20MICRONS,20200706,32.75,34.2,32.2,33.2,167877
21STCENMGM,20200706,11.25,11.4,11.15,11.15,1013
3IINFOTECH,20200706,2.55,2.55,2.5,2.5,3175086
3MINDIA,20200706,18631,19100.05,18466.95,18962.65,4528
3PLAND,20200706,6.45,6.45,6.45,6.45,10
5PAISA,20200706,231.5,247.9,229,235.25,19648
63MOONS,20200706,74.05,75,73.25,74.4,13704
A2ZINFRA,20200706,5.3,5.4,5.15,5.15,297034
AARTIDRUGS,20200706,1288,1325,1262,1320.4,87185
AARTIIND,20200706,930.2,943.9,925.55,928.05,295859
AARVEEDEN,20200706,11.2,11.7,11,11.35,3892
AARVI,20200706,36.2,36.2,36.2,36.2,500
AAVAS,20200706,1353.4,1380.5,1342.1,1368.15,63822
ABAN,20200706,27.2,30,27.2,28.35,423543
ABB,20200706,982,1017,976.2,983.4,398732
ABBOTINDIA,20200706,15780,15850,15670,15723.4,11795
ABCAPITAL,20200706,66,66.7,65.15,65.65,1946205
ABFRL,20200706,122,128.5,120.15,127.5,3682214
ABMINTLTD,20200706,13,13,13,13,30
ABSLBANETF,20200706,223.96,229.95,220,221.63,142
ABSLNN50ET,20200706,260.01,269.99,255.55,268.39,122
ACC,20200706,1317,1334.95,1307,1328,1070329
ACCELYA,20200706,935.3,948.5,928.9,945.7,47999
ACE,20200706,63.5,70,63,66.6,2528453
ADANIENT,20200706,161.95,165.2,160.5,164.2,3515715
ADANIGAS,20200706,162.65,164.65,160.15,160.95,1428485
ADANIGREEN,20200706,394.55,394.55,362.25,394.55,5078968
ADANIPORTS,20200706,365.1,366,356.1,359.45,3360577
ADANIPOWER,20200706,35.9,36.5,35.8,35.9,4527779
ADANITRANS,20200706,266.4,269.3,260.2,262.65,353908
ADFFOODS,20200706,295,307,293.6,299.95,43166
ADHUNIKIND,20200706,20.8,21.8,19.8,21.8,96383
ADORWELD,20200706,279,293.4,271.65,282.15,117747
ADROITINFO,20200706,7.95,7.95,7.25,7.75,25965
ADSL,20200706,17,17.2,16.3,16.85,41786
ADVANIHOTR,20200706,45.75,46.25,45.75,46.25,17407
ADVENZYMES,20200706,171,173.9,169.9,170.7,70187
AEGISCHEM,20200706,174.7,191.4,174.65,188.4,1890624
AFFLE,20200706,1594,1600.5,1555.05,1600.5,30186
AGARIND,20200706,78.5,82.25,76.05,82.25,60347
AGCNET,20200706,317.85,325,304,306.9,11673
AGRITECH,20200706,34.9,34.9,32.25,32.95,6415
AGROPHOS,20200706,15.6,16,14.85,14.9,79092
AHLEAST,20200706,148.65,148.65,136,139.75,722
AHLUCONT,20200706,218.8,218.8,210.15,215.05,16020
AHLWEST,20200706,278.35,278.35,259,266.5,883
AIAENG,20200706,1608.9,1625.2,1588,1607.8,129414
AIONJSW,20200706,13.9,14.15,13.5,13.85,126223
AIRAN,20200706,12.6,13.2,12.5,12.95,55447
AJANTPHARM,20200706,1417,1417,1400,1408.15,256336
AJMERA,20200706,84,86.95,82,85.4,94592
AKASH,20200706,103.15,103.15,97,100.95,13994
AKSHARCHEM,20200706,249.85,258,241.25,244.5,87313
AKSHOPTFBR,20200706,6,6,6,6,266445
AKZOINDIA,20200706,1815,1857.35,1811.3,1834.1,8953
ALANKIT,20200706,16.85,17.6,16.85,17.05,146175
ALBERTDAVD,20200706,416,416,400.35,404.4,31475
ALCHEM,20200706,5.7,5.7,5.45,5.45,37201
ALEMBICLTD,20200706,84.1,86,81.7,82.25,1223582
ALICON,20200706,260.3,298.9,259.95,277.65,13189
ALKALI,20200706,46.5,46.5,43.25,45.6,26997
ALKEM,20200706,2359.9,2363,2325,2333.6,138448
ALKYLAMINE,20200706,2259,2310.1,2242.25,2300.85,101591
ALLCARGO,20200706,85.65,97.55,85.65,93.7,707183
ALLSEC,20200706,188.65,191.3,184.1,189.65,4755
ALMONDZ,20200706,12.4,12.4,10.6,11.3,5755
ALOKINDS,20200706,50.35,50.35,50.35,50.35,4839799
ALPA,20200706,21,21,18.45,20.15,117755
ALPHAGEO,20200706,183,192.1,183,186.45,41230
ALPSINDUS,20200706,1.5,1.5,1.5,1.5,887
AMARAJABAT,20200706,690.6,715.6,682.5,712.1,1504810
AMBER,20200706,1496.9,1531.2,1476,1495.3,41285
AMBIKCO,20200706,692,697.6,675,681.25,8093
AMBUJACEM,20200706,197.75,198,193.35,193.9,2632304
AMDIND,20200706,15.9,15.9,14.95,15,22751
AMJLAND,20200706,19.3,20.45,19.3,19.85,17606
AMRUTANJAN,20200706,362.45,367.05,358.55,361.9,117298
ANANTRAJ,20200706,23.55,24.4,23.3,23.95,114953
ANDHRACEMT,20200706,8.35,8.35,8.35,8.35,91443
ANDHRAPAP,20200706,236.2,242.9,235.25,237.95,283671
ANDHRSUGAR,20200706,256,262.9,250.15,257.35,166741
ANIKINDS,20200706,16.35,16.35,16.35,16.35,35743
ANKITMETAL,20200706,0.8,0.8,0.8,0.8,2041
ANSALAPI,20200706,4.25,4.35,4.1,4.15,78166
ANSALHSG,20200706,4.4,4.45,4.1,4.2,96582
ANUP,20200706,445.25,445.25,445.25,445.25,4436
APARINDS,20200706,344.9,344.9,332,339.95,26047
APCL,20200706,139.7,142.5,135.45,139.4,24880
APCOTEXIND,20200706,136.6,137.2,130.45,133.7,88729
APEX,20200706,247,247.05,234.65,235.65,353019
APLAPOLLO,20200706,1780.1,1827.95,1745,1761.5,47214
APLLTD,20200706,896,907.95,880,887.5,223195
APOLLO,20200706,115.6,116.3,108.6,110,287956
APOLLOHOSP,20200706,1384.8,1412.85,1381.6,1410.05,684309
APOLLOPIPE,20200706,324.5,328.7,318.3,322.45,25070
APOLLOTYRE,20200706,114.8,118.2,114.7,117.8,10584603
APOLSINHOT,20200706,495,495,461.5,474.05,1276
APTECHT,20200706,100,101.85,99.65,100.25,86814
ARCHIDPLY,20200706,23.9,26.3,23.15,24.5,69357
ARCHIES,20200706,13.25,13.4,12.8,12.9,49358
ARCOTECH,20200706,4.1,4.1,3.8,3.8,378366
ARENTERP,20200706,11.25,11.25,10.7,10.7,1050
ARIES,20200706,61,63.25,61,63.25,28000
ARIHANT,20200706,16.3,16.4,15.7,16.25,3256
ARIHANTSUP,20200706,25.5,26.85,25.5,25.95,5776
ARMANFIN,20200706,475,485,466.85,479.45,29805
AROGRANITE,20200706,26.05,26.85,25.3,25.95,8977
ARROWGREEN,20200706,47.8,47.85,45.8,47.8,3509
ARSHIYA,20200706,10.75,11.25,10.3,10.65,26754
ARSSINFRA,20200706,14.5,15.65,14.5,14.6,17011
ARTEMISMED,20200706,197.7,197.7,177.95,179.3,2433
ARVIND,20200706,32.85,34.2,32.85,33.6,1622070
ARVINDF-RE,20200706,50.55,59,50.55,55.55,146661
ARVINDFASN,20200706,170.9,172.8,167.6,172.8,50235
ARVSMART,20200706,76.45,91.1,76.25,88.6,713357
ASAHIINDIA,20200706,174.35,178.45,174,176.95,32188
ASAHISONG,20200706,148.1,153,146.05,150.3,22105
ASAL,20200706,20.7,20.75,20,20.2,5725
ASALCBR,20200706,248,250.35,245.4,247,29466
ASHAPURMIN,20200706,47.9,48.35,46.3,46.65,48644
ASHIANA,20200706,66.2,68,65.95,68,154532
ASHIMASYN,20200706,5.9,6.3,5.8,6.2,24286
ASHOKA,20200706,62.3,62.95,61.2,62.15,1471833
ASHOKLEY,20200706,49.8,52,49.45,51.75,58137129
ASIANHOTNR,20200706,58.8,58.8,53.8,54.6,25116
ASIANPAINT,20200706,1708.95,1712,1692.15,1708.85,1236745
ASIANTILES,20200706,212.75,216.8,211.5,212.4,29689
ASPINWALL,20200706,125.55,133,125.35,128.5,3457
ASTEC,20200706,831.4,849,821,826,84062
ASTERDM,20200706,122,122.3,120,120.25,145276
ASTRAL,20200706,997.9,997.9,965,975,75085
ASTRAMICRO,20200706,110,114,106.5,108.15,1198131
ASTRAZEN,20200706,3539.9,3566.4,3505.95,3537.25,51030
ASTRON,20200706,40,41.05,39,39.4,51106
ATFL,20200706,545,573,539.55,567.3,21849
ATLANTA,20200706,11.1,11.6,10.55,10.8,160859
ATLASCYCLE,20200706,49.65,49.65,49.65,49.65,16293
ATNINTER,20200706,0.15,0.15,0.15,0.15,3420
ATUL,20200706,4565,4607,4495.45,4585.75,34516
ATULAUTO,20200706,168.1,175,164.6,165.7,92309
AUBANK,20200706,573,595.25,567.7,595.25,710784
AURIONPRO,20200706,50,50.7,45.7,46.55,50226
AUROPHARMA,20200706,777.85,786.6,764.5,767.9,2204399
AUSOMENT,20200706,29.55,30.75,29.5,29.95,3372
AUTOAXLES,20200706,575.35,586.35,571,574.1,8293
AUTOIND,20200706,19.45,19.75,18.5,19.15,16605
AUTOLITIND,20200706,17.75,17.75,16.75,16.85,5816
AVADHSUGAR,20200706,188.65,197.3,188.3,193.85,216250
AVANTIFEED,20200706,496,498.2,491,492.85,299367
AVTNPL,20200706,38.5,39.8,37.8,38.75,166760
AXISBANK,20200706,434.15,437.6,431.1,434,18425359
AXISCADES,20200706,62.1,62.1,56.2,62.1,488087
AXISGOLD,20200706,4300,4300,4180.05,4201.65,1255
AXISNIFTY,20200706,1128.12,1198,1118.21,1171,287
AYMSYNTEX,20200706,24.1,24.75,23.6,24.3,18688
BAFNAPH,20200706,22.4,22.4,22.4,22.4,362
BAGFILMS,20200706,2.85,2.85,2.85,2.85,208551
BAJAJ-AUTO,20200706,2942.05,2946,2884,2897.1,1126391
BAJAJCON,20200706,146.9,147,144.85,146.3,400685
BAJAJELEC,20200706,390,391.95,383,384.7,289779
BAJAJFINSV,20200706,6217,6321,6161,6285,1220298
BAJAJHIND,20200706,7.15,7.2,6.9,7.2,7655103
BAJAJHLDNG,20200706,2565,2669.95,2565,2654.45,98296
BAJFINANCE,20200706,2970,3134.65,2955,3108.8,11437602
BALAJITELE,20200706,82.45,83.95,78,78.5,195896
BALAMINES,20200706,559.1,599,545.35,584.2,1205246
BALAXI,20200706,120.5,130.7,120.5,124.25,1271
BALKRISHNA,20200706,15.6,16.4,15.6,15.65,24979
BALKRISIND,20200706,1316.1,1324.9,1298.2,1312.2,624399
BALLARPUR,20200706,1.5,1.55,1.45,1.55,6587717
BALMLAWRIE,20200706,114.75,114.75,113,114.25,208847
BALPHARMA,20200706,42.75,44.15,41.3,42.6,16989
BALRAMCHIN,20200706,131.8,142,130.7,136.1,8254934
BANARBEADS,20200706,44.8,46.5,41.5,42.85,18590
BANARISUG,20200706,1060,1097.95,1040.35,1051.4,2267
BANCOINDIA,20200706,86.5,89,85.5,85.75,381354
BANDHANBNK,20200706,351.7,359.3,349,356.95,12831651
BANG,20200706,19.25,19.25,17.65,18.05,2368
BANKBARODA,20200706,51,52,50.9,51.45,28186246
BANKBEES,20200706,223.98,225.5,223,223.67,1638520
BANKINDIA,20200706,50.55,50.95,49,49.85,3417213
BANSWRAS,20200706,78.1,80,76.7,77.95,17714
BASF,20200706,1254,1292,1248.05,1265.05,100231
BASML,20200706,97,98.95,95.1,96.15,2734
BATAINDIA,20200706,1309,1349,1307.85,1335.4,1893450
BAYERCROP,20200706,6130,6175.05,6001.3,6050.95,16454
BBL,20200706,840,850,823,828.2,29734
BBTC,20200706,1035.25,1066,1030,1060.6,141671
BCG,20200706,8.1,8.9,8.1,8.9,2349077
BCP,20200706,4.95,5,4.9,5,1018683
BDL,20200706,384.2,446.45,374.3,428.85,12559724
BEARDSELL,20200706,8.5,8.5,7.8,7.8,8828
BEDMUTHA,20200706,13.75,14.1,13.3,13.45,7668
BEL,20200706,98.2,103.55,97,102.2,44028726
BEML,20200706,660.1,678,660.05,666.45,2030403
BEPL,20200706,49.35,51.7,49.2,49.4,658751
BERGEPAINT,20200706,509,515,504.5,506.35,1512786
BFINVEST,20200706,307.5,314,303.55,305.7,26191
BFUTILITIE,20200706,201,205.9,199.05,203.75,200480
BGRENERGY,20200706,44.95,49.55,41.5,49.55,4537308
BHAGERIA,20200706,118.5,119.9,114,115.9,44756
BHAGYANGR,20200706,17.15,17.65,16.8,17.1,14171
BHAGYAPROP,20200706,22,22.4,21.15,21.65,7013
BHANDARI,20200706,1.55,1.55,1.55,1.55,44849
BHARATFORG,20200706,360.1,370,353.75,368.35,4786462
BHARATGEAR,20200706,43.45,44.9,43,44.15,17269
BHARATRAS,20200706,7605,7720,7580,7653.65,2541
BHARATWIRE,20200706,22.75,23.4,22.5,23.05,24331
BHARTIARTL,20200706,587.6,589.3,575.05,576.6,15818188
BHEL,20200706,39.05,44.4,38.8,43.55,253755560
BIGBLOC,20200706,32,32.2,29.25,30.2,2276
BIL,20200706,142,144.7,140.05,143.1,3609
BILENERGY,20200706,1.15,1.15,1.15,1.15,406005
BINDALAGRO,20200706,12,12.4,11.85,12.25,35081
BIOCON,20200706,399.05,406.35,392.65,401.85,4992143
BIOFILCHEM,20200706,13.6,13.9,13.25,13.5,16974
BIRLACABLE,20200706,52,52.5,50.2,51,38881
BIRLACORPN,20200706,613,621.1,603.35,615.6,197660
BIRLAMONEY,20200706,35,35.05,34.1,34.4,78761
BIRLATYRE,20200706,45.7,45.7,45.7,45.7,182520
BKMINDST,20200706,1.5,1.5,1.5,1.5,35845
BLBLIMITED,20200706,5.65,5.9,5.4,5.9,25754
BLISSGVS,20200706,98.4,98.4,95,95.65,231408
BLKASHYAP,20200706,5.15,5.35,5.15,5.25,286627
BLS,20200706,62.2,63.9,61.8,62,41114
BLUECOAST,20200706,4.5,4.5,4.5,4.5,444
BLUEDART,20200706,2015.35,2042.1,1997.95,2008.9,16819
BLUESTARCO,20200706,502.65,507.05,496,497.65,93050
BODALCHEM,20200706,62.95,68.7,62.8,67.4,3751380
BOMDYEING,20200706,72.8,79.1,72.8,77.5,5849553
BORORENEW,20200706,108.3,108.3,108.3,108.3,42051
BOSCHLTD,20200706,11849.9,12128,11780,12037.3,47140
BPCL,20200706,388,396.75,385.4,390.2,4963439
BPL,20200706,20.8,20.85,19.9,20,91236
BRFL,20200706,8.25,8.25,8.25,8.25,126602
BRIGADE,20200706,141,154,131.7,150.05,2244246
BRITANNIA,20200706,3560,3646,3541,3624.45,538078
BRNL,20200706,37.8,37.8,36,36.9,14531
BROOKS,20200706,29.7,29.7,28.8,29.5,9142
BSE,20200706,475,488.45,472.1,481.4,294248
BSELINFRA,20200706,1.4,1.4,1.35,1.35,2712
BSL,20200706,25.15,25.6,24.5,24.85,9948
BSLGOLDETF,20200706,4433.35,4452.8,4415,4429.95,196
BSLNIFTY,20200706,114.17,119.25,114.05,117.49,1423
BSOFT,20200706,90.7,92.7,89.55,90.55,1005934
BURNPUR,20200706,2.4,2.4,2.3,2.3,20910
BUTTERFLY,20200706,134.55,134.95,132.1,132.4,63740
BVCL,20200706,12.95,14,12.9,13,6269
BYKE,20200706,15.5,15.7,14.5,15,251848
CADILAHC,20200706,374,374,360.1,362.9,3390790
CALSOFT,20200706,9.45,9.9,8.6,9.25,90377
CAMLINFINE,20200706,56.8,56.8,55.6,56.05,1070799
CANBK,20200706,104.1,105.65,103.4,104.9,14554223
CANFINHOME,20200706,354.05,375.5,353.35,371.05,1277477
CANTABIL,20200706,299.3,301,287.05,289.05,80606
CAPACITE,20200706,113.7,114,111.9,112.45,52579
CAPLIPOINT,20200706,338,345.8,335.6,340.7,263090
CAPTRUST,20200706,84.9,84.9,80.65,83,671
CARBORUNIV,20200706,270.05,270.05,264.5,265.85,39902
CAREERP,20200706,137,139.1,136.95,137.65,20667
CARERATING,20200706,416,427.4,412.25,419.9,107154
CASTEXTECH,20200706,0.6,0.6,0.6,0.6,210800
CASTROLIND,20200706,122,125.25,122,124.35,1310263
CCCL,20200706,0.3,0.3,0.25,0.25,448847
CCHHL,20200706,3.5,3.5,3.3,3.35,44217
CCL,20200706,245.55,250,243.05,247.15,142896
CDSL,20200706,285,288.75,281.25,285.5,649211
CEATLTD,20200706,925.4,976.6,925.05,959.3,623746
CEBBCO,20200706,15.7,15.7,14.75,15.15,62003
CELEBRITY,20200706,4.95,4.95,4.65,4.8,25632
CENTENKA,20200706,176.25,184,176.25,181.55,72352
CENTEXT,20200706,4.35,4.75,4.35,4.75,1303852
CENTRALBK,20200706,17.65,17.85,17.35,17.55,1337296
CENTRUM,20200706,17.1,17.6,16.3,16.65,190789
CENTUM,20200706,307.8,342,307.8,335.45,59299
CENTURYPLY,20200706,126.7,128.7,125.1,126.8,568303
CENTURYTEX,20200706,309.35,321.45,307.15,318.1,2419407
CERA,20200706,2210,2210,2170,2184.65,1759
CEREBRAINT,20200706,28,28.9,27.7,28.7,78456
CESC,20200706,630,639,625.1,633.2,139466
CESCVENT,20200706,173.9,176.75,171.1,172.45,44364
CGCL,20200706,177.35,179.8,176,176.45,41463
CGPOWER,20200706,10.25,10.25,9.35,10.25,16586669
CHALET,20200706,132.5,137.9,132.5,137,177078
CHAMBLFERT,20200706,149.2,156.9,149.2,153.6,3588314
CHEMBOND,20200706,138.95,138.95,131.45,135.15,21523
CHEMFAB,20200706,132.05,136,130,133.75,7352
CHENNPETRO,20200706,81,82.85,80,81,1118027
CHOLAFIN,20200706,200,202,196.65,201.1,11027733
CHOLAHLDNG,20200706,304.8,312.4,304.8,311.5,41148
CHROMATIC,20200706,1.15,1.15,1.15,1.15,169329
CIGNITITEC,20200706,272.7,272.75,264.95,266.25,16700
CIMMCO,20200706,22.25,22.25,20.55,22.25,305445
CINELINE,20200706,24,24.6,23.8,24.15,6981
CINEVISTA,20200706,6.95,6.95,6.45,6.85,10964
CIPLA,20200706,640,644.25,629.2,634.6,5604898
CLEDUCATE,20200706,40,40.3,39,39.7,10871
CLNINDIA,20200706,449.65,462.7,436.4,448.25,205017
CMICABLES,20200706,38.45,38.45,36.5,36.8,134465
CNOVAPETRO,20200706,7.5,7.5,7.25,7.25,1838
COALINDIA,20200706,136.3,137.5,135.25,135.85,9491956
COCHINSHIP,20200706,311.35,336.8,309,329.45,2577895
COLPAL,20200706,1394.35,1394.95,1375,1382.75,395738
COMPINFO,20200706,12.15,12.9,11.9,12,204669
COMPUSOFT,20200706,8.6,8.8,8.4,8.45,34127
CONCOR,20200706,431.4,448.2,428.1,431.5,2893436
CONFIPET,20200706,21.4,21.8,21.05,21.3,352489
CONSOFINVT,20200706,31.8,31.8,30.7,30.7,610
CONTROLPR,20200706,207.75,207.75,200.55,202.9,23407
CORALFINAC,20200706,24.45,24.45,24.45,24.45,5468
CORDSCABLE,20200706,37.3,40.4,36.9,38.3,194779
COROMANDEL,20200706,754.95,758.8,747,749.65,359210
COSMOFILMS,20200706,320.2,335.25,319,326.25,191203
COUNCODOS,20200706,1.55,1.55,1.55,1.55,4769
CPSEETF,20200706,18,18.18,17.9,18.15,1406249
CREATIVE,20200706,75.85,75.9,72,73.8,5687
CREATIVEYE,20200706,1.65,1.7,1.65,1.7,2929
CREDITACC,20200706,540,561.8,538.45,561.8,57534
CREST,20200706,67.9,72.6,67.85,72.6,67890
CRISIL,20200706,1703.6,1735,1697.55,1730.5,14012
CROMPTON,20200706,239.8,248,235.5,246.5,1602685
CSBBANK,20200706,183.2,186.95,183,185,169935
CTE,20200706,20.5,21.4,19.9,19.9,15277
CUB,20200706,123.5,127.5,123.5,126.55,5216439
CUBEXTUB,20200706,10.85,11.3,10.4,11,12757
CUMMINSIND,20200706,415.5,433.9,411,431.15,4654555
CUPID,20200706,214.8,215.75,209.15,209.9,94390
CYBERTECH,20200706,41.25,42,41,41.15,20935
CYIENT,20200706,268.05,272,265.25,267.45,588430
DAAWAT,20200706,43.8,47.8,43.65,46.3,6890341
DABUR,20200706,470,470.1,464,465.95,1892745
DALBHARAT,20200706,725.85,731.95,711.95,718.6,100349
DALMIASUG,20200706,111,117.8,109.2,113,617072
DAMODARIND,20200706,24.2,26.75,24.2,25.3,28157
DATAMATICS,20200706,48.9,49.2,47.95,48.25,67954
DBCORP,20200706,78.35,78.35,75,75.85,252957
DBL,20200706,283.9,297,281.4,293,692251
DBREALTY,20200706,7,7.2,6.85,7.05,338581
DBSTOCKBRO,20200706,10.6,10.6,10.1,10.1,2653
DCAL,20200706,127.4,139.6,125.3,135.65,729242
DCBBANK,20200706,80.7,81.7,80.5,80.85,1572559
DCM,20200706,18.4,19,18.25,18.5,13170
DCMFINSERV,20200706,1.1,1.1,1.1,1.1,3736
DCMNVL,20200706,29.1,29.65,27.7,27.95,35634
DCMSHRIRAM,20200706,317.8,320,312,315.15,153167
DCW,20200706,13.05,13.65,13.05,13.15,618200
DECCANCE,20200706,270,320.85,270,307,886418
DEEPAKFERT,20200706,115,117,114.6,116.05,932647
DEEPAKNTR,20200706,486,524,481,516.05,1904514
DEEPIND,20200706,81.85,83.4,80,82.2,68716
DELTACORP,20200706,91.05,95.2,90,94.8,3084626
DELTAMAGNT,20200706,24.35,24.35,23.15,23.6,9219
DEN,20200706,74.95,77.75,74.9,75.8,90815
DENORA,20200706,216.05,221.3,213.05,221.3,8561
DFMFOODS,20200706,185,190,185,185.75,33149
DGCONTENT,20200706,7.7,7.7,7.7,7.7,5901
DHAMPURSUG,20200706,133.2,143.3,131.65,139.55,4457586
DHANBANK,20200706,14.05,14.45,13.85,13.95,714422
DHANUKA,20200706,739.65,741.8,721.5,726.95,57160
DHARSUGAR,20200706,7.3,7.3,7.3,7.3,1500
DHFL,20200706,16.75,16.75,16,16.15,1523388
DHUNINV,20200706,176.05,204,170.2,204,11185
DIAMONDYD,20200706,595,595.05,578,584.45,48435
DICIND,20200706,339.8,340,330.05,331.25,2379
DIGISPICE,20200706,7.35,7.35,7,7.05,13098
DISHTV,20200706,8.8,8.8,8.25,8.35,7499158
DIVISLAB,20200706,2219.9,2219.9,2157,2161.1,932523
DIXON,20200706,5960.25,6040,5925.05,5967.35,24632
DLF,20200706,153,156,152.25,154.85,5813548
DLINKINDIA,20200706,92.7,93.9,91,91.5,518996
DMART,20200706,2296,2355,2296,2323,408632
DNAMEDIA,20200706,0.75,0.75,0.75,0.75,20
DOLAT,20200706,49.9,50.75,48.7,48.95,116770
DOLLAR,20200706,129.9,137,129.9,134.65,172570
DONEAR,20200706,28.5,30.2,28.2,28.8,50365
DPSCLTD,20200706,8.95,9.35,8.95,9.25,15191
DPWIRES,20200706,54.65,55.65,54.65,55,3906
DQE,20200706,1.8,1.8,1.8,1.8,24883
DREDGECORP,20200706,286.5,288,276.5,281.9,356349
DRREDDY,20200706,3925,3940,3877,3892,569619
DSSL,20200706,23.7,24.4,23.4,23.5,6489
DTIL,20200706,162.7,179.45,155.1,175.7,61987
DUCON,20200706,4.45,4.5,4.15,4.25,46307
DVL,20200706,59.2,59.2,54.1,55.6,153839
DWARKESH,20200706,24.8,25.9,24.8,25.9,1869212
DYNAMATECH,20200706,618.95,618.95,606.7,613.4,81814
DYNPRO,20200706,158.8,160.05,155.2,159.35,27999
EASTSILK,20200706,1.2,1.2,1.2,1.2,132
EBANK,20200706,2186.2,2437,2186.2,2363.3,1035
EBBETF0423,20200706,1100,1105.95,1065.5,1072.48,19000
EBBETF0430,20200706,1100,1100.05,1090,1090.26,42571
EBIXFOREX,20200706,432,432,399.95,411.95,3420
ECLERX,20200706,507,527.9,463.1,479.6,1566381
EDELWEISS,20200706,57.6,62.05,57.6,58.1,3002983
EICHERMOT,20200706,19670,19670,19071.8,19250.95,283394
EIDPARRY,20200706,266,277.8,262.4,269.05,957236
EIHAHOTELS,20200706,250,250,242.95,244.55,3890
EIHOTEL,20200706,66.4,67.2,65,66,745095
EIMCOELECO,20200706,296.05,302,290.1,298.1,2453
EKC,20200706,18.1,18.5,17.9,18.15,95574
ELECON,20200706,25.7,29,24.65,27.9,971772
ELECTCAST,20200706,15.1,15.15,14.55,14.65,348055
ELECTHERM,20200706,111.95,111.95,106,107.95,9257
ELGIEQUIP,20200706,150.35,158,146.7,156.65,274994
ELGIRUBCO,20200706,22.15,22.15,22.15,22.15,10495
EMAMILTD,20200706,229.9,232.15,226.5,229.85,919875
EMAMIPAP,20200706,78.45,78.75,76.7,77.7,12049
EMAMIREAL,20200706,38.8,39.5,36.9,37.5,74727
EMKAY,20200706,50,50.95,47.35,50,14009
EMMBI,20200706,66.7,68.5,66.2,66.7,3155
ENDURANCE,20200706,892,916.45,880.95,906,139645
ENERGYDEV,20200706,7.75,8,7.75,7.8,51469
ENGINERSIN,20200706,75.7,76.1,74.65,74.95,2878445
ENIL,20200706,140.05,140.05,134,135.5,30899
EQ30,20200706,305,315.25,292,292,101
EQUITAS,20200706,54,54.3,52.45,53.4,12359156
ERIS,20200706,452.8,465,441.7,455.35,279085
EROSMEDIA,20200706,20.9,20.9,18.5,19,1068753
ESABINDIA,20200706,1448,1448,1401.5,1421.35,3566
ESCORTS,20200706,1066,1080,1052.25,1072.7,2466328
ESSARSHPNG,20200706,7.95,8.2,7.5,7.8,56660
ESSELPACK,20200706,183.1,187.5,180.55,184.85,61287
ESTER,20200706,56.5,57.9,55.35,56.5,267855
EUROMULTI,20200706,0.95,0.95,0.95,0.95,21003
EUROTEXIND,20200706,9.4,9.4,9.4,9.4,1
EVEREADY,20200706,85.15,88,84.05,84.9,344067
EVERESTIND,20200706,209.1,219.75,209.1,213.65,114006
EXCEL,20200706,1.1,1.1,1.05,1.05,10551
EXCELINDUS,20200706,740,747.3,723.7,728.1,36966
EXIDEIND,20200706,154.15,158.15,154.15,157.65,4900496
EXPLEOSOL,20200706,268.1,280,268.1,276.15,8089
FACT,20200706,50,50.9,48.75,50.3,695219
FAIRCHEM,20200706,580,592.5,573.6,575.2,29263
FCL,20200706,29.65,31.9,29.45,30.7,1308771
FCONSUMER,20200706,13.6,13.6,13.6,13.6,1138632
FCSSOFT,20200706,0.55,0.55,0.55,0.55,2231920
FDC,20200706,269,272,263,263.65,543968
FEDERALBNK,20200706,53.9,54.7,53.5,53.65,19060525
FEL,20200706,14.95,15.6,14.9,14.9,228426
FELDVR,20200706,16.35,16.9,16.2,16.2,39300
FIEMIND,20200706,415,447,412.55,430.6,99184
FILATEX,20200706,26.65,26.9,25.5,25.8,397738
FINCABLES,20200706,292.4,300,292.3,294.9,112263
FINEORG,20200706,1895,1927.95,1875,1915.1,46786
FINPIPE,20200706,497.15,499.15,486.05,487.9,29504
FLEXITUFF,20200706,8.75,8.75,7.95,8.6,42151
FLFL,20200706,149.75,151.55,147.55,147.55,284349
FLUOROCHEM,20200706,375,375,353.25,358.25,12702
FMGOETZE,20200706,393.15,398.7,370.05,382.4,3297
FMNL,20200706,25.3,26.5,25.2,25.2,27349
FORCEMOT,20200706,980,985.9,956.5,963.2,150610
FORTIS,20200706,128,128,123.15,123.7,3216603
FOSECOIND,20200706,1049,1049,1020.4,1036.5,786
FRETAIL,20200706,136,136.5,129.8,129.8,5388657
FSC,20200706,212.95,212.95,212.95,212.95,24489
FSL,20200706,37,38.85,36.8,38.25,4161289
GABRIEL,20200706,93.4,95.85,92.55,93.95,102660
GAEL,20200706,140.8,142.95,140.3,140.85,39803
GAIL,20200706,103.9,104.9,103.1,103.7,11071765
GAL,20200706,3.8,3.8,3.65,3.65,33159
GALAXYSURF,20200706,1611.65,1629.05,1590,1605.45,39733
GALLANTT,20200706,31.75,31.75,30.1,30.65,15028
GALLISPAT,20200706,29.1,29.65,28.05,29.15,40492
GAMMNINFRA,20200706,0.95,0.95,0.95,0.95,1996740
GANDHITUBE,20200706,194.6,196.15,188.5,193.55,6701
GANECOS,20200706,211.95,215.05,210,212.15,6667
GANESHHOUC,20200706,24.65,25.5,24.6,25.4,34987
GANGESSECU,20200706,31.5,35.45,31.45,33.75,14089
GARDENSILK,20200706,16.8,17,15.4,15.4,57705
GARFIBRES,20200706,1470,1475,1422.8,1467.65,13873
GATI,20200706,42.1,43,41.5,41.95,671444
GAYAHWS,20200706,0.4,0.4,0.4,0.4,296531
GAYAPROJ,20200706,16.1,16.45,15.3,16.2,469135
GBGLOBAL,20200706,4.95,5.15,4.75,4.75,4445
GDL,20200706,88,89.95,87.15,87.75,108584
GEECEE,20200706,69.8,70.5,66.35,68.75,4128
GEEKAYWIRE,20200706,74,74,69,71,8113
GENESYS,20200706,38.95,38.95,35.9,36.25,69254
GENUSPAPER,20200706,5.9,5.9,5.9,5.9,30641
GENUSPOWER,20200706,23.65,25.3,23.3,25.1,1217016
GEOJITFSL,20200706,37.8,38.9,37,38.1,591361
GEPIL,20200706,472,518.95,472,512,364305
GESHIP,20200706,215,219,211.8,217.5,182892
GET&D,20200706,83.8,84.4,78.45,80.9,173308
GFLLIMITED,20200706,98.25,102,98,99.7,25164
GFSTEELS,20200706,3.8,3.8,3.65,3.65,3595
GHCL,20200706,145.7,149.85,144.5,146.2,245072
GICHSGFIN,20200706,96.1,99,94.4,96.75,4022024
GICRE,20200706,154.5,154.75,151.9,152.45,218567
GILLANDERS,20200706,27.5,29.2,27.5,28.2,1476
GILLETTE,20200706,5225,5225,5081,5092.9,21387
GINNIFILA,20200706,12.2,12.8,12.2,12.2,93467
GIPCL,20200706,71.55,71.95,70.5,70.9,210741
GISOLUTION,20200706,2,2.1,2,2.1,2099
GKWLIMITED,20200706,485,495.7,450,470.25,362
GLAXO,20200706,1498,1499,1480,1482.8,23868
GLENMARK,20200706,433,436,426.6,428,2823105
GLFL,20200706,1.6,1.6,1.5,1.5,4887
GLOBALVECT,20200706,56.95,57.95,55.55,56.4,24140
GLOBOFFS,20200706,5.45,5.65,5.45,5.65,761
GLOBUSSPR,20200706,125.6,132.8,125.6,132.8,155876
GMBREW,20200706,405.1,409.95,403.15,405.2,18320
GMDCLTD,20200706,41,41.5,40.5,40.9,1095602
GMMPFAUDLR,20200706,4258.7,4268,4206,4228.45,14071
GMRINFRA,20200706,21.55,22.4,21.25,21.3,20424940
GNA,20200706,190.2,192.7,189.7,190.35,32116
GNFC,20200706,158,160.9,156.6,158.3,922519
GOACARBON,20200706,231.75,236.6,227,228.6,27877
GOCLCORP,20200706,172.15,179.75,170.5,173.2,10606
GODFRYPHLP,20200706,985.25,995.35,975,977.35,44334
GODREJAGRO,20200706,435.15,498,433.4,485.6,1122824
GODREJCP,20200706,719.9,720,702.1,707.9,1312275
GODREJIND,20200706,394.05,397.15,390.55,393.25,82363
GODREJPROP,20200706,900,908.95,880,891.95,317433
GOKEX,20200706,41.2,41.2,39.65,39.75,167062
GOKUL,20200706,19.6,19.6,18.2,18.2,65353
GOKULAGRO,20200706,15.5,15.85,14.9,15,39273
GOLDBEES,20200706,42.23,42.4,42,42.27,4200838
GOLDENTOBC,20200706,26.9,27.9,26.1,26.9,6675
GOLDIAM,20200706,105,114.5,102.5,108.9,165416
GOLDSHARE,20200706,4445,4445,4370,4388.15,1471
GOLDTECH,20200706,8.9,8.9,8.35,8.45,42849
GOODLUCK,20200706,39.25,44.1,39.1,42.6,196611
GPIL,20200706,165,167,160.25,162.8,54786
GPPL,20200706,78.5,79.9,78.4,79.05,446399
GPTINFRA,20200706,29.15,29.15,27.35,28.45,282316
GRANULES,20200706,210.7,212.8,208,209,1295471
GRAPHITE,20200706,192,193.3,187.5,188.45,296160
GRASIM,20200706,633,653.4,629.1,641.15,4059725
GRAVITA,20200706,44.2,44.95,43.05,43.55,90823
GREAVESCOT,20200706,86.5,90,85.9,88.75,2944133
GREENLAM,20200706,798.95,798.95,773.3,776.15,2554
GREENPANEL,20200706,37.9,39.7,37.3,39,23161
GREENPLY,20200706,89.25,90,87.9,88.2,145675
GREENPOWER,20200706,2.5,2.5,2.5,2.5,1200580
GRINDWELL,20200706,489.45,504,487,499.05,19528
GROBTEA,20200706,430,430,368.25,412.35,392
GRPLTD,20200706,640.05,658,640.05,658,161
GRSE,20200706,220,225.8,215.6,222.85,473196
GSCLCEMENT,20200706,32.8,33.75,32.35,33.4,1217351
GSFC,20200706,56,56.9,55.65,56.35,1495599
GSPL,20200706,222.8,226.7,219.85,226,864464
GSS,20200706,25.9,26.6,25.25,25.4,12041
GTL,20200706,1.9,1.9,1.8,1.9,128378
GTLINFRA,20200706,1.15,1.15,1.15,1.15,5723854
GTNIND,20200706,10,10,9.95,9.95,881
GTNTEX,20200706,6.3,6.5,6,6.15,13338
GTPL,20200706,70.05,73.2,70,72.4,150068
GUFICBIO,20200706,79.8,79.9,76.65,77.35,67031
GUJALKALI,20200706,335,335,331.1,332.05,41671
GUJAPOLLO,20200706,181,182.45,173.55,175.95,7713
GUJGASLTD,20200706,324.7,328,319.25,320.7,1066117
GUJRAFFIA,20200706,13,13.15,12.5,13.05,3046
GULFOILLUB,20200706,588,588.95,571.55,573.45,23522
GULFPETRO,20200706,44.1,48.5,43.2,47.3,249911
GULPOLY,20200706,36.45,36.45,34.8,35,6428
GVKPIL,20200706,2.9,2.9,2.9,2.9,2402891
HAL,20200706,856,994.6,825,953.9,3963663
HARITASEAT,20200706,371.15,388.8,365.5,378.95,2853
HARRMALAYA,20200706,75.9,79.5,73.6,76.85,225506
HATHWAY,20200706,32.15,33,31.4,32.15,1079102
HATSUN,20200706,652,672.75,652,668,14289
HAVELLS,20200706,580.2,589,578.75,582.9,1283208
HAVISHA,20200706,0.75,0.8,0.75,0.75,213801
HBLPOWER,20200706,16.95,17.25,16.6,17.05,1868643
HBSL,20200706,5.5,5.5,5.5,5.5,545
HCC,20200706,6,6.05,5.7,5.7,5450247
HCG,20200706,121.25,122.9,121.25,122.4,127409
HCL-INSYS,20200706,10.7,10.7,10.7,10.7,126145
HCLTECH,20200706,579.15,589,577.25,578.7,3288423
HDFC,20200706,1903.25,1909.25,1864.55,1868.7,5073705
HDFCAMC,20200706,2568,2618.8,2553.8,2590.3,503483
HDFCBANK,20200706,1107.95,1119.9,1100,1103,17779243
HDFCLIFE,20200706,581,591.85,576.4,584.7,4862826
HDFCMFGETF,20200706,4325.95,4347.5,4303.25,4341.1,17604
HDFCNIFETF,20200706,1113.5,1128.9,1113.5,1120.46,4383
HDFCSENETF,20200706,3771,3860,3771,3846.12,293
HEG,20200706,861,864,848.05,850.5,116222
HEIDELBERG,20200706,181.6,184.35,180.75,183,345953
HERCULES,20200706,75.9,77.5,75.4,76.15,49795
HERITGFOOD,20200706,267,268.35,261,263.25,53213
HEROMOTOCO,20200706,2750.3,2779.05,2715,2770.95,1716059
HESTERBIO,20200706,1216.35,1225.45,1207.55,1211,5695
HEXATRADEX,20200706,18,19.4,17.6,19.4,119996
HEXAWARE,20200706,334,340,332.5,335.55,880518
HFCL,20200706,15.5,15.8,14.85,15.1,5419719
HGINFRA,20200706,210.7,210.7,203,204.4,41977
HGS,20200706,680,710,672,706.25,56168
HIKAL,20200706,124.9,125,121.6,122.45,497364
HIL,20200706,1206,1208.1,1189.05,1194.6,10590
HILTON,20200706,10.3,10.8,10.2,10.3,14795
HIMATSEIDE,20200706,59,61.3,58.5,60.05,784502
HINDALCO,20200706,147.8,155.15,147.1,154.35,24254507
HINDCOMPOS,20200706,153.25,181.7,153.2,169.25,46866
HINDCOPPER,20200706,33.35,37.95,33.05,37.15,9027920
HINDMOTORS,20200706,6.65,6.65,6.3,6.3,432697
HINDNATGLS,20200706,35.6,37,34.2,35.5,8192
HINDOILEXP,20200706,64,64.45,62.4,63.75,363652
HINDPETRO,20200706,217.75,220.55,213.75,215.6,6810392
HINDUNILVR,20200706,2180,2180,2153,2161.6,2375701
HINDZINC,20200706,196.05,197.5,193.8,194.3,608397
HIRECT,20200706,128.9,132.4,127.05,130.05,17707
HISARMETAL,20200706,65.7,65.7,61.2,64.8,9771
HITECH,20200706,106.6,119.9,106.6,114.55,15095
HITECHCORP,20200706,72.65,79.8,72.65,75.3,1526
HITECHGEAR,20200706,111,112,107,109.45,3124
HLVLTD,20200706,5.4,5.4,5.05,5.25,104011
HMVL,20200706,52,52.4,51.55,52.3,19860
HNDFDS,20200706,539.95,583,515.5,583,58817
HNGSNGBEES,20200706,356.16,358,332,357.03,3310
HONAUT,20200706,29575,29900,28974.15,29810.7,1924
HONDAPOWER,20200706,997.1,1015,992.45,996,6283
HOTELRUGBY,20200706,1.8,1.8,1.8,1.8,3352
HOVS,20200706,41.35,43.7,41.35,43,2899
HPL,20200706,34.95,35.9,34.95,35.9,70628
HSCL,20200706,48.95,49.45,48.5,48.9,1090774
HSIL,20200706,52,54.4,52,53.2,387449
HTMEDIA,20200706,12.75,13.6,12.75,13.2,57340
HUBTOWN,20200706,13.65,14.65,12.5,14.65,672583
HUDCO,20200706,34.3,34.65,33.95,34.35,3198499
IBMFNIFTY,20200706,121.4,124.2,115.51,120.72,2052
IBREALEST,20200706,59.2,59.2,57.6,59.2,2561237
IBULHSGFIN,20200706,229,236.75,222,231.8,43375170
IBULISL,20200706,57,58,53.65,56.7,227856
IBVENTURES,20200706,113.25,118.8,110.05,115.9,2572437
ICICI500,20200706,141.13,142.9,139.01,142.27,3514
ICICIB22,20200706,25.81,26.35,25.81,26.07,269770
ICICIBANK,20200706,367.85,367.85,360.5,361.85,33334119
ICICIBANKN,20200706,221.92,222.49,220.11,220.45,47242
ICICIBANKP,20200706,119.99,121,117.51,119.85,10140
ICICIGI,20200706,1280,1293.65,1275.2,1287.05,185553
ICICIGOLD,20200706,42.85,43.95,42.12,43.13,1668230
ICICILIQ,20200706,1000,1000,999.99,999.99,13160
ICICILOVOL,20200706,90,90.77,87.96,88.74,2074
ICICIM150,20200706,58,58.7,58,58.47,1648
ICICIMCAP,20200706,58.5,58.5,56,57.26,6091
ICICINF100,20200706,115.2,118,115.2,117.33,4283
ICICINIFTY,20200706,113,114.15,110.73,113.6,682874
ICICINV20,20200706,53,54.99,52,53.86,6773
ICICINXT50,20200706,26,27.77,25.2,26.39,28998
ICICIPRULI,20200706,437.5,437.5,429.3,435.2,4221260
ICICISENSX,20200706,389.54,391.9,380.71,389.11,1594
ICIL,20200706,38.5,40.2,38.45,39.95,1092735
ICRA,20200706,2502.6,2544,2460,2481.65,2151
IDBI,20200706,53.55,53.55,53.55,53.55,1075821
IDBIGOLD,20200706,4539.95,4911.3,4522.15,4592.45,238
IDEA,20200706,10.1,10.1,9.75,9.8,231239132
IDFC,20200706,19.2,19.4,19.05,19.1,5172760
IDFCFIRSTB,20200706,27,27.6,27,27.2,26201722
IDFNIFTYET,20200706,109.7,109.99,107.01,109.99,737
IEX,20200706,190,195.6,189.9,190.95,660109
IFBAGRO,20200706,309,314.3,303.05,308.75,13110
IFBIND,20200706,417.25,433,417.25,427.15,104361
IFCI,20200706,7.7,7.8,7.5,7.5,3802444
IFGLEXPOR,20200706,131.35,137.75,122.35,130.95,7549
IGARASHI,20200706,285.7,297.45,284,284.55,351087
IGL,20200706,452,453.7,440.5,441.35,2589922
IGPL,20200706,154.75,164.7,153.05,157.65,103462
IIFL,20200706,74.85,74.85,71.65,73.15,745675
IIFLSEC,20200706,46.75,46.85,45.15,45.5,460981
IIFLWAM,20200706,1016,1016,976.1,986.7,5007
IITL,20200706,61.65,61.65,58.35,61.45,622
IMAGICAA,20200706,4.8,5.15,4.8,4.8,84852
IMFA,20200706,164.9,167,157.15,164.6,24278
IMPAL,20200706,529.35,531,525,526.15,879
IMPEXFERRO,20200706,0.5,0.55,0.5,0.55,86677
INDBANK,20200706,7.45,7.45,7.15,7.25,99880
INDHOTEL,20200706,81.35,82.4,80.15,81.4,1824382
INDIACEM,20200706,126,128.9,125.1,127.05,2794477
INDIAGLYCO,20200706,272.9,286.7,272.9,275.1,469850
INDIAMART,20200706,2125,2134.75,2088.7,2096.05,156247
INDIANB,20200706,65.25,65.5,64.25,64.7,1938326
INDIANCARD,20200706,89.8,91.9,88.35,89.2,1838
INDIANHUME,20200706,178.1,183.1,175.8,177.75,152086
INDIGO,20200706,1010,1033.65,1001.8,1026.75,1311012
INDLMETER,20200706,17.2,17.25,15.95,16.3,2689
INDNIPPON,20200706,295,299,290.7,293.3,11903
INDOCO,20200706,204.3,207.7,200,202.8,103586
INDORAMA,20200706,17.1,17.6,16.65,16.75,36117
INDOSTAR,20200706,270.8,273.4,265.8,266.6,12488
INDOTECH,20200706,104,106.7,101.05,103.25,44938
INDOTHAI,20200706,18.75,18.75,18,18.05,8352
INDOWIND,20200706,4,4,3.7,3.75,59172
INDRAMEDCO,20200706,51.8,54,51.5,52.4,218351
INDSWFTLAB,20200706,35.3,35.35,33.25,34.1,19182
INDSWFTLTD,20200706,3.5,3.5,3.25,3.35,36441
INDTERRAIN,20200706,31.5,31.5,30.65,30.95,89980
INDUSINDBK,20200706,498,509,493.55,495.9,24848530
INEOSSTYRO,20200706,760.35,805.15,759.95,795.8,21422
INFIBEAM,20200706,64.8,65.3,62.05,63.85,504435
INFOBEAN,20200706,90.05,92.75,88.2,90.5,28358
INFOMEDIA,20200706,4.6,4.6,4.2,4.35,37935
INFRABEES,20200706,320,322.54,314.33,321.32,683
INFRATEL,20200706,226.75,228.6,223.65,226.4,3957890
INFY,20200706,765.2,775,761.5,764,8811009
INGERRAND,20200706,636.9,636.95,628,632.65,9755
INOXLEISUR,20200706,234,237,232,232.55,238848
INOXWIND,20200706,39.25,40.2,38.8,38.9,112528
INSECTICID,20200706,438.9,442.8,428,430,82338
INSPIRISYS,20200706,22.25,23,21.2,22.6,11625
INTEGRA,20200706,0.75,0.75,0.75,0.75,200
INTELLECT,20200706,108.25,109.9,107.1,108,76777
INTENTECH,20200706,33.55,33.55,33.55,33.55,4871
INVENTURE,20200706,14,14.4,13.8,14,26486
IOB,20200706,11.15,11.3,10.7,10.75,7299132
IOC,20200706,88.05,89.35,87,87.95,13522961
IOLCP,20200706,527,547.7,519.95,538.7,2030384
IPCALAB,20200706,1660,1710,1655,1678.15,225935
IRB,20200706,99.95,109.4,99.85,108.05,6620645
IRCON,20200706,92.25,102.7,91,100.8,9479006
IRCTC,20200706,1405.5,1415.5,1394,1400.75,614933
ISEC,20200706,492,504.05,488.2,493.6,399369
ISFT,20200706,57.15,60,54.5,56.9,9137
ISMTLTD,20200706,5.55,5.55,5.05,5.55,209193
ITC,20200706,200.35,201.95,198.95,199.8,34710608
ITDC,20200706,210.05,213.65,207.35,211.15,26991
ITDCEM,20200706,53.5,54.15,52.9,53.15,220412
ITI,20200706,120.05,134.3,118,134.3,23094532
IVC,20200706,3.4,3.4,3.15,3.2,173809
IVP,20200706,40.9,44.95,40.9,44.95,7898
IVZINGOLD,20200706,4420,4420,4370,4400,203
IVZINNIFTY,20200706,1157.9,1157.9,1155,1155,14
IZMO,20200706,24.35,25.1,23.15,23.15,25700
J&KBANK,20200706,17.5,17.7,17.3,17.4,3028917
JAGRAN,20200706,40.8,41.4,40.45,40.55,572545
JAGSNPHARM,20200706,42.8,42.8,41.15,42.8,134026
JAIBALAJI,20200706,23.45,23.45,22,22.4,31649
JAICORPLTD,20200706,97.45,102.8,97.45,98.65,8683373
JAINSTUDIO,20200706,2.8,2.8,2.8,2.8,1239
JAMNAAUTO,20200706,33.05,34.4,32.55,33.75,2199035
JASH,20200706,167,168.85,155,155.65,13717
JAYAGROGN,20200706,98,100,94.2,97.9,6016
JAYBARMARU,20200706,198.6,203,196.15,201.3,27953
JAYNECOIND,20200706,3.8,3.95,3.65,3.65,32451
JAYSREETEA,20200706,49,50.4,47.8,50.4,376641
JBCHEPHARM,20200706,718.75,733.8,717,719.35,415602
JBFIND,20200706,11.75,11.75,11.25,11.25,43094
JBMA,20200706,221.7,221.85,204.2,216.2,40044
JCHAC,20200706,2280,2304.75,2245,2267.9,7246
JHS,20200706,15.65,15.65,15.65,15.65,28806
JINDALPHOT,20200706,16.5,16.5,15.25,15.5,16453
JINDALPOLY,20200706,387.8,409.4,386.05,403.8,228822
JINDALSAW,20200706,61.1,65,61.1,64.05,8575830
JINDALSTEL,20200706,156,160.2,154.1,156.95,15574972
JINDRILL,20200706,75,75,70.25,73.75,16726
JINDWORLD,20200706,48,50.2,47.5,50.1,43782
JISLDVREQS,20200706,12.8,12.8,12.8,12.8,30209
JISLJALEQS,20200706,12.65,12.65,12.65,12.65,574749
JITFINFRA,20200706,8,8,7.6,7.6,7690
JIYAECO,20200706,14.3,14.3,13,14.3,765653
JKCEMENT,20200706,1411,1492,1400,1454.05,198983
JKIL,20200706,101.9,108.5,100.5,104.2,1013119
JKLAKSHMI,20200706,279,286,269.6,284.85,599987
JKPAPER,20200706,100.9,113.25,100.4,105.75,8275335
JKTYRE,20200706,64.8,69.6,64.5,67.95,3161050
JMA,20200706,21.2,22.15,21,21.5,17078
JMCPROJECT,20200706,53.25,53.55,51.6,52.35,115311
JMFINANCIL,20200706,73.9,74.6,73.6,74.05,1107392
JMTAUTOLTD,20200706,5.7,5.7,5.7,5.7,111795
JOCIL,20200706,152.45,152.45,145.95,147.5,15449
JPASSOCIAT,20200706,3,3,2.8,2.8,24684572
JPINFRATEC,20200706,2.1,2.1,1.9,1.9,2714649
JPOLYINVST,20200706,16.5,17,16.15,16.3,3683
JPPOWER,20200706,2.25,2.3,2.1,2.1,41056837
JSL,20200706,40.7,41.15,39.8,40.35,638508
JSLHISAR,20200706,69.95,72.9,68.9,71.2,357309
JSWENERGY,20200706,49.1,49.8,48.45,48.9,918744
JSWHL,20200706,1932.05,1975,1932,1958.6,902
JSWSTEEL,20200706,192.15,195.25,190.5,193.75,10803795
JTEKTINDIA,20200706,68.05,68.75,67.3,67.95,201079
JUBILANT,20200706,688,694,675.1,676.9,211638
JUBLFOOD,20200706,1748,1750.1,1716.7,1736.55,342707
JUBLINDS,20200706,109,109,105,106.5,11295
JUMPNET,20200706,60.6,61.3,59.8,60.5,986092
JUNIORBEES,20200706,276,277.92,270.1,273.28,54629
JUSTDIAL,20200706,384,389,382,384.3,3271181
JYOTHYLAB,20200706,122.1,128,122.05,125.05,860865
KABRAEXTRU,20200706,54,56.3,52.8,54.25,18295
KAJARIACER,20200706,405.3,408,398.05,401.1,156855
KAKATCEM,20200706,147,148.85,142.05,148.5,42647
KALPATPOWR,20200706,239.9,258,237.5,255.15,2457512
KALYANIFRG,20200706,134.55,141.75,132,139,2340
KAMATHOTEL,20200706,29.2,30.9,28.55,29.35,596505
KAMDHENU,20200706,70.55,73,70.5,70.6,10413
KANANIIND,20200706,4.05,4.05,3.95,3.95,611
KANORICHEM,20200706,33.6,34.2,33,33.4,15458
KANSAINER,20200706,447.4,452.9,445.2,450.75,314126
KAPSTON,20200706,93.9,93.9,91,91.45,382
KARDA,20200706,63.75,63.75,63.7,63.75,185568
KARMAENG,20200706,13.15,13.15,12.05,12.6,7770
KARURVYSYA,20200706,34.15,34.5,33.6,33.95,1680948
KAUSHALYA,20200706,0.8,0.85,0.8,0.85,38432
KAYA,20200706,220.25,223.2,212.4,214.9,22260
KCP,20200706,47.45,51.5,47.3,51.15,1541084
KCPSUGIND,20200706,14.25,16.65,14.2,15.9,1716845
KDDL,20200706,157,157,154.6,156.5,1211
KEC,20200706,278.3,296.7,276.2,288.95,1351077
KECL,20200706,12.25,12.75,11.65,12.5,170947
KEI,20200706,357.1,359,349,353.85,172565
KELLTONTEC,20200706,15,15.65,15,15.25,49022
KENNAMET,20200706,774,783.85,765,770.45,4397
KERNEX,20200706,19.6,19.6,19.6,19.6,2103
KESORAMIND,20200706,34.85,36.45,34.5,35.35,221383
KEYFINSERV,20200706,38.15,38.15,34.8,37.9,225
KHADIM,20200706,129.7,129.7,129.7,129.7,33350
KHANDSE,20200706,10.55,10.55,10,10.3,3329
KICL,20200706,1251.1,1289,1225.05,1253.45,648
KILITCH,20200706,96.5,96.5,90.15,92.6,7601
KINGFA,20200706,418.9,424.45,413.05,422.85,11525
KIOCL,20200706,104.45,105.75,100,100.9,9443
KIRIINDUS,20200706,454.5,467.3,453.1,457.3,184867
KIRLFER,20200706,70.85,77,69.3,74.25,141586
KIRLOSBROS,20200706,112.2,116.95,112.2,114.25,76651
KIRLOSENG,20200706,111.85,114,111.5,112.55,46652
KIRLOSIND,20200706,690,705,656.05,661.35,2022
KITEX,20200706,108.85,111.7,108.2,110.45,83700
KKCL,20200706,758,758,735.4,741.4,4749
KMSUGAR,20200706,8.8,9.5,8.5,9.05,1203217
KNRCON,20200706,215,219.7,210.3,217.3,301357
KOKUYOCMLN,20200706,58.6,59,57.1,58.05,128616
KOLTEPATIL,20200706,160,165.5,160,164.3,72863
KOPRAN,20200706,34.6,34.6,33.35,33.6,82385
KOTAKBANK,20200706,1370,1381.25,1361,1367.9,3248093
KOTAKBKETF,20200706,224.5,226.12,223.78,224.34,153752
KOTAKGOLD,20200706,423.85,425.5,422.05,424.25,40479
KOTAKNIFTY,20200706,110.33,111.78,110.33,111.15,561598
KOTAKNV20,20200706,54,54.9,54,54.81,18137
KOTAKPSUBK,20200706,145.4,147,144.02,146.77,9873
KOTARISUG,20200706,13.55,14.3,13.55,13.9,362350
KOTHARIPET,20200706,16.45,16.45,15.5,15.85,54321
KOTHARIPRO,20200706,67.2,67.2,63.05,64.8,5452
KPITTECH,20200706,60.8,63.6,60.75,61,309454
KPRMILL,20200706,499.95,515,485.15,506.05,26709
KRBL,20200706,268,278.8,265.3,274.15,1085614
KREBSBIO,20200706,73.35,75,71.85,73.1,21616
KRIDHANINF,20200706,4.4,4.4,4.4,4.4,25626
KRISHANA,20200706,48.05,50,46,46,402
KSB,20200706,475,502.8,472.25,492,45598
KSCL,20200706,588.4,589.8,574.15,580.35,150839
KSERASERA,20200706,0.4,0.4,0.4,0.4,4614848
KSK,20200706,0.8,0.8,0.8,0.8,144986
KSL,20200706,203.5,212.25,201.1,210.6,120767
KTKBANK,20200706,42.35,42.85,42.35,42.6,1532925
KUANTUM,20200706,430.4,449.75,415,443.35,2835
KWALITY,20200706,4.85,4.85,4.85,4.85,234348
L&TFH,20200706,68.45,71.2,68.3,69.95,19410084
LAKSHVILAS,20200706,23.25,23.25,23.25,23.25,544551
LALPATHLAB,20200706,1630,1680,1630,1666.65,275799
LAMBODHARA,20200706,28.75,28.8,27.25,27.35,11762
LAOPALA,20200706,191.6,198,190,194.65,202125
LASA,20200706,43,44.9,42.4,42.4,52905
LAURUSLABS,20200706,535,550,530.6,547.1,1175060
LAXMIMACH,20200706,2893.8,2893.8,2842,2856.2,2566
LEMONTREE,20200706,24.25,24.3,23.6,23.65,2118835
LFIC,20200706,65.85,65.85,65.85,65.85,10353
LGBBROSLTD,20200706,240,245.85,236.3,238.85,19921
LGBFORGE,20200706,2.7,2.75,2.65,2.65,19054
LIBAS,20200706,49.5,50.95,49.5,50.75,7349
LIBERTSHOE,20200706,150.85,150.95,142.15,143.65,1493892
LICHSGFIN,20200706,276.8,278.5,275.15,276.7,2916425
LICNETFGSC,20200706,21.28,22.38,21.15,21.52,5618
LICNETFN50,20200706,109.88,116,108.6,113.12,4431
LICNETFSEN,20200706,391.5,407.95,375.6,403.3,433
LICNFNHGP,20200706,110.61,115,110.61,115,562
LINCOLN,20200706,163,166.1,161,165.2,43313
LINCPEN,20200706,173.45,176,170.5,171.5,9489
LINDEINDIA,20200706,623,638.35,604.15,618.4,44961
LIQUIDBEES,20200706,999.9,1000.01,999.9,999.99,830058
LIQUIDETF,20200706,999.99,1000.01,999.99,999.99,9771
LOKESHMACH,20200706,27.5,29.3,25.5,26.85,576303
LOTUSEYE,20200706,33.4,33.4,31,32,5997
LOVABLE,20200706,55.25,55.25,53.6,54,26527
LPDC,20200706,1.6,1.6,1.55,1.55,3219
LSIL,20200706,1.3,1.3,1.3,1.3,1021137
LT,20200706,953.1,959.5,946.65,951.2,3901314
LTI,20200706,1995.25,2010,1981.95,2000.45,225866
LTTS,20200706,1306,1315,1295,1299.8,59898
LUMAXIND,20200706,1260,1298,1225,1233.25,14641
LUMAXTECH,20200706,95.5,97,92.3,93.15,88252
LUPIN,20200706,896,899.45,873,875.55,2750678
LUXIND,20200706,1147.8,1205.95,1145,1192.95,111374
LYKALABS,20200706,21,21,20,20.55,17147
LYPSAGEMS,20200706,3.65,3.65,3.5,3.5,46370
M&M,20200706,533.65,573.55,533.65,570.55,16728409
M&MFIN,20200706,184,187.45,182,182.85,8456228
M100,20200706,16.06,16.06,15.61,15.97,121569
M50,20200706,104,105.3,101.23,105,4994
MAANALU,20200706,59.25,60.7,58.7,58.95,13668
MADHAV,20200706,24.8,24.8,23.1,23.45,2973
MADHUCON,20200706,2.7,2.7,2.7,2.7,2995
MADRASFERT,20200706,19.45,20,19.45,19.95,306987
MAGADSUGAR,20200706,135.9,138.55,131.1,133.2,116472
MAGMA,20200706,22.15,22.15,22.15,22.15,276187
MAGNUM,20200706,5.1,5.35,5.05,5.35,37489
MAHABANK,20200706,11,11.05,10.8,10.85,1793725
MAHAPEXLTD,20200706,71.25,75.9,71.25,74.35,761
MAHASTEEL,20200706,77,79.95,75.05,75.75,9007
MAHEPC,20200706,146.1,155,145,149.4,322971
MAHESHWARI,20200706,173.8,173.8,167.2,168.5,15568
MAHINDCIE,20200706,117.95,118,112.65,116.95,47834
MAHLIFE,20200706,216.5,216.5,212.15,213.8,152381
MAHLOG,20200706,281.85,286,281.05,282.9,46243
MAHSCOOTER,20200706,2548,2677,2548,2637.3,26913
MAHSEAMLES,20200706,226,230,223.1,224.15,80105
MAITHANALL,20200706,473,480.55,463.15,465.05,25773
MAJESCO,20200706,372.85,379.45,364,367.5,12964
MALUPAPER,20200706,31.7,32.25,30.65,30.9,60845
MAN50ETF,20200706,108.55,109.3,108.3,109.12,27313
MANAKALUCO,20200706,9.15,9.2,8.85,9.2,48691
MANAKCOAT,20200706,6,6,5.9,5.95,5843
MANAKSIA,20200706,36.15,37.2,35.45,36.5,17620
MANAKSTEEL,20200706,10.4,10.65,9.95,10.6,84200
MANALIPETC,20200706,19.25,19.7,18.1,19.3,252498
MANAPPURAM,20200706,162,162.95,159.3,161.6,4889414
MANGALAM,20200706,70.7,71,67.85,67.9,50660
MANGCHEFER,20200706,35.5,37,35.5,36.35,582551
MANGLMCEM,20200706,197,205,195.5,202.35,261473
MANGTIMBER,20200706,8,8.6,7.85,8.2,2556
MANINDS,20200706,48.75,49.9,46.65,47.2,260988
MANINFRA,20200706,18.75,19.85,18.5,19.2,397950
MANUGRAPH,20200706,10.45,10.45,9.95,9.95,2162
MANXT50,20200706,264,266,262.45,262.6,4588
MARALOVER,20200706,12.9,13.5,12.9,13.05,2472
MARATHON,20200706,51.1,53,50.55,52.7,7361
MARICO,20200706,354.4,354.4,342.75,352.1,5867158
MARKSANS,20200706,34.4,34.85,33.7,34.05,1355803
MARUTI,20200706,5963.45,6147.7,5925,6123.6,1385087
MASFIN,20200706,635,654,629,641.15,14361
MASKINVEST,20200706,40.15,40.15,40.15,40.15,3702
MASTEK,20200706,395.35,406,395,395.85,77966
MATRIMONY,20200706,389.9,399.25,365.6,376.75,1999
MAWANASUG,20200706,28.5,31.2,28.5,30.9,120161
MAXVIL,20200706,35.5,36.2,34.8,35.25,71772
MAYURUNIQ,20200706,229,232,223.2,230.3,109497
MAZDA,20200706,305.65,325,305.6,320.35,16174
MBAPL,20200706,64,66.2,64,66,4337
MBECL,20200706,5.75,5.9,5.5,5.5,13915
MBLINFRA,20200706,6.15,6.4,5.9,6.3,27649
MCDHOLDING,20200706,25.85,26,24.5,24.6,49419
MCDOWELL-N,20200706,590.2,598,585.2,588.95,3088968
MCLEODRUSS,20200706,8.45,8.45,8.45,8.45,219334
MCX,20200706,1286.4,1309.95,1275,1279.3,258394
MEGASOFT,20200706,6.5,7.1,6.5,7.05,160102
MEGH,20200706,53.5,54.75,53.25,53.75,1648115
MENONBE,20200706,40.45,42.8,40.45,42.45,107304
MEP,20200706,20.9,20.9,19.3,20.9,80691
MERCATOR,20200706,1.5,1.5,1.5,1.5,325450
METALFORGE,20200706,5.65,5.65,5.25,5.6,15010
METROPOLIS,20200706,1370.25,1387,1365,1377.75,62026
MFSL,20200706,561,566.95,555.6,559.95,1124970
MGL,20200706,1080,1088.15,1068.6,1073.55,460284
MHRIL,20200706,179.7,186.7,178.05,179.35,68815
MIC,20200706,1.05,1.05,1.05,1.05,2060
MIDHANI,20200706,214.8,217.7,211,215.1,1514967
MINDACORP,20200706,71.35,72.5,70.55,71.6,1018052
MINDAIND,20200706,290,302.55,288.05,299.2,820434
MINDTECK,20200706,23.7,24.75,23.65,24.2,48597
MINDTREE,20200706,946,964,928.55,960.6,1218852
MIRCELECTR,20200706,7.25,7.65,7.05,7.15,446726
MIRZAINT,20200706,53.75,55.65,52.1,52.65,3667773
MITTAL,20200706,106.3,106.3,106.3,106.3,1380
MMFL,20200706,190.9,190.95,186.3,189.65,23228
MMP,20200706,74,74,70.1,70.8,18599
MMTC,20200706,17.4,18.85,17.25,18.45,6816920
MODIRUBBER,20200706,32.35,32.35,31.05,32,508
MOHOTAIND,20200706,16.25,17.7,16.25,16.25,14707
MOIL,20200706,149.9,155.65,148.5,153.05,2491014
MOLDTECH,20200706,36.9,36.9,36.05,36.4,10153
MOLDTKPAC,20200706,210,210,205.3,206.2,33407
MONTECARLO,20200706,158.1,164.65,157,160.75,48941
MORARJEE,20200706,11.9,12.35,11.75,11.75,8541
MOREPENLAB,20200706,23.4,25.3,23.4,23.95,2780209
MOTHERSUMI,20200706,99,101.85,98,99.1,24153482
MOTILALOFS,20200706,602.55,625,602,620.65,91363
MOTOGENFIN,20200706,21,22.5,20.55,20.6,10620
MPHASIS,20200706,888.8,915,880.3,910.85,132125
MPSLTD,20200706,303.8,322,295.7,303.25,32413
MRF,20200706,66601,67550,66350,67333.55,10688
MRO-TEK,20200706,21.95,23.7,21.8,21.9,676
MRPL,20200706,36.85,37.35,36.4,36.65,1021891
MSPL,20200706,6.7,6.9,6.5,6.65,6457
MSTCLTD,20200706,139.15,147.5,136.55,137.55,636314
MTEDUCARE,20200706,15.45,15.45,14.25,14.8,268796
MTNL,20200706,9.15,9.9,8.65,9.9,4482620
MUKANDENGG,20200706,9.7,9.7,9.25,9.25,350
MUKANDLTD,20200706,20.45,21.7,19.9,21.55,19002
MUKTAARTS,20200706,21.5,22.6,21.4,22.6,4666
MUNJALAU,20200706,51.2,51.8,50.65,51,294201
MUNJALSHOW,20200706,105.6,108.2,105.15,106,29149
MURUDCERA,20200706,16.85,17.15,16.5,16.85,80286
MUTHOOTCAP,20200706,410.9,412,388,396.25,42024
MUTHOOTFIN,20200706,1166.35,1169.6,1128.5,1134.35,1791455
N100,20200706,777.7,777.7,764,767.79,30989
NACLIND,20200706,39,40,37.5,39.7,216720
NAGAFERT,20200706,5.95,6,5.8,5.9,341016
NAGREEKCAP,20200706,5.7,5.7,5.5,5.5,425
NAGREEKEXP,20200706,14.45,14.45,13.2,13.35,4239
NAHARCAP,20200706,62,65.8,62,64.85,2005
NAHARINDUS,20200706,26.55,27.95,26.55,27.55,6248
NAHARPOLY,20200706,63.65,63.65,59.55,60.4,49644
NAHARSPING,20200706,35.75,38.3,35.15,36.55,18332
NAM-INDIA,20200706,316.5,317.65,309.45,312.95,959276
NATCOPHARM,20200706,667,698.4,667,690.55,831259
NATHBIOGEN,20200706,334.95,334.95,321.3,325.2,19103
NATIONALUM,20200706,32.5,33.55,32.35,33.35,12193764
NATNLSTEEL,20200706,4.05,4.05,3.9,3.9,600
NAUKRI,20200706,2784.95,2810.95,2772,2782.7,253000
NAVINFLUOR,20200706,1688.95,1725,1682.1,1716.8,132726
NAVKARCORP,20200706,26.55,27.2,26.3,26.4,257660
NAVNETEDUL,20200706,78.4,80.2,78.4,79.8,110262
NBCC,20200706,24.5,25.45,24.5,25.25,20995851
NBIFIN,20200706,1610,1689,1610,1649.7,242
NBVENTURES,20200706,53.35,54.9,53.15,53.55,354913
NCC,20200706,31,32.6,30.55,32.1,38516415
NCLIND,20200706,72.35,75.65,71.5,74.45,421630
NDGL,20200706,480,524.1,474.1,515.5,119
NDL,20200706,20.25,21.2,20,20.5,29744
NDTV,20200706,36.55,37.2,36.05,36.4,30871
NECCLTD,20200706,14.4,14.4,13.9,14.15,365960
NECLIFE,20200706,22.25,23.75,22.25,22.8,713540
NELCAST,20200706,50.65,51.85,49.5,49.9,357345
NELCO,20200706,209.25,227,205,223.05,695273
NEOGEN,20200706,530,531.95,511,519.05,24745
NESCO,20200706,436.7,438,429.45,431.35,35073
NESTLEIND,20200706,16755,16842,16686.95,16802,98338
NETF,20200706,104.99,108,104.99,107.01,451
NETFCONSUM,20200706,50.9,52.6,50.86,52.5,16046
NETFDIVOPP,20200706,27.12,27.2,26.39,27.2,884
NETFIT,20200706,15.5,18.16,15.41,15.55,33643
NETFLTGILT,20200706,21.8,23.8,21.8,21.94,127385
NETFMID150,20200706,57.89,58.75,57.54,58.72,76762
NETFNIF100,20200706,113.75,118.82,113.24,115.89,893
NETFNV20,20200706,54.01,55.5,54.01,55.47,43541
NETWORK18,20200706,40.95,42,40.5,40.65,1387155
NEULANDLAB,20200706,540,540,509.65,529.75,141356
NEWGEN,20200706,148,151.8,147.85,149.8,27155
NEXTMEDIA,20200706,6.35,6.9,6.35,6.35,8802
NFL,20200706,36.3,36.9,34,36.9,13853738
NH,20200706,275.1,281.75,267.7,277.25,104695
NHPC,20200706,20.9,20.9,20.6,20.65,3145871
NIACL,20200706,119.15,119.95,118.1,118.5,269876
NIBL,20200706,8,8,7.75,7.95,11106
NIFTYBEES,20200706,113.88,114.56,112.8,114.28,2874054
NIFTYEES,20200706,12750,13671,12750,13670,10
NIITLTD,20200706,91.55,92.7,90.7,91.75,483338
NIITTECH,20200706,1431,1461.7,1425.05,1436.25,328947
NILAINFRA,20200706,4.4,4.7,4.15,4.2,278906
NILASPACES,20200706,1.15,1.15,1.15,1.15,37883
NILKAMAL,20200706,1139.4,1145,1130,1136.65,6764
NIPPOBATRY,20200706,568.8,570,540.3,543.35,2038
NITCO,20200706,17.75,17.75,17.1,17.35,31957
NITINSPIN,20200706,40.75,40.75,38.55,39.25,119216
NKIND,20200706,28.35,28.35,25.65,25.65,498
NLCINDIA,20200706,47.2,47.8,46.45,46.8,2970200
NMDC,20200706,83.15,85.75,83.05,85,6147325
NOCIL,20200706,90.3,92.9,89.6,92.25,2628957
NOIDATOLL,20200706,3.65,3.8,3.5,3.75,103297
NORBTEAEXP,20200706,3.05,3.05,3.05,3.05,50
NPBET,20200706,121.29,121.29,120.01,120.71,51
NRAIL,20200706,216.2,226.95,213.7,217.5,47853
NRBBEARING,20200706,85.05,85.75,83.55,83.95,231667
NSIL,20200706,653.95,671.95,653.95,663.95,406
NTL,20200706,0.95,0.95,0.95,0.95,15884
NTPC,20200706,95.9,96.4,94.85,95.2,11830916
NUCLEUS,20200706,273.85,279,273,274.5,82310
NXTDIGITAL,20200706,396.75,405,396.7,403.25,585
OAL,20200706,278,300,262.25,268.6,297457
OBEROIRLTY,20200706,366.4,382,362.65,371.95,669854
OCCL,20200706,820,834.9,811.2,822.05,13040
OFSS,20200706,2865,2892.95,2840,2857.6,16390
OIL,20200706,98.9,99.5,97.75,99.2,806495
OILCOUNTUB,20200706,4.85,5.2,4.85,5.05,33701
OISL,20200706,3.75,3.85,3.55,3.7,74903
OLECTRA,20200706,68.35,69.85,65.3,66.9,119416
OMAXAUTO,20200706,36.1,36.1,34.6,34.9,13042
OMAXE,20200706,97.85,97.85,97.85,97.85,54228
OMKARCHEM,20200706,6.4,6.5,6.1,6.1,12316
OMMETALS,20200706,17.15,17.15,16.1,16.45,21363
ONELIFECAP,20200706,6.15,6.15,5.8,5.9,9558
ONEPOINT,20200706,13,13.45,12.55,12.9,22612
ONGC,20200706,83.05,84.9,82.8,83.75,17511379
ONMOBILE,20200706,29.15,29.15,28.25,28.35,99519
ONWARDTEC,20200706,68.4,68.4,60.15,64.3,20901
OPTIEMUS,20200706,23.65,23.65,21.75,22.2,18424
OPTOCIRCUI,20200706,16.95,16.95,16.95,16.95,221505
ORBTEXP,20200706,69.9,73.85,69,70.5,157102
ORICONENT,20200706,17.7,17.95,17,17.05,69349
ORIENTABRA,20200706,19.05,20,18.25,18.85,89643
ORIENTALTL,20200706,16.85,17.3,16.85,17.15,387959
ORIENTBELL,20200706,83.8,84.15,82.9,83.15,27804
ORIENTCEM,20200706,70.25,71.6,70,70.6,232698
ORIENTELEC,20200706,194.3,194.5,186.3,186.95,339021
ORIENTHOT,20200706,20.25,20.4,19.05,20.1,34119
ORIENTLTD,20200706,78.75,78.75,78.75,78.75,50
ORIENTPPR,20200706,20,21.15,19.95,20.2,926893
ORIENTREF,20200706,173,180,170.5,172.5,61559
ORISSAMINE,20200706,1612,1628.2,1584.95,1592.55,5503
ORTINLABSS,20200706,14.25,15.55,14.25,14.75,35814
OSWALAGRO,20200706,11.45,11.45,11.45,11.45,55717
PAEL,20200706,2.25,2.25,2.2,2.2,3104
PAGEIND,20200706,20721.7,20990,20490,20538.45,25156
PAISALO,20200706,221,221,214,216.7,856
PALASHSECU,20200706,26.1,26.1,25.9,25.9,1424
PALREDTEC,20200706,22.35,22.35,20.25,22.35,38088
PANACEABIO,20200706,201.9,202,195.5,196.45,82175
PANACHE,20200706,41.95,41.95,37.55,41.6,1880
PANAMAPET,20200706,42.5,43.25,40.5,41.6,15972
PAPERPROD,20200706,213.7,214.4,204.35,208.4,140231
PARACABLES,20200706,7.8,8.05,7.6,7.8,114758
PARAGMILK,20200706,96.6,97.75,94.55,95.05,322276
PARSVNATH,20200706,3.4,3.45,3.4,3.4,25063
PATELENG,20200706,16.15,17.1,15.25,16.6,1252701
PATINTLOG,20200706,23.15,23.95,21.6,22.1,89525
PATSPINLTD,20200706,6.55,6.55,6.25,6.4,1071
PCJEWELLER,20200706,16.9,16.9,16.3,16.45,1529379
PDMJEPAPER,20200706,14.75,16,14.4,15.15,138640
PDSMFL,20200706,292,320,277.5,303.5,11720
PEARLPOLY,20200706,16.5,17,15.8,16.5,5648
PEL,20200706,1420,1429.35,1402.45,1413.25,1014734
PENIND,20200706,17.9,18.2,17.6,17.95,115775
PENINLAND,20200706,4.1,4.2,4,4.2,192216
PERSISTENT,20200706,640.1,654.3,639.15,651.35,90249
PETRONET,20200706,272.75,277.15,272.2,274.5,2845539
PFC,20200706,84.55,88.5,84.3,87.7,19166233
PFIZER,20200706,4150,4159.7,4085,4106.85,54992
PFOCUS,20200706,25.9,25.9,24.1,25.55,39221
PFS,20200706,13.7,13.95,13.45,13.6,937631
PGEL,20200706,42.35,43.5,42.3,43.05,12821
PGHH,20200706,10367,10399.9,10211.8,10319.65,3837
PGHL,20200706,4062.5,4311.15,4059,4252.75,48276
PGIL,20200706,103.6,106.7,101.85,103.25,9888
PHILIPCARB,20200706,109.9,112.5,106.2,109.35,3623466
PHOENIXLTD,20200706,565,584.95,562.3,583.2,64037
PIDILITIND,20200706,1395,1409,1387,1389.35,726731
PIIND,20200706,1583.2,1667.3,1581.05,1637.9,428509
PILANIINVS,20200706,1379.95,1390,1365,1376.85,1347
PILITA,20200706,6.05,6.15,5.9,6.05,86288
PIONDIST,20200706,116.9,116.9,112.45,114.2,2010
PIONEEREMB,20200706,24.75,25.2,23.15,23.75,9500
PITTIENG,20200706,30.15,32.2,29.7,31.3,43869
PKTEA,20200706,100,105,100,105,665
PLASTIBLEN,20200706,167.15,179.5,162,176.75,55130
PNB,20200706,36.25,37.3,36,37.1,36393791
PNBGILTS,20200706,38.05,38.4,37.35,38,455181
PNBHOUSING,20200706,210.5,215,210.4,211,460787
PNC,20200706,16,16.7,15,16.05,20851
PNCINFRA,20200706,158.35,158.35,153.2,154.35,242391
PODDARHOUS,20200706,204.35,204.35,190.4,200,651
PODDARMENT,20200706,152,156,150,154.25,9771
POKARNA,20200706,136.8,136.9,136.8,136.9,65634
POLYCAB,20200706,845,853.65,840,844.3,219885
POLYMED,20200706,310.6,311.8,306,307.05,66053
POLYPLEX,20200706,506.65,538,502.55,532.55,258019
PONNIERODE,20200706,152.25,158.5,151.15,154.6,11367
POWERGRID,20200706,178.4,178.7,175.8,178,6595019
POWERINDIA,20200706,845,869.9,843.1,849.75,40513
POWERMECH,20200706,475,504,471.2,486.55,384206
PPAP,20200706,173.9,184.85,168.45,171.75,180357
PPL,20200706,56.55,60,56.55,57.9,82709
PRABHAT,20200706,71.1,73.9,71.1,73.45,32318
PRADIP,20200706,1,1,0.9,0.9,3634
PRAENG,20200706,6.2,6.6,6.2,6.4,8578
PRAJIND,20200706,64.3,67.9,63.7,66.2,4405195
PRAKASH,20200706,35.3,35.9,35.05,35.5,377554
PRAKASHSTL,20200706,1.8,1.8,1.8,1.8,166723
PRAXIS,20200706,41.05,41.05,37.15,37.4,17362
PRECAM,20200706,30.7,30.7,29.7,29.9,533785
PRECOT,20200706,24.5,25,23.1,24.25,1273
PRECWIRE,20200706,101.1,102.9,101.05,101.8,8675
PREMEXPLN,20200706,114.7,114.7,114.6,114.7,10618
PREMIER,20200706,1.85,1.85,1.85,1.85,840
PREMIERPOL,20200706,22.85,25.7,22.85,25,42746
PRESSMN,20200706,21.7,21.7,19.45,19.8,37732
PRESTIGE,20200706,206.65,225.8,205.1,218.35,1427450
PRICOLLTD,20200706,39.85,40.95,39.5,39.95,90319
PRIMESECU,20200706,51.4,51.5,50,51.1,113103
PRINCEPIPE,20200706,114,115.8,112.6,114.1,218244
PROSEED,20200706,0.55,0.55,0.55,0.55,23528
PROZONINTU,20200706,19.7,20.75,19.5,20.1,150333
PRSMJOHNSN,20200706,44.5,48.4,44.5,48.4,489246
PSB,20200706,14,14.3,14,14.05,359302
PSL,20200706,0.6,0.65,0.6,0.6,48959
PSPPROJECT,20200706,424,424,410,416.3,24946
PSUBNKBEES,20200706,16.05,16.35,15.95,16.22,294657
PTC,20200706,49.45,49.7,49.25,49.35,1472331
PTL,20200706,33.5,34.8,33.3,34,22896
PUNJABCHEM,20200706,489,489,461.95,468.7,1722
PURVA,20200706,41.95,49.5,41.9,48.75,653933
PVR,20200706,1037,1047,1026.05,1043.8,1070303
QGOLDHALF,20200706,2110,2115,2093,2102.75,3606
QNIFTY,20200706,1098,1110,1098,1110,39
QUESS,20200706,346.5,355,340,342.3,194747
QUICKHEAL,20200706,114.6,119.45,114.6,117.95,317613
RADAAN,20200706,1.25,1.25,1.25,1.25,6830
RADICO,20200706,372,373,364,366.15,287419
RADIOCITY,20200706,18.1,18.5,17.25,17.5,1045110
RAIN,20200706,82,82.05,79.6,81.05,1303527
RAJESHEXPO,20200706,487.35,495,479.7,480.9,123770
RAJRATAN,20200706,253,265,237.05,261,15647
RAJSREESUG,20200706,15.6,16.35,14.9,16.35,31781
RAJTV,20200706,37.25,37.25,34.75,35.2,4858
RALLIS,20200706,275,275,271,272,301108
RAMANEWS,20200706,15.5,16,15.25,15.6,73367
RAMASTEEL,20200706,34.45,35.6,33.45,34.8,6025
RAMCOCEM,20200706,647.35,658.45,636.75,656.2,1055314
RAMCOIND,20200706,154.05,163.2,153.6,157.55,83837
RAMCOSYS,20200706,110.1,112.2,109,110.15,197409
RAMKY,20200706,37.15,37.15,33.7,34.85,83130
RANASUG,20200706,4.1,4.25,4.05,4.25,375002
RANEENGINE,20200706,214.95,214.95,209.15,212.1,1411
RANEHOLDIN,20200706,468.1,471,455.05,456.35,7865
RATNAMANI,20200706,1069.95,1075,1040,1049.8,16286
RAYMOND,20200706,274,274.7,267.8,268.75,907486
RBL,20200706,562.7,568,550.05,558.4,16005
RBLBANK,20200706,176,180,175.15,178.05,26822666
RCF,20200706,47.75,49.15,47.75,48.75,4876584
RCOM,20200706,1.75,1.75,1.75,1.75,5741838
RECLTD,20200706,108.95,112.4,108.7,111.6,5835248
REDINGTON,20200706,89.85,90.25,88.2,88.85,1043725
REFEX,20200706,55.45,55.45,55.45,55.45,35945
RELAXO,20200706,662.8,675,647.4,654.85,849957
RELCAPITAL,20200706,12.4,12.4,12.4,12.4,874472
RELIANCE,20200706,1805,1858,1792.1,1851.8,21698149
RELIGARE,20200706,37.8,39.65,37,39.65,723506
RELINFRA,20200706,38.5,38.5,38.5,38.5,690135
REMSONSIND,20200706,71.2,71.2,67.1,67.75,2009
RENUKA,20200706,10.1,11.1,10.1,11.1,15376324
REPCOHOME,20200706,123.15,126.5,121.65,124.5,203008
REPRO,20200706,392,406.05,388.1,397.75,2439
RESPONIND,20200706,88,91,85.5,88.45,204878
REVATHI,20200706,409.05,410,390.4,404.7,562
RGL,20200706,221.05,225,218.95,220.6,1766
RHFL,20200706,2.8,2.8,2.6,2.6,4288204
RICOAUTO,20200706,33,33.5,32.4,32.95,585446
RIIL,20200706,426.8,435,422.05,424.4,582811
RITES,20200706,264.45,275.6,262.45,271.4,1731406
RKDL,20200706,8.2,8.2,7.95,7.95,11686
RKFORGE,20200706,162,163.75,158.9,159.65,130454
RMCL,20200706,4.35,4.35,4.15,4.15,62203
RML,20200706,229.95,232.9,227,227.7,18243
RNAVAL,20200706,3,3,2.8,3,17571995
ROHITFERRO,20200706,1.3,1.3,1.3,1.3,2872
ROHLTD,20200706,60,61.65,58.15,59.4,365100
ROLLT,20200706,2.2,2.2,2.1,2.1,34524
ROLTA,20200706,7.2,7.2,6.75,7.15,941937
ROSSELLIND,20200706,73,74.1,72,74.1,20663
RPGLIFE,20200706,268.2,270.9,263.35,264.75,35529
RPOWER,20200706,4.25,4.25,4.25,4.25,8228855
RPPINFRA,20200706,65.15,68.95,64.3,66.2,49622
RSSOFTWARE,20200706,17.3,17.85,16.6,17.1,15933
RSWM,20200706,76.4,79.75,74.8,75.2,20884
RSYSTEMS,20200706,95.95,96.35,95,96.25,5485
RTNINFRA,20200706,3.15,3.15,3.15,3.15,25459
RTNPOWER,20200706,2.5,2.5,2.5,2.5,886941
RUBYMILLS,20200706,161.9,166.95,161.05,163,425
RUCHI,20200706,1117.2,1117.2,1117.2,1117.2,8023
RUCHINFRA,20200706,21.2,21.2,21.2,21.2,195894
RUCHIRA,20200706,48.85,48.85,48.85,48.85,44483
RUPA,20200706,167.2,170.95,165.2,167.25,35570
RUSHIL,20200706,116,118.4,112.65,114.9,12162
RVNL,20200706,20,20.7,19.8,20.3,11570844
S&SPOWER,20200706,16.5,16.5,15.25,15.5,888
SABEVENTS,20200706,1.15,1.15,1.15,1.15,2002
SABTN,20200706,1.95,1.95,1.9,1.9,17364
SADBHAV,20200706,45.7,47.5,45.7,46,867465
SADBHIN,20200706,17.3,17.3,16.3,16.75,375522
SAFARI,20200706,388,388,379.05,381.35,4097
SAGARDEEP,20200706,116,118.5,116,117.9,31177
SAGCEM,20200706,335.05,390,335,378.25,83226
SAIL,20200706,31.35,32.3,30.9,31.85,46788348
SAKAR,20200706,62.7,63.7,58.05,63.7,34161
SAKHTISUG,20200706,9.8,10.25,9.45,10.2,94047
SAKSOFT,20200706,196,203,194.75,198.35,16299
SAKUMA,20200706,7.5,7.5,7.05,7.05,374065
SALASAR,20200706,185,191,177.4,189.35,42836
SALONA,20200706,60.5,60.5,57,58.9,445
SALSTEEL,20200706,3.85,3.85,3.85,3.85,6751
SALZERELEC,20200706,92.8,102,89.25,95.5,419664
SAMBHAAV,20200706,2.8,2.9,2.7,2.8,121238
SANCO,20200706,10.9,10.95,10.55,10.6,11665
SANDESH,20200706,491.4,504.8,491.25,492.4,269
SANDHAR,20200706,213.8,229,202.1,213,48110
SANGAMIND,20200706,48.05,48.05,46.35,47.55,12039
SANGHIIND,20200706,25.05,25.5,24.25,25.25,553866
SANGHVIFOR,20200706,16.45,16.45,15.05,15.5,9286
SANGHVIMOV,20200706,65.95,69.3,63.65,64.95,80766
SANGINITA,20200706,99.45,103.9,88.25,91.4,40461
SANOFI,20200706,7805,7889,7576,7597.15,46059
SANWARIA,20200706,3.2,3.2,3.2,3.2,343109
SARDAEN,20200706,167.7,170.4,166.55,169.45,33842
SAREGAMA,20200706,418,435,418,434,8604
SARLAPOLY,20200706,18.05,19.2,18,19,188562
SASKEN,20200706,478.35,490,476.2,478.9,15199
SASTASUNDR,20200706,84.4,84.4,78.35,78.65,1437
SATHAISPAT,20200706,2.3,2.3,2.1,2.15,8222
SATIA,20200706,73.7,75.95,73.05,73.95,14239
SATIN,20200706,85.25,86.9,81.15,83.9,70470
SBICARD,20200706,678.9,704.9,677,698.8,2844697
SBIETFQLTY,20200706,97,97,95,95.5,21129
SBILIFE,20200706,853,875,851.4,863.5,1836462
SBIN,20200706,186.6,189.85,186.15,188.05,43789749
SCAPDVR,20200706,1.35,1.35,1.35,1.35,366245
SCHAEFFLER,20200706,3714.9,3760.35,3681.55,3732.15,4367
SCHAND,20200706,49.25,51.5,48.1,49.45,65665
SCHNEIDER,20200706,83,84.5,82.35,82.75,288796
SCI,20200706,60.5,61.35,59.5,60,2852651
SDBL,20200706,73.1,73.1,69.95,72.1,27369
SEAMECLTD,20200706,368.9,368.9,355,356.5,29221
SELAN,20200706,103.2,105,101.35,102.15,12021
SEPOWER,20200706,3.05,3.05,2.9,3,14898
SEQUENT,20200706,94.95,95.95,92.85,95.25,1007664
SESHAPAPER,20200706,155.35,164,153.45,156.1,127726
SETCO,20200706,10.35,10.7,9.95,10.2,141039
SETF10GILT,20200706,201.6,201.6,201.6,201.6,1
SETFGOLD,20200706,4338.5,4592.9,4301.05,4325.5,14655
SETFNIF50,20200706,112.3,112.3,109.69,110.93,548842
SETFNIFBK,20200706,218,223.2,218,221.14,177522
SETFNN50,20200706,271.97,277.5,268,269.52,14510
SETUINFRA,20200706,1.3,1.3,1.3,1.3,75379
SEYAIND,20200706,89.85,99.25,89.85,89.85,355259
SFL,20200706,1460,1479.95,1437.05,1449.9,29218
SGL,20200706,8.75,8.8,8.4,8.65,11576
SHAHALLOYS,20200706,8.25,8.25,7.95,7.95,5648
SHAKTIPUMP,20200706,172.9,180,171,177.45,30255
SHALBY,20200706,70.2,71.1,69.15,69.9,142807
SHALPAINTS,20200706,62.9,62.9,61,61.45,91823
SHANKARA,20200706,370,374.6,367,370.95,42748
SHANTIGEAR,20200706,87.55,88.8,86.2,86.95,33986
SHARDACROP,20200706,259,264.7,240.1,264.7,51453
SHARDAMOTR,20200706,830,830,807.2,814.85,1908
SHARIABEES,20200706,253,260,246.5,257,130
SHEMAROO,20200706,62.85,62.85,59.65,60.6,289644
SHIL,20200706,79,85.85,79,82.25,45473
SHILPAMED,20200706,476.7,482.45,472.7,478.25,82481
SHIRPUR-G,20200706,8.3,8.75,8.15,8.15,59516
SHIVAMAUTO,20200706,15.95,16.25,15.45,16.05,40623
SHIVAMILLS,20200706,25.15,25.8,24.15,25.25,2305
SHIVATEX,20200706,90.15,92.6,85.65,86.1,6432
SHK,20200706,67.95,68.4,66.1,66.45,670797
SHOPERSTOP,20200706,170,173,168.05,171.05,175620
SHREDIGCEM,20200706,53.1,53.9,51.05,52.3,950810
SHREECEM,20200706,22879,23215,22850.75,23111.15,84877
SHREEPUSHK,20200706,95,100.5,93.6,97.55,78289
SHREERAMA,20200706,4.9,5.1,4.75,4.75,21515
SHRENIK,20200706,43.15,45.25,43.15,45.05,150832
SHREYANIND,20200706,80.05,82.9,78.05,81.4,52594
SHREYAS,20200706,62.1,65.6,61.9,65.2,16746
SHRIPISTON,20200706,590,599,567.6,572.1,2039
SHRIRAMCIT,20200706,680,686.45,677.95,680.45,88358
SHRIRAMEPC,20200706,4.15,4.55,4.15,4.15,1627212
SHYAMCENT,20200706,3.7,3.95,3.7,3.7,32046
SHYAMTEL,20200706,6.45,6.45,5.85,5.85,1577
SICAGEN,20200706,13.2,13.9,13.2,13.5,16155
SICAL,20200706,10.6,10.65,10,10.2,398623
SIEMENS,20200706,1174.8,1188,1155,1162.3,3011096
SIGIND,20200706,22.45,23.5,22,22.6,8795
SIL,20200706,10.3,10.3,9.8,9.9,321
SILINV,20200706,145.65,145.7,140.05,141.95,3416
SIMBHALS,20200706,6.95,7.25,6.95,7.25,5123
SIMPLEXINF,20200706,28.45,28.95,27.9,28.35,155136
SINTEX,20200706,3.15,3.15,2.85,2.85,5608482
SIRCA,20200706,229,229,222,222.8,24660
SIS,20200706,389.45,393.95,384,390.15,28112
SITINET,20200706,2.2,2.2,2.1,2.1,209738
SIYSIL,20200706,136,137,133.2,134.8,49447
SJVN,20200706,22.25,22.25,21.9,22.05,1082555
SKFINDIA,20200706,1751,1977.5,1751,1781.4,150681
SKIL,20200706,3.85,4.25,3.85,4.25,39333
SKIPPER,20200706,40.35,41.4,39.65,39.75,143966
SKMEGGPROD,20200706,33.55,34.6,32.35,33.35,25983
SMARTLINK,20200706,73.9,75.3,70.3,70.6,24370
SMLISUZU,20200706,383,398,380,393.7,77486
SMSLIFE,20200706,308.6,308.6,298,299.25,5278
SMSPHARMA,20200706,64.1,64.9,62.35,62.95,115246
SNOWMAN,20200706,30.3,31.85,30,30.65,587190
SOBHA,20200706,229.6,235.8,227,233.15,620815
SOLARA,20200706,645.2,657.4,640.1,642.2,54279
SOLARINDS,20200706,1004,1011.15,978,988.85,14539
SOMANYCERA,20200706,127,127,124,126.05,100415
SOMATEX,20200706,2.9,2.9,2.9,2.9,9676
SOMICONVEY,20200706,18.6,18.95,17.6,18.15,4691
SONATSOFTW,20200706,240,244.3,237.05,240.15,333962
SORILINFRA,20200706,67.55,68.05,64.4,65,53362
SOTL,20200706,682.05,697,682,687.5,1390
SOUTHBANK,20200706,8.1,8.25,8.05,8.1,13440377
SOUTHWEST,20200706,21.05,21.5,20.75,21.5,1227
SPAL,20200706,79,81,79,79.5,16604
SPANDANA,20200706,557.95,565,552.95,560.85,21339
SPARC,20200706,159.2,166.3,156.15,163.8,1260582
SPCENET,20200706,1.2,1.2,1.2,1.2,2600
SPECIALITY,20200706,32,32.75,30.15,31.25,84640
SPENCERS,20200706,96.8,103.75,95.2,99.85,5622920
SPENTEX,20200706,1,1,1,1,107483
SPIC,20200706,20.1,20.6,19.75,20.25,247652
SPICEJET,20200706,50.15,50.75,49.85,49.9,2395505
SPLIL,20200706,31.7,31.85,30.25,30.85,64645
SPMLINFRA,20200706,9.4,9.85,8.95,9.1,92590
SPTL,20200706,3.6,3.6,3.3,3.3,5441774
SPYL,20200706,0.3,0.35,0.3,0.3,388427
SREEL,20200706,136.2,138.6,133,137.2,25216
SREINFRA,20200706,7.8,7.9,7.8,7.8,679841
SRF,20200706,3655,3879.9,3655,3850.3,872617
SRHHYPOLTD,20200706,128.9,137.9,128.9,129.35,31967
SRIPIPES,20200706,193,202.85,192.65,200.15,329820
SRTRANSFIN,20200706,705.5,712.95,691,697.6,2593780
SSWL,20200706,434.8,441,431.8,436.1,34908
STAMPEDE,20200706,0.6,0.6,0.6,0.6,408737
STAR,20200706,415.95,415.95,410,412.4,349607
STARCEMENT,20200706,91,92.9,89,90.25,265402
STARPAPER,20200706,107.3,111.6,106.6,107.95,266006
STCINDIA,20200706,50.95,50.95,48.45,50.75,91943
STEELCITY,20200706,29.2,30,28.3,29.65,1997
STEELXIND,20200706,26.1,27.25,26.1,26.95,90038
STEL,20200706,61.5,62.8,58.4,61.6,11006
STERTOOLS,20200706,170.3,176,169.6,173.9,32945
STINDIA,20200706,3.55,3.55,3.55,3.55,177
STRTECH,20200706,128.5,133.8,126,132.3,2864181
SUBCAPCITY,20200706,6.5,6.5,6.5,6.5,5
SUBEX,20200706,7.6,8.1,7.6,8,841179
SUBROS,20200706,177.45,179.75,176.3,177.7,116990
SUDARSCHEM,20200706,388.25,399.9,386.55,392,139506
SUJANAUNI,20200706,0.3,0.35,0.3,0.3,463735
SUMEETINDS,20200706,2.6,2.6,2.6,2.6,161052
SUMICHEM,20200706,279.95,281.35,275,275.55,482239
SUMIT,20200706,10.95,11.45,10.5,11.45,4783
SUMMITSEC,20200706,317,349,317,336.05,7709
SUNCLAYLTD,20200706,1715,1734.6,1656.55,1675.2,5068
SUNDARAM,20200706,1.65,1.65,1.6,1.6,86608
SUNDARMFIN,20200706,1382,1410,1382,1392.5,8306
SUNDARMHLD,20200706,48.55,49,48.1,48.85,23596
SUNDRMBRAK,20200706,228.45,238,211,231.6,9582
SUNDRMFAST,20200706,394,394,380,386.25,74467
SUNFLAG,20200706,38.7,40.25,38.4,39.15,489813
SUNPHARMA,20200706,478,481.25,471.4,480.2,5995308
SUNTECK,20200706,182,188.75,179.2,186.7,883730
SUNTV,20200706,403.8,404.75,396.05,399,1576856
SUPERHOUSE,20200706,93.45,93.45,86.7,87.05,162859
SUPERSPIN,20200706,4.75,4.75,4.55,4.55,7930
SUPPETRO,20200706,170.05,172.5,169,172,22508
SUPRAJIT,20200706,152.65,155.4,149.25,150.8,199075
SUPREMEIND,20200706,1136.05,1163.5,1134,1160,29544
SURANASOL,20200706,8,8.1,7.45,8,59795
SURANAT&P,20200706,4.25,4.6,4.1,4.55,200655
SURYALAXMI,20200706,17.9,19,17.5,18.65,4462
SURYAROSNI,20200706,114.5,119.45,114.3,119.45,86940
SUTLEJTEX,20200706,21.6,22.2,21.4,22,24131
SUVEN,20200706,40.95,40.95,39.5,39.65,657275
SUVENPHAR,20200706,511,518,497,505.1,199502
SUZLON,20200706,6.05,6.05,5.55,5.55,82902105
SWANENERGY,20200706,141.95,147,140,144.5,76282
SWARAJENG,20200706,1424.95,1432.95,1402.2,1425.55,9176
SWELECTES,20200706,126,132.95,126,129.75,31355
SWSOLAR,20200706,227.4,233.7,219,233.7,496439
SYMPHONY,20200706,904.2,906.25,895.5,900.15,30321
SYNCOM,20200706,3.6,3.6,3.3,3.3,356353
SYNGENE,20200706,438,447.6,431,436.2,768392
TAINWALCHM,20200706,46.05,48.45,46,47.7,7166
TAJGVK,20200706,157.9,157.9,149.5,151.5,405191
TAKE,20200706,49,49.4,48.45,48.65,149860
TALBROAUTO,20200706,111.8,111.8,104.8,106.7,18758
TANLA,20200706,75.9,76.4,73.5,74.85,182078
TANTIACONS,20200706,1.9,1.9,1.85,1.9,651
TARMAT,20200706,25.4,25.4,24,24.65,2943
TASTYBITE,20200706,13180,13500,13001,13109.35,2745
TATACHEM,20200706,312,313.65,308.8,309.9,986731
TATACOFFEE,20200706,85.8,87.85,85.05,86.6,1661902
TATACOMM,20200706,628.8,630,620.05,623.6,41486
TATACONSUM,20200706,400.05,408.45,397.3,405.7,4073356
TATAELXSI,20200706,918.8,927,909,917.05,445276
TATAINVEST,20200706,762,772.95,751.55,759.75,12873
TATAMETALI,20200706,491,507,488,494.15,49291
TATAMOTORS,20200706,105,109.9,104.5,109,91971938
TATAMTRDVR,20200706,42.5,43.55,41.6,43.25,7748300
TATAPOWER,20200706,50.65,50.9,49.9,50.35,33196343
TATASTEEL,20200706,333.15,341.7,330.3,338.9,14144208
TATASTLBSL,20200706,20.9,21.15,20.35,20.9,2815941
TATASTLLP,20200706,239.9,247.55,237,242.95,76433
TBZ,20200706,29,29.95,29,29.4,86344
TCI,20200706,169.75,175.5,169.55,174.3,79261
TCIDEVELOP,20200706,276,280.55,274,275.7,571
TCIEXP,20200706,660.1,675,659.6,663.05,11800
TCIFINANCE,20200706,6.85,7.2,6.85,6.85,45276
TCNSBRANDS,20200706,357,357,340,340.55,319547
TCPLPACK,20200706,256.05,262,255.85,256.7,1155
TCS,20200706,2205,2269.9,2205,2263.2,5190366
TDPOWERSYS,20200706,119.5,121,112.3,116.65,94957
TEAMLEASE,20200706,1726.85,1765,1715,1746.05,17794
TECHIN,20200706,3,3,3,3,656
TECHM,20200706,574.95,588,573.05,581.55,4909648
TECHNOE,20200706,195,195,181.5,186.15,20896
TECHNOFAB,20200706,9.4,9.5,9.4,9.4,27982
TEJASNET,20200706,47.9,48.9,45.9,47.05,125939
TERASOFT,20200706,26.5,30.1,25.6,30.1,203981
TEXINFRA,20200706,41.95,41.95,38.4,38.75,25204
TEXMOPIPES,20200706,14.7,14.7,14.2,14.7,71458
TEXRAIL,20200706,30,30,28.15,28.25,875557
TFCILTD,20200706,42.9,43.05,40.6,40.7,414383
TGBHOTELS,20200706,4,4,4,4,15052
THANGAMAYL,20200706,265.3,276,260.3,273.8,26280
THEINVEST,20200706,105.75,105.75,98.05,101.1,5669
THEMISMED,20200706,353.95,356.9,345.05,350.25,8874
THERMAX,20200706,775,786,770,780.6,113526
THOMASCOOK,20200706,28.4,29.25,27.45,29.2,2180402
THOMASCOTT,20200706,6.65,6.65,6.05,6.65,2205
THYROCARE,20200706,516,518.05,511.1,512.45,36911
TI,20200706,19.65,19.95,18.65,18.9,68084
TIDEWATER,20200706,4120,4199,4091.05,4155.8,2113
TIIL,20200706,249.95,261.9,249.05,256.1,6739
TIINDIA,20200706,439,452,438.95,449.85,61139
TIJARIA,20200706,7.4,7.4,7.4,7.4,3799
TIL,20200706,141,142.7,137.1,137.9,17769
TIMESGTY,20200706,23.05,23.8,22.9,22.9,561
TIMETECHNO,20200706,40,40.5,39.15,39.8,482846
TIMKEN,20200706,990,1028,990,993,31893
TINPLATE,20200706,119.8,135.9,119.2,132.85,2428393
TIPSINDLTD,20200706,137.55,163.85,131.2,159.2,123470
TIRUMALCHM,20200706,52.7,54.4,51.35,52.6,880136
TITAN,20200706,1007,1019.8,995.65,1014.2,2509472
TMRVL,20200706,9.5,9.95,9.5,9.85,97411
TNPETRO,20200706,34,36.35,34,35.85,408100
TNPL,20200706,109,111.95,109,111.1,299368
TNTELE,20200706,1.8,1.9,1.8,1.9,3420
TOKYOPLAST,20200706,68.95,74.4,65.35,68.25,131061
TORNTPHARM,20200706,2413,2415,2337.05,2347.25,445775
TORNTPOWER,20200706,328.3,335,326.7,332,1372535
TOUCHWOOD,20200706,41.55,45.7,41.55,43.5,1085
TPLPLASTEH,20200706,106.7,120.9,106.45,112.6,21100
TREEHOUSE,20200706,4.55,4.65,4.35,4.6,41800
TREJHARA,20200706,10.5,10.5,10.5,10.5,18576
TRENT,20200706,624,634,621.15,630,498217
TRF,20200706,77.25,82,76.55,80.95,45933
TRIDENT,20200706,6.95,6.95,6.8,6.8,5207087
TRIGYN,20200706,34.65,34.85,33,33.65,24553
TRIL,20200706,11.85,12.45,11.3,11.95,458449
TRITURBINE,20200706,76,88.2,75,85.85,1860858
TRIVENI,20200706,55.45,57.65,55.45,57.65,1457988
TTKHLTCARE,20200706,462,476.3,445.15,453.85,10427
TTKPRESTIG,20200706,5525,5570,5461.15,5537.65,17289
TTL,20200706,29.25,29.75,28.7,28.95,10417
TTML,20200706,4,4,3.9,4,2627571
TV18BRDCST,20200706,35.35,35.65,34.65,34.8,3756129
TVSELECT,20200706,101.8,101.8,96.2,98.95,20378
TVSMOTOR,20200706,399.95,412.3,397.5,408.25,3153500
TVSSRICHAK,20200706,1449.9,1449.9,1417.95,1422.55,6396
TVTODAY,20200706,189.1,197.7,189.1,196.15,72618
TVVISION,20200706,2.4,2.4,2.2,2.2,40327
TWL,20200706,39.7,39.7,39.7,39.7,54270
UBL,20200706,1040,1068.95,1036.3,1060.35,626080
UCALFUEL,20200706,114.3,118.8,114.3,115.15,17671
UCOBANK,20200706,14.5,14.65,14.1,14.15,2570103
UFLEX,20200706,214,230,213.1,227.35,663506
UFO,20200706,73.2,80.05,73,78.5,527450
UGARSUGAR,20200706,14.1,15.9,13.15,15.15,1550939
UJAAS,20200706,7.8,7.8,7.8,7.8,119372
UJJIVAN,20200706,243.55,245.4,240,242.6,6436605
UJJIVANSFB,20200706,30.3,30.95,30.25,30.8,1683149
ULTRACEMCO,20200706,3920,3944.7,3904.5,3930.9,254346
UMANGDAIRY,20200706,47,47.95,45.85,47.05,14998
UMESLTD,20200706,1.5,1.5,1.5,1.5,4471
UNICHEMLAB,20200706,191,192.25,178.8,183.35,191349
UNIENTER,20200706,60.4,63.8,60.4,62.65,3775
UNIONBANK,20200706,32.35,32.5,32.1,32.2,2888852
UNIPLY,20200706,6.75,6.75,6.75,6.75,170043
UNITEDTEA,20200706,253.65,265.05,252.95,261.4,1567
UNIVASTU,20200706,31.65,33,31.55,31.7,9169
UNIVCABLES,20200706,118.05,124,117.9,122.95,20326
UNIVPHOTO,20200706,92.05,95.1,92.05,95,4502
UPL,20200706,447,460.4,446.3,456.6,4257602
URJA,20200706,4.25,4.25,4.25,4.25,1493275
USHAMART,20200706,19.25,19.5,19.25,19.3,67484
UTINEXT50,20200706,266.55,270,266.09,268,244
UTINIFTETF,20200706,1128.8,1148.17,1128.8,1144.94,816
UTISENSETF,20200706,384,395.99,370,393.8,2205
UTISXN50,20200706,299.9,301,290.01,292,23
UTTAMSTL,20200706,7.6,7.6,7.6,7.6,66225
UTTAMSUGAR,20200706,76.75,79,75,79,36364
UVSL,20200706,0.85,0.85,0.75,0.75,54868992
V2RETAIL,20200706,56.5,56.8,54.5,54.85,76931
VADILALIND,20200706,518.65,525,518.65,523.75,6132
VAIBHAVGBL,20200706,1276,1313,1276,1300.6,17504
VAISHALI,20200706,46,50,45.55,49.6,15005
VAKRANGEE,20200706,34.9,35,34.1,34.45,1179007
VARDHACRLC,20200706,30.9,31.4,30.75,30.95,27340
VARDMNPOLY,20200706,9.05,9.05,9.05,9.05,8048
VARROC,20200706,187.25,192.15,182.75,192.15,186035
VASCONEQ,20200706,10.05,10.5,9.9,10.1,287403
VASWANI,20200706,5.95,6.2,5.7,5.9,5841
VBL,20200706,700.05,720,695.05,699.65,281718
VEDL,20200706,107,111.6,106.25,110.25,21824302
VENKEYS,20200706,1105.65,1113.05,1091,1097.1,79407
VENUSREM,20200706,61.95,61.95,59.2,60.05,12559
VERTOZ,20200706,102.3,103.6,94.35,103.45,292950
VESUVIUS,20200706,921,934.9,915.4,919.65,5098
VETO,20200706,47.6,48.6,45.9,48.35,24594
VGUARD,20200706,171.3,172.5,169.1,169.75,632963
VHL,20200706,1182,1219,1155.3,1197.9,710
VICEROY,20200706,3,3,3,3,9884
VIDHIING,20200706,69.4,74.4,69.4,72.4,83915
VIJIFIN,20200706,0.95,0.95,0.95,0.95,40076
VIKASECO,20200706,4.3,4.4,4,4.2,3115882
VIKASMCORP,20200706,5.85,5.85,5.6,5.85,3450701
VIKASPROP,20200706,3.75,3.75,3.75,3.75,145023
VIKASWSP,20200706,7.1,7.1,6.75,6.85,164993
VIMTALABS,20200706,85,85,83.1,84.05,61978
VINATIORGA,20200706,1004.8,1017,1000,1010.25,82006
VINDHYATEL,20200706,731,746.55,720,728.15,8037
VINYLINDIA,20200706,93.25,93.25,92,92.25,47417
VIPCLOTHNG,20200706,8.4,9.2,8.4,8.5,62195
VIPIND,20200706,262.05,263,258.3,260.05,298632
VIPULLTD,20200706,15.85,15.85,15,15.2,12702
VISAKAIND,20200706,235,241.6,233.3,237.15,26262
VISASTEEL,20200706,6.9,6.9,6.85,6.85,11641
VISHAL,20200706,257.1,258,257,257,34560
VISHNU,20200706,134.25,143,134.2,136.35,85020
VISHWARAJ,20200706,81.55,84,79.5,83.4,25706
VIVIDHA,20200706,0.45,0.45,0.45,0.45,80519
VIVIMEDLAB,20200706,12.7,13.2,12.5,12.7,67034
VLSFINANCE,20200706,52.75,52.75,49.15,50.85,51816
VMART,20200706,1816.1,1857.5,1795.1,1835.7,15403
VOLTAMP,20200706,1168,1210,1116,1133.7,39095
VOLTAS,20200706,563,570,557.05,566.5,2351312
VRLLOG,20200706,161.25,163.95,159.5,160.25,181630
VSSL,20200706,60,61.9,58.6,59.05,7267
VSTIND,20200706,3176,3250,3125.85,3217.8,13721
VSTTILLERS,20200706,1371,1389.25,1323.6,1336.15,24567
VTL,20200706,668.55,696.05,660.55,692.5,24008
WABAG,20200706,110.2,110.25,107.5,109.1,132655
WABCOINDIA,20200706,6890,6890,6879,6881.15,4601
WALCHANNAG,20200706,64.4,65.45,60,65.45,1795928
WANBURY,20200706,22.3,23.5,22.3,22.45,8718
WATERBASE,20200706,102.95,104.9,101.7,102.55,133101
WEBELSOLAR,20200706,21.9,22.15,20.25,22.15,60122
WEIZMANIND,20200706,25.95,25.95,24.5,24.7,2044
WELCORP,20200706,80.2,83.55,79.8,83.4,1810442
WELENT,20200706,65.5,66.7,65,65.8,183313
WELINV,20200706,220,228.95,212.05,227,470
WELSPUNIND,20200706,35.65,37.05,35.55,35.8,1160509
WENDT,20200706,2699,2835,2601,2692.4,430
WESTLIFE,20200706,323,325,317.1,320.7,141152
WHEELS,20200706,439,444.85,430,434.55,22735
WHIRLPOOL,20200706,2175,2309.95,2166.1,2265.9,204304
WILLAMAGOR,20200706,16.05,17.65,16.05,17.25,19893
WINDMACHIN,20200706,15.3,15.3,14.3,14.65,60652
WIPRO,20200706,225.9,227.25,221.6,222.65,7588014
WOCKPHARMA,20200706,278.25,282,274.3,276,465193
WONDERLA,20200706,137.45,143.75,133,140.75,84751
WSI,20200706,1.65,1.65,1.65,1.65,662
WSTCSTPAPR,20200706,187.25,198,185.85,190.85,222951
XCHANGING,20200706,44.95,46,43.9,43.95,70891
XELPMOC,20200706,69.75,73.95,69.25,72.9,9937
XPROINDIA,20200706,25,25,24.05,24.05,8029
YESBANK,20200706,26.4,26.45,25.95,26.05,12734350
ZEEL,20200706,173.8,177.9,172.2,175.05,12011796
ZEELEARN,20200706,15.6,15.8,15.2,15.35,816199
ZEEMEDIA,20200706,6.5,6.6,6.2,6.35,2599931
ZENITHBIR,20200706,0.85,0.85,0.85,0.85,9250
ZENITHEXPO,20200706,38.45,38.45,35.1,36.4,2296
ZENSARTECH,20200706,131.95,131.95,125.75,127.35,63324
ZENTEC,20200706,53.8,54.95,53.1,53.6,108509
ZICOM,20200706,3.15,3.15,3.15,3.15,49868
ZODIACLOTH,20200706,126.55,128.85,126.25,127.05,5853
ZODJRDMKJ,20200706,26.45,26.45,25.05,25.7,3111
ZOTA,20200706,144.25,144.25,141.4,143.15,10292
ZUARI,20200706,103,103.85,98.95,100.1,29149
ZUARIGLOB,20200706,55.4,56.35,53.3,55.3,43255
ZYDUSWELL,20200706,1360,1416.8,1330.1,1405.35,143690
NSENIFTY,20200706,10723.85,10811.40,10695.10,10763.65,571212914,0
NIFTYJUNIOR,20200706,26318.45,26367.75,26237.30,26264.85,209478845,0
NIFTYMIDCAPLIQ15,20200706,3507.60,3566.10,3498.65,3561.45,154486299,0
NSE100,20200706,10887.80,10963.80,10859.25,10919.25,780691759,0
NIFTY200,20200706,5550.20,5589.55,5536.55,5570.45,1797528892,0
NSE500,20200706,8782.00,8843.10,8761.95,8815.70,2347395075,0
NSEMIDCAP150,20200706,5781.75,5835.00,5774.05,5829.95,1047509851,0
MIDCAP50,20200706,4240.40,4293.80,4228.30,4289.55,964711879,0
NSEMIDCAP,20200706,15144.80,15310.70,15123.90,15297.15,1016837133,0
NSESMLCAP100,20200706,4744.15,4793.95,4738.95,4791.65,-,0
NIFTYLARGEMIDCAP250,20200706,-,-,-,5480.58,1828201610,0
NIFTYAUTO,20200706,7029.50,7193.55,6993.80,7171.75,210529384,0
BANKNIFTY,20200706,22270.95,22399.25,22171.05,22198.95,290921694,0
NIFTYFINSERVICE,20200706,11062.00,11121.10,11005.90,11023.70,194110004,0
NIFTYFMGC,20200706,30724.80,30736.50,30566.60,30647.65,56527182,0
NSEIT,20200706,15351.70,15580.50,15351.70,15464.95,31946250,0
NIFTYMEDIA,20200706,1381.95,1384.85,1370.65,1376.60,28130312,0
NIFTYMETAL,20200706,2024.35,2069.95,2013.70,2058.15,175224450,0
NIFTYPHARMA,20200706,10002.25,10012.95,9852.30,9901.25,27024581,0
NIFTYPVTBANK,20200706,12219.15,12292.45,12157.60,12175.65,187768347,0
NIFTYPSUBANK,20200706,1475.80,1493.65,1471.60,1482.90,147197573,0
NIFTYREALTY,20200706,205.90,209.40,205.05,209.20,14656578,0
NIFTYCOMMODITIES,20200706,2929.80,2969.10,2921.05,2954.80,236414836,0
NIFTYCONSUMPTION,20200706,4922.00,4947.50,4901.75,4941.10,149759530,0
NIFTYCPSE,20200706,1478.15,1485.75,1471.95,1483.45,127184188,0
NIFTYENERGY,20200706,14887.70,15057.00,14822.70,14997.85,127554271,0
NIFTY100ESG,20200706,-,-,-,2088.20,621153613,0
NIFTY100ENHESG,20200706,-,-,-,2102.96,606148304,0
NIFTYINFRA,20200706,3133.60,3151.65,3123.30,3141.15,245875796,0
NIFTYMNC,20200706,13306.85,13408.85,13269.10,13398.20,334889172,0
NIFTYPSE,20200706,2554.55,2575.90,2547.45,2566.80,477047276,0
NIFTYSMEEMERGE,20200706,-,-,-,1218.45,1486896,0
NIFTYSERVSECTOR,20200706,14292.80,14383.00,14253.45,14268.25,323817857,0
NIFTYSHARIAH25,20200706,-,-,-,4269.95,104485066,0
NIFTY50SHARIAH,20200706,-,-,-,2517.80,103051650,0
NIFTY500SHARIAH,20200706,-,-,-,2984.45,685319528,0
NIFTYABGROUP,20200706,-,-,-,2651.37,265514890,0
NIFTYMAHINDRA,20200706,-,-,-,8420.12,30418734,0
NIFTYTATA,20200706,-,-,-,6863.61,169669411,0
NIFTYTATA25CAP,20200706,-,-,-,4342.32,156204870,0
NIFTYABGROUP,20200706,-,-,-,2651.37,265514890,0
NIFTYLIQ15,20200706,2672.10,2699.45,2665.50,2694.05,293314758,0
NIFTY500VALUE50,20200706,-,-,-,3037.07,716248758,0
NIFTYALPHALOWVOL30,20200706,-,-,-,11066.35,101796047,0
NIFTYQUALLOWVOL30,20200706,-,-,-,8108.47,126456138,0
NIFTYALPHAQUALLOWVOL30,20200706,-,-,-,9291.73,144842974,0
NIFTYALPHAQUALVALLOWVOL30,20200706,-,-,-,7097.88,147773662,0
NIFTY50EQUALWEIGHT,20200706,10969.10,11064.15,10944.05,11033.00,571212914,0
NIFTY100EQUALWEIGHT,20200706,12140.40,12193.55,12109.90,12166.90,780691759,0
NIFTY100LOWVOL30,20200706,8532.20,8564.60,8507.65,8543.50,184364888,0
NSEDEFTY,20200706,-,-,-,4993.99,-,0
NIFTY50DIVPOINT,20200706,20.01,20.01,20.01,20.01,-,0
NIFTYDIVOPPS50,20200706,2333.50,2348.45,2328.45,2341.60,657358241,0
NIFTYALPHA50,20200706,14064.85,14122.00,13991.00,14102.90,123605392,0
NIFTY50ARBITRAGE,20200706,-,-,-,1900.06,-,0
NIFTY50FUTINDEX,20200706,-,-,-,3598.44,-,0
NIFTY50FUTTRINDEX,20200706,-,-,-,11078.21,-,0
NIFTYHIGHBETA50,20200706,-,-,-,1075.66,1220903543,0
NIFTYLOWVOL50,20200706,-,-,-,10403.32,159073638,0
NIFTY50VALUE20,20200706,5179.90,5223.85,5171.30,5193.95,203487755,0
NIFTYGROWSECT15,20200706,5426.40,5432.35,5390.35,5402.80,160142642,0
NIFTY50TR2XLEV,20200706,4826.00,4903.40,4801.15,4861.45,-,0
NIFTY50PR2XLEV,20200706,3672.05,3730.95,3653.15,3699.00,-,0
NIFTY50TR1XINV,20200706,356.60,357.55,353.65,355.25,-,0
NIFTY50PR1XINV,20200706,408.55,409.65,405.15,407.00,-,0
NIFTY-GS-COMPSITE,20200706,2234.73,2236.04,2234.49,2235.51,-,0
NIFTY-GS-4-8YR,20200706,2335.30,2336.50,2335.04,2335.73,-,0
NIFTY-GS-8-13YR,20200706,2189.58,2191.07,2189.20,2190.53,-,0
NIFTY-GS-10YR,20200706,1992.73,1996.10,1992.73,1994.12,-,0
NIFTY-GS-10YR-CLN,20200706,975.74,977.40,975.74,976.43,-,0
NIFTY-GS-11-15YR,20200706,2357.77,2358.99,2357.53,2358.92,-,0
NIFTY-GS-15YRPLUS,20200706,2595.47,2597.09,2595.47,2598.47,-,0
VIX,20200706,25.77,26.18,24.54,25.20,0,0
