20MICRONS,20200907,30.1,30.7,29.5,29.6,30928
21STCENMGM,20200907,10.75,10.75,10.45,10.45,1222
3IINFOTECH,20200907,3.85,3.85,3.8,3.85,3482365
3MINDIA,20200907,19700,19739.65,19301.45,19353.15,2449
3PLAND,20200907,7.1,7.1,7,7,7
5PAISA,20200907,413.95,414,376.25,377.95,11505
63MOONS,20200907,78,78.45,77.45,78,18168
8KMILES,20200907,25.25,25.25,25.25,25.25,24499
A2ZINFRA,20200907,4.9,5.1,4.8,4.95,495312
AARTIDRUGS,20200907,2879,2928,2811,2829.55,174871
AARTIIND,20200907,1066,1073,1028.45,1044.25,236821
AARTISURF,20200907,557.15,557.15,535,557.15,59459
AARVEEDEN,20200907,13,13,12.25,12.3,8048
AARVI,20200907,40.1,41.95,39.95,40.95,345
AAVAS,20200907,1422,1422,1375.55,1400.35,28876
ABAN,20200907,26.25,27.2,25.55,26,51099
ABB,20200907,955.85,957.35,920.6,925.05,712824
ABBOTINDIA,20200907,16555,16720,16300,16486,5594
ABCAPITAL,20200907,74,74.4,70.2,72.4,6445098
ABFRL,20200907,137.3,139.8,135.3,137.25,1944507
ABMINTLTD,20200907,39.75,39.75,39.75,39.75,763
ABSLBANETF,20200907,230.01,239,230.01,231.82,613
ABSLNN50ET,20200907,291.93,292,280,285.15,245
ACC,20200907,1315,1343.75,1289,1339.85,1963860
ACCELYA,20200907,1039.5,1058.35,1032.4,1053.35,19982
ACE,20200907,63.75,63.75,61.3,61.7,271311
ADANIENT,20200907,285.15,291.7,282.05,285.25,5812023
ADANIGAS,20200907,189.95,196.5,188.25,194.85,2765491
ADANIGREEN,20200907,530.05,569.85,515.65,553.1,2507534
ADANIPORTS,20200907,355,357.95,347.2,352.05,3344349
ADANIPOWER,20200907,37.9,37.95,37.15,37.2,2459307
ADANITRANS,20200907,268.7,274.4,262.65,271.9,353602
ADFFOODS,20200907,369,381.55,355.3,357.8,78007
ADHUNIKIND,20200907,21.45,21.45,20,20.5,38225
ADORWELD,20200907,256.4,273.9,256.4,263.4,16768
ADSL,20200907,22.3,22.3,20.8,21.25,69470
ADVANIHOTR,20200907,45,45.55,43.25,44.05,9076
ADVENZYMES,20200907,235,238.55,229.05,233.1,420528
AEGISCHEM,20200907,211.95,217.6,208,213.25,344354
AFFLE,20200907,2799,2860,2715.55,2826.1,82048
AGARIND,20200907,103.95,104,98.5,101.95,5670
AGCNET,20200907,335,340,319.4,328.95,19638
AGRITECH,20200907,31,31.95,29.65,30.85,10603
AGROPHOS,20200907,9.9,10.25,9.55,9.65,24404
AHLEAST,20200907,155.2,171.95,153,153.95,626
AHLUCONT,20200907,255,264.3,250.55,254.8,114827
AHLWEST,20200907,255.15,260.95,245.3,249.9,959
AIAENG,20200907,1815,1815,1765,1777.65,76528
AIONJSW,20200907,19.4,19.55,18.25,18.65,177760
AIRAN,20200907,11.75,12.15,11.2,12,26984
AJANTPHARM,20200907,1501.6,1531,1460,1526.1,160011
AJMERA,20200907,87.65,88.2,85.2,85.75,26763
AKASH,20200907,241,242.5,234.25,237,45835
AKSHARCHEM,20200907,234,237.05,231.6,232.85,22750
AKSHOPTFBR,20200907,7.4,7.5,6.85,6.9,307456
AKZOINDIA,20200907,2129.85,2130,2074,2116.65,4082
ALANKIT,20200907,18.65,19.75,18.4,18.5,302919
ALBERTDAVD,20200907,426,445,426,432.7,7263
ALCHEM,20200907,5.55,5.75,5.55,5.55,11540
ALEMBICLTD,20200907,93.4,100,93.3,97.45,3504264
ALICON,20200907,349.1,366,336,341.55,7789
ALKALI,20200907,47.5,48.5,46.1,47,8190
ALKEM,20200907,2814.95,2863,2790,2819.75,98099
ALKYLAMINE,20200907,3370,3388.7,3227.25,3263.7,35560
ALLCARGO,20200907,117.55,118.55,113.55,114.25,911588
ALLSEC,20200907,272.45,272.65,255,259.7,1738
ALMONDZ,20200907,12.7,12.95,12.3,12.35,10086
ALOKINDS,20200907,31.05,31.3,29.5,29.85,9237267
ALPA,20200907,30.5,30.5,28.5,29.2,78426
ALPHAGEO,20200907,171.9,172,165,166.4,13211
ALPSINDUS,20200907,1.4,1.45,1.35,1.45,25834
AMARAJABAT,20200907,739.95,747.15,726.7,736.25,720657
AMBER,20200907,1831,1884.3,1820.05,1837.95,125139
AMBIKCO,20200907,708,708,683.5,695.85,3364
AMBUJACEM,20200907,208.5,212.35,206.45,210.55,4220405
AMDIND,20200907,17.65,18.05,17.1,17.2,8490
AMJLAND,20200907,18.4,18.4,17.45,18.05,7498
AMRUTANJAN,20200907,449.95,449.95,435.05,436.85,54519
ANANTRAJ,20200907,30,37.1,30,31.4,163711
ANDHRACEMT,20200907,5.3,5.3,5.1,5.1,172417
ANDHRAPAP,20200907,208,212.8,207.35,210,32701
ANDHRSUGAR,20200907,305,307.6,300,300.55,29684
ANIKINDS,20200907,13.1,13.1,12.05,12.5,6572
ANKITMETAL,20200907,1.35,1.35,1.35,1.35,65847
ANSALAPI,20200907,4.3,4.5,4.25,4.35,54341
ANSALHSG,20200907,4.4,4.6,4.2,4.6,105129
ANUP,20200907,562,570,540.2,545.85,6502
APARINDS,20200907,324.8,326.75,319.9,322.5,24124
APCL,20200907,166.15,170,162.4,167.75,62899
APCOTEXIND,20200907,152,154,148.1,149.15,57499
APEX,20200907,271.95,275.05,264.15,266.35,116472
APLAPOLLO,20200907,2399.3,2451.5,2370,2419.6,136239
APLLTD,20200907,935,935.5,907.8,918.6,457183
APOLLO,20200907,117,119.55,116.2,116.95,53608
APOLLOHOSP,20200907,1654,1667.9,1620.4,1649.25,443361
APOLLOPIPE,20200907,396.9,397,378.4,384,20140
APOLLOTYRE,20200907,121.6,123.2,117.5,118.8,6309554
APOLSINHOT,20200907,586,599.9,566.45,596.1,848
APTECHT,20200907,124,128.5,122.3,122.85,356797
ARCHIDPLY,20200907,27.95,28,27,27.15,28849
ARCHIES,20200907,12.35,12.45,12.25,12.25,16414
ARCOTECH,20200907,2.5,2.5,2.35,2.35,56104
ARENTERP,20200907,10.2,11.2,10.2,11.1,448
ARIES,20200907,77.55,78.55,76.25,77.15,13572
ARIHANT,20200907,18.5,18.8,18.5,18.7,303
ARIHANTSUP,20200907,23.55,24.95,23.3,23.45,7725
ARMANFIN,20200907,570,583.35,561.2,573.2,8452
AROGRANITE,20200907,27,27.95,25.45,26.6,6502
ARROWGREEN,20200907,46.2,46.2,44,44.25,936
ARSHIYA,20200907,11.35,11.35,10.8,10.95,9359
ARSSINFRA,20200907,15.8,15.8,14.75,15.1,11843
ARTEMISMED,20200907,168,168,163,164.1,348
ARVIND,20200907,34.15,34.15,32.7,33.05,1288373
ARVINDFASN,20200907,146.65,147.3,140.3,142.5,156739
ARVSMART,20200907,93.7,93.7,90.6,91.55,46133
ASAHIINDIA,20200907,215.9,227,210,225.95,105212
ASAHISONG,20200907,219,219,208.5,209.5,40599
ASAL,20200907,21.5,22.5,21.3,22.2,4792
ASALCBR,20200907,263.9,264.85,255.2,258.15,36589
ASHAPURMIN,20200907,72.4,73.65,68.3,73.65,342420
ASHIANA,20200907,75.45,78.9,74.3,75.45,28441
ASHIMASYN,20200907,6.85,6.85,6.85,6.85,65648
ASHOKA,20200907,69.4,70.7,67.8,68.15,778740
ASHOKLEY,20200907,70.5,71.65,68.55,69.55,37445786
ASIANHOTNR,20200907,62,62,60.2,60.3,1365
ASIANPAINT,20200907,1965,2003.65,1948.1,1982.1,2855493
ASIANTILES,20200907,283.3,288,277,282.8,323567
ASPINWALL,20200907,144,160,134.7,144.35,7633
ASTEC,20200907,1239,1249.8,1165,1171.25,79599
ASTERDM,20200907,127.5,129.4,125,125.3,86662
ASTRAL,20200907,1200,1255.9,1184.35,1239.05,118491
ASTRAMICRO,20200907,121.95,122.8,119,119.55,422653
ASTRAZEN,20200907,3903,4642.8,3842,4552.8,552356
ASTRON,20200907,41.95,42.15,41.45,41.65,6853
ATFL,20200907,708,719.05,702,705.35,8631
ATLANTA,20200907,7.7,7.8,7.45,7.45,28837
ATLASCYCLE,20200907,49,49,46.1,47.05,2117
ATUL,20200907,6165,6190,6011.1,6114.35,45143
ATULAUTO,20200907,183,183.3,176.65,178.95,162812
AUBANK,20200907,663.9,663.9,632,650.6,510119
AURIONPRO,20200907,63.85,63.85,60.6,61.5,6368
AUROPHARMA,20200907,812,816.75,782.3,794.05,2557919
AUSOMENT,20200907,43,43.5,40,41.9,6318
AUTOAXLES,20200907,705.05,717.25,687.65,696.35,6616
AUTOIND,20200907,35.35,36.8,34.5,34.5,27382
AUTOLITIND,20200907,22.6,22.9,22.25,22.45,5154
AVADHSUGAR,20200907,191.3,194.4,188.55,190.55,24250
AVANTIFEED,20200907,509.1,515.95,500.5,502.1,521605
AVTNPL,20200907,43.7,47.4,42.85,43.55,1712116
AXISBANK,20200907,457,467.15,450.65,458.7,25967554
AXISCADES,20200907,62.3,62.5,60,61.1,18687
AXISGOLD,20200907,45.95,48.5,44.25,44.35,91564
AXISNIFTY,20200907,117.12,117.55,115.8,116.89,2547
AYMSYNTEX,20200907,26.6,27.85,26.6,26.9,8493
BAFNAPH,20200907,23.5,23.5,23.5,23.5,941
BAGFILMS,20200907,2.55,2.6,2.4,2.45,52033
BAJAJ-AUTO,20200907,2898.35,2906.85,2830.05,2898.2,807657
BAJAJCON,20200907,168.5,169.8,166.3,167.35,283676
BAJAJELEC,20200907,492.25,497,472.15,476.9,133307
BAJAJFINSV,20200907,6324,6349.25,6212,6263.65,498573
BAJAJHIND,20200907,5.7,5.75,5.6,5.65,2069859
BAJAJHLDNG,20200907,2590,2630,2472,2485.05,67367
BAJFINANCE,20200907,3607,3629,3477.6,3505.15,4665183
BALAJITELE,20200907,78,80.05,77,78.25,167714
BALAMINES,20200907,874.9,878.65,815.55,829.25,138419
BALAXI,20200907,563.75,563.75,563.75,563.75,1948
BALKRISHNA,20200907,14.2,14.3,13.5,13.95,33668
BALKRISIND,20200907,1290.1,1303.6,1252.8,1266,662690
BALLARPUR,20200907,1.4,1.5,1.4,1.5,3626366
BALMLAWRIE,20200907,117.4,117.4,116,116.7,100109
BALPHARMA,20200907,45,45,43.2,44.1,8931
BALRAMCHIN,20200907,154.45,155.4,151.2,152.1,431840
BANARBEADS,20200907,53,53.15,51.15,52.25,4329
BANARISUG,20200907,1398.95,1420,1321,1344.1,2325
BANCOINDIA,20200907,92.9,93.2,90,90.6,107869
BANDHANBNK,20200907,309.75,312.7,303.25,307.1,10202253
BANG,20200907,18.95,18.95,18,18.4,4027
BANKBARODA,20200907,46,46.5,45,46.2,30300185
BANKBEES,20200907,233.95,233.95,228.61,231.37,532971
BANKINDIA,20200907,48.55,49.25,47.75,47.85,1554070
BANSWRAS,20200907,69.55,72,68,69.85,7798
BASF,20200907,1497.75,1511.8,1469,1477.95,26595
BASML,20200907,93.15,96.95,91.1,92.25,1404
BATAINDIA,20200907,1349.7,1359.5,1320,1330.65,534106
BAYERCROP,20200907,5920,5920,5770,5797.9,9076
BBL,20200907,800,805,781,784.05,5523
BBTC,20200907,1312,1369.7,1311.95,1344.8,189953
BCG,20200907,7.75,8,7.6,7.7,2014642
BCP,20200907,5.25,5.25,5,5.05,80922
BDL,20200907,391.75,395,381.5,384.45,289095
BEARDSELL,20200907,10.1,10.1,9.55,9.95,34428
BEDMUTHA,20200907,15.6,15.6,15,15,1016
BEL,20200907,106.9,108.15,104.7,105.6,6386135
BEML,20200907,669,679,664.05,667.6,221967
BEPL,20200907,60.2,61.75,58.6,59.65,319964
BERGEPAINT,20200907,551,558.65,548.1,555,829724
BFINVEST,20200907,302.2,306.4,300.1,301.75,16043
BFUTILITIE,20200907,260.7,262.4,251.2,254.05,142999
BGRENERGY,20200907,39.6,41.4,39.1,39.45,152753
BHAGERIA,20200907,133.5,136.9,132.6,135.9,34977
BHAGYANGR,20200907,17.95,18.3,17.75,17.95,15617
BHAGYAPROP,20200907,21.6,21.9,20.65,21.65,8936
BHANDARI,20200907,1.2,1.25,1.15,1.15,141361
BHARATFORG,20200907,493.1,495.65,482.8,486.8,2040432
BHARATGEAR,20200907,52.85,53.95,51.55,52.15,11702
BHARATRAS,20200907,9310,9486,9211.15,9242.4,4251
BHARATWIRE,20200907,26.35,27.65,25.25,27.5,9526
BHARTIARTL,20200907,525,528,510.3,515.45,16147428
BHEL,20200907,38.95,39.15,38.15,38.45,19331484
BIGBLOC,20200907,46.5,47.9,46.1,47.65,12342
BIL,20200907,182.85,182.85,175,176,630
BILENERGY,20200907,0.95,0.95,0.9,0.95,482867
BINDALAGRO,20200907,11.4,12.15,11.4,11.65,14981
BIOCON,20200907,420.95,424.3,415.4,422,3966218
BIOFILCHEM,20200907,35.55,35.55,35.55,35.55,16444
BIRLACABLE,20200907,57.3,59.95,55.05,56.35,68149
BIRLACORPN,20200907,602.65,612.8,594.85,598.85,85943
BIRLAMONEY,20200907,43.2,44.8,41.15,42.7,444921
BIRLATYRE,20200907,23.4,23.9,22.55,22.65,337671
BKMINDST,20200907,1,1,0.95,0.95,17221
BLBLIMITED,20200907,6.45,6.45,6,6.05,20356
BLISSGVS,20200907,149.1,154.4,146.7,150.9,748161
BLKASHYAP,20200907,7.7,8,7.4,7.45,105625
BLS,20200907,104,108.75,102.1,104.1,69478
BLUECHIP,20200907,0.05,0.05,0.05,0.05,5000
BLUEDART,20200907,2320,2746.8,2310,2638.4,382668
BLUESTARCO,20200907,620,625.65,610.45,618.6,72825
BODALCHEM,20200907,71.5,72.4,69.05,69.45,452687
BOMDYEING,20200907,66.8,67.05,65,65.15,869428
BOROLTD,20200907,153,160,153,154.8,29355
BORORENEW,20200907,76.15,76.7,75.5,75.85,64924
BOSCHLTD,20200907,12970,13142.15,12641.1,13065.7,61989
BPCL,20200907,411,411,396.2,400.2,8308845
BPL,20200907,19.25,19.25,18.3,18.6,53213
BRFL,20200907,14.05,14.8,13.7,13.7,213604
BRIGADE,20200907,163,177.5,160.05,175,176868
BRITANNIA,20200907,3732.9,3750,3655,3724.05,437318
BRNL,20200907,35.6,37.5,33.2,36.65,2509198
BROOKS,20200907,40.85,40.85,39.2,40,12191
BSE,20200907,525,540,510.8,534.3,465855
BSELINFRA,20200907,1.05,1.05,1,1.05,45838
BSL,20200907,24.5,24.85,22.2,22.95,21705
BSLGOLDETF,20200907,4645,4718,4645,4684.5,211
BSLNIFTY,20200907,127.35,127.35,124.11,126.46,130
BSOFT,20200907,167.8,168.6,161.1,163.1,631383
BURNPUR,20200907,1.45,1.45,1.45,1.45,27121
BUTTERFLY,20200907,210.95,210.95,201.1,205.9,27970
BVCL,20200907,17.15,17.15,16,16,1051
BYKE,20200907,14.2,15,14.15,14.25,21498
CADILAHC,20200907,382.9,382.9,366.85,370.4,3179672
CALSOFT,20200907,10.95,10.95,10.95,10.95,1105
CAMLINFINE,20200907,88.95,89,85,86.3,188604
CANBK,20200907,102.75,103.6,101.5,101.9,5109018
CANFINHOME,20200907,375,383.1,370.05,371.15,289255
CANTABIL,20200907,308.6,317.75,308.6,313.75,160868
CAPACITE,20200907,125,126.75,121,121.9,27117
CAPLIPOINT,20200907,525.1,541.6,516,534.7,278934
CAPTRUST,20200907,72,72,66.1,68.35,1583
CARBORUNIV,20200907,257.6,259.45,253.25,254.1,60002
CAREERP,20200907,149.1,153.15,146.25,151.65,31451
CARERATING,20200907,404.05,409,403,405.2,69762
CASTEXTECH,20200907,0.35,0.35,0.35,0.35,147863
CASTROLIND,20200907,120.5,121.75,117.8,118.65,1160979
CCCL,20200907,0.35,0.35,0.35,0.35,1
CCHHL,20200907,3.2,3.25,3.1,3.1,35312
CCL,20200907,254,254.35,239,246.35,173047
CDSL,20200907,467.5,480,460,463.6,2243087
CEATLTD,20200907,887.45,893,872.5,880.1,56258
CEBBCO,20200907,17.25,17.95,16.25,16.75,60232
CELEBRITY,20200907,4.85,4.85,4.5,4.6,14329
CENTENKA,20200907,168.8,169.85,165.25,166.15,10515
CENTEXT,20200907,3.85,3.95,3.7,3.8,218442
CENTRALBK,20200907,17.1,17.2,16.95,17,556301
CENTRUM,20200907,16.25,17,16,16.1,333579
CENTUM,20200907,347,363.05,341.3,354.6,24974
CENTURYPLY,20200907,159.05,164,157.55,159.8,772789
CENTURYTEX,20200907,352.9,358.2,338.5,344,1971836
CERA,20200907,2449.7,2545,2449.7,2529.45,7293
CEREBRAINT,20200907,29.2,30,29.05,29.55,172898
CESC,20200907,609.1,610.95,600.95,608.35,59316
CESCVENT,20200907,242.25,247.6,237.1,239.05,44339
CGCL,20200907,225.1,227.65,222.1,225.4,72760
CGPOWER,20200907,25.8,25.8,23.5,24.35,10456423
CHALET,20200907,154.25,155.5,150,150.55,102988
CHAMBLFERT,20200907,146.05,146.5,140.5,141.9,1110414
CHEMBOND,20200907,164,164,155.5,156.2,12029
CHEMFAB,20200907,147,147,143.6,143.95,2323
CHENNPETRO,20200907,79.3,79.8,77.1,77.35,248350
CHOLAFIN,20200907,236.1,238.2,222.4,226.45,6325386
CHOLAHLDNG,20200907,416.35,426,416,419.65,24869
CHROMATIC,20200907,0.95,0.95,0.85,0.85,45275
CIGNITITEC,20200907,289,295.5,281.5,284.6,30061
CIMMCO,20200907,21.4,21.6,20.25,20.8,22846
CINELINE,20200907,28.3,29.35,28,28.25,34473
CINEVISTA,20200907,6.9,6.9,6.4,6.65,8561
CIPLA,20200907,728,733.8,707,716.75,4688730
CLEDUCATE,20200907,45.25,53.25,45.25,52.1,57617
CLNINDIA,20200907,370.4,370.4,362.05,364.5,39412
CMICABLES,20200907,40.85,41.8,39.45,39.75,34197
CNOVAPETRO,20200907,6.35,6.9,6.35,6.4,217
COALINDIA,20200907,133,133.8,130.75,131.95,8781895
COCHINSHIP,20200907,329.25,333,326.5,329.85,158303
COFORGE,20200907,1922,1947.15,1885,1922.5,79638
COLPAL,20200907,1362,1373.7,1343.25,1369.45,1031617
COMPINFO,20200907,13.7,13.7,13.1,13.5,86473
COMPUSOFT,20200907,8.6,8.6,8.05,8.2,41990
CONCOR,20200907,391.7,396.45,382.65,385.65,1461799
CONFIPET,20200907,20.95,20.95,19.7,20,164772
CONSOFINVT,20200907,36.65,36.7,30.95,32.75,10319
CONTROLPR,20200907,223,224.85,221.25,222.9,1588
CORALFINAC,20200907,21.1,21.1,19.55,20.6,17008
CORDSCABLE,20200907,42.4,42.4,39.2,40.4,7044
COROMANDEL,20200907,749.95,749.95,728.15,735.9,192227
COSMOFILMS,20200907,400,403.75,384.2,386,126602
COUNCODOS,20200907,1.35,1.35,1.3,1.3,6059
CPSEETF,20200907,19.5,19.5,17.94,17.99,557763
CREATIVE,20200907,129,129.3,123.7,124.65,12970
CREATIVEYE,20200907,2.4,2.4,2.4,2.4,400
CREDITACC,20200907,706,721.45,685,689.9,83822
CREST,20200907,78.3,86.95,77.5,78.35,7346
CRISIL,20200907,1760.25,1799,1739,1792.25,36771
CROMPTON,20200907,262.15,264.25,258,261.1,624803
CSBBANK,20200907,227,233.7,223.55,226.5,163705
CTE,20200907,26.5,26.55,25.05,25.9,8948
CUB,20200907,141.15,141.95,139,140,808482
CUBEXTUB,20200907,12.2,12.4,11.6,11.9,3950
CUMMINSIND,20200907,468.15,472.55,454.1,455.7,1265851
CUPID,20200907,227.8,228.9,214,218,138835
CYBERTECH,20200907,60.4,68.45,58.3,67.05,1667578
CYIENT,20200907,385.5,389.15,374.05,377.3,164012
DAAWAT,20200907,54.05,55,51.6,52,1206513
DABUR,20200907,486.9,490.95,478.4,487.9,2631682
DALBHARAT,20200907,748.3,748.3,710.5,719.95,128589
DALMIASUG,20200907,134.95,136.55,133.1,133.9,105177
DAMODARIND,20200907,27.65,27.65,21.15,24.25,21646
DATAMATICS,20200907,67.8,67.9,64.95,66.35,41199
DBCORP,20200907,76.5,78.7,75.2,77,109582
DBL,20200907,376,378.45,368,370.7,96464
DBREALTY,20200907,6.95,7.05,6.8,6.9,271559
DBSTOCKBRO,20200907,9.4,9.85,8.95,9.65,727
DCAL,20200907,186.4,187.6,179.1,183.25,350426
DCBBANK,20200907,87.3,89.95,86.7,89.5,1428586
DCM,20200907,22.55,22.95,22.1,22.25,15833
DCMFINSERV,20200907,1.25,1.3,1.25,1.3,858
DCMNVL,20200907,26.5,26.65,25.1,25.5,17259
DCMSHRIRAM,20200907,358.05,360,353.5,353.9,18011
DCW,20200907,14.1,14.1,13.4,13.55,290158
DECCANCE,20200907,287,293.9,287,287.8,22037
DEEPAKFERT,20200907,170.9,174.8,168.05,170.9,485182
DEEPAKNTR,20200907,735,747,712.1,717.1,792038
DEEPIND,20200907,75.8,75.8,71,71.6,21950
DELTACORP,20200907,107.6,108.45,104.4,106.9,816906
DELTAMAGNT,20200907,21,21,20.3,20.35,1988
DEN,20200907,77.9,77.9,75,76,30454
DENORA,20200907,213.55,224.25,213.55,216.95,6956
DFMFOODS,20200907,342,355.65,336.5,348.9,146709
DGCONTENT,20200907,9.45,9.45,9.45,9.45,1491
DHAMPURSUG,20200907,146,147.55,143.05,144,278060
DHANBANK,20200907,13.75,13.95,13.45,13.55,301623
DHANUKA,20200907,777.9,779.9,738,741.7,117046
DHARSUGAR,20200907,4.8,4.9,4.75,4.9,652
DHFL,20200907,14.4,14.75,14.15,14.75,2101186
DHUNINV,20200907,223.55,227.4,217.05,222.5,662
DIAMONDYD,20200907,636.8,636.8,587.3,599.25,9238
DICIND,20200907,373.3,380.95,373,380,1535
DIGISPICE,20200907,8.75,8.85,8.35,8.8,18072
DISHTV,20200907,12.6,12.6,12.6,12.6,1695988
DIVISLAB,20200907,3243.3,3248.6,3170,3199.1,582359
DIXON,20200907,8590,9000,8586.5,8920.1,127234
DLF,20200907,156,156.7,149.6,152.15,11200977
DLINKINDIA,20200907,109.45,112.5,107.6,108.85,327885
DMART,20200907,2270,2278.25,2240.15,2261.4,517068
DNAMEDIA,20200907,0.55,0.6,0.5,0.55,64440
DOLAT,20200907,53.4,54.4,52.35,53.25,28050
DOLLAR,20200907,143.1,148.2,143.1,147.4,64952
DONEAR,20200907,26.55,28.85,26.55,27.95,16254
DPSCLTD,20200907,12.2,12.2,11.8,11.85,15430
DPWIRES,20200907,61.15,61.15,55.5,58,5374
DQE,20200907,1.45,1.5,1.4,1.4,123663
DREDGECORP,20200907,282.45,284.35,277,278.75,36441
DRREDDY,20200907,4344.15,4436,4295.25,4419.85,1230797
DSSL,20200907,27.2,27.2,26.3,26.55,954
DTIL,20200907,240.3,244.9,240,240.9,3000
DUCON,20200907,4.05,4.1,3.9,4.05,66647
DVL,20200907,64.95,64.95,60.15,63.9,6247
DWARKESH,20200907,30.05,30.45,29,29.1,671371
DYNAMATECH,20200907,805.25,809.9,781.2,785.55,10862
DYNPRO,20200907,199.15,205.75,195.4,203.6,101686
EASTSILK,20200907,1.25,1.35,1.25,1.3,6522
EBBETF0423,20200907,1084,1085,1084,1084.49,1768
EBBETF0425,20200907,1001.62,1002.79,1001.56,1002.33,3415
EBBETF0430,20200907,1105,1111,1105,1108.49,40900
EBBETF0431,20200907,998.04,999,996.25,998.48,11518
EBIXFOREX,20200907,465,471,431.4,456.25,2082
ECLERX,20200907,739.5,745.2,711.1,721.1,39264
EDELWEISS,20200907,78.7,79.25,75.5,76,484776
EICHERMOT,20200907,2205,2215,2156,2192.9,1354394
EIDPARRY,20200907,292,295.05,285,291.75,320428
EIHAHOTELS,20200907,246.1,249,242.35,243.6,7822
EIHOTEL,20200907,88.5,88.5,83.3,84.35,651275
EIMCOELECO,20200907,357.95,357.95,325.1,335.4,1399
EKC,20200907,28,28.5,27.05,27.85,33820
ELECON,20200907,30.7,30.7,28.5,28.95,83868
ELECTCAST,20200907,17.05,17.15,16.05,16.3,1570577
ELECTHERM,20200907,109.25,112.8,109.1,109.75,12540
ELGIEQUIP,20200907,220.5,220.5,216,218.1,14152
ELGIRUBCO,20200907,17,17.4,16.55,16.9,4665
EMAMILTD,20200907,372.5,374.75,357.5,358.7,169864
EMAMIPAP,20200907,67,70.95,67,67.95,6378
EMAMIREAL,20200907,46.6,46.6,44.35,45.45,4396
EMKAY,20200907,56.2,59.5,56.2,56.35,3955
EMMBI,20200907,83.65,85,80.7,81.6,27402
ENDURANCE,20200907,1062,1083.9,1051,1055.05,29114
ENERGYDEV,20200907,6.65,6.85,6.5,6.8,9789
ENGINERSIN,20200907,67.1,67.45,66.1,67.15,957858
ENIL,20200907,156.7,163.95,156.5,156.9,7222
EQ30,20200907,340,346.9,317.18,335,49
EQUITAS,20200907,53.9,53.9,52.25,52.65,2168466
ERIS,20200907,504.95,518.65,482.75,485.95,97008
EROSMEDIA,20200907,22.75,22.9,21.65,21.95,88270
ESABINDIA,20200907,1456.6,1480.45,1419.1,1425.35,3832
ESCORTS,20200907,1193.9,1213.9,1135.05,1145.95,3198227
ESSARSHPNG,20200907,10.1,10.45,9.6,9.9,42105
ESSELPACK,20200907,278.65,282.45,267,271.95,135585
ESTER,20200907,74,75.95,72.65,75.55,316788
EUROMULTI,20200907,1.75,1.75,1.75,1.75,1461
EUROTEXIND,20200907,9.65,9.65,8.85,9.65,1898
EVEREADY,20200907,141,150.8,138.4,148,541254
EVERESTIND,20200907,221.45,224,218,220.15,38017
EXCEL,20200907,1.3,1.35,1.3,1.35,11816
EXCELINDUS,20200907,841.7,847.95,830.1,836.35,9776
EXIDEIND,20200907,164.1,164.65,159,161.25,4131623
EXPLEOSOL,20200907,495,504,480,490.8,15129
FACT,20200907,46.6,46.95,45.8,45.9,127547
FAIRCHEM,20200907,551,568.55,539.1,560.5,40566
FCL,20200907,31.8,33.45,31.5,32.95,317387
FCONSUMER,20200907,10.65,11.1,10.4,10.4,14264633
FCSSOFT,20200907,0.5,0.5,0.45,0.45,2592984
FDC,20200907,314.85,323.8,314.85,320.35,128598
FEDERALBNK,20200907,53.85,54.2,52.15,52.85,30459398
FEL,20200907,16.35,16.35,16.35,16.35,1260261
FELDVR,20200907,19.45,19.45,17.75,17.75,238761
FIEMIND,20200907,617,617,576.1,579.4,63097
FILATEX,20200907,28,30,27.6,29,181469
FINCABLES,20200907,285,288.95,279.2,281.55,97816
FINEORG,20200907,2649,2658.7,2547.1,2603.6,38627
FINPIPE,20200907,510.2,524.65,506,510.6,78887
FLEXITUFF,20200907,13.1,13.1,13.1,13.1,13440
FLFL,20200907,120.65,120.65,120.65,120.65,104220
FLUOROCHEM,20200907,535.1,544,521,539,31082
FMGOETZE,20200907,385.3,393.75,372.4,381.65,3325
FMNL,20200907,23.7,23.7,23.7,23.7,22063
FORCEMOT,20200907,1127.3,1140,1085,1120,68988
FORTIS,20200907,133.85,136,133.35,134.9,791905
FOSECOIND,20200907,1250,1267.95,1211,1224.95,513
FRETAIL,20200907,106.9,106.9,106.9,106.9,1638503
FSC,20200907,135.95,135.95,135.95,135.95,183538
FSL,20200907,62.35,63.2,60.6,61.55,1624317
GABRIEL,20200907,108.95,110.25,104.2,105.25,93264
GAEL,20200907,189,205.95,187,199.4,143818
GAIL,20200907,98,98.85,94.85,95.75,11148827
GAL,20200907,2.75,2.85,2.65,2.65,8115
GALAXYSURF,20200907,1819,1839,1795,1828.2,14189
GALLANTT,20200907,31.65,31.65,30.15,30.95,12864
GALLISPAT,20200907,27.25,28.2,27.2,27.45,2804
GAMMNINFRA,20200907,0.7,0.75,0.65,0.7,2346140
GANDHITUBE,20200907,227.5,232,225,230.95,11825
GANECOS,20200907,268.95,269.95,255.65,262.65,7166
GANESHHOUC,20200907,26.75,28.1,26.75,27.65,9139
GANGESSECU,20200907,38.85,38.9,37.35,37.5,130
GARDENSILK,20200907,11,11.35,10.45,11,17909
GARFIBRES,20200907,1955,2010.05,1915.55,1947.65,21380
GATI,20200907,45.4,46.1,44.55,45.05,265048
GAYAHWS,20200907,0.45,0.45,0.4,0.4,280224
GAYAPROJ,20200907,16.3,17,16,16.95,369980
GDL,20200907,96,96.25,92.3,92.95,60330
GEECEE,20200907,72.2,77.7,72.2,73.1,12840
GEEKAYWIRE,20200907,92,92,86.95,91,4177
GENESYS,20200907,54.7,54.7,50.05,50.9,1982
GENUSPAPER,20200907,5.05,5.1,4.95,5.05,157969
GENUSPOWER,20200907,26.2,26.9,26.05,26.2,175504
GEOJITFSL,20200907,38.75,38.9,36.85,37.3,219300
GEPIL,20200907,461,470.3,461,467,5137
GESHIP,20200907,248,259.9,240.55,257.4,396701
GET&D,20200907,109,109,104.5,105.1,15047
GFLLIMITED,20200907,89.9,93,87.75,88.6,19999
GFSTEELS,20200907,3.05,3.05,2.85,3.05,4688
GHCL,20200907,162,164.55,158.85,163.05,124669
GICHSGFIN,20200907,102.5,103.4,99.1,99.75,434359
GICRE,20200907,145,145.85,142,144.9,209573
GILLANDERS,20200907,29.5,29.75,28.35,29.75,1801
GILLETTE,20200907,5594.95,5594.95,5432.6,5513.8,9636
GINNIFILA,20200907,13,13,12.3,12.75,41708
GIPCL,20200907,73.85,73.85,71.5,72.95,78822
GKWLIMITED,20200907,532,539,515,525,61
GLAXO,20200907,1588.25,1669.95,1580.55,1625.95,272134
GLENMARK,20200907,476.75,483,461.55,466.4,2324422
GLFL,20200907,1.75,1.75,1.75,1.75,60
GLOBALVECT,20200907,57.85,57.95,54.35,54.85,18064
GLOBOFFS,20200907,8.4,8.4,7.9,7.9,4723
GLOBUSSPR,20200907,207,212.8,201,203.4,385164
GMBREW,20200907,397,403.8,390.4,392.95,13070
GMDCLTD,20200907,46.75,46.9,45.75,46.1,403999
GMMPFAUDLR,20200907,5701,5749.95,5585,5614.9,23264
GMRINFRA,20200907,24,24,23.3,23.55,11128742
GNA,20200907,230.7,234.3,222.45,224.7,36391
GNFC,20200907,219,221.35,209.3,212.95,1002251
GOACARBON,20200907,222,222.95,213,214.15,25000
GOCLCORP,20200907,196.2,199.75,191.15,194.1,10453
GODFRYPHLP,20200907,941,949.9,917.5,923.4,85336
GODREJAGRO,20200907,493.05,493.5,480.1,483.65,52002
GODREJCP,20200907,658,664,647.45,651.7,1257645
GODREJIND,20200907,440,444.95,422,426.85,105885
GODREJPROP,20200907,925,929.95,895,900.55,367298
GOKEX,20200907,56.8,57.75,55,55.9,103822
GOKUL,20200907,16.15,17.3,15.1,16.4,57396
GOKULAGRO,20200907,14.7,15.15,14.55,14.75,11523
GOLDBEES,20200907,45.25,45.25,44.52,44.75,3982957
GOLDENTOBC,20200907,23.8,23.8,22.2,22.95,2719
GOLDIAM,20200907,116.6,119.85,115,115.35,18802
GOLDSHARE,20200907,4650.15,4670,4610.15,4629.55,1260
GOLDTECH,20200907,9.8,10.8,9.8,10.6,119022
GOODLUCK,20200907,40.8,41.8,39.5,39.85,28266
GPIL,20200907,299.1,314.7,296.5,299.9,50151
GPPL,20200907,83.45,83.45,79.5,80.3,825363
GPTINFRA,20200907,32.95,33.25,31.05,31.65,34133
GRANULES,20200907,350.7,382.95,346.65,375.9,19975291
GRAPHITE,20200907,186.5,188.75,185.05,186.2,258563
GRASIM,20200907,720,720.8,693,700.15,4178265
GRAVITA,20200907,49.35,51.4,48,50.55,173407
GREAVESCOT,20200907,79,80,77.25,77.9,459308
GREENLAM,20200907,717.45,729.5,715,725.45,2823
GREENPANEL,20200907,45.5,48,45.5,46.65,34769
GREENPLY,20200907,88.4,90.45,86.65,87.55,124385
GREENPOWER,20200907,2.05,2.05,2,2,1228757
GRINDWELL,20200907,542,554,534,538,72826
GROBTEA,20200907,596.6,596.6,596.6,596.6,413
GRPLTD,20200907,740,760,715.15,724.2,278
GRSE,20200907,201.3,201.3,193.15,193.85,194003
GSCLCEMENT,20200907,28.3,28.3,27.75,27.9,23983
GSFC,20200907,65.85,66.25,64.35,64.75,403789
GSPL,20200907,199,203.4,192.55,194.5,1086092
GSS,20200907,27.05,27.7,26,26.9,169175
GTL,20200907,1.7,1.7,1.6,1.7,118810
GTLINFRA,20200907,0.75,0.8,0.7,0.75,4776201
GTNIND,20200907,7.85,8.6,7.85,8.5,20645
GTNTEX,20200907,5.1,5.5,5,5.5,10180
GTPL,20200907,95,96.3,91.9,92.3,41905
GUFICBIO,20200907,81.9,82.4,80,81.6,51033
GUJALKALI,20200907,347,354,344,345.25,82627
GUJAPOLLO,20200907,203.05,210,203,207.1,24057
GUJGASLTD,20200907,307,309,298.6,300.95,536947
GUJRAFFIA,20200907,10.55,10.6,10.55,10.6,65
GULFOILLUB,20200907,666,684.95,653.05,658.4,14412
GULFPETRO,20200907,40.2,44,40.2,41.65,33547
GULPOLY,20200907,57,59.3,57,58.35,54718
GVKPIL,20200907,4.1,4.1,4,4.1,6152994
HAL,20200907,914.05,923.95,888.25,892.05,858514
HARITASEAT,20200907,402.35,418.4,391.85,394.75,15352
HARRMALAYA,20200907,95.8,98.5,95.25,95.6,73181
HATHWAY,20200907,35.75,35.75,34,34.25,297923
HATSUN,20200907,749.9,759,743.2,746.5,9095
HAVELLS,20200907,639,653.9,631,648,2381405
HAVISHA,20200907,0.7,0.75,0.65,0.75,34226
HBANKETF,20200907,229.11,230.91,227.4,229.69,7066
HBLPOWER,20200907,16.2,16.2,15.65,15.85,316169
HBSL,20200907,5,5.45,5,5.45,459
HCC,20200907,6.1,6.4,6,6.15,5187439
HCG,20200907,119.5,124.75,117.05,121.35,25389
HCL-INSYS,20200907,8.95,9.05,8.45,8.55,241525
HCLTECH,20200907,696.35,712.4,689.05,708.8,4238823
HDFC,20200907,1773,1801.45,1760,1791.1,4073465
HDFCAMC,20200907,2414,2434.65,2400.5,2422.3,101851
HDFCBANK,20200907,1116.3,1119.5,1099,1110.5,8807764
HDFCLIFE,20200907,576.6,594.5,571.15,591.85,3374335
HDFCMFGETF,20200907,4588.5,4588.5,4560.1,4575.95,4169
HDFCNIFETF,20200907,1198.05,1198.42,1182.91,1192.5,2285
HDFCSENETF,20200907,4166,4166,4066.5,4080,111
HEG,20200907,818.95,828.9,798.95,811.1,249491
HEIDELBERG,20200907,186,189.85,184.8,185.25,128294
HERCULES,20200907,90.4,90.5,85.8,88.5,38687
HERITGFOOD,20200907,330,356.45,329.75,344.5,168161
HEROMOTOCO,20200907,2930,2934.9,2852,2860.15,1476040
HESTERBIO,20200907,1588,1795,1566.6,1720.25,91756
HEXATRADEX,20200907,28.65,29.5,28.45,29.05,13435
HEXAWARE,20200907,407,411.45,397.45,405,1583724
HFCL,20200907,16.6,17.25,16.1,16.9,5213753
HGINFRA,20200907,195.55,203.4,195.55,199.5,41616
HGS,20200907,710,774,709.4,725.65,186987
HIKAL,20200907,162.2,166.2,159.65,161.55,632645
HIL,20200907,1685,1799.7,1620.15,1727.15,45128
HILTON,20200907,10.25,10.85,10.1,10.25,6024
HIMATSEIDE,20200907,76,81.4,75.1,79.6,637980
HINDALCO,20200907,188.3,191.5,186.6,187.5,6839485
HINDCOMPOS,20200907,189.1,194.9,186,189.15,2245
HINDCOPPER,20200907,36.5,36.5,35.6,35.85,379651
HINDMOTORS,20200907,6.05,6.05,5.7,5.9,176909
HINDNATGLS,20200907,27.4,28.8,27.3,28.35,4068
HINDOILEXP,20200907,72.65,76.8,71.05,73.85,501424
HINDPETRO,20200907,200,201.9,195.8,197.45,4435080
HINDUNILVR,20200907,2126,2174,2103.75,2162.6,2363028
HINDZINC,20200907,221.95,222.95,216.1,217.8,888789
HIRECT,20200907,128.05,132.15,125.25,129.2,6861
HISARMETAL,20200907,73.8,76.3,71,73.6,6420
HITECH,20200907,121.95,125.7,120.15,123.45,1113
HITECHCORP,20200907,94.4,95,91.25,91.4,1033
HITECHGEAR,20200907,139.9,139.9,133.7,138.05,1183
HLVLTD,20200907,5,5.35,5,5.1,160691
HMVL,20200907,52.55,53.75,52.05,52.25,14612
HNDFDS,20200907,869.95,893.6,812.25,838.15,27836
HNGSNGBEES,20200907,347.9,347.9,340,342.72,216
HONAUT,20200907,32250,32699,32150,32238.2,1048
HONDAPOWER,20200907,1035,1068,1011.3,1022,2633
HOTELRUGBY,20200907,1.5,1.5,1.5,1.5,4024
HOVS,20200907,42.7,42.7,40.85,41.55,26611
HPL,20200907,35.4,35.4,33.95,34.95,30711
HSCL,20200907,55,55,52.1,52.55,1116341
HSIL,20200907,63,63.9,62.1,63.15,220861
HTMEDIA,20200907,15.15,15.15,14.35,14.6,45613
HUBTOWN,20200907,11.55,11.7,11.35,11.6,16677
HUDCO,20200907,37.55,38.4,37.25,37.8,1768339
IBMFNIFTY,20200907,136.63,137,122.01,125.23,1317
IBREALEST,20200907,62.5,63.8,61.2,62.05,1933915
IBULHSGFIN,20200907,193,198.2,190.1,194.95,15991303
IBULISL,20200907,46.25,49,46.05,48.25,172523
IBVENTURES,20200907,201.5,210,200.5,202.5,1386827
ICICI500,20200907,153.57,154.25,152.75,153.12,3864
ICICIALPLV,20200907,118.15,118.15,116.2,116.54,17326
ICICIB22,20200907,26.77,27,26.05,26.42,136383
ICICIBANK,20200907,374.1,376.85,369,373.4,22324954
ICICIBANKN,20200907,242,242,226.18,228.1,8154
ICICIBANKP,20200907,131,131,123.7,124.43,11636
ICICIGI,20200907,1297,1297,1275,1283.1,108408
ICICIGOLD,20200907,52.5,52.5,45.3,45.53,199032
ICICILIQ,20200907,1000,1000.01,999.45,999.99,10637
ICICILOVOL,20200907,97.7,97.7,93.07,94.09,111833
ICICIM150,20200907,65.8,66,64.3,64.32,14572
ICICIMCAP,20200907,70.2,70.2,62.1,63.44,15037
ICICINF100,20200907,124,124.2,122.71,122.99,1249
ICICINIFTY,20200907,124.87,124.87,118,120.53,97124
ICICINV20,20200907,58.77,58.77,57,57.75,3029
ICICINXT50,20200907,28.47,28.47,27,27.1,16340
ICICIPRULI,20200907,421,431.6,420.05,424.85,2357282
ICICISENSX,20200907,417.5,417.5,410,412,997
ICICITECH,20200907,183,184,180.62,180.62,235
ICIL,20200907,72.5,76.5,72.5,75.5,382627
ICRA,20200907,2784.95,2790,2745,2752.75,581
IDBI,20200907,39.65,39.65,38.1,38.45,875784
IDBIGOLD,20200907,4699.95,4735,4602,4665,193
IDEA,20200907,13.25,13.25,11.95,12.3,1369796857
IDFC,20200907,28.3,29.2,27.65,29,4446319
IDFCFIRSTB,20200907,32,32.1,30.95,31.7,32748872
IDFNIFTYET,20200907,116.7,116.7,115.61,115.65,32
IEX,20200907,192.05,193.05,189,190,329017
IFBAGRO,20200907,321.35,325.85,315,317.8,5183
IFBIND,20200907,548.9,548.9,520,523.3,120980
IFCI,20200907,7.15,7.45,7.05,7.1,2859419
IFGLEXPOR,20200907,169.95,177,158,159.45,10538
IGARASHI,20200907,304,307,295.85,298.75,40730
IGL,20200907,401,404.8,393,397.75,1656490
IGPL,20200907,241.3,245.75,235,236.7,13512
IIFL,20200907,85.6,86.75,83,84.1,342348
IIFLSEC,20200907,40,40.4,38.5,38.6,350254
IIFLWAM,20200907,1014,1014,975,985.95,36842
IITL,20200907,59,59,59,59,162
IMAGICAA,20200907,4.6,4.6,4.35,4.45,63820
IMFA,20200907,243.05,244.7,235.25,239.55,34683
IMPAL,20200907,573,583,555,557.75,1439
IMPEXFERRO,20200907,0.65,0.65,0.6,0.6,31606
INDBANK,20200907,13,13.1,12.3,12.4,173188
INDHOTEL,20200907,101.85,104.25,100.1,103.25,1868318
INDIACEM,20200907,114.25,114.4,111.7,112.5,703253
INDIAGLYCO,20200907,285,288.5,278.15,281.55,70093
INDIAMART,20200907,4249,4764.55,4148,4527.85,568757
INDIANB,20200907,62.7,63.6,61.65,61.95,802160
INDIANCARD,20200907,95,97.8,93.1,95.15,5752
INDIANHUME,20200907,179.85,181,175,176.35,37073
INDIGO,20200907,1250,1267.75,1224,1229.35,2080991
INDLMETER,20200907,17,17.85,16.2,17.5,7555
INDNIPPON,20200907,333.5,344.7,333.5,336.15,8777
INDOCO,20200907,220.2,223.7,215.35,215.85,34209
INDORAMA,20200907,19.5,20.2,19.05,19.4,10604
INDOSTAR,20200907,261.95,267.8,257.25,260.05,15585
INDOTECH,20200907,94,99.35,94,95.55,4782
INDOTHAI,20200907,17.4,18,17.15,17.2,5788
INDOWIND,20200907,3.15,3.15,3.05,3.15,18760
INDRAMEDCO,20200907,50,50.15,48.35,48.95,130800
INDSWFTLAB,20200907,35.9,35.95,33.85,34.15,25768
INDSWFTLTD,20200907,3.55,3.55,3.5,3.55,450
INDTERRAIN,20200907,34.85,35.85,34,34.25,137072
INDUSINDBK,20200907,621.5,624.95,597.55,608.7,13890403
INEOSSTYRO,20200907,502.35,508.55,501,503.1,8158
INFIBEAM,20200907,77.35,79.2,75.6,78.8,691542
INFOBEAN,20200907,127,127,117.55,118.45,27659
INFRABEES,20200907,344.78,344.78,325.83,328.44,473
INFRATEL,20200907,217,235.45,216.75,231,54729401
INFY,20200907,918.9,927.55,913.05,925.05,6700450
INGERRAND,20200907,622.5,627.75,615.6,619.5,10610
INOXLEISUR,20200907,290,294.9,285.1,287.65,576392
INOXWIND,20200907,48.5,50.5,47,47.85,167383
INSECTICID,20200907,492,504,490,490.9,44315
INSPIRISYS,20200907,28.65,29.3,27.9,29.1,9708
INTELLECT,20200907,183.3,190.15,183.3,186.5,93240
INTENTECH,20200907,36.5,36.75,35.2,35.6,8293
INVENTURE,20200907,18.7,18.9,18,18.85,15135
IOB,20200907,10.15,10.2,10,10.05,1932787
IOC,20200907,84.5,84.95,81.8,83.8,14902298
IOLCP,20200907,750.85,759.15,726.35,733.35,608031
IPCALAB,20200907,2022.9,2084,1995,2044.15,349994
IRB,20200907,125.8,128.7,121.8,126.4,1312550
IRCON,20200907,87.2,87.65,83.35,84,1815110
IRCTC,20200907,1390,1451.65,1366,1414.85,3210807
ISEC,20200907,485,486.15,475,479.4,360275
ISFT,20200907,83,83,79,80.7,2454
ISMTLTD,20200907,7.6,7.6,7.6,7.6,50223
ITC,20200907,187.25,190.5,180.8,189.1,32663990
ITDC,20200907,237.45,245,237.45,239.6,13228
ITDCEM,20200907,53.65,53.85,52.15,52.4,179943
ITI,20200907,134.8,135.9,131.55,132.45,622197
IVC,20200907,3.8,3.85,3.65,3.85,90032
IVP,20200907,47.35,48.3,46.7,48.3,1795
IVZINGOLD,20200907,4700.9,4700.9,4620,4650,63
IZMO,20200907,32.2,32.2,31.25,31.4,4772
J&KBANK,20200907,17.6,18.3,17.4,17.9,1143206
JAGRAN,20200907,38.9,40.2,38.9,39.85,165660
JAGSNPHARM,20200907,37.45,37.45,36.35,36.65,25294
JAIBALAJI,20200907,19.95,20.45,18.95,19.2,33627
JAICORPLTD,20200907,89.9,91.35,87.75,88.6,681789
JAINSTUDIO,20200907,3,3.15,3,3,5770
JAMNAAUTO,20200907,47.5,50.7,47.35,49.35,3097457
JASH,20200907,165.4,180,164,171.1,14770
JAYAGROGN,20200907,97,97.45,94.9,95.05,5907
JAYBARMARU,20200907,221.9,225,213.05,216,42693
JAYNECOIND,20200907,3.8,3.8,3.8,3.8,35946
JAYSREETEA,20200907,66.85,68.5,65.1,65.25,87115
JBCHEPHARM,20200907,781.45,784.45,764.3,773.3,196352
JBFIND,20200907,9.3,9.45,9.3,9.45,122659
JBMA,20200907,232.65,236.95,227,228.05,31559
JCHAC,20200907,2124,2163.15,2110.05,2122.25,4023
JHS,20200907,20.4,20.4,19,20.4,356598
JINDALPHOT,20200907,13.95,13.95,13.35,13.4,12165
JINDALPOLY,20200907,451.95,460,445.1,448.9,46078
JINDALSAW,20200907,63.95,64.5,62.2,63.4,917364
JINDALSTEL,20200907,211.4,212.4,202.55,204.55,7219054
JINDRILL,20200907,69.5,71,67,67.45,7242
JINDWORLD,20200907,50,50,47.55,48.85,15189
JISLDVREQS,20200907,12,12.3,11.65,11.9,162905
JISLJALEQS,20200907,13.6,13.7,13.05,13.7,4436729
JITFINFRA,20200907,7.4,7.5,7,7.2,8641
JIYAECO,20200907,10.65,10.8,10.25,10.6,82688
JKCEMENT,20200907,1476,1505.05,1439.9,1474.9,104702
JKIL,20200907,112.1,113.65,110.55,112.05,78796
JKLAKSHMI,20200907,266,266,258.5,258.95,112532
JKPAPER,20200907,94.7,94.7,92.3,92.9,588964
JKTYRE,20200907,59.8,60.05,58.65,59.15,319003
JMA,20200907,28.7,29.6,27.5,28,7820
JMCPROJECT,20200907,52,53.45,51.1,52.1,62214
JMFINANCIL,20200907,83.6,84.8,81.1,82.15,1086499
JMTAUTOLTD,20200907,3.25,3.25,3.05,3.1,349634
JOCIL,20200907,191,193.8,181,185.65,10364
JPASSOCIAT,20200907,3.85,3.85,3.7,3.85,6367083
JPINFRATEC,20200907,1.4,1.4,1.35,1.35,1263951
JPOLYINVST,20200907,17.85,17.9,16.25,16.25,1777
JPPOWER,20200907,2.75,2.75,2.65,2.75,5459496
JSL,20200907,46.6,46.95,45.05,46.55,405124
JSLHISAR,20200907,95.45,96.6,92.55,93.1,219533
JSWENERGY,20200907,59.4,62,58,61.35,4991144
JSWHL,20200907,2457,2457,2355.2,2410.95,985
JSWSTEEL,20200907,281,287.75,278.85,286.5,8634438
JTEKTINDIA,20200907,76.9,78,76.05,76.3,69508
JUBILANT,20200907,791.25,808,771.9,779,975444
JUBLFOOD,20200907,2245.1,2272.3,2215.7,2233.8,890609
JUBLINDS,20200907,154.8,159.9,148.5,150.4,55147
JUMPNET,20200907,96.4,96.6,94.8,95.5,712948
JUNIORBEES,20200907,300,324.9,274,281.93,37549
JUSTDIAL,20200907,391.45,395,381.05,387.15,634594
JYOTHYLAB,20200907,140.7,140.7,139,139.85,435590
KABRAEXTRU,20200907,69.25,69.25,64.45,66.65,12960
KAJARIACER,20200907,440.25,456.95,435,446.15,118694
KAKATCEM,20200907,152.8,155,145.65,146.4,10300
KALPATPOWR,20200907,254.85,257.4,248.15,254.15,134702
KALYANIFRG,20200907,148.7,158.9,147.05,152.95,720
KAMATHOTEL,20200907,32,32.15,31.3,31.6,31619
KAMDHENU,20200907,77.3,77.9,74.1,75.35,19978
KANANIIND,20200907,3.6,3.6,3.45,3.5,2040
KANORICHEM,20200907,38,38.2,36.7,36.75,15128
KANSAINER,20200907,490,494.5,478.55,490,66831
KAPSTON,20200907,83.5,89.6,83.5,89,1071
KARDA,20200907,86.5,87.95,84.4,84.4,17313
KARMAENG,20200907,11.15,11.15,10.4,10.4,849
KARURVYSYA,20200907,38,38.2,37,37.35,948318
KAUSHALYA,20200907,2.3,2.3,2.3,2.3,21337
KAYA,20200907,220,224,215.4,221.45,4345
KCP,20200907,64.55,64.55,61.35,62.15,754761
KCPSUGIND,20200907,15.65,15.8,15.15,15.55,197582
KDDL,20200907,150,154.85,145.45,146.85,12334
KEC,20200907,328.85,332,323,329.95,235482
KECL,20200907,12.35,12.4,11.75,12.1,43873
KEI,20200907,393,393.9,376.5,379,143741
KELLTONTEC,20200907,38.6,39.45,38.3,39.45,451104
KENNAMET,20200907,763,775,759.65,772.05,788
KERNEX,20200907,19,19,18.1,18.6,935
KESORAMIND,20200907,43.15,44.9,42.9,44.4,223976
KEYFINSERV,20200907,42.8,42.8,36.45,37.5,1199
KHADIM,20200907,117.95,118.05,114.05,115.55,20135
KHANDSE,20200907,9.3,9.75,9,9.15,9118
KICL,20200907,1377.85,1392.05,1351,1365.35,483
KILITCH,20200907,87.55,89.8,86,86.3,4474
KINGFA,20200907,470.45,499,450,461.85,12137
KIOCL,20200907,139.8,139.8,131,132.1,36472
KIRIINDUS,20200907,544.8,554.85,528.75,548.6,87944
KIRLFER,20200907,89,89.55,82.95,85.15,68282
KIRLOSBROS,20200907,124.75,125.7,123,124.8,33982
KIRLOSENG,20200907,126.45,127,120.3,121.1,93530
KIRLOSIND,20200907,649.8,649.8,631.05,640.25,339
KITEX,20200907,104.05,105.9,103.5,104,59811
KKCL,20200907,799.95,818.95,793.15,806.45,1293
KMSUGAR,20200907,11.6,12.5,11.6,12,89013
KNRCON,20200907,245.15,245.9,235.55,243.05,105156
KOKUYOCMLN,20200907,58.8,58.8,56.8,57.35,88548
KOLTEPATIL,20200907,172,172.2,167,167.45,38554
KOPRAN,20200907,75.5,77,72.7,73.85,282780
KOTAKBANK,20200907,1379,1379,1356.4,1368.75,2321552
KOTAKBKETF,20200907,236,236,229.7,231.36,280091
KOTAKGOLD,20200907,450.1,450.1,447,447.9,31149
KOTAKNIFTY,20200907,123,123,117.3,117.81,62079
KOTAKNV20,20200907,58,58.99,57.7,58.29,3086
KOTAKPSUBK,20200907,143,145.8,142.22,145.13,1041
KOTARISUG,20200907,15.15,15.5,14.6,15,57682
KOTHARIPET,20200907,15.95,15.95,15.25,15.35,24564
KOTHARIPRO,20200907,61.55,64,61.55,63.85,3871
KPITTECH,20200907,84.9,86.3,81.1,83.1,209218
KPRMILL,20200907,555,599.95,555,568.7,201005
KRBL,20200907,264.7,265,256.85,257.8,105309
KREBSBIO,20200907,84.05,87,84,85.2,4933
KRIDHANINF,20200907,3.15,3.15,2.95,3.1,98299
KRISHANA,20200907,60,60,60,60,290
KSB,20200907,522.3,530.9,516.2,522.05,7207
KSCL,20200907,585.75,589.5,570,572,120935
KSERASERA,20200907,0.25,0.3,0.25,0.25,2150976
KSK,20200907,0.45,0.45,0.4,0.4,220652
KSL,20200907,213,215,207.65,209,43964
KTKBANK,20200907,45.25,45.5,44.75,45.35,718296
KUANTUM,20200907,47.65,50.95,47.65,49,4408
KWALITY,20200907,3.1,3.15,3.1,3.15,403375
L&TFH,20200907,66.3,66.6,63,63.75,13475118
LAKSHVILAS,20200907,19.9,20.15,19.5,19.55,470032
LALPATHLAB,20200907,1854,1864.85,1803.9,1817,76608
LAMBODHARA,20200907,30.35,31.7,28.4,29.2,4469
LAOPALA,20200907,205.65,214.6,204,210,83115
LASA,20200907,60.2,60.6,57.2,58.55,107912
LAURUSLABS,20200907,1187,1220,1175.8,1199.35,1068442
LAXMIMACH,20200907,3850,3945.2,3720,3791.2,78753
LEMONTREE,20200907,27.55,28.1,27.1,27.8,794897
LFIC,20200907,53.15,53.25,50.3,51.75,591
LGBBROSLTD,20200907,252,269,252,258.8,119080
LGBFORGE,20200907,2.4,2.6,2.4,2.5,35928
LIBAS,20200907,34.6,36.2,34.4,34.6,20119
LIBERTSHOE,20200907,150.95,151.3,146.15,147,63261
LICHSGFIN,20200907,294.15,297.55,289.35,293.95,3579799
LICNETFGSC,20200907,21.2,21.55,21.2,21.22,4325
LICNETFN50,20200907,119.99,120.99,116.95,120.5,3237
LICNETFSEN,20200907,403.1,427,403.1,417,67
LICNFNHGP,20200907,115,119.5,113,113.3,842
LINCOLN,20200907,239.95,245,232.65,241.55,110051
LINCPEN,20200907,168.5,174.8,162.1,165.4,22953
LINDEINDIA,20200907,714.25,724.95,702.25,707.1,36295
LIQUIDBEES,20200907,1002.99,1002.99,999.95,1000,1158059
LIQUIDETF,20200907,999.99,1000.01,999.99,999.99,17302
LOKESHMACH,20200907,22.2,22.5,21.6,21.85,14010
LOTUSEYE,20200907,30.15,31.8,29.5,31.2,17182
LOVABLE,20200907,64.5,64.5,61.5,62.1,14027
LPDC,20200907,1.85,1.85,1.8,1.85,12452
LSIL,20200907,0.8,0.8,0.75,0.75,1064404
LT,20200907,947.15,950.75,916.25,932.15,3470842
LTI,20200907,2475,2498,2403,2410,105558
LTTS,20200907,1560.2,1576.25,1515,1520.85,230276
LUMAXIND,20200907,1530,1535.15,1470.55,1480.35,4989
LUMAXTECH,20200907,95.15,99,95.15,95.9,13868
LUPIN,20200907,949,953.3,921.75,925.3,2220516
LUXIND,20200907,1364.95,1405,1332,1388.5,86037
LYKALABS,20200907,19.2,19.7,18.7,19.05,8451
LYPSAGEMS,20200907,3.2,3.3,3.1,3.1,15327
M&M,20200907,632.3,633.85,605.3,610.45,9388041
M&MFIN,20200907,137.25,137.8,132,132.8,5843434
M100,20200907,17.19,17.99,17.19,17.46,29744
M50,20200907,111.3,111.73,110.35,111.61,2996
MAANALU,20200907,71,71.3,68,68.65,13382
MACPOWER,20200907,77,79.8,74.55,75.65,10853
MADHAV,20200907,25.05,26.4,24.2,25.2,3021
MADHUCON,20200907,3,3,2.8,2.8,19169
MADRASFERT,20200907,18.4,18.4,17.85,17.95,32063
MAGADSUGAR,20200907,124.6,124.6,118.2,121.9,6463
MAGMA,20200907,35,35.45,33.9,34.5,388511
MAGNUM,20200907,4.9,4.9,4.5,4.8,1412
MAHABANK,20200907,13,13.15,12.55,12.7,1840932
MAHAPEXLTD,20200907,57.2,62.95,57.1,60.15,915
MAHASTEEL,20200907,112,121,111,119.3,79221
MAHEPC,20200907,164.9,168.8,163.15,164.3,60931
MAHESHWARI,20200907,170,170,161.6,163.45,17935
MAHINDCIE,20200907,132.5,132.7,127.55,128.9,38766
MAHLIFE,20200907,243.55,247,232.45,238.15,49930
MAHLOG,20200907,351.9,355.05,340,342.45,22893
MAHSCOOTER,20200907,3001.3,3084.85,2981.5,2995.65,5028
MAHSEAMLES,20200907,237.55,237.55,228.65,230.45,25975
MAITHANALL,20200907,551.1,558,541.1,543.8,35628
MAJESCO,20200907,762.6,774.4,752.5,757.25,29420
MALUPAPER,20200907,26.75,27.85,26.55,26.6,8756
MAN50ETF,20200907,115.2,115.8,115,115.63,41355
MANAKALUCO,20200907,8.8,8.8,8.2,8.4,10892
MANAKCOAT,20200907,4.1,4.1,3.95,4.1,1299
MANAKSIA,20200907,41.8,41.8,39,39.9,20064
MANAKSTEEL,20200907,9.6,9.6,9.1,9.45,6917
MANALIPETC,20200907,28.9,29.85,27.3,27.85,2686788
MANAPPURAM,20200907,152.95,153,143.65,145.6,8640253
MANGALAM,20200907,136,138.9,134,138.9,76077
MANGCHEFER,20200907,34.2,34.3,32.7,32.95,119846
MANGLMCEM,20200907,201.85,201.85,196.05,196.6,20097
MANGTIMBER,20200907,7.45,8,7.45,7.9,802
MANINDS,20200907,63.8,64,62,62.7,664109
MANINFRA,20200907,24.8,25.3,24.6,24.7,179229
MANUGRAPH,20200907,10.2,10.7,9.75,9.8,9452
MANXT50,20200907,271.01,271.7,270,270,292
MARALOVER,20200907,13.4,13.4,12.7,12.95,2666
MARATHON,20200907,55.05,58,54.1,56.5,8573
MARICO,20200907,373.9,375.65,368.4,370.1,1477925
MARKSANS,20200907,46.6,48.95,46.55,47.8,1374497
MARUTI,20200907,7225,7300,7129.25,7209.15,1348919
MASFIN,20200907,845,854.35,815.45,827.5,16893
MASTEK,20200907,714,724,694.1,697.25,66590
MATRIMONY,20200907,552,576.8,549.9,554.45,4360
MAWANASUG,20200907,29.05,29.05,27.9,28.1,30740
MAXHEALTH,20200907,115.65,118.7,112.65,113.35,740174
MAXIND,20200907,56,56,56,56,41375
MAXVIL,20200907,38.4,39.4,37.35,38.45,81787
MAYURUNIQ,20200907,281.75,285.65,272.25,278.8,48675
MAZDA,20200907,395.15,398.3,388,395.8,5452
MBAPL,20200907,70.7,70.7,65,65,507
MBECL,20200907,6.5,6.5,6.3,6.5,38174
MBLINFRA,20200907,9.15,9.2,8.5,8.5,89052
MCDHOLDING,20200907,22.3,23.9,22.3,22.65,26586
MCDOWELL-N,20200907,570.5,573.75,556,560.35,1916213
MCL,20200907,73.45,76.95,71.1,72.4,8731
MCLEODRUSS,20200907,20.25,20.25,20.25,20.25,111273
MCX,20200907,1620,1635,1570,1581.75,171375
MEGASOFT,20200907,9,9,8.55,8.6,35726
MEGH,20200907,70,71.4,68.6,69.15,564189
MENONBE,20200907,42.75,42.75,40.75,41.15,22513
MEP,20200907,18.5,18.5,17.2,17.3,24798
MERCATOR,20200907,1,1,0.9,0.95,747334
METALFORGE,20200907,5.75,6,5.5,5.5,3754
METROPOLIS,20200907,1800,1809.25,1772.3,1782.05,33807
MFSL,20200907,599,599.75,583.55,590.95,1145712
MGL,20200907,914.95,923.65,896.6,904.15,613955
MHRIL,20200907,178.25,181,177.5,179.75,23025
MIC,20200907,0.5,0.6,0.5,0.6,79218
MIDHANI,20200907,208,208.9,204.5,206.05,324329
MINDACORP,20200907,74.7,74.85,72.55,73.25,260243
MINDAIND,20200907,346,352.7,336,340.6,189615
MINDTECK,20200907,35.2,35.2,33.25,33.85,6354
MINDTREE,20200907,1194.15,1209.6,1182.05,1205.3,475600
MIRCELECTR,20200907,9.35,9.7,9.05,9.7,365878
MIRZAINT,20200907,53,53.1,51,51.6,165792
MITTAL,20200907,29,29,29,29,4530
MMFL,20200907,266.3,274.95,266,267.15,6777
MMP,20200907,87.95,88.5,83.35,83.35,10534
MMTC,20200907,18.5,18.7,18.15,18.2,793795
MODIRUBBER,20200907,31.9,32.5,30.35,30.7,1001
MOHITIND,20200907,3.2,3.2,3.2,3.2,25
MOHOTAIND,20200907,10.25,10.3,9.4,9.6,6115
MOIL,20200907,149.2,149.95,146.45,148.1,107354
MOLDTECH,20200907,40.75,41.55,38.2,38.95,53109
MOLDTKPAC,20200907,290,297.9,286.05,293.5,39938
MONTECARLO,20200907,179.9,179.9,172.15,172.9,21593
MORARJEE,20200907,10.2,10.7,10,10.2,2668
MOREPENLAB,20200907,26,26.45,25.55,26.1,1473816
MOTHERSUMI,20200907,113.3,114.95,111.5,114,6394143
MOTILALOFS,20200907,671.1,684.8,659.75,662.2,27869
MOTOGENFIN,20200907,17.95,17.95,16.7,17.15,3646
MPHASIS,20200907,1154,1164.9,1135,1148.85,128042
MPSLTD,20200907,383.15,385,377.25,377.5,11545
MRF,20200907,58425.4,58854.95,58000,58374.2,12609
MRO-TEK,20200907,26.6,26.6,26.5,26.55,822
MRPL,20200907,31.8,31.95,30.3,30.45,1748969
MSPL,20200907,6.95,7.4,6.9,7,5790
MSTCLTD,20200907,156.5,161,153,156.25,575175
MTEDUCARE,20200907,12,12.7,12,12.35,42660
MTNL,20200907,9.3,9.4,9.2,9.25,586307
MUKANDENGG,20200907,9.6,9.95,9.1,9.9,6174
MUKANDLTD,20200907,31.95,32,31.95,32,10680
MUKTAARTS,20200907,26.45,27.65,25.55,26.9,23814
MUNJALAU,20200907,57,57.6,55.45,55.9,180442
MUNJALSHOW,20200907,134.05,136.95,128.65,131.15,36303
MURUDCERA,20200907,16.05,16.35,15.8,15.95,16722
MUTHOOTCAP,20200907,453.6,453.6,420.8,423.7,21195
MUTHOOTFIN,20200907,1120,1126.5,1081.2,1094.65,2362109
N100,20200907,854.6,854.6,830.05,833.46,44231
NACLIND,20200907,40.4,43.2,40.4,40.9,94695
NAGAFERT,20200907,4.9,4.9,4.55,4.6,384843
NAGREEKCAP,20200907,5.85,5.85,5.5,5.5,1002
NAGREEKEXP,20200907,13.2,14.15,13,13.9,5210
NAHARCAP,20200907,65.65,67.6,65.6,66.55,4555
NAHARINDUS,20200907,25.55,26.85,25.55,26,2620
NAHARPOLY,20200907,65.4,65.4,60.2,62.5,6499
NAHARSPING,20200907,37.1,37.45,36.3,37,5885
NAM-INDIA,20200907,275.4,283,273.55,281.55,925065
NATCOPHARM,20200907,772.6,783.05,751,761.3,174594
NATHBIOGEN,20200907,290,295.15,282,284.55,32356
NATIONALUM,20200907,36.45,36.9,35.1,36.2,11734157
NATNLSTEEL,20200907,4.45,4.45,4.35,4.45,21262
NAUKRI,20200907,3379.1,3386.35,3275.5,3292.95,397881
NAVINFLUOR,20200907,1999.3,2024,1951.05,1964.4,63238
NAVKARCORP,20200907,27,27.05,26.3,26.5,127102
NAVNETEDUL,20200907,77.5,78.45,76.1,77.9,48553
NBCC,20200907,27.3,27.55,26.2,26.6,5591035
NBIFIN,20200907,1506.15,1573,1506.15,1573,3
NBVENTURES,20200907,60.7,61.9,58.75,59.7,299351
NCC,20200907,34.2,34.5,33.45,33.8,5646611
NCLIND,20200907,102.45,105,101.25,102.1,223658
NDGL,20200907,615.05,616.05,615.05,616,4
NDL,20200907,21.75,22.35,21.5,21.7,6190
NDRAUTO,20200907,172.7,172.7,164.2,166.5,7906
NDTV,20200907,35.55,35.9,35,35.55,13075
NECCLTD,20200907,9.5,9.5,8.8,9,26518
NECLIFE,20200907,21,21.3,20.65,20.75,155176
NELCAST,20200907,55,55.3,53,53.45,75265
NELCO,20200907,201.05,205.35,196.6,198.65,61791
NEOGEN,20200907,689,734,689,717,32953
NESCO,20200907,543,555.95,536.85,545.5,61304
NESTLEIND,20200907,16241,16515,15972.1,16403.5,104808
NETF,20200907,120,120,114.3,114.35,60
NETFCONSUM,20200907,54,55.37,53.8,54.4,762
NETFDIVOPP,20200907,29.15,29.15,28,29,317
NETFIT,20200907,18.11,18.44,18.05,18.1,114911
NETFLTGILT,20200907,22.01,22.01,21.82,21.9,145005
NETFMID150,20200907,64.77,65.49,63.73,64.82,53442
NETFNIF100,20200907,121,121.5,117.31,120.9,470
NETFNV20,20200907,60.3,60.31,58.85,59.52,763
NETWORK18,20200907,36.5,36.5,35.55,35.75,585348
NEULANDLAB,20200907,998.2,1000.7,960,974.85,80587
NEWGEN,20200907,203.7,209.65,198.8,205.75,23613
NEXTMEDIA,20200907,5.45,5.5,5.2,5.5,1093
NFL,20200907,35.5,35.65,34.8,34.85,274409
NH,20200907,319.1,321.95,315,317,51402
NHPC,20200907,21.5,21.7,21.3,21.35,1869499
NIACL,20200907,113.4,113.65,110.95,111.65,214260
NIBL,20200907,6.35,6.4,6.05,6.4,3930
NIFTYBEES,20200907,134.88,134.88,119,121.27,1011229
NIFTYEES,20200907,14268,14976,14268,14809,11
NIITLTD,20200907,124.4,125.7,119.85,121.05,381234
NILAINFRA,20200907,5,5.25,5,5.05,138718
NILASPACES,20200907,1.25,1.3,1.2,1.2,241265
NILKAMAL,20200907,1274.65,1289.75,1261.15,1271,5180
NIPPOBATRY,20200907,550.2,554.5,527.3,539.3,1224
NITCO,20200907,18.8,18.9,18.25,18.4,12474
NITINSPIN,20200907,39.35,39.7,38.2,38.45,42139
NKIND,20200907,20.2,20.2,19.2,20.1,194
NLCINDIA,20200907,54.1,55.8,52.6,52.9,2277838
NMDC,20200907,94.4,96.6,93.15,93.75,8029180
NOCIL,20200907,128.8,132.7,127.85,132.05,1657951
NOIDATOLL,20200907,3.3,3.5,3.3,3.45,25543
NORBTEAEXP,20200907,12.1,12.1,12.1,12.1,3850
NPBET,20200907,126,129.7,123,127,161
NRAIL,20200907,214,214,201.35,203.3,22921
NRBBEARING,20200907,84.75,85.8,83.8,84.55,75357
NSIL,20200907,776.95,776.95,741,758.15,225
NTL,20200907,0.9,0.9,0.8,0.9,44704
NTPC,20200907,94.8,96,92.05,92.4,28474983
NUCLEUS,20200907,498.05,504.65,490,493.15,60134
NXTDIGITAL,20200907,701,705,650.05,683.65,16297
OAL,20200907,335,335,312.5,314.6,8711
OBEROIRLTY,20200907,371.15,386,368.6,379.2,860884
OCCL,20200907,807,818.9,795,798.95,5234
OFSS,20200907,3020,3050,2960,2965.35,27860
OIL,20200907,95,95.6,93.6,95.1,427659
OILCOUNTUB,20200907,4.05,4.3,4,4.15,5766
OISL,20200907,3.8,3.95,3.65,3.95,215378
OLECTRA,20200907,70.95,70.95,66.4,68,28778
OMAXAUTO,20200907,45.65,46.8,43.5,44.1,18954
OMAXE,20200907,69.45,70.75,67.45,69.65,62211
OMKARCHEM,20200907,7,7.5,6.9,7.3,25713
OMMETALS,20200907,17.8,18.1,16.7,17.55,160489
ONELIFECAP,20200907,6.2,6.2,5.9,6.15,509
ONEPOINT,20200907,11.65,12.5,11.65,11.95,2499
ONGC,20200907,78.2,78.35,75.95,76.45,16574103
ONMOBILE,20200907,39.95,40.5,39.9,40.5,65311
ONWARDTEC,20200907,59.45,64.3,58.6,63.3,70832
OPTIEMUS,20200907,42.75,47.25,42.75,47.1,132318
OPTOCIRCUI,20200907,7.15,7.45,7.05,7.35,1907907
ORBTEXP,20200907,68.35,68.35,64.7,65,8893
ORICONENT,20200907,21.95,22.05,20.7,20.85,166859
ORIENTABRA,20200907,18.9,18.9,18,18.25,30021
ORIENTALTL,20200907,9.9,9.9,9.35,9.9,37980
ORIENTBELL,20200907,100.1,102.05,99.5,100.15,25328
ORIENTCEM,20200907,64.05,65.35,63.7,63.9,100838
ORIENTELEC,20200907,199.9,201.6,192.55,193.7,611949
ORIENTHOT,20200907,21.9,22.3,21.05,21.35,13354
ORIENTLTD,20200907,84.15,88.05,84.15,84.4,57
ORIENTPPR,20200907,17.75,17.8,17.5,17.55,225412
ORIENTREF,20200907,194.25,199.85,192,192.45,25587
ORISSAMINE,20200907,2375,2419,2350,2373.25,5895
ORTINLABSS,20200907,22,22.05,21.05,21.05,49812
OSWALAGRO,20200907,8.8,8.8,8.45,8.5,27278
PAGEIND,20200907,18550,18625,17900,18305.65,89494
PAISALO,20200907,430.45,438.95,427.9,431.85,4002
PALASHSECU,20200907,30.65,31.8,30.2,30.45,1127
PALREDTEC,20200907,22.7,24.9,22.7,24.9,8414
PANACEABIO,20200907,188.85,188.85,184.05,186.15,73039
PANACHE,20200907,56.25,57.85,56.25,57.05,4427
PANAMAPET,20200907,54.25,54.4,52.8,53.45,67153
PAPERPROD,20200907,262,263,256.8,258.1,245507
PARACABLES,20200907,7.6,7.9,7.6,7.7,54297
PARAGMILK,20200907,107,108.2,104.25,107.65,513091
PARSVNATH,20200907,3.1,3.15,3,3.1,33329
PATELENG,20200907,13.3,13.55,13.1,13.25,120166
PATINTLOG,20200907,25.15,25.5,24.35,25.05,31296
PATSPINLTD,20200907,5.9,6.1,5.8,5.8,1884
PCJEWELLER,20200907,15.9,16.2,15.75,15.85,860895
PDMJEPAPER,20200907,14.2,14.8,14.2,14.55,49129
PDSMFL,20200907,270.1,274.75,270,270,222
PEARLPOLY,20200907,18.05,18.05,18.05,18.05,195
PEL,20200907,1293.4,1308.95,1246.9,1268.45,2174310
PENIND,20200907,16.85,17.45,16.85,17.2,68015
PENINLAND,20200907,4.5,4.65,4.35,4.55,110039
PERSISTENT,20200907,990,999.9,964.4,981.05,55860
PETRONET,20200907,237.2,239.45,234.65,236.9,3009426
PFC,20200907,92.95,93.5,91.3,92.3,5279343
PFIZER,20200907,4800,5150,4750,5035.45,194529
PFOCUS,20200907,40.85,40.9,38.05,38.9,27030
PFS,20200907,18.1,18.9,18,18,739085
PGEL,20200907,50.05,52,50,51.5,111079
PGHH,20200907,10016.05,10170.65,10005.5,10092.4,4719
PGHL,20200907,4760,4850,4695,4723.1,24932
PGIL,20200907,150.1,153.1,144,145.4,15781
PHILIPCARB,20200907,125.2,125.95,121.65,122.65,478001
PHOENIXLTD,20200907,654.8,658,631.5,635.75,124147
PIDILITIND,20200907,1443,1453.75,1422.15,1441.75,437212
PIIND,20200907,1899,1900,1825,1879.45,118810
PILANIINVS,20200907,1590.05,1595,1566,1570.05,1517
PILITA,20200907,6.1,6.35,5.85,6.25,86423
PIONDIST,20200907,110.75,112.1,108,108.4,4942
PIONEEREMB,20200907,22.45,22.45,21.5,21.55,3406
PITTIENG,20200907,34.55,35.3,33.8,34.3,276066
PKTEA,20200907,140,140.15,139,140.15,2045
PLASTIBLEN,20200907,202,211.7,194.5,206.5,21125
PNB,20200907,33.85,34.05,33.5,33.8,16536530
PNBGILTS,20200907,42.25,42.25,40.4,40.7,466157
PNBHOUSING,20200907,290,306.3,290,300.05,1392090
PNC,20200907,15.8,16,15.1,15.25,5281
PNCINFRA,20200907,163.5,166,159.7,161.95,170683
PODDARHOUS,20200907,162.45,170,162,167,2213
PODDARMENT,20200907,182.15,183,180,180.45,6485
POKARNA,20200907,130,130.35,126,127.8,30916
POLYCAB,20200907,866.4,878,846,849.2,175262
POLYMED,20200907,449.7,455.7,430,434.3,225481
POLYPLEX,20200907,714.2,724.45,701,703.5,58679
PONNIERODE,20200907,160,164.4,158.25,159.8,5963
POWERGRID,20200907,175.05,176.95,173.05,176.15,7351345
POWERINDIA,20200907,906,915.95,898,911.25,87930
POWERMECH,20200907,448.5,448.5,430,436.45,49354
PPAP,20200907,218,222.75,212.65,220.3,13607
PPL,20200907,77.4,78,74.45,75.85,21728
PRABHAT,20200907,64.5,65.15,64.5,64.6,6964
PRADIP,20200907,0.65,0.65,0.65,0.65,730
PRAENG,20200907,6.15,6.4,6.05,6.3,18475
PRAJIND,20200907,69.25,69.25,66.8,67.65,1389286
PRAKASH,20200907,47.05,47.3,45.8,46.3,277027
PRAKASHSTL,20200907,0.7,0.75,0.7,0.75,419171
PRAXIS,20200907,40.85,40.85,40.85,40.85,19428
PRECAM,20200907,37.85,38.65,36.7,37.35,269924
PRECOT,20200907,29,30.45,29,30.35,1177
PRECWIRE,20200907,126.7,129,122.3,123.2,20229
PREMEXPLN,20200907,130.85,130.85,124.65,124.95,6500
PREMIER,20200907,4.05,4.05,4.05,4.05,4120
PREMIERPOL,20200907,26.6,27.6,26,26.4,11562
PRESSMN,20200907,19.5,19.5,18.6,18.8,22740
PRESTIGE,20200907,247.35,251.75,240.05,241.25,243564
PRICOLLTD,20200907,48.95,50.65,47.5,50.35,644918
PRIMESECU,20200907,49.95,51,47.1,48,42284
PRINCEPIPE,20200907,208,214,202.75,205.2,568503
PROSEED,20200907,0.25,0.35,0.25,0.3,64579
PROZONINTU,20200907,18,18,17.05,17.1,198659
PRSMJOHNSN,20200907,52.5,52.5,51.1,51.45,99203
PSB,20200907,12.15,12.4,12.1,12.15,539618
PSL,20200907,0.5,0.6,0.5,0.5,3266014
PSPPROJECT,20200907,443,443,430.1,431.9,7775
PSUBNKBEES,20200907,17.6,17.6,15.51,16.09,85559
PTC,20200907,59.15,59.8,58.9,59.15,1594032
PTL,20200907,42,43.7,41.25,41.85,20800
PUNJABCHEM,20200907,594.5,624.75,590,604.85,6518
PURVA,20200907,44.15,45.2,43.55,44.15,72316
PVR,20200907,1400,1406.8,1341.2,1354.2,1972594
QGOLDHALF,20200907,2229,2229,2209,2218.85,468
QNIFTY,20200907,1168.7,1168.7,1162,1162,6
QUESS,20200907,385,386,374.85,380.4,137101
QUICKHEAL,20200907,130,131.6,127,128.35,333728
RADICO,20200907,409.3,409.85,395.5,397.55,110966
RADIOCITY,20200907,19.2,19.6,18.75,19,348360
RAIN,20200907,113.5,114.35,110.6,111.95,648006
RAJESHEXPO,20200907,452.5,463,450,452.35,207250
RAJRATAN,20200907,310,314.95,301.1,308.3,1047
RAJSREESUG,20200907,13.95,14.5,13.75,13.75,10318
RAJTV,20200907,35.1,36.85,35.1,36.15,2683
RALLIS,20200907,305.65,312,297.1,304.15,1021936
RAMANEWS,20200907,13.85,14.15,13.75,13.9,10486
RAMASTEEL,20200907,37,38.95,36.25,38.4,1294
RAMCOCEM,20200907,716.1,724.95,703.5,721.35,511331
RAMCOIND,20200907,188.4,192,185,185.25,40003
RAMCOSYS,20200907,280,287.25,276.35,287.25,418504
RAMKY,20200907,31.35,32.5,31,31.25,98852
RANASUG,20200907,6.5,6.8,6.4,6.8,126033
RANEENGINE,20200907,204.65,209.95,201.2,203.15,1551
RANEHOLDIN,20200907,483.35,517.15,483.35,492.3,35570
RATNAMANI,20200907,1192,1198,1155,1162.85,5946
RAYMOND,20200907,284,286.7,275,276.8,590825
RBL,20200907,601.9,601.9,577,580.2,13279
RBLBANK,20200907,188.8,190.6,184.1,186.75,16016982
RCF,20200907,47.8,47.9,46.9,47.1,449907
RCOM,20200907,2.35,2.45,2.3,2.35,8617421
RECLTD,20200907,111,111.5,108.1,109.9,11569814
REDINGTON,20200907,112,116,111,114.1,217998
REFEX,20200907,46.1,47.5,42.5,45.3,90124
RELAXO,20200907,658,666,645,648.5,158839
RELCAPITAL,20200907,9.45,9.5,9.1,9.25,949116
RELIANCE,20200907,2084,2105.75,2044.25,2082.65,10119099
RELIGARE,20200907,42.05,42.1,39.55,41.75,515944
RELINFRA,20200907,27.2,27.9,26.5,26.9,758240
REMSONSIND,20200907,90.95,91.5,86.4,89.55,1443
RENUKA,20200907,10,10.1,9.8,9.9,522935
REPCOHOME,20200907,181.85,181.85,181.85,181.85,75985
REPRO,20200907,390.05,430,390.05,416.5,19841
RESPONIND,20200907,100,104,96.35,97.75,71195
REVATHI,20200907,481.05,481.05,455.6,463.05,1285
RGL,20200907,265,273,263,270.6,7570
RHFL,20200907,2.1,2.1,2,2.05,1084679
RICOAUTO,20200907,31.45,32.25,30.95,31.15,538847
RIIL,20200907,397.25,399.75,385.1,388.35,113446
RITES,20200907,247,248.45,241,241.9,302899
RKDL,20200907,7.45,7.45,7.05,7.35,13612
RKFORGE,20200907,237,249,231.05,244,66971
RMCL,20200907,3.4,3.4,3.25,3.3,32563
RML,20200907,219.25,226,212.75,214.45,13341
RNAVAL,20200907,3.5,3.55,3.4,3.55,2147392
ROHITFERRO,20200907,1.25,1.35,1.25,1.25,2260
ROHLTD,20200907,72.1,72.1,70,70.8,30816
ROLLT,20200907,3.55,3.7,3.4,3.7,56298
ROLTA,20200907,6,6.1,5.75,6,158946
ROSSARI,20200907,794.5,807.7,783.35,801.95,727530
ROSSELLIND,20200907,136.75,138.6,136.75,138.6,29652
RPGLIFE,20200907,351,384.8,346.05,359.85,61398
RPOWER,20200907,3.25,3.3,3.1,3.2,12387543
RPPINFRA,20200907,55.2,55.8,54.05,54.1,8805
RSSOFTWARE,20200907,24.2,24.35,23.25,24.35,59699
RSWM,20200907,84.95,89.15,82.05,88.5,6724
RSYSTEMS,20200907,106.8,108,103.55,106.65,53100
RTNINFRA,20200907,7.35,7.35,7.35,7.35,51217
RTNPOWER,20200907,3.2,3.2,3.1,3.2,1794746
RUBYMILLS,20200907,183.75,183.8,171.5,172.05,3465
RUCHI,20200907,603.3,630,588,597.65,13649
RUCHINFRA,20200907,8.75,9.2,8.75,8.75,312513
RUCHIRA,20200907,53.65,54.9,53.55,54,39885
RUPA,20200907,198.8,200,193.3,196.1,18275
RUSHIL,20200907,114.8,115.5,110.1,111.55,37106
RVNL,20200907,21.1,22.15,20.65,21.6,6271242
S&SPOWER,20200907,15.7,15.7,14.55,14.65,1444
SABEVENTS,20200907,1.5,1.5,1.5,1.5,986
SABTN,20200907,1.2,1.2,1.2,1.2,885
SADBHAV,20200907,54,54.35,53.6,54.35,327364
SADBHIN,20200907,18.7,18.8,17.95,18.4,452407
SAFARI,20200907,403,404.8,390.75,395.6,13554
SAGARDEEP,20200907,91.55,91.55,91.55,91.55,269
SAGCEM,20200907,474.95,485.95,470.5,479.45,4837
SAIL,20200907,40.65,41.35,39.75,40.4,21726944
SAKAR,20200907,72.1,74,68.65,69.25,15107
SAKHTISUG,20200907,8.95,8.95,8.6,8.65,37309
SAKSOFT,20200907,269.9,269.9,260.35,263.2,6163
SAKUMA,20200907,6.25,6.5,6.15,6.35,369812
SALASAR,20200907,172.9,177.1,165.05,169.95,4914
SALONA,20200907,58.4,58.65,58,58,297
SALSTEEL,20200907,3.25,3.55,3.25,3.3,46476
SALZERELEC,20200907,103.2,103.2,98.2,98.5,5586
SAMBHAAV,20200907,2.15,2.15,2,2.05,20862
SANCO,20200907,13,13.15,12.4,12.75,8643
SANDESH,20200907,543.05,543.05,530,536.85,564
SANDHAR,20200907,230.05,234.1,228.15,230.15,10847
SANGAMIND,20200907,49.1,52.25,48.6,49.35,4361
SANGHIIND,20200907,28,29.1,27.3,27.85,700873
SANGHVIFOR,20200907,19.9,20.85,19.9,20.85,2999
SANGHVIMOV,20200907,68.5,82.8,68.5,81.15,89885
SANGINITA,20200907,71.85,77.5,71.85,76.95,50885
SANOFI,20200907,8400,8459.7,8260,8368.3,26443
SANWARIA,20200907,2.1,2.15,2,2,3042269
SARDAEN,20200907,261,268,256.1,260.35,47162
SAREGAMA,20200907,497,513.95,497,505.85,9104
SARLAPOLY,20200907,17.3,17.5,16.8,16.85,31613
SASKEN,20200907,576,577.45,561.1,566.75,13824
SASTASUNDR,20200907,94,95,90,91.15,8672
SATHAISPAT,20200907,2.7,2.7,2.7,2.7,9160
SATIA,20200907,115,124.4,111.25,116.5,144656
SATIN,20200907,74.85,75,72,72.25,75040
SBICARD,20200907,820,823.65,805,808.7,836452
SBIETFQLTY,20200907,101,104.9,101,103.8,1148
SBILIFE,20200907,835.5,842,826,838.45,808907
SBIN,20200907,207.5,209.65,205.4,207.9,35687677
SCAPDVR,20200907,1.7,1.7,1.6,1.65,84937
SCHAEFFLER,20200907,3951.15,3999,3885.2,3939.6,6603
SCHAND,20200907,77.95,80.6,75.2,76.6,36312
SCHNEIDER,20200907,83,84.5,81.7,82.45,166440
SCI,20200907,58.4,58.45,57.1,57.65,698940
SDBL,20200907,58.95,59.9,56.2,56.2,123873
SEAMECLTD,20200907,400,408.8,390,405.05,14198
SELAN,20200907,113.7,115.25,111.85,113.7,19574
SEPOWER,20200907,2.7,2.8,2.65,2.7,8031
SEQUENT,20200907,136,144.45,134,140.25,3936820
SESHAPAPER,20200907,153.9,153.9,147,147.55,9533
SETCO,20200907,11.95,12.5,11.8,12.15,35600
SETF10GILT,20200907,196.11,205,196.11,205,707
SETFGOLD,20200907,4596,4596,4555,4565.5,13119
SETFNIF50,20200907,118,118,116.56,117.43,330225
SETFNIFBK,20200907,230.35,230.86,226.32,228.92,88627
SETFNN50,20200907,279,280.98,276.1,278.21,4816
SETUINFRA,20200907,0.8,0.85,0.75,0.8,91792
SEYAIND,20200907,74.95,74.95,71,71.95,6059
SFL,20200907,1467.95,1467.95,1430.35,1443.2,14555
SGL,20200907,9.2,9.5,9.1,9.2,22997
SHAHALLOYS,20200907,7.75,7.95,7.4,7.4,5986
SHAKTIPUMP,20200907,192.05,194.3,189.25,189.95,23313
SHALBY,20200907,80,82.85,78.5,81.6,117573
SHALPAINTS,20200907,69.7,70.9,67.5,68.65,104384
SHANKARA,20200907,363.05,368.9,356,360.25,17650
SHANTIGEAR,20200907,108,114,107,111.45,38580
SHARDACROP,20200907,276.85,288.85,265.75,269.25,30016
SHARDAMOTR,20200907,962.05,982.75,950,951.4,3383
SHARIABEES,20200907,286.99,289.49,280,284,156
SHEMAROO,20200907,66.3,67,63.5,63.95,71945
SHIL,20200907,84.5,87.5,84.2,86.65,43648
SHILPAMED,20200907,524,549.9,513.3,538.9,3322385
SHIRPUR-G,20200907,8.95,9.3,8.6,9.15,81045
SHIVAMAUTO,20200907,19.05,19.5,18.5,18.7,54395
SHIVAMILLS,20200907,24.8,25.25,24.35,24.35,697
SHIVATEX,20200907,102.9,102.9,94.15,94.3,3932
SHK,20200907,81.95,83.6,79.5,80.5,749382
SHOPERSTOP,20200907,180.35,182.75,173.75,175.7,161640
SHREDIGCEM,20200907,47,48,46.1,46.95,200548
SHREECEM,20200907,20100,20119.15,19636.05,19782.95,59729
SHREEPUSHK,20200907,104,107.9,104,104.15,212168
SHREERAMA,20200907,8.45,8.5,7.75,8,170837
SHRENIK,20200907,48.95,49,46.8,47.75,17660
SHREYANIND,20200907,82.9,82.9,78,79.15,17055
SHREYAS,20200907,74.15,74.9,69.65,71.9,2700
SHRIPISTON,20200907,588.5,588.5,551,588.5,2060
SHRIRAMCIT,20200907,950,997.45,940.05,943.55,19822
SHRIRAMEPC,20200907,3.75,4.05,3.75,4.05,298889
SHYAMCENT,20200907,4.2,4.2,4.15,4.2,86391
SICAGEN,20200907,12.6,12.6,12,12.15,8499
SICAL,20200907,11.6,11.6,10.85,10.9,262060
SIEMENS,20200907,1220,1228.85,1204.3,1224.7,391051
SIGIND,20200907,19.9,20.5,19.5,20.4,6305
SIL,20200907,9.7,10.1,9.25,10.1,1271
SILINV,20200907,138.05,152.95,138.05,141.7,815
SILLYMONKS,20200907,26.35,27.5,25.05,27,2698
SIMBHALS,20200907,8.65,8.65,8.25,8.35,30458
SIMPLEXINF,20200907,31,31.35,30.1,30.55,62386
SINTEX,20200907,2.2,2.2,2.2,2.2,531245
SIRCA,20200907,262,262,250,253.45,15648
SIS,20200907,362.45,368.7,357.5,357.9,54291
SITINET,20200907,1.85,1.85,1.8,1.8,188954
SIYSIL,20200907,150.7,150.7,144.1,146.1,30052
SJVN,20200907,23.65,23.65,23.1,23.55,760286
SKFINDIA,20200907,1617,1633.45,1597.6,1605.4,14993
SKIL,20200907,3.45,3.5,3.3,3.3,136382
SKIPPER,20200907,43,45.5,42,42.3,37856
SKMEGGPROD,20200907,50.45,50.7,48.5,48.85,32822
SMARTLINK,20200907,71.35,71.35,69.5,70.55,2490
SMLISUZU,20200907,438.5,442.45,422,426.3,22021
SMSLIFE,20200907,455,462,450.35,459.05,2898
SMSPHARMA,20200907,86.2,86.2,82.5,82.9,121169
SNOWMAN,20200907,31.1,32,30.3,30.65,559830
SOBHA,20200907,254.95,257.5,251.5,253.25,352620
SOLARA,20200907,950,972.75,950,961,64168
SOLARINDS,20200907,1080,1080.45,1039.4,1043.05,50478
SOMANYCERA,20200907,161.55,163,156.25,157.15,55705
SOMATEX,20200907,3.05,3.1,2.95,2.95,15468
SOMICONVEY,20200907,24.4,24.45,23.4,24.35,21175
SONATSOFTW,20200907,312,313.95,304.45,306.8,84801
SORILINFRA,20200907,57.9,60.75,57.2,60.75,53473
SOTL,20200907,713.95,713.95,680,685.8,1361
SOUTHBANK,20200907,7.4,7.45,7.25,7.3,6359045
SOUTHWEST,20200907,24.1,25.35,23.6,25.35,21513
SPAL,20200907,96,104,92,101.9,262389
SPANDANA,20200907,599,599,580,592.3,37848
SPARC,20200907,176.1,179.15,172.75,177.5,446722
SPCENET,20200907,1.25,1.25,1.25,1.25,140
SPECIALITY,20200907,33.75,34.6,33.1,33.65,54213
SPENCERS,20200907,82.35,83.65,81.85,82.4,427979
SPIC,20200907,21,21.75,20.6,20.95,131502
SPICEJET,20200907,53.85,54,51.55,52.3,6138242
SPLIL,20200907,29.9,31,27.9,28.35,27691
SPMLINFRA,20200907,9.9,10.65,9.85,10.15,12734
SPTL,20200907,2.55,2.6,2.5,2.6,1528264
SPYL,20200907,0.35,0.35,0.3,0.35,103922
SREEL,20200907,141.45,141.45,135.35,135.85,8734
SREINFRA,20200907,7.3,7.45,7.1,7.2,443100
SRF,20200907,4203,4281.7,4150.5,4196.85,225831
SRHHYPOLTD,20200907,170,172.9,162,164.75,20010
SRIPIPES,20200907,181.5,194.85,177,177.85,108881
SRTRANSFIN,20200907,693,693.7,675.5,687.55,2712210
SSWL,20200907,455,462.05,448.45,458,32489
STAMPEDE,20200907,0.65,0.65,0.6,0.65,293046
STAR,20200907,599.5,620.7,586.95,614.35,938894
STARCEMENT,20200907,86,86.4,84.35,84.75,42392
STARPAPER,20200907,97.35,98.1,95.75,96.25,40585
STCINDIA,20200907,61.5,61.5,59,59.35,12648
STEELCITY,20200907,34,34,33.1,33.7,1592
STEELXIND,20200907,35.15,37.95,35.15,36.15,71971
STEL,20200907,63.75,64.8,61.2,61.9,24520
STERTOOLS,20200907,180.95,184,178.15,180.65,8156
STINDIA,20200907,3.5,3.5,3.4,3.4,300
STRTECH,20200907,146.85,159.5,145.5,156.4,3458563
SUBCAPCITY,20200907,40.85,40.85,40.85,40.85,132
SUBEX,20200907,10.6,10.6,10.05,10.1,846853
SUBROS,20200907,255.35,256.25,247.25,248.4,22208
SUDARSCHEM,20200907,453.6,453.6,438,439.85,97915
SUJANAUNI,20200907,0.35,0.35,0.3,0.35,231275
SUMEETINDS,20200907,2.1,2.3,2.1,2.1,26167
SUMICHEM,20200907,273,274.8,270,270.4,111672
SUMIT,20200907,9.65,9.85,9.3,9.6,11967
SUMMITSEC,20200907,391.05,395.5,385,394.85,1346
SUNCLAYLTD,20200907,1744,1744,1681.25,1703.2,1494
SUNDARAM,20200907,1.3,1.35,1.3,1.35,117046
SUNDARMFIN,20200907,1400,1435,1332,1338.65,94936
SUNDARMHLD,20200907,58,59.6,58,58.35,33043
SUNDRMBRAK,20200907,249.6,249.7,230.6,241.8,1664
SUNDRMFAST,20200907,438.95,442.35,424.25,429.95,59821
SUNFLAG,20200907,44.85,44.85,42.55,43.1,180834
SUNPHARMA,20200907,516,518.2,504.25,513.25,6320017
SUNTECK,20200907,281.9,284.85,272.2,275.15,215764
SUNTV,20200907,480.65,484.7,469,481.35,1646899
SUPERHOUSE,20200907,96.75,96.75,92.1,94.75,13979
SUPERSPIN,20200907,4.2,4.2,4,4.2,9095
SUPPETRO,20200907,210.9,217,210.6,212.35,20398
SUPRAJIT,20200907,176,178,172.25,173.25,115307
SUPREMEIND,20200907,1390,1430,1367.25,1421.6,135986
SURANASOL,20200907,7.6,7.8,7.3,7.4,16864
SURANAT&P,20200907,4.35,4.4,4.05,4.05,69569
SURYALAXMI,20200907,17.6,18.4,16.75,17.05,7327
SURYAROSNI,20200907,169.3,169.3,164.25,166,48975
SUTLEJTEX,20200907,23.6,23.6,21.55,22.75,44448
SUVEN,20200907,47.6,48.8,47.2,47.55,388175
SUVENPHAR,20200907,668.9,676.45,658,673.85,139161
SUZLON,20200907,3.4,3.4,3.3,3.4,12419073
SWANENERGY,20200907,129.5,130.2,125.7,126.45,115359
SWARAJENG,20200907,1622,1667,1622,1643.65,8648
SWELECTES,20200907,127,132.9,123.6,129.3,2405
SWSOLAR,20200907,281.2,285,272.1,274.1,551522
SYMPHONY,20200907,849,868.25,843.1,847.55,23999
SYNCOM,20200907,1.65,1.65,1.6,1.6,170382
SYNGENE,20200907,463.5,469.25,454.35,457.2,703316
TAINWALCHM,20200907,49.8,49.8,46.1,47.25,5341
TAJGVK,20200907,141.35,143.8,140.55,140.95,37299
TAKE,20200907,50.6,52.4,49.5,50.15,1078416
TALBROAUTO,20200907,117.25,123.1,117.25,120.8,8888
TANLA,20200907,239.2,239.2,234.2,239.2,619041
TARMAT,20200907,34.5,37.45,34.5,37.05,7622
TASTYBITE,20200907,11858.3,12011.65,11700,11725.6,946
TATACHEM,20200907,303.5,307,294.85,296.9,3307148
TATACOFFEE,20200907,113.3,114.6,108.55,109.5,619040
TATACOMM,20200907,919,919,882,888.05,58101
TATACONSUM,20200907,570,572,542,545.3,5254308
TATAELXSI,20200907,1160,1192,1160,1187,656689
TATAINVEST,20200907,811.05,831,810,813.9,11110
TATAMETALI,20200907,538.55,544.2,531.05,534.6,13132
TATAMOTORS,20200907,150,152,148,149.4,82619417
TATAMTRDVR,20200907,58.5,62.95,57.6,61.85,51675877
TATAPOWER,20200907,58.95,59.4,56.1,57.4,26138663
TATASTEEL,20200907,423.7,428.4,418.45,422.5,9628406
TATASTLBSL,20200907,24.75,25.1,24.5,24.7,1139050
TATASTLLP,20200907,309.65,312,305,308.6,16076
TBZ,20200907,37.7,37.85,36.55,36.75,114466
TCI,20200907,221.1,224,201.95,213.8,28356
TCIDEVELOP,20200907,312.95,312.95,293.35,304.35,1013
TCIEXP,20200907,768.1,810,762.5,799.95,30938
TCIFINANCE,20200907,5.2,5.2,4.85,5,12886
TCNSBRANDS,20200907,373.85,373.85,350,359.05,138950
TCPLPACK,20200907,410,413,392,392.85,1515
TCS,20200907,2289,2343.5,2283.35,2327.05,4620416
TDPOWERSYS,20200907,113.15,121,112.1,117.5,26513
TEAMLEASE,20200907,2300,2370.05,2250.65,2339.35,9569
TECHIN,20200907,3.2,3.2,2.9,2.95,5925
TECHM,20200907,749.7,751.9,734.05,747.1,3367905
TECHNOE,20200907,206.3,211,201.1,207.05,46613
TECHNOFAB,20200907,11.5,11.9,10.85,11.05,8089
TEJASNET,20200907,64.4,64.4,64.4,64.4,58603
TERASOFT,20200907,29.9,30.9,29.9,30.2,27942
TEXINFRA,20200907,39.25,39.9,37.1,38,21661
TEXMOPIPES,20200907,13.85,14.35,13.65,13.7,13803
TEXRAIL,20200907,29.2,29.5,28.3,28.5,622795
TFCILTD,20200907,39.2,40.65,37.5,39.35,130251
TFL,20200907,3.3,3.35,3.3,3.3,1085
TGBHOTELS,20200907,6,6.3,5.7,6.2,44633
THANGAMAYL,20200907,372,374.1,358.6,362,31942
THEINVEST,20200907,134.25,139.05,134.25,138.45,5724
THEMISMED,20200907,353,353,328.3,331.85,8388
THERMAX,20200907,779.95,798.55,771,783.55,56782
THOMASCOOK,20200907,31.7,31.7,30.05,31.15,424982
THOMASCOTT,20200907,5.25,5.25,5.25,5.25,184
THYROCARE,20200907,755,763,749.5,750.35,46552
TI,20200907,16,16.5,15.7,15.75,37890
TIDEWATER,20200907,4439.95,4439.95,4252.2,4284.8,1099
TIIL,20200907,334.95,354.7,332.95,345.7,21985
TIINDIA,20200907,676,681.95,659.05,669.15,99855
TIJARIA,20200907,5.8,6.1,5.6,5.9,5276
TIL,20200907,157.75,158.05,154,154.3,2640
TIMESGTY,20200907,25.25,25.45,23.25,25.1,3126
TIMETECHNO,20200907,41.85,41.85,39.5,40.25,262474
TIMKEN,20200907,1170,1228.8,1160,1185.15,57719
TINPLATE,20200907,137.1,140.8,134.75,138.75,511317
TIPSINDLTD,20200907,231.9,250,227,243.8,124380
TIRUMALCHM,20200907,67,67.8,64.75,65.35,191847
TIRUPATIFL,20200907,28.6,30.8,28.6,30.8,24
TITAN,20200907,1164,1176.45,1149.3,1167.7,2166347
TMRVL,20200907,9.6,9.8,9.55,9.6,32319
TNPETRO,20200907,38.4,39.2,37.15,39,296775
TNPL,20200907,126.8,127,123.7,125.35,141195
TNTELE,20200907,1.7,1.7,1.7,1.7,8400
TOKYOPLAST,20200907,58.65,59.6,58.5,59.1,1294
TORNTPHARM,20200907,2783.4,2808.7,2732,2782.5,452556
TORNTPOWER,20200907,332.65,334.45,327.2,331.7,746425
TOTAL,20200907,34.7,34.7,34,34.7,8368
TOUCHWOOD,20200907,50.05,50.95,47.5,49,3113
TPLPLASTEH,20200907,120.6,120.6,113.6,116.1,12374
TREEHOUSE,20200907,7.8,7.85,7.25,7.85,62553
TREJHARA,20200907,10.65,10.75,10.4,10.4,1263
TRENT,20200907,650,658.8,642.55,647.15,476964
TRF,20200907,85,85,80.4,81,8236
TRIDENT,20200907,6.4,6.5,6.35,6.45,5967829
TRIGYN,20200907,50.15,51.4,48,48.85,83315
TRIL,20200907,10.05,10.1,9.9,9.95,54810
TRITURBINE,20200907,73.9,76.75,72.1,75.7,368874
TRIVENI,20200907,76.2,77.2,76,76.4,381007
TTKHLTCARE,20200907,469.95,470,456.2,459.45,847
TTKPRESTIG,20200907,5950.05,6120,5760,6038.4,4590
TTL,20200907,34.7,39,34.7,36.65,16455
TTML,20200907,3.55,3.55,3.45,3.5,685249
TV18BRDCST,20200907,30.35,30.7,30,30.2,2955571
TVSELECT,20200907,99.75,100.65,97.2,98.1,22242
TVSMOTOR,20200907,434.9,441.5,431.05,440.4,2519913
TVSSRICHAK,20200907,1482.8,1595,1480,1532.9,38644
TVTODAY,20200907,234,255.55,231.35,244.15,509128
TVVISION,20200907,1.75,1.75,1.7,1.7,2736
TWL,20200907,43.35,44.7,43,43.4,105738
UBL,20200907,1124,1139.4,1101.7,1111.65,667328
UCALFUEL,20200907,129,129,124.45,125.9,36173
UCOBANK,20200907,13.25,13.35,13.1,13.15,806138
UFLEX,20200907,331,334.9,325,328.35,101188
UFO,20200907,81,81.5,79.25,80,80779
UGARSUGAR,20200907,15.2,15.4,14.9,15,151677
UJAAS,20200907,4.35,4.35,4.15,4.25,302260
UJJIVAN,20200907,246,249.8,235.55,238.95,691862
UJJIVANSFB,20200907,34.55,35,33.65,34.05,571785
ULTRACEMCO,20200907,3925,3990,3821,3848.65,704103
UMANGDAIRY,20200907,45,46,44.55,45.05,4856
UMESLTD,20200907,1.25,1.25,1.25,1.25,1000
UNICHEMLAB,20200907,253.95,256.75,246.7,250.65,55398
UNIENTER,20200907,67.1,67.15,65.4,65.9,1821
UNIONBANK,20200907,29.25,29.4,28.85,28.95,2554936
UNIPLY,20200907,5.15,5.2,4.9,5,446793
UNITEDTEA,20200907,317.05,321.95,312.05,315.85,241
UNIVASTU,20200907,33.1,34.1,32.6,32.8,21084
UNIVCABLES,20200907,152,152.2,144.45,145.65,41827
UNIVPHOTO,20200907,219,222,211,215,3877
UPL,20200907,509.5,510.45,490.8,494.45,5255103
URJA,20200907,2.75,2.8,2.7,2.8,1547496
USHAMART,20200907,27.1,28.5,26.6,26.95,949825
UTIBANKETF,20200907,241,246.89,228.66,229.11,989
UTINEXT50,20200907,281.49,290.67,279.99,281.46,2209
UTINIFTETF,20200907,1202.97,1209.79,1198.8,1205.78,11373
UTISENSETF,20200907,405,413.99,395.9,405.86,7769
UTISXN50,20200907,318.96,324.5,305.24,322.62,14
UTTAMSTL,20200907,5.5,5.6,5.35,5.5,246148
UTTAMSUGAR,20200907,88.9,90.35,87.5,88,32355
UVSL,20200907,0.45,0.5,0.45,0.5,7243475
V2RETAIL,20200907,54.3,55.65,53.7,54.4,24885
VADILALIND,20200907,774.4,786.1,764,773.45,29349
VAIBHAVGBL,20200907,1670,1700,1660,1664.15,9391
VAISHALI,20200907,43.4,43.4,40.1,40.75,1308
VAKRANGEE,20200907,27.6,29.1,27.3,28.3,3287518
VARDHACRLC,20200907,32.05,32.9,30.2,31.3,55771
VARDMNPOLY,20200907,8.3,8.3,7.75,8.3,6293
VARROC,20200907,325,332.1,302,310.2,323648
VASCONEQ,20200907,10.25,10.25,9.85,9.9,167533
VASWANI,20200907,5.6,5.9,5.4,5.55,2023
VBL,20200907,746,752,735,744.55,77283
VEDL,20200907,126.7,129.7,125.5,127.9,12133098
VENKEYS,20200907,1529.95,1577,1515,1536.05,202210
VENUSREM,20200907,103.7,103.7,98,103.7,77842
VERTOZ,20200907,136.05,140.85,135,139.3,102872
VESUVIUS,20200907,925,940,910,934.95,1331
VETO,20200907,42.9,44.6,41.25,43.1,21410
VGUARD,20200907,167.5,170.6,165.45,169.2,504712
VHL,20200907,1340,1412.9,1340,1362.65,148
VICEROY,20200907,2.6,2.7,2.6,2.65,14887
VIDHIING,20200907,88.05,89.55,86.55,88.45,72170
VIJIFIN,20200907,0.55,0.55,0.5,0.55,160119
VIKASECO,20200907,7.3,7.3,7.3,7.3,34422
VIKASMCORP,20200907,16.15,16.15,16.15,16.15,82324
VIKASPROP,20200907,3.45,3.45,3.45,3.45,1068012
VIKASWSP,20200907,6.35,6.4,6.05,6.2,197939
VIMTALABS,20200907,106.6,109,105,105.7,9620
VINATIORGA,20200907,1008,1019.7,1001,1010.85,74863
VINDHYATEL,20200907,866.15,900,866.1,880.25,10229
VINYLINDIA,20200907,97.55,99.7,95,96,35029
VIPCLOTHNG,20200907,10.55,10.65,10.2,10.65,231489
VIPIND,20200907,285.1,286.6,278.55,280.8,167126
VIPULLTD,20200907,14.85,15.9,13.4,13.85,14465
VISAKAIND,20200907,337.2,341.05,326.6,329.8,32496
VISASTEEL,20200907,5.65,5.9,5.5,5.9,16288
VISHAL,20200907,274.1,278.2,273,278.1,220858
VISHNU,20200907,146.95,150,145.1,147.2,3936
VISHWARAJ,20200907,91.65,91.75,88,88.15,15356
VIVIDHA,20200907,0.4,0.4,0.35,0.35,141814
VIVIMEDLAB,20200907,21,21.35,19.7,19.75,222168
VLSFINANCE,20200907,56.65,59.3,55.65,57.85,106556
VMART,20200907,1810,1853.2,1762.55,1781.15,11349
VOLTAMP,20200907,1070,1070,1023.7,1038.15,7771
VOLTAS,20200907,653,654.55,637.4,646.1,1184659
VRLLOG,20200907,162.9,163.9,159.25,160,120569
VSSL,20200907,69.7,74.65,69,72.55,6511
VSTIND,20200907,3340,3340,3271,3304.25,5614
VSTTILLERS,20200907,1838,1924,1818.2,1907.2,80670
VTL,20200907,769.2,778,756.3,760.6,6714
WABAG,20200907,199.4,202.7,195.1,198.65,659381
WABCOINDIA,20200907,6949.8,7670,6900,7268.25,33958
WALCHANNAG,20200907,55.2,55.9,54.1,54.6,36516
WANBURY,20200907,38.85,39.1,36.15,39.1,46810
WATERBASE,20200907,102.4,103.85,100.3,100.75,69191
WEBELSOLAR,20200907,19.2,19.85,19.05,19.45,16379
WEIZMANIND,20200907,32.65,32.65,30.55,32.1,8443
WELCORP,20200907,106.85,110,106,106.35,301184
WELENT,20200907,65.8,69.1,65.8,68.05,255461
WELINV,20200907,228.5,246,228.5,242.3,118
WELSPUNIND,20200907,56.5,58.1,55.6,57.95,891470
WENDT,20200907,3374.35,3450,3222.05,3383.8,751
WESTLIFE,20200907,372.7,374,367.15,371.05,51943
WHEELS,20200907,416.45,419.05,407,410.2,4731
WHIRLPOOL,20200907,2177.85,2186.2,2134.5,2139,42286
WILLAMAGOR,20200907,19,19.75,18.35,19.25,2239
WINDMACHIN,20200907,14.85,15.15,14.5,15,18660
WIPL,20200907,50,50,50,50,65
WIPRO,20200907,276.5,279.5,271.5,278.75,8326285
WOCKPHARMA,20200907,301.9,303,294.3,297.35,189135
WONDERLA,20200907,184.9,184.95,177.55,181.6,24255
WORTH,20200907,48.3,48.55,45.9,46.5,18857
WSI,20200907,2.6,2.6,2.6,2.6,500
WSTCSTPAPR,20200907,185.5,186.9,183.5,184.85,59285
XCHANGING,20200907,72.45,73.9,72,73.85,92811
XELPMOC,20200907,170.05,176.05,166,173.2,70659
XPROINDIA,20200907,22.25,23,21.75,22.35,3483
YESBANK,20200907,14.25,14.3,14.05,14.1,86413060
ZEEL,20200907,220.4,225.85,215.85,223.95,42979685
ZEELEARN,20200907,15.85,15.95,15.35,15.55,583931
ZEEMEDIA,20200907,7.8,8.1,7.55,7.6,2139493
ZENITHEXPO,20200907,44.8,44.8,41,41.3,2354
ZENITHSTL,20200907,1.15,1.15,1.1,1.1,7220
ZENSARTECH,20200907,172.9,173.35,168,168.7,52881
ZENTEC,20200907,74,75,71.1,71.75,227292
ZICOM,20200907,2,2,1.9,2,28635
ZODIACLOTH,20200907,110.05,113.7,107.75,110.25,2765
ZODJRDMKJ,20200907,26,26,24.85,25.4,2297
ZOTA,20200907,153.2,153.2,146.2,150.05,8938
ZUARI,20200907,88.2,88.3,86.1,87.75,29477
ZUARIGLOB,20200907,54.8,54.8,52.6,53.05,11343
ZYDUSWELL,20200907,1620,1660,1591.05,1640.4,22861
NSENIFTY,20200907,11359.60,11381.15,11251.70,11355.05,560322964,0
NIFTYJUNIOR,20200907,27206.55,27293.45,26864.85,27016.00,148706668,0
NIFTYMIDCAPLIQ15,20200907,4145.05,4165.10,4053.00,4084.05,123295170,0
NSE100,20200907,11493.25,11509.95,11380.45,11478.40,709029632,0
NIFTY200,20200907,5898.45,5908.55,5837.80,5883.30,2459751640,0
NSE500,20200907,9403.45,9420.70,9307.55,9379.10,2722797972,0
NSEMIDCAP150,20200907,6480.95,6500.45,6387.45,6414.65,1765500811,0
MIDCAP50,20200907,4746.85,4764.95,4638.65,4665.85,1707693262,0
NSEMIDCAP,20200907,16994.75,17059.25,16682.20,16780.25,1750722008,0
NSESMLCAP100,20200907,5704.45,5734.60,5644.40,5685.45,-,0
NIFTYLARGEMIDCAP250,20200907,-,-,-,5897.29,2474530443,0
NIFTYAUTO,20200907,8039.30,8062.35,7906.65,7957.85,150984310,0
BANKNIFTY,20200907,23036.25,23109.10,22716.25,22945.05,245264124,0
NIFTYFINSERVICE,20200907,11171.40,11194.25,11059.15,11143.50,145069369,0
NIFTYFMGC,20200907,30897.70,31053.25,30407.85,31003.85,50948337,0
NSEIT,20200907,18093.05,18208.95,17962.35,18176.80,28440598,0
NIFTYMEDIA,20200907,1655.15,1665.00,1630.55,1653.60,52909422,0
NIFTYMETAL,20200907,2456.75,2480.15,2433.45,2450.05,84737051,0
NIFTYPHARMA,20200907,11343.10,11415.75,11150.75,11269.85,25296883,0
NIFTYPVTBANK,20200907,12681.05,12709.85,12484.20,12608.15,163548214,0
NIFTYPSUBANK,20200907,1464.25,1470.45,1449.25,1460.80,98823940,0
NIFTYREALTY,20200907,221.10,222.00,216.70,218.00,15538248,0
NIFTYCOMMODITIES,20200907,3187.80,3190.50,3135.00,3156.00,181830608,0
NIFTYCONSUMPTION,20200907,5148.20,5157.25,5083.75,5139.70,160558547,0
NIFTYCPSE,20200907,1470.90,1480.15,1446.65,1454.10,86682261,0
NIFTYENERGY,20200907,15507.05,15554.85,15231.20,15356.45,127806845,0
NIFTY100ESG,20200907,-,-,-,2219.45,575472197,0
NIFTY100ENHESG,20200907,-,-,-,2234.58,555278131,0
NIFTYINFRA,20200907,3185.65,3191.05,3134.10,3155.75,279971463,0
NIFTYMNC,20200907,14178.50,14210.65,14034.30,14162.90,1426124239,0
NIFTYPSE,20200907,2536.60,2547.55,2488.30,2503.35,188217223,0
NIFTYSMEEMERGE,20200907,-,-,-,1352.72,447033,0
NIFTYSERVSECTOR,20200907,14846.10,14892.60,14728.60,14842.15,323489220,0
NIFTYSHARIAH25,20200907,-,-,-,4506.84,88639257,0
NIFTY50SHARIAH,20200907,-,-,-,2752.94,86554783,0
NIFTY500SHARIAH,20200907,-,-,-,3249.21,237949857,0
NIFTYABGROUP,20200907,-,-,-,2852.83,1390353236,0
NIFTYMAHINDRA,20200907,-,-,-,9764.17,18742642,0
NIFTYTATA,20200907,-,-,-,7373.14,188608147,0
NIFTYTATA25CAP,20200907,-,-,-,5078.14,134614187,0
NIFTYABGROUP,20200907,-,-,-,2852.83,1390353236,0
NIFTYLIQ15,20200907,2892.45,2901.10,2845.65,2866.65,245990687,0
NIFTY500VALUE50,20200907,-,-,-,3216.00,301715141,0
NIFTYQUALLOWVOL30,20200907,-,-,-,8590.47,105001887,0
NIFTYALPHAQUALLOWVOL30,20200907,-,-,-,9871.02,114904190,0
NIFTYALPHAQUALVALLOWVOL30,20200907,-,-,-,7554.75,151208895,0
NIFTY50EQUALWEIGHT,20200907,11944.70,11975.15,11820.35,11907.90,560322964,0
NIFTY100EQUALWEIGHT,20200907,12858.45,12897.10,12714.95,12795.90,709029632,0
NIFTY100LOWVOL30,20200907,9025.40,9043.60,8916.55,9028.50,164979114,0
NSEDEFTY,20200907,-,-,-,5364.51,-,0
NIFTY50DIVPOINT,20200907,53.21,53.21,53.21,53.21,-,0
NIFTYDIVOPPS50,20200907,2424.95,2429.35,2400.85,2425.85,389239051,0
NIFTYALPHA50,20200907,16010.65,16055.80,15812.75,15990.40,114869466,0
NIFTY50ARBITRAGE,20200907,-,-,-,1906.80,-,0
NIFTY50FUTINDEX,20200907,-,-,-,3798.52,-,0
NIFTY50FUTTRINDEX,20200907,-,-,-,11777.00,-,0
NIFTYHIGHBETA50,20200907,-,-,-,1164.52,1922944570,0
NIFTYLOWVOL50,20200907,-,-,-,11116.71,153608770,0
NIFTY50VALUE20,20200907,5531.75,5573.00,5480.40,5563.85,228188904,0
NIFTYGROWSECT15,20200907,5481.65,5492.85,5430.30,5479.15,148353513,0
NIFTY50TR2XLEV,20200907,5395.65,5415.90,5294.00,5391.35,-,0
NIFTY50PR2XLEV,20200907,4081.15,4096.45,4004.25,4077.90,-,0
NIFTY50TR1XINV,20200907,336.15,339.35,335.55,336.30,-,0
NIFTY50PR1XINV,20200907,386.30,389.95,385.55,386.45,-,0
NIFTY-GS-COMPSITE,20200907,2248.01,2248.01,2238.26,2239.82,-,0
NIFTY-GS-4-8YR,20200907,2341.59,2341.59,2330.01,2332.09,-,0
NIFTY-GS-8-13YR,20200907,2205.45,2205.45,2196.24,2198.07,-,0
NIFTY-GS-10YR,20200907,1993.31,1993.31,1982.95,1984.09,-,0
NIFTY-GS-10YR-CLN,20200907,966.46,966.46,961.41,961.97,-,0
NIFTY-GS-11-15YR,20200907,2389.19,2389.19,2380.12,2378.64,-,0
NIFTY-GS-15YRPLUS,20200907,2597.30,2597.52,2595.75,2592.43,-,0
VIX,20200907,22.15,23.25,17.25,22.01,0,0
