20MICRONS,20200810,30.95,31.5,30,30.8,66354
21STCENMGM,20200810,10.25,10.25,10.05,10.1,24645
3IINFOTECH,20200810,2.4,2.45,2.3,2.45,6890786
3MINDIA,20200810,21608.65,22500,21600,22169.25,8818
3PLAND,20200810,7.6,7.6,7.25,7.25,1020
5PAISA,20200810,384,390,363.55,371.7,53370
63MOONS,20200810,73,77.2,73,77.2,43883
A2ZINFRA,20200810,4.15,4.35,4.05,4.25,424369
AARTIDRUGS,20200810,2370,2474.9,2215,2294.45,593581
AARTIIND,20200810,1072,1100,1051.1,1064.3,312613
AARTISURF,20200810,298.2,298.2,298.2,298.2,34334
AARVEEDEN,20200810,10.35,10.35,9.7,10,22611
AARVI,20200810,27,32.4,27,32.1,3311
AAVAS,20200810,1367,1367,1336,1349.4,44468
ABAN,20200810,24.45,25.1,24.45,24.85,78967
ABB,20200810,886.65,899,874.6,892,199349
ABBOTINDIA,20200810,17198,17350,16900,16973.3,52762
ABCAPITAL,20200810,60.15,60.9,59.15,59.45,2700023
ABFRL,20200810,121,122.85,118.75,118.95,1103393
ABSLBANETF,20200810,225.72,227.95,219,224.92,66
ABSLNN50ET,20200810,289.49,289.49,288,288,13
ACC,20200810,1402.1,1408.95,1386.1,1400.25,551253
ACCELYA,20200810,974,1018.45,974,1009,16501
ACE,20200810,57.3,60,56,57.85,794506
ADANIENT,20200810,192.9,198.3,192.35,195.7,4627829
ADANIGAS,20200810,163,168,162,163.2,2622248
ADANIGREEN,20200810,384,388.5,370.75,373.5,1015069
ADANIPORTS,20200810,329,333.95,325.7,331.3,3187734
ADANIPOWER,20200810,36.65,38.95,36.65,37.65,10573381
ADANITRANS,20200810,254.95,261.95,250.1,254.75,738592
ADFFOODS,20200810,393.8,397.8,384.05,397.8,91532
ADHUNIKIND,20200810,19,19.2,18.6,18.95,8671
ADORWELD,20200810,251.95,265,251.95,258.45,14288
ADROITINFO,20200810,8.1,8.15,7.75,7.75,400
ADSL,20200810,19,19.6,18.55,18.8,54581
ADVANIHOTR,20200810,42.75,42.8,40.45,41.95,4098
ADVENZYMES,20200810,215,215,207.75,211.35,510975
AEGISCHEM,20200810,208.5,212.5,202.35,204.05,261809
AFFLE,20200810,1965,2026.4,1926.05,2026.4,141151
AGARIND,20200810,90.05,96.95,88.45,94.9,53634
AGCNET,20200810,320,341,320,326.65,9115
AGRITECH,20200810,31.4,32.7,30.65,32.7,9781
AGROPHOS,20200810,11.6,11.6,11.55,11.6,22791
AHLEAST,20200810,140.25,143,135.7,140.3,1614
AHLUCONT,20200810,226,227.35,223.25,226.1,6379
AHLWEST,20200810,277.95,287,260.05,267.65,1811
AIAENG,20200810,1688.1,1688.1,1651.3,1660.2,14549
AIONJSW,20200810,13.95,14.7,13.55,13.8,467803
AIRAN,20200810,12.05,12.4,11.45,11.9,36477
AJANTPHARM,20200810,1710.9,1759.95,1705,1722.75,361295
AJMERA,20200810,79.35,82.6,78.55,81.6,126475
AKASH,20200810,180,180,173,178.35,2802
AKSHARCHEM,20200810,238.75,239.85,236.1,237.65,50541
AKSHOPTFBR,20200810,5,5.05,4.7,5.05,293913
AKZOINDIA,20200810,1920,1959,1856,1893.7,20199
ALANKIT,20200810,18.3,18.75,17.8,18.6,386077
ALBERTDAVD,20200810,468.7,528.75,466.05,515.45,377684
ALCHEM,20200810,5.1,5.1,4.75,4.9,62418
ALEMBICLTD,20200810,89.45,91.15,86.3,87.25,1873170
ALICON,20200810,290.05,309.85,286.05,307.45,13487
ALKALI,20200810,49.45,49.45,46.2,47.8,44436
ALKEM,20200810,3033.85,3069,2940,2978,517068
ALKYLAMINE,20200810,2496.5,2553,2444.2,2542.1,65036
ALLCARGO,20200810,100.3,107.35,98.35,102,861238
ALLSEC,20200810,216,254.4,216,234,21907
ALMONDZ,20200810,9.9,10.2,9.7,10,16875
ALOKINDS,20200810,38.1,39.2,38.1,38.1,10599536
ALPA,20200810,26.3,26.85,26.1,26.1,73413
ALPHAGEO,20200810,166.8,169.75,166.8,168.25,19085
ALPSINDUS,20200810,1.15,1.15,1.1,1.1,23291
AMARAJABAT,20200810,722,753,711,749.7,2129962
AMBER,20200810,1700,1779,1675.45,1713.55,238835
AMBIKCO,20200810,688,688,650,661.4,5911
AMBUJACEM,20200810,221,223.5,219.55,221.85,3306247
AMDIND,20200810,14.05,16.5,14,15.8,61545
AMJLAND,20200810,20.75,21,19.75,20.5,107076
AMRUTANJAN,20200810,454,500,441.4,493.35,972450
ANANTRAJ,20200810,30.3,31,26.2,27.65,1049230
ANDHRACEMT,20200810,5.2,5.4,5,5.3,358140
ANDHRAPAP,20200810,216,226,210.25,221.75,202924
ANDHRSUGAR,20200810,336.8,351.5,336.1,346.25,139493
ANIKINDS,20200810,13.15,13.65,12.85,13.4,14401
ANKITMETAL,20200810,0.7,0.75,0.7,0.75,14608
ANSALAPI,20200810,4.1,4.3,4.05,4.25,43393
ANSALHSG,20200810,4,4.15,3.9,4,7321
ANUP,20200810,555,598,545,577.2,57595
APARINDS,20200810,305,308,300.5,301.05,36587
APCL,20200810,154.3,172.4,154.3,169.3,352691
APCOTEXIND,20200810,121.75,123.45,117,118,62302
APEX,20200810,244,246.35,239.6,241.85,188774
APLAPOLLO,20200810,2168,2198.8,2069.85,2120.9,46595
APLLTD,20200810,1059,1098.15,1056,1086.75,535565
APOLLO,20200810,133,133.5,127.6,128.65,444291
APOLLOHOSP,20200810,1758.95,1798,1754,1785.15,1082244
APOLLOPIPE,20200810,351,365,349,360.5,53040
APOLLOTYRE,20200810,123.45,128.4,122.8,127.4,13098697
APOLSINHOT,20200810,547.85,558,511.95,516.2,4346
APTECHT,20200810,110.4,116.55,110.4,114.2,668744
ARCHIDPLY,20200810,28.1,29.25,28,28.15,53484
ARCHIES,20200810,11.55,11.95,11.25,11.35,56390
ARCOTECH,20200810,2.35,2.35,2.15,2.35,80008
ARENTERP,20200810,12.1,12.1,10.05,11.65,4407
ARIES,20200810,71,72,69,69.25,54923
ARIHANT,20200810,15.9,15.9,14.6,15.4,9042
ARIHANTSUP,20200810,21.75,21.75,19.95,20,22247
ARMANFIN,20200810,450,450,430,436.45,17027
AROGRANITE,20200810,25.35,27.35,25.05,25.9,15264
ARROWGREEN,20200810,44,44,41,41.15,2901
ARSHIYA,20200810,10.5,10.5,9.6,10.4,54214
ARSSINFRA,20200810,12,12.5,11.75,12.2,17073
ARTEMISMED,20200810,174.7,175.95,166.15,173.45,917
ARVIND,20200810,30.5,31.15,30.5,30.6,1011155
ARVINDFASN,20200810,124,124.9,122.15,124.2,245445
ARVSMART,20200810,87.35,91.9,86.55,90.85,1554789
ASAHIINDIA,20200810,198.15,206.25,192,203.2,112857
ASAHISONG,20200810,224.95,225,212.7,215.15,46642
ASAL,20200810,18.2,19,18.2,18.4,3060
ASALCBR,20200810,264,269.85,258.65,265.9,130357
ASHAPURMIN,20200810,46.95,47.3,46.1,47.3,146698
ASHIANA,20200810,61.2,63.3,61.05,61.65,50869
ASHIMASYN,20200810,5.6,5.6,5.25,5.4,5109
ASHOKA,20200810,59,63,58.55,62.9,3614962
ASHOKLEY,20200810,50.55,51.85,50.35,51.4,33052640
ASIANHOTNR,20200810,58,58,54.7,56.2,14492
ASIANPAINT,20200810,1810,1824.3,1777,1782.35,1892637
ASIANTILES,20200810,213,220,212,216.75,135030
ASPINWALL,20200810,130.05,133,125.05,131.05,551
ASTEC,20200810,998,999.9,960,976.5,168299
ASTERDM,20200810,129.5,135.8,126.5,132.75,293772
ASTRAL,20200810,1050,1062.85,1035.6,1045.75,59484
ASTRAMICRO,20200810,119,119,113.1,114.45,2439663
ASTRAZEN,20200810,3366,3479,3311.15,3379.3,185894
ASTRON,20200810,39.55,41.9,39,41.3,111055
ATFL,20200810,684,697.9,672.65,678.25,12227
ATLANTA,20200810,9.5,9.5,9.05,9.15,30726
ATLASCYCLE,20200810,44,45.5,43,44.7,8954
ATNINTER,20200810,0.2,0.2,0.2,0.2,800
ATUL,20200810,5170,5370,5110.2,5347.6,48889
ATULAUTO,20200810,169,169,161.35,162.45,80434
AUBANK,20200810,715.5,719.8,701,702,268070
AURIONPRO,20200810,51.05,55.8,49.9,55.8,47016
AUROPHARMA,20200810,913,967.5,913,948.85,9691249
AUSOMENT,20200810,30.05,30.8,28.45,29.8,5203
AUTOAXLES,20200810,546.75,556.1,531,536.7,17524
AUTOIND,20200810,39.55,39.55,39.55,39.55,19720
AUTOLITIND,20200810,20.6,21.95,20.6,21.5,30358
AVADHSUGAR,20200810,175.65,188,172.45,184.55,218844
AVANTIFEED,20200810,489.15,490.55,478.2,481.7,415266
AVTNPL,20200810,44.8,45.5,43.3,43.8,220722
AXISBANK,20200810,434,437,429.3,431.1,14888275
AXISCADES,20200810,55.9,56.3,55,56.3,75626
AXISGOLD,20200810,48.95,48.95,47.75,48.25,315271
AXISNIFTY,20200810,111.55,116.86,111.55,116.02,5046
AYMSYNTEX,20200810,24.95,24.95,23.45,24.6,15380
BAFNAPH,20200810,23.5,23.5,21.3,23.5,1314
BAGFILMS,20200810,2.55,2.55,2.4,2.55,85221
BAJAJ-AUTO,20200810,3001.7,3025,2971,2993.8,442147
BAJAJCON,20200810,181,186.65,180,182.6,1199562
BAJAJELEC,20200810,432.9,434.45,424,426.4,199912
BAJAJFINSV,20200810,6509.95,6570,6367,6402.8,605241
BAJAJHIND,20200810,5.8,6.1,5.65,5.9,8072091
BAJAJHLDNG,20200810,2733,2762.95,2700,2708,33610
BAJFINANCE,20200810,3494,3556.85,3413.2,3442.95,7129352
BALAJITELE,20200810,94.75,94.95,90.8,92.1,399131
BALAMINES,20200810,617.2,664.4,613,654.65,662007
BALAXI,20200810,330.5,330.5,330.5,330.5,1146
BALKRISHNA,20200810,14.95,14.95,13.6,14,4976
BALKRISIND,20200810,1359,1377.8,1347,1362.55,623005
BALLARPUR,20200810,2.6,2.6,2.6,2.6,1118544
BALMLAWRIE,20200810,117.25,117.4,115.25,115.95,153523
BALPHARMA,20200810,42,47.85,42,47.85,74215
BALRAMCHIN,20200810,132.5,138.25,131.15,136.6,5887123
BANARBEADS,20200810,42.15,42.95,42.15,42.95,8051
BANARISUG,20200810,1299.8,1366.75,1299.8,1330.65,1626
BANCOINDIA,20200810,83.35,84.1,81.4,82.75,126415
BANDHANBNK,20200810,309.65,311.9,300,301.4,13379863
BANG,20200810,16.45,17,15.2,16.9,2954
BANKBARODA,20200810,48.95,49.25,47.9,48.55,28220299
BANKBEES,20200810,219.9,221.5,217,220.05,887180
BANKINDIA,20200810,49.2,49.45,48.5,48.8,1194082
BANSWRAS,20200810,68,68,65.6,66.8,22878
BASF,20200810,1343.9,1343.9,1286,1293.3,65822
BASML,20200810,83,89,80.75,85.3,8361
BATAINDIA,20200810,1239.95,1271.65,1219.55,1235.8,2797520
BAYERCROP,20200810,6248,6250,6022,6041.45,46418
BBL,20200810,778.75,837.9,769.95,804.15,68960
BBTC,20200810,1370,1565,1351,1529.55,1074363
BCG,20200810,6.95,7.1,6.8,7.1,1285216
BCP,20200810,4.85,4.85,4.85,4.85,29263
BDL,20200810,457,465,432.7,437.45,3255828
BEARDSELL,20200810,7.8,7.8,7.55,7.55,2769
BEDMUTHA,20200810,14.35,14.35,13.75,13.9,3003
BEL,20200810,105.45,113.9,104.4,108.3,65821856
BEML,20200810,684,696,673.7,682.1,1750355
BEPL,20200810,46.95,46.95,44.9,45.4,316156
BERGEPAINT,20200810,560,564.75,545,551.45,1660393
BFINVEST,20200810,320.1,324.4,313.3,314.65,36610
BFUTILITIE,20200810,250.6,257.4,242.1,245,227515
BGRENERGY,20200810,41.55,41.55,39,39.55,88976
BHAGERIA,20200810,124.55,132.7,123.6,131.15,149221
BHAGYANGR,20200810,17.55,18.2,16.8,16.8,12716
BHAGYAPROP,20200810,22.2,22.7,21.9,22.25,33223
BHANDARI,20200810,1.35,1.4,1.3,1.35,644266
BHARATFORG,20200810,430,434.9,419,422.8,6397863
BHARATGEAR,20200810,51,58.2,50.5,58.2,383059
BHARATRAS,20200810,10103,11199,10100,10973.5,30965
BHARATWIRE,20200810,20.9,21.6,20.1,21.25,13853
BHARTIARTL,20200810,564.3,565,554.8,558.85,9417841
BHEL,20200810,36,37.65,35.85,36.25,60898741
BIGBLOC,20200810,42,42,40,40.55,29248
BIL,20200810,139,142.4,138.5,142.4,13288
BILENERGY,20200810,0.95,1,0.9,0.95,923492
BINDALAGRO,20200810,10.4,10.4,9.95,10.3,27015
BIOCON,20200810,402.2,414.5,400.7,412.45,7028465
BIOFILCHEM,20200810,24.6,24.6,24,24.6,70562
BIRLACABLE,20200810,50.55,58,50.55,56.2,618910
BIRLACORPN,20200810,635.1,635.1,600,603.3,637702
BIRLAMONEY,20200810,36.25,36.8,35.65,36.05,268843
BIRLATYRE,20200810,23.4,23.4,23,23.4,139766
BKMINDST,20200810,1.15,1.2,1.15,1.15,120046
BLBLIMITED,20200810,4.45,4.45,4.2,4.4,10351
BLISSGVS,20200810,130.5,134.95,128.25,129.3,919110
BLKASHYAP,20200810,6.95,6.95,6.95,6.95,27421
BLS,20200810,95.6,96.3,93,96.3,289248
BLUECHIP,20200810,0.1,0.1,0.1,0.1,3894
BLUECOAST,20200810,3.65,3.8,3.65,3.8,598
BLUEDART,20200810,2019.9,2019.9,1976.05,1988.65,14106
BLUESTARCO,20200810,500,522,500,514.4,196243
BODALCHEM,20200810,73,74.85,72.9,73.25,665005
BOMDYEING,20200810,67.65,70.25,66.2,69,4654606
BOROLTD,20200810,164.9,169,160,166.55,120888
BORORENEW,20200810,83,83.5,80.1,81.3,226477
BOSCHLTD,20200810,13655,13889.8,13503.5,13592,44968
BPCL,20200810,421,424.4,413.5,415.15,8253021
BPL,20200810,18.8,19.5,18.8,19.25,39239
BRFL,20200810,8.75,9.15,8.35,8.95,145861
BRIGADE,20200810,139.9,151.8,139.9,148.2,923831
BRITANNIA,20200810,3959.95,4005,3929,3942.8,826722
BRNL,20200810,34.6,35.6,34,35.3,7420
BROOKS,20200810,33.35,33.35,31.5,32.7,11824
BSE,20200810,493.5,503,493.5,496.85,172015
BSELINFRA,20200810,1.45,1.45,1.35,1.4,201015
BSL,20200810,24.5,28.9,24.3,26.2,45511
BSLGOLDETF,20200810,5100,5132,5058,5072.2,505
BSLNIFTY,20200810,123.84,123.84,120.26,120.94,374
BSOFT,20200810,143.7,151.15,140.65,148.1,4630321
BURNPUR,20200810,1.2,1.25,1.2,1.25,26003
BUTTERFLY,20200810,128.75,137.7,125,132.65,445381
BVCL,20200810,12.9,14,12.9,13.9,3250
BYKE,20200810,14.1,14.5,14.05,14.25,41068
CADILAHC,20200810,393.2,409.8,392.15,405.15,7942401
CALSOFT,20200810,8.45,8.45,8,8.2,42823
CAMLINFINE,20200810,79.9,84,79.9,84,1208379
CANBK,20200810,101.9,102.65,101.55,101.85,3534942
CANFINHOME,20200810,372.8,394.9,368.25,389.5,2165478
CANTABIL,20200810,328.8,329.8,310.15,316.85,294962
CAPACITE,20200810,102.65,102.65,94.5,100.75,124482
CAPLIPOINT,20200810,600,621.55,555,570.9,2733602
CAPTRUST,20200810,72.65,72.65,68,70.55,5127
CARBORUNIV,20200810,245.5,250.25,242.75,248,116061
CAREERP,20200810,139,139.4,136.25,137.4,11791
CARERATING,20200810,435.05,455,433,439.15,78524
CASTEXTECH,20200810,0.35,0.45,0.35,0.45,86809
CASTROLIND,20200810,122.65,123.25,121.6,122.05,1201974
CCCL,20200810,0.25,0.3,0.2,0.3,1429899
CCHHL,20200810,3.15,3.15,3.05,3.1,51747
CCL,20200810,241.9,258,239.45,251.7,141518
CDSL,20200810,362,371.5,355.5,362.7,1978143
CEATLTD,20200810,891.7,906.5,891.45,894.65,98834
CEBBCO,20200810,13.15,13.5,12.8,12.9,21729
CELEBRITY,20200810,4,4.25,3.7,4.25,77854
CENTENKA,20200810,160.85,163.5,159.3,161.45,31298
CENTEXT,20200810,4.05,4.3,3.9,4.3,293221
CENTRALBK,20200810,17.6,17.9,17.6,17.85,753482
CENTRUM,20200810,14.35,16.8,14.15,14.95,1810160
CENTUM,20200810,359,388.25,343.05,356.65,39449
CENTURYPLY,20200810,132,135,131.2,133.5,551880
CENTURYTEX,20200810,329,330.95,318.55,323,2786854
CERA,20200810,2282.9,2310,2275,2301.55,4812
CEREBRAINT,20200810,27.55,27.8,26.95,27.65,198669
CESC,20200810,581.5,585.1,567,569.25,268240
CESCVENT,20200810,204.9,214,203,207.55,180924
CGCL,20200810,205.65,209.75,202.7,204.1,18819
CGPOWER,20200810,11.45,11.45,11.45,11.45,740197
CHALET,20200810,128.8,130,127.7,129.15,127770
CHAMBLFERT,20200810,156.6,156.9,151.55,151.95,997930
CHEMBOND,20200810,152.15,162.6,148.25,150.05,25942
CHEMFAB,20200810,146.1,146.1,137,142.1,5634
CHENNPETRO,20200810,83.7,84.95,82,82.35,539635
CHOLAFIN,20200810,210.9,213.4,207.5,209.55,6079582
CHOLAHLDNG,20200810,336,350,336,347.75,28393
CHROMATIC,20200810,1.05,1.05,0.95,1.05,66917
CIGNITITEC,20200810,265,278,260,275.75,76345
CIMMCO,20200810,20.85,21.25,20.15,20.5,45967
CINELINE,20200810,25.35,25.4,24.95,25.05,37096
CINEVISTA,20200810,6,6.15,5.5,6.05,32510
CIPLA,20200810,760,814.5,751.35,795.6,56895564
CLEDUCATE,20200810,39.7,39.75,38.05,38.5,12837
CLNINDIA,20200810,423.8,427.05,413.8,419.3,102816
CMICABLES,20200810,33,33,31.85,32.65,20218
CNOVAPETRO,20200810,5.85,5.95,5.85,5.95,1067
COALINDIA,20200810,130.3,131.15,129,129.25,7123618
COCHINSHIP,20200810,340,350,333.35,342.8,1429976
COLPAL,20200810,1462,1465,1431.85,1447.85,562259
COMPINFO,20200810,12.3,13,12.3,12.65,121673
COMPUSOFT,20200810,7.9,8,7.55,7.85,25972
CONCOR,20200810,433,438.9,365.95,386.4,18123494
CONFIPET,20200810,19.75,19.9,18.9,19.6,430287
CONSOFINVT,20200810,27.6,28.25,27,27.8,9432
CONTROLPR,20200810,208.05,215.95,207,213.65,15180
CORALFINAC,20200810,18.85,19.45,18.4,18.65,14002
CORDSCABLE,20200810,39.7,40.75,38.05,38.7,78479
COROMANDEL,20200810,797.45,808.75,783.4,792.35,389037
COSMOFILMS,20200810,448,462.5,437.3,452.7,253853
COUNCODOS,20200810,1.4,1.4,1.3,1.4,31337
CPSEETF,20200810,17.44,17.74,17.12,17.66,1469526
CREATIVE,20200810,118.9,118.9,115,115.3,16902
CREATIVEYE,20200810,1.45,1.45,1.45,1.45,1410
CREDITACC,20200810,579,588.15,571,575.4,71776
CREST,20200810,87.8,91.6,84.1,87.2,111759
CRISIL,20200810,1748.5,1765,1735.55,1744.6,33239
CROMPTON,20200810,258.05,262.7,257.8,259.8,488928
CSBBANK,20200810,200,200,195,196.35,81397
CTE,20200810,22.5,22.8,20.05,22.8,59088
CUB,20200810,122.85,124.4,119.2,119.8,1393577
CUBEXTUB,20200810,12.25,13.4,12.2,12.95,19926
CUMMINSIND,20200810,422.95,427.65,420.25,422.45,633908
CUPID,20200810,233.8,257.75,230,248.8,683792
CYBERTECH,20200810,50.45,53.05,50.4,51.4,60490
CYIENT,20200810,342.5,361.8,339.25,359.55,863102
DAAWAT,20200810,57.55,59.95,57,58.2,1816179
DABUR,20200810,515,528,506.35,508.55,5418102
DALBHARAT,20200810,793.9,793.9,770.1,780.05,161608
DALMIASUG,20200810,128.15,142,128,137.3,1800729
DAMODARIND,20200810,23.8,29.1,23.75,26.05,59836
DATAMATICS,20200810,62.8,69.15,60.5,69.15,164818
DBCORP,20200810,74.1,78,74.1,76.7,263743
DBL,20200810,340.4,350,337,346.75,571831
DBREALTY,20200810,7.6,7.6,6.9,7.4,546318
DBSTOCKBRO,20200810,10.85,10.85,9.1,9.75,2603
DCAL,20200810,198.5,207.95,197.55,201.2,770318
DCBBANK,20200810,84.3,84.8,82,82.45,4339807
DCM,20200810,20.1,21.45,19.5,20.5,18491
DCMFINSERV,20200810,1.35,1.35,1.35,1.35,1300
DCMNVL,20200810,26.75,27.9,26.4,26.6,26782
DCMSHRIRAM,20200810,337.9,354.7,337.9,352.05,247484
DCW,20200810,12.1,12.1,11.45,11.6,365684
DECCANCE,20200810,245,265,241,254.15,379487
DEEPAKFERT,20200810,153,154.2,147.25,148.65,1326471
DEEPAKNTR,20200810,610,616,582.3,588.75,1616802
DEEPIND,20200810,70,71.55,68.9,70.25,25630
DELTACORP,20200810,110.9,114,105.45,109.5,3061429
DELTAMAGNT,20200810,21.6,21.65,20.75,21,9347
DEN,20200810,83,85.8,80.2,83.15,247536
DENORA,20200810,229.95,243.75,226.4,231.95,15533
DFMFOODS,20200810,222.4,237,219.7,234.65,470170
DGCONTENT,20200810,6.4,6.65,6.2,6.2,5933
DHAMPURSUG,20200810,133.75,141.75,133.5,138.25,2367087
DHANBANK,20200810,12.45,12.5,11.9,12.05,862746
DHANUKA,20200810,792.45,799,752.15,769.85,94402
DHARSUGAR,20200810,5.75,5.75,5.75,5.75,2511
DHFL,20200810,13.45,14.2,13.3,14.2,1727109
DHUNINV,20200810,214.75,221,210,219.05,9642
DIAMONDYD,20200810,561.95,575,556.5,567.9,12996
DICIND,20200810,346.05,370,346.05,357.95,17805
DIGISPICE,20200810,6.4,6.4,5.8,5.85,24427
DISHTV,20200810,7.95,8,7.9,7.95,2351538
DIVISLAB,20200810,3063.3,3293,3063.3,3117.8,6015327
DIXON,20200810,7900,8129.95,7800,8047.35,110830
DLF,20200810,142.5,150.3,142.4,148.65,14527334
DLINKINDIA,20200810,92,102.9,91.85,95.45,1495526
DMART,20200810,2138.4,2145,2100,2116.5,366326
DNAMEDIA,20200810,0.3,0.35,0.3,0.35,15193
DOLAT,20200810,57,57,56,56.95,288427
DOLLAR,20200810,130.85,133.75,130.05,130.9,141936
DONEAR,20200810,29.85,29.85,27.15,27.6,20998
DPSCLTD,20200810,12.5,13,12.5,12.55,69260
DPWIRES,20200810,52,56.95,52,55.4,848
DQE,20200810,1.3,1.3,1.2,1.3,190318
DREDGECORP,20200810,263.8,269,261,265.05,107969
DRREDDY,20200810,4605,4758.6,4605,4690.9,1739577
DSSL,20200810,23.95,24.75,22.25,23,12580
DTIL,20200810,200,218.15,200,210.2,36324
DUCON,20200810,3.95,3.95,3.8,3.95,52657
DVL,20200810,53.35,53.5,50.75,52.15,32462
DWARKESH,20200810,26,27.85,26,27.5,5078811
DYNAMATECH,20200810,595.5,595.5,575,595.5,28861
DYNPRO,20200810,206.7,208.6,199.5,200.7,115470
EASTSILK,20200810,1.1,1.15,1.05,1.1,15545
EBANK,20200810,2402.5,2402.5,2400,2402.5,4
EBBETF0423,20200810,1085,1085,1078.02,1079.94,72312
EBBETF0425,20200810,1005,1005,1002.8,1003.54,2030
EBBETF0430,20200810,1110,1110.05,1103.3,1105.31,22172
EBBETF0431,20200810,1003.13,1005,1001,1002,13262
EBIXFOREX,20200810,504.95,506.5,492.9,497.45,2987
ECLERX,20200810,484.5,498.8,481.2,489.9,139290
EDELWEISS,20200810,79,82.7,78.8,80.3,2002534
EICHERMOT,20200810,21898,21999,21240,21353.1,168209
EIDPARRY,20200810,299.4,302.95,296,297.9,368888
EIHAHOTELS,20200810,254.75,260,250.3,252.5,7234
EIHOTEL,20200810,69.5,71,67.5,68.1,1250062
EIMCOELECO,20200810,305.5,354,303,331.55,22592
EKC,20200810,22.1,23.2,22,22.95,164848
ELECON,20200810,26.75,27.4,26.4,26.55,171370
ELECTCAST,20200810,15.15,15.45,14.7,15.1,410748
ELECTHERM,20200810,131.85,133.5,117.15,119.7,110486
ELGIEQUIP,20200810,173.95,175.15,168.9,174.1,72765
ELGIRUBCO,20200810,16.9,16.9,15.9,16.45,12408
EMAMILTD,20200810,265,308.75,265,307.1,9852405
EMAMIPAP,20200810,72.9,75.5,66.6,73.2,13030
EMAMIREAL,20200810,33.45,35.6,32.7,35.6,48812
EMKAY,20200810,45.05,51.4,45,48.55,21556
EMMBI,20200810,71.45,74.75,70,73.8,30215
ENDURANCE,20200810,966.95,999,960,966.15,47267
ENERGYDEV,20200810,6.2,6.2,6.2,6.2,15165
ENGINERSIN,20200810,66.85,68.6,66.6,67.4,1907634
ENIL,20200810,127.9,134,125.55,129.1,10935
EQ30,20200810,311,338.48,311,338,756
EQUITAS,20200810,51.5,53.2,50.65,52.05,14777381
ERIS,20200810,539.85,554.9,525,539.4,230819
EROSMEDIA,20200810,20.2,21.4,19.9,21.05,1014974
ESABINDIA,20200810,1334,1384,1331.8,1374.05,2652
ESCORTS,20200810,1132.65,1138,1099.3,1114.05,1618856
ESSARSHPNG,20200810,7.1,8.5,7.1,8.1,366416
ESSELPACK,20200810,263.5,270,260,268.1,162580
ESTER,20200810,67.4,67.45,64.1,64.4,247233
EUROMULTI,20200810,0.9,0.9,0.85,0.9,2840
EUROTEXIND,20200810,7.95,7.95,7.95,7.95,263
EVEREADY,20200810,148,157.95,146.1,149.25,6313884
EVERESTIND,20200810,216.7,253.6,216,244.95,961629
EXCEL,20200810,1,1,0.9,0.9,3016
EXCELINDUS,20200810,840,878,835.5,865.85,83630
EXIDEIND,20200810,161.9,164.6,161.9,163.05,3559519
EXPLEOSOL,20200810,344.9,344.9,344.9,344.9,2467
FACT,20200810,51,51.2,49.05,49.35,342718
FAIRCHEM,20200810,655.3,703.8,653.55,700.5,130089
FCL,20200810,32.2,32.2,31.55,31.9,290489
FCONSUMER,20200810,12,12.05,11.5,11.55,8814152
FCSSOFT,20200810,0.5,0.55,0.45,0.55,3043372
FDC,20200810,350,354,342.2,345.35,1584818
FEDERALBNK,20200810,54.95,55.25,53.65,53.85,27635791
FEL,20200810,18.3,18.7,17.85,18.7,5555773
FELDVR,20200810,19.4,19.7,19,19.7,129677
FIEMIND,20200810,456,499.9,452.85,485.6,141860
FILATEX,20200810,25.65,25.85,25,25.1,94513
FINCABLES,20200810,271.75,274.25,266,269.2,110428
FINEORG,20200810,2330,2350.05,2272,2288.85,16381
FINPIPE,20200810,455,460.85,450.05,453.4,36546
FLEXITUFF,20200810,7.1,7.4,7.05,7.1,7271
FLFL,20200810,122.5,122.8,119,120.05,113688
FLUOROCHEM,20200810,480,504.9,480,492.85,142454
FMGOETZE,20200810,354.2,355.05,347,351.65,2327
FMNL,20200810,24.6,24.7,23.2,23.7,34151
FORCEMOT,20200810,959.9,996.35,912.8,938.55,235480
FORTIS,20200810,139.35,140.75,137.55,138,1271295
FOSECOIND,20200810,1051.7,1076.9,1031,1060.9,1494
FRETAIL,20200810,112.5,112.5,107,107.4,3811743
FSC,20200810,149.95,149.95,143,144.15,43073
FSL,20200810,54.9,54.9,53.05,53.25,1913852
GABRIEL,20200810,87.15,87.75,85.65,86.35,66302
GAEL,20200810,181.05,188,180.4,183.15,148350
GAIL,20200810,97.25,97.9,96.3,97.05,7921530
GAL,20200810,2.85,2.9,2.75,2.85,15768
GALAXYSURF,20200810,1710,1734.3,1705.35,1713.6,42652
GALLANTT,20200810,30.45,32.35,30.3,32,18125
GALLISPAT,20200810,26.85,28.25,26.15,27.8,21958
GAMMNINFRA,20200810,0.9,0.9,0.9,0.9,1433378
GANDHITUBE,20200810,232.5,242.95,217.9,223.2,28869
GANECOS,20200810,227,233.35,214,228.8,25338
GANESHHOUC,20200810,23.35,24.2,23.05,23.5,7708
GANGESSECU,20200810,33.2,33.2,31.2,32.85,7281
GARDENSILK,20200810,11.35,11.45,10.45,11.05,43519
GARFIBRES,20200810,1729.9,1770,1700,1722.15,38723
GATI,20200810,43.6,45.2,43.15,43.95,594242
GAYAHWS,20200810,0.4,0.45,0.35,0.4,899218
GAYAPROJ,20200810,16.65,16.65,15.15,16.35,555503
GBGLOBAL,20200810,4.9,5.1,4.75,4.9,924
GDL,20200810,83.7,84.2,82.45,82.7,95684
GEECEE,20200810,77,78,73,74.2,24359
GEEKAYWIRE,20200810,84.5,90,84.5,87.25,6504
GENESYS,20200810,35.95,37.8,34.55,37.8,64852
GENUSPAPER,20200810,5.05,5.15,5,5.1,90838
GENUSPOWER,20200810,26.9,27.4,26.45,26.65,247962
GEOJITFSL,20200810,40.8,40.8,39.1,39.65,396767
GEPIL,20200810,491,500,489.15,497.05,18568
GESHIP,20200810,282.7,282.7,267,268.3,134728
GET&D,20200810,84.25,90.35,82.55,89.35,197455
GFLLIMITED,20200810,91.95,91.95,88.3,90.05,21975
GFSTEELS,20200810,2.55,2.65,2.5,2.65,3907
GHCL,20200810,146.9,147.35,144.25,145,153660
GICHSGFIN,20200810,91.75,98.5,91.75,97.75,1161273
GICRE,20200810,141.95,152,141.15,149.5,897333
GILLANDERS,20200810,26.75,29.4,26.75,29.4,4772
GILLETTE,20200810,5000,5000,4941,4980,9595
GINNIFILA,20200810,9.65,10.3,9.65,10.3,59158
GIPCL,20200810,70.3,74.25,70,73.55,506690
GKWLIMITED,20200810,454.1,486.15,454.1,462.6,223
GLAXO,20200810,1490,1509.95,1458.2,1468.75,67712
GLENMARK,20200810,454,476.65,454,471.3,7605771
GLFL,20200810,1.45,1.45,1.45,1.45,1000
GLOBALVECT,20200810,53.6,57,53.5,55.3,35995
GLOBOFFS,20200810,4.85,4.85,4.55,4.75,10997
GLOBUSSPR,20200810,135.95,138,134.25,135.15,73320
GMBREW,20200810,383.35,386,380,381.65,11207
GMDCLTD,20200810,41.9,42.1,41.35,41.65,595636
GMMPFAUDLR,20200810,5300,6071.25,5250,5667.85,311831
GMRINFRA,20200810,21.25,21.85,21.1,21.45,8437004
GNA,20200810,212.85,217,207.15,209.65,163841
GNFC,20200810,167.35,171.95,165.85,167.6,1429620
GOACARBON,20200810,217.3,220.85,211.9,212.8,22751
GOCLCORP,20200810,181.45,186.95,176.25,179.6,39102
GODFRYPHLP,20200810,950,990,931.1,960.8,133912
GODREJAGRO,20200810,467,469.65,463.15,464.3,196022
GODREJCP,20200810,691.2,696.35,680.2,682,512185
GODREJIND,20200810,373.6,391.95,366.8,385.95,1067092
GODREJPROP,20200810,890,909.5,885.75,890.6,261662
GOKEX,20200810,47,49,47,47.75,196166
GOKUL,20200810,16.35,16.95,16.25,16.35,12984
GOKULAGRO,20200810,15.55,15.8,15.15,15.3,35293
GOLDBEES,20200810,48.7,48.7,48.3,48.4,8049003
GOLDENTOBC,20200810,22.2,22.2,20.65,21.5,9441
GOLDIAM,20200810,112,114.7,111.9,113.35,33546
GOLDSHARE,20200810,5123.95,5250,5060,5095.8,8030
GOLDTECH,20200810,7.95,7.95,7.5,7.7,15275
GOODLUCK,20200810,40.15,40.8,39.6,40.1,62514
GPIL,20200810,237.9,240.9,234.95,236.9,173196
GPPL,20200810,79.2,79.9,78,79.05,606922
GPTINFRA,20200810,32.7,32.7,31,31.7,212164
GRANULES,20200810,319,335.75,318.2,329.45,6866208
GRAPHITE,20200810,189.9,192,187,187.85,621777
GRASIM,20200810,640,643.35,627.7,634.05,1925213
GRAVITA,20200810,56.5,56.5,52.25,53.35,768858
GREAVESCOT,20200810,82.8,89.3,82.8,86.55,1739339
GREENLAM,20200810,748,771,727.5,747.25,4370
GREENPANEL,20200810,39,41.35,38.6,40.95,67152
GREENPLY,20200810,82.75,83.9,82.7,83.3,62300
GREENPOWER,20200810,2.2,2.25,2.15,2.2,2801185
GRINDWELL,20200810,484.8,497.35,484,494.3,20932
GROBTEA,20200810,414.1,449,414.1,440.05,236
GRPLTD,20200810,797.45,798,771.35,776.9,343
GRSE,20200810,212,221.8,208.25,217,785497
GSCLCEMENT,20200810,28.7,29.1,28.45,28.7,142087
GSFC,20200810,63.7,64.15,62.2,62.35,756927
GSPL,20200810,204,214.75,204,211.65,3606070
GSS,20200810,26,27.7,24.55,24.85,505854
GTL,20200810,1.75,1.75,1.7,1.7,2836
GTLINFRA,20200810,0.7,0.75,0.7,0.75,17191981
GTNIND,20200810,7.45,7.8,7.2,7.7,3630
GTNTEX,20200810,5.1,5.1,5.1,5.1,381
GTPL,20200810,100.1,106.5,100.1,105.65,367856
GUFICBIO,20200810,95.75,98.9,94.1,95.9,282301
GUJALKALI,20200810,346.9,349.8,341.1,342.95,87434
GUJAPOLLO,20200810,191.1,201.7,191.1,197.35,13226
GUJGASLTD,20200810,301.8,311.35,297,309.5,1220223
GUJRAFFIA,20200810,10,10,10,10,100
GULFOILLUB,20200810,625.7,637,620,625.1,46278
GULFPETRO,20200810,40.95,40.95,40,40.3,23518
GULPOLY,20200810,47,47.45,44,46.85,109769
GVKPIL,20200810,2.55,2.75,2.5,2.75,11046030
HAL,20200810,1033,1070,1006.5,1031.3,1251618
HARITASEAT,20200810,367.5,376.2,366,368.35,3483
HARRMALAYA,20200810,94.4,98.25,94.4,96.55,142765
HATHWAY,20200810,37.7,37.7,37.7,37.7,315218
HATSUN,20200810,747.45,770,720,741.45,122978
HAVELLS,20200810,612,620.9,608.2,611.8,1743028
HAVISHA,20200810,0.65,0.65,0.65,0.65,19331
HBLPOWER,20200810,15.75,15.8,15.2,15.55,845886
HBSL,20200810,5.7,5.7,5.7,5.7,30
HCC,20200810,6.4,6.4,6.05,6.1,4942078
HCG,20200810,129.4,139.5,128.15,129.2,481270
HCL-INSYS,20200810,8.8,9.2,8.8,9.2,304126
HCLTECH,20200810,694.95,694.95,685.1,692.05,3769575
HDFC,20200810,1794,1811,1789.3,1798.95,3030917
HDFCAMC,20200810,2384,2395,2361,2363.9,478138
HDFCBANK,20200810,1044,1064,1043.8,1050.65,11086465
HDFCLIFE,20200810,616,617.95,607,608.85,2028858
HDFCMFGETF,20200810,4989.95,4990,4932.6,4961.25,34328
HDFCNIFETF,20200810,1185,1189.8,1178.2,1186.43,1515
HDFCSENETF,20200810,4010,4048.97,4002.1,4012.72,436
HEG,20200810,791.85,805.4,780.15,789.8,337110
HEIDELBERG,20200810,185,185.15,181,181.15,235686
HERCULES,20200810,81.3,84.9,80.9,84.05,91338
HERITGFOOD,20200810,324.5,324.5,307,312.5,192238
HEROMOTOCO,20200810,2718,2718,2674.15,2702.15,684596
HESTERBIO,20200810,1464,1496,1435.55,1466.05,21082
HEXATRADEX,20200810,23.2,24.05,22.5,23,65052
HEXAWARE,20200810,394.95,402.4,390.65,401,717207
HFCL,20200810,14.4,17.15,14.4,17.1,19945663
HGINFRA,20200810,180.95,185.4,180.1,181.85,17698
HGS,20200810,666,675,663.05,665,16649
HIKAL,20200810,139.75,142.3,138.05,138.75,695539
HIL,20200810,1600,1628,1550.05,1612.4,123532
HILTON,20200810,9.1,9.1,8.7,9.1,11346
HIMATSEIDE,20200810,74.75,85.4,73.8,84.3,4938205
HINDALCO,20200810,176.9,179,174.4,178.6,9379771
HINDCOMPOS,20200810,170.05,187.35,166.25,181.15,25924
HINDCOPPER,20200810,37.2,37.45,36.8,37.05,772969
HINDMOTORS,20200810,6.65,6.95,6.35,6.5,252919
HINDNATGLS,20200810,28.8,30.2,28,28,12269
HINDOILEXP,20200810,83,85.3,77.7,79.5,546274
HINDPETRO,20200810,215.8,217.9,213.65,215.25,7606812
HINDUNILVR,20200810,2218,2226.75,2198.8,2206.75,1476389
HINDZINC,20200810,254.9,257.7,237.5,243.15,3876124
HIRECT,20200810,120.05,122,116.05,118.8,16100
HISARMETAL,20200810,70.85,70.9,67.1,68.85,7991
HITECH,20200810,107.6,112,107.6,110.8,7632
HITECHCORP,20200810,74.65,77,73.55,74.2,3110
HITECHGEAR,20200810,132.9,137,122,128.35,36326
HLVLTD,20200810,4.6,4.95,4.4,4.9,320686
HMVL,20200810,47.2,47.4,45.7,47.05,14320
HNDFDS,20200810,748.65,748.65,706,716.95,11304
HNGSNGBEES,20200810,355.98,355.98,340.03,350.8,194
HONAUT,20200810,32000,32238.95,31400,31584.3,10647
HONDAPOWER,20200810,1040,1149,1040,1118.35,20214
HOTELRUGBY,20200810,1.2,1.25,1.2,1.25,5328
HOVS,20200810,37.95,39.7,37.95,38.6,7503
HPL,20200810,34.1,34.9,32.95,34.6,104307
HSCL,20200810,46.4,47.35,46.15,46.7,1016107
HSIL,20200810,57,57.9,56.6,57.3,290460
HTMEDIA,20200810,12.4,12.6,12.05,12.2,114042
HUBTOWN,20200810,11.2,11.2,10.8,11,26376
HUDCO,20200810,35.15,35.45,34.9,35.2,974306
IBMFNIFTY,20200810,118.99,118.99,115.6,115.83,176
IBREALEST,20200810,53.9,58.8,53.9,57.3,3682531
IBULHSGFIN,20200810,195.2,212.65,194.8,204.7,33936822
IBULISL,20200810,46,47.1,43.8,47.05,184480
IBVENTURES,20200810,144.25,164.25,143.9,148.35,4443265
ICICI500,20200810,149.57,151.8,149.57,151.49,1536
ICICIB22,20200810,25.98,26.39,25.62,26.19,307928
ICICIBANK,20200810,359.5,364.95,357.35,363.55,22857226
ICICIBANKN,20200810,224.6,224.6,216.23,217.41,14628
ICICIBANKP,20200810,119.74,119.74,117.75,118.41,5378
ICICIGI,20200810,1370.65,1424,1365,1382.55,671958
ICICIGOLD,20200810,54.1,54.1,49.26,49.36,3292161
ICICILIQ,20200810,1000,1000,999.99,1000,9407
ICICILOVOL,20200810,95.3,97.7,93,94.63,105413
ICICIM150,20200810,61.45,62.5,61.45,62.5,5839
ICICIMCAP,20200810,62.5,62.5,59.88,62.15,35614
ICICINF100,20200810,124.5,124.5,122.41,122.7,3670
ICICINIFTY,20200810,120.5,120.5,117,119.3,124865
ICICINV20,20200810,57,60,57,57.54,5209
ICICINXT50,20200810,27.3,27.95,27.1,27.81,169423
ICICIPRULI,20200810,473,486.15,470.6,482.25,2132929
ICICISENSX,20200810,411.5,411.5,409,409.05,1788
ICIL,20200810,71.9,71.9,67.55,68.45,243004
ICRA,20200810,2565.95,2596.7,2544.3,2550.7,3010
IDBI,20200810,40.85,41,39.7,39.85,1629310
IDBIGOLD,20200810,5488,5488,4250,5130.45,2722
IDEA,20200810,9,9.2,8.8,9.1,418346262
IDFC,20200810,20.6,21.1,20.45,20.75,15553891
IDFCFIRSTB,20200810,28.6,28.7,27.95,28.4,30306959
IDFNIFTYET,20200810,116,116,114.76,114.86,535
IEX,20200810,185.7,199,185.25,194.45,2316777
IFBAGRO,20200810,291.9,293.85,281.1,284.05,9552
IFBIND,20200810,376.5,388,376,383.65,74909
IFCI,20200810,6.7,6.7,6.45,6.45,3027991
IFGLEXPOR,20200810,132.95,144,127,137.1,16424
IGARASHI,20200810,284.1,288.5,276.2,277.3,79159
IGL,20200810,390,392.3,385.45,389,2238255
IGPL,20200810,190.95,205,190.1,193.25,66087
IIFL,20200810,69.5,70.6,68.2,68.55,509679
IIFLSEC,20200810,41,41.2,40.1,40.25,1319389
IIFLWAM,20200810,1078,1097.15,1036.15,1076.65,12623
IITL,20200810,50,57.45,50,52.7,3028
IMAGICAA,20200810,4.75,4.95,4.7,4.75,55234
IMFA,20200810,229.9,229.9,210.5,212.85,78368
IMPAL,20200810,526,535.05,520,521,2122
IMPEXFERRO,20200810,0.8,0.8,0.75,0.8,33980
INDBANK,20200810,7.6,8.7,7.2,8.45,737737
INDHOTEL,20200810,79.3,81.4,78.1,80.95,3326350
INDIACEM,20200810,117.75,119.5,117,117.8,1863966
INDIAGLYCO,20200810,279.9,298.7,279.85,293.3,702728
INDIAMART,20200810,3088,3111.35,3020.15,3067.4,71193
INDIANB,20200810,60,60.8,59.05,59.8,1337329
INDIANCARD,20200810,92,94.4,91.5,92.95,1821
INDIANHUME,20200810,172.9,174.95,170.7,173.9,44221
INDIGO,20200810,949.95,957,931.2,953.2,1399009
INDLMETER,20200810,12.85,13,12.2,12.8,8391
INDNIPPON,20200810,299.6,299.6,296.15,297.9,43751
INDOCO,20200810,245.75,257.1,245.2,249.75,308600
INDORAMA,20200810,14.75,15,14,14.85,44756
INDOSTAR,20200810,247.95,260,242.25,247,16532
INDOTECH,20200810,103.45,104.5,99.5,101.2,20860
INDOTHAI,20200810,17.15,17.5,17,17.35,1191
INDOWIND,20200810,3,3.05,3,3.05,48255
INDRAMEDCO,20200810,55.85,57.25,55.1,56.4,388702
INDSWFTLAB,20200810,39,40.1,39,40.1,77632
INDSWFTLTD,20200810,2.55,2.65,2.55,2.65,16315
INDTERRAIN,20200810,28.15,28.9,27.3,28.2,84402
INDUSINDBK,20200810,512,517.55,506.55,509.35,9409631
INEOSSTYRO,20200810,529.9,534,519.75,521.3,22602
INFIBEAM,20200810,75.9,75.9,73.5,73.6,455061
INFOBEAN,20200810,118.75,124,116.2,119.65,22976
INFOMEDIA,20200810,3.85,4.1,3.8,3.9,11450
INFRABEES,20200810,333.48,333.48,330.02,330.3,491
INFRATEL,20200810,194,198.15,191.9,197,6383298
INFY,20200810,948.9,956.8,945.3,951.35,5716472
INGERRAND,20200810,640,657.4,629,631.3,42929
INOXLEISUR,20200810,234.95,236.2,229.6,230.1,710077
INOXWIND,20200810,42.3,44.55,41.35,44.3,469901
INSECTICID,20200810,445.85,468,435.35,460.85,138877
INSPIRISYS,20200810,28.5,29.7,28.25,29.4,22185
INTEGRA,20200810,2,2,2,2,6293
INTELLECT,20200810,190,191.15,185.1,191.15,376421
INTENTECH,20200810,50,50.8,46.75,46.8,61847
INVENTURE,20200810,17.85,17.85,17.6,17.6,12803
IOB,20200810,10.35,10.55,10.3,10.35,1720914
IOC,20200810,86.6,87.7,86.2,87.1,16255605
IOLCP,20200810,746.5,846,742,832.1,5027606
IPCALAB,20200810,1982.2,2174.9,1982.2,2099.5,2459029
IRB,20200810,123,125,121.2,121.75,1415903
IRCON,20200810,95.65,96.9,95.15,96.35,1106204
IRCTC,20200810,1332,1337,1320.45,1323.75,307775
ISEC,20200810,495,495,482,491.55,247725
ISFT,20200810,60.25,65.8,60.25,63.1,3284
ISMTLTD,20200810,4.6,4.6,4.35,4.6,12123
ITC,20200810,196.4,199.65,196.4,198.85,16474715
ITDC,20200810,231,235.75,226.25,227.15,24449
ITDCEM,20200810,44.9,46.9,41.85,43.8,623519
ITI,20200810,140,145.5,140,141.3,5514108
IVC,20200810,4.2,4.4,4.05,4.2,115173
IVP,20200810,50,50.4,48.25,48.25,3119
IVZINGOLD,20200810,5179,5400,5000,5087.75,250
IVZINNIFTY,20200810,1223.35,1223.35,1221.95,1221.95,5
IZMO,20200810,28.75,28.75,28.75,28.75,9371
J&KBANK,20200810,16.65,17.5,16.6,17.35,2477782
JAGRAN,20200810,38,38.25,37.8,37.95,265866
JAGSNPHARM,20200810,35.25,36.6,35.05,35.55,224144
JAIBALAJI,20200810,20.6,20.6,19.7,20,7276
JAICORPLTD,20200810,89.2,91.9,89.1,89.85,2025745
JAINSTUDIO,20200810,3.75,3.75,3.75,3.75,8570
JAMNAAUTO,20200810,34.4,34.4,31.85,32.45,1496831
JASH,20200810,143.5,152.45,139,146.15,18732
JAYAGROGN,20200810,88,89,86.3,87.8,9596
JAYBARMARU,20200810,207,207.7,198.95,203.95,33833
JAYNECOIND,20200810,3.1,3.15,2.95,3.1,42015
JAYSREETEA,20200810,62,63,60,61.8,287703
JBCHEPHARM,20200810,733.75,739,731.1,735.15,998254
JBFIND,20200810,9.3,9.7,9,9.4,57197
JBMA,20200810,224,234.9,218,220.8,76604
JCHAC,20200810,2084.95,2095,2063.1,2074.7,26460
JHS,20200810,12.55,13.6,12.55,13.3,83868
JINDALPHOT,20200810,13.45,14.1,13.2,13.8,14172
JINDALPOLY,20200810,445.4,445.45,416.1,435.7,133563
JINDALSAW,20200810,61.05,61.6,59.9,60,820481
JINDALSTEL,20200810,200,204,196.8,201.6,13127160
JINDRILL,20200810,65.8,68.5,64.05,66.45,9533
JINDWORLD,20200810,47,47,44.1,44.95,9105
JISLDVREQS,20200810,10.4,10.7,10.2,10.7,57015
JISLJALEQS,20200810,10.6,10.85,10.6,10.85,909861
JITFINFRA,20200810,6.85,6.9,6.5,6.7,4164
JIYAECO,20200810,10.55,11.45,10.55,10.9,96136
JKCEMENT,20200810,1614,1614,1550,1564.75,50450
JKIL,20200810,95.8,95.9,94.3,94.65,58144
JKLAKSHMI,20200810,289.8,289.9,283.25,284.95,177040
JKPAPER,20200810,94,94.5,91.95,93.55,1436749
JKTYRE,20200810,66.3,66.8,65,66,968363
JMA,20200810,25.95,26,22.75,24.55,4413
JMCPROJECT,20200810,47.1,49.35,46.85,47.5,68264
JMFINANCIL,20200810,74.4,74.4,73.25,73.65,375981
JMTAUTOLTD,20200810,3.15,3.15,3,3.05,346843
JOCIL,20200810,186,201,182,193.5,86768
JPASSOCIAT,20200810,3.9,3.9,3.9,3.9,1253403
JPINFRATEC,20200810,1.15,1.25,1.15,1.25,5326780
JPOLYINVST,20200810,13.7,13.7,13.7,13.7,1312
JPPOWER,20200810,2.8,2.8,2.8,2.8,1010283
JSL,20200810,40.05,44.05,40.05,43.5,1503910
JSLHISAR,20200810,83.8,92.45,83.7,89.6,1435485
JSWENERGY,20200810,48.7,51.4,48.5,50.85,3568833
JSWHL,20200810,1982,1982,1901,1908.25,636
JSWSTEEL,20200810,241,246.35,238.55,245.2,6482352
JTEKTINDIA,20200810,67,67,65.85,66.25,87117
JUBILANT,20200810,842.35,884.45,840,874.7,972554
JUBLFOOD,20200810,1880,1916.9,1861.85,1880.75,1345731
JUBLINDS,20200810,142,144.7,133.55,135.7,82232
JUMPNET,20200810,75.55,80.85,75.55,79,1729843
JUNIORBEES,20200810,285.4,289,241.05,287.94,101278
JUSTDIAL,20200810,380,392.1,378.05,387.8,787942
JYOTHYLAB,20200810,143.1,143.8,140.15,140.95,1314986
KABRAEXTRU,20200810,57.85,59.2,56,57.6,27172
KAJARIACER,20200810,402,410.95,398.8,403.4,103534
KAKATCEM,20200810,148.65,155.4,148.65,151.35,15279
KALPATPOWR,20200810,228.5,244.75,227.95,242.9,693787
KALYANIFRG,20200810,134.4,134.4,130.05,134.4,1643
KAMATHOTEL,20200810,30.75,31.3,30.05,30.55,114257
KAMDHENU,20200810,73.5,74.2,71,73.35,10444
KANANIIND,20200810,4.1,4.1,3.9,4,3709
KANORICHEM,20200810,37.8,37.95,35.6,36,95895
KANSAINER,20200810,459.9,484.8,459.15,473.35,628463
KAPSTON,20200810,91.95,91.95,89.75,89.75,36
KARDA,20200810,78,80,76.8,76.95,44495
KARMAENG,20200810,10.25,10.7,10.05,10.65,1576
KARURVYSYA,20200810,35.6,36,34.15,34.9,2420431
KAUSHALYA,20200810,1.45,1.45,1.45,1.45,30110
KAYA,20200810,210.9,217.35,208.3,217.35,27035
KCP,20200810,63.35,65.85,63.35,64.25,345353
KCPSUGIND,20200810,15.05,15.4,14.6,15,536037
KDDL,20200810,124,125.9,120,123.9,6076
KEC,20200810,277.2,280,272.65,273.85,342536
KECL,20200810,10.5,10.6,10.15,10.4,68559
KEI,20200810,379.7,382.5,360,366.7,482472
KELLTONTEC,20200810,19.05,19.75,18.2,19.5,155931
KENNAMET,20200810,752.75,765.05,740.05,757.2,4039
KERNEX,20200810,17.9,18.6,17.65,17.75,3862
KESORAMIND,20200810,34.6,38.5,34.6,38,615139
KEYFINSERV,20200810,40,40,33.55,38.45,32
KHADIM,20200810,111.7,115.95,109,114.75,40137
KHANDSE,20200810,10,10,9.2,9.35,4257
KICL,20200810,1309,1344.5,1280,1285.45,1205
KILITCH,20200810,87.6,91.95,86.1,91.95,9899
KINGFA,20200810,557.4,557.4,540,544.2,12967
KIOCL,20200810,121.15,125.6,114.2,115.2,47432
KIRIINDUS,20200810,512.2,515,497,500.2,132709
KIRLFER,20200810,89.95,94.15,89.05,90.2,173964
KIRLOSBROS,20200810,144.45,144.5,136.95,139.55,145366
KIRLOSENG,20200810,106.1,108.3,105.45,107.1,52284
KIRLOSIND,20200810,654.55,669.95,635.9,650.4,2742
KITEX,20200810,102,103.3,101.55,101.95,81789
KKCL,20200810,764,776.05,742.05,761.55,1796
KMSUGAR,20200810,9.3,9.3,8.95,9.2,357224
KNRCON,20200810,205,207.75,203.9,206.85,81441
KOKUYOCMLN,20200810,59.9,64.3,58.25,62.6,2532005
KOLTEPATIL,20200810,150.2,155,150.2,153.4,155468
KOPRAN,20200810,61.2,62.9,60.3,62.9,372915
KOTAKBANK,20200810,1349,1380,1346.2,1360.2,2960057
KOTAKBKETF,20200810,219.87,222.3,219.57,220.53,79330
KOTAKGOLD,20200810,490,490,483,485.1,106030
KOTAKNIFTY,20200810,116.61,117.5,116.61,116.97,72623
KOTAKNV20,20200810,58.5,58.7,58,58.36,8118
KOTAKPSUBK,20200810,141.5,142.9,140,142,21998
KOTARISUG,20200810,13.1,13.45,13.05,13.35,155272
KOTHARIPET,20200810,16.45,16.45,15.7,16,17385
KOTHARIPRO,20200810,60.2,61.9,59.95,60.8,7955
KPITTECH,20200810,81.5,85.7,79.3,81.95,902551
KPRMILL,20200810,460,468.55,450,451.6,7844
KRBL,20200810,305.8,315.85,303,314.7,576194
KREBSBIO,20200810,97.5,97.5,90.4,92.1,51737
KRIDHANINF,20200810,3.15,3.3,3,3.1,87289
KRISHANA,20200810,49.9,50.15,49.9,50,3478
KSB,20200810,520,526,511.85,522.7,19474
KSCL,20200810,662.6,680,647,652.05,769577
KSERASERA,20200810,0.3,0.3,0.25,0.3,3757213
KSK,20200810,0.55,0.6,0.55,0.55,2874605
KSL,20200810,232.3,234.6,227.1,228.95,184855
KTKBANK,20200810,42.7,43.4,42.45,42.6,1330749
KUANTUM,20200810,50.8,50.95,49.5,50.1,30130
KWALITY,20200810,3.3,3.4,3.15,3.25,440609
L&TFH,20200810,63.8,64.25,63.1,63.7,7437455
LAKSHVILAS,20200810,19.5,20.9,19.5,20.7,1212803
LALPATHLAB,20200810,1912,1922,1867.55,1885.45,98608
LAMBODHARA,20200810,27.2,28.3,26.55,27.85,4762
LAOPALA,20200810,191.5,194,189.4,192.45,57225
LASA,20200810,64.45,64.45,60.7,60.7,26315
LAURUSLABS,20200810,1034,1124.95,1034,1124.95,3741219
LAXMIMACH,20200810,3324.95,3399.95,3260.1,3293.75,5948
LEMONTREE,20200810,23.75,24.8,23.65,24.35,1134032
LFIC,20200810,52.35,54.9,50.5,51.75,3207
LGBBROSLTD,20200810,215.05,222.5,213,215.3,86671
LGBFORGE,20200810,2.5,2.5,2.4,2.45,52464
LIBAS,20200810,43,43.9,40.1,42.8,19381
LIBERTSHOE,20200810,136.65,140.4,136.5,137.2,111984
LICHSGFIN,20200810,261.4,265.8,260.85,263.1,3794630
LICNETFGSC,20200810,21.8,21.98,21.03,21.29,81247
LICNETFN50,20200810,116,119.9,110.1,119.05,3611
LICNETFSEN,20200810,403.9,407.99,388.15,392.32,161
LICNFNHGP,20200810,116.01,119.5,116.01,117.5,76
LINCOLN,20200810,214.9,229.75,213,226.3,1064640
LINCPEN,20200810,156.05,170,156.05,164.05,5252
LINDEINDIA,20200810,679.95,709,672.1,690.9,89550
LIQUIDBEES,20200810,1003.55,1003.55,999.52,1000,920808
LIQUIDETF,20200810,1000,1000.01,999.99,999.99,62813
LOKESHMACH,20200810,23.9,24.5,23.1,23.45,124316
LOTUSEYE,20200810,30,32,29.5,30.05,40351
LOVABLE,20200810,50.05,53,50,51.9,39229
LPDC,20200810,1.15,1.15,1.15,1.15,302
LSIL,20200810,0.9,0.9,0.85,0.9,1906072
LT,20200810,925,970,925,960.05,11861752
LTI,20200810,2475,2524,2457.05,2519.3,205400
LTTS,20200810,1604,1636.95,1594.7,1630.2,85839
LUMAXIND,20200810,1490,1500,1465.55,1480.35,7153
LUMAXTECH,20200810,102,102,98.5,98.65,35140
LUPIN,20200810,886.9,999.4,886.05,957.95,14698542
LUXIND,20200810,1188.9,1230,1178.85,1216.85,55307
LYKALABS,20200810,19.85,20.8,19.1,20.8,43632
LYPSAGEMS,20200810,3.45,3.45,3.25,3.45,72847
M&M,20200810,605,640.8,605,628.9,12341776
M&MFIN,20200810,136.8,137.35,133.2,134.05,5167258
M100,20200810,16.76,17.2,16.76,17.05,71047
M50,20200810,111,111.68,110.31,110.31,360
MAANALU,20200810,61.9,62.75,58.65,60.55,17217
MADHAV,20200810,23.6,24.45,22.8,23,5211
MADHUCON,20200810,2.3,2.3,2.3,2.3,7000
MADRASFERT,20200810,19.4,19.4,18.4,18.5,107818
MAGADSUGAR,20200810,119.45,124.9,119.25,123.05,51620
MAGMA,20200810,30.5,31.8,30,31.8,1507757
MAGNUM,20200810,5.7,5.75,5.35,5.75,22391
MAHABANK,20200810,11.9,11.95,11.8,11.85,1707063
MAHAPEXLTD,20200810,62,65,59.6,63.65,3678
MAHASTEEL,20200810,95,103.15,94.75,103.15,69766
MAHEPC,20200810,164.9,170.5,163,167.1,323900
MAHESHWARI,20200810,156.5,157.3,150.05,154.45,16552
MAHINDCIE,20200810,111,114.85,109.15,110.65,93455
MAHLIFE,20200810,209.25,214,209.25,212.7,18250
MAHLOG,20200810,296.45,301.5,293.4,294.65,274887
MAHSCOOTER,20200810,3150,3182.45,3075.3,3105.6,11788
MAHSEAMLES,20200810,214,215.65,208,208.7,47654
MAITHANALL,20200810,520,547,518.8,529.9,168235
MAJESCO,20200810,679.35,679.35,679.35,679.35,48909
MALUPAPER,20200810,28,28.45,27.2,27.9,11692
MAN50ETF,20200810,113.05,115.5,113.05,114.7,4048
MANAKALUCO,20200810,8,8.15,7.8,8.1,25098
MANAKCOAT,20200810,3.9,3.95,3.7,3.85,13171
MANAKSIA,20200810,33.9,34.4,33.05,33.85,77738
MANAKSTEEL,20200810,10.3,10.75,9.8,10.15,29012
MANALIPETC,20200810,20.25,21.7,19.7,21.1,1267130
MANAPPURAM,20200810,162.7,163.1,156.25,158.6,9510184
MANGALAM,20200810,86.5,86.5,86.5,86.5,24052
MANGCHEFER,20200810,35.35,35.5,34.85,35,281833
MANGLMCEM,20200810,202.5,205,192.9,196.3,148071
MANGTIMBER,20200810,8.3,8.3,8.3,8.3,4762
MANINDS,20200810,52.2,52.5,51.2,52.05,123941
MANINFRA,20200810,22.8,22.8,19.8,20.1,559807
MANUGRAPH,20200810,9.9,10.05,9.35,10.05,8728
MANXT50,20200810,272.83,277.2,272.83,276,588
MARALOVER,20200810,12.7,12.7,11.5,11.95,10738
MARATHON,20200810,52.95,52.95,49.55,51.1,5071
MARICO,20200810,370,375.8,367.2,373.3,2665539
MARKSANS,20200810,47.45,48.45,45.25,48.45,2483088
MARUTI,20200810,6690,6728.7,6576,6608.9,1601753
MASFIN,20200810,662,662,641,646.8,37638
MASKINVEST,20200810,48.35,48.35,47.7,47.7,918
MASTEK,20200810,710,726.75,696,711.55,860358
MATRIMONY,20200810,590.05,617.85,590.05,608,9537
MAWANASUG,20200810,27,27.9,26.8,27.9,88481
MAXVIL,20200810,38.1,40.35,38.1,38.95,283825
MAYURUNIQ,20200810,247.95,250,242,243.55,36310
MAZDA,20200810,329.9,343,317.05,327.6,36182
MBAPL,20200810,62.75,63,60.5,60.5,305
MBECL,20200810,4.65,4.85,4.65,4.8,35233
MBLINFRA,20200810,6.45,6.6,6.1,6.35,51845
MCDHOLDING,20200810,25.15,25.85,24.6,25.35,37768
MCDOWELL-N,20200810,590.9,598.8,588,594.85,1656628
MCLEODRUSS,20200810,13.7,13.85,13.4,13.85,4956239
MCX,20200810,1676,1735,1650,1694.1,359013
MEGASOFT,20200810,6.5,6.8,6.5,6.7,48879
MEGH,20200810,68.45,69.8,63,63.75,5943781
MENONBE,20200810,39.3,40.5,39.3,39.6,22533
MEP,20200810,15.9,16.15,15.1,15.9,24513
MERCATOR,20200810,1.1,1.1,1.05,1.1,1662729
METALFORGE,20200810,3.75,4,3.7,4,14045
METROPOLIS,20200810,1679,1774.4,1657.6,1713.05,140607
MFSL,20200810,541.5,541.5,525.2,528.6,497388
MGL,20200810,964,970,946,967.9,692507
MHRIL,20200810,168,172.35,166.9,167.8,26872
MIC,20200810,0.8,0.8,0.8,0.8,8560
MIDHANI,20200810,214,214,211.05,213.2,1083602
MINDACORP,20200810,71.4,75.2,71.35,73.35,1064927
MINDAIND,20200810,288.9,288.9,279.1,282.3,330171
MINDTECK,20200810,23.8,26.15,23.8,25.95,38922
MINDTREE,20200810,1152,1159,1132.65,1142.2,346723
MIRCELECTR,20200810,8.7,8.7,8.7,8.7,232014
MIRZAINT,20200810,49.7,50.5,49.1,49.35,306689
MITTAL,20200810,29.8,29.8,29.8,29.8,4938
MMFL,20200810,242.6,244.1,225.8,238.45,53939
MMP,20200810,68.95,75.3,68.95,73.9,5405
MMTC,20200810,18.9,19.15,18.4,18.55,810457
MODIRUBBER,20200810,30,31.75,29,31.65,2178
MOHOTAIND,20200810,10.6,10.6,10.05,10.05,2568
MOIL,20200810,144.7,146,143.75,144.25,177301
MOLDTECH,20200810,40,43,36,39.6,204015
MOLDTKPAC,20200810,281.8,298,273.4,294.2,118509
MONTECARLO,20200810,159.55,160.45,155,155.55,75460
MORARJEE,20200810,10,10.9,9.9,10.75,8109
MOREPENLAB,20200810,22.9,24.15,22.9,24.15,2889565
MOTHERSUMI,20200810,99.9,108.25,99.55,104.9,39373983
MOTILALOFS,20200810,659.4,680.6,659.4,665.25,53449
MOTOGENFIN,20200810,17,17.1,16.55,16.75,1706
MPHASIS,20200810,1175,1202.55,1163.85,1180.9,471683
MPSLTD,20200810,382.05,398,379,395.65,24576
MRF,20200810,62798,63550,61700,61863,9740
MRO-TEK,20200810,22.1,25,22.1,25,2319
MRPL,20200810,35.15,35.2,34.25,34.4,1254810
MSPL,20200810,6.7,6.95,6.4,6.95,6057
MSTCLTD,20200810,161.15,164,150.1,151.8,363532
MTEDUCARE,20200810,12.55,13.8,12.1,13.8,148415
MTNL,20200810,9.65,10,9.55,9.8,1241430
MUKANDENGG,20200810,8.05,8.45,8.05,8.45,1558
MUKANDLTD,20200810,22.75,22.75,22.75,22.75,15980
MUKTAARTS,20200810,22.85,24,22.5,23.6,5941
MUNJALAU,20200810,49.75,49.9,48.9,49.1,184146
MUNJALSHOW,20200810,115.35,118.6,113.7,114.65,44711
MURUDCERA,20200810,16,16.2,15.75,15.85,48706
MUTHOOTCAP,20200810,366,383,366,373.85,31442
MUTHOOTFIN,20200810,1221,1226,1158,1172.7,3680405
N100,20200810,827.03,835,815.67,820.98,25172
NACLIND,20200810,46,48,43.6,46.3,399796
NAGAFERT,20200810,5,5.05,4.8,5,151597
NAGREEKCAP,20200810,5,5.05,5,5.05,2311
NAGREEKEXP,20200810,15.65,17.4,15.65,17.4,131076
NAHARCAP,20200810,65.7,66.4,64.65,65.25,3578
NAHARINDUS,20200810,24.7,27.5,24.7,26.25,13480
NAHARPOLY,20200810,71.85,71.85,67.05,70.2,86806
NAHARSPING,20200810,33.9,34.2,32.9,33.7,17702
NAM-INDIA,20200810,274.85,282,273.25,278.1,1152891
NATCOPHARM,20200810,785.7,859,783.05,847.9,1703035
NATHBIOGEN,20200810,390,409.95,351.95,356.85,347615
NATIONALUM,20200810,35,35.2,34.65,34.8,8027547
NATNLSTEEL,20200810,2,2.1,2,2.1,33158
NAUKRI,20200810,3320,3584.4,3320,3526.1,605175
NAVINFLUOR,20200810,1945.05,2140,1896.05,2122.65,519337
NAVKARCORP,20200810,25.2,26.25,24.8,25.55,455343
NAVNETEDUL,20200810,76,77,74.9,75.55,35792
NBCC,20200810,23.45,23.75,23.05,23.15,4997621
NBIFIN,20200810,1565,1614.95,1552.15,1577.05,65
NBVENTURES,20200810,52.45,53.8,51.65,52.05,759941
NCC,20200810,31.1,31.15,30.5,30.65,5073495
NCLIND,20200810,92.3,92.9,91.1,91.65,357852
NDGL,20200810,585,600,580,589.75,520
NDL,20200810,19.2,20,19.2,19.9,64973
NDRAUTO,20200810,115.1,126.35,115.05,126.35,2385
NDTV,20200810,34.05,35.5,34.05,34.95,23861
NECCLTD,20200810,10.25,10.65,10.25,10.25,55959
NECLIFE,20200810,21.7,23.45,21.7,23,1098699
NELCAST,20200810,51.15,51.8,50.6,50.75,107143
NELCO,20200810,214.8,218,210.25,212.8,254462
NEOGEN,20200810,650,655.95,621.25,621.25,45113
NESCO,20200810,434.25,456.3,432.55,449.85,193376
NESTLEIND,20200810,16789.95,16859.95,16640,16665.75,64149
NETF,20200810,115.96,115.96,110.56,113.85,84
NETFCONSUM,20200810,59,59,53,53.12,1952
NETFDIVOPP,20200810,28.7,28.75,28.02,28.69,243
NETFIT,20200810,18.42,18.5,18.06,18.24,67876
NETFLTGILT,20200810,21.5,21.97,21.5,21.91,43205
NETFMID150,20200810,62.26,63,61.03,62.72,15387
NETFNIF100,20200810,116.7,118,116.7,116.7,683
NETFNV20,20200810,59.4,59.4,57.94,58.93,5635
NETWORK18,20200810,41.6,42,40.8,40.95,1012697
NEULANDLAB,20200810,818,855,815.55,840.8,394411
NEWGEN,20200810,180,182,176,176.6,66624
NEXTMEDIA,20200810,4.9,4.9,4.7,4.9,1392
NFL,20200810,38.4,38.4,37.55,37.9,1047413
NH,20200810,306.5,333.3,302.7,323.3,1102192
NHPC,20200810,20.6,20.7,20.35,20.4,2284470
NIACL,20200810,116.7,118.3,115.65,117.45,550216
NIBL,20200810,5.05,5.05,5.05,5.05,4312
NIFTYBEES,20200810,119.1,120.39,119.1,119.97,1036138
NIFTYEES,20200810,13000,14400,13000,14400,4
NIITLTD,20200810,99,99.8,96.65,97.05,666278
NIITTECH,20200810,1995,2017.1,1980,1989.15,278255
NILAINFRA,20200810,4.6,5.2,4.35,5.2,6684601
NILASPACES,20200810,1.3,1.35,1.25,1.35,317480
NILKAMAL,20200810,1226.85,1265,1196,1245.6,25400
NIPPOBATRY,20200810,532.95,634.3,520.1,581,15772
NITCO,20200810,17.15,17.15,16.2,16.3,43650
NITINSPIN,20200810,39.85,41,38.35,39.1,93449
NKIND,20200810,21.8,21.8,21.8,21.8,114
NLCINDIA,20200810,49.35,50.2,49.35,49.9,433336
NMDC,20200810,89.75,92.3,88.4,91.75,9161274
NOCIL,20200810,114.5,117,111.8,112.75,1157306
NOIDATOLL,20200810,3.75,3.8,3.5,3.65,94069
NORBTEAEXP,20200810,7.7,7.7,7.7,7.7,2283
NPBET,20200810,120,122.49,117.97,120,712
NRAIL,20200810,216.25,216.35,208.5,211.9,64186
NRBBEARING,20200810,79.7,79.7,78.25,78.55,112246
NSIL,20200810,639.05,669,639,662.6,507
NTL,20200810,0.65,0.7,0.65,0.7,3772
NTPC,20200810,86.8,88.7,86.15,88.2,12215888
NUCLEUS,20200810,365,406.3,365,406.3,1087530
NXTDIGITAL,20200810,497.85,538.05,495.45,531.85,14948
OAL,20200810,354,358,350,352.65,27738
OBEROIRLTY,20200810,370,378.55,367.25,371.35,93945
OCCL,20200810,809.95,826.05,785,793.1,9368
OFSS,20200810,2950,3010,2942.15,2979.5,41916
OIL,20200810,95.15,97,95.15,95.4,505205
OILCOUNTUB,20200810,4.15,4.35,4.15,4.25,17484
OISL,20200810,3.1,3.2,2.95,3.15,29196
OLECTRA,20200810,64.65,65.6,63.1,63.25,47618
OMAXAUTO,20200810,34.2,35.8,33.55,34.05,35277
OMAXE,20200810,74,74.75,68.7,72.45,806807
OMKARCHEM,20200810,5.35,5.35,5.35,5.35,9252
OMMETALS,20200810,13.5,13.75,12.8,13.6,32410
ONELIFECAP,20200810,6.25,6.3,6.15,6.3,8823
ONEPOINT,20200810,9.8,10.25,9.4,9.95,26234
ONGC,20200810,79.5,79.75,78.9,79.05,7067873
ONMOBILE,20200810,37.9,37.9,36.15,36.75,245463
ONWARDTEC,20200810,64.45,65.25,62.6,63,10312
OPTIEMUS,20200810,26.75,26.75,26.75,26.75,437163
OPTOCIRCUI,20200810,7.15,7.85,7.15,7.85,1437749
ORBTEXP,20200810,68,74.4,66.7,69.55,48209
ORICONENT,20200810,16.35,17.15,16.15,16.9,136582
ORIENTABRA,20200810,17.65,18.35,17.4,17.5,25070
ORIENTALTL,20200810,11,11,11,11,28188
ORIENTBELL,20200810,79.6,81.45,75.4,80.2,51355
ORIENTCEM,20200810,71.5,72.6,70,70.2,352795
ORIENTELEC,20200810,178,178,174.75,175.15,372838
ORIENTHOT,20200810,19.5,19.8,19.05,19.5,11304
ORIENTLTD,20200810,72.95,72.95,67.65,69.4,253
ORIENTPPR,20200810,18.35,18.7,18.35,18.6,274647
ORIENTREF,20200810,171.2,173,170.25,171.9,34532
ORISSAMINE,20200810,2215,2280,2139.95,2163.85,32254
ORTINLABSS,20200810,17.75,17.75,16.15,17.1,34249
OSWALAGRO,20200810,8.8,9.4,8.8,9.3,56597
PAGEIND,20200810,19130,19190,18710,18759.2,36590
PAISALO,20200810,405,431,405,426.6,20072
PALASHSECU,20200810,26,27.3,26,27.3,3519
PALREDTEC,20200810,20.5,20.55,18.65,20.55,43244
PANACEABIO,20200810,220,221,209.05,209.5,381957
PANACHE,20200810,58.9,58.9,57.05,58,6576
PANAMAPET,20200810,43.9,44.9,41.35,41.95,97115
PAPERPROD,20200810,252.8,256.3,250,250.35,207537
PARACABLES,20200810,6.35,6.5,6.3,6.35,207936
PARAGMILK,20200810,93.4,94.95,91.55,92.9,650445
PARSVNATH,20200810,2.9,2.95,2.9,2.95,56519
PATELENG,20200810,13.7,14.2,13.65,13.7,278262
PATINTLOG,20200810,23,24.7,21.5,23.8,124481
PATSPINLTD,20200810,4.55,4.95,4.55,4.9,21695
PCJEWELLER,20200810,17.65,18.6,16.3,16.55,5818901
PDMJEPAPER,20200810,14.95,15.25,14.1,14.4,102367
PDSMFL,20200810,277.95,278,265.05,269.7,467
PEARLPOLY,20200810,19.7,19.75,18,19.75,26089
PEL,20200810,1483,1512.35,1467.6,1473.95,1497209
PENIND,20200810,16,16.95,16,16.25,339106
PENINLAND,20200810,4.55,4.6,4.45,4.55,194540
PERSISTENT,20200810,950.25,1025,930.05,985.9,309659
PETRONET,20200810,245.5,249,243.3,247.3,2142610
PFC,20200810,87.85,89.95,86.75,89.5,10639229
PFIZER,20200810,4400,4787.7,4393.5,4599.45,235019
PFOCUS,20200810,26.15,27.9,25.65,27.2,61240
PFS,20200810,18.25,18.75,18.25,18.55,1297054
PGEL,20200810,50.6,50.6,48.1,48.1,49005
PGHH,20200810,10301,10380,10175,10268.85,3070
PGHL,20200810,4745,4860.05,4476,4512.85,41759
PGIL,20200810,122.65,131.9,111,129.1,17631
PHILIPCARB,20200810,108,110.35,106.7,107.3,1102196
PHOENIXLTD,20200810,600.5,609.7,596.15,600,42713
PIDILITIND,20200810,1384.9,1408.9,1358.1,1398.9,1583731
PIIND,20200810,1974.5,1988.7,1911.45,1927.45,269636
PILANIINVS,20200810,1527.95,1529.95,1490,1496.3,1018
PILITA,20200810,5.6,5.8,5.5,5.7,30628
PIONDIST,20200810,116,117.6,114.35,116.15,13188
PIONEEREMB,20200810,23.75,25.75,23.05,23.75,78790
PITTIENG,20200810,30,31.2,29.4,30.1,18679
PKTEA,20200810,127.95,127.95,124,124,129
PLASTIBLEN,20200810,182.6,182.6,171.55,173.15,14081
PNB,20200810,33,33.3,32.7,32.85,18269325
PNBGILTS,20200810,45.45,46.55,45.2,45.45,703334
PNBHOUSING,20200810,220,248.7,219,237.75,3843058
PNC,20200810,14.25,14.85,14.2,14.7,1467
PNCINFRA,20200810,135.8,139.95,135.3,138.45,279580
PODDARHOUS,20200810,163.4,170,163.4,169.95,489
PODDARMENT,20200810,203,215,201.35,202.85,53953
POKARNA,20200810,152.95,152.95,148.1,152.95,81884
POLYCAB,20200810,846.95,869,836,857,333763
POLYMED,20200810,410.75,447.4,407.1,430.4,613055
POLYPLEX,20200810,723.9,779.75,715,769.3,637994
PONNIERODE,20200810,177,180,175,176.5,153934
POWERGRID,20200810,176.85,178.8,176.25,177.25,4368462
POWERINDIA,20200810,887.5,948,885.05,926.1,198550
POWERMECH,20200810,409.95,411.85,404,407.05,38574
PPAP,20200810,185.05,224.4,183,224.4,345703
PPL,20200810,70,74.15,66.2,72.1,153105
PRABHAT,20200810,72.9,75,72.65,73.15,98064
PRADIP,20200810,0.6,0.6,0.6,0.6,900
PRAENG,20200810,6.5,6.6,6.1,6.55,24697
PRAJIND,20200810,60,66.6,59.6,65.35,6723470
PRAKASH,20200810,42.95,44.5,42.25,44,1040596
PRAKASHSTL,20200810,0.95,0.95,0.9,0.95,923598
PRAXIS,20200810,33,34.25,31.3,32.95,4438
PRECAM,20200810,34.8,34.8,33,33.25,244168
PRECOT,20200810,21.9,21.9,20.5,20.6,1955
PRECWIRE,20200810,109.6,118,106.65,115.75,66026
PREMEXPLN,20200810,135.65,135.65,131.2,133.35,47320
PREMIER,20200810,1.85,1.95,1.85,1.85,1450
PREMIERPOL,20200810,22.25,22.25,19.45,21.9,14448
PRESSMN,20200810,19.7,20.3,19,20.05,98994
PRESTIGE,20200810,231,250,227.5,244.9,2267484
PRICOLLTD,20200810,47.1,47.75,45.65,45.65,117204
PRIMESECU,20200810,46,48.4,46,47.35,21725
PRINCEPIPE,20200810,138.4,154,138.4,150.15,1210870
PROSEED,20200810,0.3,0.35,0.3,0.3,280778
PROZONINTU,20200810,17.35,17.35,17.35,17.35,49318
PRSMJOHNSN,20200810,46.1,47.95,45.85,46.2,162535
PSB,20200810,13,13.25,12.9,13.15,659599
PSL,20200810,1.3,1.3,1.3,1.3,34482
PSPPROJECT,20200810,404,409,402.05,405.2,15703
PSUBNKBEES,20200810,15.9,15.99,15.5,15.77,100218
PTC,20200810,53.4,54.6,53.4,54.2,4144553
PTL,20200810,43.5,45,42.6,43.8,75998
PUNJABCHEM,20200810,447.8,449.5,426,446.65,1672
PURVA,20200810,42.15,43.8,42.15,43.5,91633
PVR,20200810,1133.4,1144,1116.55,1126.35,519661
QGOLDHALF,20200810,2429,2429,2397,2412,6327
QNIFTY,20200810,1157,1166,1157,1160,6
QUESS,20200810,369.6,376.9,361.65,366.4,143750
QUICKHEAL,20200810,124.5,130.5,124,127.45,1285934
RADICO,20200810,388,389.7,382.1,385.05,210859
RADIOCITY,20200810,17,17.5,16.4,17.05,1364068
RAIN,20200810,100.85,101.9,99.5,101,1061906
RAJESHEXPO,20200810,462.5,470,460.05,463.05,75990
RAJRATAN,20200810,269.9,299,254.95,290.4,31358
RAJSREESUG,20200810,14.4,14.55,13.7,14.55,11745
RAJTV,20200810,37.35,42.9,36.5,40.3,72059
RALLIS,20200810,306.4,313,305.8,309.8,1093407
RAMANEWS,20200810,16.5,16.5,15.75,15.9,54891
RAMASTEEL,20200810,31.85,32.25,30.2,31.75,9347
RAMCOCEM,20200810,690,690,678.5,685.55,892898
RAMCOIND,20200810,192,193.25,182.85,188.95,179545
RAMCOSYS,20200810,157.15,157.15,157.15,157.15,24917
RAMKY,20200810,35.2,36,34.65,35,70082
RANASUG,20200810,7.4,7.4,7.4,7.4,223679
RANEENGINE,20200810,190.05,194.65,187.55,192,1338
RANEHOLDIN,20200810,424.05,427.2,419.85,421.15,10351
RATNAMANI,20200810,1139.85,1153.55,1095,1105.05,14781
RAYMOND,20200810,255.8,265.7,255,260.45,1401688
RBL,20200810,540,549.85,526.2,535.45,30834
RBLBANK,20200810,190.75,193.3,180.1,181,33997206
RCF,20200810,51.75,52.4,51.2,51.85,3055022
RCOM,20200810,2.55,2.55,2.55,2.55,10947691
RECLTD,20200810,111.9,111.9,107,108,12944097
REDINGTON,20200810,87.35,89.4,87.35,88.95,385511
REFEX,20200810,52,52.1,49.85,50.05,81475
RELAXO,20200810,639.9,646,635.45,639.9,249045
RELCAPITAL,20200810,9.5,10,9.3,10,1529010
RELIANCE,20200810,2159.1,2165,2108.1,2119.85,12441939
RELIGARE,20200810,35.65,36.5,35,35.75,247064
RELINFRA,20200810,28.8,29.85,28.4,29.85,1738977
REMSONSIND,20200810,70,70.1,68,69,4165
RENUKA,20200810,9.4,9.65,9.25,9.65,1465735
REPCOHOME,20200810,140.25,142.05,139.05,139.9,440866
REPRO,20200810,390,394,380,383.25,2571
RESPONIND,20200810,101.95,102,100.2,101.65,550863
REVATHI,20200810,395.55,399.95,387,391.6,1343
RGL,20200810,276.5,277,265.7,266.7,5336
RHFL,20200810,2.1,2.15,2.05,2.15,1506352
RICOAUTO,20200810,29,29.7,28.35,28.7,538143
RIIL,20200810,413.75,422.95,413,416.7,374485
RITES,20200810,246,249,245.55,247.75,355390
RKDL,20200810,6.55,7.55,6.55,7.1,30080
RKFORGE,20200810,180.45,184.4,176.2,178.65,140874
RMCL,20200810,3.25,3.4,3.2,3.4,39481
RML,20200810,212,212,204,204.6,26711
RNAVAL,20200810,2.8,2.8,2.8,2.8,1039755
ROHITFERRO,20200810,0.95,0.95,0.95,0.95,1439
ROHLTD,20200810,63,63.4,62.1,62.5,63901
ROLLT,20200810,2.55,2.75,2.55,2.65,36786
ROLTA,20200810,5.45,5.45,5.45,5.45,129258
ROSSARI,20200810,757.9,768,743.7,751.15,529715
ROSSELLIND,20200810,94.6,96.2,93,96,28739
RPGLIFE,20200810,364.9,417.65,364.9,403.8,614279
RPOWER,20200810,3.45,3.75,3.4,3.75,22508808
RPPINFRA,20200810,55.8,55.8,50.25,50.95,28145
RSSOFTWARE,20200810,19,19,18,18.55,28453
RSWM,20200810,72.9,78.65,71,74.75,59042
RSYSTEMS,20200810,102.9,104.8,99.95,100.15,32141
RTNINFRA,20200810,7.7,7.7,7.7,7.7,236409
RTNPOWER,20200810,3.2,3.3,3.05,3.3,12890004
RUBYMILLS,20200810,157.95,161.2,151.6,153.5,7349
RUCHI,20200810,743.25,764,710,749.45,39289
RUCHINFRA,20200810,15.25,15.3,14.4,14.45,496754
RUCHIRA,20200810,47.3,47.8,45.55,47.15,57323
RUPA,20200810,158.05,163.6,157.3,162.35,35630
RUSHIL,20200810,104,105.4,100.2,104.2,33961
RVNL,20200810,19.25,19.25,19.05,19.1,2253541
S&SPOWER,20200810,14.8,15,14.3,15,786
SABEVENTS,20200810,0.95,1,0.95,1,4552
SABTN,20200810,1.7,1.75,1.7,1.7,8144
SADBHAV,20200810,46.9,47.15,45.7,45.95,243734
SADBHIN,20200810,16.7,16.9,16.15,16.7,143058
SAFARI,20200810,363.3,366.95,358,360.45,19844
SAGARDEEP,20200810,132.95,132.95,126.5,130.8,55539
SAGCEM,20200810,475,476.25,454.8,456.85,18734
SAIL,20200810,38,38.3,37.15,38.1,24216999
SAKAR,20200810,57,58.7,55,57.5,26221
SAKHTISUG,20200810,9.4,9.4,8.55,9,36494
SAKSOFT,20200810,309.9,311,281.75,287.15,254854
SAKUMA,20200810,6,6.2,6,6.1,108932
SALASAR,20200810,174.5,181.9,173.7,179.8,17961
SALONA,20200810,65.45,65.45,55,60.4,2462
SALSTEEL,20200810,2.85,2.85,2.65,2.85,28504
SALZERELEC,20200810,87,92,87,91.15,85581
SAMBHAAV,20200810,2.05,2.2,2.05,2.1,4481
SANCO,20200810,9,9.5,8.9,9.3,94300
SANDESH,20200810,460.15,527.7,460.15,481.45,1542
SANDHAR,20200810,208.65,210.65,201.65,207.75,4765
SANGAMIND,20200810,49.75,50,47.3,48.3,18510
SANGHIIND,20200810,25.05,26.3,24.9,25.65,851871
SANGHVIFOR,20200810,18.45,18.5,16.85,18.5,4347
SANGHVIMOV,20200810,72.4,72.4,68.3,70,31170
SANGINITA,20200810,74.55,75.75,72.25,75.05,89914
SANOFI,20200810,8178,8525,8178,8446.8,73969
SANWARIA,20200810,2.35,2.35,2.35,2.35,1763475
SARDAEN,20200810,199.9,211.2,197,203.1,216091
SAREGAMA,20200810,469.5,505,452.05,497.7,84413
SARLAPOLY,20200810,16.35,16.65,15.85,16.45,87444
SASKEN,20200810,588.25,626,582,610.8,176609
SASTASUNDR,20200810,93.5,102.1,93.5,100.8,39935
SATHAISPAT,20200810,2,2,2,2,100
SATIA,20200810,106.8,110,104.55,109.75,72828
SATIN,20200810,73.75,74.4,72.1,73,159402
SBICARD,20200810,758.55,769,755.1,761.6,1226626
SBIETFQLTY,20200810,109.65,109.65,101,101.7,2320
SBILIFE,20200810,880,882,861.8,865.75,1090544
SBIN,20200810,191.85,195.5,191.7,193.8,48785067
SCAPDVR,20200810,1.05,1.05,1.05,1.05,111782
SCHAEFFLER,20200810,3542,3615.05,3521,3600.3,11303
SCHAND,20200810,68.05,68.05,65.05,68.05,194672
SCHNEIDER,20200810,77.05,78.15,75.4,75.8,180681
SCI,20200810,61.25,62.35,60.05,60.85,5603883
SDBL,20200810,50.1,50.35,46.3,47.15,357372
SEAMECLTD,20200810,419.9,422.75,412,416.35,5688
SELAN,20200810,112.5,118,109.5,113.95,37518
SEPOWER,20200810,2.65,2.7,2.55,2.55,6296
SEQUENT,20200810,141.2,145.55,136,140.95,2517407
SESHAPAPER,20200810,147.65,151.9,145,150.2,95392
SETCO,20200810,9.4,10.15,9.3,9.95,126647
SETF10GILT,20200810,212.9,212.9,203,204.56,1758
SETFGOLD,20200810,4985,5135.75,4931,4965.25,37111
SETFNIF50,20200810,116,116.93,115.88,116.44,129127
SETFNIFBK,20200810,218,219.76,217.16,218.43,53635
SETFNN50,20200810,283.38,285.37,279.6,285,30444
SETUINFRA,20200810,0.95,1,0.95,1,278985
SEYAIND,20200810,77.45,78.2,77,77.9,32791
SFL,20200810,1421,1421,1363.5,1380.85,46917
SGL,20200810,8.15,8.5,8,8.4,25296
SHAHALLOYS,20200810,7.5,7.5,7.5,7.5,4
SHAKTIPUMP,20200810,177.8,179.75,171,172.3,21163
SHALBY,20200810,73,84.3,72.9,80.85,959484
SHALPAINTS,20200810,61.65,62.9,60.1,61.85,123793
SHANKARA,20200810,365.75,370,360,362.45,35268
SHANTIGEAR,20200810,88.9,93.4,88.9,89.25,78465
SHARDACROP,20200810,318,318,308,309.65,62560
SHARDAMOTR,20200810,840,879,840,855.1,3141
SHARIABEES,20200810,275,280,275,280,409
SHEMAROO,20200810,52.25,53.55,52.25,52.95,67391
SHIL,20200810,74.75,74.75,69.35,71.55,148098
SHILPAMED,20200810,629,689.8,625.95,665.35,1248099
SHIRPUR-G,20200810,8.45,8.45,7.85,8.25,60441
SHIVAMAUTO,20200810,14.4,14.4,13.8,14.2,39242
SHIVAMILLS,20200810,23.1,23.95,22.45,23.95,2237
SHIVATEX,20200810,78,81,77.25,80.55,5611
SHK,20200810,80.05,82.4,78.6,79.1,1628370
SHOPERSTOP,20200810,165,165,159,159.75,161425
SHREDIGCEM,20200810,47.15,48.7,45,47.6,660482
SHREECEM,20200810,22200,22550,21939.55,22396.4,125348
SHREEPUSHK,20200810,122.15,125,114.75,116.55,49307
SHREERAMA,20200810,5.9,6.2,5.85,6.15,82537
SHRENIK,20200810,51.5,51.9,49.5,51.45,23453
SHREYANIND,20200810,81.9,81.9,77.15,77.5,33950
SHREYAS,20200810,79.95,87.45,76.7,87.45,64056
SHRIPISTON,20200810,570,599,570,594.5,213
SHRIRAMCIT,20200810,669,699,659.65,661.15,37115
SHRIRAMEPC,20200810,3.4,3.55,3.4,3.55,269098
SHYAMCENT,20200810,3.1,3.25,3,3.25,55101
SICAGEN,20200810,13.15,13.3,12.1,12.4,23326
SICAL,20200810,9.05,9.45,9,9.1,142133
SIEMENS,20200810,1143,1152,1120.8,1132.3,888158
SIGIND,20200810,21,22.35,19.1,20.5,17499
SIL,20200810,9.5,10.35,9.5,10.2,9412
SILINV,20200810,140.45,143,139.5,139.75,1570
SILLYMONKS,20200810,32.95,32.95,30,30.9,65645
SIMBHALS,20200810,6.95,7.15,6.55,7,22495
SIMPLEXINF,20200810,35.15,35.4,34,35.35,497591
SINTEX,20200810,1.65,1.65,1.65,1.65,1181039
SIRCA,20200810,237,241.95,228.95,231.55,23896
SIS,20200810,383.5,383.5,366.3,370.55,69520
SITINET,20200810,1.7,1.8,1.7,1.75,132173
SIYSIL,20200810,147.95,148.4,145,145.55,110841
SJVN,20200810,22.2,22.3,22.15,22.25,843634
SKFINDIA,20200810,1470,1487.95,1465,1479.15,23397
SKIL,20200810,3.85,3.95,3.75,3.95,30705
SKIPPER,20200810,39.45,41,38.6,40.05,142365
SKMEGGPROD,20200810,35.75,38,35.75,37.25,52758
SMARTLINK,20200810,66.7,70.95,65.9,67.7,14393
SMLISUZU,20200810,403.65,424.4,403.3,410.8,150798
SMSLIFE,20200810,440,468,436.2,459.05,38390
SMSPHARMA,20200810,86.1,93,86,91.55,1190116
SNOWMAN,20200810,29.7,30.4,29.4,29.8,716481
SOBHA,20200810,220,235,220,230.9,436663
SOLARA,20200810,879.35,997.9,873.75,979.4,649498
SOLARINDS,20200810,994.95,1045.55,984.05,1002.9,62621
SOMANYCERA,20200810,131.1,136,131.1,134.55,77063
SOMATEX,20200810,2.7,2.8,2.7,2.75,2797
SOMICONVEY,20200810,17.95,17.95,15.6,16.8,4419
SONATSOFTW,20200810,291.9,291.9,286,290.55,455206
SORILINFRA,20200810,50.95,54.55,49,51.8,509878
SOTL,20200810,664,664,644,653.85,2042
SOUTHBANK,20200810,7,7.15,6.95,7,11228440
SOUTHWEST,20200810,20.5,21.5,20.5,21,5745
SPAL,20200810,73,74.3,71.15,71.8,33434
SPANDANA,20200810,633,644,620,625.55,17502
SPARC,20200810,181.5,191.7,181.5,187.7,2141208
SPCENET,20200810,0.65,0.65,0.65,0.65,930
SPECIALITY,20200810,32.05,34.75,32,34.45,109047
SPENCER-RE,20200810,29,33.9,26.95,29.3,629921
SPENCERS,20200810,92,92.7,88.15,88.4,1215139
SPENTEX,20200810,0.7,0.7,0.65,0.65,36339
SPIC,20200810,23.25,24.65,23.2,23.5,445515
SPICEJET,20200810,46.3,46.9,46,46.15,1367238
SPLIL,20200810,28.45,28.45,27.05,27.45,47694
SPMLINFRA,20200810,7.65,8.3,7.6,7.7,48588
SPTL,20200810,2.8,2.85,2.75,2.75,976737
SPYL,20200810,0.4,0.4,0.35,0.4,68936
SREEL,20200810,138.55,143.55,136,139.3,7994
SREINFRA,20200810,7.4,7.5,7.1,7.15,801331
SRF,20200810,4120,4276.65,4063.6,4221.55,834885
SRHHYPOLTD,20200810,177,185,175,175.9,21860
SRIPIPES,20200810,185.4,185.4,180.05,181.1,54207
SRTRANSFIN,20200810,678,686.6,670.1,674.35,2629986
SSWL,20200810,420.25,437.8,420.25,427.95,78316
STAMPEDE,20200810,0.55,0.55,0.5,0.55,205688
STAR,20200810,527,616,527,609.05,6172234
STARCEMENT,20200810,89.75,89.75,88.1,88.7,96771
STARPAPER,20200810,98,100.6,97.05,99.25,131486
STCINDIA,20200810,53.4,55.95,51.15,53.2,129268
STEELCITY,20200810,31.8,31.8,26.05,28.4,46521
STEELXIND,20200810,29,30,29,29.35,194547
STEL,20200810,60.8,62.65,58.6,61.9,15849
STERTOOLS,20200810,180,189.75,178.2,180.1,104185
STINDIA,20200810,3.6,3.6,3.6,3.6,111
STRTECH,20200810,125.9,132.95,125.25,130,2394892
SUBCAPCITY,20200810,16,16.15,14.8,16.05,1545
SUBEX,20200810,10.85,11,10.2,11,3054497
SUBROS,20200810,192.8,201.7,191.3,196.85,147069
SUDARSCHEM,20200810,438,445,426.35,435.5,513932
SUJANAUNI,20200810,0.2,0.25,0.15,0.25,532423
SUMEETINDS,20200810,1.7,1.7,1.6,1.7,53623
SUMICHEM,20200810,289.4,292.4,285.2,286.45,1026373
SUMIT,20200810,10,10,9.5,9.6,35771
SUMMITSEC,20200810,388.55,406.55,365.9,400.1,2922
SUNCLAYLTD,20200810,1562.35,1699,1562.35,1670.9,5949
SUNDARAM,20200810,1.35,1.4,1.3,1.4,401903
SUNDARMFIN,20200810,1334,1334,1290.1,1313.85,32316
SUNDARMHLD,20200810,47.6,48.4,47.45,47.5,63661
SUNDRMBRAK,20200810,255,255,225,228,8141
SUNDRMFAST,20200810,445,451.65,426.25,429.1,81004
SUNFLAG,20200810,44.6,48.15,43.4,46.6,2060405
SUNPHARMA,20200810,526,550.8,526,543.85,16271351
SUNTECK,20200810,225.5,233,225.25,229.5,320211
SUNTV,20200810,396,399.65,392,398.05,851388
SUPERHOUSE,20200810,86.45,87.3,85.8,86.55,6154
SUPERSPIN,20200810,4.4,4.5,4.25,4.5,14508
SUPPETRO,20200810,182.3,190,182.15,188.25,52099
SUPRAJIT,20200810,167,174.9,166.95,170.2,248127
SUPREMEIND,20200810,1270,1275.2,1245.2,1254.7,37857
SURANASOL,20200810,6.9,6.95,6.6,6.75,8889
SURANAT&P,20200810,3.95,3.95,3.65,3.75,87518
SURYALAXMI,20200810,16,17.1,16,17,5059
SURYAROSNI,20200810,144,157.8,141.05,153.75,405031
SUTLEJTEX,20200810,18.9,19.95,18.6,18.8,132884
SUVEN,20200810,52,53.35,49.75,53.35,1733263
SUVENPHAR,20200810,678.8,723,675,711.2,724719
SUZLON,20200810,4.4,4.6,4.35,4.5,22446348
SWANENERGY,20200810,160,160,146.85,148.7,137236
SWARAJENG,20200810,1470,1524,1463.45,1495.2,14728
SWELECTES,20200810,103,104.5,100.65,102.45,1870
SWSOLAR,20200810,237.35,268.2,237.35,256.7,642730
SYMPHONY,20200810,848.5,855.95,840,847.6,17672
SYNCOM,20200810,2,2,1.95,2,572405
SYNGENE,20200810,470,486.7,468.2,481.8,867771
TAINWALCHM,20200810,52.3,52.4,50.45,51.55,2913
TAJGVK,20200810,143.85,143.95,140.25,141.7,54736
TAKE,20200810,46,52.4,45.5,50.25,3357305
TALBROAUTO,20200810,108.4,109.95,103.9,104.75,21851
TANLA,20200810,151.7,163.65,150.05,163.65,1589486
TANTIACONS,20200810,2,2,2,2,1468
TARMAT,20200810,35.85,36.25,35.85,36.25,27205
TASTYBITE,20200810,11983.6,12586.95,11983.6,12302.25,3234
TATACHEM,20200810,303.3,305,299.1,301.15,1366678
TATACOFFEE,20200810,107.25,110.4,107,109,2487608
TATACOMM,20200810,834.8,854.9,820,853.1,423181
TATACONSUM,20200810,520.95,526,510.7,520.3,6832826
TATAELXSI,20200810,992,1027.6,982,1019.95,713244
TATAINVEST,20200810,778.8,790,772.4,776.25,33880
TATAMETALI,20200810,501.5,506.2,498,499.6,19082
TATAMOTORS,20200810,119.95,124.7,119.7,123.85,71095910
TATAMTRDVR,20200810,41.7,43.15,41.35,42.85,7738057
TATAPOWER,20200810,49.8,51.9,49.8,51.45,27048832
TATASTEEL,20200810,405.75,411.55,399.6,410.2,12018305
TATASTLBSL,20200810,24.5,24.6,24.1,24.4,3621875
TATASTLLP,20200810,284.65,291.9,283.2,284,60372
TBZ,20200810,37,37.3,35.3,35.65,172266
TCI,20200810,176.9,180,173.3,177.65,41417
TCIDEVELOP,20200810,270.75,277.95,267.25,268.1,103
TCIEXP,20200810,715.1,719,700,710.15,14475
TCIFINANCE,20200810,5.7,6.1,5.7,5.95,3280
TCNSBRANDS,20200810,342.55,342.6,335,336.25,11136
TCPLPACK,20200810,333.8,359.95,325,350.1,41482
TCS,20200810,2318,2325,2276.05,2282.8,2929385
TDPOWERSYS,20200810,113,116.7,111.35,113.75,46324
TEAMLEASE,20200810,2098.95,2127.3,2070,2092.25,83265
TECHIN,20200810,2.85,2.95,2.75,2.95,564
TECHM,20200810,668,687.35,662.7,681.85,5362306
TECHNOE,20200810,174.7,182,174.5,180.3,15940
TECHNOFAB,20200810,9.2,9.3,8.8,8.95,6675
TEJASNET,20200810,63.85,63.85,62.1,63.85,97731
TERASOFT,20200810,28.6,30.85,28.6,30.85,132007
TEXINFRA,20200810,36.85,38.9,36.2,37.65,58183
TEXMOPIPES,20200810,13.35,13.35,12.45,12.85,79023
TEXRAIL,20200810,26,26.3,25.9,26,280309
TFCILTD,20200810,37,37.4,36.1,36.9,116905
TFL,20200810,3,3.15,3,3.15,1137
TGBHOTELS,20200810,4.3,4.6,4.25,4.5,11754
THANGAMAYL,20200810,335.1,343.8,330.8,341.2,65054
THEINVEST,20200810,110.05,110.1,97.2,104.6,8708
THEMISMED,20200810,395.6,421,395,399.75,18731
THERMAX,20200810,755,758.6,748.1,749.6,17347
THOMASCOOK,20200810,30.95,31.5,29.3,30.55,437137
THOMASCOTT,20200810,5,5,5,5,1110
THYROCARE,20200810,701,720,688.05,712.6,195769
TI,20200810,17.7,17.8,17.35,17.55,39490
TIDEWATER,20200810,4510.05,4880,4501,4729,7194
TIIL,20200810,232.9,233.75,215.25,227.45,22978
TIINDIA,20200810,543.9,546.85,531.85,535.2,414972
TIJARIA,20200810,5.7,5.7,5.35,5.65,25894
TIL,20200810,139.85,144.75,139.8,141.8,8516
TIMESGTY,20200810,27.95,27.95,26.65,26.65,10543
TIMETECHNO,20200810,39.9,40.9,39.2,39.95,438047
TIMKEN,20200810,1015,1038.35,1015,1017.95,9348
TINPLATE,20200810,148.35,151.7,145,147.65,1869154
TIPSINDLTD,20200810,166.9,194.9,162.25,190.7,85734
TIRUMALCHM,20200810,62.9,64.45,61.6,62.25,906658
TIRUPATIFL,20200810,30.15,30.2,28.75,30.2,1100
TITAN,20200810,1093,1114.6,1084,1107.55,5186001
TMRVL,20200810,9.85,9.9,9.6,9.75,32927
TNPETRO,20200810,37.2,37.2,35.5,36,700346
TNPL,20200810,114.85,115.8,113.05,114.1,230157
TNTELE,20200810,1.8,1.8,1.75,1.8,3464
TOKYOPLAST,20200810,58.1,62.3,58.1,60.45,1723
TORNTPHARM,20200810,2949.8,3030,2945,3010.8,1296485
TORNTPOWER,20200810,340,341.35,331.75,339,1520418
TOUCHWOOD,20200810,46,46.05,42.1,46.05,26870
TPLPLASTEH,20200810,114.7,117.95,113.95,114.6,6966
TREEHOUSE,20200810,7.1,7.1,6.8,7.1,126532
TREJHARA,20200810,9.8,9.8,9.65,9.65,847
TRENT,20200810,583.45,596.5,577,582.35,239688
TRF,20200810,88.85,91.5,88.85,89.3,33355
TRIDENT,20200810,6.9,6.9,6.8,6.8,5358414
TRIGYN,20200810,35.25,38.6,34.85,38.1,143229
TRIL,20200810,10.4,10.9,10.4,10.45,123930
TRITURBINE,20200810,64.9,66.6,64.25,65.35,179470
TRIVENI,20200810,73,74.8,68.5,71.05,1864581
TTKHLTCARE,20200810,471.35,550.8,471.35,543.3,50658
TTKPRESTIG,20200810,5656.95,5665,5321,5457.95,12982
TTL,20200810,34.75,34.8,32.55,32.8,10268
TTML,20200810,3.5,3.7,3.4,3.6,1788532
TV18BRDCST,20200810,34.2,34.2,33.3,33.65,2750939
TVSELECT,20200810,91.95,94,91.2,91.75,28907
TVSMOTOR,20200810,425,426.95,415.2,418.65,2082987
TVSSRICHAK,20200810,1498.8,1648,1485.8,1605.45,119647
TVTODAY,20200810,200,212.75,195,210.8,354195
TVVISION,20200810,1.85,1.9,1.8,1.9,25633
TWL,20200810,40.3,41.4,40.3,40.9,124401
UBL,20200810,970,972.45,961.45,968.25,293365
UCALFUEL,20200810,111.2,112.2,110,111.3,26136
UCOBANK,20200810,13.85,13.95,13.7,13.75,1001455
UFLEX,20200810,317,324,315,320.8,257184
UFO,20200810,69.05,71,69.05,70.5,207882
UGARSUGAR,20200810,13.85,14.35,13.55,13.9,321225
UJAAS,20200810,4.3,4.6,4.25,4.6,1580131
UJJIVAN,20200810,243,243.65,235.45,237.95,2423593
UJJIVANSFB,20200810,35.9,36.25,34.55,35.1,1765772
ULTRACEMCO,20200810,4048,4048,3961,3968.35,590904
UMANGDAIRY,20200810,46.8,46.8,42.65,45.3,17135
UMESLTD,20200810,1.3,1.3,1.3,1.3,3201
UNICHEMLAB,20200810,260.5,262.85,251,251.95,150214
UNIENTER,20200810,65,65,59.2,62.05,13294
UNIONBANK,20200810,29.5,29.8,29.3,29.5,1665835
UNIPLY,20200810,5.55,5.6,5.45,5.5,327175
UNITEDTEA,20200810,291.85,305,291.05,298.4,6372
UNIVASTU,20200810,30.6,37.35,30.6,34.25,18169
UNIVCABLES,20200810,129.7,132.9,119,126.55,62217
UNIVPHOTO,20200810,218.8,218.8,211.55,218.8,16129
UPL,20200810,483.85,496.5,478.45,494.3,7603928
URJA,20200810,3.35,3.35,3.05,3.25,3457604
USHAMART,20200810,21.5,23.3,20.5,22.3,1694051
UTINEXT50,20200810,280.15,286,277.14,284,2010
UTINIFTETF,20200810,1198.31,1208.21,1198.3,1198.3,255
UTISENSETF,20200810,391.03,406,391.02,401.54,5603
UTISXN50,20200810,291,291,291,291,5
UTTAMSTL,20200810,6.6,6.8,6.4,6.55,104086
UTTAMSUGAR,20200810,78.35,83.8,76.1,81.8,209390
UVSL,20200810,0.6,0.6,0.55,0.55,13875890
V2RETAIL,20200810,45,45,43,44.2,73689
VADILALIND,20200810,618,635,615,617.9,10926
VAIBHAVGBL,20200810,1718,1721,1670,1693.15,24715
VAISHALI,20200810,43,43,41.3,42.3,798
VAKRANGEE,20200810,33,33,31.8,32,1950166
VARDHACRLC,20200810,29.4,30.05,28.9,29.1,41818
VARDMNPOLY,20200810,8.3,8.3,8.3,8.3,23139
VARROC,20200810,232,234.5,221.3,222.7,299931
VASCONEQ,20200810,9.25,9.4,8.7,8.85,361612
VASWANI,20200810,5.05,5.25,4.8,5.25,8636
VBL,20200810,753.85,753.85,738.75,742,179938
VEDL,20200810,122,126.4,121.6,125.2,10985335
VENKEYS,20200810,1059.1,1105.75,1056,1071.9,122332
VENUSREM,20200810,103.85,103.85,103.85,103.85,21582
VERTOZ,20200810,121,123,118.8,119.05,34004
VESUVIUS,20200810,898.95,913.05,893.6,907.35,2364
VETO,20200810,45,45.95,42.55,44.3,30812
VGUARD,20200810,165,165.8,161.7,162.35,300989
VHL,20200810,1276.1,1308.65,1235,1284,185
VICEROY,20200810,2.45,2.55,2.45,2.55,21325
VIDHIING,20200810,90,94,90,91.15,194555
VIJIFIN,20200810,0.65,0.65,0.55,0.6,131534
VIKASECO,20200810,8.65,8.65,8.65,8.65,91241
VIKASMCORP,20200810,11.9,12,11.65,12,3860276
VIKASPROP,20200810,3.5,3.5,3.5,3.5,1347829
VIKASWSP,20200810,6.4,6.55,6.15,6.4,181399
VIMTALABS,20200810,130,136.5,115.35,117.7,1483451
VINATIORGA,20200810,986.95,986.95,969.05,971.95,65705
VINDHYATEL,20200810,744.8,744.8,710,712.95,15292
VINYLINDIA,20200810,90.1,93,89.2,90.2,69381
VIPCLOTHNG,20200810,6.6,6.6,6.05,6.35,95956
VIPIND,20200810,262.5,263.45,258.5,259.75,1367587
VIPULLTD,20200810,14.1,14.7,13.7,14.15,9122
VISAKAIND,20200810,327.95,331.95,321,327.4,104597
VISASTEEL,20200810,4.95,5.2,4.95,5.2,6193
VISHAL,20200810,283.5,283.5,272,272,4899
VISHNU,20200810,188,198.6,179.05,190.85,150046
VISHWARAJ,20200810,83.75,85.85,82.15,83.95,6429
VIVIDHA,20200810,0.45,0.45,0.4,0.4,177387
VIVIMEDLAB,20200810,14.15,14.15,14.15,14.15,54591
VLSFINANCE,20200810,52.35,54.45,51.65,53.2,31514
VMART,20200810,1794.75,1820,1760,1775.5,14923
VOLTAMP,20200810,1088,1150,1072.9,1138.15,37695
VOLTAS,20200810,594.6,597.75,585.6,586.85,1450821
VRLLOG,20200810,148.3,154,148.3,149.55,147895
VSSL,20200810,64.95,65,64.95,65,17500
VSTIND,20200810,3496.1,3521.55,3450.45,3464,17438
VSTTILLERS,20200810,1477.4,1520,1448.05,1482.05,80226
VTL,20200810,682.1,704.95,679.55,691.6,33290
WABAG,20200810,127.3,151.6,126.5,149.3,2025632
WABCOINDIA,20200810,7018,7020.05,7000.05,7001.45,22607
WALCHANNAG,20200810,54.85,54.85,54.85,54.85,54913
WANBURY,20200810,39,39.7,38.1,39.7,31266
WATERBASE,20200810,94.65,95.2,93,93.4,95300
WEBELSOLAR,20200810,19.5,19.5,18,18.4,46348
WEIZMANIND,20200810,31.85,31.85,29.05,29.55,11812
WELCORP,20200810,103.65,106,102.65,103.65,1098553
WELENT,20200810,62.5,63.75,62.2,62.4,100655
WELINV,20200810,230,243.95,221.35,243,139
WELSPUNIND,20200810,44,44.85,43.1,44.85,2508341
WENDT,20200810,2500,2545,2464.35,2538.05,250
WESTLIFE,20200810,351.85,368.45,349.75,362.8,604409
WHEELS,20200810,433.05,436.5,423.7,426.95,5975
WHIRLPOOL,20200810,2091.5,2116.15,2060,2070.65,33414
WILLAMAGOR,20200810,19.4,19.95,18.35,19.95,14838
WINDMACHIN,20200810,14.4,14.55,13,13.25,171883
WIPL,20200810,50,50,50,50,150
WIPRO,20200810,280,281.2,276.6,277.4,6310815
WOCKPHARMA,20200810,311.3,324.7,310,318.25,1301769
WONDERLA,20200810,141.1,144,138.15,143.55,47359
WORTH,20200810,51.45,51.45,44.4,48.8,7415
WSI,20200810,1.3,1.3,1.2,1.3,8070
WSTCSTPAPR,20200810,172.3,204.6,169.55,182.2,434467
XCHANGING,20200810,66.45,68,64.1,65.75,622187
XELPMOC,20200810,112,115.25,112,114.95,45976
XPROINDIA,20200810,23.9,24.65,23,24.2,3450
YESBANK,20200810,14.5,14.8,14.3,14.8,221530509
ZEEL,20200810,150.6,154,149,151.2,13344014
ZEELEARN,20200810,14.1,14.25,13.9,13.95,443665
ZEEMEDIA,20200810,5.5,5.5,5.25,5.4,688676
ZENITHBIR,20200810,0.75,0.75,0.75,0.75,1500
ZENITHEXPO,20200810,40,41,37.75,40.3,3233
ZENSARTECH,20200810,175.65,176.95,171,171.95,175002
ZENTEC,20200810,73.95,74,70,71.15,1619221
ZICOM,20200810,1.5,1.5,1.5,1.5,24151
ZODIACLOTH,20200810,120,121,114.95,117.9,10774
ZODJRDMKJ,20200810,28,28,27.55,27.55,531
ZOTA,20200810,142.95,145,141.05,142.9,3684
ZUARI,20200810,88.8,91.55,88.75,89.4,9169
ZUARIGLOB,20200810,51.5,54.85,49.9,53.5,48162
ZYDUSWELL,20200810,1694.95,1712,1627.55,1654.95,62216
NSENIFTY,20200810,11270.25,11337.30,11238.00,11270.15,491999534,0
NIFTYJUNIOR,20200810,27406.90,27610.25,27369.70,27526.05,254983575,0
NIFTYMIDCAPLIQ15,20200810,3933.95,3949.45,3886.65,3916.60,203254673,0
NSE100,20200810,11426.30,11491.95,11401.55,11433.00,746983109,0
NIFTY200,20200810,5838.70,5871.85,5827.40,5844.25,1719881581,0
NSE500,20200810,9257.20,9308.75,9241.50,9268.55,2076871976,0
NSEMIDCAP150,20200810,6161.80,6193.10,6154.40,6176.55,986845350,0
MIDCAP50,20200810,4480.20,4495.35,4453.35,4478.50,906615210,0
NSEMIDCAP,20200810,16247.90,16362.15,16239.60,16312.70,972898472,0
NSESMLCAP100,20200810,5296.90,5355.00,5294.15,5351.15,-,0
NIFTYLARGEMIDCAP250,20200810,-,-,-,5773.77,1733828459,0
NIFTYAUTO,20200810,7593.70,7688.70,7577.50,7621.30,173609058,0
BANKNIFTY,20200810,21824.90,22071.95,21795.10,21900.25,261796164,0
NIFTYFINSERVICE,20200810,10883.35,10995.50,10871.40,10913.80,156735998,0
NIFTYFMGC,20200810,31597.05,31791.70,31584.65,31621.75,48164023,0
NSEIT,20200810,18090.25,18205.25,18016.80,18159.55,25995789,0
NIFTYMEDIA,20200810,1340.25,1345.20,1333.40,1339.75,21726639,0
NIFTYMETAL,20200810,2322.45,2337.20,2295.65,2332.00,96606951,0
NIFTYPHARMA,20200810,11583.60,12027.95,11582.45,11941.40,122096029,0
NIFTYPVTBANK,20200810,11965.10,12082.35,11913.20,11969.90,167915050,0
NIFTYPSUBANK,20200810,1436.20,1449.40,1431.35,1437.90,110667575,0
NIFTYREALTY,20200810,204.60,210.00,204.60,209.75,23363181,0
NIFTYCOMMODITIES,20200810,3115.00,3116.85,3098.45,3110.85,173624623,0
NIFTYCONSUMPTION,20200810,5075.65,5093.85,5060.95,5068.75,115748732,0
NIFTYCPSE,20200810,1436.05,1449.70,1432.20,1442.15,116253213,0
NIFTYENERGY,20200810,15601.20,15638.60,15457.95,15515.35,103918554,0
NIFTY100ESG,20200810,-,-,-,2212.02,652840017,0
NIFTY100ENHESG,20200810,-,-,-,2224.34,606046305,0
NIFTYINFRA,20200810,3207.70,3217.45,3188.60,3199.15,218613662,0
NIFTYMNC,20200810,13984.25,14037.35,13951.60,13973.05,470213133,0
NIFTYPSE,20200810,2519.70,2524.50,2501.55,2513.55,284883270,0
NIFTYSMEEMERGE,20200810,-,-,-,1239.28,860622,0
NIFTYSERVSECTOR,20200810,14602.35,14688.20,14571.50,14609.45,297601738,0
NIFTYSHARIAH25,20200810,-,-,-,4492.54,174075473,0
NIFTY50SHARIAH,20200810,-,-,-,2750.60,128694709,0
NIFTY500SHARIAH,20200810,-,-,-,3221.83,527711929,0
NIFTYABGROUP,20200810,-,-,-,2671.99,434314409,0
NIFTYMAHINDRA,20200810,-,-,-,9469.21,23299532,0
NIFTYTATA,20200810,-,-,-,7106.08,144499839,0
NIFTYTATA25CAP,20200810,-,-,-,4736.78,130841362,0
NIFTYABGROUP,20200810,-,-,-,2671.99,434314409,0
NIFTYLIQ15,20200810,2798.95,2813.40,2782.00,2795.35,231467834,0
NIFTY500VALUE50,20200810,-,-,-,3099.98,373189868,0
NIFTYQUALLOWVOL30,20200810,-,-,-,8581.23,98831160,0
NIFTYALPHAQUALLOWVOL30,20200810,-,-,-,9876.31,110173416,0
NIFTYALPHAQUALVALLOWVOL30,20200810,-,-,-,7499.98,125180695,0
NIFTY50EQUALWEIGHT,20200810,11541.60,11617.85,11531.35,11583.45,491999534,0
NIFTY100EQUALWEIGHT,20200810,12645.10,12716.65,12633.90,12687.35,746983109,0
NIFTY100LOWVOL30,20200810,9070.25,9134.10,9060.45,9094.15,193432679,0
NSEDEFTY,20200810,-,-,-,5213.77,-,0
NIFTY50DIVPOINT,20200810,41.78,41.78,41.78,41.78,-,0
NIFTYDIVOPPS50,20200810,2424.90,2434.05,2420.15,2428.20,425548465,0
NIFTYALPHA50,20200810,15592.10,15687.05,15550.55,15665.80,116499614,0
NIFTY50ARBITRAGE,20200810,-,-,-,1900.26,-,0
NIFTY50FUTINDEX,20200810,-,-,-,3779.07,-,0
NIFTY50FUTTRINDEX,20200810,-,-,-,11681.38,-,0
NIFTYHIGHBETA50,20200810,-,-,-,1124.39,1108922840,0
NIFTYLOWVOL50,20200810,-,-,-,11211.73,202855553,0
NIFTY50VALUE20,20200810,5545.00,5561.40,5530.65,5542.60,147596839,0
NIFTYGROWSECT15,20200810,5407.90,5454.65,5403.00,5430.60,182183835,0
NIFTY50TR2XLEV,20200810,5321.85,5384.45,5291.90,5321.75,-,0
NIFTY50PR2XLEV,20200810,4033.40,4080.85,4010.65,4033.30,-,0
NIFTY50TR1XINV,20200810,338.80,339.80,336.80,338.80,-,0
NIFTY50PR1XINV,20200810,388.95,390.10,386.65,388.95,-,0
NIFTY-GS-COMPSITE,20200810,2243.66,2243.66,2240.52,2243.02,-,0
NIFTY-GS-4-8YR,20200810,2344.20,2344.20,2341.06,2343.02,-,0
NIFTY-GS-8-13YR,20200810,2201.02,2201.02,2197.80,2200.62,-,0
NIFTY-GS-10YR,20200810,1997.43,1997.43,1993.42,1995.03,-,0
NIFTY-GS-10YR-CLN,20200810,972.70,972.70,970.74,971.53,-,0
NIFTY-GS-11-15YR,20200810,2375.07,2375.07,2371.11,2373.80,-,0
NIFTY-GS-15YRPLUS,20200810,2620.03,2621.81,2618.63,2620.75,-,0
VIX,20200810,22.58,23.02,21.45,22.51,0,0
