20MICRONS,20200828,33.25,33.95,32.15,32.65,113087
21STCENMGM,20200828,10.55,10.6,10.35,10.5,14604
3IINFOTECH,20200828,3.85,3.95,3.85,3.85,5794443
3MINDIA,20200828,20902,21216.9,20800,20907.35,1767
3PLAND,20200828,7,7,7,7,300
5PAISA,20200828,361.4,379.45,355,378.05,16788
63MOONS,20200828,81.8,85.1,81.65,85.1,233925
A2ZINFRA,20200828,5.65,5.65,5.25,5.25,1553477
AARTIDRUGS,20200828,3000,3070,2916.4,2931.05,345660
AARTIIND,20200828,1135,1139.9,1080.1,1086.7,484976
AARTISURF,20200828,590,590,533.9,561.35,206144
AARVEEDEN,20200828,12.65,13,12.15,12.75,22310
AARVI,20200828,44,44,42.5,44,2131
AAVAS,20200828,1540,1554,1510,1521.25,46129
ABAN,20200828,29.5,29.5,28.4,28.45,88153
ABB,20200828,972,994.7,972,985.6,248761
ABBOTINDIA,20200828,17132,17194.8,16780,16816.05,11894
ABCAPITAL,20200828,64.75,66.95,64.45,64.8,5837158
ABFRL,20200828,146.75,150,143.1,143.65,1458076
ABMINTLTD,20200828,29.8,29.8,29.8,29.8,2794
ABSLBANETF,20200828,251,251,235,249.88,567
ABSLNN50ET,20200828,286.13,287.9,286.13,287.9,32
ACC,20200828,1405.2,1420,1391.1,1396.4,467029
ACCELYA,20200828,1044.75,1044.75,1010,1018.45,27155
ACE,20200828,69.25,69.3,66.25,66.8,332333
ADANIENT,20200828,289,295.65,286.5,288.25,7256286
ADANIGAS,20200828,186.55,190.6,183.5,186.55,2344010
ADANIGREEN,20200828,436.1,472.5,436,462.3,2703686
ADANIPORTS,20200828,355,363,348.5,360.05,5406554
ADANIPOWER,20200828,39.45,39.85,39.1,39.25,3835614
ADANITRANS,20200828,280.8,287.6,272,275.65,673176
ADFFOODS,20200828,363,363,353.05,358.9,51234
ADHUNIKIND,20200828,23.8,23.8,22.1,23.25,108427
ADORWELD,20200828,281.85,284.65,271.35,274.1,27216
ADROITINFO,20200828,6.8,6.8,6.5,6.5,1070
ADSL,20200828,24.5,25.65,23.35,24.85,169318
ADVANIHOTR,20200828,45.75,48.8,44.8,47.25,57741
ADVENZYMES,20200828,225.8,229.9,216,217.6,475608
AEGISCHEM,20200828,217,224.3,211.85,219.65,668705
AFFLE,20200828,2654.65,2700,2654.65,2654.65,56097
AGARIND,20200828,112,115,109,110.4,31315
AGCNET,20200828,360,374.95,355,355.45,8949
AGRITECH,20200828,36,36,34.15,34.4,7203
AGROPHOS,20200828,11.2,11.2,10.5,10.6,52546
AHLEAST,20200828,172.05,172.1,161.6,167,9701
AHLUCONT,20200828,320,334.45,275.15,280.1,2307217
AHLWEST,20200828,269.85,289.8,260.5,268.35,2063
AIAENG,20200828,1860,1866.95,1820.05,1826.65,15796
AIONJSW,20200828,18.8,19.4,18.4,18.95,538237
AIRAN,20200828,12.5,13.1,12.4,12.9,24113
AJANTPHARM,20200828,1578,1592,1550,1570.1,208779
AJMERA,20200828,99.85,99.85,94.2,94.65,148827
AKASH,20200828,220,220,213,215.95,114220
AKSHARCHEM,20200828,252.4,257,243,244.4,96549
AKSHOPTFBR,20200828,8.7,8.7,7.9,7.9,1736806
AKZOINDIA,20200828,2180,2244.95,2096,2139.4,28328
ALANKIT,20200828,18,18.8,17.45,18.15,314632
ALBERTDAVD,20200828,440.5,444.95,438,441,25649
ALCHEM,20200828,7.4,7.4,7.4,7.4,31212
ALEMBICLTD,20200828,87.1,87.5,83.5,84.05,587390
ALICON,20200828,360.05,366.05,345,350.25,3236
ALKALI,20200828,53.55,54.05,51.3,51.85,19014
ALKEM,20200828,2895,2895,2851,2873.45,173469
ALKYLAMINE,20200828,3447.85,3464.65,3325,3331.35,58181
ALLCARGO,20200828,123,126.4,120,122.2,1398415
ALLSEC,20200828,289.8,289.8,270,274.3,3779
ALMONDZ,20200828,14,14.4,13.15,13.75,107114
ALOKINDS,20200828,34,34.5,33,33.35,11376856
ALPA,20200828,30.4,30.4,28.9,29.6,85400
ALPHAGEO,20200828,191.7,191.9,183.5,184.3,57226
ALPSINDUS,20200828,1.35,1.35,1.3,1.35,31356
AMARAJABAT,20200828,742,752.9,731.8,734.95,702794
AMBER,20200828,1813.95,1830.8,1800.05,1818.6,85165
AMBIKCO,20200828,733,733,715,717.85,13441
AMBUJACEM,20200828,222.1,225.15,220.35,222.45,4114190
AMDIND,20200828,19.5,19.5,17.6,18.05,29535
AMJLAND,20200828,19.05,19.55,18.6,19,20697
AMRUTANJAN,20200828,487.95,487.95,472.2,474.45,68577
ANANTRAJ,20200828,34.8,35.55,33.55,33.8,326347
ANDHRACEMT,20200828,5.6,5.75,5.35,5.4,361131
ANDHRAPAP,20200828,228.9,231.5,222.95,224.05,89093
ANDHRSUGAR,20200828,317.45,322.45,316.05,321.35,70667
ANIKINDS,20200828,15.15,15.45,14.75,15,17442
ANKITMETAL,20200828,1.05,1.05,1.05,1.05,40018
ANSALAPI,20200828,4.85,4.85,4.55,4.65,192076
ANSALHSG,20200828,5.05,5.05,4.85,5,104068
ANUP,20200828,574.1,584,563.75,572.85,18035
APARINDS,20200828,359.95,359.95,345.5,347.75,48345
APCL,20200828,151.1,154.55,147.8,151,32728
APCOTEXIND,20200828,161.75,163.6,160,160.15,101803
APEX,20200828,290.65,296.5,276.7,277.8,631091
APLAPOLLO,20200828,2440.45,2478.95,2393,2431.85,148201
APLLTD,20200828,1009.9,1019,984.1,988.95,435188
APOLLO,20200828,133.3,134.4,128.9,129.3,398096
APOLLOHOSP,20200828,1653.8,1675.9,1647.55,1661.95,548815
APOLLOPIPE,20200828,403.5,420,391.3,409.05,60234
APOLLOTYRE,20200828,136,137.9,132.6,133.55,7624362
APOLSINHOT,20200828,607,620,599.1,602.5,1733
APTECHT,20200828,135.55,141.5,133.05,133.55,589915
ARCHIDPLY,20200828,30.8,32.5,29.6,30.95,273519
ARCHIES,20200828,13.25,13.45,12.4,12.75,137443
ARCOTECH,20200828,2.95,2.95,2.8,2.8,49910
ARENTERP,20200828,11.75,11.75,10.55,11.05,1103
ARIES,20200828,81.5,82.8,79.45,80.05,63935
ARIHANT,20200828,18.55,19.5,18.35,19.35,6441
ARIHANTSUP,20200828,25.4,26.65,24.15,26.05,74501
ARMANFIN,20200828,612,625,580.8,589.8,48729
AROGRANITE,20200828,30.3,30.95,29.4,29.65,38852
ARROWGREEN,20200828,50.7,52.9,50.2,51.95,13848
ARSHIYA,20200828,12.45,13.05,12.45,13.05,61857
ARSSINFRA,20200828,14.8,14.85,14.8,14.85,27209
ARTEMISMED,20200828,170,176.55,167,167.1,3139
ARVIND,20200828,36.7,36.8,35.4,35.55,2189371
ARVINDFASN,20200828,157.2,159.85,154.1,155.5,231007
ARVSMART,20200828,104,105,102,102.25,85982
ASAHIINDIA,20200828,224.95,227,217.5,219.35,41670
ASAHISONG,20200828,217,221.95,210.9,213.2,86648
ASAL,20200828,23,23.2,22.15,22.45,8323
ASALCBR,20200828,276.5,286,276.1,282.4,94444
ASHAPURMIN,20200828,67.65,67.65,65.15,67.2,1136595
ASHIANA,20200828,89.9,89.9,85,85.35,100638
ASHIMASYN,20200828,6.65,6.85,6.4,6.45,43842
ASHOKA,20200828,76,76,73.05,73.45,1773325
ASHOKLEY,20200828,72.55,73.3,70.2,70.5,38402100
ASIANHOTNR,20200828,64,65,62.25,64.2,11909
ASIANPAINT,20200828,1994,1997,1953.3,1958.1,1842553
ASIANTILES,20200828,252.7,257,249,253.55,292462
ASPINWALL,20200828,159.3,159.35,149.95,152.05,1346
ASTEC,20200828,1213,1236.75,1166,1171.95,77873
ASTERDM,20200828,143.4,147,140.1,141.55,157820
ASTRAL,20200828,1168,1238,1138.75,1176.5,318225
ASTRAMICRO,20200828,130,134.9,127,128.55,3070269
ASTRAZEN,20200828,3559,3640,3545,3612.3,64945
ASTRON,20200828,44.35,47.55,43.65,45.35,164066
ATFL,20200828,764.4,769.95,731,743.5,86322
ATLANTA,20200828,9.2,9.3,8.85,8.9,19154
ATLASCYCLE,20200828,52,52.05,49.8,50.05,28432
ATUL,20200828,6355,6443.45,6059.75,6219.8,145466
ATULAUTO,20200828,195.7,197.85,188,189.1,323789
AUBANK,20200828,735,762,732,736.7,1466947
AURIONPRO,20200828,69.55,71.9,66.65,68.2,12520
AUROPHARMA,20200828,883,885.25,865.7,868.9,2336680
AUSOMENT,20200828,39.5,39.5,35.85,37.2,3842
AUTOAXLES,20200828,719.95,719.95,705.35,708.45,18642
AUTOIND,20200828,38.9,38.9,38.9,38.9,53923
AUTOLITIND,20200828,25.85,27.4,23.3,24.35,49965
AVADHSUGAR,20200828,206.9,207.6,197.2,199.1,102108
AVANTIFEED,20200828,563.5,575.65,555,558.9,1120611
AVTNPL,20200828,48,48.25,46.45,46.75,261204
AXISBANK,20200828,476.45,513,476.05,509.2,59180165
AXISCADES,20200828,72.95,73.75,69.5,70.3,84780
AXISGOLD,20200828,44.7,44.95,44.6,44.8,104241
AXISNIFTY,20200828,119.11,120.65,119.11,119.81,8385
AYMSYNTEX,20200828,28.9,29.05,26.6,27.65,13381
BAGFILMS,20200828,2.8,2.8,2.8,2.8,80788
BAJAJ-AUTO,20200828,3044,3062.45,3002,3014.15,679405
BAJAJCON,20200828,182.05,182.15,178.1,179.3,662963
BAJAJELEC,20200828,529.8,530.9,512,523.3,729211
BAJAJFINSV,20200828,6580,6650,6515,6545.55,490168
BAJAJHIND,20200828,6,6.05,5.9,5.95,2372911
BAJAJHLDNG,20200828,2880,2880,2765,2782.15,53007
BAJFINANCE,20200828,3650,3688,3617.05,3670.8,4251575
BALAJITELE,20200828,83.1,89.3,83.1,85.6,834242
BALAMINES,20200828,951.95,965,868,883.35,407313
BALAXI,20200828,410,420.85,404,420.85,2453
BALKRISHNA,20200828,14.85,14.85,14.05,14.55,11193
BALKRISIND,20200828,1388.6,1413,1375.5,1379.7,440254
BALLARPUR,20200828,1.65,1.65,1.65,1.65,729721
BALMLAWRIE,20200828,119.75,120.55,118.75,119.05,260791
BALPHARMA,20200828,48,48,46.1,46.25,18563
BALRAMCHIN,20200828,159.05,159.5,155,155.4,1706008
BANARBEADS,20200828,52.4,54.5,52.3,53.55,6196
BANARISUG,20200828,1332.05,1332.05,1300,1308.85,684
BANCOINDIA,20200828,101.8,101.8,96.4,97,319225
BANDHANBNK,20200828,313.9,327,313.1,320.05,43219718
BANG,20200828,19.25,19.7,19,19.2,10072
BANKBARODA,20200828,49.05,52.2,48.9,51.6,101656705
BANKBEES,20200828,244.9,248.4,238,247.24,1679441
BANKINDIA,20200828,50.45,53.5,50.1,52.55,14248949
BANSWRAS,20200828,76.5,77.6,75.1,76.75,33258
BASF,20200828,1600,1611,1550,1559.05,48786
BASML,20200828,97.8,98.2,95.05,95.7,3361
BATAINDIA,20200828,1356,1372,1331.05,1340.75,1071670
BAYERCROP,20200828,6134,6148.85,6005,6017.5,23137
BBL,20200828,838,849.9,829.55,832.8,16738
BBTC,20200828,1523.9,1539.95,1471.35,1483.5,234328
BCG,20200828,9.1,9.1,9.1,9.1,533261
BCP,20200828,5.7,5.7,5.5,5.7,454715
BDL,20200828,425,436.75,421.7,424.85,1647827
BEARDSELL,20200828,9.2,9.2,8.45,9.2,200720
BEDMUTHA,20200828,16.05,16.85,16.05,16.5,42253
BEL,20200828,113.95,114.75,110.8,112.05,16202183
BEML,20200828,713,724.9,704.5,711.5,962756
BEPL,20200828,61.95,65.85,61.5,62.7,1831601
BERGEPAINT,20200828,566,568.5,557,564.3,937871
BFINVEST,20200828,337,337,316.4,318.4,71818
BFUTILITIE,20200828,289.1,293.15,275.6,276.6,343157
BGRENERGY,20200828,43.85,43.9,42,43.2,103797
BHAGERIA,20200828,140.85,143.2,138.1,139.15,70883
BHAGYANGR,20200828,17.3,17.9,16.65,17.45,11123
BHAGYAPROP,20200828,22.4,22.4,21.6,21.9,13325
BHANDARI,20200828,1.3,1.3,1.2,1.3,297474
BHARATFORG,20200828,522,522.1,499.3,502.25,3939607
BHARATGEAR,20200828,58.1,59.5,57.3,57.55,30612
BHARATRAS,20200828,9702,9900,9655.1,9676.1,3971
BHARATWIRE,20200828,30,30.3,28.8,29.9,180041
BHARTIARTL,20200828,512.1,529.55,512.1,523.45,21808591
BHEL,20200828,40.25,42.1,40.1,41.65,133653715
BIGBLOC,20200828,47.2,47.9,47.2,47.25,1371
BIL,20200828,184.1,192,184.1,184.1,3616
BILENERGY,20200828,1,1,0.95,0.95,765471
BINDALAGRO,20200828,12.4,13.25,12.15,13.25,66267
BIOCON,20200828,391.85,393.65,388,391.55,2849943
BIOFILCHEM,20200828,35.85,35.85,35.85,35.85,32359
BIRLACABLE,20200828,63,63,60.6,60.85,107945
BIRLACORPN,20200828,641.5,648,635.1,642.8,243523
BIRLAMONEY,20200828,41,41.45,39.3,39.65,348085
BIRLATYRE,20200828,25.75,25.75,23.55,25.75,2569355
BKMINDST,20200828,1.1,1.1,1,1.05,184267
BLBLIMITED,20200828,5.9,5.9,5.65,5.9,143722
BLISSGVS,20200828,158.1,158.5,153.9,155.25,612283
BLKASHYAP,20200828,8.1,8.1,7.4,7.65,504429
BLS,20200828,104.15,106.7,103.55,103.55,58343
BLUEDART,20200828,2202,2294,2167.65,2256,83448
BLUESTARCO,20200828,683.45,713.65,669,689.95,382236
BODALCHEM,20200828,72.25,75.4,72.25,73.4,946721
BOMDYEING,20200828,75.55,76.45,72.6,73.05,2964572
BOROLTD,20200828,174,174,162,168.3,43811
BORORENEW,20200828,82.4,82.4,80.9,81.05,163757
BOSCHLTD,20200828,14200,14300,13951,14007.65,30109
BPCL,20200828,414.5,422,413.5,415.05,8744341
BPL,20200828,22.25,22.5,21.45,21.65,79398
BRFL,20200828,14,14,12.7,14,928830
BRIGADE,20200828,181.7,185.5,180,181.6,231356
BRITANNIA,20200828,3819,3827.6,3787,3793.85,512488
BRNL,20200828,35.6,36.1,35,35.3,22224
BROOKS,20200828,41,41,38.9,39,32469
BSE,20200828,515,525.7,511,520.65,572791
BSELINFRA,20200828,1.1,1.1,1,1.1,114413
BSL,20200828,26.85,27.25,25.5,25.9,13465
BSLGOLDETF,20200828,4725,4743.95,4701,4715,171
BSLNIFTY,20200828,125.99,126,123.26,126,340
BSOFT,20200828,175.5,176.7,171,172.8,1462951
BURNPUR,20200828,1.5,1.5,1.4,1.4,95679
BUTTERFLY,20200828,203.6,205.8,193.45,200.85,64712
BVCL,20200828,17.35,17.35,15.8,16.75,6811
BYKE,20200828,15.6,15.7,15.2,15.4,74340
CADILAHC,20200828,390,393.75,387.55,388.85,2434360
CALSOFT,20200828,14.75,14.75,14.75,14.75,104670
CAMLINFINE,20200828,98,99.4,94.9,95.85,721791
CANBK,20200828,106.3,115.9,106.3,114.8,47367334
CANFINHOME,20200828,384.25,392.55,384.2,387.2,847657
CANTABIL,20200828,321.4,321.95,307,309.9,135704
CAPACITE,20200828,141.45,141.45,137,137.7,48756
CAPLIPOINT,20200828,562.45,568.55,545,546.7,347350
CAPTRUST,20200828,70.5,70.5,68.6,69.5,5603
CARBORUNIV,20200828,276.9,279.95,272.3,274.05,105245
CAREERP,20200828,164.6,168,150,153.8,153762
CARERATING,20200828,404.95,420.8,403,412.95,228679
CASTROLIND,20200828,123,123.4,122.2,122.4,554660
CCHHL,20200828,3.5,3.5,3.35,3.45,77193
CCL,20200828,277.45,277.75,265.3,268.7,192584
CDSL,20200828,422.4,436,414,425.6,1901543
CEATLTD,20200828,937.75,949.95,927,937.45,486417
CEBBCO,20200828,17.2,18,16.5,17.7,347849
CELEBRITY,20200828,5.35,5.35,4.9,5,102992
CENTENKA,20200828,184.7,185,178.2,179.1,60443
CENTEXT,20200828,4.3,4.35,4.05,4.1,220678
CENTRALBK,20200828,17.85,18.2,17.8,17.85,2348208
CENTRUM,20200828,15.95,18.3,15.25,16.95,2896144
CENTUM,20200828,369,374.4,354,358.8,15687
CENTURYPLY,20200828,160,170.45,153.15,158,3426995
CENTURYTEX,20200828,371.9,371.9,359.15,362.4,3024494
CERA,20200828,2580,2640,2530,2567.45,5715
CEREBRAINT,20200828,32.8,32.8,30.1,30.35,97599
CESC,20200828,638.55,653.85,621.55,626.05,358227
CESCVENT,20200828,280,283.95,262,265.3,163589
CGCL,20200828,226.5,227.45,222.65,224.1,69526
CGPOWER,20200828,21.35,21.35,21.35,21.35,580381
CHALET,20200828,166,168.3,163.9,164.9,284432
CHAMBLFERT,20200828,157.75,159,153,153.55,1367421
CHEMBOND,20200828,169,169.2,165,165.45,12206
CHEMFAB,20200828,165.5,167.7,159,161.95,24541
CHENNPETRO,20200828,83,83.85,81.1,81.65,623881
CHOLAFIN,20200828,240.85,259,240.35,249.75,17783814
CHOLAHLDNG,20200828,438.55,445,431.25,435.55,567269
CHROMATIC,20200828,0.95,1.05,0.95,1,46795
CIGNITITEC,20200828,313,319.8,306,317.35,58069
CIMMCO,20200828,27,27,25.75,25.75,135078
CINELINE,20200828,32.35,32.9,30.8,31.75,330926
CINEVISTA,20200828,6.8,7.1,6.5,6.7,22192
CIPLA,20200828,763,771,746.7,748.6,8206125
CLEDUCATE,20200828,47.5,49.9,46.05,46.6,25508
CLNINDIA,20200828,390,394.35,387,389.3,52990
CMICABLES,20200828,43.9,43.9,41.75,42.05,56586
CNOVAPETRO,20200828,7.7,7.7,7.7,7.7,6766
COALINDIA,20200828,141.1,142.4,138.65,139.05,9056537
COCHINSHIP,20200828,368.95,370.85,352.5,354.25,580092
COFORGE,20200828,1945.2,2024.45,1945.2,2001.45,156148
COLPAL,20200828,1406,1411,1387.7,1390.2,751180
COMPINFO,20200828,13.85,14,12.9,13.1,265541
COMPUSOFT,20200828,9.25,9.25,8.7,8.85,70034
CONCOR,20200828,395.4,412.9,394.05,409.1,5527749
CONFIPET,20200828,21.45,21.8,20.55,20.7,508993
CONSOFINVT,20200828,35.1,35.75,35,35.2,4268
CONTROLPR,20200828,237.55,238,225.9,229.3,9176
CORALFINAC,20200828,21.45,22.25,20.8,21.15,34300
CORDSCABLE,20200828,45.25,45.8,44.2,44.25,40075
COROMANDEL,20200828,808,830,802,812.3,779095
COSMOFILMS,20200828,437.25,437.4,408,412,227459
COUNCODOS,20200828,1.4,1.4,1.3,1.35,23273
CPSEETF,20200828,19.04,19.32,18.94,19.05,2782772
CREATIVE,20200828,131.75,133.9,127.3,129.35,31681
CREATIVEYE,20200828,1.9,1.9,1.9,1.9,3005
CREDITACC,20200828,660,700,660,696.9,253612
CREST,20200828,88.95,90.8,85.4,86.85,7030
CRISIL,20200828,1842,1886.4,1842,1867.7,41432
CROMPTON,20200828,267,272.55,267,270.25,616853
CSBBANK,20200828,231.5,245.35,230.5,234.85,809205
CTE,20200828,26,26,24.85,25.05,20784
CUB,20200828,139.75,152,139.2,150,11332930
CUBEXTUB,20200828,12.2,12.4,12,12.1,8881
CUMMINSIND,20200828,470,475,465,471.75,976134
CUPID,20200828,254.8,261.7,228.9,236.65,611886
CYBERTECH,20200828,55.35,55.8,52.3,53.85,45202
CYIENT,20200828,398.2,408.6,394,400.9,525390
DAAWAT,20200828,57.5,60.8,56.9,59.4,2598479
DABUR,20200828,495.2,495.65,488,489.1,1854758
DALBHARAT,20200828,742,756,739,749.55,85020
DALMIASUG,20200828,145.2,145.85,140,140.95,250940
DAMODARIND,20200828,27.6,27.6,26.05,26.05,6397
DATAMATICS,20200828,75.05,80.85,68.2,75.9,426567
DBCORP,20200828,81.45,82.3,80.5,81.1,404284
DBL,20200828,401,404,392.3,393.55,166023
DBREALTY,20200828,8.45,8.45,7.6,7.65,1851001
DBSTOCKBRO,20200828,10.75,10.9,10.25,10.3,5521
DCAL,20200828,194.5,194.5,184.6,185.45,337678
DCBBANK,20200828,91.4,95.5,91.4,94.55,8665460
DCM,20200828,24.9,24.9,22.5,23.8,131438
DCMFINSERV,20200828,1.15,1.25,1.15,1.25,5901
DCMNVL,20200828,31.55,31.55,27.8,28.15,44006
DCMSHRIRAM,20200828,396.9,398.95,377.05,380.7,90987
DCW,20200828,15.4,15.9,14.95,15.15,1212650
DECCANCE,20200828,324.95,325.2,307,310.3,122344
DEEPAKFERT,20200828,177.95,182.5,173.1,174.8,1110899
DEEPAKNTR,20200828,765,768,745.1,747.8,868792
DEEPIND,20200828,84.35,84.35,80.25,80.55,30101
DELTACORP,20200828,118,119.75,116.25,116.65,1427329
DELTAMAGNT,20200828,21.95,21.95,20.65,21.1,13214
DEN,20200828,81.55,81.95,79.65,79.85,96005
DENORA,20200828,234.05,236.8,227.85,229.15,6582
DFMFOODS,20200828,310.9,323,307.65,310.15,155158
DGCONTENT,20200828,10.2,10.4,9.5,9.5,19352
DHAMPURSUG,20200828,161,161.25,154,155.8,1497297
DHANBANK,20200828,15.3,15.4,14.55,15,2571711
DHANUKA,20200828,857.95,870,821,827.2,110559
DHARSUGAR,20200828,5,5.25,4.75,4.9,12442
DHFL,20200828,14.55,14.9,14.55,14.7,1097699
DHUNINV,20200828,246,246,236,237.5,1926
DIAMONDYD,20200828,606.95,638.25,601.05,625.75,45940
DICIND,20200828,390.25,411.7,390.25,408.4,25140
DIGISPICE,20200828,9.6,9.65,9,9.4,60221
DISHTV,20200828,12.5,12.5,11.4,11.65,51212791
DIVISLAB,20200828,3280,3297.9,3259,3272.85,636725
DIXON,20200828,8700,8824,8290,8313,86077
DLF,20200828,176,179.7,172.1,173.05,25128213
DLINKINDIA,20200828,131,133.45,126.5,127.25,1610777
DMART,20200828,2376.75,2376.9,2300,2319.4,617760
DNAMEDIA,20200828,0.65,0.65,0.6,0.6,72117
DOLAT,20200828,60.3,60.4,56.55,57.35,244374
DOLLAR,20200828,158.9,161.5,155,155.3,106664
DONEAR,20200828,32.3,32.3,30,30.15,85836
DPSCLTD,20200828,12.1,12.2,11.8,12.15,26845
DPWIRES,20200828,59.15,62,59.15,61.8,1232
DQE,20200828,1.65,1.65,1.55,1.55,497794
DREDGECORP,20200828,315.9,321.2,309.25,310.85,148993
DRREDDY,20200828,4460,4466,4360.8,4374.3,1162854
DSSL,20200828,27.7,28.85,27,27.5,12017
DTIL,20200828,268.95,270,252,255.1,18400
DUCON,20200828,4.1,4.15,3.9,3.95,67520
DVL,20200828,63.8,64.2,60,60.35,8854
DWARKESH,20200828,32.45,32.95,31,31.65,1800269
DYNAMATECH,20200828,815,885.35,815,885.35,113351
DYNPRO,20200828,216.5,216.5,204.8,206.05,157195
EASTSILK,20200828,1.4,1.4,1.4,1.4,11429
EBBETF0423,20200828,1077.55,1078.49,1077,1077.2,6590
EBBETF0425,20200828,995,995,991.25,991.99,17173
EBBETF0430,20200828,1095,1095,1077.5,1078.42,59091
EBBETF0431,20200828,978,979.5,977,977.49,11324
EBIXFOREX,20200828,534.95,534.95,484,507.7,1559
ECLERX,20200828,794.3,795.1,770,771.6,63381
EDELWEISS,20200828,86.5,86.5,82.25,84.25,3721608
EICHERMOT,20200828,2240,2256,2200,2213.6,1470743
EIDPARRY,20200828,291.85,294.65,288.5,290.6,336889
EIHAHOTELS,20200828,279,279.9,268,269.3,33886
EIHOTEL,20200828,92.6,94.9,92.1,93.5,2878241
EIMCOELECO,20200828,337.45,341.95,333,335,1148
EKC,20200828,31.95,31.95,30.45,30.5,118119
ELECON,20200828,33.65,34.5,32.25,32.65,151044
ELECTCAST,20200828,16.3,16.3,15.65,15.75,850514
ELECTHERM,20200828,117.65,119.85,115,115.6,25750
ELGIEQUIP,20200828,230,232,226,227.75,69005
ELGIRUBCO,20200828,18.05,18.9,18,18.25,46412
EMAMILTD,20200828,360.65,362.8,352.05,353.8,471049
EMAMIPAP,20200828,75.3,77.5,74.35,75.55,10375
EMAMIREAL,20200828,60.3,60.3,54.6,54.6,52207
EMKAY,20200828,63,63.4,58.05,59.7,74779
EMMBI,20200828,95.5,97.9,92.15,93.25,21118
ENDURANCE,20200828,1110,1137.95,1095.05,1126.4,96307
ENERGYDEV,20200828,7.05,7.35,6.7,6.75,75449
ENGINERSIN,20200828,71,72.5,70.6,70.75,4500308
ENIL,20200828,177.4,179.15,171,172.35,30823
EQ30,20200828,338.99,338.99,315.38,328.12,256
EQUITAS,20200828,56.45,58.9,56,57.9,17815340
ERIS,20200828,538,538.5,515.15,517.8,113485
EROSMEDIA,20200828,24.5,25,24,24.25,178779
ESABINDIA,20200828,1496.9,1520,1444.95,1457.4,6835
ESCORTS,20200828,1164.95,1172.05,1132,1141.1,1569698
ESSARSHPNG,20200828,10,10.35,9.5,10.3,78797
ESSELPACK,20200828,293,299,292,292.9,84217
ESTER,20200828,69.35,69.35,65.85,66.2,338806
EUROMULTI,20200828,1.45,1.45,1.45,1.45,6150
EUROTEXIND,20200828,9.95,9.95,9.95,9.95,141
EVEREADY,20200828,134.25,141,132.15,135.2,435645
EVERESTIND,20200828,248.85,253.1,241.3,242.45,137325
EXCEL,20200828,1.35,1.35,1.3,1.35,46300
EXCELINDUS,20200828,917,932.95,897.2,900.65,28363
EXIDEIND,20200828,176.85,178.4,171.25,172.35,7727585
EXPLEOSOL,20200828,525,534.8,484.4,506.45,151342
FACT,20200828,49.75,49.75,48.3,48.6,98784
FAIRCHEM,20200828,565.05,565.05,542,552.65,8595
FCL,20200828,32.15,33.2,31.65,31.85,317468
FCONSUMER,20200828,11.45,11.45,11.1,11.45,40613366
FCSSOFT,20200828,0.5,0.5,0.45,0.45,2724348
FDC,20200828,339.65,340,324.5,329.05,259833
FEDERALBNK,20200828,56.5,61.15,56.25,60.45,131279166
FEL,20200828,20.1,20.1,19.25,20.1,15346918
FELDVR,20200828,21.45,21.45,21.45,21.45,145636
FIEMIND,20200828,623.95,627,602,604.25,43272
FILATEX,20200828,28.85,29.2,27.2,28.45,297684
FINCABLES,20200828,297.1,308.8,296.55,301.8,386891
FINEORG,20200828,2789,2797,2661,2699.65,43918
FINPIPE,20200828,510.05,524,510,517.95,101654
FLEXITUFF,20200828,9.95,9.95,9.95,9.95,10176
FLFL,20200828,141.9,145.7,140,145.55,883977
FLUOROCHEM,20200828,525,571.5,525,550.55,363913
FMGOETZE,20200828,418,423.95,405.1,411.95,20884
FMNL,20200828,26.55,26.65,25.45,26.65,146919
FORCEMOT,20200828,1063.85,1174,1056,1163.55,468622
FORTIS,20200828,135.9,136.1,133,133.15,861716
FOSECOIND,20200828,1384.85,1384.85,1303.9,1312.6,5810
FRETAIL,20200828,135,140.35,132.65,135.3,34085907
FSC,20200828,149.7,155,148.5,151.35,604415
FSL,20200828,64.05,66,64.05,65.2,3936939
GABRIEL,20200828,118.8,121.15,114.9,115.15,259837
GAEL,20200828,194.9,196.45,185.1,190.1,100827
GAIL,20200828,99.4,100.5,98.8,99.1,8717459
GAL,20200828,2.7,2.7,2.6,2.7,20370
GALAXYSURF,20200828,1865,1865,1788,1830.15,39053
GALLANTT,20200828,33.05,33.9,32.3,32.95,5034
GALLISPAT,20200828,29.2,29.5,28.15,28.8,12288
GAMMNINFRA,20200828,0.8,0.8,0.75,0.75,1574576
GANDHITUBE,20200828,228.7,239.7,225.7,231.45,35582
GANECOS,20200828,302,302,282.25,294.65,52771
GANESHHOUC,20200828,32.15,32.35,30.1,31.9,41631
GANGESSECU,20200828,38.15,39.65,34.7,38,8601
GARDENSILK,20200828,11.5,11.5,10.6,11.05,44911
GARFIBRES,20200828,1960.1,1980,1895.25,1909.15,18590
GATI,20200828,48.4,48.65,47.25,47.4,387079
GAYAHWS,20200828,0.45,0.45,0.4,0.45,375364
GAYAPROJ,20200828,17.25,17.25,15.9,16.05,501257
GBGLOBAL,20200828,9,9,9,9,7204
GDL,20200828,95.75,95.75,92.9,93.45,148526
GEECEE,20200828,79.2,80.8,77.8,78.5,22369
GEEKAYWIRE,20200828,92,92,85.05,89.6,6725
GENESYS,20200828,57.4,57.4,53,54.35,27808
GENUSPAPER,20200828,5.25,5.25,5.1,5.15,215300
GENUSPOWER,20200828,26.35,26.7,26,26.15,248832
GEOJITFSL,20200828,40.75,40.75,40,40.25,251351
GEPIL,20200828,491.05,505,491.05,493.3,18094
GESHIP,20200828,280.5,283,271.5,271.8,127001
GET&D,20200828,112.9,113,109.05,109.65,62704
GFLLIMITED,20200828,100.95,103.35,98.95,100.4,61614
GFSTEELS,20200828,2.85,2.85,2.75,2.8,6753
GHCL,20200828,169.45,171,159.2,165.65,392644
GICHSGFIN,20200828,119,120,114.1,114.65,1132287
GICRE,20200828,159,161.85,153.25,154.6,797469
GILLANDERS,20200828,30.1,31.2,30,30.2,25029
GILLETTE,20200828,5674,5700,5601,5629.7,18614
GINNIFILA,20200828,14.2,14.2,13.1,13.25,154602
GIPCL,20200828,79.65,79.65,77,77.2,181628
GKWLIMITED,20200828,495,495,461.05,489.95,280
GLAXO,20200828,1600,1604,1561,1583.15,83032
GLENMARK,20200828,497,501.9,491,493.95,2029973
GLFL,20200828,1.45,1.5,1.45,1.45,3341
GLOBALVECT,20200828,60.95,61.5,60,60.6,21924
GLOBOFFS,20200828,8.7,8.7,8.7,8.7,15401
GLOBUSSPR,20200828,194,196.1,177.5,190.3,849168
GMBREW,20200828,408.5,414.95,403.2,406,22204
GMDCLTD,20200828,50.5,51.4,49.7,49.95,1779872
GMMPFAUDLR,20200828,5932.8,5932.8,5825,5844,18293
GMRINFRA,20200828,27.8,28.25,25.4,25.75,117422995
GNA,20200828,235.15,240.85,233,233.9,52091
GNFC,20200828,220.4,225.45,218,218.8,728174
GOACARBON,20200828,237.9,238.7,228.55,233.85,34947
GOCLCORP,20200828,217.85,224.95,211,213.55,96652
GODFRYPHLP,20200828,1023.95,1024.55,1000,1002.7,155822
GODREJAGRO,20200828,494.8,497.6,487.55,490.1,101467
GODREJCP,20200828,685,685.95,670,670.95,959825
GODREJIND,20200828,438.35,452.3,436.05,448.5,505213
GODREJPROP,20200828,913,919.9,894.4,902.9,966869
GOKEX,20200828,57.55,59.9,57.4,57.6,75024
GOKUL,20200828,19.2,19.2,17.3,17.75,58446
GOKULAGRO,20200828,16.05,16.9,15.65,15.8,36382
GOLDBEES,20200828,45.45,45.45,44.6,45.1,5272332
GOLDENTOBC,20200828,25.65,25.65,24.15,24.5,28044
GOLDIAM,20200828,116.1,119.7,114.9,115.45,60081
GOLDSHARE,20200828,4665,4699.9,4651.05,4677.25,2696
GOLDTECH,20200828,13.15,13.15,13.15,13.15,6530
GOODLUCK,20200828,44.2,45.55,41.8,42.3,134526
GPIL,20200828,328,336,314,317.65,170147
GPPL,20200828,84.45,84.9,82.55,83,91963
GPTINFRA,20200828,35.6,36.05,34.25,34.85,54224
GRANULES,20200828,312,315.5,308,309.3,2060359
GRAPHITE,20200828,208,209.9,202,202.75,742185
GRASIM,20200828,689.95,717.5,684,701.15,7387214
GRAVITA,20200828,52.9,53.8,51.2,51.8,192987
GREAVESCOT,20200828,89.2,90.8,84.7,85.2,2904266
GREENLAM,20200828,756.4,756.4,734.1,740.55,3349
GREENPANEL,20200828,51.1,52.5,48,48.95,173588
GREENPLY,20200828,96.25,98.8,94.1,94.65,704869
GREENPOWER,20200828,2.15,2.15,2.1,2.15,928308
GRINDWELL,20200828,525.25,530,514.9,516.5,19919
GROBTEA,20200828,811.35,811.35,811.35,811.35,226
GRPLTD,20200828,723.95,740,720,724.9,106
GRSE,20200828,214.75,216,209.9,213.35,534688
GSCLCEMENT,20200828,30.2,30.2,28.8,29.15,206597
GSFC,20200828,71,71.35,68.55,68.85,994484
GSPL,20200828,221.35,221.35,211.8,212.75,708195
GSS,20200828,27.5,27.5,26,26.35,111835
GTLINFRA,20200828,0.85,0.85,0.8,0.8,7460999
GTNIND,20200828,9.2,9.2,8.65,8.9,6150
GTNTEX,20200828,5.85,6.05,5.85,5.85,610
GTPL,20200828,106.6,107.7,103,103.55,58987
GUFICBIO,20200828,89.8,89.8,87.75,88.1,222578
GUJALKALI,20200828,375.9,387.25,365.1,378.1,1848363
GUJAPOLLO,20200828,199.05,201.9,194.15,195.15,14707
GUJGASLTD,20200828,327.3,327.5,318,320.9,481098
GUJRAFFIA,20200828,12.7,12.75,12.15,12.15,1104
GULFOILLUB,20200828,688,690,670,673,51767
GULFPETRO,20200828,44.4,46.5,43,43.35,69522
GULPOLY,20200828,57.3,57.3,52.7,57.3,162391
GVKPIL,20200828,3.5,3.5,3.2,3.2,46180404
HAL,20200828,981.6,1034,981.6,1010.6,8293655
HARITASEAT,20200828,431.95,439.85,420.1,421.15,5681
HARRMALAYA,20200828,98.5,103.9,97.05,102.05,544288
HATHWAY,20200828,35.9,35.9,35,35.5,418822
HATSUN,20200828,793.25,800,758,771.45,31540
HAVELLS,20200828,658,659.6,637.2,639.25,1478637
HAVISHA,20200828,0.7,0.75,0.65,0.7,34097
HBANKETF,20200828,229.01,244,229.01,242.62,90758
HBLPOWER,20200828,17.45,17.8,16.6,17.05,1490876
HBSL,20200828,5.2,5.2,5,5.2,1553
HCC,20200828,7,7.1,6.15,6.25,26625914
HCG,20200828,129.85,129.85,127,128.65,75554
HCL-INSYS,20200828,9,9.15,8.9,8.95,325529
HCLTECH,20200828,713.7,716.65,703.2,706.45,5416682
HDFC,20200828,1871,1889,1862.8,1883.25,4903981
HDFCAMC,20200828,2515,2522.1,2475,2501.25,323851
HDFCBANK,20200828,1111.95,1125,1095,1114.5,19349069
HDFCLIFE,20200828,600,603.5,588.15,589.35,3638732
HDFCMFGETF,20200828,4607.5,4624.5,4586.45,4611.55,12716
HDFCNIFETF,20200828,1286,1286,1212.8,1225.01,4528
HDFCSENETF,20200828,4188.99,4188.99,4130,4135,117
HEG,20200828,892.15,906.55,860.1,873.15,507357
HEIDELBERG,20200828,197,203,194.2,195.8,800929
HERCULES,20200828,94.75,94.95,92.4,92.85,40137
HERITGFOOD,20200828,347.95,349.5,342,343.2,45318
HEROMOTOCO,20200828,3119.05,3164,3050.65,3059.3,1838010
HESTERBIO,20200828,1520.1,1530,1465.45,1486.4,6206
HEXATRADEX,20200828,31.25,33,31.25,31.35,62553
HEXAWARE,20200828,420,423.9,405.1,407.35,997017
HFCL,20200828,17.2,17.2,16.45,16.55,2903238
HGINFRA,20200828,221.7,224.6,212.2,214.65,68722
HGS,20200828,727.3,730.3,704.2,712.65,10961
HIKAL,20200828,170.9,175,168.1,173.4,1464140
HIL,20200828,1824,1829,1705.75,1716.9,60241
HILTON,20200828,10.75,11,10.6,11,46821
HIMATSEIDE,20200828,86.8,88,82.7,83.85,1145304
HINDALCO,20200828,195.1,196.15,193,193.8,8153155
HINDCOMPOS,20200828,214.5,217.6,201.35,206.85,15266
HINDCOPPER,20200828,38.1,38.75,37.75,37.95,1032741
HINDMOTORS,20200828,6.25,6.25,6.1,6.15,148081
HINDNATGLS,20200828,28.15,29,28,28.3,16950
HINDOILEXP,20200828,85,85.95,80.15,81.5,743908
HINDPETRO,20200828,209.5,212.15,209.3,209.6,3941130
HINDUNILVR,20200828,2179,2182.4,2145,2151.95,1939848
HINDZINC,20200828,237.25,239.45,227.55,228.7,1959766
HIRECT,20200828,139.3,141,135.5,136.35,31073
HISARMETAL,20200828,72.35,74.9,69.8,70.35,14124
HITECH,20200828,139,139,126.25,131.4,16948
HITECHCORP,20200828,98.45,103.35,93.55,101.6,15553
HITECHGEAR,20200828,147,150.95,139.5,139.95,7354
HLVLTD,20200828,5.4,5.4,5.1,5.2,249369
HMVL,20200828,56.8,58.3,54.8,55.25,65037
HNDFDS,20200828,755,755,721,728.45,16237
HNGSNGBEES,20200828,342.12,346.9,342.01,345,1106
HONAUT,20200828,35200,36000,33515.1,33885.8,6888
HONDAPOWER,20200828,1053.45,1080,1045.35,1057.9,7295
HOTELRUGBY,20200828,1.85,1.85,1.75,1.8,50566
HOVS,20200828,47,47.5,43.35,43.8,32280
HPL,20200828,38,38.2,36.1,36.95,82921
HSCL,20200828,57.25,57.9,55.25,55.7,1176208
HSIL,20200828,66.95,67.45,64.4,64.85,330229
HTMEDIA,20200828,16.1,16.75,16,16.7,121916
HUBTOWN,20200828,13.1,13.1,12.2,13.05,100222
HUDCO,20200828,37.8,38.4,36.85,37.45,2122075
IBMFNIFTY,20200828,133.35,133.35,128.6,130.9,2739
IBREALEST,20200828,71,71.3,69.1,69.6,3358064
IBULHSGFIN,20200828,222.5,229.6,221.65,223.9,26743942
IBULISL,20200828,54.55,56.95,52.1,52.65,743944
IBVENTURES,20200828,206.3,218,202.35,214.9,4323998
ICICI500,20200828,158.59,158.59,154.01,157.07,1436
ICICIALPLV,20200828,119.1,119.98,119.06,119.21,4557
ICICIB22,20200828,27.45,28.1,27.35,28.02,501414
ICICIBANK,20200828,393.9,411.9,392.9,409.7,83472448
ICICIBANKN,20200828,235.55,245.6,235.55,244.46,25576
ICICIBANKP,20200828,128,140,127,134.41,137059
ICICIGI,20200828,1283.65,1301,1280,1283.9,800041
ICICIGOLD,20200828,45.73,46.13,45.61,46.05,229255
ICICILIQ,20200828,1000,1000.01,999.94,999.99,31984
ICICILOVOL,20200828,112,112,95.05,96.13,209749
ICICIM150,20200828,66.5,67.2,66.5,66.98,326945
ICICIMCAP,20200828,66,67,65,65.55,11531
ICICINF100,20200828,125.95,127.48,122.05,127.06,1601
ICICINIFTY,20200828,106.4,140.6,106.4,123.05,243370
ICICINV20,20200828,59.75,60.75,58,58.11,5440
ICICINXT50,20200828,28.97,28.97,28,28.23,14197
ICICIPRULI,20200828,449.1,460.5,449.1,451.3,1909653
ICICISENSX,20200828,424.31,427.99,418.04,423.15,740
ICICITECH,20200828,190,212,180.96,182.44,1748
ICIL,20200828,76.45,77.5,71.5,73.35,142953
ICRA,20200828,2800,2820,2715.05,2805.85,12497
IDBI,20200828,41.65,42.3,41.3,41.55,2906395
IDBIGOLD,20200828,4705,4779,4681,4733.3,198
IDEA,20200828,8.95,10.45,8.9,10.1,1288276832
IDFC,20200828,29,30.2,29,29.55,8707506
IDFCFIRSTB,20200828,32,33.95,32,33.65,83120798
IDFNIFTYET,20200828,120.98,120.98,117.6,120.7,23
IEX,20200828,193.65,193.65,188.65,192.8,3682441
IFBAGRO,20200828,341,343.45,336.1,337.65,7069
IFBIND,20200828,513.6,516.9,495,499.85,115957
IFCI,20200828,7.25,7.35,7.2,7.2,2611035
IFGLEXPOR,20200828,163.15,165.95,160,161.25,14268
IGARASHI,20200828,311,330,308.1,322.45,580649
IGL,20200828,409.8,412.7,404.5,410.75,4965744
IGPL,20200828,258,261.9,240.6,244.55,67514
IIFL,20200828,93.55,93.65,90.1,91.15,1489399
IIFLSEC,20200828,44.15,46.1,44.15,44.5,945390
IIFLWAM,20200828,1072.4,1075.45,1052.3,1059.8,131799
IITL,20200828,62.95,62.95,59.45,61,844
IMAGICAA,20200828,5,5,4.75,4.85,146984
IMFA,20200828,253.1,260.4,248,250.05,48676
IMPAL,20200828,551.45,563.5,550,553.75,3462
INDBANK,20200828,12.85,13.15,12.2,12.55,469129
INDHOTEL,20200828,107.6,112.5,105,108.65,5759670
INDIACEM,20200828,122.7,124.5,120.6,121.55,1908392
INDIAGLYCO,20200828,318.9,322.45,307.1,307.7,295890
INDIAMART,20200828,3720,3721,3490,3531.55,83624
INDIANB,20200828,66.25,70.2,66,68.8,11976811
INDIANCARD,20200828,107,108,101,103.15,7828
INDIANHUME,20200828,210,212.2,202,202.6,167145
INDIGO,20200828,1196.75,1207.5,1176.6,1183.8,1589919
INDLMETER,20200828,19.4,19.45,17.65,17.7,13546
INDNIPPON,20200828,372,376,366.15,369.65,21641
INDOCO,20200828,246.5,247.25,236,238.55,71681
INDORAMA,20200828,21,21.2,19.85,20.55,27286
INDOSTAR,20200828,308,314,297.15,307.85,126864
INDOTECH,20200828,102.85,102.85,101,101.45,6969
INDOTHAI,20200828,18.4,18.4,17.5,17.5,14502
INDOWIND,20200828,3.35,3.5,3.25,3.35,35569
INDRAMEDCO,20200828,53.2,53.85,52.55,52.75,226196
INDSWFTLAB,20200828,38.2,38.2,35.85,36.15,78078
INDSWFTLTD,20200828,3.95,3.95,3.8,3.95,50891
INDTERRAIN,20200828,32.8,36.55,32.2,35.8,2740472
INDUSINDBK,20200828,600,689,595.5,665.65,55986893
INEOSSTYRO,20200828,544.4,544.4,522,525.5,15035
INFIBEAM,20200828,77.05,77.9,76.05,77.35,729476
INFOBEAN,20200828,126,128.25,122,128.25,73033
INFRABEES,20200828,339.9,340,337,339,222
INFRATEL,20200828,200,213.75,199.5,201.5,23667550
INFY,20200828,951.45,952.5,933.05,935.25,7593988
INGERRAND,20200828,663,680,651.2,653.1,49230
INOXLEISUR,20200828,296.7,306.7,294.5,304.15,1625588
INOXWIND,20200828,47.45,47.95,44.5,45.05,195166
INSECTICID,20200828,514.7,518.25,500,502.95,102464
INSPIRISYS,20200828,33.5,33.8,32.15,32.75,39002
INTELLECT,20200828,201.75,201.75,194,201.75,963061
INTENTECH,20200828,42.85,43,39.5,40.1,76612
INVENTURE,20200828,19.55,20,19.5,19.85,35947
IOB,20200828,10.9,11.25,10.85,11.05,6609627
IOC,20200828,87.8,89,87.4,87.8,17611779
IOLCP,20200828,868,877.5,836.45,842.4,837058
IPCALAB,20200828,2016.55,2027,1991,2000.45,189208
IRB,20200828,130.75,132.9,128.1,128.85,1216060
IRCON,20200828,94.35,95.4,94,94.6,925916
IRCTC,20200828,1366,1379.8,1362.55,1366.5,323813
ISEC,20200828,491,508,480,490.5,13620804
ISFT,20200828,97.5,97.5,92.25,96.55,23879
ISMTLTD,20200828,7,7,7,7,69660
ITC,20200828,194.6,196.3,194.05,195.55,34645794
ITDC,20200828,247,265,241.65,262.55,379493
ITDCEM,20200828,57.3,59.55,56.55,58.2,1712114
ITI,20200828,143,143,136.65,137.7,3989147
IVC,20200828,4.2,4.2,3.9,4.05,121858
IVP,20200828,48.75,49.7,47.2,47.5,1745
IVZINGOLD,20200828,4645,4770,4635.05,4750,26
IZMO,20200828,30,32.05,30,32,28849
J&KBANK,20200828,19.05,20.3,18.95,19.6,9248340
JAGRAN,20200828,43.4,43.4,41.65,41.8,1313699
JAGSNPHARM,20200828,41.5,41.5,39,39.55,126689
JAIBALAJI,20200828,20.05,20.1,19.7,19.75,8106
JAICORPLTD,20200828,100.45,101.3,97.8,98.3,1711781
JAINSTUDIO,20200828,3.55,3.65,3.4,3.5,11627
JAMNAAUTO,20200828,43.7,43.95,41.7,42.45,979705
JASH,20200828,168.95,168.95,160.15,162.45,7123
JAYAGROGN,20200828,103.65,107,100.65,101.2,13399
JAYBARMARU,20200828,224,232.9,220.1,225.35,96459
JAYNECOIND,20200828,3.15,3.15,2.95,2.95,40808
JAYSREETEA,20200828,66.35,70.9,65.4,69.6,433061
JBCHEPHARM,20200828,793.1,800,791.25,795.85,138636
JBFIND,20200828,9.9,9.9,9.55,9.6,54800
JBMA,20200828,241.9,274.6,235.55,248.05,443805
JCHAC,20200828,2291,2337.7,2251,2271.6,23787
JHS,20200828,18.7,18.7,18.7,18.7,108482
JINDALPHOT,20200828,13.8,14.8,13.8,14,18653
JINDALPOLY,20200828,507,512,494.6,498.55,120373
JINDALSAW,20200828,68,68.6,66.7,66.85,852275
JINDALSTEL,20200828,217.95,225.45,215.5,216.3,11333982
JINDRILL,20200828,75.35,76.75,73.65,74,17355
JINDWORLD,20200828,55,56.25,53.5,53.6,48287
JISLDVREQS,20200828,12.2,12.45,11.75,11.85,102462
JISLJALEQS,20200828,12.35,12.35,11.7,11.75,6200099
JITFINFRA,20200828,8.5,8.7,7.9,8,20069
JIYAECO,20200828,11.1,11.3,10.8,10.95,182856
JKCEMENT,20200828,1535,1535,1496,1500,115120
JKIL,20200828,119.8,121.75,119,119.85,187093
JKLAKSHMI,20200828,283,283,273.8,275.3,426880
JKPAPER,20200828,99.05,100.75,98.5,98.7,1429954
JKTYRE,20200828,62.7,63.2,61.8,61.95,841439
JMA,20200828,30.5,32.45,29.25,31,82241
JMCPROJECT,20200828,58.4,58.4,57,58,221726
JMFINANCIL,20200828,82.2,83.6,81.05,81.4,887242
JMTAUTOLTD,20200828,3.3,3.4,3.25,3.35,359132
JOCIL,20200828,201.05,202.85,197,198.2,26373
JPASSOCIAT,20200828,3.95,4,3.8,3.85,9003217
JPINFRATEC,20200828,1.35,1.4,1.3,1.35,2526867
JPOLYINVST,20200828,17.35,18.2,16.55,17.3,1839
JPPOWER,20200828,2.85,2.85,2.75,2.75,11156558
JSL,20200828,49.65,50,46.8,47.2,1043205
JSLHISAR,20200828,102.9,103.25,93.65,98.65,477796
JSWENERGY,20200828,56,56.8,55.2,55.85,2185568
JSWHL,20200828,2466.95,2539,2466.95,2502.2,2842
JSWSTEEL,20200828,285.5,289.75,280.05,280.7,11914490
JTEKTINDIA,20200828,88.45,88.9,83.25,84.05,284412
JUBILANT,20200828,839.65,839.9,812,814.85,425313
JUBLFOOD,20200828,2170,2184,2132,2168.1,1248885
JUBLINDS,20200828,164.85,164.85,156.85,160.95,48388
JUMPNET,20200828,96.75,97.25,94.8,95.35,1218409
JUNIORBEES,20200828,318,318,285.65,292.86,41295
JUSTDIAL,20200828,380.9,381.85,374.45,375.95,567541
JYOTHYLAB,20200828,150.2,150.7,145.8,147.1,494134
KABRAEXTRU,20200828,73,76,72.1,73.55,23722
KAJARIACER,20200828,464.5,467.45,450,450.8,168020
KAKATCEM,20200828,176.75,176.75,165.55,168.05,14214
KALPATPOWR,20200828,278.7,278.7,269.1,270.4,207487
KALYANIFRG,20200828,150.5,160.95,150.5,155.65,1908
KAMATHOTEL,20200828,35.05,35.3,33.5,33.85,213675
KAMDHENU,20200828,82.05,83.8,79.95,80.5,28861
KANANIIND,20200828,3.8,3.95,3.8,3.85,8909
KANORICHEM,20200828,42.25,42.75,40.9,41.15,30995
KANSAINER,20200828,502,507,481,488.35,401195
KAPSTON,20200828,89,89,86.1,86.25,427
KARDA,20200828,91,92.9,89.3,90.35,9018
KARMAENG,20200828,12.15,12.15,11.25,11.65,27014
KARURVYSYA,20200828,40.55,41.95,40,41.5,10505740
KAUSHALYA,20200828,2.3,2.3,2.3,2.3,30528
KAYA,20200828,246.9,246.9,231.25,235.25,18106
KCP,20200828,66.6,68.1,63.1,63.55,367832
KCPSUGIND,20200828,15.9,16.15,15.6,15.7,198331
KDDL,20200828,145.55,157.7,145.55,155.1,5138
KEC,20200828,340,344.6,331.1,333.1,492593
KECL,20200828,13,13.2,12.6,12.9,114062
KEI,20200828,410,422,407.1,414.5,1051071
KELLTONTEC,20200828,29.8,29.8,27,29.8,1613639
KENNAMET,20200828,839.9,845,812.05,819.85,6436
KERNEX,20200828,20.55,20.6,18.95,19.3,8491
KESORAMIND,20200828,44.65,46,43.9,44.1,341472
KEYFINSERV,20200828,41.9,42.4,39.5,40.05,2197
KHADIM,20200828,129.6,129.6,123.85,126.85,123615
KICL,20200828,1520,1520,1425,1469.05,4989
KILITCH,20200828,94,98.45,92.1,95,27740
KINGFA,20200828,485.05,509.85,485.05,490.6,11612
KIOCL,20200828,146.5,151.25,140.1,141.25,95831
KIRIINDUS,20200828,603,612.25,580,586.35,268189
KIRLFER,20200828,93.7,93.7,89.65,91.1,101980
KIRLOSBROS,20200828,138.5,140.2,133,133.65,131985
KIRLOSENG,20200828,124.1,134.9,123.65,126.45,2082426
KIRLOSIND,20200828,689.95,693.45,645,663.55,4052
KITEX,20200828,115.4,118,113.2,113.9,358959
KKCL,20200828,820,827.95,800,802.2,2388
KMSUGAR,20200828,13.1,13.7,12.8,13.15,390320
KNRCON,20200828,271.6,280.6,266.25,270.2,484426
KOKUYOCMLN,20200828,62.45,63.7,60.35,60.95,406302
KOLTEPATIL,20200828,187.8,188.9,180.5,181.7,189861
KOPRAN,20200828,73.3,74.4,70.55,71.15,299292
KOTAKBANK,20200828,1410,1474,1401,1467.1,10645875
KOTAKBKETF,20200828,239,249.11,239,247.42,157515
KOTAKGOLD,20200828,445.05,452.3,445.05,451.35,123752
KOTAKNIFTY,20200828,120.33,121.14,120.33,120.87,283043
KOTAKNV20,20200828,59.5,60.49,59.26,59.4,5846
KOTAKPSUBK,20200828,152.45,159,150,156.69,74501
KOTARISUG,20200828,16.95,16.95,15.9,16.25,205463
KOTHARIPET,20200828,16.05,16.45,15.7,15.85,47503
KOTHARIPRO,20200828,71.4,71.4,68.05,68.5,24657
KPITTECH,20200828,91.9,92.35,87.45,88.5,309034
KPRMILL,20200828,578.75,579.9,564.95,565.5,12877
KRBL,20200828,285.8,289.8,280.25,281.85,246653
KREBSBIO,20200828,85.3,90,85.3,87.35,16259
KRIDHANINF,20200828,3.6,3.8,3.6,3.6,289535
KRISHANA,20200828,57,57,57,57,48
KSB,20200828,553.6,558.95,546.5,548.15,16101
KSCL,20200828,624,633.95,615,617.35,320955
KSERASERA,20200828,0.25,0.3,0.25,0.25,2178390
KSK,20200828,0.45,0.5,0.4,0.45,607898
KSL,20200828,228.95,231.5,224.05,225.25,91663
KTKBANK,20200828,48.35,49.55,48.1,48.65,5033359
KUANTUM,20200828,50.7,51.45,50.45,50.55,18975
KWALITY,20200828,3.15,3.25,3.15,3.15,494444
L&TFH,20200828,71.3,72.95,71.3,71.6,15922659
LAKSHVILAS,20200828,20.5,21.9,20.4,21,1505692
LALPATHLAB,20200828,1868.8,1889.4,1832.8,1840.65,127911
LAMBODHARA,20200828,34.7,34.7,33.1,33.3,10640
LAOPALA,20200828,233.05,236.6,223.15,224.65,235327
LASA,20200828,68.7,70.25,66.5,70.15,318155
LAURUSLABS,20200828,1192,1201.9,1156.6,1163.55,768904
LAXMIMACH,20200828,3355.05,3366.1,3255.05,3304.85,4013
LEMONTREE,20200828,30.4,30.4,29.9,29.95,3107922
LFIC,20200828,55.95,56.45,52.7,54.1,3123
LGBBROSLTD,20200828,271.95,274,260.3,262.4,61666
LGBFORGE,20200828,2.75,2.75,2.6,2.7,51981
LIBAS,20200828,38.75,39.5,36.5,38.15,78280
LIBERTSHOE,20200828,162.6,164.9,160,160.9,371826
LICHSGFIN,20200828,305.65,319,305.65,314.3,10854043
LICNETFGSC,20200828,20.96,21.28,20.91,20.95,15747
LICNETFN50,20200828,125,125,119,119,446
LICNETFSEN,20200828,402,420,402,410.52,237
LICNFNHGP,20200828,124.79,124.79,119.75,124.43,104
LINCOLN,20200828,252,252.6,240,242.2,237154
LINCPEN,20200828,179.85,179.9,167,173.15,5921
LINDEINDIA,20200828,757,769.95,745,749.95,37278
LIQUIDBEES,20200828,999.5,1000.01,999.5,1000,1140699
LIQUIDETF,20200828,1000,1000.01,999.99,999.99,11135
LOKESHMACH,20200828,23.5,24.3,23.45,23.9,57200
LOTUSEYE,20200828,36.8,37,30.6,32.45,285633
LOVABLE,20200828,67.75,69,64.35,65,54818
LPDC,20200828,1.45,1.55,1.45,1.55,20456
LSIL,20200828,0.85,0.85,0.8,0.8,713663
LT,20200828,988,1004.7,978.2,981.85,7821217
LTI,20200828,2500,2530,2495.1,2519.6,239015
LTTS,20200828,1544.5,1559,1525.05,1534.65,81092
LUMAXIND,20200828,1622,1622,1550,1553.65,6131
LUMAXTECH,20200828,102.1,105.15,102,102.4,42327
LUPIN,20200828,984.5,991.75,972,976.1,2531188
LUXIND,20200828,1360,1378.9,1343,1364.5,58579
LYKALABS,20200828,21.7,21.85,20.4,20.65,23880
LYPSAGEMS,20200828,3.3,3.5,3.3,3.4,21957
M&M,20200828,642.25,647,629.35,631.4,7811624
M&MFIN,20200828,142.15,146.75,141.75,143.65,12954658
M100,20200828,18.24,18.31,18.02,18.07,49881
M50,20200828,110.52,113.8,110.52,111.77,1165
MAANALU,20200828,74.9,80.2,74.65,76.5,200317
MACPOWER,20200828,74.5,74.55,68.1,74.55,10242
MADHAV,20200828,24.95,26.75,24.95,25.35,5442
MADHUCON,20200828,3.05,3.05,3.05,3.05,6339
MADRASFERT,20200828,19.05,19.25,19,19.05,80882
MAGADSUGAR,20200828,127.75,129.35,126,126.7,14541
MAGMA,20200828,41.6,43,40.25,40.8,2037549
MAGNUM,20200828,5.6,5.65,5.15,5.15,131441
MAHABANK,20200828,14.15,14.7,13.95,14.15,7679313
MAHAPEXLTD,20200828,60,63,57.2,62,1441
MAHASTEEL,20200828,112.85,114.8,110.5,113.8,41619
MAHEPC,20200828,166.9,184.4,166.85,177,1957007
MAHESHWARI,20200828,171.35,171.35,163.5,165.25,27843
MAHINDCIE,20200828,147.75,149.15,143,143.4,169301
MAHLIFE,20200828,283.3,284.6,280,282.35,33714
MAHLOG,20200828,363,398,363,386.7,264372
MAHSCOOTER,20200828,3182,3219,3110,3135.35,11377
MAHSEAMLES,20200828,241.25,246.4,238,238.65,80622
MAITHANALL,20200828,580.45,584.45,560.35,564.55,51848
MAJESCO,20200828,788.9,796.7,774.05,781.2,271951
MALUPAPER,20200828,29.1,29.35,28.45,28.75,34599
MAN50ETF,20200828,117.8,118.8,117.8,118.2,2235
MANAKALUCO,20200828,9.3,9.3,8.65,9.05,16860
MANAKCOAT,20200828,4.5,4.55,4.3,4.5,3604
MANAKSIA,20200828,44.6,44.6,42.05,42.65,46085
MANAKSTEEL,20200828,9.7,9.7,9.4,9.7,21057
MANALIPETC,20200828,24.95,27.45,24.75,26.7,4238038
MANAPPURAM,20200828,155.3,157.7,154.65,156.65,5316132
MANGALAM,20200828,170.75,170.75,154.55,154.55,414502
MANGCHEFER,20200828,34.55,34.9,34.45,34.55,138776
MANGLMCEM,20200828,215.9,215.9,208,208.5,61606
MANGTIMBER,20200828,8.85,8.85,8.5,8.6,4315
MANINDS,20200828,64,64.6,61.1,61.5,253926
MANINFRA,20200828,28.7,28.9,27.7,27.85,560393
MANUGRAPH,20200828,10.7,11.2,10.7,10.85,1931
MANXT50,20200828,281.6,282,280.6,281,1330
MARALOVER,20200828,13.45,14.2,13.45,13.75,12665
MARATHON,20200828,64.85,64.85,62.2,64.6,78494
MARICO,20200828,374.65,376.45,371.85,374.3,2524959
MARKSANS,20200828,50,50.45,47.95,48,2924556
MARUTI,20200828,7125,7156,7028.45,7104.1,1019984
MASFIN,20200828,818.6,893,812,859.55,107550
MASKINVEST,20200828,56.5,56.5,56.5,56.5,50
MASTEK,20200828,738,745,723.25,729.55,102257
MATRIMONY,20200828,592,615,567.25,577.85,20218
MAWANASUG,20200828,31.55,31.9,30.5,31.45,117622
MAXHEALTH,20200828,111.95,117,111.95,111.95,820095
MAXIND,20200828,79.95,79.95,76,76,367039
MAXVIL,20200828,43,43.8,42.1,42.4,94986
MAYURUNIQ,20200828,292,299.75,284.25,288.5,98151
MAZDA,20200828,435.25,444.9,410,415.95,11903
MBAPL,20200828,73,73,69.35,69.35,7296
MBECL,20200828,7.75,7.75,7.75,7.75,6114
MBLINFRA,20200828,10.4,10.4,9.5,9.5,382994
MCDHOLDING,20200828,24.25,25,23.85,24.8,51170
MCDOWELL-N,20200828,573,588.6,569.7,585.15,4361073
MCL,20200828,79,79,76.05,78.45,3410
MCLEODRUSS,20200828,26.95,26.95,24.45,24.45,1675524
MCX,20200828,1680,1700,1651.05,1693,245602
MEGASOFT,20200828,8.9,9.2,8.85,9.15,38515
MEGH,20200828,75.15,76,71.2,72.5,1492640
MENONBE,20200828,46.9,47.1,44.7,45.3,70584
MEP,20200828,19.15,19.8,19,19.2,134589
MERCATOR,20200828,1.1,1.1,1,1.1,2021681
METALFORGE,20200828,5.7,6.3,5.7,5.85,9777
METROPOLIS,20200828,1837,1849.7,1818.1,1836.15,46195
MFSL,20200828,609,612.05,587.7,598.1,2009912
MGL,20200828,999.5,1004.7,987.65,992.25,846032
MHRIL,20200828,181,187,181,183.75,96350
MIC,20200828,0.65,0.7,0.65,0.65,141831
MIDHANI,20200828,228.55,230.8,221.1,221.65,1246087
MINDA-RE,20200828,88.95,89.7,77,80.05,132756
MINDACORP,20200828,81.35,81.5,79,79.5,551087
MINDAIND,20200828,355,355,339.5,345.05,334111
MINDTECK,20200828,34.75,34.75,34.75,34.75,3704
MINDTREE,20200828,1154,1198,1146.6,1184.7,1130670
MIRCELECTR,20200828,9.55,9.7,9.1,9.2,806468
MIRZAINT,20200828,58.8,58.8,56.65,56.95,466173
MITTAL,20200828,32.4,32.4,32.4,32.4,4332
MMFL,20200828,295,304,281.1,292.45,20444
MMP,20200828,94,94,88,90.45,17476
MMTC,20200828,19.7,20.3,19.55,19.65,1398676
MODIRUBBER,20200828,32,34,31.05,33.9,3661
MOHITIND,20200828,3.2,3.2,3.2,3.2,2001
MOHOTAIND,20200828,10.3,10.55,9.85,10.5,6295
MOIL,20200828,149.75,159.45,149.75,153.25,2479455
MOLDTECH,20200828,46.9,47.75,44.8,45.85,172624
MOLDTKPAC,20200828,300,304.7,294.5,296.05,98552
MONTECARLO,20200828,189.5,192,183,185.55,47605
MORARJEE,20200828,11.15,11.55,11,11,19617
MOREPENLAB,20200828,27.55,27.85,26.85,27.15,2627157
MOTHERSUMI,20200828,117.4,119.35,116.4,116.65,9866205
MOTILALOFS,20200828,708,724,705.7,715.15,108608
MOTOGENFIN,20200828,19.5,20.2,18.75,18.95,12955
MPHASIS,20200828,1187,1197,1156,1165.45,337484
MPSLTD,20200828,405,405,393.3,396.15,29920
MRF,20200828,59400,59999,59151,59579.85,16940
MRO-TEK,20200828,26.05,27.95,26.05,27.6,5282
MRPL,20200828,34.15,34.45,33.4,33.5,1679585
MSPL,20200828,7.5,7.75,7.4,7.7,24068
MSTCLTD,20200828,154.25,155.75,150,151.4,448493
MTEDUCARE,20200828,13.3,13.75,12.9,13.15,100643
MTNL,20200828,9.2,9.8,9.1,9.45,1957457
MUKANDENGG,20200828,9.7,9.7,8.8,9.05,2078
MUKANDLTD,20200828,28.5,29.35,28.5,28.75,41403
MUKTAARTS,20200828,30.65,30.65,29,29.9,38955
MUNJALAU,20200828,63.2,63.65,60.25,60.8,606510
MUNJALSHOW,20200828,150,151.7,144,144.75,109166
MURUDCERA,20200828,17.85,18.5,16.3,17.1,119559
MUTHOOTCAP,20200828,469.2,473.2,444.05,456.7,72465
MUTHOOTFIN,20200828,1198,1229,1196,1208.45,2424676
N100,20200828,874.93,884,858.1,860.31,46714
NACLIND,20200828,49.65,50.5,46.1,46.9,462909
NAGAFERT,20200828,4.8,4.9,4.75,4.75,204618
NAGREEKCAP,20200828,5.5,5.5,5.5,5.5,500
NAGREEKEXP,20200828,15.7,15.7,14.3,14.9,10819
NAHARCAP,20200828,71,77.85,71,71.85,76079
NAHARINDUS,20200828,28.1,29.4,27.9,28.1,11422
NAHARPOLY,20200828,69.55,69.55,62.3,65.35,61872
NAHARSPING,20200828,41.8,42.65,40.9,41.2,25121
NAM-INDIA,20200828,293.25,294.15,284,285.8,1109161
NATCOPHARM,20200828,816,822.5,799,800.2,419592
NATHBIOGEN,20200828,323,334.9,320.9,321.55,66200
NATIONALUM,20200828,37.35,38.1,37.25,37.55,8219037
NATNLSTEEL,20200828,3.45,3.45,3.45,3.45,3034
NAUKRI,20200828,3296,3405,3275,3389.95,387742
NAVINFLUOR,20200828,2112,2145.85,2099.95,2133.7,81402
NAVKARCORP,20200828,29.65,29.8,28.55,28.7,297171
NAVNETEDUL,20200828,80.45,81,79.2,80.3,62286
NBCC,20200828,28.5,28.75,28.2,28.25,6941255
NBIFIN,20200828,1619.8,1619.9,1585.1,1585.1,191
NBVENTURES,20200828,69.45,69.9,67,67.5,938317
NCC,20200828,36.6,36.9,36.25,36.4,11358798
NCLIND,20200828,103.8,106.3,100,101.05,504035
NDGL,20200828,625.05,654.95,625.05,635.55,352
NDL,20200828,24.1,25.15,23.75,23.85,20960
NDRAUTO,20200828,206.05,227.65,206.05,206.55,148607
NDTV,20200828,36.25,36.75,35.05,35.9,30219
NECCLTD,20200828,10.25,10.45,10.05,10.1,44071
NECLIFE,20200828,23.6,23.75,22.55,22.95,535910
NELCAST,20200828,59.9,59.9,57.5,58.25,221256
NELCO,20200828,220.85,222.5,214,215.15,150588
NEOGEN,20200828,761.95,761.95,715.2,715.2,98908
NESCO,20200828,596,604,575,581.95,132918
NESTLEIND,20200828,16156,16368,16090,16101.25,148489
NETF,20200828,121.99,121.99,112.76,115.92,403
NETFCONSUM,20200828,56,56.9,54.63,55.55,2247
NETFDIVOPP,20200828,29.87,29.87,28.42,29.52,1527
NETFIT,20200828,18.2,18.37,17.77,18.08,260226
NETFLTGILT,20200828,21.58,21.64,21.56,21.64,16408
NETFMID150,20200828,66.1,66.87,66.1,66.68,29752
NETFNIF100,20200828,121.88,123.57,118,119.25,297
NETFNV20,20200828,61.4,63,60.1,60.49,7476
NETWORK18,20200828,40.95,41.1,39.9,40,1340535
NEULANDLAB,20200828,998,1020,955,961.6,120088
NEWGEN,20200828,210,217.75,208.7,212,101694
NEXTMEDIA,20200828,6.45,6.45,6.45,6.45,2682
NFL,20200828,36.7,36.75,35.85,36.3,855177
NH,20200828,330.5,337.5,329.65,333.6,112406
NHPC,20200828,22.7,23.45,22.45,22.7,8773744
NIACL,20200828,119.05,120.55,117.6,118,595835
NIBL,20200828,7,7,6.4,6.4,13038
NIFTYBEES,20200828,129,129,122.9,124.04,1532069
NIFTYEES,20200828,14002,15000,14002,14897.95,17
NIITLTD,20200828,134.2,135.6,126.6,127.7,1052499
NILAINFRA,20200828,5.15,5.65,5.1,5.6,2092516
NILASPACES,20200828,1.45,1.45,1.35,1.4,355327
NILKAMAL,20200828,1368,1415,1364.05,1376.8,51578
NIPPOBATRY,20200828,572.2,599,571,572.2,1667
NITCO,20200828,20.75,20.8,20.15,20.3,47388
NITINSPIN,20200828,41.9,42.1,40.85,41.2,44462
NKIND,20200828,21.25,21.35,21.25,21.35,829
NLCINDIA,20200828,54.8,55.25,54.4,54.55,446034
NMDC,20200828,100.1,109.4,99.9,107.5,67246633
NOCIL,20200828,133,140,132.5,134.8,4107804
NOIDATOLL,20200828,3.4,3.45,3.35,3.4,51213
NORBTEAEXP,20200828,14.8,14.8,14.8,14.8,7740
NPBET,20200828,125,131.75,125,130.06,989
NRAIL,20200828,228.8,228.8,217.05,219.65,14715
NRBBEARING,20200828,90.05,92.45,85.8,91.85,873715
NSIL,20200828,805,809,780,791.05,498
NTL,20200828,0.9,0.9,0.85,0.9,67742
NTPC,20200828,103.15,104.25,101.25,101.55,21359093
NUCLEUS,20200828,533,578.45,526,535.05,975876
NXTDIGITAL,20200828,703.6,719.8,681,715.8,19463
OAL,20200828,328,336.6,323.75,327.7,10937
OBEROIRLTY,20200828,391.7,418,390.2,413.45,1153626
OCCL,20200828,855,889.8,848.1,854.5,7483
OFSS,20200828,3074.4,3079,3026,3042.15,29854
OIL,20200828,98.05,98.6,96.7,96.85,962955
OILCOUNTUB,20200828,4.4,4.4,4.3,4.3,30826
OISL,20200828,3.3,3.3,3.15,3.3,71905
OLECTRA,20200828,71.6,74,69.15,72.1,154192
OMAXAUTO,20200828,51.5,51.5,47,48.35,174698
OMAXE,20200828,74.1,75.75,72.8,73.05,67057
OMKARCHEM,20200828,8.7,8.7,8.7,8.7,48237
OMMETALS,20200828,18.8,18.8,17.35,17.6,97792
ONELIFECAP,20200828,7.2,7.4,7,7.05,3917
ONEPOINT,20200828,13.55,14.55,12.85,14.15,27343
ONGC,20200828,80.35,81.8,80,80.35,14667141
ONMOBILE,20200828,39.1,40.65,39.1,39.3,126737
ONWARDTEC,20200828,63.6,63.75,62.1,62.65,12894
OPTIEMUS,20200828,52.55,52.55,47.55,52.55,277313
OPTOCIRCUI,20200828,7.3,7.35,7.15,7.2,1586368
ORBTEXP,20200828,71.45,72,69.2,70.25,8089
ORICONENT,20200828,23,24.5,22.6,22.95,1546175
ORIENTABRA,20200828,22.5,23.4,21.4,21.55,110603
ORIENTALTL,20200828,10.4,10.65,10.1,10.55,31986
ORIENTBELL,20200828,100,103.7,98.3,101.95,86917
ORIENTCEM,20200828,69.5,70.9,68.9,69.15,235156
ORIENTELEC,20200828,204,214,204,207.95,857098
ORIENTHOT,20200828,22.8,23.3,22.5,22.75,58667
ORIENTLTD,20200828,95,95,88,93,4725
ORIENTPPR,20200828,18.8,19.2,18.55,18.7,556747
ORIENTREF,20200828,209.6,212.35,205.2,206.9,26435
ORISSAMINE,20200828,2719.15,2768,2651.8,2660.9,18304
ORTINLABSS,20200828,22,22.65,21.65,21.9,64096
OSWALAGRO,20200828,8.7,8.85,8.65,8.75,68921
PAEL,20200828,2.1,2.2,2.1,2.2,2402
PAGEIND,20200828,20174,20441.85,19971,20119.8,36710
PAISALO,20200828,436.15,465,432.2,454.4,22222
PALASHSECU,20200828,28.9,29.9,28.9,29.1,1110
PALREDTEC,20200828,22.1,22.15,21.05,21.9,14748
PANACEABIO,20200828,193.9,194,189,190.05,125749
PANACHE,20200828,63.55,63.55,62.5,63.55,17876
PANAMAPET,20200828,58,58,56.3,56.75,108838
PAPERPROD,20200828,289,292,280,280.8,192409
PARACABLES,20200828,8.9,9,8.6,8.7,309174
PARAGMILK,20200828,118.35,118.4,113.7,113.85,1059032
PARSVNATH,20200828,3.55,3.65,3.45,3.45,95154
PATELENG,20200828,14.8,14.85,14.35,14.4,442598
PATINTLOG,20200828,32.5,34.3,28.95,28.95,1183364
PATSPINLTD,20200828,6.4,6.4,6.4,6.4,3092
PCJEWELLER,20200828,16.75,17.2,16.45,17.05,4794749
PDMJEPAPER,20200828,14.95,15.1,14.65,14.75,81856
PDSMFL,20200828,275.05,312,271,289.95,8960
PEARLPOLY,20200828,19.1,19.1,18,18.25,7668
PEL,20200828,1536.8,1563,1502,1511.2,2555169
PENIND,20200828,19.4,19.6,18.25,18.35,457706
PENINLAND,20200828,5.1,5.15,4.85,4.95,333595
PERSISTENT,20200828,1060,1060,1010,1018.2,236297
PETRONET,20200828,244,250.1,243.3,249.25,3975650
PFC,20200828,97.8,101.15,97.65,98.2,13539588
PFIZER,20200828,4834.95,4880,4700,4739.7,33936
PFOCUS,20200828,40,41.25,39.25,39.85,53260
PFS,20200828,18.65,19,18.35,18.4,838505
PGEL,20200828,52.7,54.5,49.55,50,65349
PGHH,20200828,10199,10238.95,10100.15,10133.25,18826
PGHL,20200828,5041.35,5078.1,4912.7,4981.3,36564
PGIL,20200828,141.95,152.5,141.95,151.6,9431
PHILIPCARB,20200828,124.5,126.2,121.4,121.8,1056607
PHOENIXLTD,20200828,652.95,655,644,650.55,421876
PIDILITIND,20200828,1478.1,1481,1442.4,1445.5,650405
PIIND,20200828,2000.2,2000.2,1959,1967.05,223050
PILANIINVS,20200828,1609,1625,1589.95,1624.45,4763
PILITA,20200828,6.5,6.85,6.5,6.8,183465
PIONDIST,20200828,113.25,115,112.7,114.3,16354
PIONEEREMB,20200828,24.25,24.6,22.65,23.15,50611
PITTIENG,20200828,33,36,32.5,35.35,384912
PKTEA,20200828,140.1,148,136.05,139.6,1518
PLASTIBLEN,20200828,187.35,193.9,186,188.5,26822
PNB,20200828,35.5,37.4,35.5,37.05,85967317
PNBGILTS,20200828,47,47.4,46.6,46.75,575586
PNBHOUSING,20200828,301.1,309.5,299,302.2,1163245
PNC,20200828,17.8,18,16.6,16.65,9083
PNCINFRA,20200828,172.15,174,168.45,169.3,477539
PODDARHOUS,20200828,182,188,177.15,179.75,11826
PODDARMENT,20200828,214.05,217.9,207,207.5,26860
POKARNA,20200828,145,145.95,138.45,139.15,45989
POLYCAB,20200828,919.6,922.6,895.55,900.25,219494
POLYMED,20200828,430.5,435,422.9,424.4,83319
POLYPLEX,20200828,763,768.55,735.1,738.4,108488
PONNIERODE,20200828,181.15,182.85,175.1,176.75,9993
POWERGRID,20200828,186.5,186.75,181.8,182.3,6815971
POWERINDIA,20200828,957,981.9,894.95,954.35,643601
POWERMECH,20200828,484,485.6,467,469.1,110523
PPAP,20200828,237,237,209.5,221.2,42934
PPL,20200828,79.2,80.55,76.35,76.5,108695
PRABHAT,20200828,68.1,68.75,67.1,67.3,43248
PRADIP,20200828,0.55,0.6,0.55,0.6,150
PRAENG,20200828,6.25,6.75,6.25,6.75,114654
PRAJIND,20200828,76.7,77.1,74.45,74.85,1202660
PRAKASH,20200828,47.55,47.75,46.2,47.1,505640
PRAKASHSTL,20200828,0.85,0.85,0.8,0.8,305288
PRAXIS,20200828,30.5,31,29.6,30.6,16956
PRECAM,20200828,38.3,43.7,38,40.45,2497597
PRECOT,20200828,29.8,29.8,27.05,27.75,1283
PRECWIRE,20200828,131.85,146.3,128.3,137.25,208004
PREMEXPLN,20200828,137.5,142.05,136,137,35935
PREMIER,20200828,3.15,3.15,3.15,3.15,50
PREMIERPOL,20200828,29.75,31.8,29,30.4,33227
PRESSMN,20200828,20.7,21.4,20.3,20.45,21582
PRESTIGE,20200828,263,266.65,256,263.05,831759
PRICOLLTD,20200828,45.5,46.5,44.1,45.2,511394
PRIMESECU,20200828,48.95,51.8,47.5,50.85,209119
PRINCEPIPE,20200828,195.45,201,189.8,196.9,917029
PROZONINTU,20200828,19,19.1,18.55,18.65,236826
PRSMJOHNSN,20200828,58,59,56.5,56.75,292258
PSB,20200828,13.35,13.45,13.1,13.2,1786961
PSL,20200828,0.8,0.8,0.8,0.8,128184
PSPPROJECT,20200828,443.95,448.75,431.1,432.45,44508
PSUBNKBEES,20200828,16.72,17.62,16.72,17.48,505591
PTC,20200828,61.8,62,61.2,61.4,1311210
PTL,20200828,47.2,47.9,47,47.25,62430
PUNJABCHEM,20200828,622,622.05,577.85,588.15,18923
PURVA,20200828,53.05,53.5,51.15,51.75,328323
PVR,20200828,1346,1469.25,1340.9,1445.55,4303532
QGOLDHALF,20200828,2225,2241,2220.05,2240.8,727
QNIFTY,20200828,1196,1202,1196,1202,30
QUESS,20200828,391.35,392.75,381.2,387.9,241553
QUICKHEAL,20200828,135.45,136.35,132.5,133,222950
RADICO,20200828,425,429.9,410.1,413.1,527895
RADIOCITY,20200828,21.8,21.8,20.6,21,744323
RAIN,20200828,122.5,123.75,118.05,119.3,1185191
RAJESHEXPO,20200828,473.8,477.5,463.3,464.95,118970
RAJRATAN,20200828,325.95,331.1,310,314.45,21943
RAJSREESUG,20200828,15,15.45,14.9,14.95,5256
RAJTV,20200828,40.4,40.8,39.2,39.65,7946
RALLIS,20200828,319.4,323.5,312,314.15,717255
RAMANEWS,20200828,15.65,15.65,15.15,15.2,62014
RAMASTEEL,20200828,38.15,40,36.9,37.9,5837
RAMCOCEM,20200828,715,725,713.75,719.65,1332769
RAMCOIND,20200828,196.05,199.9,190,191.45,54040
RAMCOSYS,20200828,270.6,270.6,244.9,254.65,1064609
RAMKY,20200828,36.3,37.85,34.9,35.1,316744
RANASUG,20200828,7.45,7.95,7.45,7.55,362839
RANEENGINE,20200828,228,228.8,221,225.9,7855
RANEHOLDIN,20200828,527.75,555,525.05,528.9,153061
RATNAMANI,20200828,1190.65,1195,1159.25,1179.95,14665
RAYMOND,20200828,307.65,312,300.95,304.55,1686109
RBL,20200828,633.5,669.7,633,638.65,111058
RBLBANK,20200828,203.8,214,203.5,210.5,42784621
RCF,20200828,49.9,50.75,49.55,49.65,1328536
RCOM,20200828,2.6,2.65,2.45,2.5,26580693
RECLTD,20200828,110.3,113.65,109.3,111.55,8963965
REDINGTON,20200828,117,118,115.35,116,336564
REFEX,20200828,49.6,49.95,49,49.15,51313
RELAXO,20200828,643.2,669.75,638.35,660.1,932051
RELCAPITAL,20200828,10.75,10.85,10.3,10.35,2607382
RELIANCE,20200828,2120,2132.9,2106.25,2116.15,12537684
RELIGARE,20200828,44.5,44.5,40.3,41.6,695104
RELINFRA,20200828,31.5,31.9,29.7,29.9,4335382
REMSONSIND,20200828,107,109.75,96.65,98.8,19353
RENUKA,20200828,10.55,10.55,9.95,10.15,2614994
REPCOHOME,20200828,186.45,186.45,183.45,186.45,1152319
REPRO,20200828,443.9,443.9,412.35,418.1,14104
RESPONIND,20200828,96.8,105,95.75,99.7,451622
REVATHI,20200828,478.95,478.95,463.65,467.7,2659
RGL,20200828,279.15,284.85,271,272.9,4737
RHFL,20200828,2.3,2.3,2.2,2.25,1703757
RICOAUTO,20200828,33.65,33.9,32.55,32.65,863221
RIIL,20200828,422.95,426.4,416.5,417.15,226590
RITES,20200828,257.9,259.05,253.5,254.25,368717
RKDL,20200828,8.35,8.4,7.5,7.8,79552
RKFORGE,20200828,254.7,256,242.2,248.15,86197
RMCL,20200828,3.8,3.95,3.65,3.75,24414
RML,20200828,235,246,231.1,233.8,37363
RNAVAL,20200828,3.9,3.9,3.8,3.9,7584926
ROHITFERRO,20200828,1.35,1.45,1.35,1.35,22964
ROHLTD,20200828,82.9,83.8,80,80.4,51572
ROLLT,20200828,3.75,3.75,3.45,3.75,163184
ROLTA,20200828,6.7,6.8,6.5,6.8,408613
ROSSARI,20200828,786.9,793.6,772.55,775.2,274889
ROSSELLIND,20200828,133.05,133.05,121.1,128.95,185805
RPGLIFE,20200828,379,379.95,368.25,369.95,44105
RPOWER,20200828,3.8,3.8,3.65,3.65,15376659
RPPINFRA,20200828,59,60.5,57.95,58.35,18224
RSSOFTWARE,20200828,21.55,21.55,20.45,21,27740
RSWM,20200828,88,94.9,87.75,93.1,17221
RSYSTEMS,20200828,105,108.8,104,104.55,44720
RTNINFRA,20200828,9.8,9.8,9.8,9.8,121517
RTNPOWER,20200828,3.5,3.6,3.4,3.45,6892773
RUBYMILLS,20200828,207,210,196.5,197.95,36552
RUCHI,20200828,669.15,672.75,649.9,658.15,18759
RUCHINFRA,20200828,10.9,10.9,10.75,10.9,1065741
RUCHIRA,20200828,64.1,65.55,63.6,64.5,281034
RUPA,20200828,221.5,222.7,208,210.6,67819
RUSHIL,20200828,122.5,122.5,114.1,115,20424
RVNL,20200828,21.9,22.2,21.9,22,5368872
S&SPOWER,20200828,14.95,15.2,14.75,14.8,5579
SABEVENTS,20200828,1.6,1.6,1.6,1.6,3713
SABTN,20200828,1.35,1.35,1.35,1.35,5051
SADBHAV,20200828,59.45,59.45,56,56.4,606611
SADBHIN,20200828,20.2,21.45,19.9,20.2,1189848
SAFARI,20200828,429.95,433.7,416.5,424.1,47974
SAGARDEEP,20200828,124.4,124.4,124.4,124.4,4529
SAGCEM,20200828,491,500.95,488.1,493.45,8400
SAIL,20200828,41.25,43.15,40.55,40.95,94254926
SAKAR,20200828,82.65,82.65,78.2,79.1,17686
SAKHTISUG,20200828,9.65,9.65,9.25,9.35,42175
SAKSOFT,20200828,278,287.8,276.9,278.3,14896
SAKUMA,20200828,6.65,6.95,6.4,6.95,661779
SALASAR,20200828,178.75,179,173.5,176.5,32208
SALONA,20200828,59.7,62.6,57.2,60.8,3049
SALSTEEL,20200828,3.75,3.75,3.75,3.75,36362
SALZERELEC,20200828,104.5,107.9,104.5,104.95,26664
SAMBHAAV,20200828,2.05,2.2,2.05,2.1,17760
SANCO,20200828,13,13.2,12.7,12.95,83638
SANDESH,20200828,535,633,535,567.2,55556
SANDHAR,20200828,229.05,235,226.7,230.2,113596
SANGAMIND,20200828,58.6,58.9,55.65,56.15,20570
SANGHIIND,20200828,30,31.4,30,30.9,2458759
SANGHVIFOR,20200828,19.5,20.35,19.5,19.55,559
SANGHVIMOV,20200828,79.35,81,74,75.7,57856
SANGINITA,20200828,81.9,81.9,74.95,76.8,50600
SANOFI,20200828,8730,8844,8611.25,8665.25,14144
SANWARIA,20200828,2.25,2.3,2.2,2.3,2587671
SARDAEN,20200828,281.5,293.7,272,276.4,149965
SAREGAMA,20200828,553,569.95,534,538.2,39992
SARLAPOLY,20200828,18.65,19.8,18.15,18.95,228786
SASKEN,20200828,624.8,624.8,592.2,597.85,42005
SASTASUNDR,20200828,103.4,103.4,98.25,99.9,23096
SATIA,20200828,126,138,121,130.95,583938
SATIN,20200828,80,80,78.15,78.45,163438
SBICARD,20200828,824,846,823.55,838.9,2309206
SBIETFQLTY,20200828,103.73,106,103.73,105,1300
SBILIFE,20200828,846,858.7,843.05,851.55,1640203
SBIN,20200828,217,225.9,216.8,224.85,95983850
SCAPDVR,20200828,1.65,1.65,1.65,1.65,136509
SCHAEFFLER,20200828,4040,4160,3905,3955.35,37564
SCHAND,20200828,82,84.5,80.5,83.35,57697
SCHNEIDER,20200828,87.95,90.9,86.7,87.35,406561
SCI,20200828,62.3,62.85,61.1,61.65,1095649
SDBL,20200828,64.35,65.4,61,61.2,649791
SEAMECLTD,20200828,418.05,421.3,415.6,417.4,8763
SELAN,20200828,126.9,131.6,120.3,121.4,110308
SEPOWER,20200828,2.7,2.8,2.7,2.75,11168
SEQUENT,20200828,135.1,136.4,133.15,134.65,856934
SESHAPAPER,20200828,152.6,156.65,151.55,152.85,32281
SETCO,20200828,13,13.1,12.5,12.9,77592
SETF10GILT,20200828,197,197,196.2,196.25,155
SETFGOLD,20200828,4600.6,4623.4,4581.1,4609.85,10320
SETFNIF50,20200828,125,125,119.75,120.26,162264
SETFNIFBK,20200828,235.8,245.7,235.8,244.51,86307
SETFNN50,20200828,286.25,289.8,286.25,287.72,7051
SETUINFRA,20200828,0.85,0.9,0.85,0.9,291651
SEYAIND,20200828,80.6,80.6,77.2,77.55,22189
SFL,20200828,1375,1404.75,1370,1378.75,12481
SGL,20200828,9.9,10,9.5,9.85,68352
SHAHALLOYS,20200828,7.65,8.1,7.6,7.65,9089
SHAKTIPUMP,20200828,195,202.5,195,199,105052
SHALBY,20200828,89.65,89.8,87.05,87.7,132896
SHALPAINTS,20200828,75,75.8,73.1,74.05,100272
SHANKARA,20200828,406.35,418.65,393,398.4,181903
SHANTIGEAR,20200828,117,123.9,110,120.3,305917
SHARDACROP,20200828,299,307.85,290,296,51113
SHARDAMOTR,20200828,1020.05,1078.95,1009.95,1015.45,6949
SHARIABEES,20200828,278,288.85,278,280.4,1288
SHEMAROO,20200828,68.45,68.45,66.25,67,105824
SHIL,20200828,92.65,94.5,87,91.6,432145
SHILPAMED,20200828,578.7,580.4,554.25,556.65,352635
SHIRPUR-G,20200828,9.6,9.6,9.3,9.45,31685
SHIVAMAUTO,20200828,20.65,20.65,19,19.1,271457
SHIVAMILLS,20200828,25.8,26.15,25.3,25.7,3294
SHIVATEX,20200828,98.05,98.05,95.25,95.25,2864
SHK,20200828,87.1,87.85,84.25,84.75,714691
SHOPERSTOP,20200828,190,191.95,186.35,189.3,335417
SHREDIGCEM,20200828,50.95,51.35,49.5,50.1,464151
SHREECEM,20200828,21645,21800,21251.5,21329.55,52820
SHREEPUSHK,20200828,118.25,121,115.1,115.4,44156
SHREERAMA,20200828,7.35,7.75,7.1,7.75,251510
SHRENIK,20200828,49.25,50.9,47.05,47.65,77591
SHREYANIND,20200828,87.95,91.9,86.3,88.35,47920
SHREYAS,20200828,80.9,80.9,74.3,75.45,33328
SHRIPISTON,20200828,603.95,603.95,571.1,582.05,183
SHRIRAMCIT,20200828,959,960,930,944,23039
SHRIRAMEPC,20200828,4.7,4.7,4.7,4.7,221032
SHYAMCENT,20200828,3.7,3.75,3.55,3.75,62223
SICAGEN,20200828,12.6,12.95,12.2,12.6,26453
SICAL,20200828,10.55,10.55,10.55,10.55,124856
SIEMENS,20200828,1216.9,1237,1216.9,1221.15,528408
SIGIND,20200828,22.2,22.2,21.55,21.75,13127
SIL,20200828,10.65,10.65,10.15,10.15,5847
SILINV,20200828,160,160,149,150.65,21288
SILLYMONKS,20200828,27.6,30.35,27.6,30.35,4426
SIMBHALS,20200828,8.75,9,8.65,8.65,6923
SIMPLEXINF,20200828,33.8,33.8,32.25,32.9,188279
SINTEX,20200828,2.3,2.4,2.25,2.25,2935308
SIRCA,20200828,270,280,260.05,262.85,22388
SIS,20200828,405,418.9,390,391.65,1194599
SITINET,20200828,2,2,1.9,1.9,628184
SIYSIL,20200828,162,164,158,158.5,57692
SJVN,20200828,25.95,26.1,24.6,24.8,3431736
SKFINDIA,20200828,1662,1672.95,1630.05,1652.3,25101
SKIL,20200828,3.55,3.8,3.55,3.8,155994
SKIPPER,20200828,49.2,49.2,48,48.4,60723
SKMEGGPROD,20200828,51,51.95,49,49.9,55634
SMARTLINK,20200828,81,82.5,75.2,76.25,67239
SMLISUZU,20200828,448.4,457,438.2,450.55,91170
SMSLIFE,20200828,461.55,471,456,458.45,7899
SMSPHARMA,20200828,92.5,92.5,87.9,89.65,325390
SNOWMAN,20200828,34.05,34.35,32.45,32.9,490528
SOBHA,20200828,275.9,276,265.9,267.45,441490
SOLARA,20200828,968.7,1008,937,951.9,202983
SOLARINDS,20200828,1178,1189.95,1142,1149.95,43121
SOMANYCERA,20200828,169,172.9,165.25,166,114559
SOMATEX,20200828,3.3,3.3,3.25,3.25,1300
SOMICONVEY,20200828,29.9,30,27.5,28.05,52243
SONATSOFTW,20200828,324.55,326.55,315,318.1,158598
SORILINFRA,20200828,82.2,82.2,74.4,74.4,198664
SOTL,20200828,721.25,730,715,719.65,3594
SOUTHBANK,20200828,7.5,7.9,7.45,7.6,44526526
SOUTHWEST,20200828,27,27.55,26.3,26.5,147085
SPAL,20200828,107,110,102.3,104.85,60857
SPANDANA,20200828,611,658,609.55,638.9,118624
SPARC,20200828,183.7,195.45,182.8,190.15,6086891
SPCENET,20200828,1.3,1.3,1.3,1.3,25725
SPECIALITY,20200828,33.95,34,32.85,32.95,193238
SPENCERS,20200828,91.9,93.3,89.3,90,999445
SPENTEX,20200828,0.7,0.7,0.65,0.7,120542
SPIC,20200828,23.1,23.5,22.15,22.35,377830
SPICEJET,20200828,52.4,52.75,52.15,52.35,2809273
SPLIL,20200828,31.2,32.3,30.5,30.7,39223
SPMLINFRA,20200828,11.8,11.9,11.05,11.75,57848
SPTL,20200828,2.65,2.7,2.55,2.55,2524614
SPYL,20200828,0.4,0.4,0.35,0.35,505895
SREEL,20200828,154.7,154.7,148,148.75,19464
SREINFRA,20200828,7.9,8.25,7.9,8,1185100
SRF,20200828,4259.9,4276,4210,4226,146907
SRHHYPOLTD,20200828,180,180,175,175.4,22875
SRIPIPES,20200828,194.7,195,190,190.75,76878
SRTRANSFIN,20200828,728.7,783.7,725,772.75,13556969
SSWL,20200828,479,495,473.4,477.7,129653
STAR,20200828,642,645.5,621,624.65,1008176
STARCEMENT,20200828,90.5,91.4,89.6,89.95,70375
STARPAPER,20200828,103.1,107.5,103.1,104.3,266340
STCINDIA,20200828,64.3,66.85,63.6,64.65,96037
STEELCITY,20200828,38.7,41.75,38.35,39.05,80506
STEELXIND,20200828,40.35,40.35,36.55,40.3,556119
STEL,20200828,64,64,61.6,62,17455
STERTOOLS,20200828,195.65,196,188.1,192.95,17029
STRTECH,20200828,166.8,168.8,159,159.7,1408527
SUBCAPCITY,20200828,30.6,30.6,30.6,30.6,852
SUBEX,20200828,11.85,11.85,11.15,11.25,1881907
SUBROS,20200828,263.4,263.4,249.4,251.35,92519
SUDARSCHEM,20200828,468.2,493,468.2,473.6,597105
SUJANAUNI,20200828,0.3,0.35,0.3,0.35,539691
SUMEETINDS,20200828,2.8,2.8,2.6,2.7,491152
SUMICHEM,20200828,286.8,286.8,284,284.1,227696
SUMIT,20200828,10.05,10.2,9.8,10,49317
SUMMITSEC,20200828,399.05,414,395.5,404.7,10546
SUNCLAYLTD,20200828,1860.55,1875,1785.85,1807.1,5817
SUNDARAM,20200828,1.4,1.45,1.35,1.4,690918
SUNDARMFIN,20200828,1504.95,1680,1492,1669.7,571118
SUNDARMHLD,20200828,60.3,62.4,59.5,60.35,164326
SUNDRMBRAK,20200828,282.85,282.9,258,261.45,4962
SUNDRMFAST,20200828,475.5,479.5,468,469.75,37590
SUNFLAG,20200828,46.55,47.65,46.15,46.25,380055
SUNPHARMA,20200828,538.1,564.75,534.75,555.75,29018297
SUNTECK,20200828,277,285,275.75,279.25,654580
SUNTV,20200828,484.6,487.1,475.25,476.65,1251824
SUPERHOUSE,20200828,108.3,110.8,105,106.35,37324
SUPERSPIN,20200828,4.4,4.6,4.3,4.3,45264
SUPPETRO,20200828,223.85,229.5,217.5,220.4,46738
SUPRAJIT,20200828,189,191.15,182.05,182.8,205372
SUPREMEIND,20200828,1338,1355.5,1325,1331.2,68012
SURANASOL,20200828,7.35,7.5,7,7.5,51605
SURANAT&P,20200828,4.1,4.1,3.8,3.9,57229
SURYALAXMI,20200828,18.8,18.8,17.8,17.8,6812
SURYAROSNI,20200828,180.9,187.15,178.15,179.35,120197
SUTLEJTEX,20200828,24,24.25,23.5,23.7,79830
SUVEN,20200828,53.85,54.7,52.8,53.55,912159
SUVENPHAR,20200828,694,701,681,688.45,178494
SUZLON,20200828,3.95,3.95,3.8,3.85,24111881
SWANENERGY,20200828,136.5,136.5,127.9,130.4,255021
SWARAJENG,20200828,1628.3,1669,1615.9,1638.85,12616
SWELECTES,20200828,153.2,153.2,140,143.05,9464
SWSOLAR,20200828,273.1,277.55,265,267.9,208602
SYMPHONY,20200828,915,924.45,885.2,901.15,75848
SYNCOM,20200828,1.9,1.9,1.8,1.8,296747
SYNGENE,20200828,488.8,494.55,485,488.05,258570
TAINWALCHM,20200828,52,53.8,51.6,51.85,18943
TAJGVK,20200828,155,155,150.4,150.95,290032
TAKE,20200828,57.5,58.2,54.75,55.05,846011
TALBROAUTO,20200828,132.45,135.7,128,129,33453
TANLA,20200828,266.25,266.25,240.95,240.95,1667938
TARMAT,20200828,41.15,43.1,41.05,42.45,27788
TASTYBITE,20200828,13054.95,13100.05,12650,12701,969
TATACHEM,20200828,332.5,336.4,326.55,327.9,3256438
TATACOFFEE,20200828,117.75,118.3,115,115.45,844827
TATACOMM,20200828,890,894.8,855.6,871.65,48946
TATACONSUM,20200828,547.9,555.85,544,547.05,2692947
TATAELXSI,20200828,1160,1169.95,1130.7,1139.05,385131
TATAINVEST,20200828,837.15,849.4,831.1,832.8,33910
TATAMETALI,20200828,569.85,575,565,566.9,25327
TATAMOTORS,20200828,144.15,146.2,140.5,142.8,95196419
TATAMTRDVR,20200828,54.85,55.3,52.1,53.4,14104664
TATAPOWER,20200828,62.1,62.25,60.3,61.2,21775730
TATASTEEL,20200828,429.65,438,423.05,424.2,15212017
TATASTLBSL,20200828,25.65,26.05,25.15,25.3,2551503
TATASTLLP,20200828,318.35,324,313.65,315.2,56001
TBZ,20200828,39.2,42.7,38.9,42.05,4449075
TCI,20200828,225.1,227.2,222,225.15,35685
TCIDEVELOP,20200828,293.95,318.7,293.95,302.4,1449
TCIEXP,20200828,839.15,846.25,810,814.35,34465
TCIFINANCE,20200828,5.7,5.9,5.6,5.7,31020
TCNSBRANDS,20200828,460,460,443.1,449.25,97590
TCPLPACK,20200828,425,427.45,415,417.25,7180
TCS,20200828,2268.4,2279.95,2235.1,2238.55,2941156
TDPOWERSYS,20200828,127,129.5,123.5,124.55,11950
TEAMLEASE,20200828,2370,2404.75,2351,2365.9,77064
TECHIN,20200828,3.35,3.5,3.2,3.35,6872
TECHM,20200828,741,758.35,740,752.35,4223382
TECHNOE,20200828,227.5,235,204.6,217.05,153481
TECHNOFAB,20200828,11.55,11.55,11.55,11.55,15894
TEJASNET,20200828,63,65,62.5,63.9,848935
TERASOFT,20200828,32.1,32.3,29.95,30.05,67671
TEXINFRA,20200828,42,42.5,41.15,41.35,16160
TEXMOPIPES,20200828,14.9,15.4,13.8,14.5,190082
TEXRAIL,20200828,32.75,33,31.7,31.9,713647
TFCILTD,20200828,43.2,43.75,41.45,42.5,959359
TFL,20200828,3.65,3.75,3.5,3.55,3067
TGBHOTELS,20200828,7.6,7.6,7.6,7.6,31822
THANGAMAYL,20200828,401,415,390.55,405.05,56723
THEINVEST,20200828,142,145,130,131.85,9196
THEMISMED,20200828,388,390.95,372,385.4,10061
THERMAX,20200828,798,807.35,781.2,791.55,57726
THOMASCOOK,20200828,36.9,38,36.15,36.65,588983
THOMASCOTT,20200828,5,5.1,4.9,5.1,352
THYROCARE,20200828,775,775,750,751,107304
TI,20200828,17.45,17.6,16.5,16.5,202668
TIDEWATER,20200828,4583,4647.45,4550,4572.25,1412
TIIL,20200828,305,305,280,283.75,7506
TIINDIA,20200828,625.45,645,623.1,641,205899
TIJARIA,20200828,6.15,6.45,6.15,6.4,20812
TIL,20200828,176,178.65,171.95,174.45,16846
TIMESGTY,20200828,25.8,26.85,25.35,25.5,2114
TIMETECHNO,20200828,45.9,46.05,44.55,44.8,462350
TIMKEN,20200828,1130.9,1150.75,1103,1140.75,85513
TINPLATE,20200828,148.65,150.6,145.1,146.1,375935
TIPSINDLTD,20200828,179.25,188.5,177,183.2,19329
TIRUMALCHM,20200828,72.4,73.2,70.1,70.5,384263
TIRUPATIFL,20200828,31.3,31.3,30.15,30.15,142
TITAN,20200828,1148.25,1148.25,1131.6,1134.1,1628959
TMRVL,20200828,10.15,10.15,9.4,9.55,157589
TNPETRO,20200828,41.15,42.6,41,41.2,751561
TNPL,20200828,126.8,126.8,125.65,125.95,158512
TNTELE,20200828,1.7,1.75,1.65,1.65,17460
TOKYOPLAST,20200828,63.5,63.5,61.15,61.85,3190
TORNTPHARM,20200828,2754.1,2768,2704,2709.45,538420
TORNTPOWER,20200828,345,351.2,343.4,344.6,1451691
TOTAL,20200828,26,26,26,26,51
TOUCHWOOD,20200828,52.3,52.3,49.55,50,1138
TPLPLASTEH,20200828,135.1,135.1,128.35,131.25,18545
TREEHOUSE,20200828,7.75,7.8,7.7,7.8,198911
TREJHARA,20200828,10.7,10.7,10.5,10.55,4102
TRENT,20200828,653,661,646,650.45,599641
TRF,20200828,92.1,92.1,88.1,89.95,11825
TRIDENT,20200828,6.75,6.8,6.65,6.7,5465062
TRIGYN,20200828,61.95,62.35,57.5,57.95,180602
TRIL,20200828,10.55,10.55,10.1,10.3,106185
TRITURBINE,20200828,77.8,83.9,75.1,81.25,3236125
TRIVENI,20200828,76.2,76.4,74.05,74.45,570198
TTKHLTCARE,20200828,500.05,500.05,486.15,488.25,2168
TTKPRESTIG,20200828,5874.95,6048,5840.2,5946.95,8927
TTL,20200828,37.95,38.75,36.8,37.35,9092
TTML,20200828,3.5,3.65,3.45,3.6,3142588
TV18BRDCST,20200828,34.15,34.5,33.65,33.75,3451384
TVSELECT,20200828,109.5,112.05,105.5,106.2,71367
TVSMOTOR,20200828,459,463,448.35,449.75,2669472
TVSSRICHAK,20200828,1584,1603.55,1545.1,1554.5,12557
TVTODAY,20200828,234.65,234.9,230.35,233.05,41053
TVVISION,20200828,1.9,2,1.9,1.9,1430
TWL,20200828,50,50,48.15,48.5,213694
UBL,20200828,1049.95,1061.4,1032.15,1041.05,413674
UCALFUEL,20200828,128.85,144.65,125.65,142,673326
UCOBANK,20200828,13.9,14.3,13.85,13.95,4688846
UFLEX,20200828,355.8,356.7,348.5,349.85,114284
UFO,20200828,88.15,89.7,86.5,87.05,465496
UGARSUGAR,20200828,15.9,16.2,15.1,15.65,129667
UJAAS,20200828,4.55,4.65,4.45,4.5,692093
UJJIVAN,20200828,254,271,254,266.55,4635167
UJJIVANSFB,20200828,36.8,37.75,36.45,37.45,3839591
ULTRACEMCO,20200828,4062,4088.8,4046,4062.55,346538
UMANGDAIRY,20200828,47.85,48.6,47.5,48.15,7797
UMESLTD,20200828,1.2,1.2,1.1,1.15,8720
UNICHEMLAB,20200828,265,265.1,254.25,256.2,90288
UNIENTER,20200828,67.05,69,65.1,68.6,14907
UNIONBANK,20200828,30.75,31.85,30.6,31.4,13618583
UNIPLY,20200828,5.6,5.65,5.55,5.6,467267
UNITEDTEA,20200828,330,347,316.2,329.3,8957
UNIVASTU,20200828,34.75,34.75,32.8,32.95,67939
UNIVCABLES,20200828,161.1,161.7,153.55,156.2,52759
UNIVPHOTO,20200828,211.5,221,210.3,211.1,2106
UPL,20200828,500,521.1,498.3,519.25,9809948
URJA,20200828,3,3,2.9,2.9,2211616
USHAMART,20200828,31,31,28.25,28.8,1525255
UTINEXT50,20200828,293,293,281.76,284.02,1900
UTINIFTETF,20200828,1232.95,1245.11,1232.95,1241,862
UTISENSETF,20200828,415,425,412.99,419.45,349
UTISXN50,20200828,319,319,303.01,305.32,26
UTTAMSTL,20200828,6.45,6.45,6.25,6.3,144506
UTTAMSUGAR,20200828,91.4,93.4,90.15,92.65,107966
UVSL,20200828,0.55,0.55,0.5,0.5,11083814
V2RETAIL,20200828,60.1,61.25,58.8,59.1,104368
VADILALIND,20200828,682.5,689,645.05,649.3,16736
VAIBHAVGBL,20200828,1807.95,1807.95,1751,1760.65,14623
VAISHALI,20200828,44.4,44.45,42.55,42.9,1146
VAKRANGEE,20200828,29.2,29.95,29,29.5,2992107
VARDHACRLC,20200828,32.15,33.1,31.75,32,61441
VARDMNPOLY,20200828,9.3,9.7,9.3,9.7,44676
VARROC,20200828,333,335,320,322.15,191425
VASCONEQ,20200828,11.55,11.7,11.2,11.3,322938
VASWANI,20200828,6.5,6.8,6.3,6.3,21737
VBL,20200828,762,764.7,745,754.25,164070
VEDL,20200828,128.5,131.35,127.7,128.85,26542894
VENKEYS,20200828,1439,1550,1432.7,1503.7,759491
VENUSREM,20200828,100,102.9,95.9,96.35,58281
VERTOZ,20200828,129.9,129.9,125,125,16917
VESUVIUS,20200828,981.25,997.55,969,974.65,3179
VETO,20200828,46.5,48.6,44.95,45.55,32097
VGUARD,20200828,179.55,179.55,174,175.35,828563
VHL,20200828,1504.95,1539.95,1494,1512.15,829
VICEROY,20200828,2.7,2.85,2.7,2.85,58280
VIDHIING,20200828,89.45,95.85,89.05,92.95,894720
VIJIFIN,20200828,0.65,0.65,0.55,0.6,253224
VIKASECO,20200828,9.75,9.75,9.75,9.75,213382
VIKASMCORP,20200828,19.55,20.45,19.55,20.45,6261692
VIKASPROP,20200828,3.45,3.5,3.35,3.4,1953664
VIKASWSP,20200828,6.75,6.8,6.65,6.8,156284
VIMTALABS,20200828,113.3,113.3,109.05,111.4,24652
VINATIORGA,20200828,1086,1109.65,1067,1074.05,128123
VINDHYATEL,20200828,929.3,945.25,915,917.7,15374
VINYLINDIA,20200828,112,113.4,107.3,108.85,181795
VIPCLOTHNG,20200828,9.8,9.95,9.7,9.9,225187
VIPIND,20200828,304.65,306.65,297.15,298.45,629903
VIPULLTD,20200828,16.7,16.7,15.25,15.5,7287
VISAKAIND,20200828,376.9,384.7,362,364.15,124511
VISASTEEL,20200828,6.4,6.5,6.3,6.45,21540
VISHAL,20200828,262.5,287.5,262.5,269.65,1441
VISHNU,20200828,171.9,171.9,163.25,164.35,6242
VISHWARAJ,20200828,98.8,102,92,93.8,139799
VIVIDHA,20200828,0.45,0.45,0.4,0.4,386732
VIVIMEDLAB,20200828,21.7,21.95,20.05,20.05,822563
VLSFINANCE,20200828,63,63,60.3,60.8,60261
VMART,20200828,2062.95,2085.85,1981,1997.35,12824
VOLTAMP,20200828,1210,1215,1174.85,1200.15,15608
VOLTAS,20200828,670.8,670.8,659,661.85,1319829
VRLLOG,20200828,180.5,183.85,171.9,174.5,522301
VSSL,20200828,75,75.9,72.1,74.1,16925
VSTIND,20200828,3518,3518,3460,3472.5,9082
VSTTILLERS,20200828,1730,1750,1655,1689.6,22734
VTL,20200828,820.8,897.75,820.05,887.6,175225
WABAG,20200828,212,215.5,206.25,207.85,668489
WABCOINDIA,20200828,6949,6949,6864.9,6899.85,1748
WALCHANNAG,20200828,62.9,62.95,60.85,61.6,274423
WANBURY,20200828,41.85,41.85,38.7,39.1,18779
WATERBASE,20200828,113.4,115.9,109.4,110.65,561970
WEBELSOLAR,20200828,20.4,21.3,20.4,20.4,89323
WEIZMANIND,20200828,33.75,34.9,33.45,34.8,17666
WELCORP,20200828,116.05,116.9,113,113.2,671742
WELENT,20200828,74.8,74.95,71.4,71.85,190766
WELINV,20200828,262.1,272,251.05,263.1,97
WELSPUNIND,20200828,57.3,57.3,56.15,57.3,5243538
WENDT,20200828,4050,4275.7,3711.15,3831.3,35710
WESTLIFE,20200828,373,378.75,371.75,374.75,205777
WHEELS,20200828,455,459.8,440,442.75,21575
WHIRLPOOL,20200828,2205,2269.5,2140,2174.5,119517
WILLAMAGOR,20200828,24.05,24.3,23.15,23.4,17013
WINDMACHIN,20200828,17.8,18.15,17.1,17.4,45945
WIPL,20200828,50,50,48,48.3,2061
WIPRO,20200828,274.7,275,271.3,272.05,7601545
WOCKPHARMA,20200828,330,336.6,327.65,329.25,1094863
WONDERLA,20200828,185.25,193,181.2,183.3,51042
WORTH,20200828,44.45,44.5,41.5,42.5,10387
WSI,20200828,2,2,2,2,4000
WSTCSTPAPR,20200828,201,207,199.1,203.85,846497
XCHANGING,20200828,76.8,77.2,71.8,73.9,337144
XELPMOC,20200828,177.35,177.35,160.55,160.55,181037
XPROINDIA,20200828,23.75,24.7,23.5,23.6,16086
YESBANK,20200828,15.1,15.4,14.9,15,273203064
ZEEL,20200828,211.15,218.5,210.85,213.85,43106507
ZEELEARN,20200828,16.7,16.85,15.7,15.95,1229762
ZEEMEDIA,20200828,7,7,6.7,7,8916150
ZENITHEXPO,20200828,44,44,43.4,43.4,62
ZENITHSTL,20200828,1,1.05,0.95,1,167392
ZENSARTECH,20200828,180,181.15,175.65,176.45,1076682
ZENTEC,20200828,88.25,91.8,87.65,88.95,1143550
ZICOM,20200828,2.4,2.4,2.4,2.4,18741
ZODIACLOTH,20200828,117,117.9,115.5,116.85,8305
ZODJRDMKJ,20200828,27.3,27.9,27.3,27.7,473
ZOTA,20200828,160.6,163.6,156,156.5,19464
ZUARI,20200828,90.6,93,90.1,90.55,44353
ZUARIGLOB,20200828,58.7,59.8,57,57.55,48378
ZYDUSWELL,20200828,1730.2,1734.45,1670.1,1679.7,36630
NSENIFTY,20200828,11602.95,11686.05,11589.40,11647.60,806997707,0
NIFTYJUNIOR,20200828,28075.00,28159.60,27973.85,28018.75,435903721,0
NIFTYMIDCAPLIQ15,20200828,4216.10,4249.65,4205.85,4227.35,326453481,0
NSE100,20200828,11755.60,11830.70,11743.25,11791.50,1242901428,0
NIFTY200,20200828,6033.35,6069.70,6027.40,6048.90,3548221927,0
NSE500,20200828,9623.00,9675.90,9614.75,9641.05,4071389917,0
NSEMIDCAP150,20200828,6612.65,6636.80,6599.40,6609.40,2357212751,0
MIDCAP50,20200828,4823.85,4862.05,4817.85,4829.55,2210924276,0
NSEMIDCAP,20200828,17389.05,17464.60,17339.45,17369.05,2305320499,0
NSESMLCAP100,20200828,5912.95,5926.90,5858.60,5867.30,-,0
NIFTYLARGEMIDCAP250,20200828,-,-,-,6067.58,3600114179,0
NIFTYAUTO,20200828,8209.10,8223.60,8101.05,8111.85,171811251,0
BANKNIFTY,20200828,23635.30,24611.80,23599.20,24523.80,812646625,0
NIFTYFINSERVICE,20200828,11509.45,11740.15,11490.40,11720.35,355996781,0
NIFTYFMGC,20200828,31410.80,31451.30,31203.70,31253.45,52707865,0
NSEIT,20200828,18216.30,18253.60,18093.45,18122.00,30027812,0
NIFTYMEDIA,20200828,1654.10,1678.55,1650.75,1670.25,107129484,0
NIFTYMETAL,20200828,2539.40,2570.65,2517.35,2520.35,232943434,0
NIFTYPHARMA,20200828,11658.75,11697.15,11572.70,11622.90,49888061,0
NIFTYPVTBANK,20200828,12947.35,13575.60,12922.15,13501.90,540371683,0
NIFTYPSUBANK,20200828,1538.10,1607.55,1538.10,1601.80,401393883,0
NIFTYREALTY,20200828,233.80,236.20,232.00,233.10,33254890,0
NIFTYCOMMODITIES,20200828,3272.00,3293.40,3261.95,3265.15,263832383,0
NIFTYCONSUMPTION,20200828,5217.25,5221.30,5181.00,5186.30,165683470,0
NIFTYCPSE,20200828,1560.65,1570.65,1544.95,1547.10,156483374,0
NIFTYENERGY,20200828,16075.60,16139.95,15941.00,15970.75,116843504,0
NIFTY100ESG,20200828,-,-,-,2268.08,969123227,0
NIFTY100ENHESG,20200828,-,-,-,2281.25,911907109,0
NIFTYINFRA,20200828,3254.90,3272.50,3248.50,3254.45,278456666,0
NIFTYMNC,20200828,14331.65,14376.00,14242.20,14262.00,1346167174,0
NIFTYPSE,20200828,2654.90,2679.40,2641.50,2644.45,449651250,0
NIFTYSMEEMERGE,20200828,-,-,-,1312.49,950033,0
NIFTYSERVSECTOR,20200828,15169.85,15369.40,15149.85,15339.45,716065543,0
NIFTYSHARIAH25,20200828,-,-,-,4570.06,98184789,0
NIFTY50SHARIAH,20200828,-,-,-,2752.99,94933792,0
NIFTY500SHARIAH,20200828,-,-,-,3286.27,437337452,0
NIFTYABGROUP,20200828,-,-,-,2852.57,1311807058,0
NIFTYMAHINDRA,20200828,-,-,-,10071.97,25566017,0
NIFTYTATA,20200828,-,-,-,7158.56,164188853,0
NIFTYTATA25CAP,20200828,-,-,-,5012.55,147511499,0
NIFTYABGROUP,20200828,-,-,-,2852.57,1311807058,0
NIFTYLIQ15,20200828,2935.80,3003.70,2932.55,2998.15,430658929,0
NIFTY500VALUE50,20200828,-,-,-,3378.87,685320598,0
NIFTYQUALLOWVOL30,20200828,-,-,-,8707.31,122425756,0
NIFTYALPHAQUALLOWVOL30,20200828,-,-,-,9988.15,133257053,0
NIFTYALPHAQUALVALLOWVOL30,20200828,-,-,-,7675.03,158648919,0
NIFTY50EQUALWEIGHT,20200828,12145.65,12233.75,12132.40,12176.95,806997707,0
NIFTY100EQUALWEIGHT,20200828,13195.05,13275.10,13188.10,13208.45,1242901428,0
NIFTY100LOWVOL30,20200828,9299.85,9309.65,9210.70,9221.95,185678348,0
NSEDEFTY,20200828,-,-,-,5498.95,-,0
NIFTY50DIVPOINT,20200828,50.43,50.43,50.43,50.43,-,0
NIFTYDIVOPPS50,20200828,2492.85,2499.95,2473.45,2476.50,570714718,0
NIFTYALPHA50,20200828,16053.55,16102.45,16000.70,16019.30,180125913,0
NIFTY50ARBITRAGE,20200828,-,-,-,1904.16,-,0
NIFTY50FUTINDEX,20200828,-,-,-,3901.90,-,0
NIFTY50FUTTRINDEX,20200828,-,-,-,12084.74,-,0
NIFTYHIGHBETA50,20200828,-,-,-,1237.51,2737699707,0
NIFTYLOWVOL50,20200828,-,-,-,11343.47,175233806,0
NIFTY50VALUE20,20200828,5672.15,5679.85,5611.90,5619.95,232238300,0
NIFTYGROWSECT15,20200828,5646.60,5715.30,5641.10,5703.20,260139747,0
NIFTY50TR2XLEV,20200828,5637.35,5717.80,5627.25,5680.55,-,0
NIFTY50PR2XLEV,20200828,4266.00,4326.90,4258.35,4298.70,-,0
NIFTY50TR1XINV,20200828,329.20,329.50,326.80,327.90,-,0
NIFTY50PR1XINV,20200828,378.20,378.55,375.45,376.75,-,0
NIFTY-GS-COMPSITE,20200828,2211.40,2213.28,2206.56,2211.47,-,0
NIFTY-GS-4-8YR,20200828,2314.43,2314.43,2309.60,2313.61,-,0
NIFTY-GS-8-13YR,20200828,2167.97,2170.54,2163.66,2167.71,-,0
NIFTY-GS-10YR,20200828,1958.53,1959.90,1949.47,1958.31,-,0
NIFTY-GS-10YR-CLN,20200828,950.91,951.58,946.49,950.81,-,0
NIFTY-GS-11-15YR,20200828,2334.45,2334.45,2330.14,2332.90,-,0
NIFTY-GS-15YRPLUS,20200828,2555.85,2555.85,2549.73,2551.52,-,0
VIX,20200828,18.90,18.90,16.66,18.35,0,0
