20MICRONS,20200925,26.8,30.2,26.8,28.45,54368
21STCENMGM,20200925,10,10.3,10,10.15,3282
3IINFOTECH,20200925,3.05,3.15,2.9,2.9,9668130
3MINDIA,20200925,18501,18657,18150,18204.9,5482
5PAISA,20200925,351,358.3,331.4,343.15,14994
63MOONS,20200925,71,72.95,66.55,66.55,103197
8KMILES,20200925,49.5,49.5,49.5,49.5,12288
A2ZINFRA,20200925,4.2,4.2,4.05,4.1,163174
AARTIDRUGS,20200925,2883,2960.4,2850,2951.25,232494
AARTIIND,20200925,1003.55,1014,993.95,1005.05,291908
AARTISURF,20200925,473.05,490,455.1,471.85,19675
AARVEEDEN,20200925,10.4,10.8,10.4,10.55,4829
AARVI,20200925,37.95,39.55,37.95,39.55,182
AAVAS,20200925,1332,1390,1320.35,1384.35,69281
ABAN,20200925,22.9,23.9,22.85,23.65,40317
ABB,20200925,864.95,875.95,846.6,852.3,174158
ABBOTINDIA,20200925,15950,16441,15950,16237.75,6765
ABCAPITAL,20200925,61.95,63.45,60.7,62.85,2662222
ABFRL,20200925,130.35,132,126.55,128.2,1981208
ABMINTLTD,20200925,19.7,19.7,19.7,19.7,189
ABSLBANETF,20200925,208,208,200,208,474
ABSLNN50ET,20200925,279.84,282,276.2,282,29
ACC,20200925,1306,1339.75,1295.85,1333.35,753140
ACCELYA,20200925,1026.25,1035,1026.25,1031.15,29600
ACE,20200925,67.95,69.8,67.45,68.25,225825
ADANIENT,20200925,275.9,283.6,275,280.3,7663618
ADANIGAS,20200925,176.25,184.85,176.25,183.75,1484675
ADANIGREEN,20200925,647.75,647.75,620.9,647.75,253932
ADANIPORTS,20200925,319,329.7,315.6,326.15,6282538
ADANIPOWER,20200925,36.45,36.9,36.3,36.6,1395295
ADANITRANS,20200925,238.9,249.6,236,247.55,301204
ADFFOODS,20200925,407,418,401.25,418,70849
ADHUNIKIND,20200925,18.6,18.6,17.7,18.1,5089
ADORWELD,20200925,241.45,244,236.1,241.85,24440
ADROITINFO,20200925,5.1,5.1,4.7,4.95,4076
ADSL,20200925,21.1,22.45,20.65,22.1,140872
ADVANIHOTR,20200925,40.8,41.7,38.65,41.2,8929
ADVENZYMES,20200925,292.9,317,265.1,293.15,6629827
AEGISCHEM,20200925,227.55,234,222.1,225.05,79637
AFFLE,20200925,2860,2935,2853.3,2898.45,49910
AGARIND,20200925,91.75,93.9,89.1,91.3,7970
AGCNET,20200925,347.35,350.9,338.55,345.55,38770
AGRITECH,20200925,30.35,30.4,29.25,29.6,2463
AGROPHOS,20200925,9,9.55,8.95,9.5,19953
AHLEAST,20200925,137.5,146.35,137.45,144.85,335
AHLUCONT,20200925,235.05,235.9,231,233.45,19144
AHLWEST,20200925,276.95,288.35,267.15,270.85,330
AIAENG,20200925,1683,1790,1683,1738.05,37341
AIONJSW,20200925,17.75,18.15,17.35,18.15,49507
AIRAN,20200925,11.9,12,11.6,11.95,15258
AJANTPHARM,20200925,1575.1,1598.8,1535,1550.55,175626
AJMERA,20200925,80.1,81.85,79.65,81.05,24927
AKASH,20200925,243,243,224,240.1,4105
AKSHARCHEM,20200925,218,222.5,216.5,219.85,13585
AKSHOPTFBR,20200925,6.05,6.05,5.7,5.9,203189
AKZOINDIA,20200925,2031.05,2073,1996.15,2015.15,6926
ALANKIT,20200925,15.5,17.1,15.5,15.9,501330
ALBERTDAVD,20200925,422.9,422.9,410.45,414.75,7807
ALCHEM,20200925,5.2,5.3,4.9,5.3,21249
ALEMBICLTD,20200925,105.4,108.7,104,106.45,456698
ALICON,20200925,336.4,345,328.55,334,4855
ALKALI,20200925,46.1,46.25,44.65,45.95,13273
ALKEM,20200925,2762,2825,2762,2802.35,135837
ALKYLAMINE,20200925,2975,3184,2956.75,3160.55,39920
ALLCARGO,20200925,121.95,129.95,121.75,128.9,1020348
ALLSEC,20200925,247,253.3,241.05,249,8064
ALMONDZ,20200925,11,11.9,11,11.5,7527
ALOKINDS,20200925,22.75,23.7,22.15,22.15,43499072
ALPA,20200925,27.7,27.75,26.2,27.6,14348
ALPHAGEO,20200925,148.4,152.8,147.9,150.6,8337
ALPSINDUS,20200925,1.2,1.2,1.1,1.2,56380
AMARAJABAT,20200925,712.85,737.45,707.3,726.2,983734
AMBER,20200925,1911.3,1975,1902.1,1944.7,106666
AMBIKCO,20200925,618.15,649.7,618.15,643.95,3304
AMBUJACEM,20200925,201.7,206.7,199,205.5,4205656
AMDIND,20200925,15.45,15.8,15.25,15.45,2858
AMJLAND,20200925,18.8,18.8,17.9,18,2187
AMRUTANJAN,20200925,425.25,431.8,420.25,424.1,95609
ANANTRAJ,20200925,27.8,31.7,27.5,30.05,909983
ANDHRACEMT,20200925,4.7,4.85,4.6,4.75,144584
ANDHRAPAP,20200925,187,203.4,177.55,193.9,275206
ANDHRSUGAR,20200925,299,304,294.75,301.95,31399
ANIKINDS,20200925,11.7,12.8,11.7,12.6,3047
ANKITMETAL,20200925,0.85,0.85,0.85,0.85,9913
ANSALAPI,20200925,3.6,3.75,3.6,3.65,41313
ANSALHSG,20200925,3.9,3.95,3.85,3.85,15017
ANUP,20200925,541.15,595.25,541.15,595.25,14748
APARINDS,20200925,284.05,292.2,284.05,289.45,19782
APCL,20200925,184.4,188,177.8,184.85,50969
APCOTEXIND,20200925,138.55,141.15,137.1,139.9,29580
APEX,20200925,242.05,247.55,238.05,245.95,95030
APLAPOLLO,20200925,2570.3,2697.8,2570.3,2678.35,32290
APLLTD,20200925,959.75,959.75,930.1,955.1,307458
APOLLO,20200925,113.85,116.75,111.6,114.2,87216
APOLLOHOSP,20200925,1967.15,2047,1920.6,2027.65,3665739
APOLLOPIPE,20200925,394,394,378,385.55,41967
APOLLOTYRE,20200925,116.3,121.35,113.55,120.2,10032486
APOLSINHOT,20200925,499.15,535,472.05,527.25,1493
APTECHT,20200925,110,115.8,110,113.2,191025
ARCHIDPLY,20200925,24.55,25,24.1,24.85,9132
ARCHIES,20200925,11.65,11.95,11.5,11.7,20322
ARCOTECH,20200925,2.25,2.25,2.1,2.1,15083
ARENTERP,20200925,11.25,11.4,10.4,10.85,1408
ARIES,20200925,73.3,77.2,73.3,77.2,25658
ARIHANT,20200925,15.7,16.5,15.5,15.55,867
ARIHANTSUP,20200925,19.1,19.95,18.9,19.5,1184
ARMANFIN,20200925,529,529,495,520.75,7928
AROGRANITE,20200925,25.35,26.3,25.15,25.7,10698
ARROWGREEN,20200925,48.55,50.2,48.55,49.5,3225
ARSHIYA,20200925,12.2,12.25,11.85,12.2,7846
ARSSINFRA,20200925,12.45,12.8,12.25,12.65,2459
ARTEMISMED,20200925,157,162.45,151.1,159.95,2399
ARVIND,20200925,31.95,33.3,30.25,33,5360921
ARVINDFASN,20200925,126.95,129.5,123.4,127.95,301517
ARVSMART,20200925,81.15,90.45,81.15,88.3,91866
ASAHIINDIA,20200925,203.5,208,201.95,204.1,18588
ASAHISONG,20200925,212,216.7,205.55,212.35,26188
ASAL,20200925,19.9,20.45,19.75,20.4,2682
ASALCBR,20200925,243.2,257,243.2,253.95,36252
ASHAPURMIN,20200925,81.95,82.95,77.45,81.7,155484
ASHIANA,20200925,68,71.2,67.3,71.2,90299
ASHIMASYN,20200925,7.6,8.15,7.55,7.6,9596
ASHOKA,20200925,66.2,66.25,64.15,65.6,833236
ASHOKLEY,20200925,68.6,76.95,68.55,76.3,108390484
ASIANHOTNR,20200925,55.3,58.5,53.25,55.25,4413
ASIANPAINT,20200925,1925.25,1955,1908,1925.6,1939344
ASIANTILES,20200925,290.1,298,288.5,291,232234
ASPINWALL,20200925,130,130,122.8,129,497
ASTEC,20200925,1035,1100,1020,1076.35,99593
ASTERDM,20200925,135,137.5,132.5,134.1,86677
ASTRAL,20200925,1093.45,1114.95,1084.95,1100.15,252981
ASTRAMICRO,20200925,116.75,118.15,114,116.8,234658
ASTRAZEN,20200925,4240,4330.95,4220,4301.55,42215
ASTRON,20200925,41.45,45.15,41.45,44.5,263299
ATFL,20200925,688.75,699.5,676.5,689,10516
ATLANTA,20200925,6.6,6.6,6.4,6.45,3043
ATLASCYCLE,20200925,45.4,45.4,43.8,44.7,5148
ATUL,20200925,6144.95,6188.95,6042,6089.1,30078
ATULAUTO,20200925,167.9,168.5,165,166.3,54888
AUBANK,20200925,617.65,667.7,617.65,656.25,583133
AURIONPRO,20200925,65.6,70.45,63.85,69.45,36025
AUROPHARMA,20200925,754,783.7,746.25,772.1,4844749
AUSOMENT,20200925,42,43,41.6,42.65,3149
AUTOAXLES,20200925,670,754.85,655.2,734.45,73031
AUTOIND,20200925,27.5,28.1,26.8,28.1,8363
AUTOLITIND,20200925,18.15,19.9,18.15,19.15,7010
AVADHSUGAR,20200925,178,185.95,171.8,179.7,48769
AVANTIFEED,20200925,485,498,482.2,493.4,250022
AVTNPL,20200925,44.05,46.5,43.55,45.8,136972
AXISBANK,20200925,407.5,416.7,400.15,415.05,20460158
AXISCADES,20200925,50.7,53,50,51.25,18915
AXISGOLD,20200925,43.15,43.65,43.15,43.55,54870
AXISNIFTY,20200925,112.03,114.85,112.01,114.43,4858
AYMSYNTEX,20200925,24.5,25,23.5,24.7,18931
BAFNAPH,20200925,36.15,36.15,36.15,36.15,247
BAGFILMS,20200925,2.6,2.65,2.55,2.65,32121
BAJAJ-AUTO,20200925,2954.95,2998.5,2926.05,2957.4,559314
BAJAJCON,20200925,178,184.8,175.55,183.55,598454
BAJAJELEC,20200925,456.5,498.7,456.3,492.85,328950
BAJAJFINSV,20200925,5500,5906.15,5430.15,5803.3,978396
BAJAJHIND,20200925,4.75,5.05,4.75,4.95,2041149
BAJAJHLDNG,20200925,2459.95,2499,2390.45,2441,32098
BAJFINANCE,20200925,3080,3167.15,3028.8,3138.95,6232618
BALAJITELE,20200925,70.6,72.05,69.75,70.15,88047
BALAMINES,20200925,790.05,824,775.7,813.3,137718
BALAXI,20200925,745.35,745.35,745.35,745.35,582
BALKRISHNA,20200925,12.85,13.45,12.7,13.35,3248
BALKRISIND,20200925,1312.2,1369.8,1308.3,1355.95,893815
BALLARPUR,20200925,1.2,1.3,1.2,1.25,698013
BALMLAWRIE,20200925,98,99.85,97.5,98.95,152334
BALPHARMA,20200925,42.25,45,42.25,44.7,9168
BALRAMCHIN,20200925,142.05,148.6,142,146.05,802146
BANARBEADS,20200925,52.1,53.5,52,52.1,1548
BANARISUG,20200925,1300.15,1325,1300,1304.35,555
BANCOINDIA,20200925,84.05,87.9,84.05,87.3,42366
BANDHANBNK,20200925,259.9,266.7,251.4,265,8087664
BANG,20200925,17.55,17.8,17.55,17.8,457
BANKBARODA,20200925,40.2,41.85,39.5,41.55,21522723
BANKBEES,20200925,219,219,205.86,211.1,631336
BANKINDIA,20200925,39.25,40.55,38.55,40.15,2391345
BANSWRAS,20200925,68.05,71.5,67.2,69.55,34216
BASF,20200925,1428,1428,1380.05,1396.9,20305
BASML,20200925,84.9,87.9,77.25,83.5,2202
BATAINDIA,20200925,1305,1321.7,1290.85,1303,564341
BAYERCROP,20200925,5891.05,6025,5806.4,5990.6,25878
BBL,20200925,694,710.05,686,689,4871
BBTC,20200925,1269.8,1308.7,1262.2,1300.3,84362
BCG,20200925,6.75,6.95,6.45,6.45,1862035
BCP,20200925,4.4,4.75,4.4,4.7,82702
BDL,20200925,297.45,302.25,293,298.3,419950
BEARDSELL,20200925,8.05,8.3,8.05,8.3,301
BEDMUTHA,20200925,17.4,17.95,17.4,17.95,2980
BEL,20200925,91.9,94.4,91.35,93.3,6477816
BEML,20200925,609,614.95,592.9,602.8,243280
BEPL,20200925,65.25,74.65,65.25,72.8,4169213
BERGEPAINT,20200925,578,585.8,573.55,582.25,1829100
BFINVEST,20200925,263.9,272.55,258.3,266.9,21729
BFUTILITIE,20200925,219.45,227.45,216.05,225.2,103079
BGRENERGY,20200925,32.45,33.95,32.15,33.55,43417
BHAGERIA,20200925,130.95,134.9,128.2,131.95,23084
BHAGYANGR,20200925,17.5,18.1,17.5,18.05,3049
BHAGYAPROP,20200925,22.4,22.5,21.7,22,2245
BHANDARI,20200925,1,1.05,1,1.05,52986
BHARATFORG,20200925,433.9,448.65,428.65,444.9,2974187
BHARATGEAR,20200925,42.05,46.9,42,45.75,10412
BHARATRAS,20200925,9240,9332.95,8965,9088.45,6272
BHARATWIRE,20200925,23.6,23.6,22.6,23.55,17713
BHARTIARTL,20200925,425,444.95,422.15,439.65,33602428
BHEL,20200925,30,30.45,28.85,30.15,57970215
BIGBLOC,20200925,52.95,52.95,51.5,52.9,2267
BIL,20200925,158,159,152,158.95,345
BILENERGY,20200925,0.8,0.8,0.75,0.8,177612
BINDALAGRO,20200925,11.45,12,11.45,11.95,20517
BIOCON,20200925,414.65,430.55,410.5,428,4535634
BIOFILCHEM,20200925,47,47,47,47,17712
BIRLACABLE,20200925,48.35,50.85,48.35,50.35,34159
BIRLACORPN,20200925,616,637.9,599.1,630.8,151334
BIRLAMONEY,20200925,38.5,39.6,38.5,39.15,125391
BIRLATYRE,20200925,19.5,20.45,19.5,20.35,195820
BKMINDST,20200925,0.95,1,0.9,0.95,39639
BLBLIMITED,20200925,5.35,5.75,5.35,5.7,5146
BLISSGVS,20200925,147.6,154,133.5,149.35,456687
BLKASHYAP,20200925,6.4,6.7,6.4,6.5,27973
BLS,20200925,86.85,87.95,82,82.75,137171
BLUEDART,20200925,2792.55,2898.8,2750.25,2878.95,36661
BLUESTARCO,20200925,633.7,643.95,620.5,638.45,188910
BODALCHEM,20200925,63.85,69.25,63.85,67.8,485651
BOMDYEING,20200925,61.95,63.8,61.05,63.25,744250
BOROLTD,20200925,145,145,140.4,142.55,44276
BORORENEW,20200925,68.8,71.2,67.9,71.2,113566
BOSCHLTD,20200925,12580,13000,12440,12930.05,100854
BPCL,20200925,379,381.5,365.3,375.75,13272301
BPL,20200925,16.7,17,15.85,16.8,58870
BRFL,20200925,8.9,9.8,8.9,9.65,123416
BRIGADE,20200925,159.95,163.75,154.55,157.1,124663
BRITANNIA,20200925,3640,3716.95,3615,3686.4,507368
BRNL,20200925,28.8,30.35,28.75,30.1,6001
BROOKS,20200925,62.25,62.25,61,62.25,83142
BSE,20200925,529.6,541.3,521.65,537.9,245757
BSELINFRA,20200925,1.05,1.05,1.05,1.05,73058
BSL,20200925,24.85,25.5,23.7,25,13330
BSLGOLDETF,20200925,4599.45,4699.45,4568.05,4593.5,229
BSLNIFTY,20200925,119,121.9,118.5,120.78,595
BSOFT,20200925,188.7,192.85,186,190.85,1698132
BURNPUR,20200925,1.35,1.4,1.35,1.35,16513
BUTTERFLY,20200925,230.8,245.4,230,245.4,31905
BVCL,20200925,13.6,13.8,12.6,12.8,1535
BYKE,20200925,13.5,14.45,13.1,13.35,53799
CADILAHC,20200925,379,389.1,375.5,385.5,3902803
CALSOFT,20200925,7.4,7.6,7.25,7.3,105000
CAMLINFINE,20200925,99.7,102.15,95.3,102.15,651187
CANBK,20200925,84.25,87.5,82.25,87.1,8742494
CANFINHOME,20200925,405,419.8,397.05,409.2,249202
CANTABIL,20200925,325.85,331.75,319.25,323.55,124605
CAPACITE,20200925,115.4,119.6,114.85,118.45,28712
CAPLIPOINT,20200925,546,558.5,540,552.25,154769
CAPTRUST,20200925,60,61,57.65,59.1,1586
CARBORUNIV,20200925,248,253,243.6,249.05,196970
CAREERP,20200925,164.65,171,162,167,22965
CARERATING,20200925,369.9,371,352.1,357,173168
CASTEXTECH,20200925,0.4,0.4,0.4,0.4,1000
CASTROLIND,20200925,109.4,111.75,108.4,109.85,1044870
CCHHL,20200925,2.8,2.9,2.7,2.85,32138
CCL,20200925,257.7,259.45,253.05,255,402537
CDSL,20200925,467,479.8,462,474.1,1436468
CEATLTD,20200925,896,926,890.05,905.15,180173
CEBBCO,20200925,15.85,16,15.55,15.95,18474
CELEBRITY,20200925,4.85,4.85,4.5,4.7,20658
CENTENKA,20200925,169.8,171.9,164.4,170.75,11432
CENTEXT,20200925,3.45,3.55,3.3,3.45,87704
CENTRALBK,20200925,16.6,16.7,15.85,16.2,2818109
CENTRUM,20200925,15.35,16.9,15.35,15.95,704895
CENTUM,20200925,294.95,307.4,292.8,302.95,5819
CENTURYPLY,20200925,165,168.75,163,164.8,167894
CENTURYTEX,20200925,322,330.8,318.5,327.95,757134
CERA,20200925,2245.2,2260,2215.5,2243.25,4448
CEREBRAINT,20200925,29.65,29.75,28.95,29.35,167484
CESC,20200925,642.4,654.85,625,633,185587
CESCVENT,20200925,228.55,232.5,225.95,230.9,37512
CGCL,20200925,225,229.45,221,223.85,49370
CGPOWER,20200925,21.75,22.75,20.8,21.75,15913006
CHALET,20200925,139.5,145,139.1,139.85,89434
CHAMBLFERT,20200925,147,151.85,146.55,150.9,369518
CHEMBOND,20200925,155,156,151.9,152.65,3932
CHEMFAB,20200925,138.45,144.85,131.95,138.25,2660
CHENNPETRO,20200925,67.15,69.05,65.75,66.65,958239
CHOLAFIN,20200925,232.05,240,227.35,238.7,5326944
CHOLAHLDNG,20200925,377,412,377,395.95,20921
CHROMATIC,20200925,0.7,0.75,0.65,0.7,37535
CIGNITITEC,20200925,390,392,375.25,383.55,61573
CIMMCO,20200925,18.4,19.4,18,19.35,29061
CINELINE,20200925,27,27,24.6,25.55,46843
CINEVISTA,20200925,5.9,6.25,5.8,6.1,5889
CIPLA,20200925,752,777,740.4,770.1,13365213
CLEDUCATE,20200925,65.4,70.7,65.4,70,8290
CLNINDIA,20200925,324,334,324,329.5,41007
CMICABLES,20200925,33.05,34,32.5,33.65,28818
CNOVAPETRO,20200925,5.3,5.75,5.3,5.75,1053
COALINDIA,20200925,116,117.6,113.9,117.1,15988811
COCHINSHIP,20200925,314.35,321.4,314.35,317.75,138640
COFORGE,20200925,2135,2325.85,2114.45,2304.35,1170054
COLPAL,20200925,1380.1,1420,1377,1415.7,1004356
COMPINFO,20200925,13.5,14.45,13.35,14.45,221044
COMPUSOFT,20200925,7.2,7.35,7.15,7.35,15176
CONCOR,20200925,372.2,380,368.05,375.25,1176532
CONFIPET,20200925,21.2,21.2,20.7,20.9,144981
CONSOFINVT,20200925,30,32.5,27.5,31.1,841
CONTROLPR,20200925,219.05,224.85,215,223.85,6235
CORALFINAC,20200925,19.45,20.8,19.05,20.75,4482
CORDSCABLE,20200925,39.1,40.65,38.6,38.85,15159
COROMANDEL,20200925,802,808.95,771.9,789.55,540689
COSMOFILMS,20200925,392.05,412,386.45,409.05,91130
COUNCODOS,20200925,1.2,1.25,1.1,1.15,29241
CPSEETF,20200925,16.17,16.33,16.05,16.27,810650
CREATIVE,20200925,120,121.5,115.1,116.6,12406
CREATIVEYE,20200925,4.25,4.25,4.2,4.25,16344
CREDITACC,20200925,695,720.6,685.2,697.8,107800
CREST,20200925,83.8,83.8,75.65,78.6,10788
CRISIL,20200925,1722.75,1759.85,1700,1709.45,24770
CROMPTON,20200925,268.65,269.1,255.1,260.9,732862
CSBBANK,20200925,216.6,223.25,215.05,219.1,111924
CTE,20200925,24.2,24.2,23.05,23.75,3221
CUB,20200925,135,136.5,132,133.8,1039827
CUBEXTUB,20200925,10.8,11.45,10.8,10.95,14784
CUMMINSIND,20200925,441.55,447.45,437.75,446.75,1877821
CUPID,20200925,210.6,214.75,209.1,211.85,65426
CYBERTECH,20200925,63.9,65.3,62.15,63.05,130914
CYIENT,20200925,373.6,386.75,373.6,384,250023
DAAWAT,20200925,47.3,50.85,47.3,50.5,1752710
DABUR,20200925,491.4,496,488.25,492.6,2817378
DALBHARAT,20200925,737.8,758.65,730.55,752.35,75988
DALMIASUG,20200925,122,124.8,121.75,124.15,70125
DAMODARIND,20200925,24,24.5,22.6,24.1,5677
DATAMATICS,20200925,75.8,75.8,71.5,75.2,134057
DBCORP,20200925,74.6,77.25,74.6,76.55,53215
DBL,20200925,333,344.4,333,340.25,73480
DBREALTY,20200925,6.15,6.75,6.15,6.65,104081
DBSTOCKBRO,20200925,9.5,9.5,8.7,9.3,176
DCAL,20200925,146.15,152.55,146.15,152.55,176427
DCBBANK,20200925,79.5,82.25,79.15,81.45,1748821
DCM,20200925,18.65,19.65,18.65,19.35,15320
DCMFINSERV,20200925,1.05,1.1,1,1.1,1891
DCMNVL,20200925,24.8,25.4,23.9,24.85,1876
DCMSHRIRAM,20200925,352.75,368,352.75,364.3,39350
DCW,20200925,15.1,15.85,14.9,15.3,578961
DECCANCE,20200925,275,275,266.15,271.4,19972
DEEPAKFERT,20200925,145.2,150.3,145.2,149.25,541913
DEEPAKNTR,20200925,815.8,825.45,791.15,801.15,1528926
DEEPIND,20200925,64.25,72.75,64.25,69.7,29450
DELTACORP,20200925,102,105.4,102,104.15,737031
DELTAMAGNT,20200925,17,18.4,17,18,659
DEN,20200925,67,68.5,66.65,67.7,56167
DENORA,20200925,208,213,208,209.3,2020
DFMFOODS,20200925,337.85,344.4,328.1,344.4,61557
DGCONTENT,20200925,12.55,12.6,11.4,12.3,11661
DHAMPURSUG,20200925,128,134.8,128,133.5,344570
DHANBANK,20200925,12.25,12.75,12.1,12.5,317364
DHANUKA,20200925,750,758.9,722.9,744.1,123691
DHARSUGAR,20200925,4.75,4.75,4.4,4.6,4123
DHFL,20200925,12.35,12.95,12.35,12.9,534279
DHUNINV,20200925,205.15,217.75,205.15,213.45,477
DIAMONDYD,20200925,605.8,625,594.45,614.65,4021
DICIND,20200925,370.2,381,370.2,379.4,6274
DIGISPICE,20200925,7.8,7.9,7.55,7.9,1820
DISHTV,20200925,11.75,12.65,11.55,12.65,14964085
DIVISLAB,20200925,3060,3108,3004.65,3060.75,1595002
DIXON,20200925,8625,8900,8591.8,8793.4,29285
DLF,20200925,149.65,153,148.2,151.35,11733841
DLINKINDIA,20200925,98.7,103.1,98.2,101.6,129351
DMART,20200925,2042.1,2120,2042.1,2102.7,325523
DNAMEDIA,20200925,0.6,0.6,0.55,0.55,43066
DOLAT,20200925,47,48.5,46.55,47.8,43109
DOLLAR,20200925,132,135.5,132,133.1,133100
DONEAR,20200925,26.45,26.5,25.15,25.9,43503
DPSCLTD,20200925,13.3,13.6,13,13.2,25759
DPWIRES,20200925,59.45,59.55,57.4,57.7,339
DQE,20200925,1.3,1.35,1.25,1.3,68247
DREDGECORP,20200925,258.4,263.6,257.4,259.4,76903
DRREDDY,20200925,5120,5153,5044,5112.2,3514249
DSSL,20200925,28.45,29.25,28.1,29.2,2726
DTIL,20200925,243.05,248.35,236,239.25,2572
DUCON,20200925,4.05,4.05,3.9,4,14205
DVL,20200925,51.7,54.5,51.7,52.75,1590
DWARKESH,20200925,26.3,26.8,25.85,26.4,1002310
DYNAMATECH,20200925,724.4,728,692.6,713.95,11558
DYNPRO,20200925,274,280,256.05,260.3,351615
EASTSILK,20200925,1.05,1.15,1.05,1.1,19783
EBANK,20200925,2159,2349.85,2159,2349.85,10
EBBETF0423,20200925,1082.8,1084.25,1082.8,1082.86,2570
EBBETF0425,20200925,990,999,990,994.1,25566
EBBETF0430,20200925,1097.56,1100.99,1097.51,1099.99,5555
EBBETF0431,20200925,992,993.93,990.05,990.54,4404
EBIXFOREX,20200925,455.25,455.25,425,432.8,964
ECLERX,20200925,701,714.95,696.7,708.1,68883
EDELWEISS,20200925,57,58.7,55.45,58.35,1334738
EICHERMOT,20200925,2063.9,2135,2050,2117.5,1532715
EIDPARRY,20200925,278.6,283.3,274.4,278.1,174654
EIHAHOTELS,20200925,224,229.9,223.2,225.15,4439
EIHOTEL,20200925,75.3,79,75.1,78.3,658276
EIMCOELECO,20200925,322.05,326,317.95,320.5,274
EKC,20200925,26.15,27.45,26,27.2,87127
ELECON,20200925,25.4,26.15,25,25.95,95428
ELECTCAST,20200925,17.4,18.35,17.4,17.8,956392
ELECTHERM,20200925,98.2,101.8,98.1,100.4,15387
ELGIEQUIP,20200925,127.45,128.95,123,124.1,414828
ELGIRUBCO,20200925,16.9,17.6,16.25,17.45,4111
EMAMILTD,20200925,354,358.35,350,351.9,237310
EMAMIPAP,20200925,67.75,68.85,65.65,66.95,1978
EMAMIREAL,20200925,43.6,46,43.6,44.85,6500
EMKAY,20200925,50,53.45,50,52.9,8202
EMMBI,20200925,78.05,81.9,77.1,80.65,11176
ENDURANCE,20200925,1059.95,1105,1041.55,1062.8,166549
ENERGYDEV,20200925,5.35,5.55,5.2,5.2,54826
ENGINERSIN,20200925,64.35,65.25,63.8,64.3,1671161
ENIL,20200925,154.9,154.9,146.3,153.55,3494
EQ30,20200925,325,340,325,340,3
EQUITAS,20200925,49.45,53.8,48.65,51.7,4468993
ERIS,20200925,530,570,524,539.8,2648052
EROSMEDIA,20200925,20.85,20.85,19.55,20.25,59428
ESABINDIA,20200925,1387.45,1387.45,1302.25,1344.5,2084
ESCORTS,20200925,1168.6,1208,1162.25,1203.4,1759568
ESSARSHPNG,20200925,8.3,8.3,8.15,8.3,7528
ESSELPACK,20200925,245.8,253.5,243,248.6,313070
ESTER,20200925,73.15,74.5,71.9,74.1,102228
EUROMULTI,20200925,2.3,2.3,2.3,2.3,9100
EUROTEXIND,20200925,7.6,8.4,7.6,8.4,1835
EVEREADY,20200925,135.6,141.4,135.05,137.75,91611
EVERESTIND,20200925,196.55,202.9,195.15,201.85,43030
EXCEL,20200925,1.15,1.15,1.15,1.15,63682
EXCELINDUS,20200925,900.65,947.5,897.05,936.55,38728
EXIDEIND,20200925,156,164.8,154.2,161.1,5279318
EXPLEOSOL,20200925,497.95,503.15,481.35,499.1,11298
FACT,20200925,43.5,43.5,42,43.1,35153
FAIRCHEM,20200925,536.5,544.4,520.05,542.5,19083
FCL,20200925,30.4,33,29.95,32,244060
FCONSUMER,20200925,7.8,8.25,7.6,8.25,13711228
FCSSOFT,20200925,0.4,0.45,0.4,0.4,723368
FDC,20200925,329,337.3,327.25,334.7,175888
FEDERALBNK,20200925,46.3,47.95,45.35,47.7,32271635
FEL,20200925,11.45,12.25,11.15,12.25,4251669
FELDVR,20200925,13.75,14.25,12.95,14.2,170759
FIEMIND,20200925,555,594.45,554.6,574.6,51099
FILATEX,20200925,25.2,25.9,25,25.55,91950
FINCABLES,20200925,275.9,279,272.05,277.35,49162
FINEORG,20200925,2530,2689.9,2520,2659.45,82238
FINPIPE,20200925,490.5,502.2,490,496.7,25846
FLEXITUFF,20200925,11.4,11.8,10.85,11.7,2706
FLFL,20200925,82.15,89.75,81.25,88.35,3266821
FLUOROCHEM,20200925,495,507,495,500.35,32025
FMGOETZE,20200925,355.95,356,340.1,344.15,5529
FMNL,20200925,18.15,19.6,18,18,854498
FORCEMOT,20200925,1019,1060.6,1011.05,1050.5,34265
FORTIS,20200925,137.2,138.75,135.55,137.15,1049484
FOSECOIND,20200925,1223.85,1225,1201.4,1209.95,538
FRETAIL,20200925,80.8,86.5,78.35,86.5,8325576
FSC,20200925,96.25,104.7,94.8,104.6,677511
FSL,20200925,72.7,73.45,71.6,72.4,2903149
GABRIEL,20200925,103.65,106,101.2,105.5,154941
GAEL,20200925,204,221.7,203.5,217.35,256358
GAIL,20200925,83.7,85.6,83.1,85.2,13060455
GAL,20200925,3,3,3,3,892
GALAXYSURF,20200925,1800,1831,1789.7,1820.65,8403
GALLANTT,20200925,30.55,33.25,30.55,32.5,12706
GALLISPAT,20200925,27.3,27.95,27.1,27.3,4071
GAMMNINFRA,20200925,0.65,0.65,0.6,0.6,602475
GANDHITUBE,20200925,202,203.9,195.95,198.95,2233
GANECOS,20200925,258.5,263,255.05,256.5,30085
GANESHHOUC,20200925,26.35,27.55,25.25,27.35,15002
GANGESSECU,20200925,38.65,39.4,38.65,39.25,3052
GARDENSILK,20200925,10.45,10.65,9.75,10.3,30518
GARFIBRES,20200925,1855.3,2029.95,1855.3,1987.55,73717
GATI,20200925,46.2,48.5,46.2,47.95,278913
GAYAHWS,20200925,0.4,0.4,0.35,0.4,70016
GAYAPROJ,20200925,17.95,18,17.25,17.45,280532
GDL,20200925,88.8,89.55,86,87.5,59072
GEECEE,20200925,67.35,67.35,63.3,64.85,2730
GEEKAYWIRE,20200925,86,86.5,86,86.5,7000
GENESYS,20200925,57,61.3,57,61.1,54310
GENUSPAPER,20200925,4.9,5,4.85,4.95,56069
GENUSPOWER,20200925,26.75,27,25.85,26.2,98883
GEOJITFSL,20200925,39.9,40.35,39,39.15,239698
GEPIL,20200925,425.1,445,418.75,423.35,33591
GESHIP,20200925,242.55,245.7,238,242.45,60080
GET&D,20200925,82,85.45,80.15,84.15,86480
GFLLIMITED,20200925,79.5,85,75.75,80.6,31420
GFSTEELS,20200925,2.65,2.8,2.65,2.65,525
GHCL,20200925,157.1,160,157.1,158.9,76369
GICHSGFIN,20200925,89.9,94.65,88.8,93.45,440613
GICRE,20200925,121.55,124.9,121.05,123.95,156093
GILLANDERS,20200925,27.4,27.5,25.6,27.45,1761
GILLETTE,20200925,5411,5500,5366,5393.65,4208
GINNIFILA,20200925,10.7,11.45,10.7,11.1,19484
GIPCL,20200925,68.1,70.5,68.1,70.25,53765
GKWLIMITED,20200925,487,505.05,469.75,495,17
GLAXO,20200925,1550.1,1573.2,1540,1543.6,57963
GLENMARK,20200925,459.2,485,458.05,482.55,2923805
GLFL,20200925,2.8,2.8,2.8,2.8,5199
GLOBALVECT,20200925,49.95,52.95,48.5,50.4,10539
GLOBOFFS,20200925,5.7,6,5.7,6,2634
GLOBUSSPR,20200925,295,299,276.8,290.3,286277
GMBREW,20200925,373.05,385,373.05,380.4,12414
GMDCLTD,20200925,41.5,42.65,41,42.45,532798
GMMPFAUDLR,20200925,3803.6,3803.6,3803.6,3803.6,29179
GMRINFRA,20200925,21.7,24.15,21.5,23.5,51369123
GNA,20200925,214.15,221,212.5,217.75,42219
GNFC,20200925,208,212.85,204.65,209.1,935322
GOACARBON,20200925,191.9,206.75,189.6,199.3,34022
GOCLCORP,20200925,182.4,192.75,181.3,184.4,8240
GODFRYPHLP,20200925,922.05,953,907,917.9,109586
GODREJAGRO,20200925,494.95,501,490,497.3,57711
GODREJCP,20200925,700,715,697.1,702.1,2234736
GODREJIND,20200925,401,409.65,400,401.05,50153
GODREJPROP,20200925,853.9,869,850,854.45,257886
GOKEX,20200925,56.55,59.55,56.3,57.45,67054
GOKUL,20200925,15,15.2,14,14.2,38547
GOKULAGRO,20200925,13.8,14.3,13.5,14,14659
GOLDBEES,20200925,43.89,43.99,43.5,43.62,5215912
GOLDENTOBC,20200925,21.25,21.75,20.2,20.75,18389
GOLDIAM,20200925,120.7,129,120.7,127.9,45075
GOLDSHARE,20200925,4517,4550,4517,4537.3,1031
GOLDTECH,20200925,9,9,8.35,8.75,16799
GOODLUCK,20200925,37.85,38.6,37.3,38.4,15812
GPIL,20200925,273,282.1,268.5,282.1,42338
GPPL,20200925,81.5,84.9,81.05,84.1,158128
GPTINFRA,20200925,26,28.2,26,27.85,17052
GRANULES,20200925,395,395,370.05,375.95,7822294
GRAPHITE,20200925,175,186,170.4,183.35,1139046
GRASIM,20200925,683,712.2,683,708.15,2258203
GRAVITA,20200925,47.45,48.75,47.45,48.2,43503
GREAVESCOT,20200925,71,73.4,70.7,72.5,374597
GREENLAM,20200925,710.25,729.8,706.85,717.35,3629
GREENPANEL,20200925,45.95,46.45,44.6,45.1,44268
GREENPLY,20200925,83.2,86.25,83.2,84.9,82411
GREENPOWER,20200925,1.7,1.75,1.65,1.75,864185
GRINDWELL,20200925,524.55,535.05,520.05,525.45,14070
GROBTEA,20200925,474.5,498.75,456,498.75,123
GRPLTD,20200925,694.95,720.7,688.6,712.3,194
GRSE,20200925,172,174.95,172,173.3,92693
GSCLCEMENT,20200925,26.35,27.15,26.3,26.85,25862
GSFC,20200925,55.95,60.9,55.25,59.7,1055241
GSPL,20200925,195.6,199.3,193.6,194.95,755949
GSS,20200925,28.3,29.35,28.3,29.1,69392
GTL,20200925,2.85,2.85,2.75,2.85,111014
GTLINFRA,20200925,0.65,0.7,0.65,0.65,2284849
GTNIND,20200925,7.1,7.8,7.1,7.7,2682
GTNTEX,20200925,5,5,5,5,102
GTPL,20200925,86,87.7,85.4,86.55,30041
GUFICBIO,20200925,77.95,81.5,77.95,80.8,77533
GUJALKALI,20200925,328.7,331.05,322.85,327.85,64966
GUJAPOLLO,20200925,215.95,216,201.65,204.2,7044
GUJGASLTD,20200925,300,305.75,296,297.45,375100
GUJRAFFIA,20200925,12.25,12.25,12.25,12.25,643
GULFOILLUB,20200925,624.85,643.45,624.85,638,5653
GULFPETRO,20200925,38.8,39.5,35.6,37.55,17854
GULPOLY,20200925,50.45,52.9,50.35,52.9,13431
GVKPIL,20200925,2.9,3,2.85,3,6332558
HAL,20200925,784,796,762.2,767.7,720704
HAPPSTMNDS,20200925,342.9,386,340.2,363.4,15144259
HARITASEAT,20200925,394.95,418.35,394.65,410.85,1324
HARRMALAYA,20200925,85.1,86.5,84.45,86.05,28126
HATHWAY,20200925,28.4,29.8,28,29.7,173933
HATSUN,20200925,740.95,759.5,740.95,755.5,12065
HAVELLS,20200925,667.1,669.9,650.7,659.05,1729883
HAVISHA,20200925,0.65,0.65,0.6,0.65,32515
HBANKETF,20200925,206.41,209.95,205.15,208.93,6442
HBLPOWER,20200925,15.4,16.9,15.35,16.25,255972
HBSL,20200925,5.55,5.55,5.55,5.55,30
HCC,20200925,5.3,5.5,5.3,5.4,1539559
HCG,20200925,118.9,120.75,116.25,118,19160
HCL-INSYS,20200925,7.25,7.6,7.05,7.6,104696
HCLTECH,20200925,795.25,836,792.6,827.7,19813372
HDFC,20200925,1651.95,1657.8,1628.1,1652,4046773
HDFCAMC,20200925,2125,2131,2070.05,2110.75,373819
HDFCBANK,20200925,1050,1051.95,1025.65,1044,10160775
HDFCLIFE,20200925,577.3,580.5,571.25,577.5,2059556
HDFCMFGETF,20200925,4589,4589,4472.35,4500.1,12690
HDFCNIFETF,20200925,1147.35,1166,1143.01,1159.07,1160
HDFCSENETF,20200925,3775,3999,3577,3989,269
HEG,20200925,752,777.65,745.1,766.15,770970
HEIDELBERG,20200925,175.3,178.95,175.1,177.7,165481
HERCULES,20200925,90,91.65,89.4,90.4,77171
HERITGFOOD,20200925,319.95,324.05,315,319.65,21510
HEROMOTOCO,20200925,2934.55,3015.15,2925.1,3002,1263899
HESTERBIO,20200925,1752,1799.5,1735.25,1743.45,7998
HEXATRADEX,20200925,29.85,29.85,27.3,28.55,2941
HEXAWARE,20200925,467,468.45,463.7,467.2,1310969
HFCL,20200925,14.6,14.95,14.6,14.85,3349729
HGINFRA,20200925,185,194.8,185,187.35,24067
HGS,20200925,694.5,712,694.5,702.15,9055
HIKAL,20200925,174.1,178.25,171.7,174.1,900186
HIL,20200925,1587.75,1640.9,1587.75,1602.4,11756
HILTON,20200925,9.65,9.9,9.5,9.75,7151
HIMATSEIDE,20200925,77.8,81.5,77.7,81,161602
HINDALCO,20200925,161.95,164.85,157.65,162.05,20236970
HINDCOMPOS,20200925,187.6,205.8,176.5,182.7,7527
HINDCOPPER,20200925,33,34.1,33,33.85,519899
HINDMOTORS,20200925,4.95,5.1,4.9,5.1,75865
HINDNATGLS,20200925,27.7,27.7,26.2,26.35,3708
HINDOILEXP,20200925,69.5,72.5,68.1,71.7,284304
HINDPETRO,20200925,173.75,179.7,172.3,178.6,6936938
HINDUNILVR,20200925,2082,2111,2070.85,2079.05,2528928
HINDZINC,20200925,206.8,210.85,205.65,209.15,659447
HIRECT,20200925,119.9,123.15,118.3,122.1,8944
HISARMETAL,20200925,80.95,83.95,77.1,78.05,10380
HITECH,20200925,110.7,110.7,101.1,106.95,4809
HITECHCORP,20200925,83.5,90,83.5,89,1431
HITECHGEAR,20200925,124.05,125,123.5,124.4,310
HLVLTD,20200925,4.7,4.9,4.65,4.7,69340
HMVL,20200925,47.05,47.9,46.1,47,11710
HNDFDS,20200925,872.75,882.45,841.55,882.45,8596
HNGSNGBEES,20200925,327.97,327.97,325,326.99,119
HONAUT,20200925,32699,32899.5,32050,32380.65,1425
HONDAPOWER,20200925,996.7,1019.15,996.7,1015.75,11718
HOTELRUGBY,20200925,1.5,1.5,1.5,1.5,193
HOVS,20200925,36.05,37.3,35.15,37.25,4267
HPL,20200925,32.1,32.4,31.85,32.2,31713
HSCL,20200925,49.05,51.5,48.45,50.8,930167
HSIL,20200925,80.15,83.5,80.15,82.45,748109
HTMEDIA,20200925,14.1,14.1,13.6,13.95,6721
HUBTOWN,20200925,10,10.25,9.5,9.6,43135
HUDCO,20200925,31.1,32.9,30.7,32.2,1251808
IBMFNIFTY,20200925,122,123,116,123,282
IBREALEST,20200925,49.25,53,48.5,52.45,2123090
IBULHSGFIN,20200925,140.6,146.9,127.75,145.25,60821038
IBULISL,20200925,39.6,40,37.8,38.6,183831
IBVENTURES,20200925,218.1,227.8,216.3,225.45,3178701
ICICI500,20200925,149.9,150.2,147,150.07,769
ICICIALPLV,20200925,118.3,119.5,117.45,119.45,702
ICICIB22,20200925,23.54,24.12,23.46,24.03,185744
ICICIBANK,20200925,339.05,350.5,336.6,348.65,23231692
ICICIBANKN,20200925,214.15,214.15,203.24,208.81,6364
ICICIBANKP,20200925,111.02,114.44,111.02,113.99,24302
ICICIGI,20200925,1260,1278,1235.6,1270.05,482477
ICICIGOLD,20200925,44.36,45.89,44.36,44.51,1687286
ICICILIQ,20200925,999.95,1000.01,999.55,999.99,6595
ICICILOVOL,20200925,96.7,96.7,92,94.94,3626
ICICIM150,20200925,62.6,63.5,62.5,63.47,3260
ICICIMCAP,20200925,62.5,63.15,61.47,62.88,9242
ICICINF100,20200925,119.5,120.5,118.6,119.75,1202
ICICINIFTY,20200925,140,140,111,117.12,48080
ICICINV20,20200925,56.75,58,56.45,57.65,4497
ICICINXT50,20200925,25.7,27.18,25.7,26.84,22389
ICICIPRULI,20200925,417,417.45,397.55,414.85,3499493
ICICISENSX,20200925,402,402.01,395,401.09,889
ICICITECH,20200925,224.99,224.99,192,196.1,2602
ICIL,20200925,87.1,96.2,87.1,95.6,189074
ICRA,20200925,2819.9,2819.9,2785,2800.55,1896
IDBI,20200925,33.15,34.2,32.85,33.95,810023
IDBIGOLD,20200925,4550.8,4587,4522.05,4526.05,444
IDEA,20200925,9.35,10.45,9,10.3,506323465
IDFC,20200925,29.6,32.4,29.5,31.4,6976202
IDFCFIRSTB,20200925,27.35,29.5,27.15,29.35,46588629
IDFNIFTYET,20200925,114.89,116.24,113.1,113.1,38
IEX,20200925,193.75,194.35,188.55,190.2,1044903
IFBAGRO,20200925,327,332,315.55,327.45,12297
IFBIND,20200925,552,633.7,552,616.55,334539
IFCI,20200925,5.8,6.1,5.8,6,2158517
IFGLEXPOR,20200925,144.95,155,144.95,152.4,2792
IGARASHI,20200925,270,280.3,264.35,277.1,66602
IGL,20200925,399.4,407.35,397.85,403.25,2324011
IGPL,20200925,296,308,280,288.25,102471
IIFL,20200925,77.1,80.8,77.1,79.6,481608
IIFLSEC,20200925,39.1,39.5,38.15,38.3,480701
IIFLWAM,20200925,972.5,976.15,960,968.55,26301
IITL,20200925,55,55,50.45,54.35,245
IMAGICAA,20200925,3.95,4,3.8,3.85,67033
IMFA,20200925,222.1,230,222.1,228.25,7182
IMPAL,20200925,552.95,552.95,540.25,544.05,1059
INDBANK,20200925,9.95,10,9.3,9.9,108532
INDHOTEL,20200925,90.9,94.65,89.3,91.65,2495682
INDIACEM,20200925,117.4,118.6,115.35,116.9,934091
INDIAGLYCO,20200925,274,280.85,274,276.8,69818
INDIAMART,20200925,4911.7,5299.45,4857.7,5253.95,279378
INDIANB,20200925,53.2,56.75,53.1,55.1,1825563
INDIANCARD,20200925,99.9,99.9,95.3,96.05,798
INDIANHUME,20200925,163.1,168.95,163.1,167.15,29503
INDIGO,20200925,1217.95,1251,1196.55,1241.7,1339126
INDLMETER,20200925,14.85,14.95,14.85,14.85,1000
INDNIPPON,20200925,349,354,329,342.85,29480
INDOCO,20200925,260,264.45,254,261.7,49300
INDORAMA,20200925,22.45,23.1,21.75,23.1,20155
INDOSTAR,20200925,265,283,263.85,277,21236
INDOTECH,20200925,86.35,99.35,86.35,96.95,48948
INDOTHAI,20200925,16.05,17.1,16,16.25,3041
INDOWIND,20200925,2.8,2.95,2.75,2.8,25598
INDRAMEDCO,20200925,47.3,52.8,47.3,52.4,1750873
INDSWFTLAB,20200925,43.95,45.05,43.95,45.05,54180
INDSWFTLTD,20200925,3.6,3.6,3.6,3.6,2571
INDTERRAIN,20200925,29.25,30.5,28.2,29.95,95281
INDUSINDBK,20200925,499.9,521.3,491.2,514.85,19311514
INEOSSTYRO,20200925,502.1,506.95,499.9,503.7,21315
INFIBEAM,20200925,72,73.7,72,73.2,563168
INFOBEAN,20200925,153.95,154.8,151,154.8,49471
INFOMEDIA,20200925,2.65,2.85,2.65,2.85,5700
INFRABEES,20200925,324.88,324.88,306.13,317.41,6035
INFRATEL,20200925,175.55,184.8,171,182.8,23941102
INFY,20200925,975.8,1014.9,975,1011.45,13311079
INGERRAND,20200925,590.15,599.35,585.85,591.45,10996
INOXLEISUR,20200925,251.05,258,251.05,254.65,468331
INOXWIND,20200925,37,39.15,37,38.65,175498
INSECTICID,20200925,475.65,491.7,475.5,490,32154
INSPIRISYS,20200925,28.05,29.45,28.05,29.35,316
INTELLECT,20200925,204.7,206.5,201,205.2,117526
INTENTECH,20200925,28,29.4,28,29.4,11731
INVENTURE,20200925,17,17.45,16.95,17,43390
IOB,20200925,8.95,9.6,8.95,9.4,2230483
IOC,20200925,72.35,74.4,71.85,74.1,24753598
IOLCP,20200925,735,752,725,746.9,609138
IPCALAB,20200925,2081.3,2129,2046.05,2067.25,281298
IRB,20200925,104,110.7,104,108.45,1373163
IRCON,20200925,79.9,80.5,77.6,78.95,697422
IRCTC,20200925,1360,1360,1340,1352.05,222705
ISEC,20200925,467,467,453.55,457,302222
ISFT,20200925,81,81.5,75,78.15,13609
ISMTLTD,20200925,10.95,10.95,10.95,10.95,12122
ITC,20200925,168.9,171.2,167,170.75,26627778
ITDC,20200925,230,230.5,225,228.4,20525
ITDCEM,20200925,50,50,48,49.35,1337640
ITI,20200925,118.9,121.6,117.3,120.8,881509
IVC,20200925,3.85,3.9,3.7,3.8,32086
IVP,20200925,41,42.8,41,42.5,454
IVZINGOLD,20200925,4555,4570,4501,4563.65,29
IZMO,20200925,32.5,32.8,31.1,32.5,11732
J&KBANK,20200925,14.95,15.25,14.25,14.75,2153772
JAGRAN,20200925,37.25,37.9,36.4,37.25,332425
JAGSNPHARM,20200925,36.5,38.3,36.5,37.75,20344
JAIBALAJI,20200925,16.9,17.45,16.55,17.3,1002
JAICORPLTD,20200925,79.55,82,79.25,81.5,761668
JAMNAAUTO,20200925,45.3,46.4,44.6,44.95,1526946
JASH,20200925,175.05,182.55,175,180.7,5971
JAYAGROGN,20200925,88,95.45,88,92.75,3221
JAYBARMARU,20200925,196.7,208.5,194,206,16546
JAYNECOIND,20200925,3,3.1,2.9,3.1,22115
JAYSREETEA,20200925,56.45,58.5,55.8,58,67167
JBCHEPHARM,20200925,940,967.5,932,957.75,362029
JBFIND,20200925,7.95,8.1,7.4,7.9,82530
JBMA,20200925,206.85,219.95,206.85,216.8,35263
JCHAC,20200925,2165,2228.6,2154.9,2213.8,11461
JHS,20200925,18.15,19.65,18.15,19.65,12939
JINDALPHOT,20200925,12,13,11.6,12.55,1212
JINDALPOLY,20200925,428.5,447,428,443.1,24881
JINDALSAW,20200925,63.55,64.15,62.2,63.2,710444
JINDALSTEL,20200925,167.9,179.7,166.45,175.85,19509341
JINDRILL,20200925,68.5,70,67.25,69.2,6223
JINDWORLD,20200925,48.5,48.95,47.1,47.85,9465
JISLDVREQS,20200925,10.75,10.75,10.25,10.75,14012
JISLJALEQS,20200925,13.05,13.8,12.9,13.8,3164101
JITFINFRA,20200925,6.3,6.8,6.3,6.8,75
JIYAECO,20200925,8.2,8.9,8.1,8.75,131267
JKCEMENT,20200925,1490,1508.9,1460.45,1500.1,79810
JKIL,20200925,99.75,104.4,99.7,104,127214
JKLAKSHMI,20200925,250,252.6,243.9,247.4,221093
JKPAPER,20200925,89.75,94.35,89,91.7,1017354
JKTYRE,20200925,56.45,57.6,54.6,56.9,408071
JMA,20200925,26.95,26.95,24.6,25.6,5732
JMCPROJECT,20200925,49.25,53,49.25,51.05,77665
JMFINANCIL,20200925,76.7,77.9,76.2,76.95,359627
JMTAUTOLTD,20200925,2.7,2.8,2.6,2.75,125031
JOCIL,20200925,173.75,174.85,168.05,173.15,3027
JPASSOCIAT,20200925,2.75,2.9,2.7,2.9,6730813
JPINFRATEC,20200925,1.2,1.2,1.15,1.2,523140
JPOLYINVST,20200925,13.35,13.9,13.35,13.9,461
JPPOWER,20200925,2.1,2.2,2.05,2.2,5002645
JSL,20200925,41.2,47.1,39.75,42.7,191064
JSLHISAR,20200925,77.8,81.5,77.2,78.05,644587
JSWENERGY,20200925,56.6,58.85,55.2,57.95,1069482
JSWHL,20200925,2367,2367,2266.15,2295,368
JSWSTEEL,20200925,261.1,270.45,258.8,268.35,6842615
JTEKTINDIA,20200925,74.95,76,74.5,75.3,69581
JUBILANT,20200925,712.8,725,705,719.15,293721
JUBLFOOD,20200925,2292,2328,2268,2314.2,576243
JUBLINDS,20200925,132.05,132.55,125.1,128.45,8984
JUMPNET,20200925,96,96.05,95.05,95.5,534354
JUNIORBEES,20200925,290.94,290.94,254.8,276.97,45207
JUSTDIAL,20200925,340.15,375.85,332.3,371.05,2595650
JYOTHYLAB,20200925,139.8,143.9,139.8,143.1,220985
KABRAEXTRU,20200925,59.65,65.4,59.65,63,17645
KAJARIACER,20200925,499.25,508.95,490.1,500,145588
KAKATCEM,20200925,141.2,145,140.1,144.25,2683
KALPATPOWR,20200925,237.45,241.55,232.55,239.9,367096
KALYANIFRG,20200925,135.5,141.95,135,135,1364
KAMATHOTEL,20200925,27.5,28.45,27.15,28.3,14658
KAMDHENU,20200925,69.75,70.2,68.5,69.4,3884
KANANIIND,20200925,3,3,2.8,3,1271
KANORICHEM,20200925,38.2,38.75,37.4,38.15,36646
KANSAINER,20200925,480.35,485.05,473,475.7,116204
KAPSTON,20200925,116.2,127.75,116.2,121.2,20294
KARDA,20200925,106.8,106.8,101.25,103.1,30243
KARMAENG,20200925,9.6,9.6,8.95,9.45,166
KARURVYSYA,20200925,31.7,32.7,31.7,32.15,1041407
KAUSHALYA,20200925,1.9,1.9,1.9,1.9,7052
KAYA,20200925,206,213.15,198,210.4,16844
KCP,20200925,58.1,59.45,57.05,58.7,82088
KCPSUGIND,20200925,14,14.5,13.75,14.4,114621
KDDL,20200925,157,159.85,151.3,152.25,7727
KEC,20200925,316,323,305.4,318.05,511032
KECL,20200925,10.1,10.45,9.85,10.1,33823
KEI,20200925,343.5,352.5,343.5,347.25,134654
KELLTONTEC,20200925,41.1,41.1,41.1,41.1,554118
KENNAMET,20200925,750,750,716,735.3,6404
KERNEX,20200925,17.9,18.5,17.8,18.5,5224
KESORAMIND,20200925,37.85,43,37.7,40,1088788
KEYFINSERV,20200925,37.1,37.1,34.25,37.1,2709
KHADIM,20200925,99.55,103.8,99.55,102.5,36754
KHANDSE,20200925,9.35,9.65,8.9,9,3525
KICL,20200925,1420.05,1420.05,1312,1334,325
KILITCH,20200925,83.5,83.5,80,82.35,4335
KINGFA,20200925,476.05,510,466.1,499.65,16074
KIOCL,20200925,112.6,118,112.6,116.2,11642
KIRIINDUS,20200925,526,527.75,510.15,515.25,68073
KIRLFER,20200925,84.45,86.55,83.45,85.65,31202
KIRLOSBROS,20200925,106,111.5,105,108.8,44887
KIRLOSENG,20200925,106.3,108.5,106,107.35,22500
KIRLOSIND,20200925,606.3,617,595,603.3,1102
KITEX,20200925,102.2,102.8,99,101.15,62842
KKCL,20200925,763.05,768.7,750.1,755.15,486
KMSUGAR,20200925,9.7,10.05,9.4,10,104937
KNRCON,20200925,247,252.3,241.3,249.3,62494
KOKUYOCMLN,20200925,56.8,58.7,56.1,57.45,113320
KOLTEPATIL,20200925,155.85,159.5,154.25,157.7,25990
KOPRAN,20200925,81.85,83.55,79.5,83.55,218890
KOTAKBANK,20200925,1255.05,1258.4,1230.6,1253.05,3640049
KOTAKBKETF,20200925,208.16,212.58,206.8,212.13,48177
KOTAKGOLD,20200925,439.65,442.5,437.8,440.1,42470
KOTAKNIFTY,20200925,114,115.15,112.94,115.01,36156
KOTAKNV20,20200925,58,58.65,57,58.56,1940
KOTAKPSUBK,20200925,124,125,120,124.88,14367
KOTARISUG,20200925,14.95,15.4,14.6,14.85,14846
KOTHARIPET,20200925,15.7,16.2,15.7,15.95,10347
KOTHARIPRO,20200925,59.35,59.35,57.55,58.8,6939
KPITTECH,20200925,113,115.15,110.15,111.35,879173
KPRMILL,20200925,596.75,615,587.1,611.85,106396
KRBL,20200925,255.6,288,253.25,284.9,512273
KREBSBIO,20200925,87.25,88,84.95,86.95,1290
KRIDHANINF,20200925,2.9,2.9,2.7,2.75,59751
KRISHANA,20200925,57.75,57.75,57.75,57.75,15
KSB,20200925,461.6,472.6,451.95,459.45,55443
KSCL,20200925,523,533.95,517.05,528.05,168324
KSERASERA,20200925,0.2,0.25,0.2,0.25,1479807
KSK,20200925,0.45,0.45,0.4,0.45,515823
KSL,20200925,198,204.8,197.9,203.45,33429
KTKBANK,20200925,40.05,40.85,39.6,40.65,1050696
KUANTUM,20200925,40,40.5,38.5,39.35,16214
KWALITY,20200925,2.5,2.5,2.5,2.5,271422
L&TFH,20200925,56.85,58.65,55.6,58.3,11415668
LAKSHVILAS,20200925,19.2,19.65,19,19.2,611154
LALPATHLAB,20200925,1800.05,1840.55,1760,1828.8,105640
LAMBODHARA,20200925,27.3,29,27.2,28.6,4071
LAOPALA,20200925,203.9,209.85,200,204.35,360242
LASA,20200925,68.65,69,64.95,67.2,75553
LAURUSLABS,20200925,1320,1358.95,1278.1,1328.05,1638003
LAXMIMACH,20200925,3550,3556.95,3478.35,3510.05,4864
LEMONTREE,20200925,27.8,27.8,26,27.15,890570
LFIC,20200925,57.6,57.6,53.25,56.55,7319
LGBBROSLTD,20200925,229.9,234.95,219.2,220.3,126310
LGBFORGE,20200925,2.7,2.7,2.55,2.55,12044
LIBAS,20200925,30.5,31,28.3,30.45,7174
LIBERTSHOE,20200925,135,137.55,134.5,136.75,66714
LICHSGFIN,20200925,263.15,272.25,260.85,270.5,3283255
LICNETFGSC,20200925,21.26,21.31,20.92,21.08,653
LICNETFN50,20200925,117.5,117.5,113.01,116.52,141
LICNETFSEN,20200925,413,414.89,388.71,403.97,99
LICNFNHGP,20200925,113.98,115.75,113,113.27,40
LINCOLN,20200925,242.4,256.3,242.4,253.35,157835
LINCPEN,20200925,162.95,162.95,156.55,157.55,2364
LINDEINDIA,20200925,741,747,720,724.65,58465
LIQUIDBEES,20200925,998.8,1000.8,998.3,1000,1121898
LIQUIDETF,20200925,1000,1000.01,999.99,1000,9285
LOKESHMACH,20200925,20.15,20.3,19.45,20.1,25467
LOTUSEYE,20200925,29,29.95,28.65,29.6,3086
LOVABLE,20200925,53.2,54.9,52.25,53.8,12189
LPDC,20200925,2.1,2.1,2.1,2.1,10675
LSIL,20200925,0.7,0.7,0.65,0.65,659092
LT,20200925,860.1,895.4,852,889.25,4961986
LTI,20200925,2389,2494.9,2370,2473.7,270255
LTTS,20200925,1600,1615,1561,1591.2,314574
LUMAXIND,20200925,1290,1355,1254,1327.8,6296
LUMAXTECH,20200925,89.15,94.25,89.15,94,7952
LUPIN,20200925,987,1022.85,978,998.9,3803273
LUXIND,20200925,1369.9,1429,1345,1405.25,74713
LYKALABS,20200925,17.9,18.7,17.55,18.4,23262
LYPSAGEMS,20200925,2.9,3.1,2.85,2.95,9039
M&M,20200925,583.9,595.45,576.6,592.3,5415792
M&MFIN,20200925,117,121,114.8,120.25,12206719
M100,20200925,17.9,17.9,17.05,17.54,46824
M50,20200925,107.9,109.4,106.5,108.67,1423
MAANALU,20200925,59.45,64.9,58.95,62.95,23166
MACPOWER,20200925,75.1,77.8,70.75,73.3,16690
MADHAV,20200925,24.65,26.2,24.65,26.15,1139
MADHUCON,20200925,2.8,3,2.8,2.8,7900
MADRASFERT,20200925,16.55,16.9,16.05,16.8,36659
MAGADSUGAR,20200925,115,115.7,110.5,113.85,10131
MAGMA,20200925,32.6,34.25,32.6,33.75,215719
MAGNUM,20200925,4.5,4.5,4.1,4.45,28009
MAHABANK,20200925,10.85,11.4,10.8,11.3,1465622
MAHAPEXLTD,20200925,52.2,52.2,47.4,47.7,1207
MAHASTEEL,20200925,103.4,107,99,104.9,4879
MAHEPC,20200925,149.65,153.4,148.55,151.9,38451
MAHESHWARI,20200925,169.4,172,163,169.2,25959
MAHINDCIE,20200925,130.7,135,130.05,133.7,87612
MAHLIFE,20200925,221.1,228,220.55,225.9,41162
MAHLOG,20200925,316.15,320,312,316.95,89177
MAHSCOOTER,20200925,2810.75,2880,2767.05,2871.85,4077
MAHSEAMLES,20200925,216.25,223,216.25,221,16890
MAITHANALL,20200925,495,521.4,484.1,515.9,39041
MAJESCO,20200925,838.9,839.4,814.6,836.4,105528
MALUPAPER,20200925,25.35,25.4,24.15,24.75,14227
MAN50ETF,20200925,110.3,112.8,110.3,112.8,2712
MANAKALUCO,20200925,7.7,8.1,7.7,7.8,9960
MANAKCOAT,20200925,3.9,4,3.9,4,1288
MANAKSIA,20200925,39,39.9,38.55,39.5,195502
MANAKSTEEL,20200925,10.4,10.4,10.4,10.4,21575
MANALIPETC,20200925,27.3,30.7,27.25,30.2,4826388
MANAPPURAM,20200925,144.75,153.6,142,153.05,10625865
MANGALAM,20200925,132.6,137.7,132.6,135.3,50558
MANGCHEFER,20200925,28.7,29.85,28,29.7,95220
MANGLMCEM,20200925,173.95,175.95,171.75,174.65,36966
MANGTIMBER,20200925,6.5,6.8,6.2,6.7,4978
MANINDS,20200925,59.1,61.9,59.1,60.9,92295
MANINFRA,20200925,24.5,25.35,24.2,25.05,162394
MANUGRAPH,20200925,9.05,9.35,9,9.35,1879
MANXT50,20200925,261,264.7,261,264.5,687
MARALOVER,20200925,12.1,12.65,11.35,11.75,6958
MARATHON,20200925,50.1,51.9,49.1,50.8,2559
MARICO,20200925,345,361.95,343.1,353.5,7055901
MARKSANS,20200925,45.85,47.5,45.85,47.5,851440
MARUTI,20200925,6395,6518.55,6331,6497.7,1316469
MASFIN,20200925,786,827.95,780,787.35,31943
MASTEK,20200925,848,873.95,845,861.9,164688
MATRIMONY,20200925,565.6,575.15,561.8,571.15,6958
MAWANASUG,20200925,24.6,25.05,23,23.5,80683
MAXHEALTH,20200925,110.1,112,109.25,109.9,473902
MAXIND,20200925,58.05,59.35,57.85,58.25,456104
MAXVIL,20200925,35.25,38.4,35.25,37.35,37668
MAYURUNIQ,20200925,249.15,255.7,245.25,253.1,30852
MAZDA,20200925,466,534.5,466,506.05,51906
MBAPL,20200925,61.2,62.5,58.15,61,707
MBECL,20200925,5.2,5.25,5.2,5.25,20267
MBLINFRA,20200925,6.55,7,6.55,7,31508
MCDHOLDING,20200925,25.7,25.95,24.2,25.4,11371
MCDOWELL-N,20200925,501.9,515.55,496.55,511.55,1640258
MCL,20200925,64.05,70,64.05,67.5,3451
MCLEODRUSS,20200925,14.75,16.2,14.75,16.2,334271
MCX,20200925,1632,1675.35,1612.55,1636.75,290558
MEGASOFT,20200925,7.5,7.6,7.1,7.4,16139
MEGH,20200925,76.95,78.9,76.25,77.55,1344315
MENONBE,20200925,37.85,40.45,37.85,40,19584
MEP,20200925,13.7,13.75,12.6,13.1,365052
MERCATOR,20200925,0.9,0.95,0.85,0.95,486023
METALFORGE,20200925,4.75,4.95,4.6,4.95,4886
METROPOLIS,20200925,1796.8,1796.8,1700,1752.6,500878
MFSL,20200925,586.3,601.7,571.7,594.25,748956
MGL,20200925,821.5,836.25,812.2,821.3,1051885
MHRIL,20200925,163.55,191.15,163,170.75,110607
MIC,20200925,0.6,0.65,0.55,0.6,68194
MIDHANI,20200925,190,194.9,189.2,193.75,283579
MINDACORP,20200925,69.1,70.9,68.2,70.6,182791
MINDAIND,20200925,322.9,324.7,317.3,319.6,87124
MINDTECK,20200925,28.95,29.65,27.7,28.45,6870
MINDTREE,20200925,1268,1289,1224,1268.9,1178491
MIRCELECTR,20200925,8.05,8.2,7.85,8.15,241555
MIRZAINT,20200925,48,49.5,47.6,49.1,127354
MITTAL,20200925,21.9,22.95,20.85,22.45,25047
MMFL,20200925,315,350.95,314,344.45,52279
MMP,20200925,75.55,76.95,70.35,75.6,1843
MMTC,20200925,16.35,16.6,15.7,16.35,505599
MODIRUBBER,20200925,26.9,27.9,26.6,26.6,606
MOHITIND,20200925,3.25,3.4,3.25,3.4,150
MOHOTAIND,20200925,8.15,8.25,7.9,7.9,5031
MOIL,20200925,139,140.6,137.1,139.2,112550
MOLDTECH,20200925,40,40.55,39.25,39.95,20304
MOLDTKPAC,20200925,273.8,278.55,270.55,272.1,27507
MONTECARLO,20200925,165.05,169.4,163,166.8,9621
MORARJEE,20200925,8.5,8.5,8.2,8.45,1863
MOREPENLAB,20200925,22.65,23.45,22.35,23.2,774928
MOTHERSUMI,20200925,106,110.65,104.9,109.85,9459064
MOTILALOFS,20200925,622.2,635.55,610.4,631.1,35821
MOTOGENFIN,20200925,15.25,15.5,14.8,15.05,7556
MPHASIS,20200925,1288,1307.9,1252,1271.7,472939
MPSLTD,20200925,397.65,409.9,392.5,408.6,4442
MRF,20200925,55910,58000,55701.05,57461.45,12635
MRO-TEK,20200925,22.55,22.55,22.55,22.55,250
MRPL,20200925,26.7,27.3,26.7,27,849906
MSPL,20200925,6.75,6.75,6.15,6.2,1421
MSTCLTD,20200925,161.3,166.95,157,165.5,341775
MTEDUCARE,20200925,11.2,11.8,10.8,11.2,19837
MTNL,20200925,8.2,8.45,8.2,8.4,377508
MUKANDENGG,20200925,9.45,9.9,9,9.85,7097
MUKANDLTD,20200925,42.35,42.35,42.35,42.35,51828
MUKTAARTS,20200925,25.5,25.55,24.5,25,1866
MUNJALAU,20200925,52,54,51.55,53.75,189709
MUNJALSHOW,20200925,121,121.95,114.35,120.65,28739
MURUDCERA,20200925,14.7,15.4,14.2,15.1,37772
MUTHOOTCAP,20200925,363.25,382.75,363.25,379.75,13692
MUTHOOTFIN,20200925,1023,1095,1023,1087.55,3021117
N100,20200925,813,819.8,790.05,800.56,133621
NACLIND,20200925,36.15,38.7,36.05,38.4,50234
NAGAFERT,20200925,4.2,4.2,4.15,4.2,78190
NAGREEKEXP,20200925,12.7,13.5,12.45,13.4,2848
NAHARCAP,20200925,63.5,64.5,61,62.15,13118
NAHARINDUS,20200925,24.5,27.4,23.25,26.85,2880
NAHARPOLY,20200925,56.3,58.05,56.15,57.3,34508
NAHARSPING,20200925,35.7,36.75,35.2,36.1,6112
NAM-INDIA,20200925,257,260,249,254.75,768909
NATCOPHARM,20200925,869.9,905.5,851.25,886.7,746329
NATHBIOGEN,20200925,253.35,262.6,253.35,260.15,11948
NATIONALUM,20200925,30.5,31.95,30.15,31.8,12175008
NATNLSTEEL,20200925,2.95,2.95,2.95,2.95,1260
NAUKRI,20200925,3400,3492.4,3400,3450.15,458103
NAVINFLUOR,20200925,2012.05,2039.9,1990,2023.55,44097
NAVKARCORP,20200925,24.85,25.4,24.45,25,138400
NAVNETEDUL,20200925,76.8,77.3,75.45,76.85,71829
NBCC,20200925,23,24.7,23,24.5,6317968
NBIFIN,20200925,1590,1590,1370,1409.85,156
NBVENTURES,20200925,54.95,58,54.95,57.25,290998
NCC,20200925,30.4,34.5,29.8,33.9,20571454
NCLIND,20200925,102.9,108.4,101.2,107.3,581885
NDGL,20200925,592.05,614.95,580.2,588.85,50
NDL,20200925,21.15,21.15,19.5,20.4,9172
NDRAUTO,20200925,134.1,143.7,131.7,139.6,11608
NDTV,20200925,34.05,34.05,31.6,32.5,11613
NECCLTD,20200925,8.25,8.25,7.85,8.2,13954
NECLIFE,20200925,21.25,22.7,20.7,21.95,1736827
NELCAST,20200925,56.1,57.65,56,56.75,47267
NELCO,20200925,188.8,194,185.9,192.15,72962
NEOGEN,20200925,657.8,657.8,637.55,649.55,11214
NESCO,20200925,548.2,567.8,548.2,553.55,53508
NESTLEIND,20200925,15495,15830,15301,15736.8,178269
NETF,20200925,136,136,135,135,52
NETFCONSUM,20200925,53,54.8,51,53.44,1131
NETFDIVOPP,20200925,27.65,27.99,26.6,27.25,133
NETFIT,20200925,19.78,19.78,19.06,19.7,170585
NETFLTGILT,20200925,21.94,21.94,21.85,21.91,7781
NETFMID150,20200925,63,63.97,62.03,63.58,99118
NETFNIF100,20200925,119,120.9,116,118.4,54
NETFNV20,20200925,59,59.8,58.53,59.79,4667
NETWORK18,20200925,32,33.4,31.9,32.9,986850
NEULANDLAB,20200925,1020,1099,996.5,1073.8,122716
NEWGEN,20200925,218,226,213,222.9,77136
NEXTMEDIA,20200925,4.95,4.95,4.95,4.95,800
NFL,20200925,31.35,32.65,31.35,32.5,366418
NH,20200925,313.3,319.9,297.8,316.8,114325
NHPC,20200925,20.05,20.35,20,20.25,2111115
NIACL,20200925,101.9,104.45,101.75,103.85,109759
NIBL,20200925,6.1,6.3,6.1,6.2,4346
NIFTYBEES,20200925,116.85,118.11,115,117.87,1640526
NIFTYEES,20200925,14464,14464,14464,14464,1
NIITLTD,20200925,132,133,125.1,127.65,1196710
NILAINFRA,20200925,4.45,4.75,4.4,4.7,176800
NILASPACES,20200925,1.2,1.25,1.2,1.25,107618
NILKAMAL,20200925,1261,1265.8,1234.55,1249.5,11915
NIPPOBATRY,20200925,544.8,560,525.05,549.4,1059
NITCO,20200925,17.5,17.5,16.95,17.25,16003
NITINSPIN,20200925,37.95,40.1,37.6,39.15,34388
NKIND,20200925,20.6,21.45,19.65,21.45,264
NLCINDIA,20200925,49.05,49.75,49,49.15,398528
NMDC,20200925,76.8,79.7,75.9,79.3,7593089
NOCIL,20200925,128,130.6,127.9,128.85,753650
NOIDATOLL,20200925,3.3,3.45,3.3,3.45,75273
NORBTEAEXP,20200925,15.7,15.7,14.25,14.25,3056
NPBET,20200925,115.98,116.9,112.7,116.9,2185
NRAIL,20200925,182.6,193.95,182.6,190.85,9115
NRBBEARING,20200925,73.5,73.75,71.55,72.95,100573
NSIL,20200925,687.95,705,687,696.15,305
NTL,20200925,1.3,1.35,1.25,1.35,36325
NTPC,20200925,83.35,85.15,82.35,84.8,15999527
NUCLEUS,20200925,638,680,632.15,670.3,390956
NXTDIGITAL,20200925,622.4,658,595.2,644.95,7767
OAL,20200925,352,369.95,352,363.85,16313
OBEROIRLTY,20200925,403.95,410.65,396.3,402.75,199190
OCCL,20200925,737.05,764.95,732.25,758.35,2487
OFSS,20200925,3013.1,3013.1,2956.2,2987.95,63545
OIL,20200925,85.1,88,85,87.45,479175
OILCOUNTUB,20200925,3.8,4.05,3.8,3.95,3712
OISL,20200925,3,3,2.8,3,38975
OLECTRA,20200925,62.7,67.4,61.1,65.5,76899
OMAXAUTO,20200925,40,41.35,38.1,39.8,21358
OMAXE,20200925,66.5,67.7,63,66.9,110921
OMKARCHEM,20200925,7.3,7.85,7.2,7.8,44207
OMMETALS,20200925,16.15,16.15,15.5,16.15,12953
ONELIFECAP,20200925,5.8,6.1,5.8,6.1,469
ONEPOINT,20200925,11.35,11.7,10.8,11.35,4510
ONGC,20200925,68,69.25,66.15,68.9,20235948
ONMOBILE,20200925,44.95,45.65,44,44.75,179311
ONWARDTEC,20200925,63.95,64.35,62.35,63.2,9341
OPTIEMUS,20200925,44.2,48.8,44.2,48.8,52691
OPTOCIRCUI,20200925,4.8,5.15,4.75,5.15,1767315
ORBTEXP,20200925,55.05,57.85,54.4,56.75,11576
ORICONENT,20200925,17.25,17.9,17.15,17.6,90875
ORIENTABRA,20200925,19.85,20.8,19.85,20.65,44202
ORIENTALTL,20200925,9.1,9.55,8.8,9.4,24943
ORIENTBELL,20200925,95.5,98.1,94.5,96.75,12674
ORIENTCEM,20200925,60,64.4,59.4,63.7,422805
ORIENTELEC,20200925,185,191.95,174.4,177.75,739525
ORIENTHOT,20200925,20,20.7,19.35,20.35,21773
ORIENTLTD,20200925,80,80,76.6,76.6,25
ORIENTPPR,20200925,16.25,16.7,15.8,16.4,513105
ORIENTREF,20200925,185,189,184,186,26862
ORISSAMINE,20200925,1910,2020,1902.6,2001.35,8590
ORTINLABSS,20200925,18.2,19.1,18.2,18.95,11777
OSWALAGRO,20200925,9.3,9.75,9.3,9.55,46569
PAEL,20200925,1.95,1.95,1.9,1.9,735
PAGEIND,20200925,18950,19800,18900,19700.3,84635
PAISALO,20200925,437.75,437.75,410.15,419.1,9736
PALASHSECU,20200925,33.5,34.9,32.6,33,1837
PALREDTEC,20200925,25.25,25.25,24,24.05,1198
PANACEABIO,20200925,204.4,207,194,194.8,69647
PANACHE,20200925,54.2,55.35,51.4,54.45,9015
PANAMAPET,20200925,52.35,55.05,52.35,54.3,40264
PAPERPROD,20200925,284.9,294.35,282,291.95,136767
PARACABLES,20200925,6.9,7.1,6.85,7.05,75657
PARAGMILK,20200925,93.55,102,93.55,101,506251
PARSVNATH,20200925,2.35,2.45,2.25,2.4,17024
PATELENG,20200925,11.65,13.45,11.55,12.65,661900
PATINTLOG,20200925,22.5,22.95,21.65,22.65,7447
PATSPINLTD,20200925,4.5,4.5,4.45,4.45,1100
PCJEWELLER,20200925,13.75,14.5,13.5,14.15,853755
PDMJEPAPER,20200925,14.6,14.7,14.05,14.3,36792
PDSMFL,20200925,310.05,315,309.95,310.45,7526
PEARLPOLY,20200925,20.45,20.65,19.7,20.65,20537
PEL,20200925,1200,1253.85,1183.25,1246.35,1157602
PENIND,20200925,15.35,15.8,15.2,15.35,403932
PENINLAND,20200925,3.9,4.1,3.9,4,52838
PERSISTENT,20200925,1184,1230,1181,1219.65,135509
PETRONET,20200925,212,222,212,219.25,6118742
PFC,20200925,83.25,85.75,82.8,85.35,5100322
PFIZER,20200925,4905.05,4948.95,4867.05,4919.5,22065
PFOCUS,20200925,34.7,37.45,34.15,36.8,7473
PFS,20200925,17.2,17.9,17.2,17.85,471751
PGEL,20200925,72,75.05,72,75.05,17250
PGHH,20200925,9856.3,9970,9761,9896.3,7344
PGHL,20200925,4811,4950,4810,4885.45,13653
PGIL,20200925,142.95,145.3,141,141.1,384
PHILIPCARB,20200925,117.95,125,117.15,123.9,1135192
PHOENIXLTD,20200925,551.05,558.25,548,553.8,64313
PIDILITIND,20200925,1407.7,1421.5,1390,1413,434351
PIIND,20200925,1902.15,1925.6,1890,1914.35,320863
PILANIINVS,20200925,1550.05,1550.05,1517.15,1542.8,3380
PILITA,20200925,6.2,6.45,6.05,6.2,129011
PIONDIST,20200925,101.9,101.95,97.45,101.75,1674
PIONEEREMB,20200925,20.9,21.5,20.9,21.4,596
PITTIENG,20200925,30.3,32.25,30.1,30.95,283165
PKTEA,20200925,180,191.5,180,186.75,384
PLASTIBLEN,20200925,189,192.25,184.7,191.4,4366
PNB,20200925,28.25,29.25,27.65,29.05,31740097
PNBGILTS,20200925,39.7,40.45,39.35,40.05,132157
PNBHOUSING,20200925,320,333.3,320,328.65,437587
PNC,20200925,13.8,14.2,13.6,14.1,8576
PNCINFRA,20200925,158,158.85,154.1,155.8,107776
PODDARHOUS,20200925,165,165,157.4,159.95,489
PODDARMENT,20200925,191.95,195,189,192,6874
POKARNA,20200925,129.6,136,129.6,135.8,181237
POLYCAB,20200925,821,836.9,810.35,828.5,104828
POLYMED,20200925,457,469.6,450.7,454.2,117567
POLYPLEX,20200925,660,679.9,657.05,668.65,58795
PONNIERODE,20200925,149.8,154.5,148,153.45,7718
POWERGRID,20200925,161,162.5,159.7,160.75,4928846
POWERINDIA,20200925,961.95,961.95,930,938.75,15867
POWERMECH,20200925,364.5,409,364.5,399.45,138702
PPAP,20200925,209.65,214.7,203.1,213.3,20529
PPL,20200925,69,71.45,67.85,70.2,43373
PRABHAT,20200925,65.45,66.75,65.45,65.95,47769
PRAENG,20200925,5.6,5.75,5.55,5.6,13346
PRAJIND,20200925,70,71.3,67.8,68.4,893570
PRAKASH,20200925,37,38.6,36.15,37.9,323828
PRAKASHSTL,20200925,0.65,0.7,0.6,0.7,191655
PRAXIS,20200925,36.85,38.9,36.85,37.15,11113
PRECAM,20200925,32.7,33,32,32.45,137557
PRECOT,20200925,32.25,32.25,32.2,32.2,150
PRECWIRE,20200925,113.15,115.6,110,114.65,9817
PREMEXPLN,20200925,112.9,114.25,110.6,113.85,10331
PREMIER,20200925,3.25,3.25,3.2,3.2,900
PREMIERPOL,20200925,23.05,25.65,23.05,23.6,934
PRESSMN,20200925,17.85,17.85,16,16.85,70032
PRESTIGE,20200925,235.75,245.9,235.3,244.4,400098
PRICOLLTD,20200925,43.85,45.6,43.7,45.5,53541
PRIMESECU,20200925,44.15,46.8,42.75,45.55,24441
PRINCEPIPE,20200925,244.4,260.75,242,244.75,2104632
PROSEED,20200925,0.25,0.3,0.25,0.25,72615
PROZONINTU,20200925,15.2,16.1,15.2,15.95,106101
PRSMJOHNSN,20200925,54.05,56.8,54.05,56.35,80823
PSB,20200925,11.05,11.1,10.9,11.1,197504
PSL,20200925,0.5,0.6,0.5,0.55,164122
PSPPROJECT,20200925,410.05,413.5,404,406.55,8277
PSUBNKBEES,20200925,14.09,14.09,13.56,14.02,113253
PTC,20200925,47.8,48.05,47.1,47.5,675757
PTL,20200925,39.25,40.25,38.8,38.95,23285
PUNJABCHEM,20200925,607.95,628,607.95,623.95,3351
PURVA,20200925,42,42.95,40.35,42.5,49391
PVR,20200925,1062,1112.2,1055.6,1100.95,2194901
QGOLDHALF,20200925,2160,2173,2160,2171,379
QUESS,20200925,373.15,384.9,372.85,379.95,108085
QUICKHEAL,20200925,148,150.5,144.3,148.1,701632
RADICO,20200925,404.75,408,393.55,404.75,414544
RADIOCITY,20200925,18.4,19.2,18.4,18.9,368775
RAIN,20200925,100.65,104,99.2,102.25,801444
RAJESHEXPO,20200925,451.05,460.95,447,452.9,130394
RAJRATAN,20200925,302.55,314.7,302.55,313.25,4004
RAJSREESUG,20200925,12.6,12.7,12.2,12.65,5852
RAJTV,20200925,35,36.9,33.3,33.95,15653
RALLIS,20200925,281.9,287.3,277.5,284.55,456201
RAMANEWS,20200925,13.75,14.4,13.55,13.95,11431
RAMASTEEL,20200925,39,39.65,36.6,39.65,3632
RAMCOCEM,20200925,703.55,711.6,687.8,709.35,725450
RAMCOIND,20200925,173,182,173,179.3,16251
RAMCOSYS,20200925,356.25,368.4,337.35,366.75,548611
RAMKY,20200925,28.25,30,28.25,29,51737
RANASUG,20200925,5.9,6,5.75,5.95,57847
RANEENGINE,20200925,189.45,193.6,181.5,189.1,2544
RANEHOLDIN,20200925,438.95,447.6,430.25,445,29187
RATNAMANI,20200925,1153,1224,1153,1201.45,7424
RAYMOND,20200925,255.5,264.4,255.1,263.55,495868
RBL,20200925,541.8,580,530.55,563.95,12240
RBLBANK,20200925,161,165.9,158.55,164.95,17081022
RCF,20200925,42.3,42.8,41.8,42.55,762055
RCOM,20200925,1.85,1.95,1.85,1.95,5662245
RECLTD,20200925,96.4,99.9,96.15,99.05,5221089
REDINGTON,20200925,113.05,121.9,112.5,118,1623842
REFEX,20200925,43.8,46.95,43.8,46.25,71048
RELAXO,20200925,635.5,653.3,635.05,640.65,159876
RELCAPITAL,20200925,8,8.15,7.8,8.15,951437
RELIANCE,20200925,2189,2212.8,2167.3,2201.7,13095950
RELIGARE,20200925,43.05,44.9,41.5,41.9,1239126
RELINFRA,20200925,22,22.85,21.5,22.85,966681
REMSONSIND,20200925,75.55,79.05,75.55,77,723
RENUKA,20200925,8.75,9.1,8.6,9.1,773356
REPCOHOME,20200925,159.45,164.75,156.2,163.4,218434
REPRO,20200925,385.05,394.65,382,385.9,3435
RESPONIND,20200925,94.95,98.75,94.95,96.25,222586
REVATHI,20200925,424.95,446,424.95,433.9,1341
RGL,20200925,242.9,248.65,234.2,239.9,6057
RHFL,20200925,1.7,1.7,1.7,1.7,463590
RICOAUTO,20200925,28.1,29.2,28.1,28.85,265492
RIIL,20200925,366.35,370.85,363.2,368.2,180965
RITES,20200925,244.45,247.9,242.3,246.4,637333
RKDL,20200925,6.5,6.85,6.5,6.7,8191
RKFORGE,20200925,271.3,304.65,271.3,298.7,108088
RMCL,20200925,3,3.05,2.85,2.95,8726
RML,20200925,201.75,223,198.1,217.3,17680
RNAVAL,20200925,2.75,2.95,2.75,2.95,3683493
ROHITFERRO,20200925,0.8,0.9,0.8,0.9,4888
ROHLTD,20200925,59.9,61.8,57.15,61.05,20482
ROLLT,20200925,2.8,3,2.8,2.85,11898
ROLTA,20200925,4.85,5.1,4.75,5.05,475299
ROSSARI,20200925,762,775,753,768.95,197374
ROSSELLIND,20200925,139.95,145.7,139.95,142.75,46513
ROUTE,20200925,932,988,896.4,938.8,9590008
RPGLIFE,20200925,389,396.45,385.95,389.15,43595
RPOWER,20200925,2.65,2.9,2.6,2.9,22119902
RPPINFRA,20200925,51.55,52.3,47.95,49.35,31383
RSSOFTWARE,20200925,22.65,22.65,20.75,21.25,17780
RSWM,20200925,90.55,90.55,85,88.35,5389
RSYSTEMS,20200925,104.25,107.1,104,105.9,17562
RTNINFRA,20200925,5.25,5.75,5.25,5.75,759365
RTNPOWER,20200925,2.35,2.55,2.35,2.55,5789516
RUBYMILLS,20200925,157,168.8,157,162.75,3125
RUCHI,20200925,408,446.25,403.75,446.25,36460
RUCHINFRA,20200925,7.5,8.15,7.45,8.15,151597
RUCHIRA,20200925,49.6,50.9,49.4,50.45,18854
RUPA,20200925,182.05,189.45,182.05,188.35,13346
RUSHIL,20200925,68.15,82.45,68.15,80.45,169534
RUSHIL-RE,20200925,17,22.95,16.4,22.95,90132
RVNL,20200925,19,19.8,19,19.35,2439648
S&SPOWER,20200925,13.3,13.95,12.65,13.15,928
SABEVENTS,20200925,1.15,1.15,1.1,1.1,372
SABTN,20200925,1.45,1.45,1.4,1.45,3620
SADBHAV,20200925,49.4,49.75,47.7,49.3,524736
SADBHIN,20200925,16.65,18,16.65,17.35,198300
SAFARI,20200925,390,395.95,383,392.85,9645
SAGARDEEP,20200925,52.95,53.25,50.9,53.1,38646
SAGCEM,20200925,480,509,479.95,503.25,45695
SAIL,20200925,33.4,34.55,32.9,34.35,17494494
SAKAR,20200925,76,77.7,71.2,75.05,42169
SAKHTISUG,20200925,8.4,8.4,7.85,8.15,15344
SAKSOFT,20200925,384.7,398.35,371,394.15,219798
SAKUMA,20200925,5.9,5.95,5.5,5.8,744164
SALASAR,20200925,193.95,199.5,192.8,197.9,34196
SALONA,20200925,52.25,58.55,52.25,54.4,1472
SALSTEEL,20200925,2.8,2.85,2.7,2.7,8272
SALZERELEC,20200925,90,91.45,88.75,90.15,18910
SAMBHAAV,20200925,1.9,2,1.9,1.95,2235
SANCO,20200925,12.9,13.5,12.15,13.25,54616
SANDESH,20200925,484.75,515,484.75,495.05,1366
SANDHAR,20200925,237,242.4,233.7,236.1,7919
SANGAMIND,20200925,46.6,48.5,44.65,46.95,25408
SANGHIIND,20200925,24.75,25.9,24.55,25.45,255268
SANGHVIFOR,20200925,17.15,18.9,17.15,18.9,792
SANGHVIMOV,20200925,68.2,77.95,68.2,76.35,23289
SANGINITA,20200925,74,74,65.5,71.1,21734
SANOFI,20200925,8400,8631.65,8301.3,8510.45,16657
SARDAEN,20200925,204.65,225,204.65,221.65,122933
SAREGAMA,20200925,538.05,575,530,563.55,19436
SARLAPOLY,20200925,17.8,18.5,17.8,18.25,58321
SASKEN,20200925,709.75,724.1,695,707.8,126289
SASTASUNDR,20200925,78.9,85.4,78.9,82.5,6662
SATIA,20200925,118.8,122,114.4,116.65,159435
SATIN,20200925,54.1,55.1,53.2,54.85,1206109
SBICARD,20200925,813.1,824.25,806.9,812.05,761952
SBIETFQLTY,20200925,105.45,105.45,103.12,104.5,802
SBILIFE,20200925,796,813.5,780,797.05,2252162
SBIN,20200925,179,182.75,176.15,182.2,46550618
SCAPDVR,20200925,1.75,1.75,1.65,1.65,54252
SCHAEFFLER,20200925,3596.3,3625.15,3535.1,3596.15,11252
SCHAND,20200925,71.8,71.8,68,69.35,16577
SCHNEIDER,20200925,77.95,78.8,77.1,77.8,95976
SCI,20200925,52.65,53.5,52.5,53.35,509359
SDBL,20200925,50.45,51.75,50.45,51.05,88815
SEAMECLTD,20200925,392,400,391.1,393.2,13716
SELAN,20200925,103.85,107.25,102.35,106.25,22410
SEPOWER,20200925,2.3,2.45,2.3,2.3,23624
SEQUENT,20200925,144.45,148,140.7,146.3,1091669
SESHAPAPER,20200925,136.95,142.8,133.3,141.6,12955
SETCO,20200925,9.5,10,9.1,9.95,22275
SETF10GILT,20200925,201.97,201.97,197.06,198.57,328
SETFGOLD,20200925,4461,4488.35,4461,4474,8825
SETFNIF50,20200925,114.5,114.76,112.52,114.54,160319
SETFNIFBK,20200925,235.5,235.5,204.43,209.82,73290
SETFNN50,20200925,269.92,274.38,267.06,273.9,4989
SETUINFRA,20200925,0.75,0.75,0.65,0.7,34272
SEYAIND,20200925,65.85,66.2,63.65,65.65,10994
SFL,20200925,1342.5,1366.25,1335,1358.35,5565
SGL,20200925,8,8.4,8,8.25,12788
SHAHALLOYS,20200925,7,7,7,7,500
SHAKTIPUMP,20200925,177.25,177.25,169,170.7,48328
SHALBY,20200925,74.85,84.5,74.85,80.5,409741
SHALPAINTS,20200925,62.2,64.2,62.2,63.95,48818
SHANKARA,20200925,328.95,338,328.15,333.05,23409
SHANTIGEAR,20200925,96,98,94,95.85,20628
SHARDACROP,20200925,251.4,260.85,251.4,256.85,15784
SHARDAMOTR,20200925,827.05,866.75,819.6,850.7,1146
SHAREINDIA,20200925,104,106,98.1,104.7,31355
SHARIABEES,20200925,296,296,290.4,290.4,160
SHEMAROO,20200925,57.5,57.5,55.75,56.4,30050
SHIL,20200925,85.35,86.1,82.5,83.65,188361
SHILPAMED,20200925,559.7,573.7,553.65,565,670049
SHIRPUR-G,20200925,7.8,8.05,7.45,7.55,9414
SHIVAMAUTO,20200925,16.85,16.85,15.6,15.85,36137
SHIVAMILLS,20200925,22.85,22.85,21,22.35,1631
SHIVATEX,20200925,85.25,87.9,84.65,84.85,4121
SHK,20200925,79,82,78.6,80.95,269551
SHOPERSTOP,20200925,169.9,169.9,162.65,167.05,57025
SHREDIGCEM,20200925,47.25,48.45,46.1,47.2,451227
SHREECEM,20200925,18391.5,19150,18364.55,19008.45,55983
SHREEPUSHK,20200925,109.9,113.9,109.9,112.65,11988
SHREERAMA,20200925,6.75,7.4,6.7,7.3,26006
SHRENIK,20200925,49,49,46.1,47.45,21722
SHREYANIND,20200925,73.3,75.5,72.15,73.9,11113
SHREYAS,20200925,59.8,60.85,56.85,59.5,8211
SHRIPISTON,20200925,524,546.95,523.4,523.95,128
SHRIRAMCIT,20200925,886.3,935,875.5,922.6,60627
SHRIRAMEPC,20200925,3.4,3.55,3.35,3.5,156274
SHYAMCENT,20200925,4.1,4.4,4.1,4.4,10350
SICAGEN,20200925,11,11.3,10.6,11.05,14379
SICAL,20200925,9.85,10.3,9.85,10.3,49406
SIEMENS,20200925,1217.4,1226.75,1185.95,1207.7,615648
SIGIND,20200925,17.85,18.5,17.5,17.7,6849
SIL,20200925,9.5,10,9.5,9.5,543
SILINV,20200925,137.5,147,137.5,144.2,5557
SILLYMONKS,20200925,26.75,28.05,25.6,25.8,3193
SIMBHALS,20200925,6.5,6.8,6.2,6.55,10911
SIMPLEXINF,20200925,30,30.5,28.85,29.6,144701
SINTEX,20200925,2,2,1.95,2,2327194
SIRCA,20200925,259.5,261.35,252,258.05,6981
SIS,20200925,372.9,381.5,365.05,378.2,39156
SITINET,20200925,1.65,1.7,1.6,1.7,120854
SIYSIL,20200925,130,138.8,130,135.4,18673
SJVN,20200925,21.9,22.05,21.7,21.9,1058474
SKFINDIA,20200925,1450,1458.45,1430.1,1440.6,25851
SKIL,20200925,3.1,3.3,3.05,3.3,49593
SKIPPER,20200925,47,49,45.15,47.45,96159
SKMEGGPROD,20200925,37.9,37.9,35.45,36.8,43198
SMARTLINK,20200925,72.45,72.45,69.55,70.2,3123
SMLISUZU,20200925,389,393.95,385,391.6,10237
SMSLIFE,20200925,629,644.05,620.05,628.5,6610
SMSPHARMA,20200925,87,89.35,86,88.1,269323
SNOWMAN,20200925,34.2,34.25,33.25,33.45,165679
SOBHA,20200925,229.35,233.6,227.85,231.75,123387
SOLARA,20200925,948.5,969,936.05,954.9,87722
SOLARINDS,20200925,1031.55,1045,1002.55,1025.4,23420
SOMANYCERA,20200925,172,182,172,180.7,54972
SOMATEX,20200925,2.7,2.9,2.7,2.85,8273
SOMICONVEY,20200925,20.95,20.95,19.75,20.2,9801
SONATSOFTW,20200925,318.3,333.8,318.3,329.25,295913
SORILINFRA,20200925,57.8,60.4,56.35,59.55,41531
SOTL,20200925,698,698,660.1,683.8,2619
SOUTHBANK,20200925,6.55,6.8,6.5,6.75,6317768
SOUTHWEST,20200925,25.55,26.5,25.35,26.35,11091
SPAL,20200925,109.1,115,109.1,114.45,40262
SPANDANA,20200925,538,538,513.35,519.7,27678
SPARC,20200925,167.8,169.7,164.05,168.25,393963
SPCENET,20200925,1,1.05,1,1.05,2403
SPECIALITY,20200925,32.75,33.8,31.6,32.9,51015
SPENCERS,20200925,76.6,77.85,75,75.55,420779
SPIC,20200925,18.4,18.8,17.15,18.7,60664
SPICEJET,20200925,46.3,47.25,45.95,46.6,1826550
SPLIL,20200925,27,27.55,25.3,27.2,16788
SPMLINFRA,20200925,8.95,8.95,8.35,8.75,5798
SPTL,20200925,2.05,2.15,2.05,2.15,600853
SPYL,20200925,0.4,0.4,0.35,0.35,268331
SREEL,20200925,131.95,134,130.6,132.8,4255
SREINFRA,20200925,6.4,6.7,6.4,6.65,482489
SRF,20200925,4032,4111.95,4026,4084.2,123270
SRHHYPOLTD,20200925,167,169.7,165.95,168.55,10659
SRIPIPES,20200925,163,165,160.05,163.5,56728
SRPL,20200925,41.5,43,37.1,37.2,14010
SRTRANSFIN,20200925,572,593.8,571.1,590.3,4218804
SSWL,20200925,424.2,429.6,413,419.4,27757
STAR,20200925,650,666.9,647,661.45,784438
STARCEMENT,20200925,83,84.5,82.5,83,74046
STARPAPER,20200925,90,92.45,87.15,89.7,122182
STCINDIA,20200925,53.55,54.8,53.15,54.2,4800
STEELCITY,20200925,31,32.4,30.05,30.6,1546
STEELXIND,20200925,33.9,35.7,33.6,35.65,73200
STEL,20200925,57.75,57.75,53.95,54.95,23511
STERTOOLS,20200925,176.85,176.85,167.5,170.45,6992
STINDIA,20200925,3.55,3.55,3.55,3.55,7
STRTECH,20200925,142.9,145.6,139.25,143.25,1421365
SUBCAPCITY,20200925,22.25,22.25,22.25,22.25,11
SUBEX,20200925,11.65,11.7,11.35,11.7,1894668
SUBROS,20200925,233,239,232.55,236.45,26984
SUDARSCHEM,20200925,448.05,467.7,448.05,453.5,327037
SUJANAUNI,20200925,0.3,0.35,0.25,0.3,86062
SUMEETINDS,20200925,1.85,1.95,1.85,1.95,33774
SUMICHEM,20200925,293,300.9,287.5,294.55,516098
SUMIT,20200925,9,9.45,8.85,9.3,10334
SUMMITSEC,20200925,388.05,392.15,382.1,391.65,1934
SUNCLAYLTD,20200925,1618.75,1650,1583.05,1629.95,933
SUNDARAM,20200925,1.15,1.2,1.1,1.15,131044
SUNDARMFIN,20200925,1317,1334.45,1292,1321.15,32490
SUNDARMHLD,20200925,58.55,60,58.15,59.5,83044
SUNDRMBRAK,20200925,244.8,248.15,223.5,228.15,1210
SUNDRMFAST,20200925,400.35,405.65,394.3,400.15,107776
SUNFLAG,20200925,40.5,41.9,40.15,41.45,227570
SUNPHARMA,20200925,496,496,483.85,489.65,9665296
SUNTECK,20200925,253.5,268.9,251.1,261.6,340254
SUNTV,20200925,445.25,459.9,440.6,458,2272670
SUPERHOUSE,20200925,80,83,80,82.55,17099
SUPERSPIN,20200925,3.65,3.65,3.35,3.65,8528
SUPPETRO,20200925,221.6,244.9,221.6,241.35,383782
SUPRAJIT,20200925,172,175.25,163,173.6,137412
SUPREMEIND,20200925,1391.7,1391.7,1362.95,1377.25,50963
SURANASOL,20200925,6.65,7.15,6.65,7,28743
SURANAT&P,20200925,3.65,4.1,3.6,4,68087
SURYALAXMI,20200925,16.85,17.4,16.2,16.85,1692
SURYAROSNI,20200925,190,198.5,188,194.15,129707
SUTLEJTEX,20200925,24.45,25.9,23.75,25.45,39744
SUVEN,20200925,48.85,50.55,48.15,49,526411
SUVENPHAR,20200925,380,420,362.15,383.7,514133
SUZLON,20200925,3.1,3.1,2.95,3.05,11147872
SWANENERGY,20200925,115.2,117.8,113.55,115,120020
SWARAJENG,20200925,1403,1460,1400,1441.25,3947
SWELECTES,20200925,114.5,118.45,110.75,116.7,4937
SWSOLAR,20200925,236.9,243.8,230.45,236.5,424761
SYMPHONY,20200925,852.5,864,846,858.6,26160
SYNCOM,20200925,1.55,1.6,1.55,1.6,100099
SYNGENE,20200925,572,580.55,562.6,577.35,697975
TAINWALCHM,20200925,45.85,46.45,42.95,43.35,3889
TAJGVK,20200925,120,123,117.75,121.6,43560
TAKE,20200925,44.55,46,43.55,45.35,507776
TALBROAUTO,20200925,101.55,109.8,101.55,106,8669
TANLA,20200925,264,265,256,261.6,167168
TARMAT,20200925,37.95,38.5,36.3,38.5,17694
TASTYBITE,20200925,10275,10575,10115.6,10535,836
TATACHEM,20200925,281.15,293.1,281.15,290.7,2954970
TATACOFFEE,20200925,100.1,103.85,100.1,101.7,703078
TATACOMM,20200925,794,821.6,782.95,819.35,59781
TATACONSUM,20200925,498.8,512,495.3,509.8,5153485
TATAELXSI,20200925,1193.95,1280,1193.95,1266.45,783157
TATAINVEST,20200925,818.8,833,815,829.75,22441
TATAMETALI,20200925,485.15,531,484.85,506.95,46700
TATAMOTORS,20200925,123.7,128.35,123.1,127.25,65042619
TATAMTRDVR,20200925,58.7,59.85,58.15,59.05,3722858
TATAPOWER,20200925,51.05,53.4,50.7,53.1,24166175
TATASTEEL,20200925,348,355.6,344.2,352.1,12242576
TATASTLBSL,20200925,20.15,20.65,19.85,20.45,2377764
TATASTLLP,20200925,320,324.6,312.5,313.35,23775
TBZ,20200925,34.15,36.15,33.15,35.95,227785
TCI,20200925,224.4,234,221.3,232.6,18639
TCIDEVELOP,20200925,300,307.95,293,297,80
TCIEXP,20200925,785,785.6,751,768.2,17014
TCIFINANCE,20200925,4.1,4.35,4.1,4.25,2996
TCNSBRANDS,20200925,393,393,375,384.75,11608
TCPLPACK,20200925,374.1,376.9,361.95,371.4,882
TCS,20200925,2368,2440,2352.1,2422.3,8228297
TDPOWERSYS,20200925,111.75,118.85,110.2,112.3,5355
TEAMLEASE,20200925,2180,2237.95,2132,2161.75,12042
TECHIN,20200925,2.6,2.65,2.55,2.65,2044
TECHM,20200925,755.05,777.35,748.65,772.35,6986586
TECHNOE,20200925,196.95,198.7,191.15,193.85,535181
TECHNOFAB,20200925,9.15,9.15,8.4,9,7713
TEJASNET,20200925,68.55,71.6,68.55,71.6,358771
TERASOFT,20200925,25.35,26.05,24.5,25.75,10657
TEXINFRA,20200925,33.9,36.4,33.85,35.65,23935
TEXMOPIPES,20200925,13.75,14.5,13.4,14.05,104377
TEXRAIL,20200925,24.9,25.25,24.4,25,418002
TFCILTD,20200925,34.5,35.85,34.5,35.55,40145
TFL,20200925,3.2,3.35,3.15,3.35,1883
TGBHOTELS,20200925,4.55,4.95,4.55,4.55,22510
THANGAMAYL,20200925,355.15,429,355.15,421.25,158954
THEINVEST,20200925,135.65,139.05,135.65,138.6,734
THEMISMED,20200925,317.95,324,312,320.55,11244
THERMAX,20200925,730,734.95,719.25,732.85,14255
THOMASCOOK,20200925,29.9,30.6,29.1,29.55,619528
THOMASCOTT,20200925,4.5,4.5,4.4,4.4,1000
THYROCARE,20200925,770.9,790.45,755,762.15,88714
TI,20200925,16.6,16.6,15.6,16.6,36584
TIDEWATER,20200925,4199,4245,4155.35,4199.75,404
TIIL,20200925,341.35,365,336.1,359.55,19662
TIINDIA,20200925,588,597.55,565,569.95,203016
TIJARIA,20200925,5.55,5.9,5.55,5.7,1689
TIL,20200925,136.95,139.2,134.2,136.6,2381
TIMESGTY,20200925,22.3,23.8,22.15,22.75,1009
TIMETECHNO,20200925,37.7,37.7,36,36.45,309046
TIMKEN,20200925,1050,1073,1050,1052.95,24661
TINPLATE,20200925,119.8,132.65,119.25,130.25,756447
TIPSINDLTD,20200925,237,248,234.25,245.95,45789
TIRUMALCHM,20200925,70.75,72.5,69.4,70.9,523241
TIRUPATIFL,20200925,25.5,25.5,23.1,23.9,548
TITAN,20200925,1097.55,1115,1081.25,1109.35,2275745
TMRVL,20200925,8.35,8.8,8.25,8.7,43641
TNPETRO,20200925,34.15,36.75,34.05,36.05,190901
TNPL,20200925,101.4,106.45,99.65,101.9,410623
TNTELE,20200925,1.5,1.55,1.45,1.5,7361
TOKYOPLAST,20200925,62.05,62.05,58.95,60,7235
TORNTPHARM,20200925,2673.9,2729,2630,2719.25,615197
TORNTPOWER,20200925,308.5,313.75,307.9,311.25,574683
TOTAL,20200925,37.4,39.25,37.4,39.25,5022
TOUCHWOOD,20200925,45,46.75,44,44.85,1464
TPLPLASTEH,20200925,106,108.6,103,106.05,2334
TREEHOUSE,20200925,7,7.4,6.85,7.05,14566
TREJHARA,20200925,16.55,16.55,16.55,16.55,3444
TRENT,20200925,632,643.2,623.25,633,224220
TRF,20200925,75.95,79.35,71.85,78.75,9096
TRIDENT,20200925,6.3,6.85,6.3,6.7,7810734
TRIGYN,20200925,47.3,47.3,45.15,47.3,35461
TRIL,20200925,8.75,9.4,8.6,9.25,73810
TRITURBINE,20200925,70.95,70.95,68.5,70.15,45877
TRIVENI,20200925,71,73.6,71,72.1,473113
TTKHLTCARE,20200925,456.15,470.95,452.5,459.45,525
TTKPRESTIG,20200925,6064,6225,6000,6064.1,3444
TTL,20200925,33.5,34.05,32.6,33.2,7336
TTML,20200925,2.8,3,2.8,2.95,616676
TV18BRDCST,20200925,28.55,29.3,28.25,28.85,3363248
TVSELECT,20200925,88.45,91.95,84.15,89.7,23615
TVSMOTOR,20200925,438.5,450.9,431.6,446.95,1880898
TVSSRICHAK,20200925,1347.8,1398,1345,1388.45,4726
TVTODAY,20200925,198.9,204,196.95,201.35,29629
TVVISION,20200925,1.5,1.5,1.5,1.5,125
TWL,20200925,38.9,39.9,38.6,39.45,87697
UBL,20200925,921,960.9,920.5,952.15,719427
UCALFUEL,20200925,109.7,114,109.7,112.35,32713
UCOBANK,20200925,12,12.2,11.9,12.15,1506837
UFLEX,20200925,303,310.05,298.05,308.05,75444
UFO,20200925,70.3,73.2,70.3,72.8,56875
UGARSUGAR,20200925,14.05,14.6,14.05,14.45,40070
UJAAS,20200925,3.45,3.7,3.4,3.7,711898
UJJIVAN,20200925,205,207.9,198,205.55,1043100
UJJIVANSFB,20200925,31.25,32.7,31.2,31.9,588005
ULTRACEMCO,20200925,3790,3879.9,3760.05,3858.5,321826
UMANGDAIRY,20200925,42.85,42.85,41.55,41.9,1578
UMESLTD,20200925,1.1,1.1,1.1,1.1,3066
UNICHEMLAB,20200925,245,251.5,245,246.85,25369
UNIDT,20200925,244.95,260.45,244,258.55,22215
UNIENTER,20200925,60.15,64.8,60.1,61.5,18915
UNIONBANK,20200925,24.85,24.85,23.65,24.25,8065194
UNITEDTEA,20200925,338.25,357,330.95,347.15,2318
UNIVASTU,20200925,34.65,34.7,31.2,31.95,52393
UNIVCABLES,20200925,130,135.4,128,131.5,31481
UNIVPHOTO,20200925,216.5,216.5,205,208.25,286
UPL,20200925,508.95,513.8,500.75,504.65,4858021
URJA,20200925,2.8,2.85,2.8,2.85,1469182
USHAMART,20200925,24.75,25.5,24.3,25,359616
UTIBANKETF,20200925,205.42,210,202.5,209.18,422
UTINEXT50,20200925,274.96,274.96,271.65,274.3,271
UTINIFTETF,20200925,1166.17,1179.61,1160.31,1179.42,158
UTISENSETF,20200925,410,414.99,401.03,409.99,91
UTISXN50,20200925,296.63,301.47,293.7,293.85,57
UTTAMSTL,20200925,5.4,5.65,5.3,5.65,58001
UTTAMSUGAR,20200925,78.65,79.8,78.15,79.1,30106
UVSL,20200925,0.45,0.5,0.4,0.45,9592250
V2RETAIL,20200925,49.9,50,48.6,49.6,32195
VADILALIND,20200925,773.05,792.55,773.05,779.9,7669
VAIBHAVGBL,20200925,1878,1878,1795,1810.15,17468
VAISHALI,20200925,38.55,41,38.55,40.25,96412
VAKRANGEE,20200925,24.95,27.1,24.9,27.1,1463234
VARDHACRLC,20200925,29.35,32,29,29.6,25757
VARDMNPOLY,20200925,7.45,7.55,7.05,7.4,11076
VARROC,20200925,281,306.35,281,304.85,238023
VASCONEQ,20200925,8.9,8.9,8.5,8.75,82616
VASWANI,20200925,4.75,5.25,4.75,4.95,1819
VBL,20200925,676,702.55,676,695.5,1155320
VEDL,20200925,132.4,138.4,131.7,137.05,26164595
VENKEYS,20200925,1302,1416,1301.15,1388.3,91337
VENUSREM,20200925,148.5,148.5,134.9,138.5,29249
VERTOZ,20200925,151,153.05,150.25,152.9,102138
VESUVIUS,20200925,895,895,851,885.65,4842
VETO,20200925,44.85,44.85,42.5,43,13391
VGUARD,20200925,165.5,166.9,163.15,165.1,340767
VHL,20200925,1298.1,1298.1,1236.15,1246.45,156
VICEROY,20200925,2.35,2.45,2.25,2.35,6445
VIDHIING,20200925,111.5,117.7,109.55,110.5,689392
VIJIFIN,20200925,0.55,0.55,0.5,0.55,93392
VIKASECO,20200925,5.6,5.6,5.6,5.6,62630
VIKASMCORP,20200925,8.15,8.55,8.15,8.15,9397214
VIKASPROP,20200925,2.65,2.85,2.65,2.8,4194764
VIKASWSP,20200925,3.85,3.85,3.85,3.85,170802
VIMTALABS,20200925,108.7,113.8,108,112.8,16844
VINATIORGA,20200925,1194,1285,1190,1276.3,237788
VINDHYATEL,20200925,789,789,762.9,781,2284
VINYLINDIA,20200925,99.7,99.7,96.15,98.4,48065
VIPCLOTHNG,20200925,9.25,9.75,9.25,9.75,41650
VIPIND,20200925,295,302,291.7,296.05,462609
VIPULLTD,20200925,12.85,13.2,12.75,13.1,1590
VISAKAIND,20200925,297.5,303,291.65,294.7,68557
VISASTEEL,20200925,6.1,6.1,5.8,5.8,13998
VISHAL,20200925,318.65,320.15,318.65,320.05,540941
VISHNU,20200925,154.75,155,147.5,152,2444
VISHWARAJ,20200925,99.4,102,97,100.15,4786
VIVIDHA,20200925,0.35,0.4,0.35,0.35,250349
VIVIMEDLAB,20200925,18.55,19.75,18.55,19.1,98289
VLSFINANCE,20200925,56.4,59.05,55.25,56,14983
VMART,20200925,2016,2099.95,2014.95,2031,13351
VOLTAMP,20200925,967,985,964,976.4,6382
VOLTAS,20200925,652.05,674,639.4,670,1899653
VRLLOG,20200925,158.4,162.65,158,161.3,119566
VSSL,20200925,77.95,80.2,75,79.5,10394
VSTIND,20200925,3432.4,3540,3397.55,3411.95,6464
VSTTILLERS,20200925,1708,1722.65,1666.05,1696.5,19119
VTL,20200925,736.1,788,722.25,777.6,12587
WABAG,20200925,177.9,190.55,175.55,190.55,597202
WABCOINDIA,20200925,5980.1,6068,5815.15,5870.75,7925
WALCHANNAG,20200925,47,47,45.6,46.25,42633
WANBURY,20200925,32.05,33.65,31.5,33.55,17128
WATERBASE,20200925,97.9,99.45,97.05,98.5,121511
WEBELSOLAR,20200925,17.6,18.8,17.6,18.8,11577
WEIZMANIND,20200925,28.75,29.75,28.1,28.55,2547
WELCORP,20200925,100.05,102.9,98.5,102.35,1057288
WELENT,20200925,61.5,62.4,59.4,61.75,161243
WELINV,20200925,238.95,239,232,238.15,25
WELSPUNIND,20200925,59.75,62.35,59.75,62.35,1990426
WENDT,20200925,3367.95,3380,3012,3270.3,390
WESTLIFE,20200925,365.05,377,365.05,373.6,267335
WHEELS,20200925,404.55,417.4,400.1,406.3,10896
WHIRLPOOL,20200925,2063,2084.95,2026.1,2075.35,27875
WILLAMAGOR,20200925,16.4,16.65,15.75,16.15,6031
WINDMACHIN,20200925,13.65,14.4,13.1,14.35,31397
WIPRO,20200925,306.3,315.25,304.2,313.9,22007095
WOCKPHARMA,20200925,270.35,276.4,266.15,275.1,259779
WONDERLA,20200925,151.1,154.8,143.1,151.1,74242
WORTH,20200925,41.85,44.85,40.05,43.1,11380
WSI,20200925,4.65,4.65,4.65,4.65,1
WSTCSTPAPR,20200925,170.65,175.85,169.25,171.6,73587
XCHANGING,20200925,91.6,93.2,90,92.55,329041
XELPMOC,20200925,253.05,253.05,253.05,253.05,17837
XPROINDIA,20200925,20.9,21.7,20.9,21.7,179
YESBANK,20200925,13,13.55,13,13.35,113065904
ZEEL,20200925,197.55,201.5,183.2,198.2,61557172
ZEELEARN,20200925,11.95,12.05,11.65,11.95,927482
ZEEMEDIA,20200925,5.55,5.65,5.35,5.45,1284821
ZENITHEXPO,20200925,39.05,42.9,37.45,42.3,675
ZENSARTECH,20200925,207,211,195.5,198.1,517920
ZENTEC,20200925,76,77.95,75.1,76.45,207292
ZICOM,20200925,3.15,3.15,3,3,16087
ZODIACLOTH,20200925,103.75,103.9,97.4,100.65,3545
ZODJRDMKJ,20200925,25.9,25.9,24.2,24.3,506
ZOTA,20200925,147.55,148.65,143.6,145.9,4321
ZUARI,20200925,78,82.65,75.55,82.3,11712
ZUARIGLOB,20200925,45.35,45.65,44.1,45.25,13158
ZYDUSWELL,20200925,1866.7,1880,1825.05,1864.95,139651
NSENIFTY,20200925,10910.40,11072.60,10854.85,11050.25,559597322,0
NIFTYJUNIOR,20200925,25968.60,26438.75,25860.90,26397.70,197035686,0
NIFTYMIDCAPLIQ15,20200925,3879.05,3979.75,3834.05,3966.35,141328053,0
NSE100,20200925,11029.50,11198.10,10974.90,11176.30,756633008,0
NIFTY200,20200925,5656.10,5745.05,5625.45,5734.95,2056439515,0
NSE500,20200925,9032.70,9171.15,8985.75,9156.10,2341531045,0
NSEMIDCAP150,20200925,6214.20,6319.50,6166.45,6309.85,1312414062,0
MIDCAP50,20200925,4409.10,4545.65,4368.00,4534.95,1145913705,0
NSEMIDCAP,20200925,16197.90,16532.75,16049.80,16504.00,1299806507,0
NSESMLCAP100,20200925,5576.85,5661.20,5554.70,5654.95,-,0
NIFTYLARGEMIDCAP250,20200925,-,-,-,5770.76,2069047070,0
NIFTYAUTO,20200925,7505.50,7686.40,7477.50,7669.50,205105797,0
BANKNIFTY,20200925,20740.80,21064.30,20430.70,20982.35,280646576,0
NIFTYFINSERVICE,20200925,10257.65,10376.45,10114.50,10332.25,157232164,0
NIFTYFMGC,20200925,29371.90,29763.75,29221.10,29633.50,52444101,0
NSEIT,20200925,19108.75,19678.50,19077.85,19629.35,73896271,0
NIFTYMEDIA,20200925,1453.25,1489.25,1420.55,1484.75,85409609,0
NIFTYMETAL,20200925,2134.95,2180.65,2112.40,2172.65,114755381,0
NIFTYPHARMA,20200925,11513.05,11666.00,11383.35,11595.90,45977253,0
NIFTYPVTBANK,20200925,11403.40,11586.75,11230.00,11540.95,181872965,0
NIFTYPSUBANK,20200925,1250.30,1280.30,1232.55,1276.20,131012857,0
NIFTYREALTY,20200925,207.35,210.55,206.40,209.40,15477643,0
NIFTYCOMMODITIES,20200925,2995.55,3038.70,2973.40,3033.25,219345172,0
NIFTYCONSUMPTION,20200925,4856.10,4926.55,4844.60,4918.90,170940868,0
NIFTYCPSE,20200925,1297.80,1316.10,1285.95,1313.60,81727937,0
NIFTYENERGY,20200925,14701.80,14870.80,14602.35,14826.30,136703670,0
NIFTY100ESG,20200925,-,-,-,2183.37,691278296,0
NIFTY100ENHESG,20200925,-,-,-,2198.16,665460689,0
NIFTYINFRA,20200925,2988.00,3055.55,2976.90,3049.80,355746841,0
NIFTYMNC,20200925,13559.70,13758.70,13526.65,13740.25,632160020,0
NIFTYPSE,20200925,2238.20,2270.95,2221.90,2266.05,231241131,0
NIFTYSMEEMERGE,20200925,-,-,-,1412.19,630800,0
NIFTYSERVSECTOR,20200925,14059.60,14308.90,13983.00,14280.70,401015156,0
NIFTYSHARIAH25,20200925,-,-,-,4507.16,127219875,0
NIFTY50SHARIAH,20200925,-,-,-,2837.75,129192279,0
NIFTY500SHARIAH,20200925,-,-,-,3302.09,376964463,0
NIFTYABGROUP,20200925,-,-,-,2704.41,533909285,0
NIFTYMAHINDRA,20200925,-,-,-,9665.38,24980053,0
NIFTYTATA,20200925,-,-,-,7433.49,134358813,0
NIFTYTATA25CAP,20200925,-,-,-,4828.61,124683422,0
NIFTYABGROUP,20200925,-,-,-,2704.41,533909285,0
NIFTYLIQ15,20200925,2517.30,2555.55,2491.20,2546.95,229161158,0
NIFTY500VALUE50,20200925,-,-,-,2946.37,497193805,0
NIFTYQUALLOWVOL30,20200925,-,-,-,8643.61,163670234,0
NIFTYALPHAQUALLOWVOL30,20200925,-,-,-,10019.89,178173056,0
NIFTYALPHAQUALVALLOWVOL30,20200925,-,-,-,7578.44,190050639,0
NIFTY50EQUALWEIGHT,20200925,11140.50,11334.60,11088.35,11309.65,559597322,0
NIFTY100EQUALWEIGHT,20200925,12080.90,12295.60,12022.20,12276.95,756633008,0
NIFTY100LOWVOL30,20200925,8950.55,9094.80,8935.35,9075.95,211557106,0
NSEDEFTY,20200925,-,-,-,5202.15,-,0
NIFTY50DIVPOINT,20200925,53.78,53.78,53.78,53.78,-,0
NIFTYDIVOPPS50,20200925,2310.10,2353.60,2304.05,2349.70,545005683,0
NIFTYALPHA50,20200925,16231.00,16423.70,16105.85,16411.20,653038793,0
NIFTY50ARBITRAGE,20200925,-,-,-,1913.53,-,0
NIFTY50FUTINDEX,20200925,-,-,-,3683.02,-,0
NIFTY50FUTTRINDEX,20200925,-,-,-,11440.18,-,0
NIFTYHIGHBETA50,20200925,-,-,-,1076.60,1267343480,0
NIFTYLOWVOL50,20200925,-,-,-,11095.72,230819297,0
NIFTY50VALUE20,20200925,5434.10,5550.75,5418.05,5539.15,253849981,0
NIFTYGROWSECT15,20200925,5090.90,5142.00,5045.90,5126.80,107499254,0
NIFTY50TR2XLEV,20200925,4959.65,5105.35,4910.65,5085.60,-,0
NIFTY50PR2XLEV,20200925,3750.95,3861.20,3713.90,3846.25,-,0
NIFTY50TR1XINV,20200925,349.85,351.65,344.60,345.30,-,0
NIFTY50PR1XINV,20200925,402.10,404.15,396.00,396.85,-,0
NIFTY-GS-COMPSITE,20200925,2239.22,2239.42,2235.89,2237.10,-,0
NIFTY-GS-4-8YR,20200925,2335.93,2336.72,2334.90,2335.31,-,0
NIFTY-GS-8-13YR,20200925,2197.95,2198.54,2194.35,2195.77,-,0
NIFTY-GS-10YR,20200925,1988.40,1988.40,1982.62,1983.78,-,0
NIFTY-GS-10YR-CLN,20200925,961.24,961.24,958.42,958.99,-,0
NIFTY-GS-11-15YR,20200925,2369.50,2370.16,2364.58,2365.12,-,0
NIFTY-GS-15YRPLUS,20200925,2576.06,2579.52,2565.41,2565.45,-,0
VIX,20200925,23.51,23.51,18.67,20.68,0,0
