20MICRONS,20200626,31.8,33,31.6,32.3,55990
21STCENMGM,20200626,11.25,11.3,11.25,11.3,631
3IINFOTECH,20200626,2.4,2.5,2.4,2.5,9960406
3MINDIA,20200626,18540.5,19237.95,18350,19103,8269
3PLAND,20200626,6.4,6.4,6.4,6.4,3420
5PAISA,20200626,249.8,249.8,228.05,234,104841
63MOONS,20200626,78,81,77.45,78.1,15519
A2ZINFRA,20200626,6,6,6,6,23650
AARTIDRUGS,20200626,1189.8,1300,1189.8,1282.75,224400
AARTIIND,20200626,968.4,969.95,945,953.7,222118
AARVEEDEN,20200626,12.7,12.7,11.5,12.4,5982
AARVI,20200626,27.15,27.15,27.15,27.15,51
AAVAS,20200626,1415,1433,1320,1343,78364
ABAN,20200626,25.05,27.55,25,27.55,260435
ABB,20200626,895.25,927,891.25,914.35,603502
ABBOTINDIA,20200626,16326.5,16394.9,15900,15956.35,23131
ABCAPITAL,20200626,64.25,65.9,63.8,64.25,4488609
ABFRL,20200626,132,132.9,128.6,129.3,1854568
ABSLBANETF,20200626,215.76,215.83,215.7,215.78,16
ABSLNN50ET,20200626,266.41,274.79,256.59,267.27,84
ACC,20200626,1256,1295,1252.45,1288.6,999776
ACCELYA,20200626,925.55,939.9,918.05,919.55,18719
ACE,20200626,57.8,58.3,55.9,56.1,309140
ADANIENT,20200626,164,166.35,161.3,162.15,6774409
ADANIGAS,20200626,173,176.65,163,165.85,4882823
ADANIGREEN,20200626,397.55,397.55,397.55,397.55,147247
ADANIPORTS,20200626,348,349,339.6,343.2,3979519
ADANIPOWER,20200626,37.8,37.9,36.4,36.75,5533269
ADANITRANS,20200626,280.7,280.7,256.6,276.85,4113416
ADFFOODS,20200626,303.95,307.15,296,297.3,15401
ADHUNIKIND,20200626,26.75,26.75,26.75,26.75,78813
ADORWELD,20200626,262,270,262,266.75,15546
ADROITINFO,20200626,7.15,7.35,6.75,7.3,27126
ADSL,20200626,17.25,17.25,16.35,16.6,45120
ADVANIHOTR,20200626,44,45.95,44,44.45,1095
ADVENZYMES,20200626,174.2,180.95,171.55,172.3,155852
AEGISCHEM,20200626,190.8,190.8,183.05,184.95,279425
AFFLE,20200626,1519.9,1537,1505.2,1512.3,27138
AGARIND,20200626,71,71,68.55,69.35,15743
AGCNET,20200626,304.5,304.5,291.5,295.4,4663
AGRITECH,20200626,36.95,37.2,34.1,36,13931
AGROPHOS,20200626,15.3,15.45,14.75,15.45,113443
AHLEAST,20200626,143.1,143.15,135.3,139.45,208
AHLUCONT,20200626,203.35,224.9,201.15,217.25,167923
AHLWEST,20200626,254,265,254,254.15,309
AIAENG,20200626,1631,1648,1610.45,1625.2,38107
AIONJSW,20200626,14.35,14.95,14.25,14.35,67483
AIRAN,20200626,12.65,13.65,12.5,12.7,89772
AJANTPHARM,20200626,1475,1475,1441.85,1446.75,71087
AJMERA,20200626,91.3,91.75,87.65,88.2,50524
AKASH,20200626,91,91,91,91,1320
AKSHARCHEM,20200626,209.9,211,205.6,206.7,7670
AKSHOPTFBR,20200626,6.3,6.9,6.3,6.75,321505
AKZOINDIA,20200626,1891,1897.9,1846,1859.6,11563
ALANKIT,20200626,20.45,21.4,18.15,18.65,1463262
ALBERTDAVD,20200626,488,498,480,483.25,15289
ALCHEM,20200626,5.45,5.45,5.45,5.45,77065
ALEMBICLTD,20200626,79.7,80.45,76.2,76.9,440596
ALICON,20200626,267.55,275.8,256.45,259.85,4316
ALKALI,20200626,46.65,50,46.1,48,22382
ALKEM,20200626,2364.6,2380,2320.1,2349.35,141519
ALKYLAMINE,20200626,2100,2150,2072.05,2127.5,142130
ALLCARGO,20200626,81,81.85,79.1,79.65,165774
ALLSEC,20200626,202.55,202.55,189.4,193.95,1983
ALMONDZ,20200626,13.4,13.4,12,12.25,8319
ALOKINDS,20200626,45.95,45.95,45.95,45.95,298135
ALPA,20200626,22.4,24.3,22.4,23.95,131030
ALPHAGEO,20200626,205,207.45,200.6,201.45,29711
ALPSINDUS,20200626,1.6,1.6,1.6,1.6,5291
AMARAJABAT,20200626,642.9,651.55,640.85,647.85,838124
AMBER,20200626,1599,1609.8,1542,1547.7,38577
AMBIKCO,20200626,730,730.05,702.1,706.8,8611
AMBUJACEM,20200626,188,188.7,186.15,188,3304712
AMDIND,20200626,17.75,17.75,16.35,16.9,34139
AMJLAND,20200626,23,23.45,20.6,20.95,118374
AMRUTANJAN,20200626,379,382.45,372.65,373.65,81699
ANANTRAJ,20200626,23.25,23.85,22.9,23,168456
ANDHRACEMT,20200626,9.25,9.25,9.25,9.25,179887
ANDHRAPAP,20200626,200,216,200,212.4,2767709
ANDHRSUGAR,20200626,267.5,274.7,261.5,263.05,67010
ANIKINDS,20200626,12.35,12.35,12.35,12.35,4782
ANKITMETAL,20200626,0.75,0.8,0.75,0.8,85498
ANSALAPI,20200626,4.5,4.75,4.45,4.7,95427
ANSALHSG,20200626,4.45,4.65,4.25,4.55,230184
ANUP,20200626,384.8,384.8,384.8,384.8,11747
APARINDS,20200626,339.9,340.95,323.4,326.2,39202
APCL,20200626,135.95,140,125.05,133.6,15698
APCOTEXIND,20200626,127,130,122.85,125.9,62765
APEX,20200626,264.65,270.5,256.95,259.5,288039
APLAPOLLO,20200626,1608.45,1695,1555,1563.7,44678
APLLTD,20200626,918.85,920,897.25,902.1,112792
APOLLO,20200626,112.8,114.5,109.05,109.8,158638
APOLLOHOSP,20200626,1453,1480,1376.3,1388.15,3862488
APOLLOPIPE,20200626,324.4,332.2,322,326.5,10089
APOLLOTYRE,20200626,114.8,114.95,110.7,111,9137531
APOLSINHOT,20200626,500,500,480.1,483.45,462
APTECHT,20200626,102.6,105,101.95,102.2,190702
ARCHIDPLY,20200626,26.9,26.9,25.4,25.7,26742
ARCHIES,20200626,14,14,13.15,13.45,54325
ARCOTECH,20200626,3.2,3.2,3.2,3.2,15256
ARENTERP,20200626,10.6,11.65,10.6,11.65,5334
ARIES,20200626,76.15,76.15,72.5,73.7,71862
ARIHANT,20200626,16.25,17.2,16.05,16.4,4362
ARIHANTSUP,20200626,27.95,29,27,28.4,2774
ARMANFIN,20200626,499,501,465,485.4,36664
AROGRANITE,20200626,25.5,28.5,25.5,26.55,19597
ARROWGREEN,20200626,49,49,45.15,48,2809
ARSHIYA,20200626,12,12.35,11.45,12,25697
ARSSINFRA,20200626,14.5,15,14.35,15,25083
ARTEMISMED,20200626,195,200,186,187.1,3509
ARVIND,20200626,34.95,35.65,34.25,35.15,2697073
ARVINDFASN,20200626,179,181,175,177.9,48750
ARVSMART,20200626,79.45,79.95,75.65,76.85,64466
ASAHIINDIA,20200626,191.9,191.9,180.95,183.4,62299
ASAHISONG,20200626,156.8,161.5,151.1,152.6,36481
ASAL,20200626,23.3,23.3,22.25,22.6,13375
ASALCBR,20200626,252,261,252,258.9,86793
ASHAPURMIN,20200626,48,48,44.05,45.15,106309
ASHIANA,20200626,64.4,66.5,62,64,88163
ASHIMASYN,20200626,6.55,6.85,6.5,6.8,86996
ASHOKA,20200626,63.6,64.8,62.55,63,1107206
ASHOKLEY,20200626,55,55.5,51.8,52.45,75775657
ASIANHOTNR,20200626,56.2,56.25,55.3,55.4,8811
ASIANPAINT,20200626,1710,1710.35,1670.7,1686.75,2130096
ASIANTILES,20200626,215.9,219.9,210,216.2,181922
ASPINWALL,20200626,108.9,116,104.75,114.75,4113
ASTEC,20200626,835,847.9,804,807,102068
ASTERDM,20200626,126.55,128.7,125.3,125.6,237351
ASTRAL,20200626,970,985,945,963.25,178146
ASTRAMICRO,20200626,99.95,102.8,98.7,99.4,1074483
ASTRAZEN,20200626,3380,3410,3332.75,3347.5,34885
ASTRON,20200626,37.3,39,37.3,38.75,110989
ATFL,20200626,515.25,547,515.25,519.65,18651
ATLANTA,20200626,8.9,8.9,8.9,8.9,59442
ATLASCYCLE,20200626,41.05,41.05,41.05,41.05,9960
ATUL,20200626,4547,4550,4470,4486,10524
ATULAUTO,20200626,179.8,179.8,168.1,171.7,51884
AUBANK,20200626,601.1,618.45,565.6,572.25,715128
AURIONPRO,20200626,58,60.4,56.2,58.25,46697
AUROPHARMA,20200626,794.95,797,775.1,780.1,2720261
AUSOMENT,20200626,38.4,38.4,33.1,34.1,7829
AUTOAXLES,20200626,598,614.5,584.5,591.8,16608
AUTOIND,20200626,18.8,19.7,18.05,19.65,35238
AUTOLITIND,20200626,17.5,17.5,16.5,16.7,7870
AVADHSUGAR,20200626,190.15,196.7,187.5,188.25,105126
AVANTIFEED,20200626,485.9,486.85,470,471.55,453970
AVTNPL,20200626,40.2,42.5,39.25,39.85,617598
AXISBANK,20200626,426,428.75,418,424.85,32611425
AXISCADES,20200626,46.45,46.45,46.45,46.45,30604
AXISGOLD,20200626,4206.4,4216,4180,4209.85,509
AXISNIFTY,20200626,1175,1277,1101.34,1228.58,583
AYMSYNTEX,20200626,26.75,26.75,24.6,25.55,13851
BAGFILMS,20200626,3.1,3.1,3.1,3.1,72481
BAJAJ-AUTO,20200626,2853.7,2900,2825,2867.6,1227666
BAJAJCON,20200626,152,153.2,150,150.25,412777
BAJAJELEC,20200626,409,410.85,402,402.9,106076
BAJAJFINSV,20200626,6089,6133.55,5870,5946.3,1067247
BAJAJHIND,20200626,8.3,8.3,7.9,8,6436480
BAJAJHLDNG,20200626,2691.3,2825,2683.5,2705.05,69325
BAJFINANCE,20200626,3042.5,3058.8,2872.05,2903.5,12573521
BALAJITELE,20200626,77,78.8,75,77.35,176375
BALAMINES,20200626,458.55,543.7,456,525.3,3029910
BALAXI,20200626,134.4,134.9,124.3,125.15,8812
BALKRISHNA,20200626,19.1,19.1,19.1,19.1,9406
BALKRISIND,20200626,1243,1268.15,1234.05,1242.6,443829
BALLARPUR,20200626,1.35,1.35,1.35,1.35,509451
BALMLAWRIE,20200626,114.15,115.65,112.1,113.3,145768
BALPHARMA,20200626,46.2,48.45,45.6,46,23172
BALRAMCHIN,20200626,130,133.45,129.8,131.3,1695367
BANARBEADS,20200626,41.7,43.3,40.25,40.4,7866
BANARISUG,20200626,1089,1089,1030,1053.1,1204
BANCOINDIA,20200626,79,79.55,76.7,77.15,162965
BANDHANBNK,20200626,340.7,345.3,332.35,337.95,12952924
BANG,20200626,23.15,23.25,21.05,21.45,30458
BANKBARODA,20200626,52.9,53.1,51.5,51.85,36651763
BANKBEES,20200626,217,219,214,216.82,1750131
BANKINDIA,20200626,51.2,52.3,50.2,51.35,8346330
BANSWRAS,20200626,89.45,91.85,87.05,88.4,38740
BASF,20200626,1179.5,1197.4,1163,1172.95,48359
BASML,20200626,95,107.6,95,100.35,18043
BATAINDIA,20200626,1327,1342,1317.65,1325.6,464571
BAYERCROP,20200626,5975,5999,5920,5960.7,11573
BBL,20200626,821.75,830,792.8,799.8,18520
BBTC,20200626,1068,1074.7,1035.2,1045.35,75691
BCG,20200626,10.6,10.75,9.9,9.9,1592638
BCP,20200626,5.5,5.55,5.4,5.4,654902
BDL,20200626,298.45,301.8,280.5,290.85,416098
BEARDSELL,20200626,9,9.4,8.6,9.35,7193
BEDMUTHA,20200626,15.45,15.65,14.95,15,7989
BEL,20200626,84.95,86.45,83.8,85.3,15375634
BEML,20200626,646.5,658,635.7,646.3,546262
BEPL,20200626,45,47.7,45,45.95,914612
BERGEPAINT,20200626,526,528.4,508,510.8,1380256
BFINVEST,20200626,309.6,321.95,309,310.45,36667
BFUTILITIE,20200626,203.45,208.15,199,203.6,319004
BGRENERGY,20200626,40,40.7,36.7,39.05,248197
BHAGERIA,20200626,121,121,117,118.05,49224
BHAGYANGR,20200626,19.25,19.5,18.35,19.15,22512
BHAGYAPROP,20200626,20.75,24.75,20.65,22.35,283589
BHANDARI,20200626,1.65,1.65,1.65,1.65,110699
BHARATFORG,20200626,363.2,363.2,350.45,352.5,1246484
BHARATGEAR,20200626,44.4,46,42.25,43.6,26488
BHARATRAS,20200626,7000,7160.05,6815.15,7030.5,3807
BHARATWIRE,20200626,24.4,24.4,22.95,24.4,70896
BHARTIARTL,20200626,560,566.4,557.15,560.4,11109042
BHEL,20200626,38.7,38.7,36.5,36.9,90485855
BIGBLOC,20200626,28.8,30.1,28.15,29.55,8084
BIL,20200626,139,139.15,138,139.15,5702
BILENERGY,20200626,1.45,1.45,1.45,1.45,1167295
BINDALAGRO,20200626,15.1,15.3,14.5,15.05,79092
BIOCON,20200626,406,410.45,399.3,401.8,6825060
BIOFILCHEM,20200626,13.55,13.9,12.95,13.45,12802
BIRLACABLE,20200626,55,55,52,52.3,72059
BIRLACORPN,20200626,601.75,609.95,591.5,595.3,129563
BIRLAMONEY,20200626,37.35,37.35,35.85,36.15,222376
BIRLATYRE,20200626,41.75,41.75,41.75,41.75,22743
BKMINDST,20200626,1.4,1.4,1.4,1.4,117649
BLBLIMITED,20200626,7,7,6.5,6.6,134628
BLISSGVS,20200626,100.15,100.15,96.6,97.4,236479
BLKASHYAP,20200626,5.7,5.85,5.6,5.85,89118
BLS,20200626,65.9,71.6,64,68.15,748459
BLUECOAST,20200626,4.5,4.5,4.5,4.5,249
BLUEDART,20200626,2028,2028,1990,2008.15,13057
BLUESTARCO,20200626,509.6,515,503.3,505.8,69312
BODALCHEM,20200626,60.65,63.5,60.65,61.95,1143515
BOMDYEING,20200626,77.9,78.4,76.2,76.5,1313339
BORORENEW,20200626,141.95,141.95,141.95,141.95,55275
BOSCHLTD,20200626,11488,11574.55,11118,11213.5,39854
BPCL,20200626,376.4,396.95,373,393.65,12188087
BPL,20200626,24.7,24.7,24.7,24.7,52884
BRFL,20200626,8.3,8.3,8.3,8.3,23006
BRIGADE,20200626,143.3,145.7,143,144.05,93274
BRITANNIA,20200626,3457.3,3499.9,3444.3,3456.4,448352
BRNL,20200626,37.35,38.2,36.65,36.95,17220
BROOKS,20200626,31,32.5,30.75,31.4,15547
BSE,20200626,462,464.05,450.5,453.2,157817
BSELINFRA,20200626,1.45,1.45,1.45,1.45,6125
BSL,20200626,26,26.35,25.4,25.95,13900
BSLGOLDETF,20200626,4474,4474,4415.05,4423.85,86
BSLNIFTY,20200626,113.79,113.79,111.62,112.27,367
BSOFT,20200626,89,96.7,88.7,92.1,2699530
BURNPUR,20200626,1.95,1.95,1.95,1.95,13481
BUTTERFLY,20200626,131.8,142.45,131.8,138.4,595448
BVCL,20200626,13.2,13.75,13.1,13.75,5348
BYKE,20200626,12.35,12.5,11.8,12.3,38279
CADILAHC,20200626,364.9,372.7,363.05,363.85,4312446
CALSOFT,20200626,9.2,10.1,9,10.1,150280
CAMLINFINE,20200626,53.55,53.55,52.95,53.55,719244
CANBK,20200626,106,107.45,103.1,104.5,18383138
CANFINHOME,20200626,363.9,365,351.4,354.4,321865
CANTABIL,20200626,270,289,267.35,285.65,96277
CAPACITE,20200626,118,118,113,114.45,56907
CAPLIPOINT,20200626,329.75,334.2,311.9,314.2,577786
CAPTRUST,20200626,82.65,84.9,79.25,80.4,39616
CARBORUNIV,20200626,272,275,265.05,273.25,193682
CAREERP,20200626,141.2,149.35,140.8,145.15,61212
CARERATING,20200626,423.05,430,418.9,420.15,34075
CASTROLIND,20200626,129,131.4,127.4,128.3,2381617
CCHHL,20200626,3.7,3.75,3.45,3.7,39362
CCL,20200626,245,247.35,239.2,241.9,102379
CDSL,20200626,283.05,284.5,274,274.65,317901
CEATLTD,20200626,922.85,935,910,926.35,126597
CEBBCO,20200626,13.7,13.7,13,13.2,23167
CELEBRITY,20200626,5.55,5.6,5.3,5.5,41247
CENTENKA,20200626,181.4,182.95,179,180.15,39050
CENTEXT,20200626,5.7,5.7,5.7,5.7,261591
CENTRALBK,20200626,17.55,20.45,17.35,19.8,16317976
CENTRUM,20200626,19.4,19.4,19.05,19.4,153042
CENTUM,20200626,278.25,325,278.25,305.2,47631
CENTURYPLY,20200626,118,124,117.5,120.55,1145621
CENTURYTEX,20200626,311,314,303.85,307.85,998410
CERA,20200626,2224,2231.95,2202.05,2216.55,2456
CEREBRAINT,20200626,30.5,30.5,28.45,28.75,142906
CESC,20200626,614,622,605.15,607.1,117861
CESCVENT,20200626,170,182.9,168.35,171.85,332009
CGCL,20200626,157.75,165.45,156,160.95,137046
CGPOWER,20200626,7.8,7.8,7.8,7.8,264601
CHALET,20200626,138.7,139.5,135.1,136.75,74621
CHAMBLFERT,20200626,146.7,148.45,143.7,144.35,590620
CHEMBOND,20200626,140.35,156.05,140.35,145.75,109140
CHEMFAB,20200626,142.75,144.9,135.1,136.5,9059
CHENNPETRO,20200626,84,86,83.3,83.7,1069832
CHOLAFIN,20200626,210,211.75,200,201.8,16997483
CHOLAHLDNG,20200626,317,322.55,305.1,308,32624
CHROMATIC,20200626,0.9,0.95,0.9,0.9,129132
CIGNITITEC,20200626,285,291,278.5,282,29436
CIMMCO,20200626,17.15,17.35,16.85,17.15,11948
CINELINE,20200626,25.45,25.45,24.4,24.55,13068
CINEVISTA,20200626,6.65,7.1,6.6,7.05,39502
CIPLA,20200626,639,643.65,631.6,634.9,3847867
CLEDUCATE,20200626,45,45.75,44.55,45.1,7035
CLNINDIA,20200626,383,383,371.25,374.65,20227
CMICABLES,20200626,38.75,38.9,38.75,38.75,31521
CNOVAPETRO,20200626,7.45,7.45,7.45,7.45,477
COALINDIA,20200626,140.9,143,139.6,142.1,8096021
COCHINSHIP,20200626,308.25,324.5,308.25,319.6,1588548
COLPAL,20200626,1421,1421,1383.3,1391.25,504571
COMPINFO,20200626,14.2,14.2,13.5,13.7,600079
COMPUSOFT,20200626,9.65,9.65,9,9.35,62425
CONCOR,20200626,429,439,423,433.8,2228682
CONFIPET,20200626,20.3,20.3,19.6,19.75,153293
CONSOFINVT,20200626,34.5,34.5,30.15,30.35,506
CONTROLPR,20200626,208,208,198,199.4,7751
CORALFINAC,20200626,33.1,33.1,33.1,33.1,55522
CORDSCABLE,20200626,38.95,39,36.5,37.15,10461
COROMANDEL,20200626,754.9,768.8,744.25,757.35,508010
COSMOFILMS,20200626,304,319.9,298.7,315.75,166730
COUNCODOS,20200626,1.55,1.6,1.5,1.6,64273
CPSEETF,20200626,18.08,18.25,18,18.15,1496298
CREATIVE,20200626,82,82,78.25,78.55,8552
CREATIVEYE,20200626,1.55,1.55,1.55,1.55,1002
CREDITACC,20200626,535,546.8,513.2,517.7,268705
CREST,20200626,71.35,71.8,68.5,69.95,5491
CRISIL,20200626,1602,1630,1575.55,1605.9,86879
CROMPTON,20200626,232,238.9,229.4,236.25,599980
CSBBANK,20200626,185.8,189.8,185.75,186.75,475609
CTE,20200626,20,20,19.1,20,14426
CUB,20200626,123.7,125,122.5,124.4,1507584
CUBEXTUB,20200626,12.4,12.5,11.85,12.25,5753
CUMMINSIND,20200626,410.9,417.4,405.5,410.6,1574985
CUPID,20200626,196.8,199,193.05,195.75,54839
CYBERTECH,20200626,43.5,44.85,42.05,43.15,23189
CYIENT,20200626,282.5,286.35,272.2,275.5,1855928
DAAWAT,20200626,41,41.6,40.15,40.4,1775945
DABUR,20200626,462.1,464.95,455.05,460.35,3102744
DALBHARAT,20200626,710,715.8,691.05,700,162064
DALMIASUG,20200626,110.55,114.1,109.95,110.8,255410
DAMODARIND,20200626,29.5,33,26.1,26.6,125431
DATAMATICS,20200626,50.85,50.9,47.8,48.95,47455
DBCORP,20200626,77.5,79.1,77.05,77.75,360125
DBL,20200626,287.7,291,281,283.15,225057
DBREALTY,20200626,8.1,8.1,7.6,7.85,299904
DBSTOCKBRO,20200626,9.3,10.2,9.3,9.4,704
DCAL,20200626,134,138,128.35,129.55,1106870
DCBBANK,20200626,83,83.8,81.2,81.75,2075690
DCM,20200626,22,22,20,20.05,30845
DCMFINSERV,20200626,0.8,0.85,0.8,0.85,400
DCMNVL,20200626,29.1,29.6,27.25,27.35,6242
DCMSHRIRAM,20200626,332,345,330.1,337.8,199409
DCW,20200626,13.05,13.25,12.55,12.85,519767
DECCANCE,20200626,264.05,300,262.6,270.3,53151
DEEPAKFERT,20200626,118.2,119.45,115.7,117.6,696014
DEEPAKNTR,20200626,507,509.25,501.2,504.1,529839
DEEPIND,20200626,76.25,79.8,74.3,75.3,67003
DELTACORP,20200626,95,95,91.55,92.15,1125393
DELTAMAGNT,20200626,25.85,27.05,25.35,27.05,22723
DEN,20200626,78.2,82.5,77,78.15,135965
DENORA,20200626,224,230.85,224,226.8,1339
DFMFOODS,20200626,192.95,194,180,185.5,119695
DGCONTENT,20200626,5.7,5.85,5.65,5.85,29593
DHAMPURSUG,20200626,130.9,132.75,128.45,129.3,801630
DHANBANK,20200626,15.35,15.7,14.4,15.5,5357760
DHANUKA,20200626,712.4,715.4,695,701.95,100547
DHFL,20200626,16.45,16.45,15.95,16.05,1144465
DHUNINV,20200626,179.55,189.8,177.9,181.2,2348
DIAMONDYD,20200626,633.45,639,624.05,627.75,10753
DICIND,20200626,342.05,347,334.25,337.3,4517
DIGISPICE,20200626,8.6,8.6,8,8.15,22111
DISHTV,20200626,8.55,8.6,8.55,8.55,6249261
DIVISLAB,20200626,2344,2381.9,2332.55,2350.75,497120
DIXON,20200626,5730,5774.95,5546.7,5578.6,35068
DLF,20200626,159.15,159.15,152.35,154.4,10524946
DLINKINDIA,20200626,87.95,88.35,85.5,86.65,137433
DMART,20200626,2329.7,2337.85,2290,2294.4,203494
DOLAT,20200626,51.9,52.1,50.4,50.55,78307
DOLLAR,20200626,140.5,148,140.5,144.3,246012
DONEAR,20200626,28.75,32.75,28.7,31.9,219391
DPSCLTD,20200626,9.5,9.5,9.25,9.4,15308
DPWIRES,20200626,54,54.85,53,53.5,1390
DQE,20200626,1.85,1.85,1.85,1.85,21650
DREDGECORP,20200626,252.25,276.5,247.7,269.15,907922
DRREDDY,20200626,4015,4065,3965,3998.6,743912
DSSL,20200626,25.55,26.1,24.5,25.9,8239
DTIL,20200626,179,190,174.95,177.55,7990
DUCON,20200626,4.75,4.75,4.55,4.7,131815
DVL,20200626,67.45,68.9,66.5,67.05,4118
DWARKESH,20200626,25.65,26.25,25.3,25.6,1469884
DYNAMATECH,20200626,632.95,635.75,617,627.9,1783
DYNPRO,20200626,135,140.1,133.7,138.8,74065
EASTSILK,20200626,1.1,1.1,1.1,1.1,15683
EBANK,20200626,2351.99,2378.12,2200.01,2290.52,15
EBBETF0423,20200626,1069,1069.74,1068.05,1069.03,7805
EBBETF0430,20200626,1086,1087.98,1083.17,1085.98,32162
EBIXFOREX,20200626,457.95,457.95,438,449,3583
ECLERX,20200626,445,455.95,441.5,445.05,79209
EDELWEISS,20200626,57,57,56.75,57,704665
EICHERMOT,20200626,18290,18551.1,18097,18473.4,224886
EIDPARRY,20200626,273,278.7,269.05,272.4,409151
EIHAHOTELS,20200626,244,245.65,237,238.1,1500
EIHOTEL,20200626,67.25,68.25,65.45,65.9,656735
EIMCOELECO,20200626,311.55,313,298,306.55,2923
EKC,20200626,19.8,20.8,19,19.2,112363
ELECON,20200626,26.75,27.45,24.9,26.3,257939
ELECTCAST,20200626,16.2,16.3,15.4,15.65,706734
ELECTHERM,20200626,120.95,123.1,115.1,118.5,7813
ELGIEQUIP,20200626,155,156.9,153.6,154.1,98678
ELGIRUBCO,20200626,19.45,21.3,18.55,21.3,404798
EMAMILTD,20200626,223.05,233.45,214.2,220.95,2740475
EMAMIPAP,20200626,80.05,81.8,79.5,80.95,12775
EMAMIREAL,20200626,39.5,40,37.65,37.9,15667
EMKAY,20200626,51.4,51.4,47.2,48.25,26524
EMMBI,20200626,73.15,74.2,72,73.65,10441
ENDURANCE,20200626,917,924.6,890,895.9,242850
ENERGYDEV,20200626,7.35,7.35,7,7.1,7884
ENGINERSIN,20200626,76.7,80.75,76.4,79.9,11409751
ENIL,20200626,155.2,159.5,153.2,154.9,29232
EQ30,20200626,304.9,312,284.1,305.11,60
EQUITAS,20200626,55.25,56.6,54.05,55.35,20346120
ERIS,20200626,473.1,476,466.2,467.65,32159
EROSMEDIA,20200626,18.4,18.4,17.8,17.85,238654
ESABINDIA,20200626,1382.05,1418.9,1365.05,1406.8,8558
ESCORTS,20200626,1033,1045.1,1005.4,1017.35,2140776
ESSARSHPNG,20200626,8,8.15,7.9,8.05,24440
ESSELPACK,20200626,182.8,187,181,185.35,80026
ESTER,20200626,52.6,52.6,49.15,49.65,200932
EUROMULTI,20200626,0.85,0.85,0.85,0.85,1683
EVEREADY,20200626,81,81,78,78.1,573057
EVERESTIND,20200626,211.3,219,205.15,216.65,109684
EXCEL,20200626,1.1,1.1,1.1,1.1,32725
EXCELINDUS,20200626,722,728.8,703,719.75,31644
EXIDEIND,20200626,151.2,152.15,148.5,148.9,5030192
EXPLEOSOL,20200626,273.1,280,271.85,273,9164
FACT,20200626,54.8,54.8,50,50.5,2437388
FAIRCHEM,20200626,555.25,567.45,545.95,550.65,28056
FCL,20200626,27.2,28.2,27.05,27.25,123777
FCONSUMER,20200626,18.35,18.35,18.35,18.35,311217
FCSSOFT,20200626,0.65,0.65,0.6,0.65,4595823
FDC,20200626,277.2,281.5,270.95,273.15,289150
FEDERALBNK,20200626,53.25,54.95,52.8,53.45,39174675
FEL,20200626,16.55,16.55,16.55,16.55,207425
FELDVR,20200626,18.2,18.2,18.2,18.2,134864
FIEMIND,20200626,374,384.95,370,379.65,65675
FILATEX,20200626,26.9,26.95,25.55,25.75,253051
FINCABLES,20200626,307.5,307.5,295.45,298.35,84369
FINEORG,20200626,1895,1923.85,1890,1894.7,6246
FINPIPE,20200626,490,530.5,487.7,520.4,219710
FLEXITUFF,20200626,9.55,9.55,9.55,9.55,6177
FLFL,20200626,138.6,149.8,138.6,149.8,296696
FLUOROCHEM,20200626,374.95,384.45,374.95,375.65,31507
FMGOETZE,20200626,416.9,416.9,400.2,404.25,3316
FMNL,20200626,30.6,31,30.6,31,295732
FORCEMOT,20200626,951.3,984,950,953.05,36395
FORTIS,20200626,125.4,125.9,123,123.35,1579278
FOSECOIND,20200626,1041.8,1048.4,1030,1034.85,357
FRETAIL,20200626,142.4,142.4,139,142.4,5058480
FSC,20200626,169.75,169.75,169,169.75,43683
FSL,20200626,39.2,39.8,38,38.3,1830038
GABRIEL,20200626,89.75,97.95,89.75,92.35,189772
GAEL,20200626,135.95,140,133,135.2,157156
GAIL,20200626,104.95,105.5,102.75,105.15,20691407
GAL,20200626,3.5,3.5,3.5,3.5,20874
GALAXYSURF,20200626,1444,1479,1420,1432.3,32752
GALLANTT,20200626,37.9,40,34.5,34.9,60620
GALLISPAT,20200626,29.6,30.85,29.6,30.4,51110
GAMMNINFRA,20200626,0.95,0.95,0.95,0.95,1029768
GANDHITUBE,20200626,195.45,196.95,191.1,193.9,6505
GANECOS,20200626,225.05,229.8,215,219.35,18972
GANESHHOUC,20200626,33.85,34,32.1,33.1,61990
GANGESSECU,20200626,32.85,35.9,32.85,34.9,9688
GARDENSILK,20200626,12.9,12.9,12.9,12.9,16586
GARFIBRES,20200626,1399,1423.9,1383.9,1400.75,8931
GATI,20200626,47.35,48.8,46,46.35,389422
GAYAHWS,20200626,0.4,0.4,0.4,0.4,1057608
GAYAPROJ,20200626,17.45,17.45,16.45,16.85,651778
GBGLOBAL,20200626,5.4,5.4,5.15,5.2,3223
GDL,20200626,87.95,87.95,85,85.9,55973
GEECEE,20200626,67.3,70.25,66.6,69.05,10772
GEEKAYWIRE,20200626,66.8,69,66.8,68.65,5214
GENESYS,20200626,44,44,44,44,12616
GENUSPAPER,20200626,5.15,5.2,5.05,5.15,251235
GENUSPOWER,20200626,24.8,24.8,22.05,23.4,830329
GEOJITFSL,20200626,36.85,37.65,34.4,35.4,4506542
GEPIL,20200626,471.65,480.55,470,475.7,27255
GESHIP,20200626,215.5,222.85,215.5,219.2,754551
GET&D,20200626,83.8,83.8,77.8,80.35,113901
GFLLIMITED,20200626,106.9,106.9,103.2,103.95,83508
GFSTEELS,20200626,3.05,3.05,3.05,3.05,195
GHCL,20200626,143,145,138.2,138.65,139649
GICHSGFIN,20200626,88.6,91.2,88.2,88.6,522352
GICRE,20200626,158.05,161.9,154,154.9,581363
GILLANDERS,20200626,31.1,32,30.1,31.9,5974
GILLETTE,20200626,4919,5011,4900.6,4985.35,13694
GINNIFILA,20200626,15.6,15.6,15.6,15.6,240017
GIPCL,20200626,71.15,77,71.15,75.1,1058570
GKWLIMITED,20200626,488,490,488,489,80
GLAXO,20200626,1502.5,1521,1479,1481.1,28565
GLENMARK,20200626,465,477.75,461.55,466.7,11105234
GLOBALVECT,20200626,64.6,64.8,57.2,58.9,163277
GLOBOFFS,20200626,5.75,6,5.75,6,1337
GLOBUSSPR,20200626,129,129,122.1,125.45,104316
GMBREW,20200626,409.1,414.7,407,408.2,20731
GMDCLTD,20200626,42.85,43.2,41.6,41.8,718750
GMMPFAUDLR,20200626,4320,4320,4160,4178.95,14510
GMRINFRA,20200626,20.75,20.8,20.35,20.4,8138699
GNA,20200626,190.9,199.3,190.9,196.6,205930
GNFC,20200626,163.1,165.3,160.1,161.1,1434353
GOACARBON,20200626,224.9,228,218.95,220.3,22122
GOCLCORP,20200626,184.8,189,181,182.75,11066
GODFRYPHLP,20200626,1005,1013.95,993,996.55,39940
GODREJAGRO,20200626,454.9,463.8,452.3,457.2,206858
GODREJCP,20200626,680,696.8,679,685.45,1515673
GODREJIND,20200626,420,427,420,421.45,141352
GODREJPROP,20200626,882.5,891,857,868.25,234046
GOKEX,20200626,38.9,39.4,37.85,38.25,140502
GOKUL,20200626,17.4,18.15,16.45,16.65,118513
GOKULAGRO,20200626,15.7,15.7,15.7,15.7,18733
GOLDBEES,20200626,42.49,42.68,42.18,42.33,3155441
GOLDENTOBC,20200626,26.95,27.6,26.15,27.15,12691
GOLDIAM,20200626,104.45,106.5,99,100.85,122756
GOLDSHARE,20200626,4385,4385,4351.95,4374.1,488
GOLDTECH,20200626,8.6,8.85,8.4,8.55,19824
GOODLUCK,20200626,41.8,43,41.4,41.65,64263
GPIL,20200626,170.4,177,170.1,171.95,88741
GPPL,20200626,81,82.4,77.6,78.55,477415
GPTINFRA,20200626,23.85,24.75,23.5,24.25,39871
GRANULES,20200626,208.5,209,204.55,205.4,924511
GRAPHITE,20200626,190.35,191.8,187.6,188.1,240197
GRASIM,20200626,612.9,626.35,610,616.15,1760688
GRAVITA,20200626,47.2,47.2,44.4,44.6,84918
GREAVESCOT,20200626,88.05,88.7,86.75,87.05,336802
GREENLAM,20200626,855,867.1,814,822.9,5899
GREENPANEL,20200626,41.7,41.7,38.1,39.45,77772
GREENPLY,20200626,91.45,91.85,88.5,88.7,163730
GREENPOWER,20200626,2.7,2.8,2.7,2.7,5211742
GRINDWELL,20200626,490,501.9,484.85,498.2,16781
GROBTEA,20200626,429.95,429.95,409.5,409.5,94
GRPLTD,20200626,675,719,655,666.75,483
GRSE,20200626,203.7,214,203,211.35,352060
GSCLCEMENT,20200626,29.45,30.7,28.75,29.7,340227
GSFC,20200626,54.95,57,54.3,55.25,3107826
GSPL,20200626,213.95,217.85,213.05,215.55,549246
GSS,20200626,26.5,27.5,25.9,26.25,127374
GTLINFRA,20200626,1.15,1.15,1.15,1.15,2613152
GTNIND,20200626,10.9,10.9,10.25,10.9,46277
GTNTEX,20200626,6.9,6.9,6.35,6.4,64607
GTPL,20200626,68.4,71.5,67.25,67.95,143772
GUFICBIO,20200626,80.85,82.25,77.25,78.95,180666
GUJALKALI,20200626,327.45,334.4,327,328.9,51703
GUJAPOLLO,20200626,179.55,179.9,162.7,168.9,8041
GUJGASLTD,20200626,311.3,319.5,303.45,306.9,2447867
GUJRAFFIA,20200626,12.9,12.9,12.85,12.9,915
GULFOILLUB,20200626,616.1,627,611.15,614.2,64165
GULFPETRO,20200626,45.4,47.5,44.95,46.25,71535
GULPOLY,20200626,35.15,36,34.45,35.05,11265
GVKPIL,20200626,3.15,3.4,3.1,3.25,15454073
HAL,20200626,795,795.95,754,761.75,309514
HARITASEAT,20200626,376.7,376.7,362.55,367.2,568
HARRMALAYA,20200626,85,86.9,80.55,82.05,449160
HATHWAY,20200626,33.25,35.5,33.25,33.85,1798270
HATSUN,20200626,666.55,676.8,665,670.25,30226
HAVELLS,20200626,581.15,593.4,580.05,585.45,2262112
HAVISHA,20200626,0.65,0.65,0.65,0.65,72724
HBLPOWER,20200626,17,17.25,16.4,16.5,976248
HBSL,20200626,4.95,5.25,4.95,5.25,2708
HCC,20200626,6.45,6.45,6.25,6.45,11331490
HCG,20200626,124.5,124.8,121.85,122,98149
HCL-INSYS,20200626,9.75,9.8,9.4,9.8,578463
HCLTECH,20200626,550.05,573.9,545,562.4,7034881
HDFC,20200626,1793.85,1799.9,1752.4,1769.35,5731517
HDFCAMC,20200626,2470,2503.3,2450,2488.1,461927
HDFCBANK,20200626,1041,1063,1028,1056.45,19986677
HDFCLIFE,20200626,541.4,547.45,535,541.9,2586687
HDFCMFGETF,20200626,4334,4385,4317.05,4348,7766
HDFCNIFETF,20200626,1089.73,1096,1077.76,1089.66,557
HDFCSENETF,20200626,3682,3730,3682,3720.52,126
HEG,20200626,884.8,897.1,872,875.55,139107
HEIDELBERG,20200626,182.45,184.65,180.35,181.65,340681
HERCULES,20200626,78,79.5,77,77.35,179604
HERITGFOOD,20200626,267.05,278,267.05,269.85,42310
HEROMOTOCO,20200626,2580,2590.65,2530.8,2540.45,1351765
HESTERBIO,20200626,1349.8,1353,1245.1,1254,44977
HEXATRADEX,20200626,15.25,16.25,14.75,16.1,96501
HEXAWARE,20200626,326,329.8,322.35,326.95,2180175
HFCL,20200626,14.85,15.25,14.7,15.25,12283886
HGINFRA,20200626,207,207,197,201.4,81190
HGS,20200626,662,690,660,670.4,27391
HIKAL,20200626,130.2,130.6,126.35,127.65,423611
HIL,20200626,1220,1232.45,1202.1,1205.8,13664
HILTON,20200626,12.3,12.45,12,12.45,42081
HIMATSEIDE,20200626,65.9,69.95,65.9,67.45,1163540
HINDALCO,20200626,149,152,148.2,151.05,12107609
HINDCOMPOS,20200626,162.55,166,162.55,164.05,2326
HINDCOPPER,20200626,33.5,33.95,32.8,33.15,999629
HINDMOTORS,20200626,7.05,7.05,6.75,7.05,546272
HINDNATGLS,20200626,36.5,36.5,34.5,34.65,2660
HINDOILEXP,20200626,68,70,67,67.45,284530
HINDPETRO,20200626,226.95,235.85,224.55,231.25,7441061
HINDUNILVR,20200626,2179.95,2179.95,2138.1,2154.2,3176495
HINDZINC,20200626,191,204.75,191,198.95,4242947
HIRECT,20200626,140,140,128.85,131.65,18004
HISARMETAL,20200626,72.9,73,70.15,70.5,6315
HITECH,20200626,104.75,105.6,102.6,104.4,6051
HITECHCORP,20200626,86.9,86.9,76.3,79.55,4264
HITECHGEAR,20200626,124,128.85,123.05,123.7,7039
HLVLTD,20200626,5.65,5.65,5.35,5.45,212794
HMVL,20200626,54,54.5,49.4,50.5,74869
HNDFDS,20200626,510,560.05,500,560.05,24423
HNGSNGBEES,20200626,350,358,350,357.77,654
HONAUT,20200626,30603.7,31200,30345,31096,4099
HONDAPOWER,20200626,1022.9,1043.7,987.55,996,3978
HOTELRUGBY,20200626,1.7,1.7,1.7,1.7,27842
HOVS,20200626,44.05,45,43.25,44.65,2416
HPL,20200626,36.15,36.5,35.7,35.8,70447
HSCL,20200626,49.75,50.65,48.15,48.75,1093916
HSIL,20200626,49.95,52.6,49.8,50.85,511759
HTMEDIA,20200626,14.05,14.45,13.65,13.95,167894
HUBTOWN,20200626,11.1,11.1,10.7,10.85,64133
HUDCO,20200626,28.1,28.35,27.6,27.9,2172808
IBMFNIFTY,20200626,124.1,126,115,124.99,675
IBREALEST,20200626,55.4,56.45,53.1,53.25,1184750
IBULHSGFIN,20200626,233,239.4,217.65,227.65,46062583
IBULISL,20200626,56.45,56.45,56.45,56.45,14222
IBVENTURES,20200626,110.8,110.8,110.8,110.8,671449
ICICI500,20200626,139,140,138.3,139.58,1943
ICICIB22,20200626,25.41,26.1,25.41,25.92,141671
ICICIBANK,20200626,355.6,358.5,346.1,349.1,34596718
ICICIBANKN,20200626,216.99,216.99,212.16,214.48,50336
ICICIBANKP,20200626,121,121,116,117.62,65726
ICICIGI,20200626,1290,1290,1253.25,1262.55,235947
ICICIGOLD,20200626,43.13,43.99,43.01,43.26,818899
ICICILIQ,20200626,999.95,1000.01,999.85,999.99,16235
ICICILOVOL,20200626,87.9,88.09,84.71,86.09,93018
ICICIM150,20200626,57.77,58.5,57.75,58,1998
ICICIMCAP,20200626,57.77,57.77,55.61,56.2,51379
ICICINF100,20200626,116.9,135.02,112.53,121.25,94620
ICICINIFTY,20200626,109.2,109.69,108.5,109.51,171601
ICICINV20,20200626,52,53,49,52.38,3483
ICICINXT50,20200626,25.25,27,25.25,26.06,5690
ICICIPRULI,20200626,429.5,434.75,420.15,423.35,1381754
ICICISENSX,20200626,372,384.04,372,376.99,555
ICIL,20200626,40,40,38.2,38.55,116954
ICRA,20200626,2569,2624,2515.55,2593.7,1741
IDBI,20200626,40,40,39.15,40,3576423
IDBIGOLD,20200626,4501,4555,4485,4533,2028
IDEA,20200626,9.8,10.75,9.75,10.4,1093738838
IDFC,20200626,20.1,20.35,19.25,19.3,12822676
IDFCFIRSTB,20200626,27.4,27.7,26.65,26.8,37680982
IDFNIFTYET,20200626,110,110,106.1,106.1,15
IEX,20200626,186.25,187.5,184.2,186.1,397756
IFBAGRO,20200626,310,319.05,310,319.05,19176
IFBIND,20200626,408.9,462.05,406.05,420.6,285547
IFCI,20200626,7.75,8.4,7.75,8.4,12610921
IFGLEXPOR,20200626,131.2,132.05,124.1,125.2,5079
IGARASHI,20200626,289.2,293.9,285.5,286.6,79996
IGL,20200626,448.9,450.8,439.2,442.1,3245970
IGPL,20200626,146.9,152.1,143,148.55,20614
IIFL,20200626,84,86.7,77.55,79.4,3052163
IIFLSEC,20200626,47.95,47.95,42.55,44,2541603
IIFLWAM,20200626,1081,1085.8,1001.35,1012.9,82136
IITL,20200626,60,60,58.1,58.1,531
IMAGICAA,20200626,6.15,6.15,6.15,6.15,97813
IMFA,20200626,167.9,167.9,160.25,163.45,8938
IMPAL,20200626,534.95,534.95,515.55,521.3,1028
IMPEXFERRO,20200626,0.55,0.55,0.45,0.5,14567
INDBANK,20200626,7.9,7.9,7.5,7.6,84431
INDHOTEL,20200626,82.7,83.6,81.1,81.5,879902
INDIACEM,20200626,125.55,128.4,124,125.25,2621589
INDIAGLYCO,20200626,278,280.5,274.75,275.45,143296
INDIAMART,20200626,2390.6,2430,2371,2397.8,30746
INDIANB,20200626,64.9,69,64.5,66.45,5590622
INDIANCARD,20200626,93,95.25,91,92.6,2270
INDIANHUME,20200626,170.1,172.45,165.1,168.3,81020
INDIGO,20200626,1048,1062,1022.7,1028.55,1850072
INDLMETER,20200626,17.7,17.7,16.9,17,3163
INDNIPPON,20200626,285.25,292,283.3,285.15,10723
INDOCO,20200626,210,214.45,209.15,210.85,67925
INDORAMA,20200626,17.5,18,17.1,17.15,95874
INDOSTAR,20200626,284,284,280,280.6,18564
INDOTECH,20200626,105.95,105.95,100.85,102.1,6977
INDOTHAI,20200626,20,20,19,19.35,8403
INDOWIND,20200626,3.5,3.55,3.45,3.55,39916
INDRAMEDCO,20200626,58.5,60.3,56.5,57.6,758635
INDSWFTLAB,20200626,33,34.5,32.55,33.55,32501
INDSWFTLTD,20200626,3.15,3.2,3.15,3.15,81180
INDTERRAIN,20200626,35.4,35.9,32.8,33.25,453994
INDUSINDBK,20200626,483,501,481.05,492.55,33900526
INEOSSTYRO,20200626,720,728.4,704.95,724.5,18143
INFIBEAM,20200626,65.8,67.45,62.5,65.7,2967304
INFOBEAN,20200626,102.5,102.5,98.55,99.9,15214
INFRABEES,20200626,315,315.3,304.7,307.18,2189
INFRATEL,20200626,223.6,231.5,218.2,220.6,10084789
INFY,20200626,710.2,751.6,710,748.2,26030535
INGERRAND,20200626,637.05,638.8,637.05,638,17463
INOXLEISUR,20200626,247,254.9,243,244.8,281902
INOXWIND,20200626,40.5,41.5,39,40.8,161712
INSECTICID,20200626,456.05,480,455,465.7,274435
INSPIRISYS,20200626,24.9,25,22.5,24.1,2500
INTEGRA,20200626,0.45,0.45,0.45,0.45,32
INTELLECT,20200626,101.15,109.2,101.15,109.2,121324
INTENTECH,20200626,23.9,25.15,23.5,24.95,19606
INVENTURE,20200626,14,14.6,14,14.3,4307
IOB,20200626,13.1,13.1,12.6,13.1,18166836
IOC,20200626,85.9,89.95,85.75,89.15,46496322
IOLCP,20200626,476,485.6,445.55,454.55,1779758
IPCALAB,20200626,1670.2,1708.45,1670.2,1700.35,281347
IRB,20200626,90.95,93.35,87.1,90.1,4171318
IRCON,20200626,90.6,92.7,90,90.55,672551
IRCTC,20200626,1349,1404,1340,1382.25,1727846
ISEC,20200626,480,489.8,470,472.8,388073
ISFT,20200626,50.7,51.95,48.6,49.15,4245
ISMTLTD,20200626,4.9,5.4,4.9,4.9,156758
ITC,20200626,206,209.4,193.3,195.2,71957460
ITDC,20200626,210.15,216.15,206.8,213.65,44715
ITDCEM,20200626,53.65,57,52.5,55.6,1045152
ITI,20200626,107.4,110,104.1,107.85,7002677
IVC,20200626,3.45,3.5,3.3,3.45,353786
IVP,20200626,42.7,42.7,39.05,39.2,2057
IVZINGOLD,20200626,4500,4500,4362,4408.95,64
IZMO,20200626,22.25,22.25,20.25,21.4,31049
J&KBANK,20200626,20.75,20.75,19.3,19.7,15637538
JAGRAN,20200626,42.45,42.45,41.4,41.55,793931
JAGSNPHARM,20200626,43.1,43.1,43.1,43.1,34548
JAIBALAJI,20200626,23.35,23.4,21.4,23.4,13392
JAICORPLTD,20200626,90,92.4,88.8,89.7,1801642
JAINSTUDIO,20200626,2.2,2.2,2.2,2.2,1877
JAMNAAUTO,20200626,32,35,31.7,34.15,4402344
JASH,20200626,159,159,159,159,3209
JAYAGROGN,20200626,99.8,101.2,96.8,98.5,12989
JAYBARMARU,20200626,214,214.8,203.35,207.05,48127
JAYNECOIND,20200626,3.5,3.75,3.5,3.75,53107
JAYSREETEA,20200626,47.25,47.8,45,45.35,59589
JBCHEPHARM,20200626,689.9,693.8,658.1,677.85,419681
JBFIND,20200626,12.6,12.6,12.6,12.6,51194
JBMA,20200626,232.9,239,221.1,223.3,56781
JCHAC,20200626,2327.1,2340,2255.6,2294.85,8142
JHS,20200626,17.4,17.4,17.4,17.4,71400
JINDALPHOT,20200626,16.05,17.5,15.55,16.8,24011
JINDALPOLY,20200626,389.85,396.9,380.1,386.1,163554
JINDALSAW,20200626,62.75,63.25,60.65,61.15,1591995
JINDALSTEL,20200626,151.3,157.5,151,153.2,16035209
JINDRILL,20200626,71.85,75,71.85,74.75,7277
JINDWORLD,20200626,44.55,44.55,42.5,44.55,16996
JISLDVREQS,20200626,11.75,11.75,11.7,11.75,42404
JISLJALEQS,20200626,11.5,11.55,11.3,11.55,3974072
JITFINFRA,20200626,7.25,7.35,7,7.35,14016
JIYAECO,20200626,12,12,11.25,11.4,127945
JKCEMENT,20200626,1400,1412,1360.65,1371.95,37433
JKIL,20200626,101.8,103.95,96.1,96.6,416412
JKLAKSHMI,20200626,256.1,260.15,252.7,256.5,156744
JKPAPER,20200626,102.7,103.75,100.2,101.2,3049018
JKTYRE,20200626,65.95,66.3,64.3,65,925722
JMA,20200626,21.3,22.8,21.3,22.5,9373
JMCPROJECT,20200626,56.45,56.95,52.5,53.4,248657
JMFINANCIL,20200626,76.1,76.35,72,73.4,1818534
JMTAUTOLTD,20200626,5.75,5.75,5.75,5.75,80904
JOCIL,20200626,169.95,170.4,158.1,161.45,61328
JPASSOCIAT,20200626,2.4,2.4,2.4,2.4,576665
JPINFRATEC,20200626,1.75,1.75,1.75,1.75,175180
JPOLYINVST,20200626,21.35,21.35,20.05,21.35,3565
JPPOWER,20200626,1.85,1.85,1.85,1.85,180334
JSL,20200626,38,38.45,37.2,37.4,257186
JSLHISAR,20200626,67.5,69.3,64.1,65.55,168454
JSWENERGY,20200626,49.95,50.3,48.5,48.75,1338916
JSWHL,20200626,1954,1994.15,1944.85,1971.6,592
JSWSTEEL,20200626,195.65,197.5,191.55,192.65,6960491
JTEKTINDIA,20200626,69,69.45,67.15,67.85,466542
JUBILANT,20200626,667,677,649.5,654.7,320307
JUBLFOOD,20200626,1786.95,1801.55,1751.05,1769.85,496377
JUBLINDS,20200626,111.7,112.5,109.15,110.5,8871
JUMPNET,20200626,59.95,62,58.9,59.3,2586995
JUNIORBEES,20200626,273.4,273.98,269.11,270.04,78165
JUSTDIAL,20200626,392,405.85,388.3,392.55,4570653
JYOTHYLAB,20200626,121.3,125.9,118.3,123.45,1550747
KABRAEXTRU,20200626,58,58,54.1,54.65,20356
KAJARIACER,20200626,403.1,412,391,401.15,744924
KAKATCEM,20200626,151.8,151.8,142.7,145.2,18315
KALPATPOWR,20200626,226.8,228.5,221.95,223.5,332694
KALYANIFRG,20200626,144.15,144.15,138.1,138.1,512
KAMATHOTEL,20200626,27,27.4,26.2,26.5,57481
KAMDHENU,20200626,76.4,77.8,73.3,75.05,10860
KANANIIND,20200626,3.5,3.6,3.35,3.6,13340
KANORICHEM,20200626,34.85,35.7,34.6,34.9,30795
KANSAINER,20200626,452,471.05,440.5,459.7,367469
KAPSTON,20200626,95.9,95.9,95.9,95.9,30
KARDA,20200626,260.95,263,249,253,25974
KARMAENG,20200626,11.9,11.9,11,11.3,4517
KARURVYSYA,20200626,35.2,37,34.25,36.6,8885240
KAUSHALYA,20200626,0.65,0.65,0.65,0.65,28834
KAYA,20200626,244.9,248.9,230,234.4,19648
KCP,20200626,49.7,54,49.2,50.95,3308956
KCPSUGIND,20200626,15.3,15.5,15.1,15.25,183624
KDDL,20200626,170.55,173,168,169.4,826
KEC,20200626,260,265.75,258.05,261.6,176840
KECL,20200626,12.85,12.85,12.85,12.85,21419
KEI,20200626,352,353.75,344.5,347.35,104059
KELLTONTEC,20200626,15.2,15.95,15,15.75,123193
KENNAMET,20200626,781.95,787.95,766.05,784.3,1582
KERNEX,20200626,18.5,18.5,17.6,17.6,7040
KESORAMIND,20200626,34.45,35.3,33.75,34.7,147062
KEYFINSERV,20200626,38.95,38.95,38.95,38.95,1
KHADIM,20200626,129,129,120.05,121.95,74039
KHANDSE,20200626,10.4,11,10.35,10.45,9636
KICL,20200626,1290,1385,1260.05,1340.2,751
KILITCH,20200626,102.9,102.9,101,101.6,8341
KINGFA,20200626,385.05,388.95,370,373.35,10351
KIOCL,20200626,112.1,114.9,109.3,112.15,11644
KIRIINDUS,20200626,437,443.95,425.15,432.6,92082
KIRLFER,20200626,69.3,72.5,69.3,71.05,19554
KIRLOSBROS,20200626,126.85,126.9,119.25,120.5,71098
KIRLOSENG,20200626,111.6,113.1,110,110.6,59583
KIRLOSIND,20200626,677,693.85,665.6,681.15,2608
KITEX,20200626,112.2,116.4,112.2,114.45,67337
KKCL,20200626,733.15,757.95,733.15,738.8,510
KMSUGAR,20200626,8.95,9.6,8.9,9.4,663103
KNRCON,20200626,223,225.9,220,220.65,112229
KOKUYOCMLN,20200626,58.5,61.45,57.6,59.6,657358
KOLTEPATIL,20200626,165.7,173.4,163.55,165.95,161884
KOPRAN,20200626,36.25,37.15,35.55,35.9,117285
KOTAKBANK,20200626,1380,1382.95,1326.95,1340.1,6694715
KOTAKBKETF,20200626,218.9,219.4,215.05,218.74,100355
KOTAKGOLD,20200626,424.3,425.5,423,424.7,38946
KOTAKNIFTY,20200626,106.45,108.07,106.41,107.42,92511
KOTAKNV20,20200626,51.45,53.49,51.45,53.22,16744
KOTAKPSUBK,20200626,151,153.5,145.1,149.23,9127
KOTARISUG,20200626,14.45,14.7,14.25,14.55,64387
KOTHARIPET,20200626,18.6,18.6,18.6,18.6,97120
KOTHARIPRO,20200626,67.7,68.8,66.2,66.7,11846
KPITTECH,20200626,63.1,65.8,60.55,61.65,2445149
KPRMILL,20200626,497.8,502,490,493.15,9427
KRBL,20200626,247.5,259,242.8,253.65,656085
KREBSBIO,20200626,78.95,80,77.5,77.85,4245
KRIDHANINF,20200626,5.3,5.3,5.25,5.3,125451
KRISHANA,20200626,48.45,51,48.45,51,1128
KSB,20200626,480,480,470.05,477.25,11563
KSCL,20200626,580,580,560,563.55,148702
KSERASERA,20200626,0.35,0.35,0.3,0.35,35367475
KSK,20200626,0.7,0.75,0.65,0.75,4230348
KSL,20200626,227.9,229.05,215,216.65,151958
KTKBANK,20200626,44.1,44.45,43,43.25,2988895
KUANTUM,20200626,430.05,442.3,430.05,435.35,409
KWALITY,20200626,4.5,4.5,4.5,4.5,189515
L&TFH,20200626,71.5,72.2,68.3,68.8,15289710
LAKSHVILAS,20200626,23.45,23.45,23.45,23.45,278105
LALPATHLAB,20200626,1556.25,1575,1546.5,1559.45,121651
LAMBODHARA,20200626,29.45,31.65,29.45,29.85,5654
LAOPALA,20200626,184,190,182.15,185.65,73989
LASA,20200626,47.5,47.5,47.5,47.5,19401
LAURUSLABS,20200626,542.2,549.65,531,541.65,473995
LAXMIMACH,20200626,2900.15,2950,2845,2873.65,2821
LEMONTREE,20200626,24.9,25.6,24.2,24.5,4426068
LFIC,20200626,44,44,42.15,42.2,34
LGBBROSLTD,20200626,220,232.95,220,226.65,35338
LGBFORGE,20200626,3.15,3.15,3.05,3.15,203852
LIBAS,20200626,50,50,49.5,49.9,6280
LIBERTSHOE,20200626,129.65,130.8,126,127.55,113984
LICHSGFIN,20200626,271,278.2,270.15,270.9,7495809
LICNETFGSC,20200626,22,22,21.5,21.56,3938
LICNETFN50,20200626,106,109.9,106,109.7,254
LICNETFSEN,20200626,410,410,408,409.04,89
LICNFNHGP,20200626,108.25,111.85,108.25,111.17,52
LINCOLN,20200626,179.25,179.25,169.9,171.6,83892
LINCPEN,20200626,152.75,166.3,152.75,159.9,7064
LINDEINDIA,20200626,597.6,609.9,586.55,589.05,18527
LIQUIDBEES,20200626,999,1000.01,999,1000,928416
LIQUIDETF,20200626,1000.01,1000.01,999.99,1000,44003
LOKESHMACH,20200626,23,23.1,21.8,22.35,32408
LOTUSEYE,20200626,34.8,34.8,29.7,32.95,14527
LOVABLE,20200626,58.85,61.9,57.1,59,187940
LPDC,20200626,1.5,1.5,1.5,1.5,1637
LSIL,20200626,1.3,1.3,1.3,1.3,1776114
LT,20200626,955,976.1,940.5,962.2,6554208
LTI,20200626,1906.95,1953,1892.85,1928.7,171354
LTTS,20200626,1270,1328.95,1265.55,1296.5,263469
LUMAXIND,20200626,1121.95,1139.7,1073,1082.15,5325
LUMAXTECH,20200626,86,87.5,82.65,85.4,150396
LUPIN,20200626,936,943.7,922,926.75,1226090
LUXIND,20200626,1149,1178.1,1125,1142.5,98046
LYKALABS,20200626,24.4,24.7,21.75,22.15,229593
LYPSAGEMS,20200626,4.2,4.2,3.85,3.95,156540
M&M,20200626,515,515.25,498.7,501.4,4079405
M&MFIN,20200626,182.45,185.5,175.05,176.9,11491578
M100,20200626,15.57,15.79,15.51,15.54,169943
M50,20200626,100.32,102.17,100.01,102.17,1274
MAANALU,20200626,59.4,60.9,57,57.7,5146
MADHAV,20200626,24.7,26.75,24.1,24.9,10879
MADRASFERT,20200626,20.45,20.75,19.75,19.85,212173
MAGADSUGAR,20200626,134,136.95,133.1,135,42194
MAGMA,20200626,29.85,29.85,29,29.85,933903
MAGNUM,20200626,4.1,4.1,4.1,4.1,11521
MAHABANK,20200626,11.25,11.65,11.05,11.5,9115968
MAHAPEXLTD,20200626,84.7,84.7,79,81,1990
MAHASTEEL,20200626,82.7,82.7,78.3,79.55,9137
MAHEPC,20200626,148.5,148.5,142.7,144.2,46067
MAHESHWARI,20200626,178.5,182.95,170,174.8,62341
MAHINDCIE,20200626,116.9,120.05,114.7,116.2,604055
MAHLIFE,20200626,217.85,219.9,212.65,216.9,67983
MAHLOG,20200626,285.05,285.55,280.1,283.85,32768
MAHSCOOTER,20200626,2590,2625,2571,2602.65,16994
MAHSEAMLES,20200626,227.85,231.95,226,226.8,86378
MAITHANALL,20200626,424,432,418.4,430.6,35356
MAJESCO,20200626,346.05,362.95,345,362.05,48034
MALUPAPER,20200626,31.05,35.25,31.05,33.85,503734
MAN50ETF,20200626,105.25,105.25,104.6,104.6,20212
MANAKALUCO,20200626,8.3,8.95,8.15,8.95,130149
MANAKCOAT,20200626,5.35,5.35,5.1,5.35,6863
MANAKSIA,20200626,38.55,40,37.85,38,15871
MANAKSTEEL,20200626,11.3,11.3,10.75,11,19551
MANALIPETC,20200626,19.85,20.2,19.4,19.55,302100
MANAPPURAM,20200626,158,161.2,155.15,156.45,7978631
MANGALAM,20200626,73,73,69.15,71.65,57374
MANGCHEFER,20200626,41,42,39.5,40.05,3686534
MANGLMCEM,20200626,195,195,189,190.55,101487
MANGTIMBER,20200626,8.45,8.45,7.65,8.45,2461
MANINDS,20200626,50.25,51.2,47,48.35,269489
MANINFRA,20200626,20.3,21,19.8,20.2,325910
MANUGRAPH,20200626,9.15,10,9.15,9.9,12666
MANXT50,20200626,261,263.5,260.05,261,593
MARALOVER,20200626,14.35,15,14.35,14.55,25146
MARATHON,20200626,58.75,58.8,55.8,55.8,20085
MARICO,20200626,345,346.3,342,344.4,2263468
MARKSANS,20200626,36,36.9,34.9,35.3,1352146
MARUTI,20200626,5800,5810,5695,5754.9,1063059
MASFIN,20200626,685,687.7,665,672.7,24216
MASKINVEST,20200626,29,30.05,29,30.05,882
MASTEK,20200626,380,423.4,378.05,392.9,794104
MATRIMONY,20200626,382,383,366,374.05,1074
MAWANASUG,20200626,33.15,33.5,31.5,32.75,69314
MAXVIL,20200626,35.45,35.45,34.45,34.55,37415
MAYURUNIQ,20200626,171,181,171,178.35,41028
MAZDA,20200626,295.95,300.05,291.25,294.95,3049
MBAPL,20200626,66.5,66.5,60.75,65,7779
MBECL,20200626,5.75,5.75,5.3,5.75,40690
MBLINFRA,20200626,7.3,7.35,6.8,6.95,88517
MCDHOLDING,20200626,26.65,26.65,25.4,25.85,41862
MCDOWELL-N,20200626,608.5,610.85,589,591.45,2952755
MCLEODRUSS,20200626,8.6,8.6,8.6,8.6,153728
MCX,20200626,1237.8,1251.4,1230,1239.75,348691
MEGASOFT,20200626,7.9,7.9,7.25,7.9,170008
MEGH,20200626,52.55,53.15,51.65,52,949373
MENONBE,20200626,34.5,40.35,33.15,40.35,803687
MEP,20200626,19.4,20.15,19.2,19.9,207834
MERCATOR,20200626,1.4,1.4,1.35,1.4,6335767
METALFORGE,20200626,5.3,5.5,5.05,5.5,3317
METROPOLIS,20200626,1430,1436,1400,1406.3,44217
MFSL,20200626,530,533,511.15,515.55,1417517
MGL,20200626,1084,1092.2,1071,1077.15,410500
MHRIL,20200626,180.05,181.45,175.25,177,31988
MIDHANI,20200626,214.8,221.95,213.85,214.7,1260090
MINDACORP,20200626,73.05,74.7,72.15,73.45,1762027
MINDAIND,20200626,288,289.75,282,282.8,92627
MINDTECK,20200626,26.3,26.3,25.25,26.3,13378
MINDTREE,20200626,917.25,982.95,917.25,949.1,3477871
MIRCELECTR,20200626,8.5,8.5,8.35,8.5,806612
MIRZAINT,20200626,45.9,49.95,36.8,45.3,1010080
MITTAL,20200626,144.4,144.4,144.4,144.4,1060
MMFL,20200626,195.85,195.85,191,192.75,12401
MMP,20200626,88.5,92.5,79.65,82.55,39402
MMTC,20200626,17.35,17.45,16.9,17.05,935765
MODIRUBBER,20200626,31.9,31.9,30.75,30.75,1243
MOHOTAIND,20200626,14.85,14.85,14.7,14.8,8374
MOIL,20200626,151.55,152.95,147.55,147.95,295498
MOLDTECH,20200626,37.75,38.15,37.05,37.4,18501
MOLDTKPAC,20200626,205.2,209.8,205,205.35,25464
MONTECARLO,20200626,169,169,163.05,164.1,53570
MORARJEE,20200626,12.75,14,12.7,13.5,20231
MOREPENLAB,20200626,26.65,26.7,25.3,25.5,2903175
MOTHERSUMI,20200626,97.25,98.25,95.8,96,7397393
MOTILALOFS,20200626,640,640,606.1,609.05,117910
MOTOGENFIN,20200626,22.75,22.75,22.75,22.75,9771
MPHASIS,20200626,882.8,920,875.1,892.95,520323
MPSLTD,20200626,287.05,298,276.85,279.25,17871
MRF,20200626,65009.65,67000,65009.65,66457.7,15913
MRO-TEK,20200626,25,26,25,26,451
MRPL,20200626,40.4,41,39,39.2,2848899
MSPL,20200626,7.15,7.5,7.15,7.5,17694
MSTCLTD,20200626,135.4,138.5,132.3,133.55,90842
MTEDUCARE,20200626,17.15,17.15,17.15,17.15,17691
MTNL,20200626,9.3,9.55,9.2,9.35,769962
MUKANDENGG,20200626,9.25,10.05,9.25,9.45,690
MUKANDLTD,20200626,24.5,24.85,22.7,24.85,66670
MUKTAARTS,20200626,26,26.45,24.7,24.75,5702
MUNJALAU,20200626,55,57.5,53.05,53.75,348328
MUNJALSHOW,20200626,105.25,106.4,101.2,102.35,32310
MURUDCERA,20200626,18.5,18.9,17.6,17.8,99773
MUTHOOTCAP,20200626,389.4,405,381,383.6,20354
MUTHOOTFIN,20200626,1094.8,1139.85,1080.55,1090,3467591
N100,20200626,755,760,748.1,750.58,18652
NACLIND,20200626,39.45,39.7,38,38.5,82282
NAGAFERT,20200626,6.2,6.3,5.9,6.05,328930
NAGREEKCAP,20200626,6.35,6.65,6.35,6.65,3757
NAGREEKEXP,20200626,14.3,14.7,13.6,13.95,4020
NAHARCAP,20200626,70.65,72.75,69.2,71.15,5925
NAHARINDUS,20200626,26.9,28.5,26.1,28.2,18969
NAHARPOLY,20200626,70.75,71.85,69.3,71.85,76854
NAHARSPING,20200626,37.55,39,36.2,36.8,56013
NAM-INDIA,20200626,312.35,321.4,310.2,312.8,1455985
NATCOPHARM,20200626,642.4,642.4,626,634.1,174929
NATHBIOGEN,20200626,339.65,339.65,327.8,335.35,6031
NATIONALUM,20200626,34.2,34.9,33.1,33.5,17135552
NATNLSTEEL,20200626,3.8,3.8,3.8,3.8,4200
NAUKRI,20200626,2738,2812,2735.8,2756.3,442421
NAVINFLUOR,20200626,1599.95,1610,1560,1599.45,163591
NAVKARCORP,20200626,27.8,28.5,27.55,27.85,157210
NAVNETEDUL,20200626,75.8,82,75,79.85,688550
NBCC,20200626,24,24.25,23.65,23.8,7777486
NBIFIN,20200626,1587,1604.9,1585,1585,18
NBVENTURES,20200626,50,58.7,48.45,57.8,4208843
NCC,20200626,32.45,33.3,30.7,31.05,30346484
NCLIND,20200626,74.45,76.8,74,74.85,231635
NDGL,20200626,532.8,532.8,532.8,532.8,5
NDL,20200626,21.15,21.5,20.15,20.4,58395
NDTV,20200626,39.35,39.35,37.35,37.75,13697
NECCLTD,20200626,11.15,11.25,10.75,11.25,115182
NECLIFE,20200626,24.85,24.85,23.15,23.5,736808
NELCAST,20200626,45.45,48.4,44.7,45.7,592265
NELCO,20200626,202.2,204,194.55,195.45,70552
NEOGEN,20200626,488,498.95,475.15,489.55,111458
NESCO,20200626,444.55,450,440,441.3,31655
NESTLEIND,20200626,16850,16930,16630,16677.5,110342
NETF,20200626,105.41,105.41,102.41,105.39,238
NETFCONSUM,20200626,51,51.99,50.25,51.22,3505
NETFDIVOPP,20200626,26.48,26.75,26.4,26.75,1467
NETFLTGILT,20200626,21.74,21.8,21.69,21.74,9290
NETFMID150,20200626,57.27,58.5,56.91,57.7,298141
NETFNIF100,20200626,116.81,116.81,112.85,113.22,671
NETFNV20,20200626,54.4,54.4,52,53.84,2466
NETWORK18,20200626,41.25,43.45,40.8,40.95,5245438
NEULANDLAB,20200626,564.9,585,546.35,551.05,198028
NEWGEN,20200626,149,154,148.5,150,70519
NEXTMEDIA,20200626,6.9,7.2,6.9,7.2,5124
NFL,20200626,30.5,31,29.8,30.4,2167517
NH,20200626,272.95,278.9,270.8,274.5,217448
NHPC,20200626,20.6,20.9,20.45,20.85,5634228
NIACL,20200626,114.9,114.9,112,114.05,687717
NIBL,20200626,8.25,8.25,8.25,8.25,1150
NIFTYBEES,20200626,109.58,110.6,109.33,110.24,2440079
NIITLTD,20200626,95,97.1,94.1,94.5,689451
NIITTECH,20200626,1390,1506,1388,1461.7,2314144
NILAINFRA,20200626,4.85,4.85,4.65,4.65,263369
NILASPACES,20200626,1.35,1.35,1.35,1.35,156740
NILKAMAL,20200626,1125,1173,1125,1146.15,34467
NIPPOBATRY,20200626,598,624,591.1,603,2893
NITCO,20200626,17.7,18.4,17.25,18.1,162142
NITINSPIN,20200626,49.1,49.1,44.4,44.85,149886
NKIND,20200626,24.4,26.9,24.4,26.9,1713
NLCINDIA,20200626,46.65,47.7,46.55,46.85,1325582
NMDC,20200626,86,86.4,83.5,84.15,5880981
NOCIL,20200626,88.7,89.45,86.45,86.95,1043730
NOIDATOLL,20200626,3.9,4.1,3.8,3.95,147479
NORBTEAEXP,20200626,3.35,3.5,3.35,3.5,300
NPBET,20200626,124,124,120.95,120.95,208
NRAIL,20200626,209.95,213.5,205.5,207.3,13126
NRBBEARING,20200626,80.6,88.9,80.6,84.9,3561209
NSIL,20200626,631.95,675,625.05,640.85,163
NTL,20200626,0.75,0.75,0.75,0.75,567
NTPC,20200626,96.4,97.4,95.55,97,15572502
NUCLEUS,20200626,253.9,289.1,253.55,268.8,1339633
NXTDIGITAL,20200626,414.95,415,402.55,405.2,2038
OAL,20200626,171.85,178,169.05,177,8972
OBEROIRLTY,20200626,390.4,390.4,373.35,375.35,111820
OCCL,20200626,727.75,727.75,715,716.5,4065
OFSS,20200626,2700,2790.3,2700,2737.25,58726
OIL,20200626,95.95,95.95,93.2,94.45,3068785
OILCOUNTUB,20200626,5.5,5.5,5.05,5.15,27070
OISL,20200626,3.5,3.75,3.5,3.75,20325
OLECTRA,20200626,71.45,72.8,68.05,72.8,144277
OMAXAUTO,20200626,32.05,33,31.7,31.95,26738
OMAXE,20200626,219.4,220.5,219.4,220.5,2741953
OMKARCHEM,20200626,5.1,5.1,5.1,5.1,218
OMMETALS,20200626,17,17,16.2,16.35,61269
ONELIFECAP,20200626,6.9,6.9,6.4,6.45,2546
ONEPOINT,20200626,12.5,13.5,12.35,12.85,22191
ONGC,20200626,83.1,84.8,82.5,84.15,23684918
ONMOBILE,20200626,30.5,30.8,29.6,29.65,77029
ONWARDTEC,20200626,55.9,55.9,51.8,53.55,10781
OPTIEMUS,20200626,25,25,24,24.5,19152
OPTOCIRCUI,20200626,15.45,15.45,15.45,15.45,628728
ORBTEXP,20200626,61.8,63.65,58.4,62.95,6591
ORICONENT,20200626,17.5,19.6,17.1,17.95,928990
ORIENTABRA,20200626,16.6,18,16.1,17.05,64043
ORIENTALTL,20200626,14.55,15,14.55,14.75,308528
ORIENTBELL,20200626,88,89.25,84,86,51986
ORIENTCEM,20200626,76.55,78,74.5,76.35,371888
ORIENTELEC,20200626,187.2,204,185,199,1203106
ORIENTHOT,20200626,20.3,21,20.3,20.5,17143
ORIENTLTD,20200626,87.95,87.95,83.6,83.65,1706
ORIENTPPR,20200626,22,22.7,21.55,21.8,1854117
ORIENTREF,20200626,170.2,176.05,170.2,173.1,40742
ORISSAMINE,20200626,1695.9,1728,1640.65,1659.4,5792
ORTINLABSS,20200626,15.85,16.65,15.85,15.85,89889
OSWALAGRO,20200626,15.25,15.4,14.7,15.4,652970
PAEL,20200626,2.1,2.1,2.1,2.1,35
PAGEIND,20200626,20530,20685,19950,20129.05,49801
PAISALO,20200626,218.15,223.6,212.1,219.55,7252
PALASHSECU,20200626,26.9,28.2,25.6,25.65,1669
PALREDTEC,20200626,15.75,16.8,15.75,16.8,4770
PANACEABIO,20200626,211,214,202,204.65,192085
PANACHE,20200626,38.05,41.9,38.05,41.55,3746
PANAMAPET,20200626,43.45,45,43.4,44.8,9761
PAPERPROD,20200626,208.65,209.75,203,204,65716
PARACABLES,20200626,8.4,8.4,8,8.05,108828
PARAGMILK,20200626,109.85,110,106,107.1,469545
PARSVNATH,20200626,3.15,3.15,3.15,3.15,19636
PATELENG,20200626,15.1,16.4,14.85,15.55,823063
PATINTLOG,20200626,21.85,22.2,21.15,21.5,27167
PATSPINLTD,20200626,6.05,6.05,6.05,6.05,1981
PCJEWELLER,20200626,17.45,17.5,16.9,17,1478347
PDMJEPAPER,20200626,14.05,15.45,14.05,15.4,354729
PDSMFL,20200626,284.35,284.55,277,282.3,114
PEARLPOLY,20200626,15.95,16.4,14.65,16.15,22652
PEL,20200626,1350,1370,1316.85,1343.1,3101553
PENIND,20200626,20.7,20.9,19.5,19.8,356424
PENINLAND,20200626,4.7,4.85,4.55,4.55,554046
PERSISTENT,20200626,610,635.5,606,627.25,171838
PETRONET,20200626,262.4,267.7,262.25,265.15,1990472
PFC,20200626,91.2,91.6,89.15,90.1,5561175
PFIZER,20200626,4121,4167,4080,4101.7,112276
PFOCUS,20200626,27.95,27.95,26.8,27.1,20280
PFS,20200626,13.4,13.5,13,13.15,1076296
PGEL,20200626,46.95,49.8,46,47,23896
PGHH,20200626,9930.05,10239.9,9859.5,10168,5503
PGHL,20200626,4249,4249,4135,4148.3,8536
PGIL,20200626,104.1,109,102,105.95,16603
PHILIPCARB,20200626,97,99.3,95,95.45,719510
PHOENIXLTD,20200626,587.95,608.95,582.1,600.2,73191
PIDILITIND,20200626,1392,1409.6,1373.6,1387.8,906145
PIIND,20200626,1558.95,1573,1540.5,1550.85,185532
PILANIINVS,20200626,1361.05,1421,1359.9,1403.3,1667
PILITA,20200626,6.95,6.95,6.4,6.55,240378
PIONDIST,20200626,118.55,118.6,113.2,113.6,29172
PIONEEREMB,20200626,27.75,27.75,24.65,26.75,192235
PITTIENG,20200626,32,33,29.5,30.75,63527
PKTEA,20200626,104.8,105,95.05,100,535
PLASTIBLEN,20200626,175.75,180.95,172,172.8,6306
PNB,20200626,37.65,37.95,36.4,36.6,37646225
PNBGILTS,20200626,37.8,38,36.65,36.85,393675
PNBHOUSING,20200626,223,232.05,220.25,222.8,556283
PNC,20200626,16.45,16.45,15.1,15.2,9943
PNCINFRA,20200626,152,152,137,139.25,1287970
PODDARHOUS,20200626,200,210,198.45,202.1,1428
PODDARMENT,20200626,158.9,159.75,156.9,157.65,2637
POKARNA,20200626,116.5,116.5,110,113.65,53058
POLYCAB,20200626,810,811.55,780.05,782.1,210930
POLYMED,20200626,309.8,309.8,300,301.75,48525
POLYPLEX,20200626,477,482.6,470,473.75,37958
PONNIERODE,20200626,153.45,157.55,150.1,151.75,8225
POWERGRID,20200626,180.95,182.1,178.15,179.2,6724171
POWERINDIA,20200626,846.95,846.95,838,840,43945
POWERMECH,20200626,438.5,483,432,476.6,495082
PPAP,20200626,170.3,174.95,167.3,172.5,32287
PPL,20200626,61.5,62.85,58,59,89771
PRABHAT,20200626,72.15,72.9,70.1,70.6,35155
PRADIP,20200626,0.7,0.75,0.7,0.75,11785
PRAENG,20200626,7.1,7.45,6.8,7.2,62985
PRAJIND,20200626,66.05,66.3,64.55,64.8,1036153
PRAKASH,20200626,37.5,38.2,35.95,36.5,438788
PRAKASHSTL,20200626,1.85,1.85,1.85,1.85,361831
PRAXIS,20200626,36.15,36.15,36.15,36.15,4725
PRECAM,20200626,28,29.5,27.6,28,390138
PRECOT,20200626,26.9,26.9,24.2,25.3,3412
PRECWIRE,20200626,106.1,106.15,103.1,105.05,11328
PREMEXPLN,20200626,115.3,115.3,115.3,115.3,4354
PREMIERPOL,20200626,22.9,27,22.25,25.4,64207
PRESSMN,20200626,19.1,22.4,18.6,21.65,584515
PRESTIGE,20200626,227,230,221,223.95,525171
PRICOLLTD,20200626,40.5,41.5,39.8,40.3,308603
PRIMESECU,20200626,49.45,51.6,47.35,48.5,147162
PRINCEPIPE,20200626,113.7,115.7,113.6,115.7,363811
PROSEED,20200626,0.4,0.4,0.4,0.4,180138
PROZONINTU,20200626,21.5,21.8,19.8,21.05,245213
PRSMJOHNSN,20200626,48.2,50.4,47.05,47.6,325111
PSB,20200626,16.3,17.2,15.6,17.15,958237
PSPPROJECT,20200626,378.8,404,366.35,395.55,97011
PSUBNKBEES,20200626,16.5,16.8,16.39,16.68,72367
PTC,20200626,47.2,51.8,47,49.5,12293453
PTL,20200626,34.05,34.45,33.7,34.05,13281
PUNJABCHEM,20200626,500.05,520,489.8,504.95,7937
PURVA,20200626,44.1,44.4,35.2,42.5,209974
PVR,20200626,1070,1081.6,1014,1026.7,2234132
QGOLDHALF,20200626,2109,2112.85,2097,2105,1062
QNIFTY,20200626,1065,1065,1065,1065,6
QUESS,20200626,365,377.4,360,377.4,621395
QUICKHEAL,20200626,119.2,124.85,117.25,119.05,858430
RADAAN,20200626,1,1.05,1,1.05,3551
RADICO,20200626,380,387.15,377,379.25,370837
RADIOCITY,20200626,17.7,17.9,17,17.25,1447912
RAIN,20200626,81,81.6,79.2,79.85,1759249
RAJESHEXPO,20200626,482.35,486.2,475.5,476.7,81946
RAJRATAN,20200626,218.95,219.95,214,218.15,1827
RAJSREESUG,20200626,16.2,17,15.6,16.35,25183
RAJTV,20200626,35.25,36.5,35.15,36.3,2664
RALLIS,20200626,273.8,276.95,263,264.75,755046
RAMANEWS,20200626,15.4,16.35,14.8,14.95,76359
RAMASTEEL,20200626,34,35.85,33.25,33.95,6104
RAMCOCEM,20200626,635,649.5,633,643.2,817472
RAMCOIND,20200626,163.65,163.65,156,157,53868
RAMCOSYS,20200626,120.9,125.2,118.55,120.9,507275
RAMKY,20200626,37,37.2,35.75,36.25,22472
RANASUG,20200626,4.3,4.3,4.15,4.25,161851
RANEENGINE,20200626,223.95,223.95,215.5,219,2352
RANEHOLDIN,20200626,468.05,474.95,450.1,453.95,12089
RATNAMANI,20200626,1074,1077.75,1037.3,1043,10497
RAYMOND,20200626,297,302.7,291.6,293.15,669795
RBL,20200626,575,589.95,560.05,563.8,18394
RBLBANK,20200626,193.3,198.3,189,190.65,34516986
RCF,20200626,47.9,48.1,46.55,46.9,1784233
RCOM,20200626,1.45,1.45,1.45,1.45,956931
RECLTD,20200626,115.4,116,112.1,112.65,5213901
REDINGTON,20200626,92,92.8,88.55,90,944005
REFEX,20200626,52.7,56.25,52.05,56.25,161161
RELAXO,20200626,641,650,635.05,636.35,445326
RELCAPITAL,20200626,11.35,11.35,11.35,11.35,345634
RELIANCE,20200626,1728.8,1752,1717,1741.65,14270695
RELIGARE,20200626,42,43.15,41.45,43,767315
RELINFRA,20200626,35.15,35.15,35.15,35.15,296595
REMSONSIND,20200626,73.4,78,72.65,75.35,5121
RENUKA,20200626,10.15,10.15,10.15,10.15,405515
REPCOHOME,20200626,134.2,134.2,133.15,134.2,154024
REPRO,20200626,406.25,417,400.55,402.05,6187
RESPONIND,20200626,78,79.35,77,77.4,104625
REVATHI,20200626,403.05,408,392,401.45,644
RGL,20200626,226.05,233.1,213.1,220.15,5974
RHFL,20200626,2.2,2.2,2.2,2.2,116346
RICOAUTO,20200626,32.8,34.2,32.2,33,1355529
RIIL,20200626,425.15,441.8,418.9,424.05,537222
RITES,20200626,240,241.4,236.2,238.8,638018
RKDL,20200626,9.45,9.45,8.65,8.9,63548
RKFORGE,20200626,177,181,172.75,173.7,130006
RMCL,20200626,4.65,4.65,4.5,4.6,111739
RML,20200626,230.25,237.95,230,232.35,18874
RNAVAL,20200626,2.4,2.4,2.4,2.4,172246
ROHITFERRO,20200626,1.45,1.45,1.45,1.45,5450
ROHLTD,20200626,54,55,53.1,53.5,36359
ROLLT,20200626,1.95,1.95,1.95,1.95,2561
ROLTA,20200626,6.6,6.6,6.6,6.6,140712
ROSSELLIND,20200626,60.25,63.25,58.15,59.45,15977
RPGLIFE,20200626,275,275.85,268,269.1,30296
RPOWER,20200626,3.9,3.9,3.9,3.9,842895
RPPINFRA,20200626,65,69.55,65,67.95,42414
RSSOFTWARE,20200626,16.95,17.4,16.6,17.4,36722
RSWM,20200626,83.85,85.6,82.8,83.05,30679
RSYSTEMS,20200626,96.8,98,95.9,96,6917
RTNINFRA,20200626,3.45,3.45,3.45,3.45,155351
RTNPOWER,20200626,2.3,2.3,2.3,2.3,102932
RUBYMILLS,20200626,164.6,165.8,158.1,164.05,639
RUCHI,20200626,1519.65,1519.65,1519,1519.65,99162
RUCHINFRA,20200626,21.35,21.35,21.35,21.35,43760
RUCHIRA,20200626,66.25,66.25,65.95,66.25,84555
RUPA,20200626,175.6,196.8,172.1,187.45,301060
RUSHIL,20200626,128,128,123.25,124.5,17635
RVNL,20200626,19.7,19.85,19.3,19.45,5306456
S&SPOWER,20200626,16.45,16.45,15.5,16.35,808
SABEVENTS,20200626,1.1,1.1,1.1,1.1,300
SABTN,20200626,1.9,1.9,1.85,1.9,8821
SADBHAV,20200626,49.5,50.4,46.1,48.3,330959
SADBHIN,20200626,16.85,16.85,15.95,16.45,107037
SAFARI,20200626,368.15,390.8,365.8,384.35,14238
SAGARDEEP,20200626,106,108.9,106,108.3,29349
SAGCEM,20200626,340,343.75,330.55,335.5,13492
SAIL,20200626,31.55,31.6,30.3,30.5,24735595
SAKAR,20200626,56,56.9,49.55,53,16395
SAKHTISUG,20200626,9.95,10.35,9.9,10.15,33663
SAKSOFT,20200626,185.95,220.5,185,207.85,237645
SAKUMA,20200626,7.8,7.8,7.4,7.45,224044
SALASAR,20200626,144.9,145.7,137,144.85,34955
SALONA,20200626,53.85,58.9,53.7,56.55,2877
SALSTEEL,20200626,3.6,3.6,3.6,3.6,9371
SALZERELEC,20200626,90.45,97,89.1,90.1,96957
SAMBHAAV,20200626,2.5,2.5,2.35,2.4,52906
SANCO,20200626,10.95,11,9.7,10.25,122352
SANDESH,20200626,511,528,495,508.6,1111
SANDHAR,20200626,199.1,204.7,193.55,200.5,19167
SANGAMIND,20200626,52.25,54.3,50.65,53.65,41122
SANGHIIND,20200626,26.7,27.9,26,26.4,1184801
SANGHVIFOR,20200626,15.1,15.75,15.05,15.75,4625
SANGHVIMOV,20200626,63.2,65.8,59.8,64.2,61867
SANGINITA,20200626,102,105,100,103.9,51698
SANOFI,20200626,8316.85,8347,8150,8182.5,41272
SANWARIA,20200626,3.5,3.5,3.5,3.5,1282464
SARDAEN,20200626,175.95,175.95,171.15,172.25,31492
SAREGAMA,20200626,425.45,435.05,425.25,434.85,24074
SARLAPOLY,20200626,21.4,21.45,20.1,20.35,38032
SASKEN,20200626,458.95,513.15,458.95,505.75,260444
SASTASUNDR,20200626,87.95,87.95,83.6,84.05,1044
SATHAISPAT,20200626,2,2.1,2,2.1,4310
SATIA,20200626,76.15,77.5,75,76.05,6074
SATIN,20200626,88.45,89.75,85.5,88.15,179810
SBICARD,20200626,657.85,663.5,648.2,652.15,1002691
SBIETFQLTY,20200626,93.68,95.45,93.11,93.17,784
SBILIFE,20200626,791.1,802,782,784.35,986163
SBIN,20200626,188,188.6,183.8,184.6,49178705
SCAPDVR,20200626,1.05,1.05,1.05,1.05,260204
SCHAEFFLER,20200626,3619.95,3620,3550,3600.5,6445
SCHAND,20200626,44,45,43.3,43.95,41126
SCHNEIDER,20200626,83.2,87.7,83,86.5,689122
SCI,20200626,56,59.3,54.5,58.15,9608721
SDBL,20200626,84.05,85.15,82.3,83.55,18432
SEAMECLTD,20200626,395,395,377.1,380.45,32652
SELAN,20200626,104.5,106.05,101.35,104.65,24023
SEPOWER,20200626,3,3.15,3,3.1,36781
SEQUENT,20200626,95.35,96.3,90.55,91.5,786521
SESHAPAPER,20200626,160.9,161,155.75,156.3,86033
SETCO,20200626,11.65,11.65,10.8,11,87027
SETF10GILT,20200626,197.1,200.98,196.25,200.88,62
SETFGOLD,20200626,4398,4398,4310.05,4328.35,11687
SETFNIF50,20200626,106.82,107.23,106.17,107.02,209701
SETFNIFBK,20200626,218.7,218.7,212.37,215.05,76640
SETFNN50,20200626,270.42,270.42,266.25,267.99,4223
SETUINFRA,20200626,1.25,1.25,1.25,1.25,111750
SEYAIND,20200626,110.45,110.45,110.45,110.45,26255
SFL,20200626,1432.05,1486.9,1411.65,1430.35,8023
SGL,20200626,9.85,9.85,9.1,9.5,71336
SHAHALLOYS,20200626,7.8,8.15,7.8,8.15,801
SHAKTIPUMP,20200626,182.7,186.75,179.1,181.3,27446
SHALBY,20200626,73.6,75.9,71,71.3,244484
SHALPAINTS,20200626,69.85,70,66.7,67.5,75909
SHANKARA,20200626,385,390.15,370,374.25,117028
SHANTIGEAR,20200626,89,91.2,89,89.5,25353
SHARDACROP,20200626,238.95,238.95,238.95,238.95,5561
SHARDAMOTR,20200626,809.8,890,804.5,807.25,2517
SHARIABEES,20200626,245.15,253.99,245.15,253.99,221
SHEMAROO,20200626,65.65,67.5,64,64.5,243114
SHIL,20200626,86.15,86.9,82.3,84.2,28232
SHILPAMED,20200626,509,512,480,483.1,73855
SHIRPUR-G,20200626,7.6,7.6,7.35,7.6,82595
SHIVAMAUTO,20200626,16.3,17.7,16.2,17.15,136843
SHIVAMILLS,20200626,27.5,27.5,26.55,26.95,3100
SHIVATEX,20200626,102.7,102.7,95.25,95.25,21066
SHK,20200626,68.45,69.7,67.5,67.9,901305
SHOPERSTOP,20200626,179,184,179,180.75,104331
SHREDIGCEM,20200626,48.8,54,48.5,53.45,4963571
SHREECEM,20200626,22111,22700,21863.4,22523.85,56262
SHREEPUSHK,20200626,92.25,94,90.2,92.5,25316
SHREERAMA,20200626,5.5,5.75,5.25,5.3,110846
SHRENIK,20200626,36.55,36.55,36.3,36.55,189992
SHREYANIND,20200626,89.8,93,88.5,90.1,89483
SHREYAS,20200626,62.5,65.85,61.5,62.8,12659
SHRIPISTON,20200626,614,614,562.65,597.95,2546
SHRIRAMCIT,20200626,710,720,693,696.3,144070
SHRIRAMEPC,20200626,5.5,5.5,5.5,5.5,159292
SHYAMCENT,20200626,3.6,3.6,3.6,3.6,15218
SHYAMTEL,20200626,5.9,5.9,5.9,5.9,1735
SICAGEN,20200626,14.8,14.8,14.05,14.6,9520
SICAL,20200626,11.45,12.5,11.45,12.25,921874
SIEMENS,20200626,1129,1129,1108.05,1116.4,577951
SIGIND,20200626,22.25,23.45,21.95,22.4,20283
SIL,20200626,10.9,11.1,10.9,11.1,6877
SILINV,20200626,144.95,147.6,140,140.85,1958
SIMBHALS,20200626,7.6,8,7.6,7.75,24456
SIMPLEXINF,20200626,28,28.65,28,28.55,135530
SINTEX,20200626,2.5,2.5,2.5,2.5,908360
SIRCA,20200626,248.95,254.8,243.5,246.85,11112
SIS,20200626,388.2,398.65,388.2,391.6,20260
SITINET,20200626,1.95,1.95,1.9,1.95,608332
SIYSIL,20200626,131.9,134,129,131.4,35471
SJVN,20200626,21.95,22.45,21.85,22.3,1861688
SKFINDIA,20200626,1631,1668.95,1628.05,1634.5,23806
SKIL,20200626,4.8,4.95,4.55,4.65,40076
SKIPPER,20200626,47.7,47.7,42.8,44.1,266108
SKMEGGPROD,20200626,34.45,34.7,32.15,32.5,29510
SMARTLINK,20200626,70.8,72.2,70.1,70.6,4967
SMLISUZU,20200626,392.6,395.9,382.7,387.3,23798
SMSLIFE,20200626,333.95,333.95,314.85,319,9768
SMSPHARMA,20200626,61,62.8,59,60.45,179411
SNOWMAN,20200626,31.75,32.35,30.75,31,453601
SOBHA,20200626,230.45,232.9,225,226.85,131360
SOLARA,20200626,662.8,667.9,635,637.3,82166
SOLARINDS,20200626,1019,1068,1003.3,1040.05,42586
SOMANYCERA,20200626,128,130,124,125.6,443965
SOMATEX,20200626,3.05,3.05,3.05,3.05,1004
SOMICONVEY,20200626,17.3,17.5,16.55,16.6,9189
SONATSOFTW,20200626,220.75,236,219.05,226.65,1328141
SORILINFRA,20200626,70.45,70.8,70,70.8,19321
SOTL,20200626,681.05,700,681.05,686.8,1018
SOUTHBANK,20200626,8.6,9,8.55,8.85,35820721
SOUTHWEST,20200626,20.65,21.65,19.65,21.2,76456
SPAL,20200626,87.2,88,83,84.8,53909
SPANDANA,20200626,575,575,548.15,553.3,31514
SPARC,20200626,166,167,161.1,162,561143
SPECIALITY,20200626,34.2,34.2,32.3,32.6,22950
SPENCERS,20200626,91,91.4,87.75,88.2,758554
SPENTEX,20200626,0.9,0.9,0.9,0.9,48299
SPIC,20200626,21.3,22.6,21.05,21.15,764438
SPICEJET,20200626,50.05,52,49.5,51.15,4978196
SPLIL,20200626,30.05,30.75,28.95,29.65,24801
SPMLINFRA,20200626,11.25,11.25,11,11.25,53389
SPTL,20200626,2.8,2.8,2.8,2.8,157801
SREEL,20200626,129.95,133,127.5,131.9,5945
SREINFRA,20200626,8.65,8.65,8.6,8.65,512029
SRF,20200626,3640,3664.95,3586.55,3602,175971
SRHHYPOLTD,20200626,119.7,122.45,116.05,116.65,2332
SRIPIPES,20200626,189.5,189.5,182,184.05,120825
SRTRANSFIN,20200626,702,734,698.1,704.9,8976114
SSWL,20200626,442,444.9,434.3,439,31359
STAR,20200626,426.1,434.8,421.1,426.65,738186
STARCEMENT,20200626,95,95,87.05,87.9,715400
STARPAPER,20200626,104,107.6,101.6,104.75,609177
STCINDIA,20200626,50.05,50.55,47.5,48.75,35693
STEELCITY,20200626,28.45,30,28.45,29.5,4597
STEELXIND,20200626,24,25.35,24,24.95,21283
STEL,20200626,62.95,67,58.4,58.95,76361
STERTOOLS,20200626,168.4,175,167.15,168.6,18750
STINDIA,20200626,4,4,4,4,8
STRTECH,20200626,119.3,119.85,115.3,116.6,1243851
SUBEX,20200626,8.95,9.25,8.7,8.95,906582
SUBROS,20200626,172.35,175.15,171.1,173.9,57259
SUDARSCHEM,20200626,390.5,396,386.9,392.3,100549
SUMEETINDS,20200626,2,2,2,2,11785
SUMICHEM,20200626,290,304.95,285.65,291.9,3022340
SUMIT,20200626,11.2,11.75,11.2,11.5,2300
SUMMITSEC,20200626,319.05,335.05,319,329.1,2110
SUNCLAYLTD,20200626,1757.7,1819,1703,1720.7,17992
SUNDARAM,20200626,1.7,1.7,1.7,1.7,52822
SUNDARMFIN,20200626,1401.45,1439,1390,1408.6,24830
SUNDARMHLD,20200626,50.4,50.4,48.8,49,1042371
SUNDRMBRAK,20200626,229.95,232,222.8,225.15,2021
SUNDRMFAST,20200626,396,407.65,390,396.55,190239
SUNFLAG,20200626,39.45,40.5,38.15,38.35,325612
SUNPHARMA,20200626,490.25,491,472.2,479.95,7492508
SUNTECK,20200626,193,196.45,180.9,183.05,1251139
SUNTV,20200626,419.7,427,409.3,421.2,4673394
SUPERHOUSE,20200626,84.55,88.55,81.2,84.7,85044
SUPERSPIN,20200626,5.3,5.55,5.1,5.45,26528
SUPPETRO,20200626,172.05,173.4,168.85,170.6,17071
SUPRAJIT,20200626,146.3,148.5,142.75,145,132366
SUPREMEIND,20200626,1120,1144.2,1111,1126.7,47823
SURANASOL,20200626,8.5,8.5,8.15,8.4,49645
SURANAT&P,20200626,4.45,4.55,4.2,4.35,162650
SURYALAXMI,20200626,20.1,20.1,18.25,18.75,10135
SURYAROSNI,20200626,137.7,138,126.15,126.2,822258
SUTLEJTEX,20200626,22.45,22.55,22.05,22.2,18683
SUVEN,20200626,44.8,44.8,44,44.8,1022604
SUVENPHAR,20200626,492.95,492.95,480.2,485.15,218351
SUZLON,20200626,4.45,4.65,4.4,4.65,37291367
SWANENERGY,20200626,132,133,127.9,129.65,91537
SWARAJENG,20200626,1406,1440,1403.55,1426.35,8468
SWELECTES,20200626,107.95,118.4,106.6,112.65,34940
SWSOLAR,20200626,199.25,199.25,192.1,199.25,1068253
SYMPHONY,20200626,911.1,911.1,900,904.55,49481
SYNCOM,20200626,2.8,2.8,2.75,2.8,5064129
SYNGENE,20200626,406.7,412.05,403.1,406.95,211805
TAINWALCHM,20200626,49.2,51,48,50.1,4118
TAJGVK,20200626,162,163.95,157.5,158.5,57920
TAKE,20200626,50,51.25,49.45,51.25,103647
TALBROAUTO,20200626,108.3,108.4,105,105.75,15139
TANLA,20200626,68,69.8,68,69.55,218717
TARMAT,20200626,25.25,25.25,24.15,24.35,2730
TASTYBITE,20200626,12198.1,12400,12000,12105.5,982
TATACHEM,20200626,319.5,322.9,314.15,315.2,1167005
TATACOFFEE,20200626,85,85.8,83.4,83.6,365820
TATACOMM,20200626,605,606.6,582.65,589.55,109566
TATACONSUM,20200626,387.1,388.95,382.5,385.65,1759164
TATAELXSI,20200626,874,917,872.1,901,1378037
TATAINVEST,20200626,777.1,777.1,769,769.9,12045
TATAMETALI,20200626,502,508,494.4,495.65,20432
TATAMOTORS,20200626,105.4,106.05,100.35,101.4,56328105
TATAMTRDVR,20200626,43,43,41.05,41.45,3409805
TATAPOWER,20200626,44.45,47.4,44.3,46.35,46056290
TATASTEEL,20200626,325.8,329.95,322.55,323.85,9706335
TATASTLBSL,20200626,20.25,20.75,20.1,20.3,1956900
TATASTLLP,20200626,258.95,258.95,252,253.2,33681
TBZ,20200626,31.8,31.9,30.55,30.75,226339
TCI,20200626,172,172.5,169,169.6,20049
TCIDEVELOP,20200626,270.55,297,270.55,277,676
TCIEXP,20200626,663,683.95,660.5,667.95,14408
TCIFINANCE,20200626,7.6,7.6,7.6,7.6,6246
TCNSBRANDS,20200626,357,357,345.35,346.65,10248
TCPLPACK,20200626,255,263.9,242.95,260.6,17444
TCS,20200626,2025,2132,2019.95,2118.85,6300912
TDPOWERSYS,20200626,112.95,122.4,112.5,119.95,293834
TEAMLEASE,20200626,1720,1744.95,1698.95,1702.75,5488
TECHIN,20200626,2.6,2.6,2.6,2.6,464
TECHM,20200626,555.5,574.95,552.6,560.85,5289122
TECHNOE,20200626,206.9,206.9,195,196.5,16050
TECHNOFAB,20200626,11.4,11.4,11.4,11.4,15706
TEJASNET,20200626,47.85,50,47.85,48.6,109381
TERASOFT,20200626,26.65,26.7,25,25.35,11542
TEXINFRA,20200626,39.4,39.4,37.1,37.3,27201
TEXMOPIPES,20200626,16.4,16.4,16.4,16.4,105001
TEXRAIL,20200626,26,26,24.8,24.95,274889
TFCILTD,20200626,36.25,36.25,34.95,35.35,2270145
TFL,20200626,3.05,3.05,3.05,3.05,1
TGBHOTELS,20200626,3.9,3.9,3.9,3.9,8185
THANGAMAYL,20200626,256.05,263.05,256,259.8,14934
THEINVEST,20200626,97,99.7,95.2,96.8,4466
THEMISMED,20200626,355.05,360.4,352.1,358.65,3884
THERMAX,20200626,786.85,788.75,766.4,773.65,58906
THOMASCOOK,20200626,29.1,29.2,28,28.2,271248
THOMASCOTT,20200626,5.05,5.05,5.05,5.05,505
THYROCARE,20200626,509,510,501.05,505.5,52610
TI,20200626,19.4,20.45,18.65,20.4,1781601
TIDEWATER,20200626,4139.95,4199.85,4062,4115.5,2301
TIIL,20200626,264.95,265,255.5,257.05,1711
TIINDIA,20200626,440.9,448.85,437.05,445.85,99375
TIJARIA,20200626,6.65,7,6.65,6.95,11909
TIL,20200626,153.85,160,150.1,154,18212
TIMESGTY,20200626,23.35,26.45,23.2,24.8,8237
TIMETECHNO,20200626,40.85,41.4,39.45,39.7,430325
TIMKEN,20200626,943.55,965,943.55,956.1,9961
TINPLATE,20200626,122.85,124.9,118.15,118.85,402877
TIPSINDLTD,20200626,132.95,134.8,121.45,133.35,7474
TIRUMALCHM,20200626,50.05,51.9,49.9,50.35,491309
TITAN,20200626,988,989.9,961.9,966.2,2514115
TMRVL,20200626,9.85,9.85,9.4,9.8,63100
TNPETRO,20200626,35.95,35.95,34.75,34.9,155703
TNPL,20200626,117.35,118,115.65,116.5,310975
TNTELE,20200626,1.85,1.85,1.85,1.85,790
TOKYOPLAST,20200626,66.6,67.45,62.25,64,4507
TORNTPHARM,20200626,2512.65,2521.15,2450,2471.15,264943
TORNTPOWER,20200626,329.6,330,323,325.4,805928
TOUCHWOOD,20200626,47.45,47.45,43.2,43.55,2363
TPLPLASTEH,20200626,129,132.6,116.55,121.95,58445
TREEHOUSE,20200626,4.55,4.6,4.3,4.6,90851
TREJHARA,20200626,8.65,9.45,8.65,9,22880
TRENT,20200626,680,707,680,687.4,1419224
TRF,20200626,78.9,80.5,78,78.25,18588
TRIDENT,20200626,6.85,6.9,6.75,6.75,6147366
TRIGYN,20200626,34.2,35.5,33.5,33.85,33402
TRIL,20200626,13.6,13.9,13.25,13.9,689815
TRITURBINE,20200626,72.1,73.6,71.95,72.2,21224
TRIVENI,20200626,56.8,56.95,54.55,56.3,372843
TTKHLTCARE,20200626,450.3,450.35,436.05,440.85,2331
TTKPRESTIG,20200626,5151.15,5699,5130.5,5652.85,46133
TTL,20200626,29.75,31.55,29.55,30.85,10850
TTML,20200626,4.4,4.4,4.15,4.2,2093780
TV18BRDCST,20200626,35.6,36.95,35.35,35.5,4313168
TVSELECT,20200626,105,106.15,104,105,63338
TVSMOTOR,20200626,387.9,387.9,379.05,381.65,1593654
TVSSRICHAK,20200626,1434,1550,1421,1440.7,162436
TVTODAY,20200626,196.4,196.4,190.1,191.1,58806
TVVISION,20200626,1.9,1.9,1.9,1.9,6576
TWL,20200626,36,36.45,35.2,35.5,94160
UBL,20200626,1051,1062,1011.1,1017.95,679288
UCALFUEL,20200626,115.9,119.5,115.1,116.55,76864
UCOBANK,20200626,14.45,16.7,14.35,16.15,51931816
UFLEX,20200626,208.25,216.3,208.25,214,217281
UFO,20200626,81,81.35,78,78.55,172040
UGARSUGAR,20200626,15.25,15.4,14.15,14.6,243939
UJAAS,20200626,8.65,8.65,8.65,8.65,70177
UJJIVAN,20200626,225,242.45,223.15,237.6,11007464
UJJIVANSFB,20200626,30.7,30.95,30,30.5,2184903
ULTRACEMCO,20200626,3835,3874,3780,3860.6,373568
UMANGDAIRY,20200626,60.9,60.9,52.75,52.8,485476
UMESLTD,20200626,1.35,1.4,1.35,1.4,1026
UNICHEMLAB,20200626,167.6,179,167.6,177.75,482787
UNIENTER,20200626,65,65,60.8,60.95,13955
UNIONBANK,20200626,33.8,35.4,33.25,33.85,6842752
UNIPLY,20200626,6.25,6.4,6,6.2,468368
UNITEDTEA,20200626,256.25,267.95,254,255.45,775
UNIVASTU,20200626,40,40,33.2,35.2,53298
UNIVCABLES,20200626,128.5,128.5,122.8,123.7,11630
UNIVPHOTO,20200626,93.25,96.9,91,92.7,6849
UPL,20200626,450,450.85,438.65,440.25,2128151
URJA,20200626,3.9,3.9,3.75,3.9,1648746
USHAMART,20200626,20.05,20.85,20.05,20.1,210136
UTINEXT50,20200626,274.41,274.41,267.7,267.7,25
UTINIFTETF,20200626,1131.5,1131.5,1091.75,1101.19,544
UTISENSETF,20200626,380,386,370.05,377.55,182
UTISXN50,20200626,281,281,280.94,280.94,15
UTTAMSTL,20200626,8.3,8.3,8.3,8.3,40961
UTTAMSUGAR,20200626,82.4,82.4,78.1,79.6,34014
UVSL,20200626,0.55,0.55,0.55,0.55,17500322
V2RETAIL,20200626,55.1,56.05,54.35,54.6,190743
VADILALIND,20200626,560,572,537,540.85,4997
VAIBHAVGBL,20200626,1269,1269,1245,1255.55,8041
VAISHALI,20200626,47.5,47.5,46.1,46.8,1246
VAKRANGEE,20200626,34,35.1,33.05,34.95,2946844
VARDHACRLC,20200626,30.3,31.4,30.3,31,8838
VARDMNPOLY,20200626,6.9,6.9,6.9,6.9,7641
VARROC,20200626,190.15,207,188.1,189.95,1082254
VASCONEQ,20200626,10.15,10.85,9.85,10.25,279572
VASWANI,20200626,5.8,5.8,5.8,5.8,3569
VBL,20200626,691,710,671.35,681.8,3119316
VEDL,20200626,112.75,113.25,109.3,109.95,24544467
VENKEYS,20200626,1155,1160,1125,1129.35,58608
VENUSREM,20200626,65.8,66.8,63.2,63.35,37736
VERTOZ,20200626,75.35,79.95,73.5,75.95,31802
VESUVIUS,20200626,885,925,876.35,912.5,3558
VETO,20200626,46.9,46.9,44.25,45.35,9998
VGUARD,20200626,174.65,177,174.65,175.3,153140
VHL,20200626,1187.05,1249.4,1187.05,1208.95,847
VICEROY,20200626,3.3,3.3,3.3,3.3,13530
VIDHIING,20200626,77,77.8,73.1,73.75,169565
VIJIFIN,20200626,0.95,0.95,0.95,0.95,576450
VIKASECO,20200626,4.9,4.9,4.65,4.65,1197553
VIKASMCORP,20200626,5.2,5.3,4.9,5.1,4582686
VIKASPROP,20200626,4.05,4.05,4.05,4.05,338225
VIKASWSP,20200626,7.1,7.15,6.85,6.95,139114
VIMTALABS,20200626,85,92.2,83.7,89.2,406959
VINATIORGA,20200626,996.5,1010,985,989.35,32161
VINDHYATEL,20200626,745.65,766,745.6,750.1,10946
VINYLINDIA,20200626,93,99.9,90.75,98.55,423069
VIPCLOTHNG,20200626,9,9.3,8.9,9.3,102666
VIPIND,20200626,268.5,279.9,266.35,271.2,2201838
VIPULLTD,20200626,14.7,15.2,14.3,15.2,69585
VISAKAIND,20200626,245.1,250,240,243.15,23360
VISASTEEL,20200626,6.3,6.3,6,6.3,18575
VISHAL,20200626,258,258,256,258,12166
VISHNU,20200626,125.05,141.95,123.5,132.65,103826
VISHWARAJ,20200626,78.25,79.5,76.7,77.55,5906
VIVIDHA,20200626,0.45,0.45,0.4,0.45,270359
VIVIMEDLAB,20200626,13.8,13.95,13.45,13.7,43705
VLSFINANCE,20200626,52.25,52.5,49.8,50.3,17750
VMART,20200626,1731,1757.05,1697,1710.05,20014
VOLTAMP,20200626,1150.1,1158.65,1130,1139.4,21480
VOLTAS,20200626,554,557.25,542.05,545.4,1517204
VRLLOG,20200626,169,169.45,165.75,166.55,85849
VSSL,20200626,60.4,62.35,60.4,61.7,9084
VSTIND,20200626,3160,3161,3110.5,3141,9226
VSTTILLERS,20200626,1369,1369,1320,1330.05,9955
VTL,20200626,679,679,668,671.55,21930
WABAG,20200626,116.7,117.5,113,113.5,102359
WABCOINDIA,20200626,6892,6899,6865,6870.8,6871
WALCHANNAG,20200626,54,54.5,50.5,50.95,666674
WANBURY,20200626,25.65,26.65,24.4,24.75,10348
WATERBASE,20200626,108.55,108.7,102.75,104.15,175224
WEBELSOLAR,20200626,23.9,24.55,23.35,24.55,177391
WEIZMANIND,20200626,25.1,25.75,23.65,24.75,11210
WELCORP,20200626,85.45,87.2,82.95,83.25,916073
WELENT,20200626,66.1,67.9,64.1,64.4,99105
WELINV,20200626,192.05,209.45,192.05,209.45,330
WELSPUNIND,20200626,35.45,36.5,34.85,36.15,842662
WENDT,20200626,2729.95,2755.05,2708.3,2708.3,108
WESTLIFE,20200626,321,332.8,316.3,326.2,906460
WHEELS,20200626,485.05,495,423,430.85,241346
WHIRLPOOL,20200626,2060,2065,2030,2043.3,107566
WILLAMAGOR,20200626,20,21.15,19.5,19.65,9721
WINDMACHIN,20200626,16.55,16.95,16.15,16.2,9146
WIPL,20200626,51,53,48.45,51,1363
WIPRO,20200626,219.3,230,218.3,225.45,19194612
WOCKPHARMA,20200626,283.9,293.7,281.5,285.45,883067
WONDERLA,20200626,134.15,138.5,134,134.5,45381
WSI,20200626,1.65,1.65,1.55,1.65,37568
WSTCSTPAPR,20200626,188,190,174,179.6,350552
XCHANGING,20200626,47,47,45,45.4,12645
XELPMOC,20200626,78.45,78.45,71.8,74.85,21489
XPROINDIA,20200626,31,31.05,29.95,31.05,127073
YESBANK,20200626,27.2,27.25,26.6,26.75,12130891
ZEEL,20200626,175.5,180.75,174.15,176.25,17933761
ZEELEARN,20200626,17.4,17.65,16.75,16.9,1248587
ZEEMEDIA,20200626,6.45,6.45,6.05,6.25,1530275
ZENITHEXPO,20200626,35.15,36.85,35.15,36.5,672
ZENSARTECH,20200626,133,134.5,127.2,128.2,311964
ZENTEC,20200626,53,53.75,52,52.4,58928
ZICOM,20200626,2.6,2.6,2.5,2.5,81354
ZODIACLOTH,20200626,132.85,136.85,127.6,130.9,10017
ZODJRDMKJ,20200626,27.1,27.3,25.35,26,439
ZOTA,20200626,145,148.9,143.05,146.05,73293
ZUARI,20200626,107.7,107.7,102.9,103.05,15367
ZUARIGLOB,20200626,54.15,56.95,54.15,54.5,134958
ZYDUSWELL,20200626,1279,1279,1264,1275.75,36047
NSENIFTY,20200626,10378.90,10409.85,10311.25,10383.00,671910159,0
NIFTYJUNIOR,20200626,26142.10,26264.95,25895.30,25974.50,206328980,0
NIFTYMIDCAPLIQ15,20200626,3488.90,3506.15,3425.50,3439.50,166631099,0
NSE100,20200626,10577.35,10607.05,10505.20,10570.95,878239139,0
NIFTY200,20200626,5406.35,5421.70,5369.55,5399.25,2642868366,0
NSE500,20200626,8572.45,8595.45,8515.65,8559.00,3182178991,0
NSEMIDCAP150,20200626,5763.00,5779.40,5720.00,5726.45,1863047880,0
MIDCAP50,20200626,4210.20,4229.75,4159.90,4171.75,1709472819,0
NSEMIDCAP,20200626,15083.70,15139.25,14956.50,14975.25,1764629227,0
NSESMLCAP100,20200626,4744.10,4756.05,4699.85,4708.35,-,0
NIFTYLARGEMIDCAP250,20200626,-,-,-,5344.55,2741287019,0
NIFTYAUTO,20200626,6807.40,6808.80,6705.00,6731.45,156655986,0
BANKNIFTY,20200626,21735.05,21784.65,21320.10,21592.05,375592321,0
NIFTYFINSERVICE,20200626,10686.90,10699.35,10497.85,10588.45,219504132,0
NIFTYFMGC,20200626,30369.75,30505.15,29655.50,29757.05,94831983,0
NSEIT,20200626,14496.70,15086.00,14476.45,14994.65,70776175,0
NIFTYMEDIA,20200626,1411.45,1426.75,1399.55,1402.10,38696750,0
NIFTYMETAL,20200626,2052.30,2066.45,2037.00,2043.35,131711582,0
NIFTYPHARMA,20200626,10239.10,10285.20,10100.25,10137.85,28071726,0
NIFTYPVTBANK,20200626,11905.75,11950.65,11697.35,11854.60,253623212,0
NIFTYPSUBANK,20200626,1516.90,1524.45,1484.60,1503.20,273809669,0
NIFTYREALTY,20200626,215.20,215.55,210.45,211.20,16871650,0
NIFTYCOMMODITIES,20200626,2898.45,2924.90,2893.45,2918.70,273061207,0
NIFTYCONSUMPTION,20200626,4838.85,4849.70,4762.20,4770.15,187632950,0
NIFTYCPSE,20200626,1478.25,1489.10,1467.90,1482.45,96590544,0
NIFTYENERGY,20200626,14665.55,14879.20,14596.05,14832.65,197238869,0
NIFTY100ESG,20200626,-,-,-,2026.99,655241105,0
NIFTY100ENHESG,20200626,-,-,-,2039.24,635732618,0
NIFTYINFRA,20200626,3062.20,3085.60,3047.75,3078.50,337492718,0
NIFTYMNC,20200626,13245.05,13263.80,13126.95,13158.20,1214829787,0
NIFTYPSE,20200626,2564.20,2590.50,2553.90,2581.65,317483957,0
NIFTYSMEEMERGE,20200626,-,-,-,1190.98,725997,0
NIFTYSERVSECTOR,20200626,13696.95,13809.80,13647.80,13762.90,440292586,0
NIFTYSHARIAH25,20200626,-,-,-,4204.73,102485530,0
NIFTY50SHARIAH,20200626,-,-,-,2453.08,131595516,0
NIFTY500SHARIAH,20200626,-,-,-,2919.52,467856352,0
NIFTYABGROUP,20200626,-,-,-,2620.13,1114546256,0
NIFTYMAHINDRA,20200626,-,-,-,7803.00,21605367,0
NIFTYTATA,20200626,-,-,-,6474.50,133036572,0
NIFTYTATA25CAP,20200626,-,-,-,4154.82,127859288,0
NIFTYABGROUP,20200626,-,-,-,2620.13,1114546256,0
NIFTYLIQ15,20200626,2640.70,2647.15,2609.30,2618.95,307329333,0
NIFTY500VALUE50,20200626,-,-,-,3027.94,636437538,0
NIFTYALPHALOWVOL30,20200626,-,-,-,11037.39,110161666,0
NIFTYQUALLOWVOL30,20200626,-,-,-,7953.29,196925826,0
NIFTYALPHAQUALLOWVOL30,20200626,-,-,-,9173.50,209181389,0
NIFTYALPHAQUALVALLOWVOL30,20200626,-,-,-,7014.06,226700543,0
NIFTY50EQUALWEIGHT,20200626,10779.40,10823.20,10713.00,10754.05,671910159,0
NIFTY100EQUALWEIGHT,20200626,12016.70,12053.85,11922.55,11963.20,878239139,0
NIFTY100LOWVOL30,20200626,8358.75,8386.40,8319.85,8356.00,244744054,0
NSEDEFTY,20200626,-,-,-,4755.72,-,0
NIFTY50DIVPOINT,20200626,14.63,14.63,14.63,14.63,-,0
NIFTYDIVOPPS50,20200626,2278.00,2298.25,2274.20,2285.55,646831896,0
NIFTYALPHA50,20200626,13945.00,14008.70,13830.25,13845.15,117346769,0
NIFTY50ARBITRAGE,20200626,-,-,-,1905.53,-,0
NIFTY50FUTINDEX,20200626,-,-,-,3452.28,-,0
NIFTY50FUTTRINDEX,20200626,-,-,-,10615.81,-,0
NIFTYHIGHBETA50,20200626,-,-,-,1054.37,1950501508,0
NIFTYLOWVOL50,20200626,-,-,-,10301.12,234973789,0
NIFTY50VALUE20,20200626,5013.35,5083.30,5003.60,5055.30,334161930,0
NIFTYGROWSECT15,20200626,5283.80,5292.80,5169.35,5196.55,218894141,0
NIFTY50TR2XLEV,20200626,4521.85,4548.10,4464.40,4525.40,-,0
NIFTY50PR2XLEV,20200626,3444.10,3464.10,3400.35,3446.80,-,0
NIFTY50TR1XINV,20200626,368.50,370.90,367.40,368.35,-,0
NIFTY50PR1XINV,20200626,422.00,424.75,420.70,421.80,-,0
NIFTY-GS-COMPSITE,20200626,2222.86,2225.30,2221.65,2222.26,-,0
NIFTY-GS-4-8YR,20200626,2321.35,2323.49,2321.01,2321.37,-,0
NIFTY-GS-8-13YR,20200626,2179.37,2181.99,2177.42,2177.98,-,0
NIFTY-GS-10YR,20200626,1982.70,1983.94,1978.83,1979.58,-,0
NIFTY-GS-10YR-CLN,20200626,972.36,972.97,970.44,970.82,-,0
NIFTY-GS-11-15YR,20200626,2346.69,2349.12,2343.77,2344.68,-,0
NIFTY-GS-15YRPLUS,20200626,2570.97,2573.61,2570.93,2570.31,-,0
VIX,20200626,29.73,30.07,28.32,28.74,0,0
