20MICRONS,20200820,31.9,32.2,31.1,31.75,87000
21STCENMGM,20200820,10.5,10.6,10.3,10.4,4242
3IINFOTECH,20200820,3.35,3.35,3.35,3.35,641711
3MINDIA,20200820,20789.2,20974.95,20455.45,20527.2,4590
5PAISA,20200820,344,346,334.25,344.2,14365
63MOONS,20200820,79.8,83,79.2,81.7,56537
A2ZINFRA,20200820,4.15,4.4,4.1,4.4,819649
AARTIDRUGS,20200820,2415,2892.4,2415,2848.85,2070689
AARTIIND,20200820,1065,1148.8,1042.05,1128.1,1404501
AARTISURF,20200820,440.4,440.4,440.4,440.4,7723
AARVEEDEN,20200820,10.95,11.45,10.45,11.35,23746
AARVI,20200820,46,46,42.7,45.1,20793
AAVAS,20200820,1388,1399,1355,1376.05,13445
ABAN,20200820,28,28.4,26.95,28.2,102212
ABB,20200820,959,974.2,949.5,968.8,120158
ABBOTINDIA,20200820,16901.9,17099,16850,16867.9,13122
ABCAPITAL,20200820,60.45,64.4,60.4,62.95,4903457
ABFRL,20200820,138,144.95,137.6,142.9,2760592
ABMINTLTD,20200820,22.35,22.35,21.3,22.35,1350
ABSLBANETF,20200820,225.69,225.7,212.73,216.41,934
ABSLNN50ET,20200820,308.58,324.8,290.5,298.2,801
ACC,20200820,1424.9,1440.9,1411.65,1419.4,431512
ACCELYA,20200820,1032,1065,1031.55,1044.35,39448
ACE,20200820,68.8,73.55,67.95,72.9,1030586
ADANIENT,20200820,241.2,245,230.4,234,9484513
ADANIGAS,20200820,162.95,171,161.35,167.75,4043273
ADANIGREEN,20200820,370.5,380,365,375.4,1229670
ADANIPORTS,20200820,354.95,357.1,347.95,353.6,3533916
ADANIPOWER,20200820,37.4,39.65,37.1,38.45,14353885
ADANITRANS,20200820,242,269.65,241,269.65,1845048
ADFFOODS,20200820,372,377.85,365,367.15,38783
ADHUNIKIND,20200820,20.8,20.8,20.05,20.45,25401
ADORWELD,20200820,276.3,280.35,273,274.15,11584
ADROITINFO,20200820,7.6,7.6,7.5,7.6,4957
ADSL,20200820,23.45,23.75,22.35,22.95,60766
ADVANIHOTR,20200820,46.95,47.8,44.2,46.85,22206
ADVENZYMES,20200820,232.1,241.3,230.7,235,579151
AEGISCHEM,20200820,192,194.9,189.05,191.4,277027
AFFLE,20200820,2101,2120,2090,2104.75,36377
AGARIND,20200820,113.95,113.95,110.4,111.9,10051
AGCNET,20200820,375,399.9,373,385.3,70122
AGRITECH,20200820,32.7,33.2,32.5,32.75,5008
AGROPHOS,20200820,11.3,11.3,10.4,10.8,27891
AHLEAST,20200820,148.05,153.9,147.55,151.65,1706
AHLUCONT,20200820,253,255.9,244,253.75,22817
AHLWEST,20200820,275.25,275.65,261,271.95,433
AIAENG,20200820,1687,1699.95,1670,1685.85,15864
AIONJSW,20200820,16.6,18.05,15.75,18.05,1473604
AIRAN,20200820,11.9,12.5,11.9,12.35,136497
AJANTPHARM,20200820,1664.8,1664.8,1618.2,1623.9,193620
AJMERA,20200820,94.1,97.4,92.55,94.4,204901
AKASH,20200820,194,205.9,191.5,203.6,8853
AKSHARCHEM,20200820,245.45,248.8,233.4,237.05,311804
AKSHOPTFBR,20200820,6.65,6.65,6.65,6.65,120068
AKZOINDIA,20200820,2049.95,2074.9,2026.25,2071.45,11205
ALANKIT,20200820,17.3,18.6,17.3,17.8,1321851
ALBERTDAVD,20200820,485.1,507,485.1,488.9,34709
ALCHEM,20200820,5.2,5.65,5.2,5.65,157586
ALEMBICLTD,20200820,81.85,83.8,81.35,82.4,478665
ALICON,20200820,343.5,370,333.35,364.5,12133
ALKALI,20200820,50.05,51,49.8,50.7,23668
ALKEM,20200820,2857,2872.95,2832.55,2862.55,231702
ALKYLAMINE,20200820,2876.75,2888,2850,2856.9,25670
ALLCARGO,20200820,101.75,107,101.6,105.8,353765
ALLSEC,20200820,277,285,273.05,282,4323
ALMONDZ,20200820,10.3,10.4,10,10.1,12402
ALOKINDS,20200820,34.5,35.05,34,34.15,12968597
ALPA,20200820,27.4,28.25,26.25,28.25,144930
ALPHAGEO,20200820,171,172,165,170.3,32429
ALPSINDUS,20200820,1.1,1.2,1.1,1.15,27301
AMARAJABAT,20200820,736,745.5,717.05,742.35,1574213
AMBER,20200820,1822.1,1833.4,1755,1776.4,88581
AMBIKCO,20200820,670.5,675,670.5,673.95,9993
AMBUJACEM,20200820,224.8,228.3,224,225.35,1540485
AMDIND,20200820,17,18.85,16.95,17.75,92615
AMJLAND,20200820,19.4,19.4,18.65,18.7,8894
AMRUTANJAN,20200820,485.8,485.8,473.5,474.4,72296
ANANTRAJ,20200820,28.7,30.65,28.45,28.8,780100
ANDHRACEMT,20200820,5.3,5.5,5.2,5.35,552611
ANDHRAPAP,20200820,225.2,229.8,223.35,226.3,80136
ANDHRSUGAR,20200820,326,332,326,328.45,53937
ANIKINDS,20200820,14.35,14.9,14.2,14.25,12119
ANKITMETAL,20200820,0.75,0.8,0.7,0.75,149241
ANSALAPI,20200820,4.4,4.55,4.2,4.4,154236
ANSALHSG,20200820,4.6,4.8,4.6,4.8,62322
ANUP,20200820,542.9,555,526.3,537.05,18540
APARINDS,20200820,323.5,336.7,320,323.15,93335
APCL,20200820,160.05,164.5,155.3,157.7,27047
APCOTEXIND,20200820,162,173.25,162,173.25,3708768
APEX,20200820,265.25,284.6,265,275.8,791505
APLAPOLLO,20200820,2246,2298.3,2225.1,2267.6,34702
APLLTD,20200820,995,1014,977.5,981.3,750495
APOLLO,20200820,128,129.85,126.5,127.3,121622
APOLLOHOSP,20200820,1679,1704,1672,1693.2,455458
APOLLOPIPE,20200820,408.9,414.65,406,412.4,13198
APOLLOTYRE,20200820,127,130.1,126.5,128.75,6901672
APOLSINHOT,20200820,652,658.95,611.6,636.6,15366
APTECHT,20200820,114,124.3,113.1,122.1,1640171
ARCHIDPLY,20200820,28.25,28.9,27.6,27.85,39625
ARCHIES,20200820,12.1,12.7,11.75,12.65,101380
ARCOTECH,20200820,3.2,3.2,3,3.2,82326
ARENTERP,20200820,10.3,12.15,10.25,11.15,14484
ARIES,20200820,81.25,83.4,80.35,81.25,161810
ARIHANT,20200820,16.35,17.95,15.6,17.65,25014
ARIHANTSUP,20200820,21.6,21.9,20.7,21.1,44750
ARMANFIN,20200820,505,505,480,484.4,13476
AROGRANITE,20200820,33.5,35,32,33.1,190458
ARROWGREEN,20200820,46.8,46.85,44.25,46.35,9924
ARSHIYA,20200820,10.5,10.75,10.35,10.6,60455
ARSSINFRA,20200820,13.4,13.9,13.4,13.75,25708
ARTEMISMED,20200820,165,168,162.35,167.5,146
ARVIND,20200820,34.65,37,34.6,36.4,5885986
ARVINDFASN,20200820,140.2,146.6,137,146.6,454432
ARVSMART,20200820,102,109.9,101.1,106.75,616504
ASAHIINDIA,20200820,207,207,200,201.85,26795
ASAHISONG,20200820,209.45,217,205.1,212.9,36305
ASAL,20200820,20.75,20.75,20.1,20.45,10321
ASALCBR,20200820,260,264,259.05,262.5,38565
ASHAPURMIN,20200820,50.6,50.6,50.6,50.6,635712
ASHIANA,20200820,81.05,84.05,79,84.05,172091
ASHIMASYN,20200820,7,7,6.55,6.75,204482
ASHOKA,20200820,72,73.25,70.2,71.9,1790163
ASHOKLEY,20200820,68.1,72.15,67.35,71.3,85934818
ASIANHOTNR,20200820,62.45,66,61,63,43830
ASIANPAINT,20200820,1867.95,1880,1857.05,1874.9,1538979
ASIANTILES,20200820,228,236.8,226,234.45,186649
ASPINWALL,20200820,151.25,175,150.25,166.25,29260
ASTEC,20200820,1050,1294.6,1045.05,1253.25,541598
ASTERDM,20200820,131.05,141,131.05,140.15,731034
ASTRAL,20200820,1126.45,1179,1101.1,1136.65,196614
ASTRAMICRO,20200820,124.4,127.7,122.6,125.35,837492
ASTRAZEN,20200820,3368,3395,3325,3350.55,21102
ASTRON,20200820,42.25,43.6,42.2,43.05,38666
ATFL,20200820,656.35,656.35,641.05,643.55,13113
ATLANTA,20200820,9.05,9.25,9,9.2,15037
ATLASCYCLE,20200820,44.6,45,42.5,44.55,6343
ATUL,20200820,5650.9,5800,5650,5752.55,65459
ATULAUTO,20200820,178.85,183.6,177.05,178.6,132843
AUBANK,20200820,730,737.95,716,725.9,231140
AURIONPRO,20200820,69.35,72.8,69,72.8,19859
AUROPHARMA,20200820,861.9,874.95,855.55,857.5,2132282
AUSOMENT,20200820,34.9,40,34.1,40,88549
AUTOAXLES,20200820,719.95,748,707.75,714.1,121303
AUTOIND,20200820,32.2,32.2,32.15,32.15,23485
AUTOLITIND,20200820,21.95,22,20.4,21.25,5531
AVADHSUGAR,20200820,188.1,189.15,184.5,186.7,49994
AVANTIFEED,20200820,506.5,525,501,515.4,1003696
AVTNPL,20200820,44,44.2,43.25,43.7,178142
AXISBANK,20200820,437.9,441.3,433.25,434.95,16689591
AXISCADES,20200820,64.8,66.4,63.5,64.6,41553
AXISGOLD,20200820,46.55,46.55,42.4,45.45,221436
AXISNIFTY,20200820,117,117.1,116.12,116.87,4756
AYMSYNTEX,20200820,27.5,27.95,26.2,27.6,14171
BAGFILMS,20200820,2.65,2.75,2.55,2.6,233140
BAJAJ-AUTO,20200820,3059,3065,3025.35,3036.95,563069
BAJAJCON,20200820,183,184,179.1,180.35,671034
BAJAJELEC,20200820,469.95,474.95,463.2,464.85,227463
BAJAJFINSV,20200820,6255,6314,6231.05,6289.45,314948
BAJAJHIND,20200820,5.85,6.05,5.85,6,2806462
BAJAJHLDNG,20200820,2619,2629.95,2601.55,2614.8,9683
BAJFINANCE,20200820,3378,3414.5,3353.05,3393.8,3677466
BALAJITELE,20200820,85.7,86,83.8,84.95,175420
BALAMINES,20200820,848.85,850,811,818.8,244379
BALAXI,20200820,316.35,316.35,316.35,316.35,258
BALKRISHNA,20200820,13.9,14.55,13.9,14.35,5489
BALKRISIND,20200820,1358.5,1396,1347.5,1388.4,649858
BALLARPUR,20200820,2,2,2,2,1026890
BALMLAWRIE,20200820,112.8,115.65,112.5,115.15,404602
BALPHARMA,20200820,47.25,49,47,48.5,25663
BALRAMCHIN,20200820,148,149.85,145.8,147.85,1221062
BANARBEADS,20200820,53,64.4,52,64.4,298672
BANARISUG,20200820,1300.6,1319.9,1300,1301.5,520
BANCOINDIA,20200820,91.65,95,91.05,93.4,257285
BANDHANBNK,20200820,286,290.9,284.65,288.6,8418852
BANG,20200820,17,17.8,16.6,17.45,4609
BANKBARODA,20200820,47.15,48,46.4,47.45,22312375
BANKBEES,20200820,222.95,223,220,221.14,497027
BANKINDIA,20200820,47.65,48.75,47.5,48,3236826
BANSWRAS,20200820,70.5,74.8,70.15,73.65,50730
BASF,20200820,1315,1373,1292,1349.9,117647
BASML,20200820,90,94.75,88.5,93,2071
BATAINDIA,20200820,1262.8,1292.15,1256.25,1286.55,923971
BAYERCROP,20200820,5955,6099.95,5947.35,5996.95,37440
BBL,20200820,875,880,865,868.25,22420
BBTC,20200820,1442.5,1459,1427,1441.2,112044
BCG,20200820,7.3,7.3,6.95,7.2,1392646
BCP,20200820,5.15,5.15,4.95,5,149037
BDL,20200820,442,442,433.1,434.75,429752
BEARDSELL,20200820,8,8.1,7.4,7.4,13140
BEDMUTHA,20200820,15.35,15.5,14.3,15.1,23385
BEL,20200820,111,113,109.65,111.9,11334756
BEML,20200820,711.4,733,702.35,721.95,606980
BEPL,20200820,50.5,54.4,50,53.65,1394594
BERGEPAINT,20200820,556.2,559.4,550.5,555.3,680855
BFINVEST,20200820,305.35,313.5,303.1,307.45,39748
BFUTILITIE,20200820,241,253.3,238.4,246.65,280966
BGRENERGY,20200820,44.5,45.9,43.25,44.3,225612
BHAGERIA,20200820,133,138,132.45,136.2,51309
BHAGYANGR,20200820,17,17.5,16.6,16.95,10053
BHAGYAPROP,20200820,21.9,22.4,21.2,22.05,5214
BHANDARI,20200820,1.3,1.35,1.25,1.3,201221
BHARATFORG,20200820,483.9,496,482.05,490.55,2718834
BHARATGEAR,20200820,59.9,60.95,57,58.55,37243
BHARATRAS,20200820,9834.7,10020,9752.95,9803.7,4901
BHARATWIRE,20200820,25.2,25.3,23.4,24.5,17804
BHARTIARTL,20200820,531,533.6,522.7,525.55,13440102
BHEL,20200820,37.55,39.7,37.2,38.5,52183676
BIGBLOC,20200820,40,42.9,40,42.6,5388
BIL,20200820,178.15,178.15,170.3,176.4,33672
BILENERGY,20200820,1.1,1.1,1,1.05,3689045
BINDALAGRO,20200820,12.15,12.15,11.75,12.15,39700
BIOCON,20200820,396,397.9,391.35,394.15,2563762
BIOFILCHEM,20200820,36.1,36.1,36.1,36.1,21571
BIRLACABLE,20200820,61.2,63.8,61.2,62.85,125203
BIRLACORPN,20200820,595,602.95,590.85,592.95,150164
BIRLAMONEY,20200820,40,40.6,39.5,39.65,220479
BIRLATYRE,20200820,23.5,23.5,22.35,22.85,446835
BKMINDST,20200820,1.05,1.1,1,1,162316
BLBLIMITED,20200820,5,5,4.6,4.7,20907
BLISSGVS,20200820,131.9,135.5,131,132.65,797941
BLKASHYAP,20200820,5.9,6.15,5.85,6.15,187058
BLS,20200820,120.75,123.95,115.4,121.95,321614
BLUEDART,20200820,1904,1934.9,1884.25,1912.65,39111
BLUESTARCO,20200820,545.1,556.6,540,552.85,728209
BODALCHEM,20200820,72.1,75.45,71.7,74.1,754277
BOMDYEING,20200820,70.9,73.1,70.5,71.25,2486867
BOROLTD,20200820,151.5,160,148.5,158.95,72437
BORORENEW,20200820,83.4,87.8,80.75,81.95,682782
BOSCHLTD,20200820,13590,13859.3,13501,13758.1,33183
BPCL,20200820,403.7,419.85,400.1,412.45,18450091
BPL,20200820,21.75,22.5,20.9,22,236999
BRFL,20200820,10.55,10.55,10.55,10.55,16854
BRIGADE,20200820,156,166.95,153.55,164,1696931
BRITANNIA,20200820,3880,3910.2,3837.25,3868.1,523854
BRNL,20200820,36.05,36.25,35.45,35.8,33321
BROOKS,20200820,41,42.45,39.2,42.45,66849
BSE,20200820,487,495.35,484,489.95,118054
BSELINFRA,20200820,1.3,1.3,1.2,1.25,286637
BSL,20200820,25.8,26.4,25.1,25.65,8897
BSLGOLDETF,20200820,4898,4898,4811,4820.3,496
BSLNIFTY,20200820,124.5,124.5,121.62,121.62,651
BSOFT,20200820,170,177.4,167,172.45,2794624
BURNPUR,20200820,1.55,1.55,1.45,1.5,97982
BUTTERFLY,20200820,162,176.5,160,172.5,408286
BVCL,20200820,15.25,15.25,14,14.95,5363
BYKE,20200820,15.25,15.75,15.05,15.5,56606
CADILAHC,20200820,397,400.8,395.05,398.45,2403030
CALSOFT,20200820,8.9,8.9,8.05,8.65,29743
CAMLINFINE,20200820,85,86.5,83.25,85.5,415515
CANBK,20200820,105,106.8,103.05,104,8448910
CANFINHOME,20200820,370,372.7,366,366.85,185560
CANTABIL,20200820,315.5,349,310,314.2,700818
CAPACITE,20200820,137.4,160.5,132.3,147.95,661780
CAPLIPOINT,20200820,536,540.5,522.8,527.9,278464
CAPTRUST,20200820,68.6,71.4,67.2,68.4,13575
CARBORUNIV,20200820,259,269.5,257,267.05,635213
CAREERP,20200820,136.5,144.95,136,141.45,51224
CARERATING,20200820,404,420,402.05,413.2,100926
CASTROLIND,20200820,123,124.6,122.6,123.05,694236
CCHHL,20200820,3.1,3.2,3,3.15,41011
CCL,20200820,270,279,264.5,268.4,1120820
CDSL,20200820,374.5,381.6,370.35,371.8,694877
CEATLTD,20200820,870.1,878.05,868.1,874.55,81510
CEBBCO,20200820,15.05,15.2,14.6,14.95,114885
CELEBRITY,20200820,4.65,4.7,4.4,4.6,51653
CENTENKA,20200820,163,196,163,192.3,794328
CENTEXT,20200820,4.45,4.45,4.2,4.25,176796
CENTRALBK,20200820,17.75,17.95,17.6,17.7,817774
CENTRUM,20200820,14.25,14.5,13.7,14.3,563699
CENTUM,20200820,369.4,377,361.1,366.7,23937
CENTURYPLY,20200820,137.6,140.65,136.85,138.6,334749
CENTURYTEX,20200820,332,343.25,325.2,338.55,3416534
CERA,20200820,2405.05,2459,2390.4,2436.25,3183
CEREBRAINT,20200820,28.45,30.1,28.1,30.1,175564
CESC,20200820,606.5,641.1,606,633.75,1742526
CESCVENT,20200820,230.85,236.9,228,230.45,72510
CGCL,20200820,205,206.95,202,202.7,65896
CGPOWER,20200820,16.05,16.05,16.05,16.05,461550
CHALET,20200820,143.4,154.85,140.25,151.65,1065639
CHAMBLFERT,20200820,151.6,152.9,149.4,149.8,1094319
CHEMBOND,20200820,158,170,156,167.5,38761
CHEMFAB,20200820,154.5,172,154.25,169.55,82724
CHENNPETRO,20200820,81.85,84.8,81.45,81.95,2396999
CHOLAFIN,20200820,223.9,234.4,220.4,226.7,7286162
CHOLAHLDNG,20200820,393.25,402.9,386.55,399.85,61903
CHROMATIC,20200820,0.95,1.05,0.95,1,95495
CIGNITITEC,20200820,314.45,334.1,305.1,320.25,206638
CIMMCO,20200820,26.9,28.55,26.3,28.4,194319
CINELINE,20200820,28.8,29.6,28.25,29.35,111019
CINEVISTA,20200820,7.45,8.05,7.45,7.75,23659
CIPLA,20200820,758.35,771.75,758.35,762.7,8167571
CLEDUCATE,20200820,46.15,46.9,45.2,45.7,8447
CLNINDIA,20200820,380,390,377.3,387.15,130177
CMICABLES,20200820,36.35,40.15,34.95,40.15,145317
CNOVAPETRO,20200820,6.35,6.35,5.9,6.15,541
COALINDIA,20200820,134.1,139,133.35,138.5,16865173
COCHINSHIP,20200820,343.8,347.25,340,341.7,153554
COFORGE,20200820,2000,2028,1990.45,2002.5,102303
COLPAL,20200820,1415,1440,1412.75,1430,445053
COMPINFO,20200820,12.95,12.95,12.4,12.7,151946
COMPUSOFT,20200820,8,8.3,7.85,8.15,49022
CONCOR,20200820,391,396.35,385.3,392.95,1926701
CONFIPET,20200820,20.45,20.6,20,20.35,185025
CONSOFINVT,20200820,34.75,37.75,33,36.4,30418
CONTROLPR,20200820,220,257.4,219,251.95,104485
CORALFINAC,20200820,19.1,20.3,19.1,20.25,39116
CORDSCABLE,20200820,45,45.8,44.15,45.05,38487
COROMANDEL,20200820,770,783.9,752.4,760.3,634421
COSMOFILMS,20200820,470,491.4,457.55,479.85,1265729
COUNCODOS,20200820,1.4,1.4,1.3,1.35,23885
CPSEETF,20200820,18.69,19.07,18.11,18.98,4129950
CREATIVE,20200820,107,114.6,107,114.2,21891
CREATIVEYE,20200820,1.6,1.6,1.6,1.6,2451
CREDITACC,20200820,610.1,617.65,605.05,611.55,41864
CREST,20200820,80.25,84.9,80.2,83.6,7991
CRISIL,20200820,1749.8,1800,1740.05,1795.65,90531
CROMPTON,20200820,260.45,265.9,258,263.9,563252
CSBBANK,20200820,224,239,220.25,223.9,1455775
CTE,20200820,26.5,29.15,25.1,28.55,93219
CUB,20200820,123.8,125.45,122.55,124.5,5677089
CUBEXTUB,20200820,11.85,12.75,11.55,12.15,30646
CUMMINSIND,20200820,460,467.8,452.25,457.35,955432
CUPID,20200820,251.8,257,246.85,252.95,78937
CYBERTECH,20200820,55.9,57,54.1,56.5,76235
CYIENT,20200820,394.9,401.5,391,394.35,254440
DAAWAT,20200820,55.3,57.3,55.3,56.7,744418
DABUR,20200820,492.8,496.85,490.35,492.6,1638348
DALBHARAT,20200820,775.5,785.85,762.45,770.2,86978
DALMIASUG,20200820,136.2,138.65,135.5,136.15,180658
DAMODARIND,20200820,26.4,27.45,25.5,26.3,4073
DATAMATICS,20200820,67.2,72.55,67.2,69.9,78302
DBCORP,20200820,79,83,78.6,80.8,586307
DBL,20200820,403,415.55,395.05,405.15,675804
DBREALTY,20200820,7.3,7.55,7.2,7.45,516555
DBSTOCKBRO,20200820,10.3,11,10.1,10.75,1278
DCAL,20200820,188,197.5,185.05,194.65,779367
DCBBANK,20200820,81.5,83,80.6,82.55,1096201
DCM,20200820,19.65,20.95,19.65,19.95,22353
DCMFINSERV,20200820,1.2,1.3,1.2,1.2,6309
DCMNVL,20200820,27.8,28.7,27.2,27.4,14215
DCMSHRIRAM,20200820,359.9,368.65,352.3,362.65,68470
DCW,20200820,13.1,13.9,12.8,13.65,985404
DECCANCE,20200820,286.95,292.2,283.6,289.2,87465
DEEPAKFERT,20200820,154.1,158.15,152.9,153.9,829220
DEEPAKNTR,20200820,611.5,644.4,605.1,638.5,1787720
DEEPIND,20200820,73.5,89,73,82.15,525674
DELTACORP,20200820,116.95,123.5,113.55,121.5,3790815
DELTAMAGNT,20200820,20.8,21.75,20.75,21.45,11579
DEN,20200820,83,85,82,83.1,196419
DENORA,20200820,236.95,243,231,234.2,12802
DFMFOODS,20200820,273,273,262.4,269,804856
DGCONTENT,20200820,8.15,8.5,7.95,8.5,23798
DHAMPURSUG,20200820,139,141.9,138.3,139.55,467061
DHANBANK,20200820,12.2,13.05,12.2,12.6,620341
DHANUKA,20200820,808.75,818.2,800,805.3,44169
DHARSUGAR,20200820,5.95,5.95,5.5,5.95,3349
DHFL,20200820,14.1,14.8,13.95,14.8,2038622
DHUNINV,20200820,256.9,277.9,238.8,265.35,47350
DIAMONDYD,20200820,586.25,598,580.85,591.25,7617
DICIND,20200820,393,397.05,382.3,387.7,7715
DIGISPICE,20200820,7,7.45,7,7.35,20367
DISHTV,20200820,8.8,9.35,8.65,8.8,16624980
DIVISLAB,20200820,3130.1,3207,3121.1,3189.3,1019096
DIXON,20200820,7998,8114.9,7901,8041,30270
DLF,20200820,156,164.55,155,160.9,17796868
DLINKINDIA,20200820,104.75,107.3,103.45,104.55,153501
DMART,20200820,2252,2290,2219,2285.9,373075
DNAMEDIA,20200820,0.6,0.65,0.6,0.6,21127
DOLAT,20200820,54,58.65,54,57.75,776332
DOLLAR,20200820,150,156.7,147.05,149.3,355513
DONEAR,20200820,29.5,30.45,29.2,29.5,63125
DPSCLTD,20200820,12.25,12.25,11.7,11.8,43697
DPWIRES,20200820,59.5,62.45,56.7,60.95,4324
DQE,20200820,1.3,1.35,1.25,1.35,343509
DREDGECORP,20200820,279.55,309,277.7,296.3,1193686
DRREDDY,20200820,4485,4526.6,4461.1,4476,806767
DSSL,20200820,26.7,28.6,26.5,27.4,28280
DTIL,20200820,243.9,263.55,240.25,258.5,42109
DUCON,20200820,4.5,4.5,4.15,4.4,52307
DVL,20200820,56.75,62.5,56.2,60.6,53684
DWARKESH,20200820,28.9,29.5,28.45,28.85,751121
DYNAMATECH,20200820,860,892,854,892,71574
DYNPRO,20200820,213,216.7,209,209.95,163874
EASTSILK,20200820,1.15,1.15,1.1,1.1,5540
EBANK,20200820,2390,2390,2390,2390,5
EBBETF0423,20200820,1080.02,1081.44,1080,1080.31,8697
EBBETF0425,20200820,998.47,998.47,995.6,997.11,1364
EBBETF0430,20200820,1097,1098.8,1096,1097.06,22265
EBBETF0431,20200820,990,990,986.2,987.04,12530
EBIXFOREX,20200820,525,525,511.1,515.2,1097
ECLERX,20200820,684,724,683,713.05,226397
EDELWEISS,20200820,72.7,76.5,72,75.75,1380249
EICHERMOT,20200820,21200,21530,20900,21371.35,224320
EIDPARRY,20200820,286,287,280.85,282.25,196852
EIHAHOTELS,20200820,264.55,280,264.55,276,93687
EIHOTEL,20200820,80,89.95,80,88.1,7059030
EIMCOELECO,20200820,337.15,349.8,328.05,335.3,370
EKC,20200820,30.35,32.55,26.65,31.9,2112419
ELECON,20200820,31.45,33.75,31,31.6,827499
ELECTCAST,20200820,15.5,15.95,15.3,15.8,457816
ELECTHERM,20200820,123,123,118.35,120.7,25437
ELGIEQUIP,20200820,229.9,233,225,226.6,72183
ELGIRUBCO,20200820,18.15,18.45,17.5,18.35,37050
EMAMILTD,20200820,347.5,354.8,340.1,352.2,691087
EMAMIPAP,20200820,73,77.5,73,74.05,21218
EMAMIREAL,20200820,42.95,45.4,41.3,45.1,88657
EMKAY,20200820,49.85,50,48.55,48.8,14429
EMMBI,20200820,81.8,81.8,78.05,80.3,9728
ENDURANCE,20200820,1046.95,1061,1023.6,1050.7,43570
ENERGYDEV,20200820,7.05,7.05,6.7,6.9,26583
ENGINERSIN,20200820,72.5,75.45,71.9,74.1,11453104
ENIL,20200820,158.9,158.9,151.05,156.75,23382
EQ30,20200820,340,340,327.1,335,2422
EQUITAS,20200820,54.3,57.45,53.6,56.5,25205316
ERIS,20200820,533,547.7,528.25,541.9,104481
EROSMEDIA,20200820,25.45,25.8,25.1,25.35,364221
ESABINDIA,20200820,1378.95,1440,1367.05,1417.65,5977
ESCORTS,20200820,1154.9,1172,1131.25,1140,1923674
ESSARSHPNG,20200820,9.8,10.4,9.8,10.2,57796
ESSELPACK,20200820,282.7,299.55,279.35,290.45,528534
ESTER,20200820,76.45,76.45,73.35,76.45,230060
EUROMULTI,20200820,1.15,1.15,1.15,1.15,4077
EUROTEXIND,20200820,8.25,8.25,8.25,8.25,100
EVEREADY,20200820,142.3,142.9,130.25,139.2,592136
EVERESTIND,20200820,231.7,233.95,227.2,230.8,55247
EXCEL,20200820,1.15,1.15,1.15,1.15,3300
EXCELINDUS,20200820,760,854.2,760,843.15,105681
EXIDEIND,20200820,165.3,171,162.8,169.85,4360454
EXPLEOSOL,20200820,400,403,387,399.6,21181
FACT,20200820,49.5,50.4,49.1,49.65,169050
FAIRCHEM,20200820,686.95,699,668,684.8,90471
FCL,20200820,32.75,35.3,32.5,34.45,949918
FCONSUMER,20200820,11.2,11.2,10.8,11.2,61135493
FCSSOFT,20200820,0.5,0.5,0.45,0.5,1928212
FDC,20200820,328,334,324.6,328.5,324414
FEDERALBNK,20200820,54.45,54.8,53.9,54.6,29832820
FEL,20200820,16.25,16.8,15.8,16.8,7061170
FELDVR,20200820,18.1,18.3,17.5,18.3,171402
FIEMIND,20200820,570,602.45,569.95,580.7,100380
FILATEX,20200820,26,26.8,25.7,25.95,250012
FINCABLES,20200820,296,299.75,292,294.65,268234
FINEORG,20200820,2275,2330.5,2250,2266.45,27921
FINPIPE,20200820,461.9,464.9,456.4,462.95,100529
FLEXITUFF,20200820,7.5,7.85,7.5,7.55,24922
FLFL,20200820,129.95,129.95,129.95,129.95,137913
FLUOROCHEM,20200820,482,482,466.2,470,277604
FMGOETZE,20200820,413.85,413.95,390,409.55,24490
FMNL,20200820,24.35,24.35,24.3,24.35,39109
FORCEMOT,20200820,1044.9,1094,1035,1083.4,242628
FORTIS,20200820,138.9,141.5,138.2,139.9,1214485
FOSECOIND,20200820,1225,1448.55,1192.05,1402.9,57510
FRETAIL,20200820,121.7,134.9,113.4,127.65,36660468
FSC,20200820,150.5,152.5,145.25,149.9,476432
FSL,20200820,54.8,57.45,54.75,56.45,3522599
GABRIEL,20200820,104.2,104.2,101,101.6,235917
GAEL,20200820,187.95,192,184.9,191.1,141923
GAIL,20200820,101,103.15,100.3,101.5,18502004
GAL,20200820,2.9,2.95,2.8,2.85,23839
GALAXYSURF,20200820,1839.9,1871.95,1806.4,1843.3,17714
GALLANTT,20200820,32.05,32.85,31.15,31.55,11989
GALLISPAT,20200820,29.05,29.05,27.55,28.95,22901
GAMMNINFRA,20200820,0.8,0.85,0.8,0.8,1251600
GANDHITUBE,20200820,212.45,217.9,210,216.05,6890
GANECOS,20200820,251.1,257.7,248.6,253.1,8785
GANESHHOUC,20200820,27.85,27.85,27.85,27.85,25327
GANGESSECU,20200820,37.5,39.2,37.5,38,7929
GARDENSILK,20200820,11.45,11.65,11.2,11.45,11493
GARFIBRES,20200820,1894.95,1915,1806.65,1833.2,29278
GATI,20200820,45.3,49.8,44.9,48.8,3624261
GAYAHWS,20200820,0.45,0.45,0.4,0.45,821704
GAYAPROJ,20200820,17.1,17.95,17.1,17.9,993838
GBGLOBAL,20200820,6.85,6.85,6.25,6.85,6471
GDL,20200820,86,92.25,85.35,91.35,428130
GEECEE,20200820,73.85,76.05,72.8,73.65,16636
GEEKAYWIRE,20200820,87,90.15,86.4,88.1,3923
GENESYS,20200820,46.4,47.65,45.1,47.65,29338
GENUSPAPER,20200820,5.25,5.25,5.1,5.2,318382
GENUSPOWER,20200820,25.85,26.5,24.05,26.05,367785
GEOJITFSL,20200820,39.8,41.9,39.8,41.2,879769
GEPIL,20200820,508.95,513.5,501,511.7,19850
GESHIP,20200820,264.65,269.8,260.3,262.15,251278
GET&D,20200820,110.4,114.65,107.5,111.85,196849
GFLLIMITED,20200820,97.8,99.3,95.85,98.05,50527
GFSTEELS,20200820,3.5,3.5,3.25,3.25,3730
GHCL,20200820,159,164.4,156.1,161.15,428289
GICHSGFIN,20200820,97.95,101,97.55,99.4,474106
GICRE,20200820,144.75,148,142.6,143.3,463736
GILLANDERS,20200820,28.7,30.25,28.7,29.4,7924
GILLETTE,20200820,5149.9,5275,5082.05,5222.8,67532
GINNIFILA,20200820,11.8,12,11.4,11.75,53007
GIPCL,20200820,76.3,82.7,75.25,80.25,2384809
GKWLIMITED,20200820,475,489.85,475,483.85,98
GLAXO,20200820,1510,1515.45,1482.65,1490.05,99206
GLENMARK,20200820,480,494.45,476.6,490.05,5294067
GLFL,20200820,1.45,1.45,1.45,1.45,250
GLOBALVECT,20200820,59.15,62,58.2,60.55,39659
GLOBOFFS,20200820,6.65,6.65,6.65,6.65,18123
GLOBUSSPR,20200820,160.9,161.5,155.25,157.7,89852
GMBREW,20200820,405,405.8,397.55,402.95,23113
GMDCLTD,20200820,47.75,53.25,47.5,51.55,9180422
GMMPFAUDLR,20200820,5935,5984,5800,5866.55,27289
GMRINFRA,20200820,21,22.3,21,22.2,22843333
GNA,20200820,227,234.9,216.55,223.75,180326
GNFC,20200820,172,184.85,170.85,182.95,2325281
GOACARBON,20200820,218.05,231.3,217.45,222,62052
GOCLCORP,20200820,178.1,184,175,181.2,16204
GODFRYPHLP,20200820,948,955,933.05,937.2,51418
GODREJAGRO,20200820,485.15,507.75,479,501.1,425301
GODREJCP,20200820,690,694.45,678.35,689.2,486335
GODREJIND,20200820,398.6,419,398.6,414.8,147030
GODREJPROP,20200820,887,891,850.3,863.25,1122777
GOKEX,20200820,53.1,54.9,52.2,53.5,75466
GOKUL,20200820,16.05,17,15.95,16.15,20705
GOKULAGRO,20200820,15.45,15.45,14.8,14.9,28903
GOLDBEES,20200820,46.19,46.22,45.59,45.68,9340851
GOLDENTOBC,20200820,24.2,24.75,23.6,24.05,15792
GOLDIAM,20200820,116,119.15,114.45,117.3,43809
GOLDSHARE,20200820,4798.45,4798.95,4757,4771.9,3540
GOLDTECH,20200820,10.4,11.5,10.3,11.5,359869
GOODLUCK,20200820,41.45,43.85,40.75,42.55,136424
GPIL,20200820,266.3,287.85,266.3,287.85,143852
GPPL,20200820,81,82.75,80.05,80.9,450110
GPTINFRA,20200820,30.7,31.8,30.4,31.4,103154
GRANULES,20200820,303.5,323.45,303.2,316.6,5749824
GRAPHITE,20200820,193,202,192.1,194.3,1420506
GRASIM,20200820,660.15,675,655.05,665.6,3015031
GRAVITA,20200820,50.7,53,48,50.25,552675
GREAVESCOT,20200820,80.8,82,79.95,80,1485771
GREENLAM,20200820,742.25,753.95,729.3,731.85,3833
GREENPANEL,20200820,50.4,50.5,48.3,49.05,43579
GREENPLY,20200820,89.7,92.8,89,91.4,948135
GREENPOWER,20200820,2.15,2.15,2.05,2.1,2466128
GRINDWELL,20200820,546.95,549,535.85,547.1,49390
GROBTEA,20200820,590,643.35,587.25,643.35,17433
GRPLTD,20200820,708.65,736.95,708.65,725,398
GRSE,20200820,212.95,224.35,212.7,215.3,889598
GSCLCEMENT,20200820,30.5,30.9,29.85,30,157393
GSFC,20200820,61.05,63.5,61.05,62.9,787346
GSPL,20200820,204.85,208,203.85,205,871078
GSS,20200820,23.1,27.75,23.1,27.05,2847381
GTLINFRA,20200820,0.8,0.85,0.8,0.8,4682202
GTNIND,20200820,8.8,8.9,8.25,8.5,2675
GTNTEX,20200820,5.45,5.45,5.45,5.45,5351
GTPL,20200820,102,106.65,102,103.1,107045
GUFICBIO,20200820,92.8,95.65,92.05,92.95,122842
GUJALKALI,20200820,333.4,336.35,323,325.25,133747
GUJAPOLLO,20200820,188.55,189.6,183.2,185.65,5224
GUJGASLTD,20200820,302.9,316,300,313.25,988099
GUJRAFFIA,20200820,12.1,12.1,12,12.1,1595
GULFOILLUB,20200820,665,665,654,659.1,13010
GULFPETRO,20200820,41.35,42,40.15,41,28196
GULPOLY,20200820,50.55,51.55,49.5,49.85,22766
GVKPIL,20200820,2.7,2.75,2.65,2.75,8008831
HAL,20200820,1255,1255,1200,1206.35,836478
HARITASEAT,20200820,396,438.95,396,427.05,44818
HARRMALAYA,20200820,98.8,107.95,98.2,105.6,434415
HATHWAY,20200820,37.4,37.4,36.5,36.8,693340
HATSUN,20200820,757,769.6,749.25,753.15,22361
HAVELLS,20200820,624,643.55,620.9,638.4,1880363
HAVISHA,20200820,0.7,0.7,0.65,0.7,40055
HBLPOWER,20200820,16.65,17.25,16.45,16.8,859510
HBSL,20200820,5.3,5.45,5.3,5.4,781
HCC,20200820,6.1,6.4,6,6.1,8380283
HCG,20200820,129,130.45,129,129.8,292141
HCL-INSYS,20200820,8.85,8.95,8.75,8.85,252326
HCLTECH,20200820,708.5,715.85,706.05,710.1,3025769
HDFC,20200820,1803,1807.95,1782.25,1785.15,2702815
HDFCAMC,20200820,2410.05,2419,2385,2400,258407
HDFCBANK,20200820,1054.95,1068.95,1052,1059,9608591
HDFCLIFE,20200820,599,600,590.1,595.05,1490688
HDFCMFGETF,20200820,4739.4,4739.4,4682.55,4690.9,15854
HDFCNIFETF,20200820,1189.37,1191.64,1179.91,1187.66,538
HDFCSENETF,20200820,4078,4216,4025.55,4132.43,275
HEG,20200820,810,835,806,813.25,462677
HEIDELBERG,20200820,187.7,193.65,186.8,191.8,1405640
HERCULES,20200820,93,93.6,92,92.55,46322
HERITGFOOD,20200820,358.85,369,355.05,363.7,277193
HEROMOTOCO,20200820,2912,2964.9,2892.65,2956.05,1185242
HESTERBIO,20200820,1496,1498.15,1470,1481.45,6676
HEXATRADEX,20200820,30,31,28.2,30.15,30352
HEXAWARE,20200820,396.1,414.85,396.1,406.7,1420420
HFCL,20200820,15.6,16.5,15.55,16.05,3567859
HGINFRA,20200820,198,215,198,214.1,403848
HGS,20200820,700,719.75,696.7,708.9,9750
HIKAL,20200820,143,156.3,142.1,152.9,5401314
HIL,20200820,1599,1628,1575.1,1605.45,8481
HILTON,20200820,10,10,9.75,10,5024
HIMATSEIDE,20200820,80,87.5,80,85.3,1316165
HINDALCO,20200820,193.05,202.35,192.45,199,28492195
HINDCOMPOS,20200820,190.4,192,186.2,190.75,2438
HINDCOPPER,20200820,39.1,41.6,39,40.65,3426875
HINDMOTORS,20200820,6.25,6.4,6,6.4,252348
HINDNATGLS,20200820,27.25,28,27.25,27.95,6182
HINDOILEXP,20200820,80.5,82.6,80,80.75,235704
HINDPETRO,20200820,209,215.8,208.15,214.7,12758432
HINDUNILVR,20200820,2186,2197.8,2176.15,2185.7,1768939
HINDZINC,20200820,232.2,232.2,222.85,223.3,1625430
HIRECT,20200820,137.95,137.95,137.95,137.95,16000
HISARMETAL,20200820,76.65,78.7,75,76.1,4233
HITECH,20200820,147.7,149.5,141.45,145.9,43013
HITECHCORP,20200820,117,126.5,115.9,118.7,137918
HITECHGEAR,20200820,125.6,128.7,125.6,128.1,11174
HLVLTD,20200820,5.2,5.3,5.1,5.25,203394
HMVL,20200820,49.95,53,49.9,50.75,164646
HNDFDS,20200820,719.95,724,701.15,717.25,8338
HNGSNGBEES,20200820,342.76,349.85,337,348.24,791
HONAUT,20200820,31390,32920,31060.45,32443.75,6810
HONDAPOWER,20200820,1063.35,1065.95,1025,1048.95,23813
HOTELRUGBY,20200820,1.5,1.6,1.5,1.6,8246
HOVS,20200820,38.7,39.35,37.1,39,7333
HPL,20200820,36.2,38.3,35.5,37.75,258594
HSCL,20200820,52.9,60.1,52.5,59.2,13238865
HSIL,20200820,60.85,69.5,60.55,65.7,2343939
HTMEDIA,20200820,14.55,15.75,14.1,15.75,321841
HUBTOWN,20200820,11.45,12.3,11.45,12.2,81548
HUDCO,20200820,36.3,37.4,36.1,36.95,1651161
IBMFNIFTY,20200820,118,118.34,114.1,115.04,823
IBREALEST,20200820,68.5,74.55,68.05,70.7,7281334
IBULHSGFIN,20200820,203.65,208.8,201.1,204,7934344
IBULISL,20200820,46.85,47.75,45.3,46.2,145342
IBVENTURES,20200820,165.05,178.7,161.05,173.8,2134902
ICICI500,20200820,154.77,154.77,152.17,152.88,908
ICICIALPLV,20200820,118.1,119.8,118.1,118.87,1816
ICICIB22,20200820,27.1,27.35,26.56,27.31,288848
ICICIBANK,20200820,367,369.65,362.6,367.75,68447536
ICICIBANKN,20200820,241.6,241.6,217.34,218.16,12568
ICICIBANKP,20200820,118.05,120,118.05,118.96,5273
ICICIGI,20200820,1310.65,1324,1294,1298.35,198608
ICICIGOLD,20200820,47,47.45,46.25,47.13,295926
ICICILIQ,20200820,999.95,1000,999.95,999.99,19420
ICICILOVOL,20200820,96.97,96.97,95,95.2,6560
ICICIM150,20200820,64.15,64.77,64.15,64.77,2133
ICICIMCAP,20200820,65,65,63.5,64.16,6698
ICICINF100,20200820,135.7,135.7,122.1,123.97,1560
ICICINIFTY,20200820,131.3,131.3,118,119.68,297630
ICICINV20,20200820,59,60,55.2,58.6,102265
ICICINXT50,20200820,28.97,28.97,27.91,28.01,7351
ICICIPRULI,20200820,450,452.85,438.05,439.1,2208998
ICICISENSX,20200820,410,416.92,403,412.5,289
ICICITECH,20200820,182.4,182.4,181.4,181.45,1143
ICIL,20200820,70.85,72.45,69.05,71.05,496331
ICRA,20200820,2550.15,2568.45,2549.75,2551.3,3275
IDBI,20200820,39.6,40,39.3,39.4,1403916
IDBIGOLD,20200820,5000,5000,4880,4936.55,316
IDEA,20200820,8.6,8.8,8.45,8.5,152596470
IDFC,20200820,28.6,29.5,28.6,29,7240144
IDFCFIRSTB,20200820,31,31.4,30.3,30.95,29288756
IDFNIFTYET,20200820,117,117,115.75,115.75,27
IEX,20200820,191,194.4,188.2,189.45,677312
IFBAGRO,20200820,311.5,315,305.65,309.25,5707
IFBIND,20200820,442,455.95,437.1,442.25,89493
IFCI,20200820,7.35,7.6,7.2,7.45,2838452
IFGLEXPOR,20200820,146.3,153.95,143,148.35,68850
IGARASHI,20200820,309.9,322.9,306.4,309.55,234179
IGL,20200820,396.45,413,395.2,410.3,12580259
IGPL,20200820,223.8,269.7,218.65,269.65,665953
IIFL,20200820,78.9,78.9,77.1,77.45,730816
IIFLSEC,20200820,42.9,43.7,41.55,43.05,527029
IIFLWAM,20200820,1154,1215,1105.25,1123.25,64625
IITL,20200820,64.15,64.15,58.35,64.15,29803
IMAGICAA,20200820,5.45,5.55,5.2,5.4,158782
IMFA,20200820,213.95,232.8,211.55,230.5,149451
IMPAL,20200820,542,549.9,537.1,544.5,761
INDBANK,20200820,13,13.9,13,13.9,595213
INDHOTEL,20200820,96.7,104.5,96.15,102.5,11943094
INDIACEM,20200820,116.7,117.4,115,115.4,889685
INDIAGLYCO,20200820,289.5,294.85,286.9,288.55,107566
INDIAMART,20200820,3000,3100,2991,3060.2,133590
INDIANB,20200820,63.4,64.65,63.15,63.8,1319797
INDIANCARD,20200820,95.95,97.95,95.05,97.45,1516
INDIANHUME,20200820,180,187.7,179,182.8,106878
INDIGO,20200820,1199,1228,1188,1199.95,2246961
INDLMETER,20200820,15.3,15.4,14.25,15.4,3092
INDNIPPON,20200820,362.05,378,360.5,369.25,50921
INDOCO,20200820,249.9,254,246,247.4,103094
INDORAMA,20200820,20.1,20.1,20.1,20.1,102984
INDOSTAR,20200820,258.5,261.7,248.9,256.05,12355
INDOTECH,20200820,101.05,102.55,97.25,99.95,7800
INDOTHAI,20200820,18.35,18.35,17.2,17.85,5383
INDOWIND,20200820,3.35,3.55,3.3,3.4,54262
INDRAMEDCO,20200820,55.3,59.7,55.1,59.15,923305
INDSWFTLAB,20200820,39,39,37.5,37.6,26581
INDSWFTLTD,20200820,3.55,3.55,3.25,3.55,33893
INDTERRAIN,20200820,32.8,32.85,32.05,32.5,178378
INDUSINDBK,20200820,515.6,520.55,511.1,513.4,7658814
INEOSSTYRO,20200820,520.55,527.8,511,517.3,11286
INFIBEAM,20200820,74.5,76,73.05,73.9,837959
INFOBEAN,20200820,115.85,116.45,114,115.2,31131
INFRABEES,20200820,333.65,336.49,333.34,336.45,300
INFRATEL,20200820,200,201.3,196.85,199.25,4687064
INFY,20200820,958.9,965.5,951.3,955.15,5656667
INGERRAND,20200820,689.65,690.55,651.15,657.85,99438
INOXLEISUR,20200820,285,317.8,284,309.2,2892639
INOXWIND,20200820,41.95,44.45,41.4,42.45,183860
INSECTICID,20200820,508.8,521.95,502.25,511.1,162381
INSPIRISYS,20200820,27.05,28.2,26.85,27.8,44500
INTEGRA,20200820,2.8,2.8,2.8,2.8,27512
INTELLECT,20200820,188.2,191.95,185.4,186.65,70925
INTENTECH,20200820,47.75,50.45,46,49.8,75841
INVENTURE,20200820,18.05,18.5,18,18.25,16379
IOB,20200820,11.3,11.9,11.2,11.4,13759415
IOC,20200820,87.9,89.7,87.1,89.05,32146698
IOLCP,20200820,815,838.7,806.45,811.1,877066
IPCALAB,20200820,1989.85,2045,1985.85,2030.65,370565
IRB,20200820,130.45,136.1,128.25,132.65,7486309
IRCON,20200820,95.35,96.35,94,94.85,750755
IRCTC,20200820,1345,1357.45,1332.25,1347.05,610627
ISEC,20200820,468.5,477,457.15,460.15,650264
ISFT,20200820,72.9,72.9,71,72.9,16589
ISMTLTD,20200820,5.1,5.35,5.05,5.35,66379
ITC,20200820,197,197.2,194.55,195.8,16910657
ITDC,20200820,230.7,256.05,229.05,255.1,396882
ITDCEM,20200820,48,54.5,47.5,53.6,4057050
ITI,20200820,143.05,145.6,141.8,142.7,1336139
IVC,20200820,4.15,4.3,3.95,4.15,107633
IVP,20200820,49.7,50.35,47.5,48.5,2401
IVZINGOLD,20200820,4839,4839,4756,4783,133
IVZINNIFTY,20200820,1224,1224,1224,1224,15
IZMO,20200820,32.3,34.85,32.05,33.65,50934
J&KBANK,20200820,17.2,17.4,17,17.1,881210
JAGRAN,20200820,41.45,42.3,41,41.35,527528
JAGSNPHARM,20200820,39,41.45,38.45,39.75,313517
JAIBALAJI,20200820,21.45,21.45,20.6,21.05,2370
JAICORPLTD,20200820,96.5,100.25,95.6,97.8,7351533
JAINSTUDIO,20200820,3.75,3.75,3.55,3.55,11862
JAMNAAUTO,20200820,42,45.3,41.5,44.55,2260619
JASH,20200820,155.25,166.95,155.2,164.65,22582
JAYAGROGN,20200820,90.45,94.6,90.45,94.05,7814
JAYBARMARU,20200820,224,228.5,220.35,222.75,37834
JAYNECOIND,20200820,3,3.1,2.9,3.05,38385
JAYSREETEA,20200820,60.3,63.3,60.3,62.35,209847
JBCHEPHARM,20200820,808,814,782.15,785.9,425108
JBFIND,20200820,9,9.45,8.8,9.35,102345
JBMA,20200820,226.1,230.9,222,226.5,46596
JCHAC,20200820,2110,2126,2060.6,2114.1,8197
JHS,20200820,14.7,14.7,14.2,14.35,71951
JINDALPHOT,20200820,14.15,14.7,13.55,14.2,35141
JINDALPOLY,20200820,471.45,525,470,514.7,617535
JINDALSAW,20200820,68,71.7,65.05,68.05,3789362
JINDALSTEL,20200820,224.45,238.75,223.4,234.85,14579720
JINDRILL,20200820,74.35,78.05,72.6,78.05,30865
JINDWORLD,20200820,48,48.7,47,48.45,7921
JISLDVREQS,20200820,11.1,12.2,11.1,12.2,371511
JISLJALEQS,20200820,12.2,12.8,12.15,12.8,6058560
JITFINFRA,20200820,7.5,7.6,7.05,7.2,17297
JIYAECO,20200820,11.75,11.9,11.35,11.9,231986
JKCEMENT,20200820,1532.1,1549,1519.65,1532.95,37584
JKIL,20200820,109,118.9,107.95,111.9,1063295
JKLAKSHMI,20200820,270.8,277,270,274.4,171301
JKPAPER,20200820,98.35,100.8,97.5,99.5,1168776
JKTYRE,20200820,61.55,62.3,60.95,61.3,1447135
JMA,20200820,25.8,25.95,25.2,25.6,4358
JMCPROJECT,20200820,55.1,57.4,54.25,56.5,296891
JMFINANCIL,20200820,82,82.95,81.05,81.85,638512
JMTAUTOLTD,20200820,3.3,3.4,3.15,3.25,456242
JOCIL,20200820,201,213.8,200.45,204.6,47114
JPASSOCIAT,20200820,4.05,4.2,3.85,4.2,6639556
JPINFRATEC,20200820,1.35,1.4,1.3,1.35,2929010
JPOLYINVST,20200820,16.45,16.5,16.45,16.5,1241
JPPOWER,20200820,3,3,3,3,3156447
JSL,20200820,50.35,50.35,45.6,47.4,1010440
JSLHISAR,20200820,94.85,97.4,94.65,96.5,470020
JSWENERGY,20200820,56.9,59.9,56.25,57.1,6638827
JSWHL,20200820,2150,2299.9,2101.15,2286.7,2919
JSWSTEEL,20200820,273,284.5,271.15,282.65,11325005
JTEKTINDIA,20200820,75.55,77.3,75.25,76.35,200469
JUBILANT,20200820,802.1,822,782,792.8,494234
JUBLFOOD,20200820,1912.2,1980,1912.2,1967.7,807971
JUBLINDS,20200820,166,170,162.1,164,38248
JUMPNET,20200820,87.5,89.2,86.65,88.25,831552
JUNIORBEES,20200820,285.5,298,285.5,288.27,72202
JUSTDIAL,20200820,396,399.95,391.1,392.9,573143
JYOTHYLAB,20200820,147,150.9,145.25,149.6,558925
KABRAEXTRU,20200820,65.95,77.45,63.45,76.1,199017
KAJARIACER,20200820,429.5,451.8,425.2,449,564853
KAKATCEM,20200820,161.6,167.65,161.35,163.9,21377
KALPATPOWR,20200820,254.3,274.4,252.5,271.65,1528453
KALYANIFRG,20200820,151.4,156,151,156,1321
KAMATHOTEL,20200820,32.2,34.5,32,33.7,460879
KAMDHENU,20200820,78.05,80,76.4,79.1,15950
KANANIIND,20200820,3.8,3.95,3.65,3.95,5159
KANORICHEM,20200820,42.25,44.65,42.2,44,322550
KANSAINER,20200820,487.6,489.9,480.9,484.95,108626
KAPSTON,20200820,89,89.95,81.25,89.9,547
KARDA,20200820,87.4,94.6,87.4,91.4,125073
KARMAENG,20200820,11.2,11.85,11.2,11.85,1371
KARURVYSYA,20200820,35.5,37.3,35.1,36.35,4473324
KAUSHALYA,20200820,1.85,1.85,1.85,1.85,69822
KAYA,20200820,222,224.05,218,221.95,20134
KCP,20200820,64.9,66.4,64.65,66.05,222601
KCPSUGIND,20200820,15.25,15.6,15.05,15.25,222876
KDDL,20200820,145.5,154,144.8,153.35,4510
KEC,20200820,312.35,318.5,312.35,313.3,300156
KECL,20200820,12.4,12.7,12.25,12.55,69029
KEI,20200820,401.75,401.75,390.4,395.4,222576
KELLTONTEC,20200820,21.25,22.35,20.9,22.35,691490
KENNAMET,20200820,810,831,786.6,812.5,18343
KERNEX,20200820,20.2,20.25,19.5,20.1,12904
KESORAMIND,20200820,40.8,42.2,39.95,41.95,236891
KEYFINSERV,20200820,33.5,40,33.5,38.95,3547
KHADIM,20200820,122.4,128.9,120.75,127.85,185596
KHANDSE,20200820,9.45,10.25,9.45,9.7,3652
KICL,20200820,1477.15,1477.2,1428,1437.8,608
KILITCH,20200820,99,100.55,95.4,98.35,26200
KINGFA,20200820,495.6,514.75,494.7,499.95,5780
KIOCL,20200820,169,169.5,158.75,160.35,222141
KIRIINDUS,20200820,497.8,500,492,494.8,52891
KIRLFER,20200820,85.15,92.4,85.15,91.4,59693
KIRLOSBROS,20200820,130.9,134.95,128.8,131.85,70356
KIRLOSENG,20200820,107.35,110.3,106.6,107,195088
KIRLOSIND,20200820,623.6,660,623.6,637.5,1922
KITEX,20200820,106.9,108,104.5,106.15,126892
KKCL,20200820,755,769.95,749.95,760.3,1222
KMSUGAR,20200820,12.1,14.5,11.7,13.65,5333757
KNRCON,20200820,256,264.8,250,251.9,402864
KOKUYOCMLN,20200820,57.6,62.5,57.1,61.15,338993
KOLTEPATIL,20200820,172.8,178.55,171.2,176.95,273296
KOPRAN,20200820,73.8,76.7,71.5,72.7,923746
KOTAKBANK,20200820,1343,1350,1330.15,1338.35,2841401
KOTAKBKETF,20200820,225.77,225.77,221.68,222.59,31225
KOTAKGOLD,20200820,463.85,463.85,456.65,457.65,108953
KOTAKNIFTY,20200820,118.9,118.9,117.21,117.81,61383
KOTAKNV20,20200820,59.25,59.87,59.05,59.4,8146
KOTAKPSUBK,20200820,143,144.99,142,144.9,4166
KOTARISUG,20200820,12.85,12.85,12.3,12.7,103638
KOTHARIPET,20200820,16.15,16.5,15.5,16.05,169461
KOTHARIPRO,20200820,65.8,66.4,63.25,65.1,14225
KPITTECH,20200820,81,84.35,80.75,82.25,678646
KPRMILL,20200820,574,581,560,563.3,28579
KRBL,20200820,288.85,293.35,286.1,288.75,129759
KREBSBIO,20200820,87.9,88,84.6,86.6,24051
KRIDHANINF,20200820,3.3,3.35,3.05,3.3,148668
KRISHANA,20200820,62,62.15,59,59,1826
KSB,20200820,529.9,538.95,527,535.75,26957
KSCL,20200820,610.8,624.2,610.05,612.3,302877
KSERASERA,20200820,0.3,0.3,0.25,0.3,1634173
KSK,20200820,0.5,0.55,0.45,0.5,158223
KSL,20200820,225,231.3,222.1,225.35,71516
KTKBANK,20200820,43.6,44.5,43.4,44.05,1296614
KUANTUM,20200820,49.8,52.2,49.7,51.5,30753
KWALITY,20200820,3.1,3.2,3.05,3.2,450615
L&TFH,20200820,67.3,70,66.5,68.8,24828537
LAKSHVILAS,20200820,20.5,21.35,20.3,21.05,623540
LALPATHLAB,20200820,1874,1875.85,1836,1840.25,233984
LAMBODHARA,20200820,31.9,34.2,30.85,33.5,65836
LAOPALA,20200820,199.7,202,195.1,199.9,41603
LASA,20200820,55.5,57.85,55,57.3,38025
LAURUSLABS,20200820,1056.8,1094.9,1055,1073.35,989656
LAXMIMACH,20200820,3214,3374.5,3148,3292.95,12086
LEMONTREE,20200820,29.8,31.25,29.8,31.25,4020946
LFIC,20200820,52,53.2,49.35,53,3967
LGBBROSLTD,20200820,264.25,277,252.45,269.1,207211
LGBFORGE,20200820,2.65,2.7,2.55,2.7,30833
LIBAS,20200820,39.9,40.3,38.55,39.35,31111
LIBERTSHOE,20200820,138.95,148.65,138.35,146.5,797978
LICHSGFIN,20200820,275,283.25,272.1,278.05,5325786
LICNETFGSC,20200820,21.87,21.87,21.12,21.55,9548
LICNETFN50,20200820,116.51,117.51,116.51,117.01,1313
LICNETFSEN,20200820,410,410,399.5,399.5,32
LICNFNHGP,20200820,121,121,120,120,75
LINCOLN,20200820,237.95,249,235,237.25,1973579
LINCPEN,20200820,166.7,169.5,160.75,169,991
LINDEINDIA,20200820,730,744,727.5,733.85,29525
LIQUIDBEES,20200820,1000,1000.01,999.52,1000,737955
LIQUIDETF,20200820,999.99,1000.01,999.99,999.99,9515
LOKESHMACH,20200820,23,23.25,22.3,22.95,34460
LOTUSEYE,20200820,29.2,30.2,28.35,30,25472
LOVABLE,20200820,63.8,65.4,63,63.45,38990
LPDC,20200820,1.35,1.35,1.3,1.35,1355
LSIL,20200820,0.85,0.9,0.8,0.85,1226464
LT,20200820,986,1005,981,995.75,4791067
LTI,20200820,2380,2403.4,2354.75,2373.6,76166
LTTS,20200820,1590,1615,1565,1580.65,52330
LUMAXIND,20200820,1466,1490,1466,1478.3,2298
LUMAXTECH,20200820,106.45,111.55,104.7,110.45,290833
LUPIN,20200820,984,999.9,978.3,982.25,4884459
LUXIND,20200820,1374.8,1389.9,1354.1,1370.35,44948
LYKALABS,20200820,20.9,21.2,19.65,20.95,35191
LYPSAGEMS,20200820,3.4,3.55,3.4,3.55,16783
M&M,20200820,620,623,610,612.05,3165828
M&MFIN,20200820,136.95,137.7,134.4,135.05,10553520
M100,20200820,17.73,17.73,17.21,17.62,36056
M50,20200820,110.8,111.78,105.6,111.05,16077
MAANALU,20200820,71,73.8,68.55,69.3,28400
MACPOWER,20200820,55.75,55.75,55.75,55.75,790
MADHAV,20200820,24.5,24.5,23.65,24.35,4378
MADHUCON,20200820,2.3,2.45,2.25,2.45,8793
MADRASFERT,20200820,19.25,19.7,19.1,19.2,118391
MAGADSUGAR,20200820,124.3,126.4,123.2,124.45,9802
MAGMA,20200820,33.3,37.45,33.3,36.8,2808677
MAGNUM,20200820,5.85,6.1,5.8,6.05,11975
MAHABANK,20200820,12.4,12.5,12.2,12.35,2694500
MAHAPEXLTD,20200820,63.95,64.05,63.95,64.05,1205
MAHASTEEL,20200820,115.9,115.9,112.9,114.15,21225
MAHEPC,20200820,170.75,172.6,165.65,166.9,109369
MAHESHWARI,20200820,155,167,154.35,164.35,51762
MAHINDCIE,20200820,131.9,140,127,135.4,401123
MAHLIFE,20200820,258,263.5,251.25,258.55,90480
MAHLOG,20200820,314.95,376.7,309.5,348.15,1323576
MAHSCOOTER,20200820,2973.05,3039,2969,3012.1,3166
MAHSEAMLES,20200820,222.6,240,220.1,235.95,325907
MAITHANALL,20200820,521.4,534.85,514.7,528.1,56572
MAJESCO,20200820,739.95,764.4,736,761.1,390572
MALUPAPER,20200820,28.1,28.7,27.5,28.35,27759
MAN50ETF,20200820,116.42,118,114.8,115.3,1592
MANAKALUCO,20200820,8.6,8.6,8.2,8.3,14562
MANAKCOAT,20200820,4.4,4.6,4.4,4.6,12426
MANAKSIA,20200820,39.1,41.1,38,39.3,115106
MANAKSTEEL,20200820,9.65,9.7,9.4,9.6,36354
MANALIPETC,20200820,20.9,22.15,20.7,21.6,924548
MANAPPURAM,20200820,158.65,159.4,156.6,157.35,3888963
MANGALAM,20200820,127.6,127.6,115.5,127.6,766371
MANGCHEFER,20200820,35.05,35.45,34.7,34.85,821110
MANGLMCEM,20200820,207,209.55,202.55,205,137532
MANGTIMBER,20200820,9,9,8.4,8.7,4282
MANINDS,20200820,64,68.9,63.5,65.2,1418170
MANINFRA,20200820,28.15,30,27.6,28.35,2482059
MANUGRAPH,20200820,11.1,11.5,11.05,11.3,6162
MANXT50,20200820,277.9,278.7,277.4,277.5,708
MARALOVER,20200820,14.8,14.8,13.05,14.15,20847
MARATHON,20200820,61,62.5,59.45,61.25,27909
MARICO,20200820,372.65,374,370.5,373.2,1240896
MARKSANS,20200820,55.45,57.1,51.95,52.7,4618202
MARUTI,20200820,6891.1,6999,6880.05,6974.7,958233
MASFIN,20200820,689.9,815,683.55,804.85,251548
MASTEK,20200820,704.1,755,699,739.75,657442
MATRIMONY,20200820,570.95,573.4,551,555.1,9639
MAWANASUG,20200820,30.65,31.5,29.7,30.15,111781
MAXVIL,20200820,41.4,44.4,41,42.1,416295
MAYURUNIQ,20200820,265,286.6,261.05,274.75,353204
MAZDA,20200820,377,393.7,372.05,388.6,8312
MBAPL,20200820,66,66,66,66,273
MBECL,20200820,5.85,5.9,5.8,5.9,39215
MBLINFRA,20200820,7.9,7.9,7.9,7.9,2660
MCDHOLDING,20200820,25.8,25.9,23.8,25.15,37856
MCDOWELL-N,20200820,588,590.5,581.4,583.35,2239962
MCL,20200820,81.7,81.7,75.1,77.45,9299
MCLEODRUSS,20200820,20.2,20.2,20.2,20.2,41648
MCX,20200820,1698.8,1720,1688.85,1702.7,214636
MEGASOFT,20200820,9.55,9.55,9.2,9.55,337069
MEGH,20200820,74,78.8,73.15,78.35,4969817
MENONBE,20200820,43,46,43,44.95,63011
MEP,20200820,19.5,19.55,18.5,18.8,151432
MERCATOR,20200820,1.1,1.1,1.05,1.1,1062476
METALFORGE,20200820,5.75,5.75,5.75,5.75,2794
METROPOLIS,20200820,1700,1805,1686,1789.55,206757
MFSL,20200820,538.95,543.9,532.05,537.1,331374
MGL,20200820,966.65,1018.9,965.1,1012.25,2416683
MHRIL,20200820,173.65,182.5,172.5,180.55,101352
MIC,20200820,0.65,0.65,0.65,0.65,84461
MIDHANI,20200820,212.9,215.7,210.5,211.7,584044
MINDACORP,20200820,77.05,79.45,76.05,77.6,1306003
MINDAIND,20200820,312,356,308.55,340.15,2945906
MINDTECK,20200820,36.7,38.65,36,38.65,22168
MINDTREE,20200820,1168,1179.65,1162.65,1174.65,385999
MIRCELECTR,20200820,11.4,11.4,11.1,11.4,952953
MIRZAINT,20200820,52.9,57,51.35,56,1774894
MITTAL,20200820,24.3,24.3,24.3,24.3,20791
MMFL,20200820,307,336,300,305.9,22680
MMP,20200820,81,91.5,80.25,91.5,51693
MMTC,20200820,20.3,21.9,20.2,21.1,4876837
MODIRUBBER,20200820,32.25,33.95,32.25,32.95,2402
MOHOTAIND,20200820,10.45,10.45,9.75,10.1,7653
MOIL,20200820,157.3,159.4,152.35,153.05,460125
MOLDTECH,20200820,40.3,42.4,40,40.8,30005
MOLDTKPAC,20200820,282,290.1,282,285.8,22932
MONTECARLO,20200820,178,189.9,178,184.65,296141
MORARJEE,20200820,11.15,11.15,11.15,11.15,3038
MOREPENLAB,20200820,24.3,25.6,24.05,24.7,2202086
MOTHERSUMI,20200820,123.9,124.7,118.85,119.35,27355341
MOTILALOFS,20200820,690,699.7,685,689.45,61387
MOTOGENFIN,20200820,18.25,18.25,17.3,18.2,4718
MPHASIS,20200820,1203,1203,1193,1195.85,78302
MPSLTD,20200820,435.25,448,434.05,442.6,26818
MRF,20200820,59998.35,60300,59235.65,59507.3,27844
MRO-TEK,20200820,25.75,27.5,25.75,26.15,2465
MRPL,20200820,33.3,34.9,33.3,34.4,2384591
MSPL,20200820,7.75,7.75,7.05,7.15,10834
MSTCLTD,20200820,153.6,160,152.2,155.7,491194
MTEDUCARE,20200820,13.45,13.7,13.3,13.35,176744
MTNL,20200820,9.2,9.4,9.15,9.25,771543
MUKANDENGG,20200820,9.1,9.1,8.5,9.1,13950
MUKANDLTD,20200820,25.3,26.55,25.3,26.55,85817
MUKTAARTS,20200820,26.75,28,26.5,27.6,46826
MUNJALAU,20200820,53.7,54.9,52.2,53.8,241468
MUNJALSHOW,20200820,130,134.3,129.05,131.2,59378
MURUDCERA,20200820,16.6,16.8,14.95,16.45,201966
MUTHOOTCAP,20200820,374.45,380,367,370.85,26217
MUTHOOTFIN,20200820,1234,1234,1175,1189.25,9106005
N100,20200820,837.5,838,824,828.02,61137
NACLIND,20200820,39.6,44.4,39.6,43.35,380624
NAGAFERT,20200820,4.8,5.05,4.8,4.9,245038
NAGREEKEXP,20200820,14.95,15.3,14.6,15.2,8885
NAHARCAP,20200820,73.3,73.3,70.05,72.2,8755
NAHARINDUS,20200820,27.6,27.6,26.2,26.7,28575
NAHARPOLY,20200820,72.2,72.5,69.15,71.3,49356
NAHARSPING,20200820,40.1,41.45,39.3,41.05,23144
NAM-INDIA,20200820,269.9,274.7,268.65,271.35,457176
NATCOPHARM,20200820,799.95,848.3,799.1,839,859504
NATHBIOGEN,20200820,332.15,336.3,330.1,333.3,22050
NATIONALUM,20200820,38.55,40.05,38,39.2,18959566
NATNLSTEEL,20200820,2.7,2.7,2.7,2.7,1481
NAUKRI,20200820,3299.95,3319.6,3247.25,3269.75,246606
NAVINFLUOR,20200820,2028.4,2065,2004.2,2018.7,148928
NAVKARCORP,20200820,26.85,30.65,26.3,30.05,1717720
NAVNETEDUL,20200820,80.7,82.7,79.8,82.05,234342
NBCC,20200820,27.7,29.9,27.45,29.55,37000812
NBIFIN,20200820,1570,1579.9,1555,1575.75,22
NBVENTURES,20200820,55.75,57.7,55.5,55.85,863120
NCC,20200820,35.9,38.2,35.35,36.7,42925858
NCLIND,20200820,90.5,94.1,89.45,92.85,685420
NDGL,20200820,649,699.35,625,690.1,568
NDL,20200820,24.7,26.8,24.7,25.7,113398
NDRAUTO,20200820,280.15,280.15,280.15,280.15,6960
NDTV,20200820,36,36.85,35.6,35.85,33198
NECCLTD,20200820,9.25,9.5,9.1,9.5,38358
NECLIFE,20200820,21.75,22.95,21.65,22.25,526331
NELCAST,20200820,53.5,53.9,51.5,53.4,113257
NELCO,20200820,214,217.8,212,212.75,70958
NEOGEN,20200820,700,712.75,683.4,708,113798
NESCO,20200820,528.25,537.85,525,526.65,101858
NESTLEIND,20200820,16300,16340,16185.25,16211.95,98085
NETF,20200820,117.29,117.29,113.52,114.06,283
NETFCONSUM,20200820,53.9,55.29,53.71,54.29,1237
NETFDIVOPP,20200820,29.3,29.3,28.33,28.54,347
NETFIT,20200820,18.3,18.5,18.15,18.26,29633
NETFLTGILT,20200820,18.65,25,18.65,21.9,113930
NETFMID150,20200820,63.98,65.2,63.59,64.32,302675
NETFNIF100,20200820,118.7,118.7,115.41,118.2,561
NETFNV20,20200820,60,60.35,59,59.43,1788
NETWORK18,20200820,40.7,42.7,40.1,41.35,3590129
NEULANDLAB,20200820,840,865.5,840,854.5,111382
NEWGEN,20200820,197.9,208.5,195.8,202.25,158013
NEXTMEDIA,20200820,6.8,6.8,6.2,6.4,27722
NFL,20200820,37,37.3,36.5,36.95,710267
NH,20200820,348,349.75,341.05,346.1,262457
NHPC,20200820,20.85,23.8,20.7,23.55,32435827
NIACL,20200820,116.6,118.35,116.1,116.6,442466
NIBL,20200820,6.25,6.55,6,6,26847
NIFTYBEES,20200820,120.45,120.82,119.33,120.42,4239885
NIFTYEES,20200820,14600,14600,14600,14600,2
NIITLTD,20200820,100.05,111.9,100.05,108.5,5055640
NILAINFRA,20200820,5,5.5,4.6,5.2,2431226
NILASPACES,20200820,1.5,1.5,1.4,1.5,983315
NILKAMAL,20200820,1283,1299,1255,1279.35,17528
NIPPOBATRY,20200820,555.05,576.15,549,568.25,2372
NITCO,20200820,21.2,21.75,20.35,21.05,80314
NITINSPIN,20200820,43.1,43.25,39.9,40.4,185058
NKIND,20200820,22.05,22.1,21.05,22.1,2061
NLCINDIA,20200820,52.95,54,52.6,53.9,1281733
NMDC,20200820,96.95,99.2,95.65,97.25,6717280
NOCIL,20200820,122.95,126.8,122,124.5,3771206
NOIDATOLL,20200820,3.35,3.5,3.3,3.5,68445
NORBTEAEXP,20200820,11.15,11.15,11.1,11.15,12002
NPBET,20200820,122,122.39,121.29,121.39,345
NRAIL,20200820,221.9,227.5,216.3,222.7,44597
NRBBEARING,20200820,80,82.7,79.55,80.75,173547
NSIL,20200820,701.95,720,685,714,270
NTL,20200820,0.9,0.9,0.8,0.8,46593
NTPC,20200820,94.6,101.9,94.25,101.1,112341122
NUCLEUS,20200820,450,455,445,449.85,88595
NXTDIGITAL,20200820,638.95,638.95,612.05,636.25,5807
OAL,20200820,340,358,335.25,354.3,45085
OBEROIRLTY,20200820,372.7,381.2,370.25,376.9,268200
OCCL,20200820,832.75,888.8,815.25,849.35,29596
OFSS,20200820,3048.35,3070,3026,3042.95,20898
OIL,20200820,96.8,100.15,96.5,99.8,3338969
OILCOUNTUB,20200820,4.35,4.45,4.2,4.4,14880
OISL,20200820,3.2,3.35,3.1,3.1,33276
OLECTRA,20200820,71.95,73.8,69,71.75,85154
OMAXAUTO,20200820,42.75,45.65,40.4,43.95,117039
OMAXE,20200820,76,77,74.6,74.8,252851
OMKARCHEM,20200820,6.65,6.65,6.65,6.65,8011
OMMETALS,20200820,16,16.45,15,15.95,100652
ONELIFECAP,20200820,7.1,7.45,7,7,9715
ONEPOINT,20200820,12.6,12.85,12,12.5,8112
ONGC,20200820,79,83.25,77.9,82.15,37457741
ONMOBILE,20200820,39.6,40.75,39,39.4,158160
ONWARDTEC,20200820,64.4,64.7,62.2,63.8,10984
OPTIEMUS,20200820,39.3,39.3,36,39.3,257898
OPTOCIRCUI,20200820,7.75,7.8,7.5,7.6,1559021
ORBTEXP,20200820,75,79,75,75.85,43664
ORICONENT,20200820,18,19.1,17.75,18.6,201820
ORIENTABRA,20200820,19.7,20.4,19.7,20.05,95470
ORIENTALTL,20200820,10.05,10.95,10,10.95,45237
ORIENTBELL,20200820,83,89.9,82.8,86.6,87484
ORIENTCEM,20200820,68.5,73.9,68.5,71.5,883096
ORIENTELEC,20200820,183,193.85,182.5,185.85,1334645
ORIENTHOT,20200820,22.95,23.9,22.5,23.9,157038
ORIENTLTD,20200820,74.05,74.05,70.9,74.05,1081
ORIENTPPR,20200820,19.15,19.45,18.85,18.95,518701
ORIENTREF,20200820,207,213.5,202.4,208.9,179919
ORISSAMINE,20200820,2618,2680,2580,2616.6,14458
ORTINLABSS,20200820,24.15,24.45,22.3,22.3,159602
OSWALAGRO,20200820,8.85,9.15,8.7,8.95,96350
PAEL,20200820,2.2,2.2,2.2,2.2,190
PAGEIND,20200820,18949.9,19124.6,18820,18999.3,36835
PAISALO,20200820,434.25,438.5,416,428.05,3045
PALASHSECU,20200820,27.2,29.65,27.2,28.55,1042
PALREDTEC,20200820,17.8,19.25,17.7,19.25,8969
PANACEABIO,20200820,185.95,190.45,184,185.95,216479
PANACHE,20200820,58.5,58.5,56.05,56.05,8252
PANAMAPET,20200820,44.85,46.75,44.5,45.8,157843
PAPERPROD,20200820,246.8,266.65,245.3,258.15,267919
PARACABLES,20200820,9.05,9.05,8.35,8.55,774582
PARAGMILK,20200820,112,115.4,110.05,111.05,991958
PARSVNATH,20200820,3.25,3.4,3.1,3.15,233162
PATELENG,20200820,14.1,14.4,13.85,14.15,600241
PATINTLOG,20200820,26.5,32.85,26.5,32.85,274367
PATSPINLTD,20200820,5.15,5.15,4.9,4.9,5155
PCJEWELLER,20200820,16.4,16.4,16,16.05,2096275
PDMJEPAPER,20200820,14.5,14.7,14.35,14.55,168362
PDSMFL,20200820,269.95,270.15,266,268,447
PEARLPOLY,20200820,19.95,20.9,19.75,19.9,12115
PEL,20200820,1435,1449.75,1416.05,1425,1008476
PENIND,20200820,17.8,18,17.2,17.55,312769
PENINLAND,20200820,4.9,4.95,4.65,4.95,615834
PERSISTENT,20200820,1000,1022,997,1005.25,75136
PETRONET,20200820,253.75,253.75,246.85,250.05,8023423
PFC,20200820,96.4,103.95,95.75,101.5,22760943
PFIZER,20200820,4570,4570,4514.25,4523.5,18909
PFOCUS,20200820,37.2,38,36,37,44658
PFS,20200820,17.75,18.2,17.7,17.9,776620
PGEL,20200820,55,56.45,52.25,54.2,95922
PGHH,20200820,9998.9,10200,9925,10081.4,20807
PGHL,20200820,4788,4922.5,4705.05,4756.05,24367
PGIL,20200820,145,147.85,141,143.85,8812
PHILIPCARB,20200820,123.5,126.7,122.1,124.25,886352
PHOENIXLTD,20200820,635.05,651.95,631.6,649.1,161620
PIDILITIND,20200820,1449.55,1462.5,1435,1449.8,1058848
PIIND,20200820,1962,1972,1925.65,1949.8,223310
PILANIINVS,20200820,1509.95,1523,1500,1508.65,478
PILITA,20200820,6.1,6.1,5.65,5.9,28970
PIONDIST,20200820,115.5,115.5,112.05,113.25,5340
PIONEEREMB,20200820,23.45,23.5,21.7,22.2,37085
PITTIENG,20200820,31.45,33.8,30.95,31.95,36234
PKTEA,20200820,155,156.25,154,156.25,2628
PLASTIBLEN,20200820,184.1,194.5,181.1,188.8,29539
PNB,20200820,34,35.25,33.6,35.1,45626715
PNBGILTS,20200820,44,45.05,43.85,44.05,392015
PNBHOUSING,20200820,275,284.35,271,281.6,1867377
PNC,20200820,17.5,18.2,16.65,17.25,94964
PNCINFRA,20200820,156.5,161.65,154,156.4,270904
PODDARHOUS,20200820,177,184,175.45,176.3,1731
PODDARMENT,20200820,189.95,194.4,189,191.1,10455
POKARNA,20200820,149.55,149.55,145,146.7,31936
POLYCAB,20200820,900,910.5,891.1,899.45,195671
POLYMED,20200820,438.8,456.2,425,427.7,418462
POLYPLEX,20200820,775,844,772.95,821.45,1285279
PONNIERODE,20200820,169,171.45,165,166.85,8365
POWERGRID,20200820,177.2,188.1,176.45,181.2,24785430
POWERINDIA,20200820,1008.9,1100,1005,1059.65,263141
POWERMECH,20200820,402.8,417.9,401.1,404.85,107033
PPAP,20200820,214.55,217.5,209,210.4,36586
PPL,20200820,70.75,72,69.05,70.4,59235
PRABHAT,20200820,70.45,71.45,70,70.95,32274
PRADIP,20200820,0.6,0.6,0.6,0.6,150
PRAENG,20200820,6.55,6.8,6.15,6.4,15758
PRAJIND,20200820,71.5,74.4,71.35,72.35,1988426
PRAKASH,20200820,45.8,48.3,45.1,47.75,1063537
PRAKASHSTL,20200820,1,1,0.95,0.95,1357745
PRAXIS,20200820,32.9,33,30.25,32.45,15026
PRECAM,20200820,33.8,35,33.7,33.95,311388
PRECOT,20200820,22.35,26.05,22.35,26.05,12681
PRECWIRE,20200820,120.8,128.9,118.05,127.1,101057
PREMEXPLN,20200820,128.65,132.7,128.6,129.4,10696
PREMIER,20200820,2.35,2.5,2.35,2.5,1748
PREMIERPOL,20200820,24,24.4,23.6,23.95,3689
PRESSMN,20200820,20.65,20.65,19.75,20,54984
PRESTIGE,20200820,248.7,259,246.05,256.4,977257
PRICOLLTD,20200820,38.7,39.5,37.7,39,654854
PRIMESECU,20200820,47.9,48.95,46.1,47.75,18435
PRINCEPIPE,20200820,151.8,154,148,151.25,97476
PROZONINTU,20200820,17.15,18.95,17.15,18.8,1631963
PRSMJOHNSN,20200820,51.65,52.95,50.5,51.75,235741
PSB,20200820,13.15,13.25,13.05,13.15,435399
PSL,20200820,1.1,1.1,1.1,1.1,65233
PSPPROJECT,20200820,409.45,411.3,401.95,405.6,16778
PSUBNKBEES,20200820,16.05,16.16,15.7,16.05,68489
PTC,20200820,57.9,59.65,57.65,59.2,3116140
PTL,20200820,44.25,44.25,42.2,43.1,43322
PUNJABCHEM,20200820,497.85,497.9,480.15,492.2,6889
PURVA,20200820,49,51,48,49.25,288861
PVR,20200820,1325,1366.7,1295.85,1347.45,3180344
QGOLDHALF,20200820,2304,2309,2278,2280,1188
QUESS,20200820,374.9,378.9,365,367,106056
QUICKHEAL,20200820,128.55,130.95,127.35,128.5,322087
RADICO,20200820,400,415,395.65,402.7,611961
RADIOCITY,20200820,19.5,20.3,19.45,19.85,3271569
RAIN,20200820,116.6,122.3,114.1,119.2,2494296
RAJESHEXPO,20200820,465.95,468,465,467.1,70607
RAJRATAN,20200820,314,321.85,307,319.85,9927
RAJSREESUG,20200820,14.95,15.3,14.65,15.05,9516
RAJTV,20200820,39.3,39.3,36.45,38.2,8518
RALLIS,20200820,293,301.95,291.6,297.85,841932
RAMANEWS,20200820,15.9,15.9,15.5,15.55,58426
RAMASTEEL,20200820,40.95,40.95,39.05,40.95,15444
RAMCOCEM,20200820,694,722.8,690,718.7,1548380
RAMCOIND,20200820,186,189,183.95,185.3,40507
RAMCOSYS,20200820,211.85,211.85,205.3,211.85,105301
RAMKY,20200820,35.95,36.7,34.65,35,391111
RANASUG,20200820,7.9,8.05,7.7,8.05,294413
RANEENGINE,20200820,207.95,212.7,203.2,207.65,10441
RANEHOLDIN,20200820,514.95,530.95,492.65,500.45,68682
RATNAMANI,20200820,1160,1179.95,1139.95,1149.75,11257
RAYMOND,20200820,278.5,289.65,276.2,284.2,1838925
RBL,20200820,598,614.95,585.8,592.15,71439
RBLBANK,20200820,184,190,178.45,182.15,36607695
RCF,20200820,49,50,48.85,49.5,1451281
RCOM,20200820,2.65,2.75,2.55,2.75,37990585
RECLTD,20200820,112.7,116.5,111.45,114.6,16714892
REDINGTON,20200820,117.9,119.7,115,115.5,535193
REFEX,20200820,47.6,52.5,47.6,50.7,200022
RELAXO,20200820,646.9,649.75,635.15,640.95,130321
RELCAPITAL,20200820,10.95,11.45,10.7,10.75,3081259
RELIANCE,20200820,2120,2123.9,2088,2097.05,10402292
RELIGARE,20200820,35.75,35.75,35,35.2,135860
RELINFRA,20200820,31.8,32.6,31.3,31.45,2313783
REMSONSIND,20200820,88.65,88.65,80.05,86.55,43290
RENUKA,20200820,9.7,10.05,9.65,9.8,1122859
REPCOHOME,20200820,140.1,146.45,138.25,146.45,856508
REPRO,20200820,386.25,390,371,374.15,10430
RESPONIND,20200820,95.5,100,93.5,96.9,338462
REVATHI,20200820,511,540,503.6,512.45,6298
RGL,20200820,262.85,264.8,252.5,257.65,4405
RHFL,20200820,2.2,2.25,2.15,2.15,1340067
RICOAUTO,20200820,31.4,31.8,30,31,678495
RIIL,20200820,419,432,417.05,419.1,468614
RITES,20200820,255.2,257.2,252.25,253.95,468502
RKDL,20200820,7.45,7.45,6.85,7.25,36940
RKFORGE,20200820,212.8,223,207.25,215.55,148779
RMCL,20200820,4,4.4,4,4.05,92816
RML,20200820,228,231.8,220.1,223.05,41641
RNAVAL,20200820,3,3.15,3,3,6973588
ROHITFERRO,20200820,1.15,1.2,1.1,1.2,15272
ROHLTD,20200820,74.8,81.1,74.1,79.75,703061
ROLLT,20200820,2.9,2.9,2.7,2.9,88308
ROLTA,20200820,7.05,7.1,7,7.1,386976
ROSSARI,20200820,771.2,775.45,761.15,769.1,833008
ROSSELLIND,20200820,97,99.85,95.1,99.4,21459
RPGLIFE,20200820,372.85,382.6,366.15,375.6,78639
RPOWER,20200820,3.85,4,3.75,3.85,23646600
RPPINFRA,20200820,59,60.45,57.55,58.75,23227
RSSOFTWARE,20200820,20.55,21.95,20,20.8,63105
RSWM,20200820,75.35,84.9,75.3,82.7,106377
RSYSTEMS,20200820,106.55,107.9,104,105.05,40425
RTNINFRA,20200820,9.5,9.95,9.1,9.9,3625816
RTNPOWER,20200820,3.8,4.25,3.6,4.1,28549501
RUBYMILLS,20200820,174.05,195.7,174.05,185.8,19330
RUCHI,20200820,719.2,719.2,683.25,695.15,38368
RUCHINFRA,20200820,11.5,11.5,10.95,10.95,468297
RUCHIRA,20200820,56.8,63.65,53,63.65,268075
RUPA,20200820,205.6,208.95,201.75,203.8,51154
RUSHIL,20200820,104.75,110.6,103.6,107.25,39525
RVNL,20200820,22.9,23.3,22.75,23.1,9595542
S&SPOWER,20200820,14.8,15.4,14.8,15.3,1172
SABEVENTS,20200820,1.3,1.3,1.2,1.3,14221
SABTN,20200820,1.5,1.5,1.5,1.5,13651
SADBHAV,20200820,49,51.5,48.6,49.9,800638
SADBHIN,20200820,16.3,17.1,16.3,16.7,751677
SAFARI,20200820,358.2,378.4,350.55,372.95,245244
SAGARDEEP,20200820,130.15,131.95,129,130.3,27494
SAGCEM,20200820,493.45,520,487,493.05,38323
SAIL,20200820,40.6,42.2,39.65,41.8,29129315
SAKAR,20200820,74.1,76.9,73,74.6,24983
SAKHTISUG,20200820,9.35,9.35,9,9.1,50668
SAKSOFT,20200820,275,280,272.95,276.9,8005
SAKUMA,20200820,6.4,6.7,6.2,6.7,632778
SALASAR,20200820,188.95,190,180.7,182.15,133179
SALONA,20200820,54.6,62.8,54.6,62.25,40
SALSTEEL,20200820,2.9,2.9,2.7,2.9,32678
SALZERELEC,20200820,106,107,103.05,104,32519
SAMBHAAV,20200820,2.05,2.1,2,2.1,24999
SANCO,20200820,12.25,13,12.15,12.65,79231
SANDESH,20200820,505,525.25,505,513.2,1199
SANDHAR,20200820,230.35,245.95,230,235.4,93629
SANGAMIND,20200820,52.1,57.3,50.4,56.35,166773
SANGHIIND,20200820,27.9,29.85,27.6,29,1699745
SANGHVIFOR,20200820,21.45,22.45,21.45,22.4,4485
SANGHVIMOV,20200820,82.5,88.7,80.65,86.85,43412
SANGINITA,20200820,72,72,67.15,69.25,44343
SANOFI,20200820,8379.85,8448,8300.5,8411.6,14606
SANWARIA,20200820,2.35,2.35,2.25,2.35,1506823
SARDAEN,20200820,229.9,244,229,232,129633
SAREGAMA,20200820,486,486,470,472.45,24298
SARLAPOLY,20200820,17.8,18.9,17.15,17.95,95393
SASKEN,20200820,620,624.35,615,620.65,26918
SASTASUNDR,20200820,100,109.95,100,105.6,51417
SATHAISPAT,20200820,2.7,2.7,2.7,2.7,5104
SATIA,20200820,122.6,123.75,120.7,121.9,110838
SATIN,20200820,80,81.45,78.1,80.05,209420
SATIN-RE,20200820,21.5,21.5,18.6,19.85,267866
SBICARD,20200820,818.4,818.55,807,808.5,1743053
SBIETFQLTY,20200820,105.87,105.87,102.91,104.08,2327
SBILIFE,20200820,861,864.75,849,852.85,660138
SBIN,20200820,194,196.35,193.25,194.75,37505379
SCAPDVR,20200820,1.45,1.45,1.45,1.45,32233
SCHAEFFLER,20200820,3500.05,3535.95,3464.05,3494.9,4851
SCHAND,20200820,81.1,81.1,75.6,81.1,293853
SCHNEIDER,20200820,79.3,85.55,78.1,83.8,753809
SCI,20200820,60,62.5,59.8,61.25,3554072
SDBL,20200820,51,51.6,49.9,51.6,426786
SEAMECLTD,20200820,409.05,412,401,402.85,20575
SELAN,20200820,112.05,113.55,110.9,111.15,44248
SEPOWER,20200820,2.7,2.8,2.6,2.8,28043
SEQUENT,20200820,131,133,128.75,130.9,1510000
SESHAPAPER,20200820,158,160,156,158.9,60135
SETCO,20200820,11,11.5,11,11.2,94287
SETF10GILT,20200820,198.5,201,198,199.01,1392
SETFGOLD,20200820,5079.7,5079.7,4683.2,4688.65,19853
SETFNIF50,20200820,117.91,118.9,116.46,116.81,327574
SETFNIFBK,20200820,222,222,217.96,218.6,62644
SETFNN50,20200820,286.57,288.9,281.1,288.38,3364
SETUINFRA,20200820,0.85,0.95,0.85,0.9,155478
SEYAIND,20200820,76.7,76.7,74,74.65,61220
SFL,20200820,1387,1438.8,1365.3,1395.25,29258
SGL,20200820,8.35,10.55,8.35,10.55,582589
SHAHALLOYS,20200820,6.75,7.1,6.75,6.75,4942
SHAKTIPUMP,20200820,186.45,194,186.45,187.15,62035
SHALBY,20200820,85,89.4,85,86.65,153153
SHALPAINTS,20200820,74.95,74.95,72.55,73.35,159160
SHANKARA,20200820,374,377.35,365.65,368.5,93209
SHANTIGEAR,20200820,91.1,94.5,90.95,92.6,69707
SHARDACROP,20200820,280,295.5,276,292.65,64917
SHARDAMOTR,20200820,1083,1135,1060.4,1127.25,8267
SHARIABEES,20200820,335,343.6,318.25,320.21,539
SHEMAROO,20200820,61.4,63,60.5,62.75,113695
SHIL,20200820,82,87.9,79.55,80.15,310452
SHILPAMED,20200820,597,618,585,595.7,247721
SHIRPUR-G,20200820,9.85,10.6,9.05,10.05,159985
SHIVAMAUTO,20200820,17.4,18,16.85,17.7,166220
SHIVAMILLS,20200820,24,27.35,23.6,26.15,62828
SHIVATEX,20200820,100.4,100.4,92.65,96.85,69053
SHK,20200820,82,85.9,81.4,84.7,3207949
SHOPERSTOP,20200820,167.5,179.95,165.75,172.85,1129606
SHREDIGCEM,20200820,50.5,51.9,49.1,49.65,755151
SHREECEM,20200820,21974,22236.45,21788.2,22080.2,37684
SHREEPUSHK,20200820,118.05,123.95,113.25,123.95,42761
SHREERAMA,20200820,6.8,6.8,6.1,6.25,51085
SHRENIK,20200820,50.05,50.55,49,49.55,27337
SHREYANIND,20200820,89,91,87,89.45,25416
SHREYAS,20200820,92,94.2,90,91.8,14644
SHRIPISTON,20200820,589,614.45,557.3,608.6,914
SHRIRAMCIT,20200820,973.3,1029.95,930,978.65,151990
SHRIRAMEPC,20200820,3.5,3.65,3.5,3.65,371272
SHYAMCENT,20200820,3.45,3.45,3.2,3.25,107189
SICAGEN,20200820,11.95,12.3,11.75,11.8,20080
SICAL,20200820,9.4,9.6,9.25,9.45,458348
SIEMENS,20200820,1214.8,1233.7,1207.45,1216.4,610251
SIGIND,20200820,21.75,21.75,20.2,20.7,10934
SIL,20200820,10,10.45,9.85,10.25,24149
SILINV,20200820,145.95,145.95,142,142.1,156
SILLYMONKS,20200820,28.55,31,28.5,29.05,1393
SIMBHALS,20200820,8.3,9,8.3,8.45,148493
SIMPLEXINF,20200820,34,36.1,33.1,34.4,310153
SINTEX,20200820,2.1,2.1,2.1,2.1,317578
SIRCA,20200820,233,244.85,226.05,236.45,66216
SIS,20200820,389,394.5,384.85,388.35,35405
SITINET,20200820,1.7,1.75,1.65,1.7,885199
SIYSIL,20200820,152.9,157.45,150.1,154.65,111782
SJVN,20200820,23.5,25.1,23.2,24.95,11296953
SKFINDIA,20200820,1580,1598.7,1555.6,1589.2,15599
SKIL,20200820,3.75,3.75,3.45,3.55,131870
SKIPPER,20200820,46,47.5,44.2,46.75,240812
SKMEGGPROD,20200820,47,48.5,45.25,47.45,28547
SMARTLINK,20200820,72.5,72.75,68.35,70.5,7579
SMLISUZU,20200820,422,444.8,416.6,429.3,214375
SMSLIFE,20200820,432.9,450,432.55,445.8,17095
SMSPHARMA,20200820,93,93,91,91.35,325984
SNOWMAN,20200820,32.4,36.75,32.3,36.2,1994764
SOBHA,20200820,261.5,273,253,266.35,782582
SOLARA,20200820,919.9,934.6,907.4,913.6,60293
SOLARINDS,20200820,1055,1065.5,1045,1048.75,10196
SOMANYCERA,20200820,143.5,148.3,140,141.95,183411
SOMATEX,20200820,3.2,3.4,3.2,3.3,3320
SOMICONVEY,20200820,23.2,24.9,21.3,24.9,192602
SONATSOFTW,20200820,310.5,321,310.5,314.5,272512
SORILINFRA,20200820,55.5,55.85,54.5,55.1,50413
SOTL,20200820,753,785,745.1,763.95,10657
SOUTHBANK,20200820,7.25,7.5,7.15,7.25,15071054
SOUTHWEST,20200820,22.1,22.1,20.9,21.25,106001
SPAL,20200820,84.1,88.65,83,85.1,70359
SPANDANA,20200820,579.15,594,579,590.6,55884
SPARC,20200820,181.9,186.5,181.9,182.45,497194
SPCENET,20200820,1,1,1,1,1842
SPECIALITY,20200820,35.7,35.7,32.2,35.5,103257
SPENCERS,20200820,86,87.5,86,86.3,509623
SPENTEX,20200820,0.7,0.7,0.65,0.65,74835
SPIC,20200820,22.3,23,22.1,22.35,266956
SPICEJET,20200820,49.95,54.5,49.5,51.5,11724522
SPLIL,20200820,29.8,30.8,29.5,30.2,57484
SPMLINFRA,20200820,10.25,10.25,10.25,10.25,8493
SPTL,20200820,2.65,2.7,2.55,2.55,3324568
SPYL,20200820,0.4,0.4,0.35,0.35,103172
SREEL,20200820,137.95,139.5,134.6,136.65,20815
SREINFRA,20200820,7.65,7.75,7.45,7.65,743483
SRF,20200820,4275,4350,4225.75,4252.35,282558
SRHHYPOLTD,20200820,179.95,194,179.05,185,24494
SRIPIPES,20200820,189.6,195.35,185.8,194.25,157347
SRTRANSFIN,20200820,686.4,696.5,678.05,687.8,2925171
SSWL,20200820,433,445,430,433.95,45397
STAR,20200820,566,576.7,566,568.05,561758
STARCEMENT,20200820,91.85,92.8,90.5,92,104200
STARPAPER,20200820,101.9,104.9,101,103.5,142169
STCINDIA,20200820,64.4,69.7,62,69.3,249875
STEELCITY,20200820,40.5,40.5,38,38.6,6452
STEELXIND,20200820,32.5,32.5,31.75,31.8,74758
STEL,20200820,60.4,60.9,58.95,59.85,14656
STERTOOLS,20200820,192.9,200,186.7,197.55,42767
STINDIA,20200820,3.65,3.65,3.65,3.65,730
STRTECH,20200820,145,149.25,143,146.25,1107987
SUBCAPCITY,20200820,23.5,23.5,23.5,23.5,103
SUBEX,20200820,11.2,11.8,10.9,11.35,2339793
SUBROS,20200820,218.75,225,218.5,221.3,38879
SUDARSCHEM,20200820,434.5,443.8,433.3,436.95,235452
SUJANAUNI,20200820,0.35,0.4,0.3,0.35,469891
SUMEETINDS,20200820,2.2,2.2,2.2,2.2,19153
SUMICHEM,20200820,279.8,284,276,281,713608
SUMIT,20200820,10.25,10.7,9.85,10,87799
SUMMITSEC,20200820,410.75,420,403,406.9,1929
SUNCLAYLTD,20200820,1763,1800,1752.25,1788.5,4847
SUNDARAM,20200820,1.4,1.4,1.35,1.35,417569
SUNDARMFIN,20200820,1384,1421.3,1359.5,1415.7,58342
SUNDARMHLD,20200820,53.75,54.8,52.8,53.4,364236
SUNDRMBRAK,20200820,228.2,237.9,228.2,233.05,1572
SUNDRMFAST,20200820,471.5,478.2,461.95,469.15,72887
SUNFLAG,20200820,49.5,50.85,47.65,48.9,1787401
SUNPHARMA,20200820,524.5,529.9,521.05,522.3,4886692
SUNTECK,20200820,241,248.2,236.1,244.1,585985
SUNTV,20200820,432,475.4,430.5,471.05,8296333
SUPERHOUSE,20200820,108,114.75,101.8,108.55,363551
SUPERSPIN,20200820,5,5.2,4.9,5,38164
SUPPETRO,20200820,199.7,210.05,197,206.35,114567
SUPRAJIT,20200820,177.6,183.45,177.1,177.65,183223
SUPREMEIND,20200820,1281,1306.5,1279,1299.95,98841
SURANASOL,20200820,7.2,7.35,7.1,7.35,24181
SURANAT&P,20200820,3.65,4,3.55,3.9,94547
SURYALAXMI,20200820,17.5,18,17.3,17.95,10108
SURYAROSNI,20200820,166.4,168.5,164.95,166.55,45330
SUTLEJTEX,20200820,22.7,24.85,22.1,23.85,696032
SUVEN,20200820,49.5,50.7,49.5,49.75,551971
SUVENPHAR,20200820,676.85,686,667,678.15,221699
SUZLON,20200820,4,4,3.85,3.9,28920037
SWANENERGY,20200820,135.5,135.7,132.05,132.8,122726
SWARAJENG,20200820,1566,1626,1565,1611.3,11841
SWELECTES,20200820,111.95,116.05,110.35,114.7,14972
SWSOLAR,20200820,249.5,252,246.1,249.95,177463
SYMPHONY,20200820,840,842.65,835,836.65,25897
SYNCOM,20200820,2,2,1.9,1.9,262429
SYNGENE,20200820,479.65,485.25,476.4,477.95,170152
TAINWALCHM,20200820,49.1,49.9,47.25,49.3,11466
TAJGVK,20200820,143.95,149.9,140.65,146.75,351265
TAKE,20200820,49.7,53,48.6,52.1,3136576
TALBROAUTO,20200820,113.8,116.8,112.05,112.95,28830
TANLA,20200820,177,198.8,175,198.8,1479624
TANTIACONS,20200820,1.9,1.9,1.9,1.9,1100
TARMAT,20200820,42.3,43.9,40.1,43.15,25083
TASTYBITE,20200820,12423.5,12899.9,12423.5,12705.3,1155
TATACHEM,20200820,314.5,321.9,314.05,317.3,9029579
TATACOFFEE,20200820,115,117.9,114.1,115.45,2085881
TATACOMM,20200820,903,930,875.1,903.85,709830
TATACONSUM,20200820,541.4,553.2,540.05,549.25,4812376
TATAELXSI,20200820,1050.5,1086,1049,1067.35,536442
TATAINVEST,20200820,805.15,818.5,801.65,814.35,17721
TATAMETALI,20200820,563.95,563.95,551.7,555.4,45138
TATAMOTORS,20200820,123.45,125.65,121.1,121.7,43533457
TATAMTRDVR,20200820,43.75,45.35,43.15,43.65,7276731
TATAPOWER,20200820,56.15,62.3,56,61.4,117119754
TATASTEEL,20200820,425,438.3,423.05,432.6,15846609
TATASTLBSL,20200820,25.35,26,24.8,25.75,3030831
TATASTLLP,20200820,318,332,314.35,324.05,91864
TBZ,20200820,34.5,35,34.5,34.65,59322
TCI,20200820,224.45,236,220.85,233.65,94753
TCIDEVELOP,20200820,325.2,325.2,289.95,292.95,4002
TCIEXP,20200820,815,816,794.7,801.9,14058
TCIFINANCE,20200820,6,6.05,5.65,5.75,13286
TCNSBRANDS,20200820,352.8,404.7,348.55,383.05,237825
TCPLPACK,20200820,426,435,420,428.7,9112
TCS,20200820,2257,2276.55,2240.05,2252.85,2895265
TDPOWERSYS,20200820,119.3,131.35,119.1,126.8,101747
TEAMLEASE,20200820,2220,2250,2190,2232.45,16663
TECHIN,20200820,3.75,3.75,3.45,3.5,5399
TECHM,20200820,720,732,716.2,726.4,6610632
TECHNOE,20200820,196,208,195.95,199.5,36650
TECHNOFAB,20200820,9.35,9.4,8.7,9.1,19937
TEJASNET,20200820,67.4,67.4,65,66.85,102012
TERASOFT,20200820,29.7,30.15,29,29.65,21599
TEXINFRA,20200820,40.25,41.05,38.6,39.65,46412
TEXMOPIPES,20200820,14,14.1,13.55,13.9,31307
TEXRAIL,20200820,28.5,30,27.1,29.05,1161939
TFCILTD,20200820,40.5,40.8,39.6,40.5,432494
TFL,20200820,3.4,3.55,3.3,3.55,6025
TGBHOTELS,20200820,5.8,5.8,5.6,5.8,36196
THANGAMAYL,20200820,329.95,335,316.9,327.5,64690
THEINVEST,20200820,118.4,128.65,118.4,124.9,2331
THEMISMED,20200820,394,403,389.05,396.9,8793
THERMAX,20200820,790,817,785.05,809.4,618210
THOMASCOOK,20200820,36.55,37.85,36.55,37.3,384512
THOMASCOTT,20200820,5.25,5.4,5.25,5.4,627
THYROCARE,20200820,774.9,822,770.05,791.95,389765
TI,20200820,18.65,18.75,17.75,17.9,49324
TIDEWATER,20200820,4930,4999,4770,4789.6,8090
TIIL,20200820,267,283,263.3,276.6,22750
TIINDIA,20200820,589.75,597.3,585.05,590.1,29639
TIJARIA,20200820,6,6.1,5.85,5.95,8336
TIL,20200820,152.85,159.8,148,155.8,14165
TIMESGTY,20200820,25.8,27.3,24.9,25.2,2660
TIMETECHNO,20200820,44.8,47.2,43.55,45.9,1319942
TIMKEN,20200820,985,999.75,975.05,980.15,10944
TINPLATE,20200820,148.8,152.15,147.6,150.35,606753
TIPSINDLTD,20200820,199,217,197.95,201,153195
TIRUMALCHM,20200820,68.65,78.45,67.5,76.2,4036813
TIRUPATIFL,20200820,30.35,31.9,30.35,30.35,698
TITAN,20200820,1130.05,1138.4,1118.8,1125.7,2727310
TMRVL,20200820,9.95,10,9.7,9.8,78798
TNPETRO,20200820,38.9,40.7,38.55,40.35,658060
TNPL,20200820,123.4,128,122.8,126.05,386767
TNTELE,20200820,1.65,1.75,1.65,1.75,1266
TOKYOPLAST,20200820,61.6,68.2,58.1,62.3,31139
TORNTPHARM,20200820,2801.2,2824.9,2780.1,2814.65,385612
TORNTPOWER,20200820,347,368.9,342,359.95,5473259
TOUCHWOOD,20200820,52.35,52.6,49.75,52.15,5242
TPLPLASTEH,20200820,120.05,127.45,116,126.15,6019
TREEHOUSE,20200820,8.5,8.5,8.5,8.5,28728
TREJHARA,20200820,9,9.45,9,9.1,733
TRENT,20200820,605,624.6,602.65,613.25,623528
TRF,20200820,93.2,97.75,90.6,93.7,20658
TRIDENT,20200820,6.75,6.8,6.7,6.8,3717098
TRIGYN,20200820,53.4,53.4,53.4,53.4,41689
TRIL,20200820,10.25,10.3,10.05,10.2,107630
TRITURBINE,20200820,67,75.95,66.5,74.75,1280079
TRIVENI,20200820,74.8,75.7,74.4,75.3,496172
TTKHLTCARE,20200820,490.55,490.55,478.55,484.25,2933
TTKPRESTIG,20200820,5409.95,5724.65,5380,5656.35,11399
TTL,20200820,36,36,34,35.55,12137
TTML,20200820,3.55,3.65,3.4,3.5,1226584
TV18BRDCST,20200820,32.95,35.7,32.85,34.85,10081869
TVSELECT,20200820,101.8,104.4,99.7,100.35,53315
TVSMOTOR,20200820,431.55,452.95,427.55,450.05,3305887
TVSSRICHAK,20200820,1480,1524,1461,1510.6,16285
TVTODAY,20200820,225.75,236.35,221.75,227.7,212306
TVVISION,20200820,2.35,2.35,2.15,2.35,14451
TWL,20200820,45.55,51.8,45.55,51.8,3562220
UBL,20200820,1014,1035,1005.65,1025.2,549443
UCALFUEL,20200820,131.85,132.4,128.05,129.1,84771
UCOBANK,20200820,13.8,13.9,13.65,13.7,1730104
UFLEX,20200820,362,373,359.1,370.35,828086
UFO,20200820,77.1,81.3,76.1,80.2,517379
UGARSUGAR,20200820,14.6,14.6,14.25,14.3,72195
UJAAS,20200820,5,5,4.8,4.8,1904798
UJJIVAN,20200820,243.9,255.55,242.15,253.85,5065473
UJJIVANSFB,20200820,35.5,35.75,34.6,35.55,1208739
ULTRACEMCO,20200820,4178.95,4197.35,4131.4,4144.25,350931
UMANGDAIRY,20200820,49,49.2,47.1,49.2,43732
UMESLTD,20200820,1.15,1.15,1.15,1.15,2850
UNICHEMLAB,20200820,244.7,252,244.05,245.85,58912
UNIENTER,20200820,67,67,62.95,63.4,5410
UNIONBANK,20200820,29.85,30.15,29.55,29.9,3400713
UNIPLY,20200820,5.7,5.7,5.5,5.6,422611
UNITEDTEA,20200820,294.95,328.05,290.25,311.9,35608
UNIVASTU,20200820,31.15,32.95,31.15,32.25,6486
UNIVCABLES,20200820,143,146.15,140,140.9,46736
UNIVPHOTO,20200820,200,220.9,200,212.05,6614
UPL,20200820,494.85,498.75,487.25,491.9,3081600
URJA,20200820,3,3.05,2.95,3,2964715
USHAMART,20200820,25.1,25.55,24.8,25.25,401699
UTINEXT50,20200820,294.99,294.99,282.61,285.88,354
UTINIFTETF,20200820,1226,1226,1198.2,1204.61,9715
UTISENSETF,20200820,410.35,410.35,395.6,409.39,263
UTISXN50,20200820,298.34,307.99,298.34,307,10
UTTAMSTL,20200820,6.6,6.6,6.4,6.5,105498
UTTAMSUGAR,20200820,89.85,89.85,87.75,88.4,56457
UVSL,20200820,0.6,0.6,0.55,0.55,11738720
V2RETAIL,20200820,52.6,54.4,52.2,53.45,112449
VADILALIND,20200820,597.95,597.95,585.1,590.9,3162
VAIBHAVGBL,20200820,1750,1780,1702,1708.6,13982
VAISHALI,20200820,42.5,42.5,40.3,41.35,6452
VAKRANGEE,20200820,30.6,30.75,30,30.1,968409
VARDHACRLC,20200820,29.5,29.8,29.45,29.6,32996
VARDMNPOLY,20200820,8.75,9.15,8.7,9.15,30398
VARROC,20200820,269,325.8,265,320.35,3885082
VASCONEQ,20200820,10.65,10.8,10.25,10.65,313142
VASWANI,20200820,5.15,5.6,5.1,5.6,16275
VBL,20200820,751.9,766.95,746.05,748.4,166038
VEDL,20200820,129,130.85,128.1,128.95,11240627
VENKEYS,20200820,1382,1389.25,1361.2,1368.65,117674
VENUSREM,20200820,103,111.95,103,109.15,60066
VERTOZ,20200820,119.95,122.2,118.95,120,16112
VESUVIUS,20200820,950,969,931.3,951.65,8541
VETO,20200820,45.55,49,45.55,47.7,28448
VGUARD,20200820,164.75,171,163.95,169.25,5786671
VHL,20200820,1384.7,1384.7,1332.5,1345,254
VICEROY,20200820,2.85,2.85,2.75,2.85,49944
VIDHIING,20200820,86.75,89.9,86.1,87.2,156343
VIJIFIN,20200820,0.6,0.65,0.55,0.6,92974
VIKASECO,20200820,11.1,11.4,10.4,10.4,3010580
VIKASMCORP,20200820,15.85,15.85,15.4,15.85,2201388
VIKASPROP,20200820,3.5,3.7,3.45,3.6,3811072
VIKASWSP,20200820,6.8,6.85,6.5,6.8,177279
VIMTALABS,20200820,110,110,106.3,107.05,45046
VINATIORGA,20200820,995,1009,990,994.5,89563
VINDHYATEL,20200820,876.15,876.2,845.9,850.8,20758
VINYLINDIA,20200820,104.4,111.35,103.1,106.3,258133
VIPCLOTHNG,20200820,8.25,8.25,8.25,8.25,73753
VIPIND,20200820,269.8,281.95,267.5,279.2,1367137
VIPULLTD,20200820,15,15.45,13.45,14.7,17325
VISAKAIND,20200820,327.7,328.75,323.5,324.3,27288
VISASTEEL,20200820,6,6,5.55,5.65,23285
VISHAL,20200820,280,280,273,273,158
VISHNU,20200820,177.95,177.95,170.65,172.45,9423
VISHWARAJ,20200820,87,89,84,86.75,2320
VIVIDHA,20200820,0.4,0.4,0.35,0.4,337490
VIVIMEDLAB,20200820,20.2,20.2,20.2,20.2,57794
VLSFINANCE,20200820,55.7,55.7,54.3,54.65,24664
VMART,20200820,1804.05,1945,1788.55,1930.3,32027
VOLTAMP,20200820,1160,1185.1,1132.3,1167,13175
VOLTAS,20200820,642.8,675,642,669.45,3416323
VRLLOG,20200820,158.8,173,156.55,168.4,3207306
VSSL,20200820,72,72.65,69.2,70.35,16557
VSTIND,20200820,3459,3468,3411,3452.2,24310
VSTTILLERS,20200820,1636,1636,1583.95,1612.8,12770
VTL,20200820,759.95,763.8,746,759.4,12321
WABAG,20200820,157.7,185.5,155,183.45,2615245
WABCOINDIA,20200820,7010.25,7019.75,7002.05,7015,25915
WALCHANNAG,20200820,61.4,62.4,60,61.55,202837
WANBURY,20200820,43.4,44,41.4,43.65,12214
WATERBASE,20200820,108.9,117,108.15,111.75,1330929
WEBELSOLAR,20200820,20.9,21.1,19.8,21.1,54117
WEIZMANIND,20200820,29.8,30.5,28.6,30.5,11169
WELCORP,20200820,114,117.8,113.05,115.95,642847
WELENT,20200820,71.35,72.1,70.5,70.8,148320
WELINV,20200820,257,262,247.85,258.5,649
WELSPUNIND,20200820,49.8,51.4,48.7,49.35,710486
WENDT,20200820,2525.95,2585,2515.3,2547.5,173
WESTLIFE,20200820,368.65,383.95,365.1,371.75,170668
WHEELS,20200820,444.4,464.4,442.8,455.95,60167
WHIRLPOOL,20200820,2010.65,2034.95,1992.5,2019.05,61326
WILLAMAGOR,20200820,18.3,21.5,18.3,21.5,50032
WINDMACHIN,20200820,15,15.6,14.4,15.05,160985
WIPL,20200820,50,50,48,50,368
WIPRO,20200820,279,279,273.2,274.2,9891770
WOCKPHARMA,20200820,314,320.9,313.2,315.65,414903
WONDERLA,20200820,179,184,172.8,180.9,124976
WORTH,20200820,43.9,47,43.9,44.95,13139
WSI,20200820,1.7,1.7,1.7,1.7,3888
WSTCSTPAPR,20200820,187.4,192,186,186.85,97606
XCHANGING,20200820,70.95,73,70.65,71,111141
XELPMOC,20200820,147,147,147,147,40110
XPROINDIA,20200820,23.4,23.95,22.7,23.25,3373
YESBANK,20200820,15.8,16.4,15.35,15.75,401515211
ZEEL,20200820,195,207,192.5,199.45,165959680
ZEELEARN,20200820,15.8,16.05,15.65,15.75,1570987
ZEEMEDIA,20200820,6.2,6.4,6.1,6.4,4664528
ZENITHEXPO,20200820,42.5,44.8,42.35,42.9,516
ZENITHSTL,20200820,0.85,0.85,0.75,0.85,139988
ZENSARTECH,20200820,180.95,180.95,176.1,179.65,234506
ZENTEC,20200820,95,95.9,91,93.1,405130
ZICOM,20200820,1.9,1.9,1.9,1.9,5671
ZODIACLOTH,20200820,117.95,120,117.55,118.15,12926
ZODJRDMKJ,20200820,26.05,28.4,26.05,28.3,1334
ZOTA,20200820,143.45,143.9,140,140.65,15729
ZUARI,20200820,86.5,90.75,86.2,89,45946
ZUARIGLOB,20200820,53.85,57,53.1,55.65,31746
ZYDUSWELL,20200820,1629.95,1646.65,1610,1620.55,25223
NSENIFTY,20200820,11317.45,11361.45,11289.80,11312.20,791587770,0
NIFTYJUNIOR,20200820,27597.60,27738.70,27480.55,27687.90,269947848,0
NIFTYMIDCAPLIQ15,20200820,4046.30,4110.45,4034.45,4101.90,159818086,0
NSE100,20200820,11478.50,11524.65,11451.50,11479.00,1061535618,0
NIFTY200,20200820,5878.85,5909.00,5864.55,5888.25,1936390603,0
NSE500,20200820,9347.90,9398.60,9325.05,9368.75,2506729364,0
NSEMIDCAP150,20200820,6320.75,6405.10,6301.65,6399.40,921839744,0
MIDCAP50,20200820,4625.45,4714.60,4608.30,4703.00,771564765,0
NSEMIDCAP,20200820,16666.45,16921.30,16613.05,16899.95,874854985,0
NSESMLCAP100,20200820,5530.25,5631.15,5515.40,5601.90,-,0
NIFTYLARGEMIDCAP250,20200820,-,-,-,5890.33,1983375362,0
NIFTYAUTO,20200820,7878.70,7948.50,7844.65,7911.60,175590581,0
BANKNIFTY,20200820,21989.90,22079.90,21886.70,21999.45,314838525,0
NIFTYFINSERVICE,20200820,10909.70,10948.00,10852.55,10897.50,207863413,0
NIFTYFMGC,20200820,31445.60,31556.35,31307.10,31439.90,32399851,0
NSEIT,20200820,18181.40,18252.30,18083.25,18126.10,28969479,0
NIFTYMEDIA,20200820,1538.50,1612.80,1528.95,1598.65,209055326,0
NIFTYMETAL,20200820,2479.30,2545.00,2471.95,2538.90,148700143,0
NIFTYPHARMA,20200820,11520.85,11650.75,11503.05,11540.90,27480973,0
NIFTYPVTBANK,20200820,12037.90,12085.00,11973.05,12032.50,215071145,0
NIFTYPSUBANK,20200820,1448.10,1468.85,1440.20,1457.10,141733718,0
NIFTYREALTY,20200820,218.10,224.15,217.30,221.30,30926405,0
NIFTYCOMMODITIES,20200820,3192.15,3261.15,3180.15,3249.95,486611148,0
NIFTYCONSUMPTION,20200820,5130.35,5159.05,5113.35,5146.00,357820690,0
NIFTYCPSE,20200820,1485.40,1550.85,1477.45,1542.95,295009350,0
NIFTYENERGY,20200820,15650.50,16049.20,15592.55,15960.95,385808612,0
NIFTY100ESG,20200820,-,-,-,2217.92,816223849,0
NIFTY100ENHESG,20200820,-,-,-,2231.99,788270218,0
NIFTYINFRA,20200820,3232.50,3270.20,3220.85,3253.40,551527093,0
NIFTYMNC,20200820,14097.55,14179.70,14062.75,14148.05,251874058,0
NIFTYPSE,20200820,2566.55,2659.65,2553.00,2645.05,469714818,0
NIFTYSMEEMERGE,20200820,-,-,-,1271.48,2352699,0
NIFTYSERVSECTOR,20200820,14638.80,14695.10,14588.75,14631.90,606419600,0
NIFTYSHARIAH25,20200820,-,-,-,4552.64,151317396,0
NIFTY50SHARIAH,20200820,-,-,-,2766.72,144003742,0
NIFTY500SHARIAH,20200820,-,-,-,3273.28,560078538,0
NIFTYABGROUP,20200820,-,-,-,2810.10,192339155,0
NIFTYMAHINDRA,20200820,-,-,-,9700.36,22258352,0
NIFTYTATA,20200820,-,-,-,7135.61,215030418,0
NIFTYTATA25CAP,20200820,-,-,-,4923.14,203454158,0
NIFTYABGROUP,20200820,-,-,-,2810.10,192339155,0
NIFTYLIQ15,20200820,2809.65,2834.60,2800.55,2819.50,270963254,0
NIFTY500VALUE50,20200820,-,-,-,3340.06,800652783,0
NIFTYQUALLOWVOL30,20200820,-,-,-,8665.97,101805355,0
NIFTYALPHAQUALLOWVOL30,20200820,-,-,-,9969.11,129730963,0
NIFTYALPHAQUALVALLOWVOL30,20200820,-,-,-,7660.20,279925457,0
NIFTY50EQUALWEIGHT,20200820,11782.25,11889.15,11746.60,11846.20,791587770,0
NIFTY100EQUALWEIGHT,20200820,12847.95,12953.95,12800.20,12923.40,1061535618,0
NIFTY100LOWVOL30,20200820,9153.95,9229.70,9126.25,9183.95,252345756,0
NSEDEFTY,20200820,-,-,-,5223.81,-,0
NIFTY50DIVPOINT,20200820,47.75,47.75,47.75,47.75,-,0
NIFTYDIVOPPS50,20200820,2461.30,2488.55,2452.10,2482.75,750671624,0
NIFTYALPHA50,20200820,15467.45,15602.50,15432.45,15531.30,155548848,0
NIFTY50ARBITRAGE,20200820,-,-,-,1904.83,-,0
NIFTY50FUTINDEX,20200820,-,-,-,3783.10,-,0
NIFTY50FUTTRINDEX,20200820,-,-,-,11706.79,-,0
NIFTYHIGHBETA50,20200820,-,-,-,1167.87,947150299,0
NIFTYLOWVOL50,20200820,-,-,-,11306.32,258094394,0
NIFTY50VALUE20,20200820,5617.95,5670.30,5596.60,5651.85,530679758,0
NIFTYGROWSECT15,20200820,5441.95,5460.80,5419.50,5440.50,322017512,0
NIFTY50TR2XLEV,20200820,5365.30,5405.15,5339.20,5360.30,-,0
NIFTY50PR2XLEV,20200820,4062.05,4092.20,4042.25,4058.25,-,0
NIFTY50TR1XINV,20200820,337.40,338.20,336.20,337.55,-,0
NIFTY50PR1XINV,20200820,387.55,388.45,386.15,387.70,-,0
NIFTY-GS-COMPSITE,20200820,2236.66,2238.31,2236.65,2237.75,-,0
NIFTY-GS-4-8YR,20200820,2337.73,2340.41,2337.73,2339.55,-,0
NIFTY-GS-8-13YR,20200820,2193.58,2194.88,2193.39,2193.91,-,0
NIFTY-GS-10YR,20200820,1981.80,1985.15,1981.80,1984.09,-,0
NIFTY-GS-10YR-CLN,20200820,963.51,965.15,963.51,964.63,-,0
NIFTY-GS-11-15YR,20200820,2368.97,2369.96,2368.64,2368.79,-,0
NIFTY-GS-15YRPLUS,20200820,2611.62,2611.62,2610.08,2606.39,-,0
VIX,20200820,19.96,21.08,17.66,20.62,0,0
