20MICRONS,20200629,33,35,32.4,34.45,241641
21STCENMGM,20200629,11.3,11.35,11.1,11.1,3095
3IINFOTECH,20200629,2.6,2.6,2.5,2.6,6164239
3MINDIA,20200629,19103,19200,18822,19113.85,4684
3PLAND,20200629,6.7,6.7,6.4,6.4,1167
5PAISA,20200629,233,233,213.3,216.2,52100
63MOONS,20200629,78.5,79.55,75.25,76.75,12179
A2ZINFRA,20200629,6.3,6.3,5.7,5.7,1001685
AARTIDRUGS,20200629,1281,1282,1250.05,1269.6,61837
AARTIIND,20200629,944.5,948.4,921.65,924.55,248375
AARVEEDEN,20200629,11.9,12.55,11.8,12.25,14180
AARVI,20200629,28.5,28.5,28.5,28.5,51
AAVAS,20200629,1340,1379,1281,1370.25,121780
ABAN,20200629,29.2,30.3,27.95,30.3,483192
ABB,20200629,920,929,885.6,922.35,224329
ABBOTINDIA,20200629,15835,15973.95,15651.2,15727,8758
ABCAPITAL,20200629,63.95,66.6,60.15,65.75,5135361
ABFRL,20200629,129,130.95,125,127.4,2024638
ABMINTLTD,20200629,13,13,13,13,13
ABSLBANETF,20200629,213.82,229.9,205.94,215,219
ABSLNN50ET,20200629,266.96,266.96,257,257.1,105
ACC,20200629,1279.95,1293.85,1265.5,1289.2,825890
ACCELYA,20200629,923,930,917.65,920.85,8851
ACE,20200629,56.5,56.9,54.2,54.75,258349
ADANIENT,20200629,161.4,163.55,156.75,159.75,2937549
ADANIGAS,20200629,164.65,164.85,155.5,157.35,2611285
ADANIGREEN,20200629,377.7,377.7,377.7,377.7,94453
ADANIPORTS,20200629,341.35,344.05,339.1,342.65,3263757
ADANIPOWER,20200629,36.95,37.25,35.95,36.25,4370886
ADANITRANS,20200629,271.1,279.9,266.2,270.45,665484
ADFFOODS,20200629,290.05,298,285.95,288.8,14455
ADHUNIKIND,20200629,28,28.05,25.45,25.45,81149
ADORWELD,20200629,264,266.35,260.25,262.35,16174
ADROITINFO,20200629,7.35,7.65,7.15,7.55,34644
ADSL,20200629,16.6,17.4,16.1,16.2,83387
ADVANIHOTR,20200629,45.8,45.95,43.1,44.5,10406
ADVENZYMES,20200629,173.45,175,169,173.5,113314
AEGISCHEM,20200629,183.9,184.8,176.8,179.1,150933
AFFLE,20200629,1505,1508.9,1461.35,1480.45,30270
AGARIND,20200629,70,72,69.2,70.2,13904
AGCNET,20200629,305,305,280.65,282.15,7117
AGRITECH,20200629,34.55,36,34.55,35.5,3460
AGROPHOS,20200629,16.2,16.2,15.5,16.1,230495
AHLEAST,20200629,136.95,138.95,136.2,137.55,65
AHLUCONT,20200629,214,229,203.65,208.2,17871
AHLWEST,20200629,264,264,250,257.75,420
AIAENG,20200629,1625.2,1636.75,1602.2,1629.85,15264
AIONJSW,20200629,14.05,14.55,14,14.25,136478
AIRAN,20200629,12.7,12.9,12.1,12.15,92201
AJANTPHARM,20200629,1446,1454,1399.4,1436.2,134630
AJMERA,20200629,86.3,88,83.5,84.35,62871
AKASH,20200629,90,90,90,90,610
AKSHARCHEM,20200629,207,207,199.7,200.5,17329
AKSHOPTFBR,20200629,6.8,6.95,6.45,6.65,204971
AKZOINDIA,20200629,1851,1857.5,1835,1837.65,7199
ALANKIT,20200629,18.4,19.2,17.4,17.75,774226
ALBERTDAVD,20200629,480,480,463.25,466.45,23254
ALCHEM,20200629,5.2,5.2,5.2,5.2,86622
ALEMBICLTD,20200629,77.5,79.95,75,77.45,897677
ALICON,20200629,249.85,253.5,240,247.65,3940
ALKALI,20200629,48,49.6,46.15,47.6,8222
ALKEM,20200629,2339.35,2389,2335,2353.7,148999
ALKYLAMINE,20200629,2140,2145.25,2090,2118.15,58044
ALLCARGO,20200629,79.8,79.8,78,78.4,50617
ALLSEC,20200629,190.25,200,185,191.85,6736
ALMONDZ,20200629,13.15,13.15,11.3,11.9,12010
ALOKINDS,20200629,48.2,48.2,48.2,48.2,407904
ALPA,20200629,24.95,25.5,23.25,23.9,104028
ALPHAGEO,20200629,200.45,201.45,196.6,198.3,28691
ALPSINDUS,20200629,1.65,1.65,1.65,1.65,72346
AMARAJABAT,20200629,647.95,650,635.8,641.3,791145
AMBER,20200629,1549.9,1557.25,1456,1482.2,53012
AMBIKCO,20200629,700.25,700.3,665,668.35,14391
AMBUJACEM,20200629,188,188.65,183.2,187.55,3555861
AMDIND,20200629,17.5,17.5,15.4,16,12556
AMJLAND,20200629,20.95,20.95,19.6,20,38629
AMRUTANJAN,20200629,372.8,376.3,363.65,366.45,102559
ANANTRAJ,20200629,23.1,23.1,22.15,22.35,136417
ANDHRACEMT,20200629,9.7,9.7,9.7,9.7,150620
ANDHRAPAP,20200629,223.3,254.85,220.3,254.85,5847661
ANDHRSUGAR,20200629,271.9,273.25,255,260.25,83326
ANIKINDS,20200629,12.95,12.95,12.95,12.95,4553
ANKITMETAL,20200629,0.8,0.8,0.8,0.8,2219
ANSALAPI,20200629,4.7,4.8,4.5,4.65,94340
ANSALHSG,20200629,4.65,4.75,4.35,4.45,189846
ANUP,20200629,397.95,402.9,372.45,382.4,39908
APARINDS,20200629,327,334.95,325,330.3,14924
APCL,20200629,135,135,131.1,133.05,2782
APCOTEXIND,20200629,124.1,126.35,121.65,122.15,24706
APEX,20200629,255,278,251.1,268.35,1317111
APLAPOLLO,20200629,1571.55,1585.8,1525.1,1527,68896
APLLTD,20200629,902,909,874,896,226106
APOLLO,20200629,111.25,112.9,100.1,101.75,201024
APOLLOHOSP,20200629,1381,1405.55,1359.25,1365.05,911363
APOLLOPIPE,20200629,322.85,329,315,321.35,12139
APOLLOTYRE,20200629,111,111,107.2,108.45,5523573
APOLSINHOT,20200629,481,484.85,456.8,466.3,629
APTECHT,20200629,102.5,102.8,99.75,101.2,85518
ARCHIDPLY,20200629,25.75,26.75,24.3,24.55,30868
ARCHIES,20200629,13.6,13.6,12.8,12.9,45136
ARCOTECH,20200629,3.35,3.35,3.35,3.35,34191
ARENTERP,20200629,12.2,12.2,11.1,12.15,7919
ARIES,20200629,70.05,70.05,70.05,70.05,23588
ARIHANT,20200629,16.05,16.75,15.6,15.65,5935
ARIHANTSUP,20200629,27,29.25,27,28.9,1016
ARMANFIN,20200629,463.55,468.9,461.15,461.15,8995
AROGRANITE,20200629,28,28,25.05,25.85,15617
ARROWGREEN,20200629,48,48,45.6,45.75,1665
ARSHIYA,20200629,12.45,12.45,11.55,12.35,24747
ARSSINFRA,20200629,15.75,15.75,15.1,15.5,83846
ARTEMISMED,20200629,183,184.95,176.15,179.35,3778
ARVIND,20200629,34.2,34.2,32.6,33.1,2369772
ARVINDF-RE,20200629,77.9,80,50,67.65,58065
ARVINDFASN,20200629,177.5,177.5,171.4,172.45,48858
ARVSMART,20200629,76,79,74.95,78.3,123365
ASAHIINDIA,20200629,185.95,185.95,172.3,177.05,43361
ASAHISONG,20200629,151.05,154,147.15,150.15,23812
ASAL,20200629,22.6,22.6,21.5,21.75,7114
ASALCBR,20200629,259.8,274.95,254,272.85,192266
ASHAPURMIN,20200629,44.5,45,42.9,44.55,158647
ASHIANA,20200629,64,64,60.8,60.9,26570
ASHIMASYN,20200629,6.55,6.8,6.5,6.65,86499
ASHOKA,20200629,62.9,62.95,60,61,1121890
ASHOKLEY,20200629,51.65,51.85,48.45,48.6,76143267
ASIANHOTNR,20200629,55.85,55.9,53.2,53.95,7034
ASIANPAINT,20200629,1687,1708.45,1674.05,1691.95,2753482
ASIANTILES,20200629,219,219.9,207.5,209,67426
ASPINWALL,20200629,118.7,134,105.3,129.05,40866
ASTEC,20200629,803.9,842.4,792.3,804.2,103621
ASTERDM,20200629,126,126,121.55,122.5,141436
ASTRAL,20200629,955,958,930.45,955.35,103247
ASTRAMICRO,20200629,98.1,99.15,94.7,97.05,1144957
ASTRAZEN,20200629,3425,3649,3410.05,3620.4,331396
ASTRON,20200629,39.85,42.6,38.6,41.7,485859
ATFL,20200629,513,535,513,515.5,13346
ATLANTA,20200629,9.3,9.3,8.9,9.2,201390
ATLASCYCLE,20200629,39,39,39,39,3694
ATNINTER,20200629,0.15,0.15,0.1,0.15,5543
ATUL,20200629,4539,4539,4415,4455,9525
ATULAUTO,20200629,170,170,164.05,165.55,39946
AUBANK,20200629,565,567.9,543.65,543.65,140169
AURIONPRO,20200629,59.6,59.6,53.1,56.2,27806
AUROPHARMA,20200629,784,797.95,779,789.4,4794436
AUSOMENT,20200629,35.9,36.8,32,35.9,11928
AUTOAXLES,20200629,594.8,609.55,567,569.85,15701
AUTOIND,20200629,20,20.6,18.9,19.25,18723
AUTOLITIND,20200629,16.7,16.95,16,16.2,9006
AVADHSUGAR,20200629,189,195,187.55,188.3,69024
AVANTIFEED,20200629,506,544.75,490,523.3,8903208
AVTNPL,20200629,40.5,40.75,39.05,39.5,186371
AXISBANK,20200629,415,415.8,402.35,404.8,36320111
AXISCADES,20200629,48.75,48.75,48.75,48.75,16501
AXISGOLD,20200629,4203.2,4249,4203.2,4230.15,1509
AXISNIFTY,20200629,1141.5,1255.82,1102.5,1171.19,761
AYMSYNTEX,20200629,25.55,26.4,23.7,24.7,11094
BAFNAPH,20200629,22.4,22.4,22.4,22.4,324
BAGFILMS,20200629,2.95,2.95,2.95,2.95,170587
BAJAJ-AUTO,20200629,2825,2870,2815,2859.5,680242
BAJAJCON,20200629,150,150,146.5,146.75,336088
BAJAJELEC,20200629,402.9,403,390,393.2,123759
BAJAJFINSV,20200629,5832,5937.3,5751.3,5890.2,1010274
BAJAJHIND,20200629,8,8,7.6,7.7,8673846
BAJAJHLDNG,20200629,2723,2770,2605,2622.65,64145
BAJFINANCE,20200629,2834,2894.45,2770,2857.95,11614003
BALAJITELE,20200629,76.5,77,73.85,75.3,88152
BALAMINES,20200629,530,543,509.05,521.95,648243
BALAXI,20200629,125.15,126.75,120,125.55,1108
BALKRISHNA,20200629,20.05,20.05,19.15,20.05,21446
BALKRISIND,20200629,1238.75,1262,1220.05,1244.5,612124
BALLARPUR,20200629,1.4,1.4,1.4,1.4,1540341
BALMLAWRIE,20200629,113,113,110.6,111,142559
BALPHARMA,20200629,46,46.75,43.8,44.25,33378
BALRAMCHIN,20200629,132,135.7,132,134.9,2330007
BANARBEADS,20200629,38.85,40,37.5,38.6,8869
BANARISUG,20200629,1050,1085,1030,1045.85,874
BANCOINDIA,20200629,77,77.45,74.1,74.65,132117
BANDHANBNK,20200629,333,335.85,323.2,328.2,9560121
BANG,20200629,20.8,21.45,20.4,20.4,5324
BANKBARODA,20200629,51.5,51.5,48.95,49.25,33620836
BANKBEES,20200629,215.77,216.12,212,215.31,1286696
BANKINDIA,20200629,51.65,51.65,49.4,49.65,3934958
BANSWRAS,20200629,82.5,82.5,79.6,79.7,86268
BASF,20200629,1170,1170,1120.75,1135.45,23807
BASML,20200629,101,119.7,95,116,86642
BATAINDIA,20200629,1317,1323.1,1290.7,1312.4,995412
BAYERCROP,20200629,5948,5950,5710,5860.7,20221
BBL,20200629,800,800,762.4,766.7,15121
BBTC,20200629,1049,1064.9,1017.3,1039.9,60820
BCG,20200629,9.45,9.45,9.45,9.45,350006
BCP,20200629,5.45,5.45,5.3,5.3,473833
BDL,20200629,296,311.9,293.5,302.35,1013215
BEARDSELL,20200629,9.4,9.6,9.05,9.5,3368
BEDMUTHA,20200629,14.25,14.95,14.25,14.5,11130
BEL,20200629,84.95,88.7,84.3,87.55,23325346
BEML,20200629,627.05,634.9,616,626.7,528364
BEPL,20200629,46,46.25,43.5,44.35,389322
BERGEPAINT,20200629,512,518.9,500.1,502.2,1657301
BFINVEST,20200629,310,312.55,296.3,298.35,15301
BFUTILITIE,20200629,202.6,203.4,195,199.35,205715
BGRENERGY,20200629,39.05,39.95,37.7,39.25,227714
BHAGERIA,20200629,117.7,117.85,112,113.85,59626
BHAGYANGR,20200629,18.35,19.95,18.25,18.3,54961
BHAGYAPROP,20200629,22.35,23.4,21.2,21.75,34330
BHANDARI,20200629,1.7,1.7,1.7,1.7,198957
BHARATFORG,20200629,350,353.6,309.25,316.5,9808566
BHARATGEAR,20200629,44.4,46.95,42,45.3,26485
BHARATRAS,20200629,7698,7839.9,7351.05,7543.4,30671
BHARATWIRE,20200629,24.5,25.6,23.55,24.6,70303
BHARTIARTL,20200629,558.9,568.95,551.2,567.1,12920745
BHEL,20200629,36.2,36.8,35.35,35.75,46340901
BIGBLOC,20200629,31,31,29,29.45,1393
BIL,20200629,146.1,146.1,146.1,146.1,1842
BILENERGY,20200629,1.4,1.4,1.4,1.4,619642
BINDALAGRO,20200629,15.75,15.75,14.3,14.3,116244
BIOCON,20200629,401.6,408.35,394.6,397.75,4004002
BIOFILCHEM,20200629,13.3,13.3,12.8,13,12351
BIRLACABLE,20200629,53,53,49.5,50.6,69795
BIRLACORPN,20200629,596,598.3,566,568.3,199133
BIRLAMONEY,20200629,36.3,36.3,34.25,34.95,141983
BIRLATYRE,20200629,43.8,43.8,43.8,43.8,35212
BKMINDST,20200629,1.45,1.45,1.45,1.45,71687
BLBLIMITED,20200629,6.6,6.6,6.3,6.3,19230
BLISSGVS,20200629,97.7,98,94.95,96.3,160294
BLKASHYAP,20200629,6.1,6.1,5.8,6.1,404701
BLS,20200629,62.1,66.75,61.35,62.05,246936
BLUECHIP,20200629,0.3,0.3,0.25,0.25,13906
BLUECOAST,20200629,4.7,4.7,4.3,4.3,1276
BLUEDART,20200629,2001,2030,1981,2008.35,11385
BLUESTARCO,20200629,504.6,508.5,494.25,496.95,125020
BODALCHEM,20200629,62,63.5,61,61.8,665979
BOMDYEING,20200629,75.1,75.8,71,72.5,2112814
BORORENEW,20200629,145.9,149,134.9,139.75,2455110
BOSCHLTD,20200629,11196.25,11200,10909.05,10954.55,35590
BPCL,20200629,392.9,395.6,378.35,383.35,6012401
BPL,20200629,25.9,25.9,23.5,23.5,268475
BRFL,20200629,8.7,8.7,8.7,8.7,55181
BRIGADE,20200629,143,143.7,134.1,135.1,252017
BRITANNIA,20200629,3452.8,3544.85,3445.8,3519.25,940186
BRNL,20200629,37.25,37.25,34.4,36.15,20399
BROOKS,20200629,31,31.3,29.85,30.25,12253
BSE,20200629,453.2,462.2,436.5,453,206192
BSELINFRA,20200629,1.5,1.5,1.5,1.5,16995
BSL,20200629,25.95,25.95,25.2,25.65,3812
BSLGOLDETF,20200629,4426,4487.55,4412.05,4440,268
BSLNIFTY,20200629,110,113.78,110,111.32,355
BSOFT,20200629,91.4,92.85,88.15,92.1,1222026
BURNPUR,20200629,2,2,2,2,11720
BUTTERFLY,20200629,139.3,140.7,132.8,136.3,203073
BVCL,20200629,13.5,13.5,13.1,13.5,4259
BYKE,20200629,12.3,12.75,12,12.05,50022
CADILAHC,20200629,365.2,370.95,364.1,366.7,2246321
CALSOFT,20200629,10.1,10.2,9.25,9.8,66726
CAMLINFINE,20200629,56.4,57.65,53,53.45,1250812
CANBK,20200629,103.95,104.15,100.2,102,12747001
CANFINHOME,20200629,350,352.75,340.1,343.3,254290
CANTABIL,20200629,283.55,299,272.55,294.8,116828
CAPACITE,20200629,115,116.5,112.55,112.95,84233
CAPLIPOINT,20200629,318.4,324.95,310.05,317.1,445794
CAPTRUST,20200629,82.5,84.4,76.4,83.25,25310
CARBORUNIV,20200629,272.8,281.6,264.4,275.25,238115
CAREERP,20200629,145.9,145.9,141.05,141.7,14620
CARERATING,20200629,420,420.15,405.5,415.1,44813
CASTEXTECH,20200629,0.65,0.65,0.65,0.65,12150
CASTROLIND,20200629,128.75,128.75,122.15,122.95,891375
CCCL,20200629,0.3,0.3,0.25,0.25,294717
CCHHL,20200629,3.7,3.8,3.55,3.7,45996
CCL,20200629,241.8,241.8,230.05,232.6,127135
CDSL,20200629,273.95,278.5,271,274.9,269694
CEATLTD,20200629,917.7,926.35,911.6,916,47547
CEBBCO,20200629,13.9,13.9,12.6,12.8,35727
CELEBRITY,20200629,5.3,5.5,5.25,5.25,46722
CENTENKA,20200629,180.15,182.95,177.9,178.4,31271
CENTEXT,20200629,5.45,5.45,5.45,5.45,92987
CENTRALBK,20200629,19.7,21.6,19.5,20.25,12245720
CENTRUM,20200629,20.2,20.25,18.45,18.95,176806
CENTUM,20200629,306,309.8,290,291.7,9339
CENTURYPLY,20200629,119,120.8,115.2,120.1,411572
CENTURYTEX,20200629,304.85,306.95,295.2,298.1,980750
CERA,20200629,2227,2227,2205,2219.65,3714
CEREBRAINT,20200629,29.45,29.45,27.5,28.2,110140
CESC,20200629,613,626.9,598.6,611.55,761126
CESCVENT,20200629,176,189,176,189,668465
CGCL,20200629,160,164.55,155.55,162.05,98107
CGPOWER,20200629,8.15,8.15,8.15,8.15,574463
CHALET,20200629,136.75,137,131.35,132.35,92318
CHAMBLFERT,20200629,145.8,147,141.6,143.25,861650
CHEMBOND,20200629,146,151,146,148.05,34388
CHEMFAB,20200629,135.2,137,126.1,129.6,12224
CHENNPETRO,20200629,83,83.75,79,79.35,1031585
CHOLAFIN,20200629,200,200,188.5,193,14791621
CHOLAHLDNG,20200629,305.1,309.85,300,309.45,17307
CHROMATIC,20200629,0.95,0.95,0.9,0.95,85343
CIGNITITEC,20200629,282.05,287.65,278,279.5,1791
CIMMCO,20200629,17,17.45,16.8,16.85,13111
CINELINE,20200629,25,26.8,23.6,23.9,69677
CINEVISTA,20200629,7.4,7.4,6.85,7.05,2700
CIPLA,20200629,637,648,635.4,644.9,6772345
CLEDUCATE,20200629,45.8,45.8,41.8,42.15,22731
CLNINDIA,20200629,371.1,393.5,370,388.05,52219
CMICABLES,20200629,36.85,36.85,36.85,36.85,12335
CNOVAPETRO,20200629,7.8,7.8,7.15,7.75,3586
COALINDIA,20200629,140.55,140.85,134.15,134.85,14576506
COCHINSHIP,20200629,320,320.95,304.2,305.3,819191
COLPAL,20200629,1385,1408,1366.5,1389.1,924702
COMPINFO,20200629,13.7,13.95,13.1,13.25,138142
COMPUSOFT,20200629,9.35,9.5,8.9,9.05,76590
CONCOR,20200629,435.1,435.1,410.35,417.95,3284690
CONFIPET,20200629,19.7,19.75,19,19.35,245826
CONSOFINVT,20200629,30.25,30.25,30.15,30.15,362
CONTROLPR,20200629,203,207,184.25,195.45,7925
CORALFINAC,20200629,34.75,34.75,31.45,31.45,200626
CORDSCABLE,20200629,37.8,40.85,37.4,39.4,81316
COROMANDEL,20200629,760,760,743,753.7,317233
COSMOFILMS,20200629,313.7,319.85,308,315.9,94528
COUNCODOS,20200629,1.65,1.65,1.55,1.65,74691
CPSEETF,20200629,18.09,18.2,17.72,17.77,1039852
CREATIVE,20200629,76,80.95,75.5,78.65,2493
CREDITACC,20200629,510,528,503.75,517.5,128285
CREST,20200629,69.95,69.95,67.4,69.6,1108
CRISIL,20200629,1613.8,1665.5,1606.05,1635.9,26922
CROMPTON,20200629,234.6,238.4,228.5,235.05,342116
CSBBANK,20200629,186.4,189.9,180.6,187.3,296330
CTE,20200629,21,21,20,21,6097
CUB,20200629,124.9,124.9,120.5,121.35,1382401
CUBEXTUB,20200629,12.3,12.4,11.65,11.9,8512
CUMMINSIND,20200629,410.2,414.65,396,397.6,1149871
CUPID,20200629,198.25,207,196.2,205.55,139879
CYBERTECH,20200629,42.75,43.1,41.55,42,12658
CYIENT,20200629,272.1,276,267,272.7,1397549
DAAWAT,20200629,40.6,43.45,39.2,42.75,4437078
DABUR,20200629,460,469,458.1,463.75,5083780
DALBHARAT,20200629,702,717,696,699.6,118639
DALMIASUG,20200629,111.65,114.35,109,110.1,233899
DAMODARIND,20200629,26,26.7,25.55,26.15,6424
DATAMATICS,20200629,49.05,50,47.1,48.15,15198
DBCORP,20200629,78,78,75,75.2,174154
DBL,20200629,281,283.15,275,277,151203
DBREALTY,20200629,8,8,7.5,7.5,418405
DBSTOCKBRO,20200629,9.4,9.85,9.4,9.85,314
DCAL,20200629,130,134.45,123.1,124.05,528209
DCBBANK,20200629,82,83.7,78.55,78.8,3220916
DCM,20200629,20.05,20.05,19.05,19.45,12434
DCMFINSERV,20200629,0.9,0.9,0.9,0.9,4948
DCMNVL,20200629,26.6,29.9,26.6,27.75,18003
DCMSHRIRAM,20200629,337.85,338.5,320,324.1,165782
DCW,20200629,13,13,12.6,12.7,335659
DECCANCE,20200629,282,283.9,260,263.95,25259
DEEPAKFERT,20200629,116.5,117.65,113.5,115.85,4592542
DEEPAKNTR,20200629,503.8,505.15,490.15,493.1,509593
DEEPIND,20200629,75.3,77.4,72.9,75.65,27932
DELTACORP,20200629,92.4,92.4,87.55,87.85,1686225
DELTAMAGNT,20200629,28.6,29.75,28.6,29.75,29460
DEN,20200629,79.9,80.6,73.25,75.65,182375
DENORA,20200629,230,236.8,216.25,224.35,2489
DFMFOODS,20200629,184.7,185.95,181.05,182.2,37046
DGCONTENT,20200629,6.1,6.1,5.7,6.1,27451
DHAMPURSUG,20200629,130.3,134.5,128.95,131.85,1020975
DHANBANK,20200629,15.4,15.4,14.7,14.85,1360558
DHANUKA,20200629,709.15,715,690.4,708.6,121426
DHARSUGAR,20200629,7.65,7.65,7.65,7.65,5699
DHFL,20200629,16.35,16.35,15.55,15.9,1333986
DHUNINV,20200629,191.3,191.3,170.55,172.2,1963
DIAMONDYD,20200629,620,625,606.15,610.5,15941
DICIND,20200629,338.25,344.8,334.9,338.6,2194
DIGISPICE,20200629,7.8,8.45,7.75,8.2,17898
DISHTV,20200629,8.15,8.15,8.15,8.15,1901324
DIVISLAB,20200629,2359.55,2368,2308.1,2316.6,519075
DIXON,20200629,5588,5640,5400,5551.2,36552
DLF,20200629,154.2,155.3,149.7,151.5,5370205
DLINKINDIA,20200629,86.5,86.9,82.9,84.25,123831
DMART,20200629,2294.4,2334.7,2274,2290.95,234443
DNAMEDIA,20200629,0.8,0.8,0.8,0.8,511
DOLAT,20200629,50.5,50.5,48.05,49.45,79824
DOLLAR,20200629,143.8,143.8,131.6,132.2,311634
DONEAR,20200629,31.1,31.45,29.2,29.7,58597
DPSCLTD,20200629,9.15,9.6,8.9,9.15,19516
DPWIRES,20200629,53,54.8,53,54.1,1168
DQE,20200629,1.9,1.9,1.9,1.9,21073
DREDGECORP,20200629,267.8,274.4,260.5,263.85,553327
DRREDDY,20200629,3998,4044,3958.75,3973.85,538493
DSSL,20200629,26.9,26.9,25.3,26.2,10085
DTIL,20200629,170,170,158.5,162.55,15516
DUCON,20200629,4.85,4.85,4.5,4.6,60254
DVL,20200629,66.85,66.85,64.2,64.75,7650
DWARKESH,20200629,25.5,26.4,25.4,25.75,1402107
DYNAMATECH,20200629,639.95,641.9,597,612.9,1701
DYNPRO,20200629,150,153,141.35,142.8,149053
EASTSILK,20200629,1.15,1.15,1.15,1.15,4211
EBBETF0423,20200629,1069.5,1069.99,1068.05,1069.72,10663
EBBETF0430,20200629,1085.88,1090,1085.88,1089.64,14623
EBIXFOREX,20200629,464,464,435.1,441.45,2519
ECLERX,20200629,450,450.95,436.6,445.35,31729
EDELWEISS,20200629,59.75,59.85,54.6,59.85,8140231
EICHERMOT,20200629,18377.45,18470,18020,18113.5,194842
EIDPARRY,20200629,272,295.8,269.65,286.7,1865765
EIHAHOTELS,20200629,246.2,250,240,241.5,18926
EIHOTEL,20200629,67.9,68.3,64.1,64.65,1328642
EIMCOELECO,20200629,305,312,300,305.8,696
EKC,20200629,18.7,19,18.2,18.4,130880
ELECON,20200629,28,28.8,26.9,27.4,487111
ELECTCAST,20200629,15.4,15.65,14.55,14.75,467880
ELECTHERM,20200629,119.3,121,115.6,116.35,6966
ELGIEQUIP,20200629,154.9,154.9,146.45,149.35,115910
ELGIRUBCO,20200629,23,23.4,21.3,23.4,201011
EMAMILTD,20200629,219.9,219.9,204.5,205.55,1691916
EMAMIPAP,20200629,80.8,84.85,79.25,83.15,34213
EMAMIREAL,20200629,38.75,38.75,36.05,36.35,50364
EMKAY,20200629,48.25,48.25,45.95,46.5,6765
EMMBI,20200629,73.05,73.95,70,70,11402
ENDURANCE,20200629,880,894.85,846.05,867.55,119662
ENERGYDEV,20200629,7.45,7.45,7.1,7.45,62402
ENGINERSIN,20200629,79.75,83.8,78.5,81.9,9327050
ENIL,20200629,152.5,156.95,147.3,148.05,22372
EQ30,20200629,295.75,304.63,295.75,295.8,31
EQUITAS,20200629,54.6,54.7,50.5,51,17497024
ERIS,20200629,472.8,475,464.35,467.5,60375
EROSMEDIA,20200629,18.25,18.25,17.7,17.9,484481
ESABINDIA,20200629,1418,1418,1372.5,1401.25,4677
ESCORTS,20200629,1014.5,1043.65,1002.2,1033.45,2181625
ESSARSHPNG,20200629,8.05,8.3,8,8.2,46550
ESSELPACK,20200629,182.7,183.75,179,180.05,48614
ESTER,20200629,49,50.1,47.2,49.1,334040
EUROMULTI,20200629,0.85,0.9,0.85,0.9,2527
EUROTEXIND,20200629,9.5,9.5,9.5,9.5,106
EVEREADY,20200629,82.5,82.5,80,81.65,393940
EVERESTIND,20200629,211.25,214.9,207.5,209.1,46105
EXCEL,20200629,1.1,1.1,1.05,1.05,18870
EXCELINDUS,20200629,705,707.9,680,680.8,48839
EXIDEIND,20200629,148.8,148.8,145.8,147.25,2396848
EXPLEOSOL,20200629,275.05,279.95,268.15,274.35,9261
FACT,20200629,50,52.8,47.5,49.65,1140702
FAIRCHEM,20200629,547.7,579.5,534.9,572.35,53833
FCL,20200629,27.7,27.7,26.05,26.4,129381
FCONSUMER,20200629,19.25,19.25,17.45,17.45,28576988
FCSSOFT,20200629,0.7,0.7,0.7,0.7,2589921
FDC,20200629,275.4,278.3,270.5,274.85,585896
FEDERALBNK,20200629,52.95,52.95,51.25,51.55,24686967
FEL,20200629,17.35,17.35,15.75,17.35,5959960
FELDVR,20200629,19.1,19.1,17.3,19.05,599739
FIEMIND,20200629,368,384.55,363,368.45,48397
FILATEX,20200629,25.8,26.3,25.35,25.55,221547
FINCABLES,20200629,303.4,304.25,283.05,293.15,140289
FINEORG,20200629,1905,1945,1880.1,1889.3,10180
FINPIPE,20200629,526,526.9,500.25,512.65,54485
FLEXITUFF,20200629,10,10,10,10,8601
FLFL,20200629,157.25,157.25,142.5,143.55,483473
FLUOROCHEM,20200629,379,379,358.1,362.3,22926
FMGOETZE,20200629,400.05,400.1,384.05,385.6,3142
FMNL,20200629,32.55,32.55,29.45,29.45,216943
FORCEMOT,20200629,960.65,970.9,912.65,924.5,30688
FORTIS,20200629,123,123.6,121,122.1,1606216
FOSECOIND,20200629,1029,1040.05,1015,1034.05,266
FRETAIL,20200629,149.5,149.5,135.3,135.6,17178218
FSC,20200629,178.2,178.2,161.3,175.75,482018
FSL,20200629,38.45,38.7,37.1,37.4,2017390
GABRIEL,20200629,92.1,92.45,85.5,88.35,127742
GAEL,20200629,138,141,132.05,137.25,243673
GAIL,20200629,105.05,105.85,102.75,103.6,11712494
GAL,20200629,3.65,3.65,3.5,3.65,102333
GALAXYSURF,20200629,1469.5,1510,1427.65,1477,64690
GALLANTT,20200629,35.3,37,31.8,33,40593
GALLISPAT,20200629,28.25,29.55,27.8,28.55,25953
GAMMNINFRA,20200629,1,1,1,1,1809200
GANDHITUBE,20200629,192.1,195.9,188.95,192.55,2046
GANECOS,20200629,214.95,216.9,210,212.85,7730
GANESHHOUC,20200629,33.5,33.5,31.45,31.65,32546
GANGESSECU,20200629,33.55,34.8,33.55,33.95,417
GARDENSILK,20200629,13.5,13.5,13.5,13.5,112230
GARFIBRES,20200629,1418.9,1421,1356.8,1409.75,16294
GATI,20200629,46.2,46.35,44.45,45.1,201298
GAYAHWS,20200629,0.45,0.45,0.45,0.45,1396202
GAYAPROJ,20200629,16.9,17.05,16.05,16.1,396845
GBGLOBAL,20200629,4.95,5.4,4.95,5.05,2426
GDL,20200629,86.2,86.4,81.7,83.7,95755
GEECEE,20200629,69.05,73,69,70.8,13641
GEEKAYWIRE,20200629,79.7,79.7,68.95,69.2,4997
GENESYS,20200629,46.2,46.2,41.8,46,127148
GENUSPAPER,20200629,5.2,5.65,4.9,5.65,841062
GENUSPOWER,20200629,23.1,24.4,22.8,23.5,550970
GEOJITFSL,20200629,34.5,38.9,32.25,37.85,1617448
GEPIL,20200629,477,477,464.75,467.25,30369
GESHIP,20200629,218.5,218.9,212.05,213,128600
GET&D,20200629,80.3,80.3,77.15,79.15,97508
GFLLIMITED,20200629,104,105.8,101,101.25,37596
GFSTEELS,20200629,3.2,3.2,3.2,3.2,1241
GHCL,20200629,138.9,139.3,133,133.85,117466
GICHSGFIN,20200629,88.95,89.5,85.5,86,371646
GICRE,20200629,153.8,154,146.85,148.95,303231
GILLANDERS,20200629,32,32,30.4,31.95,508
GILLETTE,20200629,4985.35,5004.95,4920,4980.95,14700
GINNIFILA,20200629,16.6,16.65,14.05,14.3,833938
GIPCL,20200629,74.8,82.4,74,76.2,4648234
GKWLIMITED,20200629,475,488.95,475,480,22
GLAXO,20200629,1484.05,1505.5,1471.5,1490.25,25759
GLENMARK,20200629,474.9,484.7,465.1,467.8,14878964
GLFL,20200629,1.55,1.55,1.55,1.55,1000
GLOBALVECT,20200629,57.1,58.05,54.4,55.75,51561
GLOBOFFS,20200629,6,6,5.7,5.7,5260
GLOBUSSPR,20200629,124.85,124.9,121.05,121.85,58252
GMBREW,20200629,408.2,408.9,397.5,399.9,27477
GMDCLTD,20200629,41.8,42.25,40.5,40.75,727881
GMMPFAUDLR,20200629,4160,4161.85,4067,4099.75,9499
GMRINFRA,20200629,20.35,20.65,19.9,20.05,8915558
GNA,20200629,196.4,196.4,190.55,194.55,63675
GNFC,20200629,159.8,161.2,156.25,157.15,880131
GOACARBON,20200629,223,226.9,214,218.9,15115
GOCLCORP,20200629,180.05,180.05,175,175.95,5842
GODFRYPHLP,20200629,997,1048.75,997,1031.75,252656
GODREJAGRO,20200629,455.25,457,445,447.05,92409
GODREJCP,20200629,687,694,683.3,687.65,1506790
GODREJIND,20200629,421,422.8,412,417.1,99826
GODREJPROP,20200629,863,864,831.2,843.1,286326
GOKEX,20200629,38.7,43.8,36.35,42.4,1147728
GOKUL,20200629,16.8,16.95,15.85,15.85,40516
GOKULAGRO,20200629,14.95,15.5,14.95,14.95,39881
GOLDBEES,20200629,42.33,42.84,42.33,42.49,4710173
GOLDENTOBC,20200629,25.85,27.9,25.85,27.4,6425
GOLDIAM,20200629,101,104.35,98.05,103.5,56789
GOLDSHARE,20200629,4380.1,4425,4380.1,4408.7,1931
GOLDTECH,20200629,9.15,9.15,8.5,8.7,27344
GOODLUCK,20200629,41.65,41.85,40.05,40.3,43178
GPIL,20200629,171.9,171.95,162.85,169.55,103425
GPPL,20200629,79.8,80.8,72,75.85,422313
GPTINFRA,20200629,24.25,24.4,23.3,23.75,32554
GRANULES,20200629,205,205,194.1,195.05,1620508
GRAPHITE,20200629,188,188.15,182,183.25,266621
GRASIM,20200629,613.75,624.45,598.5,619.25,2010341
GRAVITA,20200629,45.6,46,42.15,42.8,63391
GREAVESCOT,20200629,87,87.85,85.05,85.85,260375
GREENLAM,20200629,822,822,752.65,789.3,5888
GREENPANEL,20200629,40.4,40.4,38.5,39.2,73894
GREENPLY,20200629,86,86.25,83.5,84.6,259180
GREENPOWER,20200629,2.6,2.65,2.6,2.6,1913621
GRINDWELL,20200629,498.2,500.6,492.1,493.3,4687
GROBTEA,20200629,391.55,423.95,391.45,420.95,151
GRPLTD,20200629,669,689.95,656.3,660.05,72
GRSE,20200629,212.4,218.85,208.45,211.85,425440
GSCLCEMENT,20200629,29.7,30.5,28,29.05,379635
GSFC,20200629,55.75,56.6,55.2,55.4,1486748
GSPL,20200629,217,218.5,214.8,217.1,599374
GSS,20200629,28,28,25.35,25.8,38803
GTL,20200629,1.85,1.85,1.85,1.85,50561
GTLINFRA,20200629,1.2,1.2,1.2,1.2,3881983
GTNIND,20200629,11.4,11.4,11.4,11.4,17046
GTNTEX,20200629,6.4,6.4,6.1,6.15,9939
GTPL,20200629,65.1,70,64.8,68.95,81284
GUFICBIO,20200629,77.1,82,75.8,77,108161
GUJALKALI,20200629,325.3,328.45,321.5,324.6,55396
GUJAPOLLO,20200629,174.75,187.5,174.25,183.05,33768
GUJGASLTD,20200629,310.25,315.9,304.25,309.45,1187539
GUJRAFFIA,20200629,13.5,13.5,13.5,13.5,750
GULFOILLUB,20200629,624.9,624.9,594.4,599.25,13081
GULFPETRO,20200629,46,46.05,44.1,44.75,24607
GULPOLY,20200629,35.5,35.5,34.05,34.2,24522
GVKPIL,20200629,3.3,3.35,3.15,3.25,9043695
HAL,20200629,765,814,744.65,761.5,353992
HARITASEAT,20200629,368.05,374.95,368,373.85,858
HARRMALAYA,20200629,80.8,81.05,73.65,75.45,231425
HATHWAY,20200629,33.95,34,31.3,32.65,1850115
HATSUN,20200629,669.7,669.7,652.75,654.3,5900
HAVELLS,20200629,580.1,584.8,570.55,578.2,1644982
HAVISHA,20200629,0.7,0.7,0.7,0.7,132349
HBLPOWER,20200629,16.65,16.65,15.5,15.85,702377
HBSL,20200629,5.45,5.5,5.45,5.5,7730
HCC,20200629,6.75,6.75,6.15,6.25,7492522
HCG,20200629,123.35,123.35,121.75,122.45,114504
HCL-INSYS,20200629,10.25,10.25,9.6,10.25,977250
HCLTECH,20200629,562,565.9,550.3,553.7,3857756
HDFC,20200629,1755,1775,1726.25,1741.15,3948941
HDFCAMC,20200629,2474,2499,2450,2482.8,349501
HDFCBANK,20200629,1037,1082.6,1037,1076.05,23003725
HDFCLIFE,20200629,543.5,544.6,532.65,537.2,1691390
HDFCMFGETF,20200629,4385,4387.5,4348,4351,19806
HDFCNIFETF,20200629,1077.8,1085.41,1069,1078.49,2434
HDFCSENETF,20200629,3680,3708,3610.01,3668,69
HEG,20200629,875.4,880.15,835.2,844.25,163679
HEIDELBERG,20200629,181.95,182.7,175.1,176.45,367060
HERCULES,20200629,77,79,75,76.55,109091
HERITGFOOD,20200629,268,268,255.1,262,23818
HEROMOTOCO,20200629,2530,2530,2468,2504.05,1131628
HESTERBIO,20200629,1230,1246.95,1182.35,1208.05,24969
HEXATRADEX,20200629,16.8,16.9,15.3,16.9,222042
HEXAWARE,20200629,328.95,337.9,325.1,332.65,1570059
HFCL,20200629,15.6,16,14.8,16,13061060
HGINFRA,20200629,205.4,208.95,201,202.55,33424
HGS,20200629,670.4,675.4,647,650.7,13724
HIKAL,20200629,129.05,129.9,125.5,127.4,468647
HIL,20200629,1228,1228,1183.65,1198.2,21752
HILTON,20200629,13.05,13.05,11.85,12,63498
HIMATSEIDE,20200629,67,67,63,63.85,329937
HINDALCO,20200629,149.45,149.45,143.3,145.85,13110762
HINDCOMPOS,20200629,169.9,169.9,156.05,158.5,1491
HINDCOPPER,20200629,33,33.1,31.5,32.1,767698
HINDMOTORS,20200629,7.4,7.4,6.7,7.05,900916
HINDNATGLS,20200629,35,35,32.95,33.25,4505
HINDOILEXP,20200629,67.4,69.65,64.3,67.25,287055
HINDPETRO,20200629,227.7,230.95,220.5,225.2,6332720
HINDUNILVR,20200629,2151.35,2195.9,2140,2182.95,3295050
HINDZINC,20200629,198.5,199,192.8,193.65,1007097
HIRECT,20200629,125.1,125.1,125.1,125.1,4410
HISARMETAL,20200629,70.5,71.4,68.15,69.15,5964
HITECH,20200629,102,108,102,104.6,9983
HITECHCORP,20200629,82,82,76.5,77.2,2068
HITECHGEAR,20200629,126.9,126.9,117.55,117.55,4296
HLVLTD,20200629,5.7,5.7,5.35,5.4,154865
HMVL,20200629,50.5,52.65,50.2,50.9,82033
HNDFDS,20200629,565.55,616.05,565.55,613,114134
HNGSNGBEES,20200629,360,360,352,352,324
HONAUT,20200629,31101,31688.7,30500.25,30640.75,2610
HONDAPOWER,20200629,1014.95,1014.95,945,964.7,10253
HOTELRUGBY,20200629,1.75,1.75,1.7,1.75,52966
HOVS,20200629,43.55,44.25,43,43.75,860
HPL,20200629,35.7,35.7,34.05,34.2,62544
HSCL,20200629,48.4,48.95,47.15,47.4,768052
HSIL,20200629,50.95,54.55,50.35,54.05,1160357
HTMEDIA,20200629,14.15,14.15,12.6,13.05,290537
HUBTOWN,20200629,11,11,9.8,9.95,489195
HUDCO,20200629,33.45,33.45,31.65,33.45,18452304
IBMFNIFTY,20200629,120,124.99,116.1,119,555
IBREALEST,20200629,53,53.9,50.6,50.95,1268499
IBULHSGFIN,20200629,223.9,228.25,208.55,216.65,34077360
IBULISL,20200629,59.25,59.25,56.7,59.25,345549
IBVENTURES,20200629,116.3,116.3,105.3,116.05,8492000
ICICI500,20200629,138.94,138.94,136,137.97,17740
ICICIB22,20200629,25.92,26.36,25.45,25.49,226452
ICICIBANK,20200629,345.25,345.6,338.5,343.1,27385252
ICICIBANKN,20200629,220.9,220.9,209.5,212.11,12349
ICICIBANKP,20200629,117.62,120.5,114,117.14,42417
ICICIGI,20200629,1260,1270,1232.7,1239.9,750048
ICICIGOLD,20200629,43,43.95,43,43.37,209590
ICICILIQ,20200629,999.95,1000,999.95,999.99,17028
ICICILOVOL,20200629,87.5,87.5,84.13,86.53,93011
ICICIM150,20200629,59,59,56.55,56.56,2758
ICICIMCAP,20200629,58,58,55.33,55.33,2662
ICICINF100,20200629,121,121.25,112.25,113.03,16555
ICICINIFTY,20200629,108.5,109.35,108.11,109.08,226964
ICICINV20,20200629,53,54.2,51.05,52.12,5979
ICICINXT50,20200629,26,27.27,25.8,25.99,5056
ICICIPRULI,20200629,423.35,424.15,408.5,410.35,2637233
ICICISENSX,20200629,373.5,375,370,374.47,718
ICIL,20200629,38,39.1,37.1,37.25,106379
ICRA,20200629,2650,2699,2580,2606.7,1724
IDBI,20200629,41.45,42,38.55,42,22387064
IDBIGOLD,20200629,4550,4550,4412,4449.55,203
IDEA,20200629,10.6,11.25,10.1,11.1,994290916
IDFC,20200629,19.3,19.5,18.55,18.85,11884986
IDFCFIRSTB,20200629,26.8,26.85,25.55,25.95,37899112
IDFNIFTYET,20200629,106.1,106.1,106.1,106.1,30
IEX,20200629,189,189,181.75,183.1,499585
IFBAGRO,20200629,329.95,330,303.1,318.5,29536
IFBIND,20200629,425,457.2,415,441.7,871649
IFCI,20200629,8.35,8.4,7.6,7.7,14222863
IFGLEXPOR,20200629,130.6,130.7,121.65,127.9,1484
IGARASHI,20200629,284.95,287.95,278,279.2,58261
IGL,20200629,441.65,448,437,444.45,2705545
IGPL,20200629,145.5,149,142,143.1,13657
IIFL,20200629,78.9,78.9,74.05,74.45,988780
IIFLSEC,20200629,42.65,45,42.55,43.1,1627316
IIFLWAM,20200629,1040,1040,986.95,1000.25,13666
IITL,20200629,60.9,60.9,58.1,58.1,251
IMAGICAA,20200629,6.45,6.45,5.85,5.85,470615
IMFA,20200629,163.45,166.05,158.7,159.4,11655
IMPAL,20200629,515.05,515.05,506.05,507.9,2933
IMPEXFERRO,20200629,0.45,0.55,0.45,0.5,95283
INDBANK,20200629,7.6,7.9,7.25,7.45,133725
INDHOTEL,20200629,82,82.9,79,79.35,2003495
INDIACEM,20200629,125.5,126.45,123.55,124.55,2291994
INDIAGLYCO,20200629,274.85,277.85,268.1,269.7,184076
INDIAMART,20200629,2393,2398.85,2325.35,2367.75,20379
INDIANB,20200629,65.7,65.9,63.6,64.4,2133382
INDIANCARD,20200629,91,92.4,86.15,86.9,2605
INDIANHUME,20200629,166.55,167.2,161.95,164.8,52999
INDIGO,20200629,1026,1032.95,998.2,1009.1,1448006
INDLMETER,20200629,17,17,16.5,16.5,220
INDNIPPON,20200629,283.1,287.05,274.4,277.45,15159
INDOCO,20200629,209.1,213.8,207.8,209.2,85545
INDORAMA,20200629,17.95,17.95,16.3,17.5,62386
INDOSTAR,20200629,285,285,255.05,260.05,30576
INDOTECH,20200629,101.65,102,97.2,99.95,4712
INDOTHAI,20200629,19.9,19.9,18.4,18.85,7913
INDOWIND,20200629,3.7,3.7,3.4,3.7,104543
INDRAMEDCO,20200629,57.5,57.5,53.45,54.35,480296
INDSWFTLAB,20200629,34,34.65,32.05,32.55,33177
INDSWFTLTD,20200629,3.15,3.15,3,3.1,70787
INDTERRAIN,20200629,33,33,30.5,30.8,314458
INDUSINDBK,20200629,482,487,472.5,480,19599121
INEOSSTYRO,20200629,721.6,735,704.65,729.75,14563
INFIBEAM,20200629,64.05,64.9,62.45,62.45,452203
INFOBEAN,20200629,99.9,103.5,99.8,101.6,48503
INFOMEDIA,20200629,4,4.4,4,4.4,33354
INFRABEES,20200629,328.7,328.7,306,312.98,301
INFRATEL,20200629,222,225,211,219.25,12753382
INFY,20200629,735.4,744.7,730.1,731.75,8954490
INGERRAND,20200629,637.05,639.1,637.05,638.5,18397
INOXLEISUR,20200629,240.1,242.8,235.05,238.45,245834
INOXWIND,20200629,39.05,40.5,38.8,39.3,352434
INSECTICID,20200629,477,485.6,466.1,468.05,98108
INSPIRISYS,20200629,23.35,24.75,22.8,23.1,10895
INTEGRA,20200629,0.5,0.5,0.5,0.5,25
INTELLECT,20200629,112.7,114.65,110.5,111.75,312241
INTENTECH,20200629,25.5,26.1,23.65,24.9,12101
INVENTURE,20200629,14,14.25,13.75,14,4411
IOB,20200629,13.75,13.75,12.5,12.8,52333316
IOC,20200629,89.5,90.7,86.5,87.1,21451435
IOLCP,20200629,455,468,442,451.35,1158865
IPCALAB,20200629,1708.5,1709,1645,1682.2,269455
IRB,20200629,90.1,92.95,89.15,91.2,3819752
IRCON,20200629,90.65,91,88.3,89.2,431942
IRCTC,20200629,1370,1370,1350.05,1355.85,716802
ISEC,20200629,466.2,483.9,466.05,471.35,157050
ISFT,20200629,51.5,51.55,46.7,50.75,9193
ISMTLTD,20200629,5.1,5.1,4.7,4.7,116624
ITC,20200629,202.5,203,196.2,197.25,91504651
ITDC,20200629,215.15,218.5,209.75,210.7,29102
ITDCEM,20200629,52.5,53.8,51.5,51.9,460137
ITI,20200629,107.6,109.55,106.05,106.85,1808287
IVC,20200629,3.4,3.6,3.35,3.4,132813
IVP,20200629,38.75,40.3,36.5,37.8,750
IVZINGOLD,20200629,4500,4500,4410,4412.1,42
IVZINNIFTY,20200629,1106.3,1106.3,1100.4,1100.4,34
IZMO,20200629,22.25,22.25,20.75,21.4,16716
J&KBANK,20200629,19.55,19.7,18.8,19.05,6229833
JAGRAN,20200629,41.5,41.6,39.4,39.75,1243075
JAGSNPHARM,20200629,45.25,45.25,40.95,40.95,159069
JAIBALAJI,20200629,22.25,24.15,22.25,23,13011
JAICORPLTD,20200629,89,89.5,84.5,85.1,1550101
JAINSTUDIO,20200629,2.3,2.3,2.3,2.3,1060
JAMNAAUTO,20200629,33.95,34.55,33,33.55,2709631
JASH,20200629,166.95,166.95,161.05,166.95,24176
JAYAGROGN,20200629,100.7,103.4,98.9,101.8,26896
JAYBARMARU,20200629,202.1,210,197.75,199.65,25212
JAYNECOIND,20200629,3.9,3.9,3.75,3.9,47594
JAYSREETEA,20200629,47,47,44.15,45.15,24132
JBCHEPHARM,20200629,668,705,668,702.7,292346
JBFIND,20200629,12,13.2,12,12,70962
JBMA,20200629,224.3,226,215,218.6,28618
JCHAC,20200629,2325.45,2345,2294.85,2317.05,5848
JHS,20200629,18.25,18.25,18.25,18.25,66212
JIKIND,20200629,0.85,0.85,0.85,0.85,3338
JINDALPHOT,20200629,16.8,17.15,16,16,5849
JINDALPOLY,20200629,385.85,390.85,373.05,379,96966
JINDALSAW,20200629,58.9,59.35,57.05,58.3,2411583
JINDALSTEL,20200629,152,158.05,148.75,153.05,15681531
JINDRILL,20200629,77.9,77.9,71.05,72.15,7886
JINDWORLD,20200629,45.25,46.75,42.65,46.7,53998
JISLDVREQS,20200629,12.3,12.3,12,12.3,149431
JISLJALEQS,20200629,12.1,12.1,11.75,12.1,4617559
JITFINFRA,20200629,7.7,7.7,7.7,7.7,10558
JIYAECO,20200629,11.05,11.8,11.05,11.3,174975
JKCEMENT,20200629,1378,1384,1335,1362.25,21441
JKIL,20200629,97,97.55,93,93.35,122364
JKLAKSHMI,20200629,257.3,257.3,248.05,249.8,110309
JKPAPER,20200629,100.95,106.6,98.7,104.2,7692230
JKTYRE,20200629,65.4,65.4,63.25,63.9,680096
JMA,20200629,22.9,22.95,21.25,22.15,10808
JMCPROJECT,20200629,54.35,54.35,50.5,51.3,168979
JMFINANCIL,20200629,72.9,72.9,70.2,71,874197
JMTAUTOLTD,20200629,6,6,6,6,187010
JOCIL,20200629,158,162,147.05,153.9,38067
JPASSOCIAT,20200629,2.5,2.5,2.5,2.5,952398
JPINFRATEC,20200629,1.8,1.8,1.8,1.8,257238
JPOLYINVST,20200629,22.4,22.4,20.35,20.35,4012
JPPOWER,20200629,1.9,1.9,1.9,1.9,647431
JSL,20200629,37.5,40.1,36.4,39.75,1167935
JSLHISAR,20200629,65.1,68,59.45,66.7,495069
JSWENERGY,20200629,48,48.95,46.55,47.85,1252640
JSWHL,20200629,2024,2024,1910.2,1971.55,824
JSWSTEEL,20200629,192.5,192.95,185.65,190.7,7560301
JTEKTINDIA,20200629,67.9,68.4,64.7,65.8,321352
JUBILANT,20200629,660.7,660.7,645,649.55,117482
JUBLFOOD,20200629,1759.85,1767.95,1741.2,1749.1,375945
JUBLINDS,20200629,107,111,104,106.5,13624
JUMPNET,20200629,61.4,62.5,58.5,60,547667
JUNIORBEES,20200629,270,274.75,264.5,269.3,37112
JUSTDIAL,20200629,394,412.3,391.05,406.35,6125290
JYOTHYLAB,20200629,123.45,124,118.6,119.55,570402
KABRAEXTRU,20200629,55,56.2,52.6,53.65,14224
KAJARIACER,20200629,391,397.3,385.6,391.4,162853
KAKATCEM,20200629,145.2,145.2,138.2,140.7,20343
KALPATPOWR,20200629,221,222.8,212.8,213.35,463727
KALYANIFRG,20200629,138.1,140.95,131.2,139,407
KAMATHOTEL,20200629,28.25,29.6,27.5,28.25,376816
KAMDHENU,20200629,77,77.85,71.5,74.55,20292
KANANIIND,20200629,3.7,3.7,3.5,3.7,2062
KANORICHEM,20200629,35,35.35,33.55,34.1,17065
KANSAINER,20200629,452,454.4,426.8,442.35,270518
KAPSTON,20200629,100,100,91.25,92.5,669
KARDA,20200629,265.65,265.65,253,265.5,36464
KARMAENG,20200629,11.7,11.85,11.7,11.85,4842
KARURVYSYA,20200629,36.5,36.5,34.45,34.75,4899564
KAUSHALYA,20200629,0.65,0.7,0.65,0.7,25675
KAYA,20200629,233,233,222.7,222.95,31443
KCP,20200629,50.1,50.45,47.95,48.95,392900
KCPSUGIND,20200629,14.8,15.2,14.65,14.9,134950
KDDL,20200629,165.7,172.95,160.95,161.2,748
KEC,20200629,260,272.75,254.6,267.3,590342
KECL,20200629,13.45,13.45,13.45,13.45,39154
KEI,20200629,350,350,337.1,347.4,119526
KELLTONTEC,20200629,16.3,16.3,15.25,15.95,102742
KENNAMET,20200629,774,774,759.15,763.45,624
KERNEX,20200629,16.85,18.25,16.85,18.2,1077
KESORAMIND,20200629,33.75,34.9,33.2,33.55,115306
KEYFINSERV,20200629,40.65,40.65,37.05,37.05,878
KHADIM,20200629,121.95,121.95,115.9,117.7,33385
KHANDSE,20200629,10.05,10.75,10,10.75,4079
KICL,20200629,1340,1340,1250,1285.6,723
KILITCH,20200629,101.55,101.6,97.1,99.35,7963
KINGFA,20200629,371.1,385.95,370,372.6,7171
KIOCL,20200629,117,117,109.25,109.95,11811
KIRIINDUS,20200629,429.8,436.45,402.05,426.6,117703
KIRLFER,20200629,69.05,71.5,68.9,69.35,11852
KIRLOSBROS,20200629,119.05,120.95,115.35,115.8,36785
KIRLOSENG,20200629,109.8,110,106,108.85,29604
KIRLOSIND,20200629,680,719.8,655.35,662.05,2705
KITEX,20200629,114.45,114.45,111.3,112.5,47982
KKCL,20200629,745,754.05,735.05,742.35,661
KMSUGAR,20200629,9.3,9.45,9,9.15,293823
KNRCON,20200629,219.6,219.6,202.55,209.4,382433
KOKUYOCMLN,20200629,59.6,59.6,56.75,57,148580
KOLTEPATIL,20200629,165.95,165.95,158.65,159.9,36406
KOPRAN,20200629,35.9,37.15,35.35,35.65,67003
KOTAKBANK,20200629,1336.1,1366.9,1313,1355.65,3819683
KOTAKBKETF,20200629,215.68,216.98,212.92,216.24,39960
KOTAKGOLD,20200629,426.9,450.2,425.9,426.75,40532
KOTAKNIFTY,20200629,107.04,107.4,105.79,106.67,128909
KOTAKNV20,20200629,53,53,52.2,52.52,2773
KOTAKPSUBK,20200629,148,148,142.5,144.01,24099
KOTARISUG,20200629,14.85,14.85,14.25,14.5,102896
KOTHARIPET,20200629,19.5,19.5,17.7,17.7,95811
KOTHARIPRO,20200629,64,68.2,64,65.6,4029
KPITTECH,20200629,61.5,63.8,60.25,62.15,2044031
KPRMILL,20200629,495,495,467.7,475.4,16459
KRBL,20200629,252.7,253.45,243.3,250.2,357321
KREBSBIO,20200629,79.8,79.8,74.7,76.75,4700
KRIDHANINF,20200629,5.55,5.55,5.55,5.55,106017
KRISHANA,20200629,51,51,51,51,1
KSB,20200629,472,476.95,460,465.8,13338
KSCL,20200629,563.55,585,555.55,574.55,409652
KSERASERA,20200629,0.35,0.4,0.35,0.4,32239006
KSK,20200629,0.8,0.8,0.75,0.8,2755009
KSL,20200629,211,211,175,200.75,93457
KTKBANK,20200629,43,43,42.05,42.15,1283168
KUANTUM,20200629,432.05,465,432,451.25,3148
KWALITY,20200629,4.7,4.7,4.7,4.7,247267
L&TFH,20200629,68.25,68.8,66.2,66.95,9761415
LAKSHVILAS,20200629,24.6,24.6,22.3,24.25,14206732
LALPATHLAB,20200629,1543,1579.7,1543,1568.6,62851
LAMBODHARA,20200629,30.25,31.9,28,28.95,15649
LAOPALA,20200629,182.05,205,181,192,352651
LASA,20200629,45.15,45.15,45.15,45.15,13770
LAURUSLABS,20200629,530,535,505.1,517.5,14689206
LAXMIMACH,20200629,2949,3020,2890.1,2936.1,18202
LEMONTREE,20200629,24.95,25.05,23.3,23.35,2935165
LFIC,20200629,43.9,43.9,42.2,42.35,302
LGBBROSLTD,20200629,218.6,225.85,218.6,222.9,14751
LGBFORGE,20200629,3.25,3.3,3,3.1,291976
LIBAS,20200629,49.5,50,49,50,1886
LIBERTSHOE,20200629,126.05,127.4,122.8,123.65,46316
LICHSGFIN,20200629,269.65,271.35,259.7,264.55,5039935
LICNETFGSC,20200629,20.4,21.55,20.4,21.11,78795
LICNETFN50,20200629,115,115,105.62,109,1195
LICNETFSEN,20200629,409.04,409.04,408.99,408.99,3
LICNFNHGP,20200629,111.9,111.9,108.11,110.53,46
LINCOLN,20200629,171.45,171.45,161.05,163.65,56887
LINCPEN,20200629,161.9,171.95,155.05,167.25,10861
LINDEINDIA,20200629,583.05,624,580,607.85,155091
LIQUIDBEES,20200629,1000,1000.01,999.36,999.99,869066
LIQUIDETF,20200629,1000.04,1000.04,999.99,999.99,34594
LOKESHMACH,20200629,23.15,23.2,21.25,22.85,76214
LOTUSEYE,20200629,32.1,32.95,31.6,32,12134
LOVABLE,20200629,58.1,58.3,56.9,57.15,27342
LPDC,20200629,1.5,1.55,1.5,1.55,18865
LSIL,20200629,1.35,1.35,1.35,1.35,1744523
LT,20200629,950,956.1,930,936.6,4575981
LTI,20200629,1925,1945,1890.15,1936.45,61906
LTTS,20200629,1297,1318,1275,1296.85,90756
LUMAXIND,20200629,1070,1095.85,1040.05,1071.05,4884
LUMAXTECH,20200629,85,93,83,85.25,313778
LUPIN,20200629,926.75,935.95,919,924.6,1254936
LUXIND,20200629,1141,1158.05,1125,1146.6,35866
LYKALABS,20200629,22.5,22.7,21,21.35,58583
LYPSAGEMS,20200629,4.1,4.1,3.8,3.8,64735
M&M,20200629,494.1,510.95,493.05,507.45,4459962
M&MFIN,20200629,176.45,176.8,166.6,168.8,12092648
M100,20200629,15.89,15.89,15.13,15.29,66438
M50,20200629,99.53,101.19,99.53,101.19,438
MAANALU,20200629,56.75,59.7,54.5,54.85,13989
MADHAV,20200629,26.6,26.6,24.35,24.95,2250
MADHUCON,20200629,2.9,2.95,2.8,2.8,15584
MADRASFERT,20200629,19.8,20.4,19.15,20,314652
MAGADSUGAR,20200629,138.85,138.85,131,134.85,28411
MAGMA,20200629,31.3,31.3,28.4,28.5,6646827
MAGNUM,20200629,4.3,4.3,4.3,4.3,14732
MAHABANK,20200629,11.45,11.45,11.1,11.2,2992024
MAHAPEXLTD,20200629,79,84.45,78,81.05,3024
MAHASTEEL,20200629,80,80,76.2,77.9,6438
MAHEPC,20200629,140.65,143.25,138.1,140.9,64671
MAHESHWARI,20200629,177.8,178,172.05,175.55,29460
MAHINDCIE,20200629,119,122,116.05,122,704311
MAHLIFE,20200629,211.6,217.95,209.2,212.2,58228
MAHLOG,20200629,285,286.55,274.95,277.2,35060
MAHSCOOTER,20200629,2600,2600,2501,2551.15,20626
MAHSEAMLES,20200629,226,229,220.2,224.35,72654
MAITHANALL,20200629,422.2,504.4,422.2,487.35,312060
MAJESCO,20200629,362.05,374.95,353.95,363.35,17484
MALUPAPER,20200629,32.7,36,32.1,34.5,502849
MAN50ETF,20200629,105,105,103.8,104.4,750
MANAKALUCO,20200629,9.35,9.35,9.2,9.35,70966
MANAKCOAT,20200629,5.6,5.6,5.6,5.6,6864
MANAKSIA,20200629,37,40.5,37,38.45,19383
MANAKSTEEL,20200629,11,11,10.65,10.95,10785
MANALIPETC,20200629,19.85,19.85,18.7,18.9,185348
MANAPPURAM,20200629,154.95,156.9,151.5,152.75,9123044
MANGALAM,20200629,72,74,69.15,70.45,35139
MANGCHEFER,20200629,39.65,39.75,37.25,37.6,538830
MANGLMCEM,20200629,188,190.9,186,189.5,23319
MANGTIMBER,20200629,8.45,8.85,8.15,8.45,3807
MANINDS,20200629,48.35,48.85,45.2,46.05,140112
MANINFRA,20200629,20.15,20.35,19.55,19.8,91498
MANUGRAPH,20200629,10.3,10.35,9.5,10.35,18125
MANXT50,20200629,264,274,257.8,258.18,614
MARALOVER,20200629,14.55,14.55,13.85,13.9,9834
MARATHON,20200629,55.8,55.8,53.2,54.15,7215
MARICO,20200629,347.5,350,344.5,346,2896065
MARKSANS,20200629,35,35.15,33.55,33.55,3093832
MARUTI,20200629,5730,5800,5650,5678.7,1102655
MASFIN,20200629,669.6,670.8,645,665.95,14736
MASKINVEST,20200629,31.55,31.55,31.55,31.55,86
MASTEK,20200629,392.4,416,385,398.3,336062
MATRIMONY,20200629,374.1,382.9,366,376.75,4813
MAWANASUG,20200629,31.15,32.9,31.15,31.15,70160
MAXVIL,20200629,34.5,36.6,34.15,35.85,95015
MAYURUNIQ,20200629,180.8,180.8,164.95,171.55,30765
MAZDA,20200629,296.55,300,292.2,295.65,7672
MBAPL,20200629,63,63,61.8,63,257
MBECL,20200629,5.9,6,5.55,6,39573
MBLINFRA,20200629,7.1,7.1,6.65,6.65,79341
MCDHOLDING,20200629,25.55,28.4,24.3,25.35,84802
MCDOWELL-N,20200629,589,594.85,581.05,584.05,1978730
MCLEODRUSS,20200629,8.2,8.2,8.2,8.2,64543
MCX,20200629,1241.9,1269.95,1225.25,1258.05,197142
MEGASOFT,20200629,8.25,8.25,8.25,8.25,56509
MEGH,20200629,51.55,52.2,50.55,50.9,866568
MENONBE,20200629,42.95,45,40.1,40.65,824191
MEP,20200629,20,20.1,19.3,19.9,129092
MERCATOR,20200629,1.45,1.45,1.35,1.45,7399478
METALFORGE,20200629,5.3,5.75,5.3,5.75,12798
METROPOLIS,20200629,1418.7,1418.7,1346,1358.9,265571
MFSL,20200629,515.55,522.25,496.3,516.3,954941
MGL,20200629,1080,1087,1039,1043.65,696422
MHRIL,20200629,177,177,168.05,169.8,30298
MIC,20200629,1.15,1.15,1.1,1.1,43400
MIDHANI,20200629,214.55,215,204.1,205.8,888088
MINDACORP,20200629,72.5,74,70.35,72.95,1024626
MINDAIND,20200629,282.8,286.95,278,286.05,104412
MINDTECK,20200629,27.6,27.6,27,27.5,61907
MINDTREE,20200629,950,969.25,927.45,930.7,1073829
MIRCELECTR,20200629,8.85,8.9,8.1,8.85,1102986
MIRZAINT,20200629,45.4,45.4,43,43.6,221876
MITTAL,20200629,137.2,137.2,137.2,137.2,1271
MMFL,20200629,193.2,193.2,183.05,185.1,26540
MMP,20200629,80.4,89.25,75.3,87.15,26764
MMTC,20200629,16.9,17.1,16.65,16.8,615206
MODIRUBBER,20200629,29.25,31.85,29.25,31.85,466
MOHITIND,20200629,3.65,3.8,3.65,3.8,306
MOHOTAIND,20200629,15.5,15.5,14.1,15.1,17799
MOIL,20200629,148.6,148.6,140.8,142.95,344046
MOLDTECH,20200629,38.9,38.9,36.15,37.3,16337
MOLDTKPAC,20200629,214.6,214.6,200,201.1,38313
MONTECARLO,20200629,166.45,170.05,162.65,164.3,58953
MORARJEE,20200629,12.85,13.35,12.85,12.95,5476
MOREPENLAB,20200629,25,25.3,24.25,24.25,1529315
MOTHERSUMI,20200629,95.5,96.1,92.65,95.3,9875664
MOTILALOFS,20200629,605,605,570.1,580.95,135489
MOTOGENFIN,20200629,22.45,22.45,21.65,21.8,12150
MPHASIS,20200629,902,920,887.45,906.45,193703
MPSLTD,20200629,278,294.5,272.7,292.6,9484
MRF,20200629,66400,66800.8,64830.05,65196.9,19330
MRO-TEK,20200629,24.75,26,24.7,24.7,4368
MRPL,20200629,39.15,39.65,37.7,38.2,1292924
MSPL,20200629,7.5,7.85,7.15,7.85,40146
MSTCLTD,20200629,129,132.75,126,129.15,126655
MTEDUCARE,20200629,18,18,16.3,16.3,395238
MTNL,20200629,9.4,9.45,9,9.15,806205
MUKANDENGG,20200629,9.9,9.9,9.45,9.45,600
MUKANDLTD,20200629,23.7,24.85,23.65,23.65,26066
MUKTAARTS,20200629,25.9,25.95,23.55,24.75,17264
MUNJALAU,20200629,52,52.9,49.6,50.25,292595
MUNJALSHOW,20200629,98.55,101.9,97.25,97.55,24918
MURUDCERA,20200629,17.2,17.45,16.75,17.1,129802
MUTHOOTCAP,20200629,384,384,370,374.9,13770
MUTHOOTFIN,20200629,1088,1112,1071,1085.05,2254277
N100,20200629,747,747,727.55,731.08,31976
NACLIND,20200629,38.95,39.9,37.3,38.75,189153
NAGAFERT,20200629,6.2,6.25,5.8,5.9,188718
NAGREEKEXP,20200629,14,14.8,13.1,14.4,16024
NAHARCAP,20200629,70.9,70.9,64.5,66.05,8111
NAHARINDUS,20200629,26.35,28.9,25.95,27,11143
NAHARPOLY,20200629,68.55,73.95,68.3,68.3,32803
NAHARSPING,20200629,37,37,35,35.35,17537
NAM-INDIA,20200629,310.9,312.7,300.1,309.95,1653171
NATCOPHARM,20200629,627.1,631.95,620.05,625.2,160662
NATHBIOGEN,20200629,332.65,344.9,320.6,324.2,9174
NATIONALUM,20200629,33.6,33.65,31.35,31.9,21438668
NATNLSTEEL,20200629,3.95,3.95,3.95,3.95,1231
NAUKRI,20200629,2736.75,2779.15,2736.75,2764.35,279737
NAVINFLUOR,20200629,1591,1599.9,1555.4,1590.3,79392
NAVKARCORP,20200629,27.85,28.3,27.1,27.8,174736
NAVNETEDUL,20200629,79.5,79.95,77.25,78.65,84907
NBCC,20200629,23.8,23.95,23.15,23.4,6053367
NBIFIN,20200629,1537.1,1580,1440.05,1513.35,737
NBVENTURES,20200629,59.5,60,52.65,53.2,2720281
NCC,20200629,31,31.25,29.7,29.9,16972161
NCLIND,20200629,75,75.65,72.5,73.05,151841
NDGL,20200629,514,526,513.05,514.6,125
NDL,20200629,20.8,21.2,19.5,19.85,24535
NDTV,20200629,38.65,39.2,36,38.6,35583
NECCLTD,20200629,11.45,11.8,11.3,11.8,193003
NECLIFE,20200629,23.05,23.25,21.75,22.25,759803
NELCAST,20200629,45.3,45.45,42.2,42.85,235068
NELCO,20200629,194.95,196.85,191.8,194.15,34478
NEOGEN,20200629,494.9,494.9,476,480.9,11866
NESCO,20200629,440,440.1,423.8,429.85,66898
NESTLEIND,20200629,16740,16980.6,16540,16724.85,169646
NETF,20200629,102.44,109.5,102,105.07,2939
NETFCONSUM,20200629,51.48,51.6,50.5,51.19,911
NETFDIVOPP,20200629,26.39,26.39,26.01,26.07,86
NETFLTGILT,20200629,21.8,21.8,20.1,21.77,50328
NETFMID150,20200629,57.75,57.75,56.03,56.63,127054
NETFNIF100,20200629,113.22,114.8,108,112.83,699
NETFNV20,20200629,53,53.54,52.67,53.29,3985
NETWORK18,20200629,40.3,42.75,38.95,42.25,5787063
NEULANDLAB,20200629,550,557,535,546.55,67113
NEWGEN,20200629,149.95,150.9,145.8,148.35,36200
NEXTMEDIA,20200629,7.25,7.55,7.25,7.55,11207
NFL,20200629,30.8,34.05,30.5,32.55,5759662
NH,20200629,276.5,276.5,264,264.55,213448
NHPC,20200629,20.45,20.7,20.15,20.2,5163330
NIACL,20200629,113.75,115,112.85,113.8,267370
NIBL,20200629,8.65,8.65,8.65,8.65,707
NIFTYBEES,20200629,110.24,111.1,108.72,109.74,1969391
NIITLTD,20200629,94.65,95.85,93.5,94.25,531151
NIITTECH,20200629,1469.5,1469.5,1408,1417.7,624987
NILAINFRA,20200629,4.8,4.9,4.65,4.85,251536
NILASPACES,20200629,1.4,1.4,1.4,1.4,79311
NILKAMAL,20200629,1174,1194.9,1157.1,1163.8,23723
NIPPOBATRY,20200629,603,609,519.95,534.2,15038
NITCO,20200629,18.4,19,18.2,19,133108
NITINSPIN,20200629,46.15,46.15,42.3,43.2,96135
NKIND,20200629,28.15,28.2,25.6,28.1,5153
NLCINDIA,20200629,46.4,46.9,45.55,46.75,922965
NMDC,20200629,83.75,84.1,79.6,81,7990384
NOCIL,20200629,86.4,88,85.5,85.95,1130709
NOIDATOLL,20200629,3.9,4,3.8,3.85,99991
NPBET,20200629,118.95,118.95,116,116,275
NRAIL,20200629,213.95,238.8,204.4,223.35,79463
NRBBEARING,20200629,84.25,84.25,78.55,79,502869
NSIL,20200629,622.95,644,622.95,637.2,100
NTL,20200629,0.8,0.8,0.8,0.8,21776
NTPC,20200629,97.65,98.05,94.45,94.9,18135588
NUCLEUS,20200629,268.8,279.8,264,273.55,283447
NXTDIGITAL,20200629,397.2,401.65,396,397.9,1418
OAL,20200629,182,185.25,170.85,172.1,12830
OBEROIRLTY,20200629,373.8,391,360.1,361.8,241874
OCCL,20200629,716.5,783.95,701.15,763.3,51421
OFSS,20200629,2727.95,2894.95,2706.7,2851,80497
OIL,20200629,96.4,97.8,93.5,95.65,2706602
OILCOUNTUB,20200629,5.15,5.4,5,5.25,27512
OISL,20200629,3.9,3.9,3.9,3.9,67264
OLECTRA,20200629,74.95,76.4,73.1,76.4,329540
OMAXAUTO,20200629,32.05,32.6,30.5,31.45,19768
OMAXE,20200629,220.65,222.1,176.4,176.4,4989155
OMKARCHEM,20200629,5.35,5.35,5.35,5.35,10180
OMMETALS,20200629,16.45,16.5,15.55,15.9,58706
ONELIFECAP,20200629,6.45,6.65,6.15,6.4,3238
ONEPOINT,20200629,13.25,13.45,12.35,13.1,19168
ONGC,20200629,83.95,84.1,81.6,82.4,14299404
ONMOBILE,20200629,29.15,30.5,29,29.1,60384
ONWARDTEC,20200629,58,64.25,58,64.25,139800
OPTIEMUS,20200629,25.15,25.15,23.3,23.3,7902
OPTOCIRCUI,20200629,16.2,16.2,16.2,16.2,405631
ORBTEXP,20200629,62,62,58.55,59.05,15950
ORICONENT,20200629,17.95,18.4,17.35,17.75,218493
ORIENTABRA,20200629,17.05,17.9,16.75,16.85,52134
ORIENTALTL,20200629,14.85,15.1,14.85,15.05,293342
ORIENTBELL,20200629,87.65,88,81.3,82,50598
ORIENTCEM,20200629,75.5,75.5,70.5,71.25,439214
ORIENTELEC,20200629,198,210.3,196.15,201.6,1295296
ORIENTHOT,20200629,20,20.5,19.8,19.95,27166
ORIENTLTD,20200629,86.25,86.25,79.55,79.65,388
ORIENTPPR,20200629,21,22.45,19.1,21.1,4730149
ORIENTREF,20200629,173.1,179.75,171,176.5,49303
ORISSAMINE,20200629,1648.4,1683.7,1595.15,1605.2,13459
ORTINLABSS,20200629,15.8,15.8,15.1,15.1,36939
OSWALAGRO,20200629,16.1,16.15,14.65,14.65,795182
PAEL,20200629,2.2,2.2,2.2,2.2,1010
PAGEIND,20200629,20129.05,20248.9,19844,20105.5,22639
PAISALO,20200629,225,225,207.1,210.9,1307
PALASHSECU,20200629,24.55,26.9,24.55,26.9,611
PALREDTEC,20200629,17.6,17.6,16,17.6,3342
PANACEABIO,20200629,204,210,203,206.35,181248
PANACHE,20200629,40,43.95,40,40.85,2020
PANAMAPET,20200629,46.5,46.5,41.25,42.5,25292
PAPERPROD,20200629,205.5,215.4,201.9,209.35,163563
PARACABLES,20200629,8,8.3,7.65,7.95,91541
PARAGMILK,20200629,107.1,107.65,102,104.3,309039
PARSVNATH,20200629,3.3,3.3,3.15,3.3,230772
PATELENG,20200629,15,15,13.7,14.25,887775
PATINTLOG,20200629,21.95,21.95,20.5,20.85,15221
PATSPINLTD,20200629,6.35,6.35,6.35,6.35,4787
PCJEWELLER,20200629,17.1,17.5,16.9,17.3,2254032
PDMJEPAPER,20200629,15.5,16.9,15.05,16.9,597339
PDSMFL,20200629,281.55,281.55,278,278,125
PEARLPOLY,20200629,17.4,17.4,14.65,15.55,8306
PEL,20200629,1345.9,1399.6,1302.9,1387,5524770
PENIND,20200629,19.1,19.65,18.6,18.8,224918
PENINLAND,20200629,4.65,4.75,4.35,4.35,260176
PERSISTENT,20200629,634.9,636.2,622.5,631.9,51488
PETRONET,20200629,266,267.95,261.75,262.75,2016257
PFC,20200629,89.8,89.85,86.65,87.15,3635612
PFIZER,20200629,4100,4139.25,4016,4034.85,40707
PFOCUS,20200629,26.9,27.8,24,26.1,51878
PFS,20200629,13,13.5,12.95,13.1,1359624
PGEL,20200629,47.05,48.4,43.55,44.2,32906
PGHH,20200629,10168,10200,9999,10175.1,2474
PGHL,20200629,4145,4148,4021.05,4043.15,36206
PGIL,20200629,107.5,107.5,103.5,105,8948
PHILIPCARB,20200629,95.45,95.85,91.5,92.9,674339
PHOENIXLTD,20200629,606,610,580,585.05,31255
PIDILITIND,20200629,1386.15,1400,1381.15,1384.9,381374
PIIND,20200629,1555,1555.1,1520.5,1524.75,74892
PILANIINVS,20200629,1419.95,1419.95,1325.6,1388.7,914
PILITA,20200629,6.5,6.7,6.05,6.45,499907
PIONDIST,20200629,113.6,115.9,112.4,114.65,9463
PIONEEREMB,20200629,26,27.6,25.55,26.95,106044
PITTIENG,20200629,30,31.75,29,29.95,24946
PKTEA,20200629,100,103.65,95,95,282
PLASTIBLEN,20200629,169,186.8,169,176.3,46242
PNB,20200629,36.2,36.4,35.15,35.35,29070144
PNBGILTS,20200629,37,37.45,36.3,36.75,317111
PNBHOUSING,20200629,221.2,221.95,211.7,212.5,415807
PNC,20200629,15.8,15.8,14.7,14.85,2723
PNCINFRA,20200629,142,144.85,140,142.05,335605
PODDARHOUS,20200629,202.1,209.4,197.4,205,176
PODDARMENT,20200629,157.05,158.55,154,154.35,2129
POKARNA,20200629,108.5,119.3,108.5,115,155392
POLYCAB,20200629,772.8,790.9,762.35,769.45,234833
POLYMED,20200629,301,302.7,288.2,291.6,67402
POLYPLEX,20200629,474,489,470.05,482.55,83220
PONNIERODE,20200629,155,155.1,150.8,152.3,4638
POWERGRID,20200629,178,180.3,177.15,178.25,4245301
POWERINDIA,20200629,837.3,844.85,837.3,841,11869
POWERMECH,20200629,480.4,480.4,435,468.35,81699
PPAP,20200629,172.05,174.2,167.25,168.05,48467
PPL,20200629,56.05,56.45,56.05,56.1,112287
PRABHAT,20200629,70.6,70.6,69.3,70.1,19065
PRADIP,20200629,0.8,0.8,0.8,0.8,3250
PRAENG,20200629,7.2,7.2,6.95,7.1,11500
PRAJIND,20200629,64.7,65,62.8,63.3,1068009
PRAKASH,20200629,35,35.85,35,35.15,359321
PRAKASHSTL,20200629,1.9,1.9,1.9,1.9,702690
PRAXIS,20200629,37.95,37.95,34.35,36.05,91392
PRECAM,20200629,28.05,28.8,27.1,28.4,216302
PRECOT,20200629,23.2,26.8,23.2,24.25,3806
PRECWIRE,20200629,104.6,104.6,99.45,100.85,29609
PREMEXPLN,20200629,121.05,121.05,109.55,109.85,46974
PREMIERPOL,20200629,27,27,24,25.85,29680
PRESSMN,20200629,20.55,21.8,20.05,20.3,67966
PRESTIGE,20200629,224.5,227,213.35,214.6,365695
PRICOLLTD,20200629,40,42,39,39.45,57307
PRIMESECU,20200629,47.6,48,46.25,46.7,16531
PRINCEPIPE,20200629,116.8,116.8,110.5,113.3,278403
PROSEED,20200629,0.4,0.45,0.4,0.45,61398
PROZONINTU,20200629,21.4,21.55,20,20.3,221460
PRSMJOHNSN,20200629,47.65,47.9,46.3,46.85,97150
PSB,20200629,16.4,16.8,16.3,16.3,514433
PSL,20200629,0.6,0.65,0.6,0.65,62110
PSPPROJECT,20200629,392.7,406.1,384.95,393.95,36120
PSUBNKBEES,20200629,16.68,16.82,16,16.02,289233
PTC,20200629,48.95,49.65,48.2,48.95,5035065
PTL,20200629,34,34.5,33.55,34.05,11489
PUNJABCHEM,20200629,503.95,510,475.05,482.25,3651
PURVA,20200629,41.5,42.8,39.75,40.25,130453
PVR,20200629,1015,1036,996.1,1023.85,1685703
QGOLDHALF,20200629,2110,2129.95,2110,2111,2552
QNIFTY,20200629,1060,1060,1054,1054,7
QUESS,20200629,396.25,396.25,377.8,385,1082186
QUICKHEAL,20200629,118.1,121.4,115.75,116.45,331089
RADAAN,20200629,1.1,1.1,1.05,1.05,8881
RADICO,20200629,380.6,380.6,361.25,363.05,331101
RADIOCITY,20200629,17.35,17.9,16.75,17.25,1399709
RAIN,20200629,79.7,79.7,75.6,77.95,1063616
RAJESHEXPO,20200629,477.5,485.5,475,483.95,93513
RAJRATAN,20200629,215,219.3,210,213.65,3114
RAJSREESUG,20200629,16.05,16.35,15.55,16.1,17469
RAJTV,20200629,36.3,36.3,35,35.6,793
RALLIS,20200629,265,266.95,255,259.35,442917
RAMANEWS,20200629,15,16.4,14.55,16.15,143175
RAMASTEEL,20200629,33.9,35.35,33,34.75,3319
RAMCOCEM,20200629,643.7,643.7,622,635.4,380189
RAMCOIND,20200629,157,157,151.65,154.05,32380
RAMCOSYS,20200629,120,120.85,114.9,114.9,206069
RAMKY,20200629,35.6,36.1,34.5,35.5,48064
RANASUG,20200629,4.4,4.4,4.15,4.15,169323
RANEENGINE,20200629,217.15,217.15,207.05,208.15,1885
RANEHOLDIN,20200629,460,460,432.2,434,14558
RATNAMANI,20200629,1060,1060,1025.1,1042.3,12224
RAYMOND,20200629,292,292.75,282.7,287,534520
RBL,20200629,559,563.75,535,540.4,9946
RBLBANK,20200629,186,187.95,177.3,179.65,32072453
RCF,20200629,46.5,49,46.3,47.2,4370852
RCOM,20200629,1.5,1.5,1.5,1.5,1905400
RECLTD,20200629,112.65,112.85,108,109.7,7217990
REDINGTON,20200629,90,90,86.05,86.85,610693
REFEX,20200629,61.85,61.85,61.85,61.85,87323
RELAXO,20200629,636,638,625.25,631.75,265417
RELCAPITAL,20200629,11.9,11.9,11.9,11.9,439131
RELIANCE,20200629,1728.05,1739.75,1715.55,1723.15,11825126
RELIGARE,20200629,43.45,43.45,40.85,42.5,506820
RELINFRA,20200629,36.9,36.9,36.9,36.9,614987
REMSONSIND,20200629,72.6,75.6,72.6,74,349
RENUKA,20200629,10.65,10.65,10.2,10.65,2146811
REPCOHOME,20200629,139.8,140.9,127.5,129,748890
REPRO,20200629,402,411.85,387,399.1,1781
RESPONIND,20200629,80.7,80.7,76.7,77.1,115859
REVATHI,20200629,398.05,398.05,384,392.7,419
RGL,20200629,222.05,239,209.95,215.95,9161
RHFL,20200629,2.3,2.3,2.3,2.3,132220
RICOAUTO,20200629,32.5,32.7,31.4,31.45,640916
RIIL,20200629,422,427.45,406,409.1,327866
RITES,20200629,242,242,235.5,238.8,345757
RKDL,20200629,9.05,9.2,8.5,8.5,27177
RKFORGE,20200629,169.5,169.5,161.65,165.2,134598
RMCL,20200629,4.8,4.8,4.75,4.8,29338
RML,20200629,228.1,231.35,220.4,221.85,9103
RNAVAL,20200629,2.5,2.5,2.5,2.5,187943
ROHITFERRO,20200629,1.5,1.5,1.5,1.5,50625
ROHLTD,20200629,55.4,56.45,53.8,54.3,187840
ROLLT,20200629,2,2,2,2,8857
ROLTA,20200629,6.9,6.9,6.9,6.9,194946
ROSSELLIND,20200629,59.85,62.3,59.85,62,4778
RPGLIFE,20200629,268,270.7,260.8,264.5,39245
RPOWER,20200629,4.05,4.05,4.05,4.05,1772642
RPPINFRA,20200629,71.9,71.9,62.3,65.55,9744
RSSOFTWARE,20200629,18.25,18.25,17.05,18.25,75202
RSWM,20200629,84.9,84.9,78.05,82.45,44804
RSYSTEMS,20200629,96,97.8,95.9,95.9,12246
RTNINFRA,20200629,3.6,3.6,3.6,3.6,145713
RTNPOWER,20200629,2.4,2.4,2.4,2.4,196680
RUBYMILLS,20200629,157.05,163,157.05,159.4,715
RUCHI,20200629,1519,1519,1443.7,1443.7,114316
RUCHINFRA,20200629,22.4,22.4,22.4,22.4,5068200
RUCHIRA,20200629,69.55,69.55,62.95,62.95,184693
RUPA,20200629,170,178.4,166.8,175.1,287053
RUSHIL,20200629,125,125,118.75,119.9,14798
RVNL,20200629,19.4,19.5,18.85,19.05,4008143
S&SPOWER,20200629,17,17,15.55,16.5,3280
SABEVENTS,20200629,1.15,1.15,1.15,1.15,5000
SABTN,20200629,1.95,1.95,1.95,1.95,21045
SADBHAV,20200629,48.35,48.35,46,46.05,300119
SADBHIN,20200629,16.45,16.75,15.85,16.05,153131
SAFARI,20200629,384,387.4,366.35,372.05,5327
SAGARDEEP,20200629,113.45,113.45,107.5,109.65,21962
SAGCEM,20200629,332,350,330,345.95,24628
SAIL,20200629,30.65,30.7,29.2,29.55,21571371
SAKAR,20200629,57.95,63.6,53.1,63.6,32699
SAKHTISUG,20200629,10,10.3,9.75,10,21977
SAKSOFT,20200629,204.9,204.9,196.1,198,27198
SAKUMA,20200629,7.6,7.8,7.45,7.8,407209
SALASAR,20200629,144.4,152.05,144.4,152.05,59949
SALONA,20200629,59,59,54.3,58.3,1162
SALSTEEL,20200629,3.75,3.75,3.45,3.75,195480
SALZERELEC,20200629,90.75,90.75,85.2,86.25,30304
SAMBHAAV,20200629,2.4,2.5,2.35,2.5,62794
SANCO,20200629,10.2,10.65,9.6,10.25,25224
SANDESH,20200629,506,506,473.6,496.35,919
SANDHAR,20200629,192.85,200.25,184.85,196.45,14693
SANGAMIND,20200629,53.7,53.7,51,51.25,6063
SANGHIIND,20200629,26.2,26.5,25.5,25.6,523111
SANGHVIFOR,20200629,15.3,16.2,15,16,7550
SANGHVIMOV,20200629,64.2,64.8,59.45,60.4,46538
SANGINITA,20200629,106.65,109.9,100,103.2,21871
SANOFI,20200629,7822,7963,7751,7916.75,24359
SANWARIA,20200629,3.65,3.65,3.65,3.65,442204
SARDAEN,20200629,171.45,171.45,165.2,166,32500
SAREGAMA,20200629,434.05,436,425,426.75,6912
SARLAPOLY,20200629,20.5,20.5,18.7,19,35620
SASKEN,20200629,502,518.75,485.65,490.7,86021
SASTASUNDR,20200629,78.2,86,78.2,83.2,1195
SATHAISPAT,20200629,2.2,2.2,2.1,2.2,7981
SATIA,20200629,75.1,77.9,66.95,71.55,19123
SATIN,20200629,88.15,88.15,83.75,83.75,78551
SBICARD,20200629,645,647.9,629.65,636.55,1137705
SBIETFQLTY,20200629,94.9,94.9,92.66,93.41,891
SBILIFE,20200629,780,789.85,774.3,786.8,597371
SBIN,20200629,183,183.1,178.5,179.25,50967079
SCAPDVR,20200629,1.1,1.1,1.1,1.1,75785
SCHAEFFLER,20200629,3600.5,3605,3530,3551.6,5300
SCHAND,20200629,43.15,44.65,43.15,43.3,30075
SCHNEIDER,20200629,85.4,86.4,81.3,82.75,386067
SCI,20200629,56.9,61.5,56,58.3,10783567
SDBL,20200629,79.4,79.4,79.4,79.4,9362
SEAMECLTD,20200629,371.15,379,370,370.85,34422
SELAN,20200629,104.1,104.55,100,102.8,21006
SEPOWER,20200629,3.15,3.15,3,3.05,34573
SEQUENT,20200629,91.5,92.9,88.7,91.6,1430415
SESHAPAPER,20200629,156,167.4,154.1,165.45,571437
SETCO,20200629,11.45,11.45,10.7,10.85,41823
SETF10GILT,20200629,200,200,197,198,110
SETFGOLD,20200629,4340,4364,4338.8,4342.7,13373
SETFNIF50,20200629,106.37,106.5,105.4,106.29,166816
SETFNIFBK,20200629,213,214,210.33,213.04,63023
SETFNN50,20200629,267.49,267.49,263.02,264.14,24578
SETUINFRA,20200629,1.3,1.3,1.2,1.2,646236
SEYAIND,20200629,115.95,115.95,115.95,115.95,25877
SFL,20200629,1420,1460,1406,1449.65,20739
SGL,20200629,9.5,9.6,9,9.45,70271
SHAHALLOYS,20200629,8.55,8.55,8.5,8.55,3360
SHAKTIPUMP,20200629,180,180,172.25,173.05,31664
SHALBY,20200629,71.45,71.45,69.6,70.45,75221
SHALPAINTS,20200629,67,67,64,65.15,46092
SHANKARA,20200629,376,382.45,366,369.05,97085
SHANTIGEAR,20200629,89.7,90.75,87.65,88.3,22858
SHARDACROP,20200629,250.85,250.85,241,250.85,77171
SHARDAMOTR,20200629,795,803.95,780,784.2,2052
SHARIABEES,20200629,253,253,241.25,242.5,3010
SHEMAROO,20200629,65.6,67.7,64.1,64.85,154582
SHIL,20200629,84.7,84.7,78.25,80.5,26259
SHILPAMED,20200629,476,485,465.85,472.6,58665
SHIRPUR-G,20200629,7.95,7.95,7.95,7.95,45022
SHIVAMAUTO,20200629,17.5,17.9,16.65,17.5,80170
SHIVAMILLS,20200629,26.5,27.95,25.5,26.55,6637
SHIVATEX,20200629,95,95.25,90.5,90.5,2913
SHK,20200629,67.6,67.95,64,64.5,1301707
SHOPERSTOP,20200629,175.2,179,173.05,174.5,94094
SHREDIGCEM,20200629,54.05,59.15,53.5,56.95,5307685
SHREECEM,20200629,22450,22483.85,21927.6,22341.95,49397
SHREEPUSHK,20200629,95,97.2,94,95,63501
SHREERAMA,20200629,5.5,5.55,5.15,5.5,25601
SHRENIK,20200629,38.35,38.35,37.25,38.35,49560
SHREYANIND,20200629,89.95,94.6,87.1,92.05,131349
SHREYAS,20200629,64.6,64.6,59.7,60.95,26627
SHRIPISTON,20200629,568.2,592.5,568.2,587.4,201
SHRIRAMCIT,20200629,695.85,695.85,675,679.3,45399
SHRIRAMEPC,20200629,5.25,5.25,5.25,5.25,63031
SHYAMCENT,20200629,3.75,3.75,3.6,3.75,79629
SICAGEN,20200629,14,14.7,14,14.15,7675
SICAL,20200629,11.65,12,11.65,11.65,583513
SIEMENS,20200629,1114.9,1115.95,1092.65,1099.2,288816
SIGIND,20200629,22.6,23,21.55,22.8,16159
SIL,20200629,11,11.4,10.8,11,19221
SILINV,20200629,135,146.95,134,142.7,12965
SIMBHALS,20200629,7.95,7.95,7.4,7.4,43376
SIMPLEXINF,20200629,28.7,28.7,27.75,28.15,229225
SINTEX,20200629,2.6,2.6,2.6,2.6,294247
SIRCA,20200629,235,235.05,226,226.9,51250
SIS,20200629,395,397.75,375.6,381.7,15537
SITINET,20200629,2,2,1.95,2,423667
SIYSIL,20200629,144,144,133.5,137.5,213173
SJVN,20200629,22.5,22.85,22.15,22.25,1659654
SKFINDIA,20200629,1658,1672,1625,1665.1,72434
SKIL,20200629,4.8,4.8,4.45,4.45,78153
SKIPPER,20200629,44.15,44.3,40.45,41.2,246828
SKMEGGPROD,20200629,32.75,33.8,32,32.55,47444
SMARTLINK,20200629,69.65,69.75,67.65,69.5,1963
SMLISUZU,20200629,387.3,391,381,382,24035
SMSLIFE,20200629,332.85,332.85,301,304.9,18449
SMSPHARMA,20200629,60.3,69.4,59.05,65.25,678546
SNOWMAN,20200629,30.8,30.85,29.5,29.75,545029
SOBHA,20200629,226.5,227.7,215.7,217.55,184222
SOLARA,20200629,648,676.45,632,660.35,119925
SOLARINDS,20200629,1038.9,1060,992.05,1046.05,35199
SOMANYCERA,20200629,123,125,116.2,119.1,195527
SOMATEX,20200629,3.05,3.05,3.05,3.05,1000
SOMICONVEY,20200629,17,17,15.9,16.15,1532
SONATSOFTW,20200629,227.8,235.2,225.05,233.3,828431
SORILINFRA,20200629,74.3,74.3,69.1,74.3,99530
SOTL,20200629,675,694.05,663.5,668.95,1634
SOUTHBANK,20200629,8.5,8.55,8.45,8.45,6754609
SOUTHWEST,20200629,21,21.8,20.15,21.6,70807
SPAL,20200629,83,84.45,78.45,78.6,64745
SPANDANA,20200629,557,557,546.15,553,26016
SPARC,20200629,162.7,168.7,161.65,166.4,1263906
SPECIALITY,20200629,32.4,33.45,31,32.15,31567
SPENCERS,20200629,88.55,90.35,86.1,87.45,811285
SPENTEX,20200629,0.95,0.95,0.95,0.95,28378
SPIC,20200629,21.5,21.5,20,20.65,271646
SPICEJET,20200629,50.95,52.7,49.25,51.45,5806462
SPLIL,20200629,30,30,27.45,27.65,36851
SPMLINFRA,20200629,11.2,11.2,10.7,10.7,16074
SPTL,20200629,2.9,2.9,2.9,2.9,675416
SPYL,20200629,0.35,0.35,0.3,0.35,923089
SREEL,20200629,131.9,131.9,120.1,124.6,13954
SREINFRA,20200629,9.05,9.05,8.35,9.05,5151543
SRF,20200629,3600,3639.95,3584.05,3603.5,111410
SRHHYPOLTD,20200629,117.35,122,114,119.2,10238
SRIPIPES,20200629,181,183.2,174.6,178.65,93309
SRTRANSFIN,20200629,699.8,701.75,684.2,690.6,3781753
SSWL,20200629,435,435,418,419.3,36475
STAMPEDE,20200629,0.65,0.65,0.6,0.65,529611
STAR,20200629,427.7,429.5,415.5,422.25,513747
STARCEMENT,20200629,85.7,87.45,85,85.55,410650
STARPAPER,20200629,104.1,118.3,103,113.3,2007890
STCINDIA,20200629,48.75,48.75,46.55,46.95,21186
STEELCITY,20200629,30.45,30.45,28.6,29.85,8534
STEELXIND,20200629,24.5,26.15,24.1,25.6,50686
STEL,20200629,62,62,57.2,57.85,26650
STERTOOLS,20200629,164.3,171,162.15,167.4,14652
STINDIA,20200629,4.1,4.1,4,4,1422
STRTECH,20200629,115.5,117.55,114.25,115.55,1105240
SUBEX,20200629,9.05,9.2,8.55,8.95,1648004
SUBROS,20200629,171.25,186.7,165.1,176.45,317980
SUDARSCHEM,20200629,391.8,397.95,388.6,394.35,108388
SUJANAUNI,20200629,0.3,0.35,0.3,0.35,957873
SUMEETINDS,20200629,2.1,2.1,2.1,2.1,53310
SUMICHEM,20200629,287,287.7,275.25,279.2,2050180
SUMIT,20200629,11.75,11.75,11,11,1217
SUMMITSEC,20200629,331.95,338,316.4,333.85,1659
SUNCLAYLTD,20200629,1700,1730,1660,1669.9,2645
SUNDARAM,20200629,1.75,1.75,1.75,1.75,598078
SUNDARMFIN,20200629,1420,1449,1371.05,1423.65,39603
SUNDARMHLD,20200629,49.1,50.4,49.1,49.85,73449
SUNDRMBRAK,20200629,222.2,227.55,202.65,221.4,3821
SUNDRMFAST,20200629,393,394,380.2,385.8,57540
SUNFLAG,20200629,39.8,40,38.05,38.6,274630
SUNPHARMA,20200629,475.5,487.35,475,482,5727890
SUNTECK,20200629,182.75,184,174.1,181.3,664372
SUNTV,20200629,402.1,420,394.3,397.4,4392636
SUPERHOUSE,20200629,83.5,84.8,80.2,81.55,14140
SUPERSPIN,20200629,5.2,5.2,5.2,5.2,14665
SUPPETRO,20200629,173.5,173.5,165,166.3,22790
SUPRAJIT,20200629,144.9,146.55,138.25,144.4,178326
SUPREMEIND,20200629,1126.75,1146.9,1110,1123.7,46783
SURANASOL,20200629,8.4,8.6,8.1,8.2,29668
SURANAT&P,20200629,4.4,4.55,3.95,4.45,211452
SURYALAXMI,20200629,18.75,18.75,17.85,17.95,4537
SURYAROSNI,20200629,125,125,120,120.8,159609
SUTLEJTEX,20200629,22.35,24.5,21.7,23.35,334661
SUVEN,20200629,47,47,42.7,43.55,3012925
SUVENPHAR,20200629,494.9,494.9,465,470.4,125209
SUZLON,20200629,4.85,4.85,4.75,4.85,23839890
SWANENERGY,20200629,131.9,145.9,129.7,135.7,297191
SWARAJENG,20200629,1428,1444,1428,1432.05,6365
SWELECTES,20200629,115.85,115.85,107.2,108.1,8324
SWSOLAR,20200629,209.2,209.2,209.2,209.2,101364
SYMPHONY,20200629,895,897.9,865.6,886.1,157964
SYNCOM,20200629,2.9,2.9,2.9,2.9,478098
SYNGENE,20200629,408.4,414.5,407.2,410.05,328136
TAINWALCHM,20200629,50.1,50.5,48.15,49.6,2335
TAJGVK,20200629,164.4,164.4,159,159.55,96891
TAKE,20200629,52.4,53.8,49.85,50.5,302260
TALBROAUTO,20200629,103.2,106,100,100.55,23356
TANLA,20200629,70.25,70.8,68.85,70.5,181245
TARMAT,20200629,22.6,25.6,22.6,24.65,3208
TASTYBITE,20200629,12090,12444,11796,12386.15,2447
TATACHEM,20200629,315,316.55,309.05,312.05,618194
TATACOFFEE,20200629,83.15,83.4,82,82.25,260241
TATACOMM,20200629,595.5,619,575.15,619,154130
TATACONSUM,20200629,387.05,392.3,382.15,386.55,2764410
TATAELXSI,20200629,887.1,910,879.75,898.35,563292
TATAINVEST,20200629,774.85,779,763.15,774,15354
TATAMETALI,20200629,502,502,473.65,482.3,27260
TATAMOTORS,20200629,101.4,101.4,98.05,99.45,43275076
TATAMTRDVR,20200629,41.15,41.25,39.85,40.65,3878962
TATAPOWER,20200629,46.45,47.25,44.45,44.85,29330081
TATASTEEL,20200629,323,326,312.1,320.85,11961198
TATASTLBSL,20200629,20.35,20.35,19.9,20.2,1590211
TATASTLLP,20200629,255,255,243.6,244.75,44182
TBZ,20200629,30.75,30.75,28.2,29.4,104785
TCI,20200629,171.45,175,169,169.5,48116
TCIDEVELOP,20200629,272.55,285.5,272.55,273.1,179
TCIEXP,20200629,660,670.3,651.5,661.9,24192
TCIFINANCE,20200629,7.95,7.95,7.95,7.95,8809
TCNSBRANDS,20200629,360,360,344.5,346.55,5823
TCPLPACK,20200629,262.05,277,260,265.15,7000
TCS,20200629,2108,2127.6,2091.3,2101.65,3076344
TDPOWERSYS,20200629,120,123,110.3,113.25,139647
TEAMLEASE,20200629,1726,1740,1680,1684.7,5892
TECHM,20200629,558.9,558.9,539.2,541.55,3304988
TECHNOE,20200629,194.8,197.3,190.05,192.35,12167
TECHNOFAB,20200629,11.95,11.95,11.95,11.95,5752
TEJASNET,20200629,48.6,49,46.8,47.05,111595
TERASOFT,20200629,25.35,25.6,24,24.55,13969
TEXINFRA,20200629,37.95,38,35.45,35.6,7004
TEXMOPIPES,20200629,16.6,17.15,15.6,15.6,310634
TEXRAIL,20200629,25,25.3,24.05,24.2,122092
TFCILTD,20200629,35.45,37.1,34.95,37.1,5554658
TGBHOTELS,20200629,3.9,4.05,3.75,3.75,8130
THANGAMAYL,20200629,260,283.05,243.55,267.1,111679
THEINVEST,20200629,101.4,101.6,95.15,98.75,10982
THEMISMED,20200629,359,359,340,350.9,4800
THERMAX,20200629,770.05,772.8,740,753.7,100262
THOMASCOOK,20200629,28.3,28.4,27.55,28,201208
THOMASCOTT,20200629,5.3,5.3,5.3,5.3,1
THYROCARE,20200629,506,507,500,501.5,15159
TI,20200629,20.4,22.4,19.7,22.35,1111682
TIDEWATER,20200629,4126,4199,4105.25,4163.4,1705
TIIL,20200629,251.1,264,245,248.15,2277
TIINDIA,20200629,445.85,447,440,444.6,47393
TIJARIA,20200629,7,7.35,6.9,7.1,36382
TIL,20200629,155.45,155.5,141.95,147.8,8090
TIMESGTY,20200629,24.7,24.75,23.25,23.6,304
TIMETECHNO,20200629,39.95,40.5,38.7,39.15,293144
TIMKEN,20200629,956,965,930,946.25,11637
TINPLATE,20200629,119.4,119.7,114.05,115.65,244412
TIPSINDLTD,20200629,132,137,130.45,135.55,15956
TIRUMALCHM,20200629,49.7,50.45,48.7,49.15,321575
TITAN,20200629,964.9,971.6,935,957.45,3422997
TMRVL,20200629,10.25,10.25,9.45,9.8,54624
TNPETRO,20200629,34.9,35.65,33.25,33.85,149835
TNPL,20200629,116.95,121.35,114,119.3,1050535
TOKYOPLAST,20200629,65.55,65.55,61.5,62.3,3126
TORNTPHARM,20200629,2480.4,2510,2426.25,2437.75,412723
TORNTPOWER,20200629,324.85,327.8,318.55,320.65,769971
TOUCHWOOD,20200629,45.3,45.7,41.45,44.2,3639
TPLPLASTEH,20200629,121,121,107.5,109.7,24601
TREEHOUSE,20200629,4.8,4.8,4.45,4.8,135833
TREJHARA,20200629,9.45,9.45,9,9.45,38362
TRENT,20200629,680,694.15,641.35,651.6,640433
TRF,20200629,79.75,79.8,75.75,76.15,13740
TRIDENT,20200629,6.95,6.95,6.65,6.9,9550513
TRIGYN,20200629,33.35,33.5,32.2,32.4,25266
TRIL,20200629,14.7,14.9,12.55,14.1,1890005
TRITURBINE,20200629,73.6,73.6,69,70,24758
TRIVENI,20200629,56.5,56.8,54,55.2,354714
TTKHLTCARE,20200629,430,441,430,432.85,1121
TTKPRESTIG,20200629,5602.25,5652,5413.25,5445.2,16963
TTL,20200629,30.85,30.85,29.15,29.75,8669
TTML,20200629,4.25,4.3,4,4.1,1788708
TV18BRDCST,20200629,35.45,36,33.5,35.65,10891972
TVSELECT,20200629,100.6,105,100.6,102.2,15252
TVSMOTOR,20200629,380.9,383.65,374,378.3,1486836
TVSSRICHAK,20200629,1432.9,1433,1372.65,1379.2,15344
TVTODAY,20200629,191,192.95,182.6,184.7,55709
TVVISION,20200629,1.95,1.95,1.95,1.95,7454
TWL,20200629,35.5,35.5,33.75,34.1,146161
UBL,20200629,1018.85,1025,1000.4,1005.8,558180
UCALFUEL,20200629,115.95,115.95,112.2,112.9,18690
UCOBANK,20200629,16.05,16.05,14.8,15,12402582
UFLEX,20200629,211.8,217.95,209,210.55,255905
UFO,20200629,79,80,76.1,76.7,137632
UGARSUGAR,20200629,14.6,14.75,14.15,14.35,197874
UJAAS,20200629,9.05,9.05,9.05,9.05,172120
UJJIVAN,20200629,231.9,234.3,220.5,223.65,5955431
UJJIVANSFB,20200629,30.4,30.4,29.35,29.7,1045718
ULTRACEMCO,20200629,3839.95,3840,3757,3807,692124
UMANGDAIRY,20200629,51.1,54.45,49.3,52.05,150945
UMESLTD,20200629,1.35,1.45,1.35,1.45,10500
UNICHEMLAB,20200629,177.75,177.75,171.5,174.7,105203
UNIENTER,20200629,59.2,62.3,58.4,58.8,2808
UNIONBANK,20200629,33.55,33.55,32.35,32.75,4223319
UNIPLY,20200629,6.3,6.5,6.1,6.5,988682
UNITEDTEA,20200629,237.95,257.95,237,240.6,1312
UNIVASTU,20200629,35.2,35.2,28.2,32.55,41083
UNIVCABLES,20200629,124.05,124.85,117.8,118.85,21643
UNIVPHOTO,20200629,89.55,95,89.55,93.25,1085
UPL,20200629,440,440.25,429.15,431.9,2317361
URJA,20200629,4.05,4.05,4.05,4.05,681164
USHAMART,20200629,20,20.35,19.1,19.65,274210
UTINEXT50,20200629,267.7,274.1,261.95,262.85,481
UTINIFTETF,20200629,1090,1096.75,1083.2,1096.75,3848
UTISENSETF,20200629,374,379.9,372,379.82,2042
UTISXN50,20200629,293.5,300,272,281.11,109
UTTAMSTL,20200629,8.7,8.7,8.7,8.7,67985
UTTAMSUGAR,20200629,77.7,80.7,77.7,79.1,26028
UVSL,20200629,0.6,0.6,0.6,0.6,22860661
V2RETAIL,20200629,53.1,57.25,52,56.75,217574
VADILALIND,20200629,538,544,526,529.65,8592
VAIBHAVGBL,20200629,1257.75,1298,1250,1267.05,14482
VAISHALI,20200629,45.55,46.9,44.6,46.45,8352
VAKRANGEE,20200629,34.55,35.4,33.8,35,2241510
VARDHACRLC,20200629,31.2,31.2,29.05,30.25,20468
VARDMNPOLY,20200629,7.2,7.2,7.2,7.2,4412
VARROC,20200629,190,191.7,181,182.45,306280
VASCONEQ,20200629,9.9,10.3,9.6,9.7,164554
VASWANI,20200629,6.05,6.05,5.55,6.05,22543
VBL,20200629,680,704,672,682.15,202325
VEDL,20200629,110,110,105.55,107.95,16927577
VENKEYS,20200629,1125,1164,1082,1138.4,447266
VENUSREM,20200629,62.95,63.5,60.2,61.1,23725
VERTOZ,20200629,76.4,77,70,71.7,30177
VESUVIUS,20200629,930,973.9,904,969.8,15863
VETO,20200629,45.35,45.35,43.1,43.65,6092
VGUARD,20200629,174.9,175.25,171.5,171.9,355270
VHL,20200629,1182.05,1225,1169.25,1189.45,445
VICEROY,20200629,3.45,3.45,3.45,3.45,40770
VIDHIING,20200629,74.9,74.9,69.1,70.55,72611
VIJIFIN,20200629,1,1,0.9,1,1768356
VIKASECO,20200629,4.45,4.6,4.45,4.45,250893
VIKASMCORP,20200629,5.15,5.25,4.95,5,2584160
VIKASPROP,20200629,4,4,4,4,242854
VIKASWSP,20200629,6.65,6.9,6.65,6.65,467106
VIMTALABS,20200629,88.7,89.3,85.4,86,61680
VINATIORGA,20200629,989.35,997.95,972,975.6,45496
VINDHYATEL,20200629,748.85,764.35,742.95,759.2,11393
VINYLINDIA,20200629,99.2,99.25,93,94,90849
VIPCLOTHNG,20200629,9.75,9.75,9.5,9.75,113054
VIPIND,20200629,265.2,269,260.35,264.75,600691
VIPULLTD,20200629,15.4,15.95,15.2,15.85,24960
VISAKAIND,20200629,242,245.6,236.2,237.4,19627
VISASTEEL,20200629,6.6,6.6,6.6,6.6,14305
VISHAL,20200629,257.5,258,256.2,257.4,17292
VISHNU,20200629,131.5,136.7,128.1,128.65,17474
VISHWARAJ,20200629,79.4,80,77.1,79.35,13247
VIVIDHA,20200629,0.5,0.5,0.5,0.5,812403
VIVIMEDLAB,20200629,13.45,13.9,13.05,13.55,49574
VLSFINANCE,20200629,50.4,50.4,48,48.75,12812
VMART,20200629,1718.6,1718.6,1677.75,1699.6,11864
VOLTAMP,20200629,1139.4,1140,1100,1108.3,23875
VOLTAS,20200629,547,547,534.65,536.7,890246
VRLLOG,20200629,165,166.9,155.15,158.7,111623
VSSL,20200629,61,61.7,60.5,60.9,6636
VSTIND,20200629,3133.1,3139.75,3084.4,3127.55,12169
VSTTILLERS,20200629,1322,1340.55,1277,1298.35,12240
VTL,20200629,672,678.3,658.1,659.8,17686
WABAG,20200629,112,112,108.05,109.85,109902
WABCOINDIA,20200629,6889.95,6895,6866.25,6875.15,9933
WALCHANNAG,20200629,49,49.95,46.25,48.15,177783
WANBURY,20200629,24,24.6,23.55,24,5880
WATERBASE,20200629,103.4,110.4,103.15,106.05,841276
WEBELSOLAR,20200629,23.65,24.65,23.35,23.35,84502
WEIZMANIND,20200629,25.35,25.5,23.15,24.25,13586
WELCORP,20200629,83.95,83.95,79.3,80.55,1044363
WELENT,20200629,65.5,66,62.9,64.2,125962
WELINV,20200629,219.9,219.9,199.05,210,1616
WELSPUNIND,20200629,35.75,37.95,34.35,37.9,4433990
WENDT,20200629,2691,2750.05,2691,2699,187
WESTLIFE,20200629,325.7,333,313.3,315.6,317013
WHEELS,20200629,455,494.3,441,450.25,293998
WHIRLPOOL,20200629,2040,2052.2,2005.65,2024.3,76346
WILLAMAGOR,20200629,18.8,19.65,18.7,19,4211
WINDMACHIN,20200629,16.45,16.5,15.5,15.55,22254
WIPL,20200629,51,51,51,51,20
WIPRO,20200629,222.05,225.9,218.7,219.7,6687961
WOCKPHARMA,20200629,287,296.4,286.5,291.7,1034408
WONDERLA,20200629,134.35,135.65,131,131.95,43611
WSI,20200629,1.7,1.7,1.6,1.7,63633
WSTCSTPAPR,20200629,190,213.9,188.15,207.15,2711531
XCHANGING,20200629,45.05,46,44,44.8,50259
XELPMOC,20200629,74.85,76,71.15,71.65,3713
XPROINDIA,20200629,33.45,34,30,33.3,125495
YESBANK,20200629,26.8,26.9,26,26.1,10632406
ZEEL,20200629,174.9,175.1,167.8,172.05,14624428
ZEELEARN,20200629,16.75,16.85,16.1,16.2,1058777
ZEEMEDIA,20200629,6.55,6.55,6.45,6.55,1567302
ZENITHBIR,20200629,0.9,0.9,0.9,0.9,74242
ZENITHEXPO,20200629,37.45,37.45,35.35,35.85,1465
ZENSARTECH,20200629,128,130.5,125.55,126.9,99872
ZENTEC,20200629,52.05,54.1,51.3,52.05,77040
ZICOM,20200629,2.6,2.6,2.6,2.6,81424
ZODIACLOTH,20200629,131.9,133,128,128.9,6288
ZODJRDMKJ,20200629,28,28,24.05,25.5,2686
ZOTA,20200629,146,146,142.3,144.85,6179
ZUARI,20200629,103,105,100.1,101.55,14535
ZUARIGLOB,20200629,54.5,55.6,52.5,54.2,29744
ZYDUSWELL,20200629,1280,1284,1260.5,1271.45,18555
NSENIFTY,20200629,10311.95,10337.95,10223.60,10312.40,574544482,0
NIFTYJUNIOR,20200629,25932.75,25991.60,25631.80,25759.50,174897916,0
NIFTYMIDCAPLIQ15,20200629,3427.90,3427.90,3352.80,3371.55,161080075,0
NSE100,20200629,10506.70,10520.95,10414.50,10496.85,749442398,0
NIFTY200,20200629,5369.25,5375.35,5316.80,5356.15,2363264166,0
NSE500,20200629,8514.60,8521.40,8426.95,8488.05,2842439723,0
NSEMIDCAP150,20200629,5714.00,5714.00,5619.20,5642.60,1700316853,0
MIDCAP50,20200629,4160.60,4164.65,4076.30,4095.95,1508457492,0
NSEMIDCAP,20200629,14957.25,14957.25,14683.15,14735.20,1613821768,0
NSESMLCAP100,20200629,4700.10,4700.25,4612.15,4643.15,-,0
NIFTYLARGEMIDCAP250,20200629,-,-,-,5286.53,2449759251,0
NIFTYAUTO,20200629,6685.85,6728.65,6605.50,6645.85,152013775,0
BANKNIFTY,20200629,21291.55,21440.05,21026.45,21359.00,328004604,0
NIFTYFINSERVICE,20200629,10463.45,10576.90,10352.40,10533.20,211203150,0
NIFTYFMGC,20200629,30035.30,30168.35,29820.20,29971.65,113894850,0
NSEIT,20200629,14874.20,14979.20,14737.45,14768.00,28115701,0
NIFTYMEDIA,20200629,1379.90,1386.10,1342.15,1367.10,37064950,0
NIFTYMETAL,20200629,2034.35,2036.70,1964.35,1989.50,134062622,0
NIFTYPHARMA,20200629,10132.75,10264.90,10115.30,10135.90,26419220,0
NIFTYPVTBANK,20200629,11684.60,11764.75,11530.90,11718.70,215728946,0
NIFTYPSUBANK,20200629,1495.05,1495.40,1448.80,1453.45,222900194,0
NIFTYREALTY,20200629,210.90,212.25,203.15,203.70,13653620,0
NIFTYCOMMODITIES,20200629,2906.50,2907.10,2845.10,2865.75,214830464,0
NIFTYCONSUMPTION,20200629,4777.25,4792.00,4746.25,4776.85,188793070,0
NIFTYCPSE,20200629,1477.55,1478.35,1443.85,1451.45,99897638,0
NIFTYENERGY,20200629,14775.45,14833.45,14536.85,14588.50,124010034,0
NIFTY100ESG,20200629,-,-,-,2012.27,537965021,0
NIFTY100ENHESG,20200629,-,-,-,2024.18,525199267,0
NIFTYINFRA,20200629,3064.55,3068.15,3019.90,3042.65,259151386,0
NIFTYMNC,20200629,13136.95,13158.40,13041.20,13123.75,1105313813,0
NIFTYPSE,20200629,2574.80,2576.85,2510.70,2523.45,240011344,0
NIFTYSMEEMERGE,20200629,-,-,-,1188.86,872249,0
NIFTYSERVSECTOR,20200629,13615.50,13692.05,13498.25,13652.65,347172828,0
NIFTYSHARIAH25,20200629,-,-,-,4192.59,83585976,0
NIFTY50SHARIAH,20200629,-,-,-,2434.21,87729565,0
NIFTY500SHARIAH,20200629,-,-,-,2897.99,367966277,0
NIFTYABGROUP,20200629,-,-,-,2616.96,1017406125,0
NIFTYMAHINDRA,20200629,-,-,-,7715.83,20691860,0
NIFTYTATA,20200629,-,-,-,6410.55,103020289,0
NIFTYTATA25CAP,20200629,-,-,-,4098.76,97927572,0
NIFTYABGROUP,20200629,-,-,-,2616.96,1017406125,0
NIFTYLIQ15,20200629,2593.00,2597.40,2556.10,2578.75,250550661,0
NIFTY500VALUE50,20200629,-,-,-,2952.86,467714267,0
NIFTYALPHALOWVOL30,20200629,-,-,-,10985.96,89803957,0
NIFTYQUALLOWVOL30,20200629,-,-,-,7898.64,187679789,0
NIFTYALPHAQUALLOWVOL30,20200629,-,-,-,9123.51,198686421,0
NIFTYALPHAQUALVALLOWVOL30,20200629,-,-,-,6961.30,218207225,0
NIFTY50EQUALWEIGHT,20200629,10698.50,10711.25,10539.30,10631.55,574544482,0
NIFTY100EQUALWEIGHT,20200629,11915.35,11932.90,11750.85,11826.15,749442398,0
NIFTY100LOWVOL30,20200629,8329.00,8348.50,8275.75,8307.55,233097600,0
NSEDEFTY,20200629,-,-,-,4727.54,-,0
NIFTY50DIVPOINT,20200629,14.63,14.63,14.63,14.63,-,0
NIFTYDIVOPPS50,20200629,2285.00,2285.40,2254.35,2260.95,539141222,0
NIFTYALPHA50,20200629,13778.00,13786.10,13633.35,13692.10,98666802,0
NIFTY50ARBITRAGE,20200629,-,-,-,1904.77,-,0
NIFTY50FUTINDEX,20200629,-,-,-,3431.46,-,0
NIFTY50FUTTRINDEX,20200629,-,-,-,10555.57,-,0
NIFTYHIGHBETA50,20200629,-,-,-,1029.16,1698080273,0
NIFTYLOWVOL50,20200629,-,-,-,10222.35,223888491,0
NIFTY50VALUE20,20200629,5055.40,5057.30,4996.60,5009.35,263999743,0
NIFTYGROWSECT15,20200629,5176.50,5216.50,5129.85,5199.15,227256282,0
NIFTY50TR2XLEV,20200629,4462.50,4484.55,4385.75,4462.90,-,0
NIFTY50PR2XLEV,20200629,3398.90,3415.65,3340.45,3399.20,-,0
NIFTY50TR1XINV,20200629,370.95,374.10,370.05,370.95,-,0
NIFTY50PR1XINV,20200629,424.80,428.35,423.75,424.75,-,0
NIFTY-GS-COMPSITE,20200629,2223.36,2227.83,2223.36,2225.48,-,0
NIFTY-GS-4-8YR,20200629,2322.47,2328.98,2322.47,2327.02,-,0
NIFTY-GS-8-13YR,20200629,2179.09,2182.86,2179.09,2180.03,-,0
NIFTY-GS-10YR,20200629,1980.53,1983.65,1980.53,1981.92,-,0
NIFTY-GS-10YR-CLN,20200629,970.81,972.36,970.81,971.50,-,0
NIFTY-GS-11-15YR,20200629,2345.92,2350.00,2345.92,2346.69,-,0
NIFTY-GS-15YRPLUS,20200629,2571.68,2577.74,2571.68,2577.23,-,0
VIX,20200629,28.74,30.45,27.98,28.91,0,0
