20MICRONS,20200812,34.4,36.5,33.2,33.95,1071404
21STCENMGM,20200812,10.2,10.5,10.1,10.45,10562
3IINFOTECH,20200812,2.6,2.65,2.55,2.65,8559647
3MINDIA,20200812,21800,21800,21260.3,21376.05,2180
3PLAND,20200812,6.9,6.9,6.9,6.9,2030
5PAISA,20200812,360,364.95,348,351.5,30742
63MOONS,20200812,85.1,85.1,81,81.9,73332
A2ZINFRA,20200812,4.2,4.2,4.1,4.15,305376
AARTIDRUGS,20200812,2195,2195.05,2041,2073.2,223258
AARTIIND,20200812,1032.9,1053,1006,1014.15,312360
AARTISURF,20200812,328.75,328.75,328.75,328.75,2688
AARVEEDEN,20200812,9.75,10,9.5,9.9,8199
AARVI,20200812,30.4,33.25,30.15,30.65,15688
AAVAS,20200812,1409,1453.95,1370,1419.4,86803
ABAN,20200812,27,27.35,26.05,27.35,150506
ABB,20200812,903.45,924.8,903.45,908.15,192428
ABBOTINDIA,20200812,16618.65,16799.95,16256.55,16683.05,13801
ABCAPITAL,20200812,59,60.1,58.55,59.5,1565958
ABFRL,20200812,117,120.9,117,118.6,1367566
ABMINTLTD,20200812,16.05,16.8,16.05,16.8,190
ABSLBANETF,20200812,226.34,226.34,218.15,218.44,44
ABSLNN50ET,20200812,324.95,329.9,296,301.68,266
ACC,20200812,1415,1415,1392,1406.9,646766
ACCELYA,20200812,1031.5,1035.05,1007,1014.1,16455
ACE,20200812,57,61.8,56.5,60.6,781034
ADANIENT,20200812,195.8,200.75,190.2,197.7,3352637
ADANIGAS,20200812,158.45,163.5,157.45,159.65,1057328
ADANIGREEN,20200812,353.15,369.8,351.65,362.5,470018
ADANIPORTS,20200812,336,347.75,331.75,341.2,10674205
ADANIPOWER,20200812,37.5,38.15,37.25,37.3,1947534
ADANITRANS,20200812,249.95,251.85,244.8,246.9,159840
ADFFOODS,20200812,380,397.9,380,385.5,63172
ADHUNIKIND,20200812,19.85,19.85,18.6,19.45,18755
ADORWELD,20200812,265.15,265.15,257,258.7,8624
ADROITINFO,20200812,7.4,8,7.4,8,1000
ADSL,20200812,18.75,20.6,18.55,20.6,252669
ADVANIHOTR,20200812,43.15,45.7,41.5,44.2,14743
ADVENZYMES,20200812,210,217.1,206.3,208.8,1195811
AEGISCHEM,20200812,202.8,205,200.35,201.4,215280
AFFLE,20200812,2166,2169,2050,2114,137351
AGARIND,20200812,100,111,100,108.4,62802
AGCNET,20200812,315.05,327.1,315,320,4745
AGRITECH,20200812,31.7,33.35,30.6,33.35,11761
AGROPHOS,20200812,12.45,12.7,11.55,11.85,100300
AHLEAST,20200812,144.2,145,139.95,141,7595
AHLUCONT,20200812,233,234.9,221.75,230.55,59289
AHLWEST,20200812,281.55,281.55,260,269.55,387
AIAENG,20200812,1603,1648,1603,1640.95,118581
AIONJSW,20200812,15.15,16.45,14.75,16,188349
AIRAN,20200812,12,12.6,11.9,12.2,11996
AJANTPHARM,20200812,1667,1670,1620,1629.9,204682
AJMERA,20200812,80.65,92.9,79.55,91.3,622089
AKASH,20200812,177.4,181,176,181,13602
AKSHARCHEM,20200812,241.3,248,239.1,239.8,100799
AKSHOPTFBR,20200812,5.5,5.5,5.05,5.25,200305
AKZOINDIA,20200812,2005,2045,1975,1999.75,45874
ALANKIT,20200812,19.25,19.25,18.55,18.8,83791
ALBERTDAVD,20200812,508.65,509.5,487.4,493,37877
ALCHEM,20200812,5.15,5.15,4.8,4.85,19872
ALEMBICLTD,20200812,85.75,86.85,83.6,84,627182
ALICON,20200812,293,304.6,285.1,300.05,6139
ALKALI,20200812,45.95,47.6,45.7,46.95,19061
ALKEM,20200812,2810,2886,2783.15,2787.85,529864
ALKYLAMINE,20200812,2698,2748.8,2650,2679.5,41333
ALLCARGO,20200812,103.6,103.6,100.05,100.95,131219
ALLSEC,20200812,292,301.8,281.1,283.95,98583
ALMONDZ,20200812,9.8,9.95,9.6,9.8,28200
ALOKINDS,20200812,34.4,38,34.4,38,23121668
ALPA,20200812,26.45,26.45,24.9,25.3,89587
ALPHAGEO,20200812,167,169.45,164.3,168.45,16032
ALPSINDUS,20200812,1.1,1.1,1.05,1.1,24831
AMARAJABAT,20200812,739.6,752.5,733.6,743.5,748478
AMBER,20200812,1712.75,1717.95,1642.2,1654.75,65337
AMBIKCO,20200812,666.3,674.4,665,671.6,4380
AMBUJACEM,20200812,222.5,223.2,219.3,221.8,2396865
AMDIND,20200812,15.95,16.6,15.5,16.1,35634
AMJLAND,20200812,19.7,20,18.55,19.2,18653
AMRUTANJAN,20200812,484,495,470,488.55,234462
ANANTRAJ,20200812,27.4,28,27.25,27.5,273691
ANDHRACEMT,20200812,5.5,5.65,5.3,5.5,269086
ANDHRAPAP,20200812,222.4,223.5,218.25,218.75,72183
ANDHRSUGAR,20200812,340,348,335.2,341.55,121728
ANIKINDS,20200812,12.75,13.8,12.75,13.55,14717
ANKITMETAL,20200812,0.7,0.75,0.7,0.7,26439
ANSALAPI,20200812,4.5,4.5,4.2,4.4,16497
ANSALHSG,20200812,4.3,4.4,4.2,4.4,57260
ANUP,20200812,547.75,548.95,511.2,537.95,31721
APARINDS,20200812,303.9,303.9,299.25,299.95,36699
APCL,20200812,169.8,169.8,162,164,46756
APCOTEXIND,20200812,120,122.9,118.35,121.15,36750
APEX,20200812,239,252,238.5,248.1,604657
APLAPOLLO,20200812,2090.1,2099.95,2052,2070.15,16515
APLLTD,20200812,1071.1,1088.25,1056.75,1074.1,396967
APOLLO,20200812,126.95,131,125.15,127.9,240918
APOLLOHOSP,20200812,1750.75,1753.65,1703.1,1707,804252
APOLLOPIPE,20200812,373,394.5,366.8,390.55,102683
APOLLOTYRE,20200812,124.7,130.15,123.6,129.4,12122621
APOLSINHOT,20200812,512.45,512.55,487.15,504.6,1644
APTECHT,20200812,113.3,120.85,111.7,117.2,1146829
ARCHIDPLY,20200812,27.5,28.6,27.1,27.65,44756
ARCHIES,20200812,11.4,11.9,11.15,11.65,48335
ARCOTECH,20200812,2.55,2.55,2.35,2.55,50884
ARENTERP,20200812,11.85,11.85,10.5,11.1,6155
ARIES,20200812,67,68.5,66.55,66.75,14988
ARIHANT,20200812,15.5,16.55,14.8,15.85,955
ARIHANTSUP,20200812,20.25,21.6,20.25,21,24516
ARMANFIN,20200812,444,445.95,430,443.65,12620
AROGRANITE,20200812,29.2,31,26.25,28.75,56252
ARROWGREEN,20200812,43,43.45,41,41.85,2576
ARSHIYA,20200812,9.9,10.3,9.45,9.55,65333
ARSSINFRA,20200812,12.3,12.75,12.3,12.75,19345
ARTEMISMED,20200812,169.05,178,168.1,174.95,3811
ARVIND,20200812,30.5,35.1,30.2,34.3,14920115
ARVINDFASN,20200812,124.6,132.55,123.75,132.55,1298518
ARVSMART,20200812,88,103,86,99.4,1690386
ASAHIINDIA,20200812,196.05,198.5,191,197.5,28406
ASAHISONG,20200812,216.35,219.4,214.2,215.15,16159
ASAL,20200812,19,19.5,18.7,19.45,8898
ASALCBR,20200812,260,269.7,259.05,263.6,47864
ASHAPURMIN,20200812,49.35,49.35,46.25,46.85,57646
ASHIANA,20200812,66.3,74.3,62.9,74.3,369214
ASHIMASYN,20200812,5.45,5.6,5.2,5.5,6512
ASHOKA,20200812,63,63.3,59.5,60.4,1733630
ASHOKLEY,20200812,52.2,54.1,51.9,53.95,52072102
ASIANHOTNR,20200812,59.65,59.65,56.25,57.95,17139
ASIANPAINT,20200812,1789.95,1806,1772,1797.25,1679098
ASIANTILES,20200812,218,226.05,218,224.45,77450
ASPINWALL,20200812,132,147,128,143.8,13786
ASTEC,20200812,975,1015.05,968,1004.95,84286
ASTERDM,20200812,136.85,141.25,136.5,137.9,376141
ASTRAL,20200812,1098.5,1098.5,1063.9,1070.45,126160
ASTRAMICRO,20200812,114.8,123.25,113.25,120.7,2644381
ASTRAZEN,20200812,3333,3374.9,3306.25,3354.85,35183
ASTRON,20200812,45.2,45.75,42.5,43.25,170600
ATFL,20200812,660.95,696,652.85,671.8,16142
ATLANTA,20200812,9.3,9.3,8.75,9.05,10249
ATLASCYCLE,20200812,43.15,44.9,43.15,44.35,13107
ATUL,20200812,5284.8,5310,5166,5227.2,15037
ATULAUTO,20200812,180.45,183.5,174.1,179.9,679931
AUBANK,20200812,701.65,730.8,694.5,724.1,447901
AURIONPRO,20200812,65.9,67.45,63,66.3,103419
AUROPHARMA,20200812,954.25,957.85,922.5,934.2,7902789
AUSOMENT,20200812,31,31.5,29.2,29.65,4887
AUTOAXLES,20200812,542.55,563.95,539.1,552.15,12866
AUTOIND,20200812,43.55,43.55,43.55,43.55,29063
AUTOLITIND,20200812,23.3,23.5,22,22.8,39767
AVADHSUGAR,20200812,190,194.6,188.5,190,107840
AVANTIFEED,20200812,471.95,482.3,470.05,472.45,482017
AVTNPL,20200812,45.9,46.75,44.5,45.6,262737
AXISBANK,20200812,444.8,452.75,438.95,451.1,23184443
AXISCADES,20200812,61.65,62.05,60.5,62.05,22934
AXISGOLD,20200812,45.6,46,43.8,45.65,561506
AXISNIFTY,20200812,116.24,116.75,115.42,116.17,11739
AYMSYNTEX,20200812,24,25,23.65,24.6,20956
BAGFILMS,20200812,2.65,2.75,2.55,2.75,57470
BAJAJ-AUTO,20200812,3007.45,3035,2982.5,3023,489281
BAJAJCON,20200812,188.45,194,187,188.6,1764597
BAJAJELEC,20200812,440,449,431,445.45,439740
BAJAJFINSV,20200812,6400,6400,6315.1,6357.2,385422
BAJAJHIND,20200812,6.25,6.25,5.95,6,3706507
BAJAJHLDNG,20200812,2739,2739,2675.15,2683.1,17703
BAJFINANCE,20200812,3425,3450,3362,3418.25,5662542
BALAJITELE,20200812,91.6,93.5,91.15,91.55,312046
BALAMINES,20200812,659.9,660,632.5,651.3,214505
BALAXI,20200812,364.35,364.35,329.65,364.35,21705
BALKRISHNA,20200812,13.5,14.45,13.4,14,3304
BALKRISIND,20200812,1347,1388.9,1340,1378.25,650286
BALLARPUR,20200812,2.4,2.4,2.4,2.4,969449
BALMLAWRIE,20200812,115.2,115.8,114,114.9,146535
BALPHARMA,20200812,50.5,51.65,48.2,49.05,148527
BALRAMCHIN,20200812,140.5,145.9,138.5,142.25,2862690
BANARBEADS,20200812,45.95,45.95,43.5,44,16311
BANARISUG,20200812,1310.95,1335.05,1300,1318.3,2903
BANCOINDIA,20200812,83,91.95,82.4,89.7,1351829
BANDHANBNK,20200812,297.1,300.4,293.15,297.35,15454666
BANG,20200812,17,17.05,16.5,16.8,1984
BANKBARODA,20200812,47.6,49.9,47.2,48.6,73914810
BANKBEES,20200812,224.89,225,221.2,224.32,785899
BANKINDIA,20200812,48.9,50.2,48.25,49.05,6040828
BANSWRAS,20200812,66.95,67.8,60.3,60.95,104512
BASF,20200812,1280,1332,1266.25,1314.5,78133
BASML,20200812,86,95.5,84,92.25,18894
BATAINDIA,20200812,1229.75,1241.95,1215,1237.9,780074
BAYERCROP,20200812,5912,5959,5795,5824,33191
BBL,20200812,809,818.05,790.15,800.75,19391
BBTC,20200812,1456.6,1465.1,1421,1433.15,169726
BCG,20200812,7.8,7.8,7.65,7.8,1257848
BCP,20200812,5.3,5.3,5.3,5.3,75349
BDL,20200812,425.8,437.05,415.25,428.65,1257599
BEARDSELL,20200812,7.7,8.1,7.5,7.8,2592
BEDMUTHA,20200812,14,14.25,13.7,14.05,1760
BEL,20200812,105.95,111.2,105.35,110.65,28913577
BEML,20200812,673.9,684.6,664.05,680.3,642745
BEPL,20200812,46,46,45.15,45.65,181035
BERGEPAINT,20200812,547.35,552,536.7,550,1086160
BFINVEST,20200812,308.7,318.8,305,309.5,30943
BFUTILITIE,20200812,242.95,252,241.65,246,203067
BGRENERGY,20200812,40.35,40.35,39.1,39.8,28078
BHAGERIA,20200812,140,146.4,137.6,143.7,314554
BHAGYANGR,20200812,17,17.05,16.5,17,7998
BHAGYAPROP,20200812,22.05,23.15,21.7,22.2,11870
BHANDARI,20200812,1.35,1.35,1.25,1.3,139642
BHARATFORG,20200812,412.8,442.3,406.6,434.8,9540538
BHARATGEAR,20200812,65.9,66,59.4,60.2,133275
BHARATRAS,20200812,10770,11060,10660,10710.85,11717
BHARATWIRE,20200812,21.4,23.4,20.9,23.4,68881
BHARTIARTL,20200812,550,561.25,545.35,547.7,12381746
BHEL,20200812,36.2,36.65,35.9,36.05,51047076
BIGBLOC,20200812,39,40,38,38.75,4315
BIL,20200812,151,155,142.05,143.85,7801
BILENERGY,20200812,1,1,0.95,1,853028
BINDALAGRO,20200812,10.7,10.7,10,10.25,21158
BIOCON,20200812,407.55,407.8,392.1,396.6,5536772
BIOFILCHEM,20200812,27.05,27.05,27,27.05,58090
BIRLACABLE,20200812,57.3,57.8,55.25,55.7,195662
BIRLACORPN,20200812,599.8,607.5,596,599.35,220490
BIRLAMONEY,20200812,36.7,36.9,35.75,36.6,167128
BIRLATYRE,20200812,25.75,25.75,25.75,25.75,78997
BKMINDST,20200812,1.15,1.15,1.1,1.1,48167
BLBLIMITED,20200812,4.05,4.4,4,4.3,5475
BLISSGVS,20200812,130.4,133,128,129.2,753404
BLKASHYAP,20200812,6.45,6.8,6.45,6.5,251547
BLS,20200812,102.7,104.5,99,103.85,281974
BLUECOAST,20200812,4.1,4.1,4.1,4.1,600
BLUEDART,20200812,2019,2019,1967.1,1968.35,19754
BLUESTARCO,20200812,514.95,535,514.95,524.95,200598
BODALCHEM,20200812,74.9,76.5,74.3,75.05,538203
BOMDYEING,20200812,66.5,67.85,66.3,66.7,1179261
BOROLTD,20200812,159.4,160,154,156.5,51352
BORORENEW,20200812,79,79.95,76,78.25,152314
BOSCHLTD,20200812,13250,14485,12953.25,14327.5,209343
BPCL,20200812,430,434.1,420.45,421.8,9050520
BPL,20200812,21,21,19.6,19.95,33956
BRFL,20200812,9.35,9.35,8.75,9,62540
BRIGADE,20200812,145,149.95,143.55,146.35,131448
BRITANNIA,20200812,3880.55,3885,3800,3809.75,619436
BRNL,20200812,35.7,36.45,35.7,36.1,8171
BROOKS,20200812,35.7,36,34.55,36,61320
BSE,20200812,503.7,507.45,498.1,501.7,95014
BSELINFRA,20200812,1.3,1.3,1.3,1.3,65026
BSL,20200812,25.4,25.85,23.8,25.35,7477
BSLGOLDETF,20200812,4900,4900,4629,4780.45,1528
BSLNIFTY,20200812,123.87,123.9,120.23,123.26,10595
BSOFT,20200812,144.65,148.5,142.2,147.2,2054470
BURNPUR,20200812,1.35,1.35,1.35,1.35,43339
BUTTERFLY,20200812,127.7,130.7,126.55,128.35,63195
BVCL,20200812,14,14,13.6,13.6,4284
BYKE,20200812,14.05,14.8,13.9,14.35,112104
CADILAHC,20200812,395.5,395.5,381.25,385.2,3992334
CALSOFT,20200812,8.5,8.8,8.3,8.5,36269
CAMLINFINE,20200812,90,92.6,85.1,92.6,951989
CANBK,20200812,102,104.4,101.5,102.25,10614088
CANFINHOME,20200812,372.95,379,365.35,369.15,349865
CANTABIL,20200812,316.55,316.55,301,305.35,108629
CAPACITE,20200812,106.35,109,104.3,106.45,113785
CAPLIPOINT,20200812,536,536.6,508.15,510.1,833356
CAPTRUST,20200812,71.9,71.9,69,70,9610
CARBORUNIV,20200812,253,269.95,247.5,254.05,1952585
CAREERP,20200812,136.5,138.5,134.05,135.35,12160
CARERATING,20200812,413,418,399,401.15,136537
CASTROLIND,20200812,121,121.9,119.8,120.35,856243
CCCL,20200812,0.4,0.4,0.4,0.4,401900
CCHHL,20200812,3.35,3.35,3.1,3.2,64558
CCL,20200812,260,274.5,252.95,256.85,1199242
CDSL,20200812,353.9,365,351.2,359.4,717346
CEATLTD,20200812,895,898.95,886.85,889.3,69140
CEBBCO,20200812,13.15,13.15,12.65,12.85,11510
CELEBRITY,20200812,4.6,5.05,4.3,4.6,188692
CENTENKA,20200812,162,164.15,161,163.05,20939
CENTEXT,20200812,4.8,5.1,4.75,4.85,821096
CENTRALBK,20200812,18.6,18.85,17.95,18.2,3130972
CENTRUM,20200812,15,15.45,14,14.5,469215
CENTUM,20200812,368.75,368.9,346.6,360.95,19319
CENTURYPLY,20200812,133.95,133.95,130.3,130.85,431063
CENTURYTEX,20200812,315,319.65,307.55,314.1,1310306
CERA,20200812,2319,2362,2319,2355.1,2052
CEREBRAINT,20200812,27.35,27.75,27.05,27.25,145900
CESC,20200812,575,582.7,565,578.55,333565
CESCVENT,20200812,218,223.9,213.1,215.4,135383
CGCL,20200812,201.7,205.5,198.05,204.75,75457
CGPOWER,20200812,12.6,12.6,12.6,12.6,587341
CHALET,20200812,131.4,140.95,129.4,135.3,954573
CHAMBLFERT,20200812,153,156,152.8,154.05,1153180
CHEMBOND,20200812,160.95,161,155.8,156.7,19908
CHEMFAB,20200812,140,140,136.1,136.95,3186
CHENNPETRO,20200812,82.1,83.4,80.9,81.25,490745
CHOLAFIN,20200812,207,211.5,202.15,209.4,5640087
CHOLAHLDNG,20200812,339.95,371.3,330,363.9,117076
CHROMATIC,20200812,1,1.05,0.95,1.05,104377
CIGNITITEC,20200812,279.4,288.8,278.1,281.25,69613
CIMMCO,20200812,20.1,20.75,19.8,20.2,27742
CINELINE,20200812,25.35,30.4,24.75,30.35,2230599
CINEVISTA,20200812,6.75,6.95,6.7,6.95,47843
CIPLA,20200812,778,778,755.6,762.1,7841606
CLEDUCATE,20200812,40,40,39,39.15,9560
CLNINDIA,20200812,405,405,392,399.7,138143
CMICABLES,20200812,33,35.35,32.55,34.85,70082
CNOVAPETRO,20200812,6.1,6.1,5.9,5.9,1615
COALINDIA,20200812,130,130.2,128.5,128.7,10656136
COCHINSHIP,20200812,351.5,358.9,347.05,347.85,373043
COLPAL,20200812,1444,1461.45,1430.7,1445.5,477635
COMPINFO,20200812,13,13.05,12.4,12.95,104322
COMPUSOFT,20200812,8.15,8.25,7.95,8.15,24024
CONCOR,20200812,378,378.4,361.2,362.7,6927100
CONFIPET,20200812,19.85,20.5,19,19.9,473598
CONSOFINVT,20200812,27.25,28.8,27.25,27.9,2397
CONTROLPR,20200812,212.4,213.75,207.05,211.65,7415
CORALFINAC,20200812,19.55,20.45,18.6,19.7,13516
CORDSCABLE,20200812,39.25,43.8,37.2,40.1,212949
COROMANDEL,20200812,780,782,750.4,765.95,522306
COSMOFILMS,20200812,440,457,433,444.8,115936
COUNCODOS,20200812,1.4,1.45,1.35,1.4,38284
CPSEETF,20200812,17.7,17.78,17.4,17.71,887374
CREATIVE,20200812,110.5,112.9,107,107.15,8981
CREATIVEYE,20200812,1.5,1.5,1.45,1.45,924
CREDITACC,20200812,583.65,590,572.2,586.25,40138
CREST,20200812,91.75,91.8,82.65,85.7,19375
CRISIL,20200812,1733.3,1750,1716.65,1730.05,15664
CROMPTON,20200812,260,261,247,249.35,833078
CSBBANK,20200812,192.55,195,190.3,192.75,68052
CTE,20200812,23,23,20.65,21.75,15304
CUB,20200812,119.7,120.45,117,117.9,1531760
CUBEXTUB,20200812,11.45,13.75,11.45,12.8,41301
CUMMINSIND,20200812,412.2,426.3,412.2,423.05,905469
CUPID,20200812,247.5,249.9,240.15,243.85,98550
CYBERTECH,20200812,51.4,54.75,49.55,52.8,159882
CYIENT,20200812,368.9,374.3,363,371.05,422163
DAAWAT,20200812,61,61,59,59.9,1707681
DABUR,20200812,513.9,519.5,502,503.6,4289689
DALBHARAT,20200812,778.6,790,775.9,787.8,121968
DALMIASUG,20200812,142.8,147.75,140.05,143.3,632330
DAMODARIND,20200812,27.7,27.8,26.2,26.95,7262
DATAMATICS,20200812,66.65,66.65,63.9,64.45,52866
DBCORP,20200812,76.2,81.5,75.1,78.85,550308
DBL,20200812,340,347,337.5,343.7,298419
DBREALTY,20200812,7.35,7.7,7.3,7.5,281811
DBSTOCKBRO,20200812,10.6,11.6,9.65,11.4,6163
DCAL,20200812,190.3,198.8,190.3,194.35,322379
DCBBANK,20200812,82.9,83.5,82.25,83.2,781324
DCM,20200812,21,21.9,20.85,20.95,6884
DCMFINSERV,20200812,1.25,1.3,1.25,1.25,6752
DCMNVL,20200812,26.8,27.95,26.6,27.3,27555
DCMSHRIRAM,20200812,354,358.8,341.5,357.35,69600
DCW,20200812,11.4,11.8,11.25,11.5,392468
DECCANCE,20200812,250,264.1,249.15,261.15,149683
DEEPAKFERT,20200812,158.9,167.9,158,166.15,2882360
DEEPAKNTR,20200812,575,607,567,598.8,1221681
DEEPIND,20200812,73.45,73.45,71,71.5,99281
DELTACORP,20200812,108,114,104.2,111.45,4322735
DELTAMAGNT,20200812,21.65,21.65,20.1,20.85,2350
DEN,20200812,83.7,84.65,80.6,82.3,184488
DENORA,20200812,232.05,233,213.35,221.15,20984
DFMFOODS,20200812,262,262,241.15,246.05,297550
DGCONTENT,20200812,6.8,6.8,6.3,6.65,6093
DHAMPURSUG,20200812,140.05,144.4,138.65,140.6,1013863
DHANBANK,20200812,11.95,13.4,11.85,13.1,5023322
DHANUKA,20200812,817,838.9,797,820.65,113165
DHARSUGAR,20200812,5.85,6.2,5.75,6.15,19040
DHFL,20200812,14.1,14.4,13.8,14.05,1013183
DHUNINV,20200812,215,223.9,212.35,223,3874
DIAMONDYD,20200812,565,575.15,560.15,569.35,19145
DICIND,20200812,408,414,387,389.25,25960
DIGISPICE,20200812,6.35,6.35,5.95,6.2,18266
DISHTV,20200812,7.85,8.6,7.8,8.6,16614091
DIVISLAB,20200812,3122,3131,3012.1,3117,2244001
DIXON,20200812,8050,8141.7,7851,8086.25,49507
DLF,20200812,145.5,148.1,144.55,146.55,5257547
DLINKINDIA,20200812,95,113.9,95,106.8,3392763
DMART,20200812,2139,2175,2122,2169.2,440624
DNAMEDIA,20200812,0.45,0.45,0.45,0.45,14385
DOLAT,20200812,55.8,56.7,55.1,55.95,69687
DOLLAR,20200812,130.75,139.25,129.9,135.65,671572
DONEAR,20200812,28,29.85,27.4,29.55,151838
DPSCLTD,20200812,12.15,12.2,11.55,12,15614
DPWIRES,20200812,56.7,56.8,54.15,56.4,1492
DQE,20200812,1.35,1.4,1.3,1.4,108155
DREDGECORP,20200812,262.6,266.5,258.65,261.1,59474
DRREDDY,20200812,4575,4579.9,4484.05,4518.15,1070736
DSSL,20200812,22.95,23.75,21.1,23.2,17057
DTIL,20200812,222.65,226.35,216,220.45,9720
DUCON,20200812,3.85,4.1,3.85,3.95,65982
DVL,20200812,57.9,57.9,54.4,55.25,13112
DWARKESH,20200812,31.15,31.7,28.75,29,2807008
DYNAMATECH,20200812,611.3,653.4,585.7,635.7,77678
DYNPRO,20200812,211,216,208.35,209.85,164112
EASTSILK,20200812,1.15,1.15,1.05,1.1,11716
EBANK,20200812,2431.23,2431.23,2431.23,2431.23,3
EBBETF0423,20200812,1078.9,1079,1077.51,1077.82,24336
EBBETF0425,20200812,1003,1003.79,1003,1003,8171
EBBETF0430,20200812,1102,1104,1100.11,1101.71,14656
EBBETF0431,20200812,997.9,997.9,995.13,997.02,9166
EBIXFOREX,20200812,506.5,515.15,489.4,504,3377
ECLERX,20200812,514.9,536.85,512,519.3,186319
EDELWEISS,20200812,78.2,78.5,77,77.55,291333
EICHERMOT,20200812,21699.95,22339.95,21500,22116.65,298667
EIDPARRY,20200812,291.5,297.9,288.1,293.35,240446
EIHAHOTELS,20200812,253.25,270,250,264.45,51970
EIHOTEL,20200812,67.15,69.3,67.1,68.25,3020757
EIMCOELECO,20200812,350,350,342,343.05,2758
EKC,20200812,23.3,24.9,22.5,24.4,258001
ELECON,20200812,26.5,26.6,25.5,26.4,143174
ELECTCAST,20200812,15.15,15.25,15,15.15,172239
ELECTHERM,20200812,113,122,111.1,116.6,29100
ELGIEQUIP,20200812,181,193.8,180.85,191,203548
ELGIRUBCO,20200812,16.7,16.8,16.05,16.6,11539
EMAMILTD,20200812,333.5,335.3,320,329.7,2212560
EMAMIPAP,20200812,78,80,75.5,76.6,15575
EMAMIREAL,20200812,41,43.05,39.5,43.05,141779
EMKAY,20200812,48.8,51.5,48.05,50.15,15976
EMMBI,20200812,73.55,75.5,72.7,73,10114
ENDURANCE,20200812,975,1005,970,985.1,192975
ENERGYDEV,20200812,6.7,6.8,6.7,6.8,30334
ENGINERSIN,20200812,66.5,67.5,65.35,65.5,2275055
ENIL,20200812,127.95,131,126.05,126.85,83564
EQ30,20200812,315.1,338,315.1,335,6
EQUITAS,20200812,50.85,52.15,50.25,51.85,9038116
ERIS,20200812,545,590,544.85,560.6,618316
EROSMEDIA,20200812,24.7,29.3,23.15,29.25,8254914
ESABINDIA,20200812,1357.05,1400,1355.25,1386.45,3304
ESCORTS,20200812,1118.95,1135.85,1108,1117.8,1403073
ESSARSHPNG,20200812,10.45,11.6,10,11.6,635452
ESSELPACK,20200812,277.3,288,270,276.8,287926
ESTER,20200812,62.85,65,60,62.5,421283
EUROMULTI,20200812,0.85,0.9,0.85,0.9,1510
EVEREADY,20200812,149,149.5,141.1,147.6,1150675
EVERESTIND,20200812,230.55,241.1,225.95,230.9,218406
EXCEL,20200812,0.95,0.95,0.9,0.9,12050
EXCELINDUS,20200812,839,846.15,825,839.25,18460
EXIDEIND,20200812,163.3,169.55,162.25,167.85,4847171
EXPLEOSOL,20200812,352,375.5,352,361.5,21855
FACT,20200812,49.05,49.3,47.9,48.45,164844
FAIRCHEM,20200812,738.5,739,694,723.45,126799
FCL,20200812,31.8,32.15,31.7,31.85,188770
FCONSUMER,20200812,10.5,11.35,10.45,11.25,15720475
FCSSOFT,20200812,0.5,0.55,0.5,0.55,2224925
FDC,20200812,330,331,318.6,320.4,401117
FEDERALBNK,20200812,54,54.45,53.45,54,21254187
FEL,20200812,18.1,18.4,17.4,17.45,6537915
FELDVR,20200812,18.45,18.95,18.1,18.15,231901
FIEMIND,20200812,488.95,492.65,480,485,27779
FILATEX,20200812,25.95,26.1,25.1,25.95,334126
FINCABLES,20200812,269.9,273,267.25,268,102436
FINEORG,20200812,2318,2335,2259.95,2278.35,12390
FINPIPE,20200812,456,456,451,452.55,16970
FLEXITUFF,20200812,7.05,7.15,7,7.15,275
FLFL,20200812,115.25,120.8,114.5,119,182167
FLUOROCHEM,20200812,464.5,489,460,477.3,101061
FMGOETZE,20200812,366,367.25,354,364,2654
FMNL,20200812,22.5,23.4,21.75,23.05,21912
FORCEMOT,20200812,931.25,931.25,905,923.1,21054
FORTIS,20200812,136.45,136.45,134.1,134.5,528987
FOSECOIND,20200812,1176,1198.9,1141,1145.05,1941
FRETAIL,20200812,103,108,102,104,3414088
FSC,20200812,136.05,141.85,136.05,138.95,72946
FSL,20200812,56.15,58.4,52.8,54.7,7733039
GABRIEL,20200812,88,91,86.05,90.3,223695
GAEL,20200812,179.75,187.5,177.1,185.05,80794
GAIL,20200812,97.2,98.4,96,98.05,10943752
GAL,20200812,2.8,3,2.8,2.95,30555
GALAXYSURF,20200812,1790,1791,1720,1727.05,50722
GALLANTT,20200812,30.9,32.7,30.6,32,20948
GALLISPAT,20200812,28,29.5,27.25,28.95,58838
GAMMNINFRA,20200812,0.95,0.95,0.85,0.85,2141520
GANDHITUBE,20200812,219.75,222.15,210.2,215.85,15631
GANECOS,20200812,224.95,229.9,224,228.4,4698
GANESHHOUC,20200812,23.05,24.65,23.05,24.35,20148
GANGESSECU,20200812,32.4,35.15,31.55,34.9,3140
GARDENSILK,20200812,11,11.75,10.95,11.6,25626
GARFIBRES,20200812,1939.45,1945,1837.05,1859.75,37562
GATI,20200812,43.85,44.5,42.6,43.05,815209
GAYAHWS,20200812,0.45,0.45,0.4,0.4,436198
GAYAPROJ,20200812,16,16.35,15.5,16.2,136241
GBGLOBAL,20200812,5.1,5.35,5.1,5.35,3369
GDL,20200812,82.3,82.7,81.4,82.15,76793
GEECEE,20200812,74.3,76.9,72.2,73.7,8236
GEEKAYWIRE,20200812,88.9,88.9,86.1,86.15,4807
GENESYS,20200812,40.9,41.6,39.6,39.8,115699
GENUSPAPER,20200812,5.7,5.7,5.1,5.1,869560
GENUSPOWER,20200812,25.7,26.75,25.55,25.9,219714
GEOJITFSL,20200812,41.4,41.4,40.05,40.7,318138
GEPIL,20200812,500,500,487,497.9,17328
GESHIP,20200812,263.05,275,262.25,264.05,104029
GET&D,20200812,103,108.05,99,108.05,495127
GFLLIMITED,20200812,90.15,104.9,86.25,94.8,256519
GFSTEELS,20200812,2.85,2.85,2.85,2.85,552
GHCL,20200812,148.2,152,147.25,149.5,184606
GICHSGFIN,20200812,100,101.7,98.4,100.4,708595
GICRE,20200812,147,147.45,142.8,142.95,408062
GILLANDERS,20200812,31.85,31.85,30.1,30.25,2643
GILLETTE,20200812,4983.3,5084,4959.05,5040.45,27045
GINNIFILA,20200812,11.3,11.3,10.8,11.3,63442
GIPCL,20200812,78.15,78.15,75.4,77.05,303180
GKWLIMITED,20200812,499.95,499.95,440.6,458.8,1348
GLAXO,20200812,1481.9,1481.9,1455.55,1456.5,58756
GLENMARK,20200812,477.05,477.05,463,466.6,2587479
GLOBALVECT,20200812,55.5,58.8,55,57.65,95704
GLOBOFFS,20200812,5.15,5.15,4.8,5.05,15073
GLOBUSSPR,20200812,152,163.5,152,163.5,1352954
GMBREW,20200812,386,392.45,376.6,383.3,31148
GMDCLTD,20200812,42.5,44.2,42,42.9,5948228
GMMPFAUDLR,20200812,6580,6900,5979.15,6023.55,319144
GMRINFRA,20200812,21.2,21.6,21,21.45,6968609
GNA,20200812,203,209,203,204.85,22949
GNFC,20200812,171.1,174.5,168.1,170.3,2126064
GOACARBON,20200812,211.7,222.4,209.95,218.5,48590
GOCLCORP,20200812,173,178.5,170.05,172.25,34592
GODFRYPHLP,20200812,958,976.9,945.35,955.7,46711
GODREJAGRO,20200812,469,483.9,464.6,476.05,529063
GODREJCP,20200812,685.2,693.45,682.05,689.95,548017
GODREJIND,20200812,380,391,376.1,388.7,132034
GODREJPROP,20200812,890,891.95,876.2,878.2,165945
GOKEX,20200812,48.8,54.65,47.8,51.3,554736
GOKUL,20200812,16.25,16.6,15.75,16.25,12349
GOKULAGRO,20200812,15.7,15.7,14.4,15.05,69789
GOLDBEES,20200812,47.05,47.05,43.16,45.68,24730118
GOLDENTOBC,20200812,22.3,22.3,21.2,21.65,11372
GOLDIAM,20200812,113.75,116.4,112.65,113.2,22049
GOLDSHARE,20200812,4824.55,4874,4629.1,4778.1,11542
GOLDTECH,20200812,8.3,8.35,8.1,8.2,26547
GOODLUCK,20200812,40.8,41.5,39.55,41.35,70235
GPIL,20200812,260.15,260.15,260.15,260.15,91821
GPPL,20200812,79.9,79.9,77.55,78,1127113
GPTINFRA,20200812,31.75,31.8,30,31.1,105812
GRANULES,20200812,316.25,324.45,315.1,318.6,3175838
GRAPHITE,20200812,188,189.3,185,186.6,613265
GRASIM,20200812,620,629,615.1,626.15,2142592
GRAVITA,20200812,52.6,54.6,51.1,52.7,351625
GREAVESCOT,20200812,86.6,88.8,85.9,87.7,507200
GREENLAM,20200812,722.05,737,718.05,735.15,2001
GREENPANEL,20200812,43.05,45.05,42.8,45.05,16003
GREENPLY,20200812,84,95.5,83.3,86.1,554294
GREENPOWER,20200812,2.15,2.15,2.05,2.05,4788939
GRINDWELL,20200812,504.15,512.85,502.95,511.15,32396
GROBTEA,20200812,432.9,437.65,420,422.2,168
GRPLTD,20200812,758,780,681.65,695.7,5471
GRSE,20200812,237,243,225,228.05,1103629
GSCLCEMENT,20200812,28.2,28.5,27.45,28.25,103922
GSFC,20200812,64.85,64.9,62.7,63.1,1016071
GSPL,20200812,214.95,216.55,210.4,212.85,1425154
GSS,20200812,24.45,24.75,23.8,24.35,75926
GTLINFRA,20200812,0.7,0.7,0.65,0.7,7815470
GTNIND,20200812,8.1,8.4,8,8.4,14117
GTNTEX,20200812,5.2,5.2,5.2,5.2,150
GTPL,20200812,105,105.5,97.4,98.6,150676
GUFICBIO,20200812,94.95,95.8,91.55,93.4,342083
GUJALKALI,20200812,325,329.9,322.05,323.75,135554
GUJAPOLLO,20200812,198.35,200.45,192.45,195.65,6372
GUJGASLTD,20200812,312,324.2,312,320.95,1950352
GUJRAFFIA,20200812,10.5,11,10.25,11,1275
GULFOILLUB,20200812,625,690,624.05,652.95,129017
GULFPETRO,20200812,40.4,41.3,39.5,40.45,24065
GULPOLY,20200812,50,51.5,48,50.75,89735
GVKPIL,20200812,3.1,3.15,2.85,2.95,24137584
HAL,20200812,1050,1126.85,1040,1099.05,2018172
HARITASEAT,20200812,370.05,378.75,369,374.15,7668
HARRMALAYA,20200812,97.15,98.95,94.1,94.7,77216
HATHWAY,20200812,38.35,39,37.6,38.25,818783
HATSUN,20200812,730.05,764.9,724,734,91915
HAVELLS,20200812,606,608.6,601.1,603.45,1237575
HAVISHA,20200812,0.7,0.7,0.65,0.7,44169
HBLPOWER,20200812,15.55,16.35,14.7,16.05,1215418
HCC,20200812,6,6.45,5.85,6.15,4535043
HCG,20200812,130.3,132.95,128.1,128.6,398285
HCL-INSYS,20200812,10,10.05,9.2,9.8,841566
HCLTECH,20200812,680.6,719,677.05,717.1,13085422
HDFC,20200812,1825.75,1837.7,1802,1814.2,3606317
HDFCAMC,20200812,2342.95,2346.95,2325.55,2330,372487
HDFCBANK,20200812,1065,1066,1048,1063.7,10333222
HDFCLIFE,20200812,609,617.7,603.1,608.75,3419611
HDFCMFGETF,20200812,4710,4740.05,4535,4694.95,54497
HDFCNIFETF,20200812,1195,1195,1175.05,1189.32,703
HDFCSENETF,20200812,4067.98,4067.98,4010.02,4047.58,83
HEG,20200812,794.9,804.9,785.25,795.75,247646
HEIDELBERG,20200812,180.65,182,178.45,179.1,154976
HERCULES,20200812,92,105.8,91.5,102.55,3373535
HERITGFOOD,20200812,319.5,322.85,317,320.35,44832
HEROMOTOCO,20200812,2721,2796,2705.3,2774,1798999
HESTERBIO,20200812,1469.95,1541,1449.9,1529.3,62895
HEXATRADEX,20200812,25.2,25.35,24.8,25.35,358193
HEXAWARE,20200812,405.8,410,395.1,397.45,973588
HFCL,20200812,16.7,17.3,16.2,16.85,7594008
HGINFRA,20200812,189,189,185.5,186.9,81930
HGS,20200812,666.75,674,666.75,670.05,12677
HIKAL,20200812,136.7,139.45,134,135.9,527770
HIL,20200812,1651,1666,1575.9,1594.45,31750
HILTON,20200812,10,10,10,10,12742
HIMATSEIDE,20200812,81.6,84.65,78.45,81.8,654488
HINDALCO,20200812,177.35,177.35,172.7,175.8,17437082
HINDCOMPOS,20200812,173.15,175.45,170.3,173.3,2181
HINDCOPPER,20200812,37.7,38.7,37.4,37.75,878586
HINDMOTORS,20200812,6.25,6.45,6.2,6.25,136869
HINDNATGLS,20200812,28.4,28.8,28,28.05,8915
HINDOILEXP,20200812,81.8,85,81.1,82.2,259431
HINDPETRO,20200812,215,215.7,211.25,211.85,6185676
HINDUNILVR,20200812,2200.05,2209.05,2190,2195.1,1170455
HINDZINC,20200812,230.05,237.95,223.35,231.55,4312095
HIRECT,20200812,117.95,127.95,114.95,127.95,70123
HISARMETAL,20200812,70.85,70.85,67.25,67.95,15169
HITECH,20200812,111,113.55,110.6,112.5,1909
HITECHCORP,20200812,73.65,80.55,73.45,79.85,6972
HITECHGEAR,20200812,128.5,128.9,120.1,124.25,2771
HLVLTD,20200812,5.2,5.35,5.05,5.25,403840
HMVL,20200812,47.25,49.9,47.2,48.65,32446
HNDFDS,20200812,720,720,692.1,708.05,6727
HNGSNGBEES,20200812,349.09,351.95,348,350.2,174
HONAUT,20200812,32200,32241.2,31000,31380.45,4228
HONDAPOWER,20200812,1115,1115,1015.4,1032.25,23243
HOTELRUGBY,20200812,1.3,1.3,1.3,1.3,111
HOVS,20200812,39.65,39.95,36.65,37.25,3991
HPL,20200812,34.1,34.9,33.2,34,40771
HSCL,20200812,46.65,46.65,45.55,45.7,673887
HSIL,20200812,58,58.95,56.5,58.1,241436
HTMEDIA,20200812,12.55,12.55,12.2,12.4,96225
HUBTOWN,20200812,11.65,11.65,11.15,11.4,18799
HUDCO,20200812,35.5,36.75,35.5,36,1379353
IBMFNIFTY,20200812,114.1,118.49,114.1,115.2,507
IBREALEST,20200812,62.45,65,60.15,62.2,4706281
IBULHSGFIN,20200812,214,220.4,212,218,16506168
IBULISL,20200812,45.4,47.5,45,46.5,72971
IBVENTURES,20200812,153.7,161,150.35,158.45,1368848
ICICI500,20200812,151.32,152,150.51,151.82,3078
ICICIB22,20200812,26.69,26.69,26.1,26.56,169517
ICICIBANK,20200812,365.75,368.75,363.75,366.85,25706440
ICICIBANKN,20200812,222.95,229.5,218,221.16,7236
ICICIBANKP,20200812,120,122.8,118.5,120.37,28178
ICICIGI,20200812,1355,1383.4,1349.1,1377.85,342102
ICICIGOLD,20200812,49.5,49.5,44.98,46.42,5129128
ICICILIQ,20200812,999.95,1000,999.94,999.99,26476
ICICILOVOL,20200812,96.77,96.77,92.98,94.75,73595
ICICIM150,20200812,62.4,62.4,62,62.3,625
ICICIMCAP,20200812,67.8,67.8,61.24,61.78,6626
ICICINF100,20200812,123.2,123.6,122.3,123.5,1490
ICICINIFTY,20200812,119.59,119.84,118.5,119.55,47754
ICICINV20,20200812,58,58.87,57,57.75,3109
ICICINXT50,20200812,27.79,28.67,27.55,27.56,11329
ICICIPRULI,20200812,473.95,482.45,470.1,477.45,2551006
ICICISENSX,20200812,411.01,415,411,413.53,412
ICIL,20200812,66.15,67.55,64.05,64.8,235498
ICRA,20200812,2565.6,2596,2541.35,2570.65,1482
IDBI,20200812,39.6,40.3,39.4,40,1885254
IDBIGOLD,20200812,4350,4988,4350,4878.35,1355
IDEA,20200812,8.6,9.05,8.55,8.85,160030301
IDFC,20200812,23,26.8,22.25,26.3,65527915
IDFCFIRSTB,20200812,30.25,31.55,29.8,31.05,75623483
IDFNIFTYET,20200812,115.11,115.6,115.1,115.6,147
IEX,20200812,191.55,195.8,189.3,192.25,622800
IFBAGRO,20200812,291.95,298.9,284.45,293.5,8611
IFBIND,20200812,386,390,382.9,384.1,47427
IFCI,20200812,6.5,7.85,6.5,7.65,15067857
IFGLEXPOR,20200812,135.7,136,128.2,132.6,3135
IGARASHI,20200812,282.9,292,277.1,288.4,356353
IGL,20200812,387.8,398.9,385.1,396.85,3719201
IGPL,20200812,187,194,181.55,193.05,36423
IIFL,20200812,69,71.5,68.1,70.45,657035
IIFLSEC,20200812,39.5,40.55,39.05,40.05,567414
IIFLWAM,20200812,1074.4,1289,1050,1067.45,19482
IITL,20200812,55,56.95,52.5,56.9,2469
IMAGICAA,20200812,4.85,4.95,4.6,4.9,93552
IMFA,20200812,211.65,222,211,216.55,27036
IMPAL,20200812,521.05,538,520,537.45,3765
IMPEXFERRO,20200812,0.8,0.85,0.75,0.75,51271
INDBANK,20200812,9,9.2,8.75,8.9,232687
INDHOTEL,20200812,83.25,87.85,83,87.4,9224081
INDIACEM,20200812,118.8,118.8,116.2,116.75,1079433
INDIAGLYCO,20200812,294,297.5,289,291.85,279549
INDIAMART,20200812,2968.8,2974.15,2876,2918.9,45412
INDIANB,20200812,66.5,66.5,63.8,64.25,8038246
INDIANCARD,20200812,91.35,94.2,91.35,93.75,139
INDIANHUME,20200812,173.65,176.8,171.5,172.7,36797
INDIGO,20200812,945,1056,936.2,1034.55,13463000
INDLMETER,20200812,12.75,12.8,12.2,12.8,852
INDNIPPON,20200812,299.5,333.65,298,326.85,278171
INDOCO,20200812,261.55,269.4,250.4,252,325248
INDORAMA,20200812,14.6,15.75,14.6,15.6,39374
INDOSTAR,20200812,252.9,259.9,250.2,255.45,11431
INDOTECH,20200812,100.15,103.25,100.15,101.65,4913
INDOTHAI,20200812,17.1,18.35,16.95,17.75,2700
INDOWIND,20200812,3.3,3.35,3.1,3.35,51513
INDRAMEDCO,20200812,56.05,56.5,55.25,55.55,176283
INDSWFTLAB,20200812,39.4,40.35,38.5,39.5,24527
INDSWFTLTD,20200812,2.85,2.85,2.85,2.85,3100
INDTERRAIN,20200812,29.15,34.95,28.1,33.5,5728598
INDUSINDBK,20200812,518.5,530.45,512.35,520.65,12646494
INEOSSTYRO,20200812,529.9,529.9,520.5,523.35,7106
INFIBEAM,20200812,75.6,75.6,72.5,73.3,689758
INFOBEAN,20200812,116.5,120,116,117.45,22561
INFRABEES,20200812,330,331.93,329.32,331.8,204
INFRATEL,20200812,192.5,196.4,192,194.65,4054729
INFY,20200812,948,958.8,942.2,954.95,6908732
INGERRAND,20200812,629,642,625.1,630.45,8309
INOXLEISUR,20200812,238.9,257.8,235.9,251.2,3428194
INOXWIND,20200812,41.9,45,40.55,43.8,162841
INSECTICID,20200812,482,487.5,471.25,475.2,85865
INSPIRISYS,20200812,26.7,27.65,26.05,26.85,6918
INTEGRA,20200812,2.2,2.2,2.2,2.2,6135
INTELLECT,20200812,185.6,189,179,185.15,208735
INTENTECH,20200812,44.15,47.85,43.4,46.65,49551
INVENTURE,20200812,17.6,17.75,17.2,17.6,29296
IOB,20200812,10.6,10.7,10.5,10.65,3910571
IOC,20200812,87.05,87.25,85.7,85.85,21486470
IOLCP,20200812,785,789,750,766.55,1517400
IPCALAB,20200812,2008,2031,1945,2005.95,529853
IRB,20200812,118.5,121.85,117.6,119.95,1455185
IRCON,20200812,96.6,99.8,94.65,96.45,2617290
IRCTC,20200812,1350,1414,1350,1386.8,1764191
ISEC,20200812,492.4,492.95,481.6,483.3,223888
ISFT,20200812,62.5,64.5,60.7,64,3345
ISMTLTD,20200812,4.8,4.95,4.65,4.75,46308
ITC,20200812,202.5,204.9,200.4,204.2,21287300
ITDC,20200812,233,233,226.15,227.9,12929
ITDCEM,20200812,44.7,45.2,44.05,44.8,275241
ITI,20200812,140.85,145.8,139,142.85,3507868
IVC,20200812,4.2,4.2,3.95,4.05,136493
IVP,20200812,48,51.5,47.2,48.85,5519
IVZINGOLD,20200812,4701.25,4880,4501.25,4804.45,516
IZMO,20200812,32.85,32.85,30.05,30.6,61973
J&KBANK,20200812,17.4,17.75,17.2,17.65,1536734
JAGRAN,20200812,38.3,39.9,38.1,39.1,529054
JAGSNPHARM,20200812,35.75,37.45,35.1,35.7,361370
JAIBALAJI,20200812,21.6,22.05,21.2,21.3,12237
JAICORPLTD,20200812,89.95,93.3,89.3,91.75,2649551
JAINSTUDIO,20200812,3.6,3.6,3.45,3.45,7884
JAMNAAUTO,20200812,33.45,34.4,32.4,33.8,1525653
JASH,20200812,151.4,157.55,146.95,153.95,14140
JAYAGROGN,20200812,92.15,94.55,91,92.35,12794
JAYBARMARU,20200812,207,209.95,203,204.8,32406
JAYNECOIND,20200812,3.25,3.25,3.05,3.2,10795
JAYSREETEA,20200812,62.05,62.05,61,61.1,79974
JBCHEPHARM,20200812,770.85,784.5,768.85,778.4,487734
JBFIND,20200812,9.75,9.75,9.3,9.4,30551
JBMA,20200812,226,229.9,220,222.45,24652
JCHAC,20200812,2058.95,2058.95,2015.25,2023.7,5442
JHS,20200812,14.45,14.6,14.05,14.6,76430
JINDALPHOT,20200812,13.9,14.15,13,13.8,15877
JINDALPOLY,20200812,436.05,452.75,435.55,438.5,73293
JINDALSAW,20200812,60.7,62.25,60,60.65,790654
JINDALSTEL,20200812,209,210.6,203.8,209.15,11486532
JINDRILL,20200812,66.2,67.1,65,66.4,4044
JINDWORLD,20200812,48.15,48.15,45,45.85,11201
JISLDVREQS,20200812,11.25,11.75,11,11.65,84950
JISLJALEQS,20200812,11.9,11.9,11.4,11.9,5671239
JITFINFRA,20200812,6.75,6.9,6.3,6.9,15560
JIYAECO,20200812,10.9,11.45,10.9,11.1,56828
JKCEMENT,20200812,1499,1524.8,1483.85,1505.3,55576
JKIL,20200812,96.8,97.8,94.7,96.55,116282
JKLAKSHMI,20200812,283.2,286.35,283,284.8,153886
JKPAPER,20200812,94,95.4,93.1,94.45,735618
JKTYRE,20200812,64.25,64.75,62.9,63.8,1481140
JMA,20200812,24.3,24.8,23.5,24.5,14101
JMCPROJECT,20200812,55,55,51.15,52.05,850206
JMFINANCIL,20200812,75,79.6,75,77.25,1411520
JMTAUTOLTD,20200812,3.35,3.35,3.15,3.35,185482
JOCIL,20200812,196,196,185,186.2,29711
JPASSOCIAT,20200812,4.25,4.25,4.25,4.25,1146502
JPINFRATEC,20200812,1.35,1.35,1.35,1.35,302770
JPOLYINVST,20200812,15.05,15.05,14.35,14.35,1205
JPPOWER,20200812,2.9,3,2.8,3,12936609
JSL,20200812,43.9,44.2,43.1,44,1012632
JSLHISAR,20200812,87.8,88.95,84.6,86.75,294556
JSWENERGY,20200812,50.3,51.4,49.65,50.9,1347414
JSWHL,20200812,1935,1997.5,1935,1988.55,776
JSWSTEEL,20200812,252,257.9,249.05,256.8,8055616
JTEKTINDIA,20200812,65.8,73.3,65.4,72.6,1685899
JUBILANT,20200812,838.9,838.9,809,814.25,420781
JUBLFOOD,20200812,1883,1918.85,1855.05,1864.25,855183
JUBLINDS,20200812,138,162,135,157.15,180176
JUMPNET,20200812,80.8,87.7,80.5,84.65,1800417
JUNIORBEES,20200812,294.4,294.4,281.2,284.92,109733
JUSTDIAL,20200812,380,392,377,389.15,832006
JYOTHYLAB,20200812,137.75,141.65,137.4,139.6,660632
KABRAEXTRU,20200812,56.7,59.6,55.2,58.45,26706
KAJARIACER,20200812,413.5,414.35,404.15,406.95,133094
KAKATCEM,20200812,155,155,150,154.05,11829
KALPATPOWR,20200812,246.3,254,240.55,250.15,697226
KALYANIFRG,20200812,146.95,148.15,138.05,141.75,3305
KAMATHOTEL,20200812,30.6,31.55,30.2,31.3,163820
KAMDHENU,20200812,74.1,75,72.7,74.15,11156
KANANIIND,20200812,3.85,4.2,3.85,3.85,10529
KANORICHEM,20200812,38.8,38.8,36.05,37.3,36872
KANSAINER,20200812,480,492,475,482.95,293252
KAPSTON,20200812,83.75,85.4,76.05,79.75,3660
KARDA,20200812,76,77,76,76.9,31744
KARMAENG,20200812,11.3,11.3,10.55,11.3,1688
KARURVYSYA,20200812,35,35.5,34.6,34.95,1836100
KAUSHALYA,20200812,1.55,1.55,1.55,1.55,524335
KAYA,20200812,229.95,230,217.55,225.55,10359
KCP,20200812,61.4,63.55,60.25,63.2,225091
KCPSUGIND,20200812,16.7,16.7,15.75,15.9,396739
KDDL,20200812,123.6,135.45,123.6,135.45,5082
KEC,20200812,293,298.7,293,294.75,512976
KECL,20200812,10.8,12.25,10.8,12,554471
KEI,20200812,366,367.5,360.85,364.9,179368
KELLTONTEC,20200812,20.15,20.9,19.6,20.05,116161
KENNAMET,20200812,762.75,773.95,754.95,762.9,3801
KERNEX,20200812,18,18.4,17.65,18.2,4555
KESORAMIND,20200812,39,44,38.1,42.3,853248
KEYFINSERV,20200812,36.55,42.5,35.9,39.65,861
KHADIM,20200812,120.5,120.5,116.5,117.9,25788
KHANDSE,20200812,9.85,9.85,9.6,9.6,1718
KICL,20200812,1255.35,1298,1255.25,1286,945
KILITCH,20200812,101,101,96.4,96.65,11316
KINGFA,20200812,532,600,511.2,522.9,7470
KIOCL,20200812,118.5,126.5,116.05,126,232384
KIRIINDUS,20200812,506.5,515.7,502.9,505,95142
KIRLFER,20200812,89.9,89.9,83.8,87.4,67871
KIRLOSBROS,20200812,138,143.5,132.4,138.7,135043
KIRLOSENG,20200812,108,111.1,105.95,108.8,87981
KIRLOSIND,20200812,669,705,660,683.05,5476
KITEX,20200812,101.7,109.9,101.45,107.75,304138
KKCL,20200812,755.2,764.9,745,753.3,1154
KMSUGAR,20200812,10,10.05,9.6,9.9,449046
KNRCON,20200812,211.8,212,200.55,209.15,185905
KOKUYOCMLN,20200812,57.6,57.95,56.5,57.1,159464
KOLTEPATIL,20200812,150.6,165,147.75,159.55,316996
KOPRAN,20200812,69.3,69.3,69.3,69.3,349056
KOTAKBANK,20200812,1350,1354.85,1333.55,1335.1,3840205
KOTAKBKETF,20200812,223.86,225.64,221.83,225.31,303095
KOTAKGOLD,20200812,453.95,461.8,440,457.35,257695
KOTAKNIFTY,20200812,118,118,116.32,117.48,27448
KOTAKNV20,20200812,58.7,58.98,57.99,58.66,22902
KOTAKPSUBK,20200812,143,157,142,146.24,48742
KOTARISUG,20200812,13.65,13.9,13.1,13.6,109308
KOTHARIPET,20200812,16.25,16.25,14.4,15.65,24399
KOTHARIPRO,20200812,60.95,63.1,59.25,62.5,23922
KPITTECH,20200812,82.3,82.3,78,78.3,286631
KPRMILL,20200812,449.7,510,440.05,489.4,133887
KRBL,20200812,290,305,290,296.2,1146117
KREBSBIO,20200812,93.45,93.45,89.5,90.85,16621
KRIDHANINF,20200812,3.35,3.35,3.05,3.35,89843
KRISHANA,20200812,50.1,50.15,50,50.05,2542
KSB,20200812,532.9,532.9,521.1,524.35,11589
KSCL,20200812,655,657.55,642.25,652.4,224853
KSERASERA,20200812,0.3,0.3,0.25,0.3,2714683
KSK,20200812,0.5,0.55,0.45,0.5,1398577
KSL,20200812,227,227.35,222.35,223.35,62940
KTKBANK,20200812,42.35,42.9,42.2,42.75,1571802
KUANTUM,20200812,52.5,53.8,51,51.4,27709
KWALITY,20200812,3.4,3.45,3.2,3.4,395428
L&TFH,20200812,63.9,65.55,63.2,65.3,11524636
LAKSHVILAS,20200812,21.4,21.5,20.45,21,831638
LALPATHLAB,20200812,1863,1888.9,1840,1845.15,102691
LAMBODHARA,20200812,27.9,30.5,26.4,29.65,35853
LAOPALA,20200812,204,208,201.1,203.05,118892
LASA,20200812,54.85,60.55,54.85,60.55,155084
LAURUSLABS,20200812,1044,1051,1002.4,1028.4,1829877
LAXMIMACH,20200812,3252.95,3266,3161.95,3200.45,5303
LEMONTREE,20200812,27.75,29.4,26.7,29.4,9190548
LFIC,20200812,50.6,54,50.55,52.85,2711
LGBBROSLTD,20200812,216.15,228,213.4,217.8,240255
LGBFORGE,20200812,2.55,2.65,2.45,2.5,25342
LIBAS,20200812,42.9,45.4,40.6,44.15,48325
LIBERTSHOE,20200812,135.95,138.3,135.5,136.5,74483
LICHSGFIN,20200812,265.85,269.7,264.6,267.3,2214817
LICNETFGSC,20200812,21.79,21.79,21.24,21.68,3318
LICNETFN50,20200812,115.01,118,115,117.26,272
LICNETFSEN,20200812,406,419.99,396,398.94,237
LICNFNHGP,20200812,117.99,117.99,116.66,117.99,25
LINCOLN,20200812,223.9,225.2,216.5,217.7,153185
LINCPEN,20200812,161,168.95,161,167.25,713
LINDEINDIA,20200812,725,732.55,701.2,713.75,68012
LIQUIDBEES,20200812,1003.4,1003.4,999.51,1000,1265652
LIQUIDETF,20200812,999.95,1000.01,999.95,999.99,32205
LOKESHMACH,20200812,23.1,23.1,18.6,22.25,154467
LOTUSEYE,20200812,28.65,28.65,26.3,27.95,25251
LOVABLE,20200812,52.3,57,50.6,54.45,180411
LPDC,20200812,1.2,1.25,1.2,1.2,6068
LSIL,20200812,0.95,0.95,0.9,0.9,1977404
LT,20200812,952,956,945,949.75,3673009
LTI,20200812,2500,2530,2476,2496.65,66881
LTTS,20200812,1589.75,1597.95,1552.8,1569.15,159308
LUMAXIND,20200812,1505,1519,1447,1461.25,16607
LUMAXTECH,20200812,97.9,99,97,97.8,32410
LUPIN,20200812,952.95,952.95,925,940.2,2723745
LUXIND,20200812,1265,1304,1245,1289.85,91056
LYKALABS,20200812,22.6,22.6,21.1,21.7,28579
LYPSAGEMS,20200812,3.85,3.85,3.6,3.75,65884
M&M,20200812,628,648.6,624.35,634.95,8891691
M&MFIN,20200812,132,134.9,130.3,132.7,4892068
M100,20200812,17.2,17.3,17.05,17.12,47618
M50,20200812,111.17,111.7,109.99,111.7,482
MAANALU,20200812,59.2,59.9,57.7,58.85,6052
MADHAV,20200812,22.8,24,22.2,23.5,5380
MADHUCON,20200812,2.1,2.1,2.1,2.1,6644
MADRASFERT,20200812,20.9,20.9,18.6,19.7,663811
MAGADSUGAR,20200812,126.95,132.9,123.85,129,100891
MAGMA,20200812,32.75,32.9,31,32.3,972364
MAGNUM,20200812,5.3,5.6,5.3,5.5,2359
MAHABANK,20200812,12.35,12.4,12.1,12.15,3763010
MAHAPEXLTD,20200812,57.95,62.8,57.95,62.8,105
MAHASTEEL,20200812,104.25,105,100,101.9,41251
MAHEPC,20200812,162,164.95,161,162.55,92725
MAHESHWARI,20200812,157.65,159.5,155.2,158.1,8558
MAHINDCIE,20200812,113.2,114.5,110,113.85,71225
MAHLIFE,20200812,213.9,213.9,207.55,208.95,28084
MAHLOG,20200812,290.3,299.55,290.3,294.5,138909
MAHSCOOTER,20200812,3035,3058,3001.05,3026.85,3291
MAHSEAMLES,20200812,212.85,217.8,210.05,212.2,65223
MAITHANALL,20200812,510.15,527.1,501.4,507.3,43558
MAJESCO,20200812,748.95,748.95,748.95,748.95,14081
MALUPAPER,20200812,28,28.7,27.55,28.35,32766
MAN50ETF,20200812,114.8,115.1,114.7,114.7,5634
MANAKALUCO,20200812,8.35,8.45,7.95,8.25,27921
MANAKCOAT,20200812,3.9,4.2,3.8,3.95,11719
MANAKSIA,20200812,33.6,34.35,33.3,34.25,58034
MANAKSTEEL,20200812,10,10.4,9,9.5,179112
MANALIPETC,20200812,21.5,22.45,21.05,21.6,799258
MANAPPURAM,20200812,153.9,155.7,147.2,154.3,18802083
MANGALAM,20200812,95.3,95.3,95.3,95.3,23483
MANGCHEFER,20200812,34.4,34.9,34.2,34.3,253991
MANGLMCEM,20200812,206,209.95,201.15,205.55,297202
MANGTIMBER,20200812,9.55,9.55,9,9.05,25615
MANINDS,20200812,54.6,60.7,53,56.25,1698986
MANINFRA,20200812,20,21.2,19.75,20.65,351200
MANUGRAPH,20200812,9.5,10.25,9.45,10.25,7479
MANXT50,20200812,274.2,275.2,273,275,5299
MARALOVER,20200812,12.5,12.5,11.25,11.75,14396
MARATHON,20200812,53,53.7,49.5,52.8,5350
MARICO,20200812,370.25,372,362.25,364.05,3985010
MARKSANS,20200812,47.95,49.4,46.6,48.65,2170849
MARUTI,20200812,6609.95,6778.05,6592.1,6730.3,1114994
MASFIN,20200812,659.85,703,648.25,666.4,34091
MASKINVEST,20200812,49.9,52.35,49.9,52.35,362
MASTEK,20200812,689,714,681.05,696.15,321848
MATRIMONY,20200812,619.9,619.9,583.05,593.35,4887
MAWANASUG,20200812,29.3,29.4,28,28.95,59355
MAXVIL,20200812,39,39.15,37.65,38.05,144361
MAYURUNIQ,20200812,245.1,249.9,238.05,241.85,46672
MAZDA,20200812,339.7,355,338.2,345.6,19935
MBAPL,20200812,61,61,61,61,300
MBECL,20200812,4.95,5.1,4.95,5.1,59123
MBLINFRA,20200812,6.4,6.65,6.15,6.25,70890
MCDHOLDING,20200812,25.45,25.5,24.5,24.85,10567
MCDOWELL-N,20200812,584.8,587.8,580.1,582.6,994256
MCLEODRUSS,20200812,15.2,15.2,15.2,15.2,51273
MCX,20200812,1700,1738.45,1685,1712.35,285915
MEGASOFT,20200812,7.5,7.95,6.85,7.2,196623
MEGH,20200812,64.2,65.6,63.75,64.8,1256481
MENONBE,20200812,40.9,40.95,39.65,39.85,23987
MEP,20200812,15.95,16.6,15.15,16.25,69042
MERCATOR,20200812,1.15,1.2,1.1,1.2,752581
METALFORGE,20200812,4.25,4.4,4.25,4.4,686
METROPOLIS,20200812,1612.5,1690,1515.2,1616.55,357552
MFSL,20200812,535,541,528.15,530.85,713101
MGL,20200812,971.3,986.95,966.1,981.65,544636
MHRIL,20200812,168.75,171.2,161.55,169.4,86191
MIC,20200812,0.7,0.7,0.7,0.7,45469
MIDHANI,20200812,214,214,209.5,212.5,564578
MINDACORP,20200812,73.2,74,72.5,72.9,360753
MINDAIND,20200812,280.7,302,280.6,293,1582988
MINDTECK,20200812,25.25,26,24.25,25.1,9914
MINDTREE,20200812,1120,1139.45,1093.15,1133.3,565993
MIRCELECTR,20200812,9.55,9.55,9.55,9.55,791375
MIRZAINT,20200812,48.5,49.8,48.5,49.5,208469
MITTAL,20200812,26.95,26.95,26.95,26.95,6417
MMFL,20200812,247.85,257,237.2,254.6,25140
MMP,20200812,72,74,71.25,71.85,7431
MMTC,20200812,18.65,20,18.5,19.25,3463229
MODIRUBBER,20200812,34.85,34.85,33.9,34.1,500
MOHITIND,20200812,3.5,3.5,3.5,3.5,102
MOHOTAIND,20200812,9.1,10,9.1,9.2,4645
MOIL,20200812,144,151.15,142.05,149.4,797165
MOLDTECH,20200812,37.6,39,37.6,38.2,30666
MOLDTKPAC,20200812,289.95,291.85,284.6,287.55,58123
MONTECARLO,20200812,156.95,161.5,155.6,159.95,84941
MORARJEE,20200812,10.95,11.45,10.85,11.45,7765
MOREPENLAB,20200812,23.55,24.25,23.2,23.95,1142882
MOTHERSUMI,20200812,105.15,118.4,104.65,116.75,66998419
MOTILALOFS,20200812,660,671,659.8,662.25,35959
MOTOGENFIN,20200812,16.75,17.5,16.7,16.8,3423
MPHASIS,20200812,1213.15,1213.15,1153.25,1162.65,310001
MPSLTD,20200812,414.6,414.6,414.6,414.6,7457
MRF,20200812,61640,61899.85,61350,61634.75,11449
MRO-TEK,20200812,26.85,26.85,25.1,26.85,2201
MRPL,20200812,33.85,34.3,33.55,33.7,1340738
MSPL,20200812,7.5,7.55,6.85,7.3,12514
MSTCLTD,20200812,149.65,155.5,148.1,149.65,419007
MTEDUCARE,20200812,14.9,14.9,13.85,14.05,482197
MTNL,20200812,9.5,9.5,9.3,9.45,807542
MUKANDENGG,20200812,8.2,8.2,8.15,8.2,2950
MUKANDLTD,20200812,25,25,23.05,24.2,90276
MUKTAARTS,20200812,22.5,24.5,22.5,24.5,19764
MUNJALAU,20200812,48.8,50.15,48.05,49.3,328990
MUNJALSHOW,20200812,116,117.45,114.15,116.7,26847
MURUDCERA,20200812,16,16.5,15.75,16.15,91976
MUTHOOTCAP,20200812,371.1,373,348.2,370.25,15356
MUTHOOTFIN,20200812,1155,1165.05,1091,1146.95,5331568
N100,20200812,799,822,792,809.62,23556
NACLIND,20200812,44.55,45.05,43,44.35,115985
NAGAFERT,20200812,5.05,5.15,4.95,5.1,101693
NAGREEKEXP,20200812,16.7,18.3,15.3,16.45,75734
NAHARCAP,20200812,64.1,65.35,64.1,65.25,878
NAHARINDUS,20200812,25.05,26.5,25.05,26.15,6756
NAHARPOLY,20200812,67.2,70.2,67.05,69.5,34168
NAHARSPING,20200812,33.95,36.2,33.1,35.6,35545
NAM-INDIA,20200812,269.65,270.7,266,266.65,476048
NATCOPHARM,20200812,865.45,865.45,815,848.8,1724845
NATHBIOGEN,20200812,321,348.9,321,344.9,203135
NATIONALUM,20200812,35.35,35.35,34.55,34.85,7217566
NATNLSTEEL,20200812,2.1,2.1,2.1,2.1,1970
NAUKRI,20200812,3414.9,3415.3,3233.5,3244.65,727262
NAVINFLUOR,20200812,2095,2095,2007,2016.55,133732
NAVKARCORP,20200812,25.6,26.25,25.4,25.55,242997
NAVNETEDUL,20200812,76.95,78.2,75.25,77.1,45417
NBCC,20200812,23.5,24.85,23.1,24.6,18447755
NBIFIN,20200812,1619.9,1625,1531,1594,459
NBVENTURES,20200812,51.1,52.45,50.5,51.8,417730
NCC,20200812,31.55,31.9,31,31.15,8622436
NCLIND,20200812,90,91.5,88.4,89.05,315666
NDGL,20200812,590.05,714.95,590.05,622.25,1870
NDL,20200812,20.85,21,20.1,20.9,69968
NDRAUTO,20200812,139,139.25,133,139.25,781
NDTV,20200812,36.65,36.8,35.55,36.25,11579
NECCLTD,20200812,9.8,10.5,9.7,10.1,97085
NECLIFE,20200812,22.85,22.85,22.1,22.25,365338
NELCAST,20200812,50.55,51.9,50.2,50.9,151451
NELCO,20200812,206,214,204,209.25,130755
NEOGEN,20200812,617.8,624.95,604,615.35,23678
NESCO,20200812,512,524,503,509.9,478732
NESTLEIND,20200812,16582.05,16622.05,16450,16540.85,82169
NETF,20200812,116.54,116.54,112.61,115,2608
NETFCONSUM,20200812,53.47,54.18,52.3,53.22,6973
NETFDIVOPP,20200812,27.76,28.74,27.76,28.5,328
NETFIT,20200812,18.25,18.25,18.01,18.07,33023
NETFLTGILT,20200812,22,22,21.9,22,10353
NETFMID150,20200812,62.94,62.94,61.83,62.17,40679
NETFNIF100,20200812,118.89,118.89,115.01,115.23,439
NETFNV20,20200812,58.5,59.44,57.56,59.36,1281
NETWORK18,20200812,40.65,41.25,40.05,40.9,1049205
NEULANDLAB,20200812,813.9,813.9,782.75,791.8,95350
NEWGEN,20200812,179.85,181.4,177.3,178.95,24863
NEXTMEDIA,20200812,5.1,5.2,5.1,5.2,5798
NFL,20200812,37.05,37.9,37,37.35,821636
NH,20200812,329.8,335.9,324,330.25,156316
NHPC,20200812,20.3,20.4,20.2,20.3,1429196
NIACL,20200812,116.3,116.75,115.4,115.95,262634
NIBL,20200812,5.25,5.5,5.1,5.5,16847
NIFTYBEES,20200812,120.25,120.75,119.27,120.33,892720
NIFTYEES,20200812,14550,14550,14550,14550,1
NIITLTD,20200812,94.9,97.5,94.5,96.6,379991
NIITTECH,20200812,1975,2018.9,1941.65,2001.95,601923
NILAINFRA,20200812,5.9,5.9,5.4,5.4,2394409
NILASPACES,20200812,1.5,1.5,1.4,1.4,636965
NILKAMAL,20200812,1229.55,1245,1216,1223.15,7397
NIPPOBATRY,20200812,580,594,564,567.25,1019
NITCO,20200812,16.6,18.3,16.35,18.3,192707
NITINSPIN,20200812,40.4,40.9,38.35,40.45,64816
NKIND,20200812,20.75,21.75,20.75,21.75,93
NLCINDIA,20200812,49.95,51.7,49.55,50.7,1136967
NMDC,20200812,94.1,94.9,92.5,94.35,9324822
NOCIL,20200812,113.8,119.3,112.85,116.45,3171991
NOIDATOLL,20200812,3.75,3.75,3.6,3.75,44613
NORBTEAEXP,20200812,8.45,8.45,8.45,8.45,3338
NPBET,20200812,120,128.77,115.93,122.01,1009
NRAIL,20200812,219,224.15,213.1,217.7,18555
NRBBEARING,20200812,78.65,78.85,76.75,76.95,209759
NSIL,20200812,659.95,679,652.95,662.2,120
NTL,20200812,0.8,0.8,0.7,0.8,58442
NTPC,20200812,88,89.15,87.05,88.7,14804335
NUCLEUS,20200812,439,477.9,426.2,468.65,1025256
NXTDIGITAL,20200812,554.95,574.8,532.05,564.8,20881
OAL,20200812,330,336.35,303,308.3,80649
OBEROIRLTY,20200812,360,369.8,360,364.45,120484
OCCL,20200812,792.95,800,766.2,773.35,11760
OFSS,20200812,3110,3150,2988,3034.45,512205
OIL,20200812,95.5,95.9,94.55,94.8,536512
OILCOUNTUB,20200812,4.35,4.5,4.2,4.3,26278
OISL,20200812,3.1,3.25,2.95,3.2,22338
OLECTRA,20200812,62.15,64,61.6,62.65,49785
OMAXAUTO,20200812,34,37.8,32.8,36.65,81051
OMAXE,20200812,72.5,74.7,72.35,73.8,371815
OMKARCHEM,20200812,5.6,5.85,5.35,5.5,19369
OMMETALS,20200812,13.75,14.4,13.75,14.4,39399
ONELIFECAP,20200812,6.9,7.2,6.6,7.2,13021
ONEPOINT,20200812,12.55,13.95,11.9,13.95,118781
ONGC,20200812,78.45,79.1,77.7,78.1,10482298
ONMOBILE,20200812,40.45,40.45,38.55,39.1,648392
ONWARDTEC,20200812,63.8,65.2,63.1,64.45,14573
OPTIEMUS,20200812,29.45,29.45,29.45,29.45,32700
OPTOCIRCUI,20200812,7.75,7.75,7.25,7.5,837579
ORBTEXP,20200812,70.1,70.4,68.15,68.35,9443
ORICONENT,20200812,18.35,18.75,17.1,18.15,234054
ORIENTABRA,20200812,18.5,18.6,16.8,17.65,22497
ORIENTALTL,20200812,11.95,12.1,11,12.1,97686
ORIENTBELL,20200812,82.25,85,80,84.3,42499
ORIENTCEM,20200812,69.75,69.75,68.3,68.8,121127
ORIENTELEC,20200812,176,180.7,174.75,178.65,262150
ORIENTHOT,20200812,20.05,20.75,19.7,20.75,77583
ORIENTLTD,20200812,69,69,69,69,50
ORIENTPPR,20200812,19.1,20,19.1,19.6,499339
ORIENTREF,20200812,174,179.4,172.5,178.15,80489
ORISSAMINE,20200812,2520,2690.55,2520,2690.55,104333
ORTINLABSS,20200812,18,18.8,18,18.8,37369
OSWALAGRO,20200812,9.2,9.2,8.85,8.95,86785
PAEL,20200812,2.25,2.25,2.25,2.25,1600
PAGEIND,20200812,18910,19120,18799.4,19012.75,22665
PAISALO,20200812,411,415.8,408,410.7,3715
PALASHSECU,20200812,26.65,27,25.95,27,425
PALREDTEC,20200812,19.6,20.65,18.75,20.65,2788
PANACEABIO,20200812,202,202.6,196.5,196.95,148981
PANACHE,20200812,56.85,57,55.05,56.95,4076
PANAMAPET,20200812,41.75,43.25,40.95,41.5,170249
PAPERPROD,20200812,245.1,259.4,245.1,252.6,82789
PARACABLES,20200812,6.6,7.3,6.5,7.1,693499
PARAGMILK,20200812,99.45,104,98.2,101.8,2752190
PARSVNATH,20200812,3.2,3.2,3.15,3.2,61477
PATELENG,20200812,13.7,14.8,13.65,14.5,610673
PATINTLOG,20200812,23.7,23.7,22.05,22.5,38616
PATSPINLTD,20200812,4.85,5.3,4.85,4.85,2029
PCJEWELLER,20200812,16.8,17,16.3,16.7,1664526
PDMJEPAPER,20200812,14.35,14.95,14,14.75,255329
PDSMFL,20200812,274.95,275,269.8,270.05,433
PEARLPOLY,20200812,19.35,20.9,19.35,20.15,6239
PEL,20200812,1479.3,1479.3,1444,1462.35,822716
PENIND,20200812,16.5,16.7,16.2,16.5,234122
PENINLAND,20200812,4.45,4.6,4.45,4.5,108761
PERSISTENT,20200812,976.15,977.5,962.85,970.1,115638
PETRONET,20200812,247.3,259.3,246.5,258.15,5390862
PFC,20200812,89.75,91.9,88.5,91.65,9108053
PFIZER,20200812,4605,4659.55,4505.65,4551.5,75450
PFOCUS,20200812,33.4,39.1,33.4,39.1,725674
PFS,20200812,18.5,18.8,16.35,18.05,1381018
PGEL,20200812,47.4,48.5,43.9,43.9,145733
PGHH,20200812,10198.3,10248,10151.5,10174.35,2799
PGHL,20200812,4480,4787.9,4480,4686.4,34158
PGIL,20200812,138.85,150,133.95,144.25,26704
PHILIPCARB,20200812,107.85,118.1,106.2,116.35,4926221
PHOENIXLTD,20200812,608.5,608.5,591.05,598.15,84650
PIDILITIND,20200812,1380.8,1393.8,1362.35,1364.5,714846
PIIND,20200812,1896,1934.45,1868,1870.9,223933
PILANIINVS,20200812,1510,1511,1490,1495.8,206
PILITA,20200812,5.9,5.9,5.5,5.7,26846
PIONDIST,20200812,113.5,116.3,112.35,114.05,126049
PIONEEREMB,20200812,23.8,24.3,23,23.35,31200
PITTIENG,20200812,30.55,30.6,29.05,29.95,17792
PKTEA,20200812,130.45,130.45,125,129.3,805
PLASTIBLEN,20200812,173,184.5,170.05,181.7,113894
PNB,20200812,33,34.7,33,33.8,60046564
PNBGILTS,20200812,47.15,47.15,45.8,45.9,894492
PNBHOUSING,20200812,238,238.05,232.3,234.15,605343
PNC,20200812,14.2,14.5,14.1,14.15,2552
PNCINFRA,20200812,141.45,141.9,138.25,140.25,195599
PODDARHOUS,20200812,163,180.35,163,169.85,2994
PODDARMENT,20200812,194.95,195.45,187.55,190.4,14916
POKARNA,20200812,151,152.3,146.5,147.4,23866
POLYCAB,20200812,844.65,858,838.6,840,181739
POLYMED,20200812,409.1,414.4,404,405.25,108050
POLYPLEX,20200812,770,772,742.9,752.3,175980
PONNIERODE,20200812,175.95,176,165.05,171.2,13846
POWERGRID,20200812,176.2,179.45,173.2,178.05,10932584
POWERINDIA,20200812,968.8,968.8,888,907.45,137413
POWERMECH,20200812,413.7,422.3,407.15,416.1,51544
PPAP,20200812,241,241,225,227.1,115757
PPL,20200812,73.1,73.1,70.75,71.7,27886
PRABHAT,20200812,70.9,72,70,70.15,28250
PRADIP,20200812,0.6,0.6,0.6,0.6,630
PRAENG,20200812,6.5,6.5,5.9,6.15,17134
PRAJIND,20200812,67,67.4,66.15,66.75,1335532
PRAKASH,20200812,42.95,45.5,41.5,45.15,1187312
PRAKASHSTL,20200812,1.05,1.05,1.05,1.05,246172
PRAXIS,20200812,33,33,30.5,31,7412
PRECAM,20200812,32.8,32.9,32.2,32.4,177899
PRECOT,20200812,20.5,21.6,20,20.35,5136
PRECWIRE,20200812,116,118.9,112.6,114.95,25910
PREMEXPLN,20200812,134,136.4,133,134,21226
PREMIER,20200812,1.85,1.95,1.85,1.95,12471
PREMIERPOL,20200812,22.95,23.15,22,22.95,14156
PRESSMN,20200812,19.45,20.2,19.45,19.8,19283
PRESTIGE,20200812,238.4,238.4,230,231.7,425099
PRICOLLTD,20200812,44.2,46.2,44.2,44.95,168332
PRIMESECU,20200812,49.3,49.3,43.7,47.05,9898
PRINCEPIPE,20200812,154.3,159.45,151,152.5,457210
PROZONINTU,20200812,19.1,19.1,17.6,19.1,1356581
PRSMJOHNSN,20200812,48.05,49.5,47.05,48.5,180071
PSB,20200812,13.5,13.5,13.25,13.35,759419
PSL,20200812,1.4,1.4,1.4,1.4,53936
PSPPROJECT,20200812,409.95,414.15,405,405.65,11274
PSUBNKBEES,20200812,16.2,16.41,15.86,16.28,354727
PTC,20200812,54.65,54.65,53.2,53.7,3083092
PTL,20200812,44.85,44.85,43,43.5,23363
PUNJABCHEM,20200812,444.35,533.2,426.3,527.3,153345
PURVA,20200812,43.35,44.35,42.55,43.45,158150
PVR,20200812,1126.65,1228.65,1110.5,1195.25,5427435
QGOLDHALF,20200812,2274,2289,2200,2277,6257
QNIFTY,20200812,1159,1162,1140,1162,80
QUESS,20200812,369,371.9,363,368.35,166108
QUICKHEAL,20200812,139,139.65,133.25,134.15,1682058
RADICO,20200812,377,385,376.9,383.1,223960
RADIOCITY,20200812,17.2,17.5,16.8,16.95,636642
RAIN,20200812,103.45,113.3,102.6,111.45,6037303
RAJESHEXPO,20200812,464.5,464.6,457,463.05,51830
RAJRATAN,20200812,298.95,298.95,276.95,294.45,3781
RAJSREESUG,20200812,15.25,15.75,14.5,15.05,5275
RAJTV,20200812,40.85,41.85,38.25,39.1,11422
RALLIS,20200812,305,307.55,300.05,301.9,333205
RAMANEWS,20200812,15.75,16,15.65,15.9,54414
RAMASTEEL,20200812,33.8,33.8,31,31.6,36338
RAMCOCEM,20200812,704,708.15,691.1,702.45,1174335
RAMCOIND,20200812,189,189.95,184,184.7,30312
RAMCOSYS,20200812,173.25,173.25,160,173.25,772901
RAMKY,20200812,34.9,35.25,34.45,34.8,71542
RANASUG,20200812,8.1,8.1,8.1,8.1,229782
RANEENGINE,20200812,190.05,194,189,190.15,808
RANEHOLDIN,20200812,422.85,427.2,418.05,424.05,7255
RATNAMANI,20200812,1125,1163.6,1120,1126.55,32870
RAYMOND,20200812,267.9,281,266,278.75,2965171
RBL,20200812,538.9,546.6,534,537.35,14085
RBLBANK,20200812,184,191.25,181.35,187.8,27646927
RCF,20200812,50.5,50.5,48.25,49.8,4661664
RCOM,20200812,2.35,2.35,2.35,2.35,5510312
RECLTD,20200812,105.05,109.5,104.6,108.45,11619647
REDINGTON,20200812,92.3,96.5,91.2,95.75,991291
REFEX,20200812,50.9,50.9,49.15,49.55,83370
RELAXO,20200812,628,633.8,624.25,629.2,146127
RELCAPITAL,20200812,10.4,11,10.1,11,1970643
RELIANCE,20200812,2121,2145,2106.8,2127.6,13967529
RELIGARE,20200812,36,36,35.25,35.65,107953
RELINFRA,20200812,31.5,31.7,30.3,31.2,3962868
REMSONSIND,20200812,66.2,69.65,66.2,68.05,7193
RENUKA,20200812,10.4,10.4,9.6,9.9,3337519
REPCOHOME,20200812,136.3,136.3,131.65,132.1,294519
REPRO,20200812,375.05,396,371.05,389.8,3001
RESPONIND,20200812,105,109,93,93.4,435505
REVATHI,20200812,397.65,399.9,392,392.3,1834
RGL,20200812,264.05,288.8,262,277.5,14831
RHFL,20200812,2.3,2.35,2.25,2.3,2009354
RICOAUTO,20200812,28.6,30.2,28.1,29.35,941532
RIIL,20200812,410.8,420,408.05,413.7,314760
RITES,20200812,249,254.2,247.45,250,904743
RKDL,20200812,7.2,7.4,6.8,7.2,25664
RKFORGE,20200812,182.9,189,180.05,186.65,158115
RMCL,20200812,3.7,3.7,3.65,3.7,54883
RML,20200812,203.85,209,202.05,206.25,29610
RNAVAL,20200812,3,3,3,3,758982
ROHITFERRO,20200812,1,1.05,1,1.05,2961
ROHLTD,20200812,62.4,64.5,61.45,63.7,125645
ROLLT,20200812,2.65,2.7,2.5,2.7,505139
ROLTA,20200812,5.95,5.95,5.95,5.95,49923
ROSSARI,20200812,755.4,778.9,751,758,922208
ROSSELLIND,20200812,97.5,98.9,92.5,92.7,14562
RPGLIFE,20200812,390,392,375,377.75,82019
RPOWER,20200812,4,4,3.75,3.85,35092519
RPPINFRA,20200812,52,53.95,51.5,52.3,10447
RSSOFTWARE,20200812,20.15,20.9,19.15,19.85,70298
RSWM,20200812,69,71.8,69,70,53113
RSYSTEMS,20200812,114,114,106.35,108.85,280858
RTNINFRA,20200812,8.45,8.45,7.65,8.45,5347764
RTNPOWER,20200812,3.85,3.9,3.25,3.7,24063626
RUBYMILLS,20200812,156.45,159.35,150.3,158.2,8147
RUCHI,20200812,738.3,740,709,716.5,20777
RUCHINFRA,20200812,13.1,13.6,13.1,13.1,384711
RUCHIRA,20200812,49.6,51.5,48.3,50.85,72346
RUPA,20200812,167.9,201.7,167,195.1,724337
RUSHIL,20200812,108.05,113.75,107.35,110.95,17990
RVNL,20200812,19.25,20.1,19.15,19.8,11711720
S&SPOWER,20200812,15,15,14.25,14.25,1506
SABEVENTS,20200812,1.05,1.05,1.05,1.05,15114
SABTN,20200812,1.65,1.65,1.6,1.6,5487
SADBHAV,20200812,46.15,48.3,45.55,47,409236
SADBHIN,20200812,16.75,16.75,16.25,16.6,278571
SAFARI,20200812,361.3,362.5,358.5,359.9,17690
SAGARDEEP,20200812,127,131,119.3,123.65,59284
SAGCEM,20200812,462,474,460.25,466.5,13229
SAIL,20200812,38.2,38.9,37.8,38.75,18066083
SAKAR,20200812,61,61.9,57.15,61.35,42700
SAKHTISUG,20200812,9.7,9.7,9.2,9.4,13121
SAKSOFT,20200812,285,285,270.05,272,27858
SAKUMA,20200812,6.25,6.25,6,6.2,66935
SALASAR,20200812,176,189.6,176,189.1,25747
SALONA,20200812,58.5,58.5,55.6,55.6,192
SALSTEEL,20200812,2.7,2.85,2.7,2.7,11786
SALZERELEC,20200812,109,114,106,107.45,493142
SAMBHAAV,20200812,2,2.1,1.95,2,62760
SANCO,20200812,11.35,11.9,10.55,11.2,416616
SANDESH,20200812,477.05,490,465.6,487,587
SANDHAR,20200812,210,211.45,203.15,209.55,6051
SANGAMIND,20200812,47,51,46.35,48.5,38365
SANGHIIND,20200812,24.95,25.5,23.95,25.05,460518
SANGHVIFOR,20200812,21.35,21.35,21,21.35,6039
SANGHVIMOV,20200812,70.5,71.55,68.7,70.75,15670
SANGINITA,20200812,69,69,62.55,67.35,70562
SANOFI,20200812,8520.8,8525,8221,8297.75,42489
SANWARIA,20200812,2.4,2.45,2.35,2.4,1211761
SARDAEN,20200812,215.85,236.6,215,232.95,242647
SAREGAMA,20200812,475,475.05,457.55,470,13095
SARLAPOLY,20200812,16,18.6,15.6,17.45,306278
SASKEN,20200812,604.9,604.9,593.95,597.7,32785
SASTASUNDR,20200812,104.9,108.5,90.25,104.05,34059
SATHAISPAT,20200812,2,2.1,2,2.1,1020
SATIA,20200812,109.55,110,108.95,109.95,112757
SATIN,20200812,70,73,69.5,72.05,284643
SATIN-RE,20200812,13.35,13.35,13.35,13.35,30542
SBICARD,20200812,779.2,807.7,777,791.35,5418906
SBIETFQLTY,20200812,102.61,102.89,100.05,102.02,3145
SBILIFE,20200812,860.6,868.5,851,856.9,1068002
SBIN,20200812,196,204.25,194.6,203.3,157820882
SCAPDVR,20200812,1.15,1.15,1.15,1.15,24527
SCHAEFFLER,20200812,3525,3565.5,3506,3518.7,2677
SCHAND,20200812,68.85,71.2,66.25,68.9,47210
SCHNEIDER,20200812,79.7,82.5,77.1,81.3,722126
SCI,20200812,59.05,61.3,58.3,60.75,2248739
SDBL,20200812,46.25,47.4,45.9,46.7,141502
SEAMECLTD,20200812,422.6,422.6,405.3,406.2,2575
SELAN,20200812,116,116,110.9,112.4,22588
SEPOWER,20200812,2.65,2.75,2.55,2.7,28393
SEQUENT,20200812,133.05,134.7,128.4,130.05,1318933
SESHAPAPER,20200812,156.2,156.25,150.05,150.8,46977
SETCO,20200812,10.85,10.85,10.15,10.45,78807
SETF10GILT,20200812,203.7,210.79,203.11,204.09,1965
SETFGOLD,20200812,4730,4798,4522,4677.7,54105
SETFNIF50,20200812,116.82,117,115.8,116.55,186069
SETFNIFBK,20200812,221.65,222.2,218.76,221.71,54973
SETFNN50,20200812,282.06,284.95,278.1,281.72,5881
SETUINFRA,20200812,1,1,0.9,0.95,160997
SEYAIND,20200812,75,77.6,74,76.75,14681
SFL,20200812,1365,1400,1336.95,1375.35,81427
SGL,20200812,8.5,8.5,8.1,8.3,19837
SHAHALLOYS,20200812,7.85,7.85,7.5,7.5,3265
SHAKTIPUMP,20200812,171,174,168.2,172.55,13769
SHALBY,20200812,89.7,98.8,87,93.3,905222
SHALPAINTS,20200812,62.9,68.35,62.3,66.35,457484
SHANKARA,20200812,366,373.7,363.2,368.3,61286
SHANTIGEAR,20200812,89.15,90,86,86.75,61493
SHARDACROP,20200812,312,315,308.45,312.4,46117
SHARDAMOTR,20200812,883.95,918,871.3,882.9,2324
SHARIABEES,20200812,286.22,289.9,286.22,288,51
SHEMAROO,20200812,54.75,56.55,53.55,56.55,248648
SHIL,20200812,72.95,73.7,71.5,72.35,26366
SHILPAMED,20200812,650,650,615,626.55,276775
SHIRPUR-G,20200812,8.7,8.7,8.05,8.3,52218
SHIVAMAUTO,20200812,14.35,14.95,13.8,14.7,58268
SHIVAMILLS,20200812,24.1,24.1,23,23.5,2666
SHIVATEX,20200812,81,84.4,79.2,81,1719
SHK,20200812,79.8,81.45,78.55,79.2,1711855
SHOPERSTOP,20200812,162,171.5,160.55,164.75,437720
SHREDIGCEM,20200812,47.55,49,47,48.55,513178
SHREECEM,20200812,21566,21634.7,21270,21378.9,72534
SHREEPUSHK,20200812,116.9,116.95,112.1,114.8,18356
SHREERAMA,20200812,6.1,6.15,5.65,5.8,99222
SHRENIK,20200812,52.25,52.35,50.5,52.1,51269
SHREYANIND,20200812,78.2,81.8,78,80.35,25458
SHREYAS,20200812,82.5,87.8,79,86.7,24834
SHRIPISTON,20200812,570,597.15,560.35,582.05,2210
SHRIRAMCIT,20200812,673,695,672.95,687.1,126339
SHRIRAMEPC,20200812,3.5,3.5,3.4,3.5,237782
SHYAMCENT,20200812,3.1,3.4,3.1,3.25,13584
SHYAMTEL,20200812,6.55,6.55,6.55,6.55,617
SICAGEN,20200812,11.95,12.45,11.95,12.45,3317
SICAL,20200812,9.15,9.45,9,9.35,96737
SIEMENS,20200812,1154,1181,1136.6,1172.95,810322
SIGIND,20200812,20.9,21,19.9,20.15,16641
SIL,20200812,10.2,10.35,9.6,9.75,17583
SILINV,20200812,140,142.75,139,140.9,864
SILLYMONKS,20200812,30.75,30.95,29.65,29.65,527
SIMBHALS,20200812,7.7,7.7,7,7.25,10697
SIMPLEXINF,20200812,34.95,34.95,33.15,33.65,293195
SINTEX,20200812,1.75,1.75,1.75,1.75,388160
SIRCA,20200812,232.5,232.5,225,227.35,12583
SIS,20200812,378,387,372.05,379.5,129328
SITINET,20200812,1.8,1.8,1.7,1.8,641547
SIYSIL,20200812,146.8,151.95,145.25,149.15,97943
SJVN,20200812,22.15,22.2,22.05,22.15,741343
SKFINDIA,20200812,1507.7,1525,1485.05,1495.15,16028
SKIL,20200812,3.85,3.85,3.7,3.85,33957
SKIPPER,20200812,40.55,42.25,40,40.7,63700
SKMEGGPROD,20200812,38.15,41.35,37.5,39.6,86787
SMARTLINK,20200812,64.15,76.55,64.1,71.65,195646
SMLISUZU,20200812,412.4,421.8,411.05,417.05,38707
SMSLIFE,20200812,428,443.9,427,429.2,12973
SMSPHARMA,20200812,95.8,100.6,88.65,94.75,2950734
SNOWMAN,20200812,30.2,32.55,30.2,32.25,1129660
SOBHA,20200812,224.95,229.1,222.25,226.55,163655
SOLARA,20200812,954,960.6,906.25,913.75,148871
SOLARINDS,20200812,1015,1015,990,998.8,9381
SOMANYCERA,20200812,132.95,137.5,131,136.45,105740
SOMATEX,20200812,2.85,2.9,2.85,2.9,100709
SOMICONVEY,20200812,17.45,19.4,16.55,18.75,64933
SONATSOFTW,20200812,280,299,279.6,296.85,1068372
SORILINFRA,20200812,52.25,55.4,50.6,53.85,223573
SOTL,20200812,665.05,667.5,655,655.5,3801
SOUTHBANK,20200812,7.1,7.45,7,7.35,46976344
SOUTHWEST,20200812,23.15,23.15,21.55,22.8,9094
SPAL,20200812,73.85,84,72.1,81.25,155438
SPANDANA,20200812,622.4,636,614.1,617.1,31123
SPARC,20200812,182.95,185.7,180.95,181.8,500965
SPCENET,20200812,0.75,0.75,0.75,0.75,1918
SPECIALITY,20200812,32.65,34.75,32.65,34.3,54958
SPENCER-RE,20200812,20.1,24,18.1,21,294559
SPENCERS,20200812,87,89.25,85.7,86.85,654405
SPENTEX,20200812,0.7,0.7,0.65,0.7,23027
SPIC,20200812,23.75,24,23,23.2,293233
SPICEJET,20200812,46.4,51,46.05,49.25,21212084
SPLIL,20200812,29.85,29.85,28,28.5,29919
SPMLINFRA,20200812,9.2,9.25,8,9.25,101225
SPTL,20200812,2.55,2.75,2.55,2.6,3281329
SPYL,20200812,0.4,0.4,0.35,0.4,133068
SREEL,20200812,138.35,139.95,134.95,136.45,12006
SREINFRA,20200812,7.2,7.2,7.05,7.15,872661
SRF,20200812,4140,4238,4095.35,4148.5,302073
SRHHYPOLTD,20200812,175,184,169.55,176.8,23143
SRIPIPES,20200812,179,181.4,178.7,180.25,33516
SRTRANSFIN,20200812,670,672,650,664.85,4022361
SSWL,20200812,431.05,432,424.55,429.95,12262
STAR,20200812,588.5,607.7,573.95,579.55,1709112
STARCEMENT,20200812,90,90.15,87,88.45,218923
STARPAPER,20200812,101,103.95,100.5,100.9,175194
STCINDIA,20200812,52.8,54.2,51,51.85,61679
STEELCITY,20200812,31,33,29.55,32.1,21182
STEELXIND,20200812,30,31,30,30.15,36326
STEL,20200812,60.7,61.8,56.45,57.8,55479
STERTOOLS,20200812,180,180.5,175.8,179.4,16887
STINDIA,20200812,3.45,3.6,3.45,3.6,2281
STRTECH,20200812,134.3,136.4,129.4,130.75,1822468
SUBCAPCITY,20200812,17.65,17.65,17.6,17.65,2195
SUBEX,20200812,11.9,12.1,11.25,12.1,4224349
SUBROS,20200812,204.6,212,201.55,208.35,378280
SUDARSCHEM,20200812,435,441.7,428.25,431.6,122174
SUJANAUNI,20200812,0.35,0.35,0.3,0.35,684259
SUMEETINDS,20200812,1.7,1.8,1.7,1.8,51021
SUMICHEM,20200812,274.75,277.75,270.5,273.3,289582
SUMIT,20200812,9.6,9.8,9.25,9.4,25875
SUMMITSEC,20200812,399.5,405.6,387.65,400.2,1472
SUNCLAYLTD,20200812,1655,1655.1,1596.85,1610.1,8754
SUNDARAM,20200812,1.4,1.45,1.4,1.45,93020
SUNDARMFIN,20200812,1331.05,1364,1331.05,1360.25,12936
SUNDARMHLD,20200812,47,48,46.95,48,45724
SUNDRMBRAK,20200812,223.95,225.8,219.45,224,1791
SUNDRMFAST,20200812,422,454,422,441,202445
SUNFLAG,20200812,46.45,46.45,44.6,45.95,499408
SUNPHARMA,20200812,540.75,540.75,529.75,532.15,7407250
SUNTECK,20200812,221,227,211.25,220.4,236060
SUNTV,20200812,397.85,402.6,394,401.9,1143626
SUPERHOUSE,20200812,87,92.4,85,89.15,11044
SUPERSPIN,20200812,4.7,4.9,4.5,4.85,30703
SUPPETRO,20200812,194.65,199,191.65,192.65,38145
SUPRAJIT,20200812,171.75,171.75,167.55,168.75,70360
SUPREMEIND,20200812,1245,1265,1225.25,1233.5,34192
SURANASOL,20200812,7,7,6.7,6.95,23530
SURANAT&P,20200812,3.75,3.75,3.55,3.7,17963
SURYALAXMI,20200812,17.1,17.9,16.8,16.95,12750
SURYAROSNI,20200812,167,175.45,158.2,163.75,214979
SUTLEJTEX,20200812,18.85,22.55,18.4,22.5,1410812
SUVEN,20200812,47,48.9,46,47.55,1810216
SUVENPHAR,20200812,705.4,705.7,677.7,682.1,342296
SUZLON,20200812,4.3,4.3,4.1,4.1,16078338
SWANENERGY,20200812,147.8,148.5,141.3,141.75,168243
SWARAJENG,20200812,1538,1538,1500,1512.25,7972
SWELECTES,20200812,103.7,103.9,100.95,102.25,4236
SWSOLAR,20200812,253.25,256,244.6,251.3,209002
SYMPHONY,20200812,830,840,820,831.35,36780
SYNCOM,20200812,2.2,2.2,2.15,2.2,541420
SYNGENE,20200812,491.9,504,486.1,490.45,788977
TAINWALCHM,20200812,48.75,51.25,48.75,50.1,690
TAJGVK,20200812,142.75,147.65,142.3,144.8,132273
TAKE,20200812,48.5,49.65,46.05,47.5,504811
TALBROAUTO,20200812,111,119.7,109,113.05,329345
TANLA,20200812,164.95,169.4,151.2,155.7,941947
TARMAT,20200812,39.95,39.95,39.95,39.95,6971
TASTYBITE,20200812,12244,12700,11997.3,12465.3,2636
TATACHEM,20200812,295,297.45,292.55,295.9,940734
TATACOFFEE,20200812,105.35,106.95,102.7,106.4,1075628
TATACOMM,20200812,818,830,776.8,786.4,186196
TATACONSUM,20200812,515.2,522,509.15,517.55,3883868
TATAELXSI,20200812,1008,1023.8,992,1014.35,332120
TATAINVEST,20200812,789,797.05,774.65,776.95,13428
TATAMETALI,20200812,509,517.5,505.05,507.1,19866
TATAMOTORS,20200812,121,126.4,120.6,125.35,50715485
TATAMTRDVR,20200812,41.5,43.25,41,42.95,6056008
TATAPOWER,20200812,51.9,53.6,51.2,52.95,26298223
TATASTEEL,20200812,413.7,417.35,407.55,414.5,11574692
TATASTLBSL,20200812,24.8,24.8,23.8,24.3,3884952
TATASTLLP,20200812,305.3,323,301.45,316.15,143365
TBZ,20200812,36.2,36.5,35.35,35.65,247684
TCI,20200812,187.5,193.05,182.1,190.3,190933
TCIDEVELOP,20200812,309.5,309.5,260.5,286.65,358
TCIEXP,20200812,725,749,719.15,744.85,19525
TCIFINANCE,20200812,5.75,5.9,5.55,5.85,17077
TCNSBRANDS,20200812,337.45,342.7,333,335.9,17021
TCPLPACK,20200812,332.95,333.4,313.5,324.35,5934
TCS,20200812,2288.35,2296.4,2246.55,2257.35,3415766
TDPOWERSYS,20200812,113.15,117.95,111,115.55,36642
TEAMLEASE,20200812,2089.5,2089.8,2040,2062.35,52586
TECHIN,20200812,3.05,3.15,3,3.15,1383
TECHM,20200812,675,694,672.65,692.05,4355483
TECHNOE,20200812,181.95,184.75,175.2,176.9,24830
TECHNOFAB,20200812,8.6,9,8.5,9,8333
TEJASNET,20200812,70.35,70.35,70.35,70.35,99754
TERASOFT,20200812,29,29,27.65,28.5,25036
TEXINFRA,20200812,37.1,37.1,35.6,36.25,40885
TEXMOPIPES,20200812,12.95,13.35,12.5,12.85,102071
TEXRAIL,20200812,25.7,26.05,25.3,25.5,627918
TFCILTD,20200812,36.45,36.75,35.3,35.95,170161
TFL,20200812,3.45,3.45,3.15,3.4,1437
TGBHOTELS,20200812,4.55,4.6,4.2,4.5,19183
THANGAMAYL,20200812,338,341.2,333.9,339.05,37268
THEINVEST,20200812,109,109,105.15,107.7,1557
THEMISMED,20200812,394.3,405,386.6,400.1,2125
THERMAX,20200812,736,754.75,733,744.05,60418
THOMASCOOK,20200812,30.5,32.95,30.4,31,714239
THOMASCOTT,20200812,5.5,5.5,5.45,5.45,1089
THYROCARE,20200812,700,720,686,703,131033
TI,20200812,18.85,18.85,17.5,17.55,57196
TIDEWATER,20200812,4800,4869,4750,4808.45,2054
TIIL,20200812,230.45,247.4,226.5,234.5,16184
TIINDIA,20200812,533,553.15,533,549.75,49835
TIJARIA,20200812,5.9,6.05,5.7,5.85,10358
TIL,20200812,149,154,142,149.1,13951
TIMESGTY,20200812,24.85,26.85,24.75,25.15,2053
TIMETECHNO,20200812,39.7,39.7,38.5,38.75,190671
TIMKEN,20200812,1016.05,1029,995.2,998.95,17250
TINPLATE,20200812,147.2,147.7,144.1,145.5,991760
TIPSINDLTD,20200812,195,195,176.4,185.9,19696
TIRUMALCHM,20200812,60.6,62.5,60.3,61.45,380648
TIRUPATIFL,20200812,33.25,33.25,33.25,33.25,3123
TITAN,20200812,1068,1076.9,1048.55,1056.35,6260237
TMRVL,20200812,10,10.1,9.7,10,47406
TNPETRO,20200812,36.15,41.7,36.15,39.8,3379044
TNPL,20200812,119.3,128.4,119,125,3856136
TNTELE,20200812,1.9,1.9,1.8,1.8,5761
TOKYOPLAST,20200812,59.05,61.05,59,59.6,1548
TORNTPHARM,20200812,2865.1,2905,2807,2816,1042384
TORNTPOWER,20200812,339.7,348.3,337.8,342.9,3651314
TOUCHWOOD,20200812,45.6,50,45.6,49.95,5955
TPLPLASTEH,20200812,117.4,118.45,116,116.1,4023
TREEHOUSE,20200812,7.8,7.8,7.5,7.8,269795
TREJHARA,20200812,9.15,9.15,9,9,6978
TRENT,20200812,555.55,569.65,552,554.6,412643
TRF,20200812,109.4,124.7,104.95,117.3,1065940
TRIDENT,20200812,6.75,6.75,6.65,6.7,5212462
TRIGYN,20200812,38.4,38.4,36.75,37.6,48506
TRIL,20200812,10.3,10.55,10.2,10.35,105752
TRITURBINE,20200812,65.2,65.25,63.8,64,299346
TRIVENI,20200812,79.75,79.75,77.05,78.2,1545032
TTKHLTCARE,20200812,539,556.95,523,528,8018
TTKPRESTIG,20200812,5489.95,5506.6,5410,5427.2,1682
TTL,20200812,32.05,35,31.3,34.45,29573
TTML,20200812,3.8,3.8,3.65,3.75,1315063
TV18BRDCST,20200812,34.05,34.35,33.45,33.7,3721488
TVSELECT,20200812,92.7,95.3,88.2,95.3,43592
TVSMOTOR,20200812,416.7,422.8,409.05,417.65,3892666
TVSSRICHAK,20200812,1562.4,1590,1550,1557.2,11748
TVTODAY,20200812,224.55,224.55,217.25,218.4,67820
TVVISION,20200812,1.85,1.9,1.85,1.9,6229
TWL,20200812,41.5,43.4,40.5,40.95,247464
UBL,20200812,969.2,971.9,950,964.15,520385
UCALFUEL,20200812,111.9,117.85,110,115.15,74707
UCOBANK,20200812,14,14.15,13.9,13.9,3847173
UFLEX,20200812,327,330,321.25,325.95,151566
UFO,20200812,76.5,80.5,74.7,77.4,1122609
UGARSUGAR,20200812,14.45,14.9,14.15,14.65,233750
UJAAS,20200812,4.8,5,4.65,5,1922646
UJJIVAN,20200812,233.95,237.45,230.8,236.6,2029504
UJJIVANSFB,20200812,34.9,35.55,34.5,35.1,752824
ULTRACEMCO,20200812,3973.45,4014.15,3926,3999.65,466155
UMANGDAIRY,20200812,45.5,45.5,43.5,43.85,2757
UNICHEMLAB,20200812,243,248,235,240.1,100847
UNIENTER,20200812,60.35,63,60.35,62.8,3571
UNIONBANK,20200812,31.8,31.8,30.7,30.85,12782609
UNIPLY,20200812,5.4,5.6,5.35,5.5,622783
UNITEDTEA,20200812,303.95,303.95,295,297.6,4429
UNIVASTU,20200812,32.65,36.8,31.7,32.4,6058
UNIVCABLES,20200812,120.35,140,119.9,133.7,295032
UNIVPHOTO,20200812,241.15,241.15,241.15,241.15,1258
UPL,20200812,481.25,489,471.05,487.15,4332818
URJA,20200812,3,3.1,2.95,2.95,1976545
USHAMART,20200812,21.8,23,20.95,22.45,603444
UTINEXT50,20200812,275,287.99,275,284.92,468
UTINIFTETF,20200812,1200.88,1207.8,1194.1,1207.45,249
UTISENSETF,20200812,403,403.01,398.72,399.52,234
UTTAMSTL,20200812,6.65,6.8,6.45,6.7,71219
UTTAMSUGAR,20200812,86.05,88,86.05,86.65,112220
UVSL,20200812,0.55,0.55,0.5,0.55,14694588
V2RETAIL,20200812,49,52,48.75,49.3,402283
VADILALIND,20200812,613.35,615,605,610.35,4289
VAIBHAVGBL,20200812,1951,1970,1823,1849.25,38793
VAISHALI,20200812,44.4,44.4,42.55,43.55,2404
VAKRANGEE,20200812,31.3,31.4,30.6,30.7,1485543
VARDHACRLC,20200812,29.6,29.6,28.9,29.05,14565
VARDMNPOLY,20200812,8.95,9.1,8.95,9.1,8644
VARROC,20200812,215.8,226.8,208.85,220.05,251646
VASCONEQ,20200812,8.8,9,8.65,8.9,169719
VASWANI,20200812,4.95,5.35,4.85,5.3,13839
VBL,20200812,738,753.55,735,736.15,102674
VEDL,20200812,124.1,128.1,122.4,123.4,13874964
VENKEYS,20200812,1097.75,1173,1091.05,1144.9,481955
VENUSREM,20200812,107,113.5,103.75,107.6,54001
VERTOZ,20200812,124,124,119.25,121.6,34696
VESUVIUS,20200812,918,980,890,964.7,40407
VETO,20200812,43.05,46.5,43.05,46,18086
VGUARD,20200812,163.25,163.3,159.75,160.35,869438
VHL,20200812,1292.9,1304.5,1215.25,1294.75,3488
VICEROY,20200812,2.6,2.7,2.5,2.7,44308
VIDHIING,20200812,89,93.4,87.6,90.3,140328
VIJIFIN,20200812,0.6,0.6,0.55,0.6,92700
VIKASECO,20200812,9.5,9.5,9.5,9.5,173862
VIKASMCORP,20200812,12.65,13.15,12.65,13.15,8264224
VIKASPROP,20200812,3.8,3.8,3.5,3.7,6361059
VIKASWSP,20200812,6.45,6.45,6,6.35,215260
VIMTALABS,20200812,116.2,122.7,114.2,117.8,615111
VINATIORGA,20200812,970,975.2,966,967.65,35367
VINDHYATEL,20200812,711.3,733,702.1,711.45,18839
VINYLINDIA,20200812,89.9,89.9,77.6,87.3,212710
VIPCLOTHNG,20200812,6.6,6.7,6.1,6.7,81027
VIPIND,20200812,260,274.9,258.3,271.8,1838547
VIPULLTD,20200812,14,14,13,13.85,8715
VISAKAIND,20200812,326.95,333.5,323.25,327.1,42248
VISASTEEL,20200812,5.45,5.45,5.15,5.35,5849
VISHAL,20200812,263.2,285,263.2,272.2,3089
VISHNU,20200812,195.5,195.5,181.2,182.9,38014
VISHWARAJ,20200812,87.05,90.9,87.05,87.85,5139
VIVIDHA,20200812,0.45,0.45,0.4,0.4,945683
VIVIMEDLAB,20200812,15.55,15.55,14.4,15.55,871713
VLSFINANCE,20200812,52.7,54,52.15,52.9,18060
VMART,20200812,1800,1810,1775.25,1794.55,6113
VOLTAMP,20200812,1101.6,1167,1092.2,1158.85,24271
VOLTAS,20200812,607.9,616,602.35,604.7,1732637
VRLLOG,20200812,149.8,152.6,149,149.9,109752
VSSL,20200812,65.15,67.75,63.8,65.05,11376
VSTIND,20200812,3449.9,3449.9,3406.85,3423.35,64091
VSTTILLERS,20200812,1499,1630,1462.25,1603.3,167233
VTL,20200812,704.25,718.05,702.15,712.15,10883
WABAG,20200812,140.5,140.5,135.1,136.6,221742
WABCOINDIA,20200812,7018.65,7018.65,6999.9,7001.4,35840
WALCHANNAG,20200812,60.4,60.4,58.2,60.4,674210
WANBURY,20200812,43.7,43.7,39.6,43.7,145243
WATERBASE,20200812,92.3,97,92.3,94.4,195364
WEBELSOLAR,20200812,18.2,18.2,17.2,17.8,24905
WEIZMANIND,20200812,30,30.8,29.15,29.55,4842
WELCORP,20200812,109.9,114.2,106.7,112.1,2923095
WELENT,20200812,64.95,73.75,63.7,69.75,876221
WELINV,20200812,240,243.6,224.05,243.6,23167
WELSPUNIND,20200812,47.9,49.4,47.1,49.4,1426621
WENDT,20200812,2508.05,2520,2484.5,2508.65,239
WESTLIFE,20200812,351.95,358,349.5,356,211847
WHEELS,20200812,433,439.5,422.55,430.35,13479
WHIRLPOOL,20200812,2066.65,2072,2031.55,2044.9,68479
WILLAMAGOR,20200812,19.45,19.5,17.5,17.85,21144
WINDMACHIN,20200812,12.8,13.6,12.6,13.15,19741
WIPL,20200812,50,50,50,50,51
WIPRO,20200812,280.4,280.7,274.55,276.2,8903667
WOCKPHARMA,20200812,315.05,318.45,310,311.95,426570
WONDERLA,20200812,159.25,178.95,156.35,170.25,747064
WORTH,20200812,46.65,47.85,46.15,46.9,3593
WSI,20200812,1.4,1.4,1.4,1.4,6405
WSTCSTPAPR,20200812,189.95,189.95,184.05,186,141810
XCHANGING,20200812,65.9,66,65.1,65.35,155127
XELPMOC,20200812,122.95,123,113.65,122,60827
XPROINDIA,20200812,24,24.8,23.4,23.75,1100
YESBANK,20200812,16.25,16.25,16.25,16.25,31868264
ZEEL,20200812,158.15,164.3,156.25,161.25,38668106
ZEELEARN,20200812,14,14.9,13.9,14.25,1609605
ZEEMEDIA,20200812,5.55,5.8,5.45,5.8,1034619
ZENITHBIR,20200812,0.75,0.75,0.75,0.75,1000
ZENITHEXPO,20200812,46,46,41.8,45.6,2883
ZENSARTECH,20200812,175.8,176.8,173,175.2,150658
ZENTEC,20200812,77.9,88.9,76.5,86.3,2965827
ZICOM,20200812,1.6,1.6,1.55,1.6,39117
ZODIACLOTH,20200812,118.8,119.8,116.55,118.85,1989
ZODJRDMKJ,20200812,25.9,27.7,25.9,26.15,4914
ZOTA,20200812,143.35,143.85,141.1,141.55,5418
ZUARI,20200812,94.15,94.35,89.2,89.55,140693
ZUARIGLOB,20200812,54.1,54.1,52,52.65,38629
ZYDUSWELL,20200812,1645.7,1648,1592.1,1599.3,35664
NSENIFTY,20200812,11289.00,11322.00,11242.65,11308.40,609858960,0
NIFTYJUNIOR,20200812,27377.65,27412.25,27171.10,27381.15,345125014,0
NIFTYMIDCAPLIQ15,20200812,3902.15,3951.30,3879.90,3937.80,198023094,0
NSE100,20200812,11441.05,11470.90,11389.70,11458.25,954983974,0
NIFTY200,20200812,5844.85,5860.65,5819.25,5854.05,1646054830,0
NSE500,20200812,9269.15,9294.90,9229.20,9284.80,2142381903,0
NSEMIDCAP150,20200812,6145.55,6169.80,6120.85,6156.65,715153850,0
MIDCAP50,20200812,4472.20,4516.80,4450.25,4505.65,644935406,0
NSEMIDCAP,20200812,16233.90,16296.55,16163.00,16268.85,691070856,0
NSESMLCAP100,20200812,5364.45,5399.45,5336.55,5393.00,-,0
NIFTYLARGEMIDCAP250,20200812,-,-,-,5770.61,1670137824,0
NIFTYAUTO,20200812,7613.75,7808.10,7586.75,7785.05,202279569,0
BANKNIFTY,20200812,22135.95,22326.55,21990.20,22264.00,507472323,0
NIFTYFINSERVICE,20200812,10994.75,11032.50,10907.45,10996.10,274415316,0
NIFTYFMGC,20200812,31690.30,31723.45,31537.90,31636.70,41031436,0
NSEIT,20200812,18077.15,18109.80,17900.00,18066.00,38941130,0
NIFTYMEDIA,20200812,1364.85,1408.90,1354.50,1398.85,70968905,0
NIFTYMETAL,20200812,2352.05,2359.15,2320.90,2354.80,103343433,0
NIFTYPHARMA,20200812,11766.40,11766.40,11536.75,11590.25,40291481,0
NIFTYPVTBANK,20200812,12103.20,12167.10,12016.95,12124.45,217221827,0
NIFTYPSUBANK,20200812,1455.35,1495.35,1446.10,1477.70,345446487,0
NIFTYREALTY,20200812,207.85,208.40,206.00,207.05,11662984,0
NIFTYCOMMODITIES,20200812,3101.80,3104.65,3083.25,3099.35,190700267,0
NIFTYCONSUMPTION,20200812,5061.90,5090.30,5050.40,5073.15,164592352,0
NIFTYCPSE,20200812,1438.95,1451.35,1432.80,1446.60,107778568,0
NIFTYENERGY,20200812,15542.50,15594.40,15452.05,15549.00,124311227,0
NIFTY100ESG,20200812,-,-,-,2213.62,751400025,0
NIFTY100ENHESG,20200812,-,-,-,2227.23,734969099,0
NIFTYINFRA,20200812,3187.75,3206.40,3178.70,3196.75,255435996,0
NIFTYMNC,20200812,13927.50,13955.15,13879.10,13929.55,225577060,0
NIFTYPSE,20200812,2514.90,2522.80,2497.20,2514.35,239402099,0
NIFTYSMEEMERGE,20200812,-,-,-,1248.16,1060663,0
NIFTYSERVSECTOR,20200812,14660.25,14700.55,14576.60,14682.70,464512845,0
NIFTYSHARIAH25,20200812,-,-,-,4462.71,146972604,0
NIFTY50SHARIAH,20200812,-,-,-,2738.77,102677201,0
NIFTY500SHARIAH,20200812,-,-,-,3211.61,457198767,0
NIFTYABGROUP,20200812,-,-,-,2661.40,183176782,0
NIFTYMAHINDRA,20200812,-,-,-,9563.52,18471623,0
NIFTYTATA,20200812,-,-,-,7029.84,123898461,0
NIFTYTATA25CAP,20200812,-,-,-,4698.72,113849752,0
NIFTYABGROUP,20200812,-,-,-,2661.40,183176782,0
NIFTYLIQ15,20200812,2800.50,2830.25,2786.50,2820.70,353987322,0
NIFTY500VALUE50,20200812,-,-,-,3129.74,479481048,0
NIFTYQUALLOWVOL30,20200812,-,-,-,8599.45,116966796,0
NIFTYALPHAQUALLOWVOL30,20200812,-,-,-,9871.51,129595821,0
NIFTYALPHAQUALVALLOWVOL30,20200812,-,-,-,7508.70,153587610,0
NIFTY50EQUALWEIGHT,20200812,11571.00,11630.60,11525.40,11614.40,609858960,0
NIFTY100EQUALWEIGHT,20200812,12640.45,12697.55,12574.75,12680.35,954983974,0
NIFTY100LOWVOL30,20200812,9068.75,9098.95,9029.75,9089.45,164202622,0
NIFTY50DIVPOINT,20200812,41.78,41.78,41.78,41.78,-,0
NIFTYDIVOPPS50,20200812,2432.35,2442.70,2419.50,2439.65,407573699,0
NIFTYALPHA50,20200812,15394.20,15413.50,15306.95,15395.90,125806198,0
NIFTYHIGHBETA50,20200812,-,-,-,1136.76,1051799397,0
NIFTYLOWVOL50,20200812,-,-,-,11108.47,159447014,0
NIFTY50VALUE20,20200812,5558.45,5585.45,5525.60,5580.40,225506696,0
NIFTYGROWSECT15,20200812,5461.35,5470.40,5431.05,5459.30,157617200,0
NIFTY50TR2XLEV,20200812,5338.45,5369.65,5295.25,5356.85,-,0
NIFTY50PR2XLEV,20200812,4045.95,4069.60,4013.25,4059.90,-,0
NIFTY50TR1XINV,20200812,338.30,339.65,337.35,337.75,-,0
NIFTY50PR1XINV,20200812,388.40,389.95,387.25,387.70,-,0
NIFTY-GS-COMPSITE,20200812,2243.99,2245.03,2241.56,2244.68,-,0
NIFTY-GS-4-8YR,20200812,2344.30,2344.30,2342.05,2343.56,-,0
NIFTY-GS-8-13YR,20200812,2201.58,2203.51,2199.25,2203.21,-,0
NIFTY-GS-10YR,20200812,1994.26,1996.97,1992.26,1996.47,-,0
NIFTY-GS-10YR-CLN,20200812,970.84,972.16,969.86,971.92,-,0
NIFTY-GS-11-15YR,20200812,2376.16,2378.43,2373.12,2377.59,-,0
NIFTY-GS-15YRPLUS,20200812,2620.05,2620.69,2618.65,2620.69,-,0
VIX,20200812,21.36,21.92,16.85,20.85,0,0
