20MICRONS,20200619,30.9,33.5,30.7,31.3,88615
21STCENMGM,20200619,10.8,10.8,10.65,10.8,4683
3IINFOTECH,20200619,2.75,2.75,2.55,2.6,15926954
3MINDIA,20200619,18899,18899,18300,18593.3,8332
3PLAND,20200619,5.85,5.85,5.85,5.85,375
5PAISA,20200619,171.85,179,171.85,177.3,24592
63MOONS,20200619,75.15,82,75.15,80.8,30085
A2ZINFRA,20200619,4.8,4.8,4.8,4.8,108016
AARTIDRUGS,20200619,1047.65,1071,1044.95,1064.55,173890
AARTIIND,20200619,945,962.75,935,961.2,741145
AARVEEDEN,20200619,11.85,12,11.3,11.45,8601
AAVAS,20200619,1277.2,1380,1277.2,1366.6,159717
ABAN,20200619,23.9,25.05,23.3,24.7,494863
ABB,20200619,789.5,830,788,813,1355781
ABBOTINDIA,20200619,15868,15995,15611.1,15658.45,17960
ABCAPITAL,20200619,55.6,58.7,54.75,55.2,11925837
ABFRL,20200619,135.8,136.9,132,133.1,2070948
ABMINTLTD,20200619,12.4,12.4,12.4,12.4,55
ABSLBANETF,20200619,205,208,202.01,202.49,282
ABSLNN50ET,20200619,257.5,258,257.5,258,41
ACC,20200619,1252,1284.9,1246.1,1272,904534
ACCELYA,20200619,944,954.2,944,945.55,4245
ACE,20200619,58,59.95,57.1,58,691220
ADANIENT,20200619,149.6,154.4,148.9,152.7,5245929
ADANIGAS,20200619,136.7,143.65,136,142.35,4665280
ADANIGREEN,20200619,419.95,420.65,413.65,420.65,2882495
ADANIPORTS,20200619,344.4,354.9,341.5,348.9,6917610
ADANIPOWER,20200619,37.65,38.55,37.6,38,10731869
ADANITRANS,20200619,222,229.8,216.5,221.25,1949029
ADFFOODS,20200619,304,315,294.9,309.35,116208
ADHUNIKIND,20200619,19.4,19.4,18.2,18.75,48832
ADORWELD,20200619,246.65,255,246.1,252.45,14691
ADROITINFO,20200619,7.45,7.6,7.05,7.45,13663
ADSL,20200619,18.8,19.05,17.6,17.95,84189
ADVANIHOTR,20200619,43.95,44.75,41.55,44.7,9332
ADVENZYMES,20200619,171,173.8,165.6,167.1,175643
AEGISCHEM,20200619,182.3,189,180.7,186.1,267923
AFFLE,20200619,1499,1499,1444.55,1480.45,24072
AGARIND,20200619,70.8,73,69.3,70.8,56760
AGCNET,20200619,301.05,309.5,301,305.4,768
AGRITECH,20200619,35,36.3,35,36,4645
AGROPHOS,20200619,12.8,14.1,12.8,13.95,215979
AHLEAST,20200619,143.2,143.2,139.6,140.55,103
AHLUCONT,20200619,211.55,211.55,191.2,192.85,40102
AHLWEST,20200619,265,269.95,259.05,266.55,214
AIAENG,20200619,1660,1675.35,1586.5,1614.65,57781
AIONJSW,20200619,14.1,14.85,13.85,14.25,189101
AIRAN,20200619,12.65,13.9,12.6,13.9,166425
AJANTPHARM,20200619,1466,1475,1445.25,1451.5,129161
AJMERA,20200619,85.85,92.9,85.65,91.1,276211
AKASH,20200619,97.65,97.65,89,91.05,1636
AKSHARCHEM,20200619,206.95,210.1,201.7,204.3,15236
AKSHOPTFBR,20200619,6.75,6.75,6.45,6.75,294457
AKZOINDIA,20200619,1868,1895.85,1827.65,1858.15,15560
ALANKIT,20200619,18.5,18.5,18.05,18.25,1640375
ALBERTDAVD,20200619,500.8,509.5,495,499.3,11905
ALEMBICLTD,20200619,78.4,84.4,75.4,80.85,3465693
ALICON,20200619,230.05,242.45,230.05,236.1,13637
ALKALI,20200619,55.65,55.65,47.15,48.1,194806
ALKEM,20200619,2313.9,2333.35,2282.85,2305.35,525249
ALKYLAMINE,20200619,2119,2126.1,2080,2084.45,243488
ALLCARGO,20200619,81,83.85,81,82.25,128789
ALLSEC,20200619,196.7,205,195.35,203.75,4061
ALMONDZ,20200619,11.55,12.4,11.05,11.75,3240
ALOKINDS,20200619,36.15,36.15,36.15,36.15,1357238
ALPA,20200619,23.5,24.55,22.5,24.05,155450
ALPHAGEO,20200619,219,219,211,211.7,73273
ALPSINDUS,20200619,1.35,1.35,1.35,1.35,11529
AMARAJABAT,20200619,679.4,685.4,669.75,673.5,856687
AMBER,20200619,1489.15,1519.9,1470.2,1510.75,58248
AMBIKCO,20200619,687.85,698,670.55,690.25,3045
AMBUJACEM,20200619,188.4,194,187.55,190.8,7723563
AMDIND,20200619,14.9,15.4,14.9,15.1,15969
AMJLAND,20200619,16.85,18.9,15.3,18.9,85627
AMRUTANJAN,20200619,372.55,380,366,376.4,442782
ANANTRAJ,20200619,24.3,24.3,23.2,24,151038
ANDHRACEMT,20200619,7.35,7.35,7.35,7.35,172665
ANDHRAPAP,20200619,235.65,241.8,235.4,240.4,10654
ANDHRSUGAR,20200619,268.3,278.9,265,268.9,156497
ANIKINDS,20200619,10.4,10.4,9.5,9.95,29507
ANKITMETAL,20200619,0.6,0.7,0.6,0.7,51311
ANSALAPI,20200619,4.45,4.45,4.05,4.1,367991
ANSALHSG,20200619,4.25,4.25,4.05,4.25,195561
ANUP,20200619,339.3,355.45,339.05,345.85,7429
APARINDS,20200619,325,329.8,318.3,326.05,21278
APCL,20200619,129.95,134,127.1,128.6,5898
APCOTEXIND,20200619,115.95,117.5,111.05,113.2,37125
APEX,20200619,252.95,259.95,248.6,250.6,156900
APLAPOLLO,20200619,1608.4,1608.4,1565,1589.05,46323
APLLTD,20200619,913.4,951,905.3,946.5,682717
APOLLO,20200619,112.95,113.8,108.3,111.4,243793
APOLLOHOSP,20200619,1357,1384,1350.15,1370.7,894818
APOLLOPIPE,20200619,334,336.75,321,327.95,38601
APOLLOTYRE,20200619,106.5,109.9,106,109,13632267
APOLSINHOT,20200619,515.75,518,500,500,287
APTECHT,20200619,102,104,99.25,101.55,167333
ARCHIDPLY,20200619,22.45,22.7,21.4,22.15,56032
ARCHIES,20200619,10.7,11.2,10.7,10.95,25378
ARCOTECH,20200619,2.7,2.7,2.6,2.65,175008
ARENTERP,20200619,11.25,11.25,10.3,11,3449
ARIES,20200619,70,72,69,70.8,61651
ARIHANT,20200619,15.2,16.7,15.2,16.65,19271
ARIHANTSUP,20200619,27.35,27.35,26.1,27.35,19029
ARMANFIN,20200619,392.95,411,382,404.65,16801
AROGRANITE,20200619,23.45,25,23.15,24.5,10688
ARROWGREEN,20200619,42.7,44.7,41.1,44.65,7792
ARSHIYA,20200619,10.3,10.8,9.85,10.75,27939
ARSSINFRA,20200619,14.7,14.8,13.95,14.8,9774
ARTEMISMED,20200619,173.05,179.95,173.05,178.4,1001
ARVIND,20200619,35.45,35.45,34.2,34.5,1246436
ARVINDFASN,20200619,180.5,185.5,171.5,183.15,62368
ARVSMART,20200619,80,84,75.15,83.1,535508
ASAHIINDIA,20200619,174,177.45,164,174.6,37426
ASAHISONG,20200619,130,130.05,121,121.75,13063
ASAL,20200619,18.5,19.65,18.1,19.3,6051
ASALCBR,20200619,231.55,249,231.55,246.35,119036
ASHAPURMIN,20200619,41.5,41.5,39.4,39.95,30231
ASHIANA,20200619,51.15,53.5,50.75,52.25,322326
ASHIMASYN,20200619,6.7,6.7,6.7,6.7,133346
ASHOKA,20200619,65.75,67.3,64.3,64.8,5037867
ASHOKLEY,20200619,51.3,54.9,51.1,54.35,60317643
ASIANHOTNR,20200619,55.9,55.95,54.7,55.15,10643
ASIANPAINT,20200619,1597.8,1630,1591.05,1622.5,2714342
ASIANTILES,20200619,174,177.7,168.25,169.8,337939
ASPINWALL,20200619,103.95,110.8,103.95,109.35,835
ASTEC,20200619,775,796.85,753,769.35,257220
ASTERDM,20200619,123.8,125.25,115.7,119.8,309060
ASTRAL,20200619,920,925,883.2,905.85,886630
ASTRAMICRO,20200619,93.6,94.9,91.05,92.7,762925
ASTRAZEN,20200619,3332.15,3387,3251,3267.6,44678
ASTRON,20200619,37.65,37.8,35.75,36.8,198843
ATFL,20200619,520,526,512.3,523,4710
ATLANTA,20200619,7.15,7.2,6.75,7.05,65501
ATLASCYCLE,20200619,39.3,39.3,39.3,39.3,13300
ATUL,20200619,4458.7,4500,4416.7,4468.65,29018
ATULAUTO,20200619,155.55,169,155.55,162.2,78595
AUBANK,20200619,473.85,496.5,472.6,486.15,1258733
AURIONPRO,20200619,60.8,60.8,56,57.25,14738
AUROPHARMA,20200619,789,794.65,780.1,783.45,2420570
AUSOMENT,20200619,28.95,29.95,27.25,29.2,8572
AUTOAXLES,20200619,495.15,517.9,494.95,500.55,18540
AUTOIND,20200619,17.4,19,17.4,18.75,10786
AUTOLITIND,20200619,17.05,17.7,17,17.05,4334
AVADHSUGAR,20200619,200,201.8,194,199.6,94748
AVANTIFEED,20200619,462.15,471,460,463.6,433426
AVTNPL,20200619,40.8,41.9,39.1,39.7,279403
AXISBANK,20200619,407.5,422.3,407.5,417.05,52085893
AXISCADES,20200619,37.6,37.65,35,36.5,151680
AXISGOLD,20200619,4135,4168.95,4135,4141.9,819
AXISNIFTY,20200619,1030.99,1045.01,978.7,1032,340
AYMSYNTEX,20200619,26,27.05,25.55,26.35,11228
BAGFILMS,20200619,3,3,3,3,123469
BAJAJ-AUTO,20200619,2690,2710,2655,2674.35,929101
BAJAJCON,20200619,146,150.45,140,148.6,3986437
BAJAJELEC,20200619,409.9,416,395.1,410.75,445685
BAJAJFINSV,20200619,5450,5970.3,5443.8,5899.8,3595572
BAJAJHIND,20200619,6.65,6.9,6.65,6.9,3763662
BAJAJHLDNG,20200619,2467.35,2569.95,2412.65,2527.25,102066
BAJFINANCE,20200619,2562,2714.55,2560,2698.6,18604004
BALAJITELE,20200619,78.95,83,75.25,76.05,498679
BALAMINES,20200619,429,444.7,427.55,435.55,90939
BALAXI,20200619,128,128,118.3,123.6,2765
BALKRISHNA,20200619,13.05,14.15,13,13.1,34283
BALKRISIND,20200619,1222,1244.35,1208.2,1215.85,1488434
BALLARPUR,20200619,1.1,1.1,1.1,1.1,567517
BALMLAWRIE,20200619,106.6,107.65,105.2,105.85,95606
BALPHARMA,20200619,46,48.3,43,44.3,97949
BALRAMCHIN,20200619,132.45,135.25,130.2,130.6,3065352
BANARBEADS,20200619,37.85,43.95,35.25,43.95,128743
BANARISUG,20200619,965,980,925.1,965.8,1533
BANCOINDIA,20200619,72.5,74.75,71.35,71.75,317667
BANDHANBNK,20200619,272.55,294.7,272.55,290.6,20301806
BANG,20200619,16.25,16.5,16.15,16.2,1651
BANKBARODA,20200619,46.45,47.5,45.9,47.05,48159332
BANKBEES,20200619,211.97,216.14,210.08,215.07,2292363
BANKINDIA,20200619,51.75,52.4,50.8,51.45,6665069
BANSWRAS,20200619,87,93.6,84.4,87.05,32158
BASF,20200619,1114.6,1140,1096.75,1130.15,31349
BASML,20200619,92.05,96,90.9,93.65,2934
BATAINDIA,20200619,1320,1355.7,1314.6,1343.55,1025604
BAYERCROP,20200619,5801,6005,5700,5989.9,54481
BBL,20200619,701.05,740.05,701.05,721.85,6679
BBTC,20200619,1051,1075.65,1022.85,1057.4,146192
BCG,20200619,10.45,10.45,10.45,10.45,492358
BCP,20200619,5.55,5.65,5.45,5.65,474317
BDL,20200619,272.5,274,265,266.75,86039
BEARDSELL,20200619,8.85,9.15,8.65,9.15,1110
BEDMUTHA,20200619,14.3,14.3,14.3,14.3,6374
BEL,20200619,77.45,81.5,76.45,80.05,28636591
BEML,20200619,630,667,616.1,642.95,2837521
BEPL,20200619,44,45.45,43.1,43.75,536056
BERGEPAINT,20200619,501.9,510.75,497,500.5,2112948
BFINVEST,20200619,292.65,301,286.4,290.05,15782
BFUTILITIE,20200619,186.95,197.75,185.5,193.85,358225
BGRENERGY,20200619,38.5,40,33.6,35.7,1114179
BHAGERIA,20200619,114.5,121.6,114.5,118.4,203090
BHAGYANGR,20200619,23.1,23.9,21.25,21.8,146570
BHAGYAPROP,20200619,23.75,23.75,20.8,21.25,70352
BHANDARI,20200619,1.4,1.4,1.4,1.4,155685
BHARATFORG,20200619,363.9,379.8,361.55,375.8,3234212
BHARATGEAR,20200619,45.5,45.95,44.05,44.2,6659
BHARATRAS,20200619,7130,7130,6911.1,7012.55,2330
BHARATWIRE,20200619,18.3,19.15,18.3,19.15,16835
BHARTIARTL,20200619,561.9,578.2,561,572.5,41152446
BHEL,20200619,32.65,33,31.75,32.45,101037121
BIGBLOC,20200619,26.75,27.75,26.75,27.5,3304
BIL,20200619,98.35,101.8,98.05,100.8,9631
BILENERGY,20200619,1.4,1.4,1.4,1.4,56844
BINDALAGRO,20200619,10.65,11.65,10.6,11.5,112608
BIOCON,20200619,393.85,397.25,380.1,381.25,6460477
BIOFILCHEM,20200619,13.15,13.7,13.1,13.7,12469
BIRLACABLE,20200619,57.4,61.6,54.3,55.6,913207
BIRLACORPN,20200619,535.95,588.4,535.5,573.95,782614
BIRLAMONEY,20200619,32.7,33.3,31.9,32.2,236996
BIRLATYRE,20200619,32.85,32.85,32.85,32.85,11951
BKMINDST,20200619,1.15,1.15,1.15,1.15,47312
BLBLIMITED,20200619,4.7,5.4,4.4,5.4,397310
BLISSGVS,20200619,100.35,101.2,98.95,99.65,121357
BLKASHYAP,20200619,5.5,5.5,5.1,5.4,157233
BLS,20200619,43.95,45,42.25,43.75,29877
BLUECOAST,20200619,4.1,4.1,4.1,4.1,500
BLUEDART,20200619,2036.45,2049.85,2010,2018.5,5322
BLUESTARCO,20200619,501.1,515,498.65,505.35,82464
BODALCHEM,20200619,57.75,60.7,57.3,59.2,1412864
BOMDYEING,20200619,63.7,72.4,63.1,71.55,10093025
BORORENEW,20200619,111.35,111.35,111.35,111.35,73634
BOSCHLTD,20200619,10680,11074.9,10600,10949.1,58972
BPCL,20200619,372,384.5,371,380.55,6635776
BPL,20200619,17.5,17.6,16.6,16.95,84378
BRFL,20200619,6.65,6.65,6.65,6.65,153865
BRIGADE,20200619,139.75,145,136.5,142.4,1076699
BRITANNIA,20200619,3417.9,3450,3382,3438.55,782740
BRNL,20200619,37.85,39,37.1,37.9,79429
BROOKS,20200619,33.05,33.5,31.5,32.2,19246
BSE,20200619,409,422.5,407,412.9,286298
BSELINFRA,20200619,1.2,1.2,1.2,1.2,17295
BSL,20200619,26.6,26.6,25.25,25.55,11184
BSLGOLDETF,20200619,4328,4397.45,4328,4370,189
BSLNIFTY,20200619,111.48,111.48,107.61,110.4,518
BSOFT,20200619,82.15,83.7,81.1,81.7,946340
BURNPUR,20200619,1.7,1.7,1.7,1.7,35242
BUTTERFLY,20200619,123.6,132.85,123.55,131.7,424129
BVCL,20200619,12.55,13.45,12.55,13.2,2006
BYKE,20200619,11.4,11.8,11.2,11.4,50277
CADILAHC,20200619,368.7,369.7,360.25,362.05,5007226
CALSOFT,20200619,9.05,9.75,9.05,9.45,70554
CAMLINFINE,20200619,49,49.4,44.5,47.3,1176285
CANBK,20200619,104.3,108.5,103.6,107.35,29210643
CANFINHOME,20200619,356.9,365.65,346.7,360.05,972099
CANTABIL,20200619,260,302.85,260,279.85,544429
CAPACITE,20200619,98.9,118.5,97.5,113.75,574839
CAPLIPOINT,20200619,370,372.9,356.25,358.75,422215
CAPTRUST,20200619,95.3,95.3,95.3,95.3,916
CARBORUNIV,20200619,246.1,271.4,245.25,265,771214
CAREERP,20200619,158.9,163.7,155.35,158.9,54406
CARERATING,20200619,390,439,390,404.95,286365
CASTROLIND,20200619,119.8,120.5,118.25,118.9,2847903
CCHHL,20200619,3.5,3.65,3.35,3.65,95876
CCL,20200619,241.35,248,236.75,244.05,137357
CDSL,20200619,268.4,274.5,264.2,266.65,346576
CEATLTD,20200619,948.95,965,930,941.1,198237
CEBBCO,20200619,13.2,13.25,12.45,13.1,86761
CELEBRITY,20200619,5.45,5.7,5.3,5.5,28725
CENTENKA,20200619,184.5,184.5,179.1,179.7,63665
CENTEXT,20200619,5.25,5.25,5.25,5.25,176573
CENTRALBK,20200619,16.55,16.8,16.4,16.55,1406852
CENTRUM,20200619,14.25,14.25,13.8,13.9,65785
CENTUM,20200619,250.15,300.15,250,287.6,69290
CENTURYPLY,20200619,113,121.4,110.2,119.65,1554444
CENTURYTEX,20200619,308,320.9,305.1,318.2,2517977
CERA,20200619,2234.95,2257,2217.85,2231.55,13637
CEREBRAINT,20200619,27.65,29,27.6,28.75,50981
CESC,20200619,607,610.05,594.1,600.95,502990
CESCVENT,20200619,173.95,174.95,164.45,165.8,33651
CGCL,20200619,134.95,146.3,133,144.45,374657
CGPOWER,20200619,6.6,6.65,6.4,6.45,3181320
CHALET,20200619,135.65,143.9,133.5,141.25,254915
CHAMBLFERT,20200619,147.9,153,146.3,147.45,7127971
CHEMBOND,20200619,136.65,143.05,135.3,141.6,21003
CHEMFAB,20200619,137.9,137.9,132.5,133.5,2985
CHENNPETRO,20200619,69.3,70,68.25,68.95,764733
CHOLAFIN,20200619,179,204.7,179,196.8,36815093
CHOLAHLDNG,20200619,295,304.3,290,304.1,330605
CHROMATIC,20200619,0.65,0.75,0.65,0.75,118140
CIGNITITEC,20200619,290.05,292.3,284.5,288.7,17974
CIMMCO,20200619,17,17.65,16.75,17.15,82829
CINELINE,20200619,24.05,24.95,23.5,24.35,18694
CINEVISTA,20200619,6.65,6.65,6.3,6.55,15257
CIPLA,20200619,648.85,648.85,631.5,636.2,4476030
CLEDUCATE,20200619,44.15,46,44.1,44.75,6181
CLNINDIA,20200619,348,354.95,347,350.65,24541
CMICABLES,20200619,37,37.1,36.15,37.1,129151
CNOVAPETRO,20200619,6.35,6.35,5.75,6.1,11042
COALINDIA,20200619,140,140,135.2,137.25,17468342
COCHINSHIP,20200619,302.9,304.8,291,292.1,528667
COLPAL,20200619,1354,1372,1348,1356.7,995232
COMPINFO,20200619,12.85,13,12.45,12.95,107587
COMPUSOFT,20200619,9.85,10.25,9.55,9.75,69023
CONCOR,20200619,402,411.95,399.35,409.05,2254649
CONFIPET,20200619,23.35,23.35,20.5,20.75,1440087
CONSOFINVT,20200619,31.05,31.05,29.5,30.45,694
CONTROLPR,20200619,192.8,195,186.6,193.95,11884
CORALFINAC,20200619,18.7,19.8,18.5,19.8,52225
CORDSCABLE,20200619,35.5,38.35,35.5,36.75,31319
COROMANDEL,20200619,748,748.65,704.25,720,725117
COSMOFILMS,20200619,290.95,294,285.1,287.2,52895
COUNCODOS,20200619,1.4,1.45,1.35,1.45,56186
CPSEETF,20200619,17.5,17.83,17.5,17.74,1271030
CREATIVE,20200619,83.25,83.25,76.7,79,2564
CREDITACC,20200619,510.95,528.45,505,528.45,245484
CREST,20200619,69.85,72.4,65.6,67.85,4683
CRISIL,20200619,1469.8,1499,1452.45,1493.45,22850
CROMPTON,20200619,230,231.55,226,229.7,838680
CSBBANK,20200619,151,179.9,151,164.2,1465722
CTE,20200619,19,19.5,17.8,18.75,8291
CUB,20200619,133,134.5,122.45,127.1,9838308
CUBEXTUB,20200619,11.15,11.7,11.15,11.7,301
CUMMINSIND,20200619,372,379,370.6,376.25,1894591
CUPID,20200619,191.4,207.95,191.4,204.25,299459
CYBERTECH,20200619,45.85,45.85,43.5,43.75,26659
CYIENT,20200619,217,224,217,220.45,648739
DAAWAT,20200619,44.65,45.8,42.35,42.9,6337965
DABUR,20200619,442.9,449.5,441.5,443.05,4482129
DALBHARAT,20200619,575,605.7,574.35,599.65,633766
DALMIASUG,20200619,108,114.8,107.7,112.65,682906
DAMODARIND,20200619,22.35,24,22.35,23.2,11222
DATAMATICS,20200619,46.85,49.05,46.8,49.05,39365
DBCORP,20200619,74.4,75,71.9,72.75,214044
DBL,20200619,275,293.4,275,277.2,1208623
DBREALTY,20200619,8.7,8.7,7.95,8.1,618011
DBSTOCKBRO,20200619,7.6,8.4,7.6,8.35,1165
DCAL,20200619,122.35,126.1,119.7,121.7,658910
DCBBANK,20200619,80.7,85.35,80.1,82.7,7236164
DCM,20200619,18,18.2,17.2,18.05,23609
DCMFINSERV,20200619,0.75,0.75,0.75,0.75,1530
DCMNVL,20200619,24.7,29.7,24.55,27.75,26363
DCMSHRIRAM,20200619,301.25,318,301.25,306.75,534334
DCW,20200619,13.6,13.8,12.5,12.85,1753558
DECCANCE,20200619,281,289.9,277.5,279.75,71327
DEEPAKFERT,20200619,118.1,119.5,114.4,116.75,957425
DEEPAKNTR,20200619,465.85,500,465.85,498.25,1532643
DEEPIND,20200619,72.35,74.65,70.9,72.6,45454
DELTACORP,20200619,86.2,89.4,84.2,85.45,4376259
DELTAMAGNT,20200619,22.65,25.85,22.65,23.65,13041
DEN,20200619,81,82.4,76.5,79.2,261966
DENORA,20200619,227.65,239,227.65,238.1,13484
DFMFOODS,20200619,204.4,208,197,198.6,144767
DGCONTENT,20200619,5.4,5.85,5.4,5.7,18121
DHAMPURSUG,20200619,132.5,135.5,132,133.35,1217865
DHANBANK,20200619,13.75,15.9,13.75,15.55,7277934
DHANUKA,20200619,785,788,657.65,716.9,630756
DHARSUGAR,20200619,8.45,8.45,7.65,8.45,20877
DHFL,20200619,15.65,15.65,15.15,15.65,2645161
DHUNINV,20200619,168,179.25,168,174.5,689
DIAMONDYD,20200619,598.25,610,590,593.45,24991
DICIND,20200619,368.9,368.9,336.05,346.95,48506
DIGISPICE,20200619,7.5,7.5,7.5,7.5,7774
DISHTV,20200619,8.3,8.3,8.3,8.3,507101
DIVISLAB,20200619,2318.7,2330,2286,2304.75,728257
DIXON,20200619,5618.85,5748,5601.05,5687.25,45768
DLF,20200619,148.5,162.45,148.5,161.8,22606656
DLINKINDIA,20200619,90,90,86.1,86.5,196927
DMART,20200619,2372.7,2399,2310,2363.15,1479487
DNAMEDIA,20200619,0.85,0.85,0.8,0.85,76701
DOLAT,20200619,46.1,49,45.8,47.7,117392
DOLLAR,20200619,137.95,139,136.45,136.8,61035
DONEAR,20200619,27.75,31.5,27,29.35,320918
DPSCLTD,20200619,9.2,9.3,8.95,9.05,21134
DPWIRES,20200619,54.55,54.55,53.5,54.15,1378
DQE,20200619,1.55,1.6,1.55,1.6,12192
DREDGECORP,20200619,245.95,254.4,242.95,245.9,303463
DRREDDY,20200619,4020.25,4044.9,3992,4005.6,730943
DSSL,20200619,21.4,23.15,21.4,22.2,12384
DTIL,20200619,161,167.3,160.15,163.7,2337
DUCON,20200619,4.4,4.4,4.15,4.35,62061
DVL,20200619,63.05,65,62.1,64.45,9257
DWARKESH,20200619,25.3,25.7,25.25,25.35,894078
DYNAMATECH,20200619,626.4,640.9,610.5,619.85,7271
DYNPRO,20200619,122,123.35,120.1,121.55,17253
EASTSILK,20200619,0.85,0.9,0.85,0.9,1376
EBBETF0423,20200619,1062.05,1064,1062,1063.95,7829
EBBETF0430,20200619,1073.5,1076.95,1073.5,1074.99,25000
EBIXFOREX,20200619,428,450,401,448.95,19090
ECLERX,20200619,460.1,473.8,445.25,448.05,93779
EDELWEISS,20200619,44.4,45.4,42.85,45.4,3683958
EICHERMOT,20200619,17200,17550,16880,17349.35,311932
EIDPARRY,20200619,240.55,274.75,239,264.9,2769951
EIHAHOTELS,20200619,240.15,243.9,236,237.7,3400
EIHOTEL,20200619,68.2,69.4,67,67.7,310473
EIMCOELECO,20200619,299,321,287,315.3,8503
EKC,20200619,18.85,19,16.6,17.85,183042
ELECON,20200619,30.4,30.6,26.8,27.2,361932
ELECTCAST,20200619,12.95,14.2,12.5,13.95,1780193
ELECTHERM,20200619,112.8,122.5,112,117.6,23851
ELGIEQUIP,20200619,142.8,147.95,140.15,145.4,20549
ELGIRUBCO,20200619,14.8,15.5,14.55,14.8,35797
EMAMILTD,20200619,202,206.5,199,201.7,925425
EMAMIPAP,20200619,80.75,80.75,76.2,77.8,15885
EMAMIREAL,20200619,38.7,40.05,37.25,38.25,20010
EMKAY,20200619,43.75,43.85,40.55,42,16578
EMMBI,20200619,70.9,70.9,67.5,67.65,5137
ENDURANCE,20200619,897,902,835.4,856.3,185770
ENERGYDEV,20200619,6.7,7,6.7,6.9,23138
ENGINERSIN,20200619,68.4,69.5,67.05,67.35,1147759
ENIL,20200619,153,156.55,145.2,151.5,9390
EQUITAS,20200619,49.4,53.15,49.15,52.75,34022381
ERIS,20200619,476,481.7,468,469.35,57986
EROSMEDIA,20200619,19.2,19.5,18.75,18.95,492282
ESABINDIA,20200619,1369.05,1387.95,1325.05,1342.5,15083
ESCORTS,20200619,990,994.55,968.15,984.4,1458038
ESSARSHPNG,20200619,7.75,7.9,7.55,7.8,21182
ESSELPACK,20200619,182.7,195.75,181,194.05,497483
ESTER,20200619,47.05,47.05,47.05,47.05,89699
EUROTEXIND,20200619,9.35,9.35,9.35,9.35,201
EVEREADY,20200619,78,81,77.4,77.7,193054
EVERESTIND,20200619,214,241.8,211.05,227.6,1425856
EXCEL,20200619,1.25,1.25,1.2,1.2,8263
EXCELINDUS,20200619,749,754.8,732.65,737.8,24482
EXIDEIND,20200619,149.7,154,149.25,152,4872110
EXPLEOSOL,20200619,283,294,280,285.7,8009
FACT,20200619,44.9,45.9,44.25,44.35,300055
FAIRCHEM,20200619,543.85,598,534.15,585.45,376953
FCL,20200619,27.8,27.8,26.4,26.9,224426
FCONSUMER,20200619,14.5,14.5,14.5,14.5,363390
FCSSOFT,20200619,0.4,0.4,0.35,0.4,4039014
FDC,20200619,255.9,256.9,248.05,249.2,296613
FEDERALBNK,20200619,48.15,51.2,47.9,50.95,61804616
FEL,20200619,13.05,13.05,13.05,13.05,191733
FELDVR,20200619,14.35,14.35,14.35,14.35,18377
FIEMIND,20200619,300,357.15,298.85,356.2,1004181
FILATEX,20200619,28.25,33.25,28.25,30,1109206
FINCABLES,20200619,265,273,263.6,269.95,114896
FINEORG,20200619,1937.9,1970.9,1925.1,1933.95,15050
FINPIPE,20200619,458.35,484,456.2,479.35,85838
FLEXITUFF,20200619,7.6,7.6,7.6,7.6,1265
FLFL,20200619,151.45,151.45,146.85,147.85,734138
FLUOROCHEM,20200619,375,399,365.05,368.4,11534
FMGOETZE,20200619,426.95,426.95,401.8,415.4,1363
FMNL,20200619,23.4,23.4,23.4,23.4,34280
FORCEMOT,20200619,922.5,987,922.5,938.85,89273
FORTIS,20200619,122.6,124.9,121.5,122.4,2849024
FOSECOIND,20200619,1034.7,1038,1021.4,1028.45,785
FRETAIL,20200619,111.65,111.65,111.65,111.65,660262
FSC,20200619,133.1,133.1,133.1,133.1,10206
FSL,20200619,38.5,40.75,38.1,39.95,4965103
GABRIEL,20200619,97.3,97.9,95,96.55,126490
GAEL,20200619,133.45,135,131.95,132.2,48884
GAIL,20200619,97.95,100.25,97.5,99.5,17334763
GAL,20200619,2.85,2.85,2.85,2.85,25218
GALAXYSURF,20200619,1367.05,1410,1332.8,1397.45,28613
GALLANTT,20200619,30.15,31.5,29.15,29.6,24228
GALLISPAT,20200619,26.65,27.05,25.45,26.2,5525
GAMMNINFRA,20200619,0.7,0.7,0.65,0.7,5760341
GANDHITUBE,20200619,196.95,200,186.4,197.8,50253
GANECOS,20200619,218,232,212.05,223,49014
GANESHHOUC,20200619,23.85,24,22.8,23.6,22720
GANGESSECU,20200619,28.7,33.9,28.7,31.95,11514
GARDENSILK,20200619,10.15,10.2,10.15,10.2,14134
GARFIBRES,20200619,1339.95,1363.15,1326.45,1329,4631
GATI,20200619,44.05,46.6,44.05,45.2,337426
GAYAHWS,20200619,0.35,0.4,0.35,0.4,164251
GAYAPROJ,20200619,17.5,18.1,17,18,281474
GBGLOBAL,20200619,4.65,4.85,4.55,4.8,595
GDL,20200619,86.45,87,84,84.8,158875
GEECEE,20200619,68.15,72.6,66,71.6,29334
GEEKAYWIRE,20200619,65.65,67,65.45,66.85,3968
GENESYS,20200619,33,36.5,33,34.9,36062
GENUSPAPER,20200619,5.4,5.4,4.7,5,684716
GENUSPOWER,20200619,20.7,22.4,20.7,21.7,973321
GEOJITFSL,20200619,25.2,26.9,25.2,26.3,963311
GEPIL,20200619,406.9,428,406.9,423.75,71693
GESHIP,20200619,220,221.2,212.1,213.9,175068
GET&D,20200619,73,74.5,72,73,214647
GFLLIMITED,20200619,99.35,104.95,99,100.65,168386
GFSTEELS,20200619,2.55,2.55,2.55,2.55,9
GHCL,20200619,142,144.9,139.8,140.15,122363
GICHSGFIN,20200619,92,94,88,88.95,1803611
GICRE,20200619,156,160.9,152.1,153.3,621731
GILLANDERS,20200619,28,28.95,28,28.5,760
GILLETTE,20200619,4951,4951,4805,4824.45,36506
GINNIFILA,20200619,9.75,9.75,9.05,9.15,125369
GIPCL,20200619,66,67,65.35,66.35,99559
GISOLUTION,20200619,1.75,1.75,1.75,1.75,10732
GKWLIMITED,20200619,475,497.9,475,496.4,16
GLAXO,20200619,1371.6,1383.2,1361,1367.8,16504
GLENMARK,20200619,410,417,407.7,409.35,4871849
GLOBALVECT,20200619,49.8,53,49.3,49.85,47133
GLOBOFFS,20200619,4.85,5.05,4.85,5.05,1624
GLOBUSSPR,20200619,137.3,137.3,137.3,137.3,39476
GMBREW,20200619,424.3,431,422.5,425.2,69977
GMDCLTD,20200619,42.4,45,42.1,43,1998919
GMMPFAUDLR,20200619,4285,4349.95,3800,4150.55,22629
GMRINFRA,20200619,20.5,21.95,20.3,21.6,29316472
GNA,20200619,191.25,193.8,184.65,186.4,99594
GNFC,20200619,158,159.4,154,155.35,902975
GOACARBON,20200619,226.85,240,225.5,228.4,71668
GOCLCORP,20200619,178.8,179.9,173.95,176.8,7133
GODFRYPHLP,20200619,965.9,980,962,965.3,64483
GODREJAGRO,20200619,425,435.35,422.55,428.8,249263
GODREJCP,20200619,643.25,655,637.15,650.5,2439529
GODREJIND,20200619,379,385,375.1,382.05,251773
GODREJPROP,20200619,827,905,827,893.8,1663431
GOKEX,20200619,40,41,38.3,39.05,299751
GOKUL,20200619,15.6,15.6,15.6,15.6,5076
GOKULAGRO,20200619,15.7,15.85,14.7,15.85,61788
GOLDBEES,20200619,41.99,42.45,41.7,41.74,2827909
GOLDENTOBC,20200619,26.5,27.8,26.1,27.8,14150
GOLDIAM,20200619,118.4,125,113.05,116.4,121424
GOLDSHARE,20200619,4300,4300,4255.15,4291.45,735
GOLDTECH,20200619,8.65,8.7,8.4,8.5,6976
GOODLUCK,20200619,37.1,40.5,36.4,39.2,153470
GPIL,20200619,164.1,164.9,157.45,159.9,47468
GPPL,20200619,75.35,76.3,74,74.45,188052
GPTINFRA,20200619,25.45,26,24.65,24.7,89292
GRANULES,20200619,207.5,212.9,201,206.7,3416821
GRAPHITE,20200619,190.55,193.8,185.5,186.9,420691
GRASIM,20200619,598,603.7,593.55,601.25,2619830
GRAVITA,20200619,43.35,43.35,41,41.25,120825
GREAVESCOT,20200619,82.3,91.6,81.55,86.55,3672626
GREENLAM,20200619,685,729.9,675,698.3,3001
GREENPANEL,20200619,31.95,31.95,30.35,31.95,129022
GREENPLY,20200619,87.35,90.65,84.8,89.15,533582
GREENPOWER,20200619,2.95,3.25,2.95,3.2,14237124
GRINDWELL,20200619,518,518,502.1,508.9,41872
GROBTEA,20200619,396.95,396.95,389.1,391,46
GRPLTD,20200619,642.25,663.85,642.25,650,2896
GRSE,20200619,199.9,203.7,193,196.8,437267
GSCLCEMENT,20200619,30.65,31.4,27,28.55,671284
GSFC,20200619,55,55.25,53.1,53.5,1407853
GSPL,20200619,228,229,221.35,226.4,1446007
GSS,20200619,25.05,27.05,25.05,26.8,73880
GTLINFRA,20200619,0.9,0.9,0.9,0.9,24765171
GTNIND,20200619,7.35,8.25,7.35,8,30082
GTNTEX,20200619,5.95,6.2,5.7,6.05,58126
GTPL,20200619,60,62,59.1,62,62365
GUFICBIO,20200619,76.55,84.6,73.25,79.7,706872
GUJALKALI,20200619,330.5,337.8,323,332.5,141425
GUJAPOLLO,20200619,166.1,185,166.1,180.85,37920
GUJGASLTD,20200619,295.95,297.25,289.25,292.55,544891
GUJRAFFIA,20200619,11.15,11.15,10.7,10.7,323
GULFOILLUB,20200619,631,638.3,624,629.85,8177
GULFPETRO,20200619,45.65,48.4,45.6,47.45,66139
GULPOLY,20200619,36.1,36.1,33.55,34.8,8538
GVKPIL,20200619,3.2,3.3,3.15,3.25,20791373
HAL,20200619,714.5,721.7,705,708.05,47065
HARITASEAT,20200619,389.95,389.95,366.2,370.4,1383
HARRMALAYA,20200619,77.95,78.3,73.5,74.1,86911
HATHWAY,20200619,34.9,35,33.25,33.95,8048513
HATSUN,20200619,630,634.5,606.4,609.35,12892
HAVELLS,20200619,550,576.9,545.5,566.35,5305610
HAVISHA,20200619,0.5,0.55,0.5,0.55,55275
HBLPOWER,20200619,15.65,17,14.9,16.4,1863590
HBSL,20200619,4.95,5.2,4.95,5,706
HCC,20200619,5,5.15,4.95,5.15,3538318
HCG,20200619,122.75,124,121.5,121.9,223897
HCL-INSYS,20200619,7.8,7.8,7.6,7.8,483229
HCLTECH,20200619,574,578,567.2,569.6,6182630
HDFC,20200619,1854,1867.5,1814,1835.1,12199449
HDFCAMC,20200619,2419.8,2460,2410.25,2444.7,1024865
HDFCBANK,20200619,1017.95,1043,1012.15,1033.35,23939324
HDFCLIFE,20200619,517.95,524,514.35,521.1,4569791
HDFCMFGETF,20200619,4290.6,4295.1,4270,4278.1,10279
HDFCNIFETF,20200619,1100,1100,1056,1073.06,6104
HDFCSENETF,20200619,3541,3700,3540,3601.29,357
HEG,20200619,920,928,879.6,883.45,397635
HEIDELBERG,20200619,174.05,177.8,172.05,173.8,732008
HERCULES,20200619,79.95,79.95,73.5,73.8,303849
HERITGFOOD,20200619,258.55,258.55,250.25,255.2,17878
HEROMOTOCO,20200619,2375,2382.8,2332.25,2355.85,3602756
HESTERBIO,20200619,1236.8,1262,1220,1236.85,4818
HEXATRADEX,20200619,16,16.25,15.7,16.2,188298
HEXAWARE,20200619,324.95,326.4,314.1,315.8,1362166
HFCL,20200619,12.95,12.95,12.5,12.95,3833605
HGINFRA,20200619,180.95,192.85,180,184.4,30169
HGS,20200619,629,647.85,603,636.9,18215
HIKAL,20200619,119,119,115.6,117.15,617094
HIL,20200619,1224,1264.8,1210.7,1264.8,398439
HILTON,20200619,9.5,9.75,9.15,9.45,17348
HIMATSEIDE,20200619,65,69.2,64.1,66.3,920097
HINDALCO,20200619,152.35,152.35,148.5,151.05,14631329
HINDCOMPOS,20200619,165,169.95,165,166.7,3628
HINDCOPPER,20200619,32.2,32.8,31,31.1,1132484
HINDMOTORS,20200619,5.15,5.65,5.15,5.65,433086
HINDNATGLS,20200619,35.5,36,35.05,35.5,1909
HINDOILEXP,20200619,76,77.6,71.4,72.65,936273
HINDPETRO,20200619,222.5,225.9,219.1,223.65,10683834
HINDUNILVR,20200619,2079,2100,2057,2092.75,4673557
HINDZINC,20200619,182,182,176.6,178.05,940992
HIRECT,20200619,135.25,135.35,132.55,134.5,27447
HISARMETAL,20200619,67,80.2,67,77.55,614820
HITECH,20200619,100,106.9,98.8,103.95,26677
HITECHCORP,20200619,89.9,92,81.35,88.35,11951
HITECHGEAR,20200619,102,110,100.3,108.75,9826
HLVLTD,20200619,5.7,5.9,5.5,5.55,317130
HMVL,20200619,45,46.5,44.3,46.05,49573
HNDFDS,20200619,505.55,517.25,498.5,502.85,4976
HNGSNGBEES,20200619,358.9,358.9,351.05,356.9,159
HONAUT,20200619,27900,28929.65,27801.35,28779.4,5620
HONDAPOWER,20200619,999.95,1049,996.35,1028.9,11520
HOTELRUGBY,20200619,1.45,1.45,1.45,1.45,4650
HOVS,20200619,45.35,46.9,45.25,45.8,2476
HPL,20200619,31.75,33.9,31.75,33.5,118841
HSCL,20200619,46.2,47.7,45.7,46.85,1809270
HSIL,20200619,53.85,54.7,51.8,53.8,1101533
HTMEDIA,20200619,14,14.2,13.8,13.95,80843
HUBTOWN,20200619,12.25,12.5,11.1,11.3,126820
HUDCO,20200619,26,26.75,25.65,25.95,2851487
IBMFNIFTY,20200619,112.9,112.9,107.51,109.9,130
IBREALEST,20200619,46.95,48.65,45.5,48.65,1456286
IBULHSGFIN,20200619,157.4,209.45,156.85,203.4,97952166
IBULISL,20200619,44.65,44.75,44,44.75,158493
IBVENTURES,20200619,85.9,88.25,85.7,88.25,1589411
ICICI500,20200619,135,137.2,134.5,135.68,1970
ICICIB22,20200619,24.52,24.9,24.5,24.81,211394
ICICIBANK,20200619,351,365.45,349.2,363.8,51368058
ICICIBANKN,20200619,210.01,221,207.5,211.92,77876
ICICIBANKP,20200619,114.9,119,112.7,114.95,30940
ICICIGI,20200619,1265,1274.9,1250,1270.15,27038404
ICICIGOLD,20200619,42.99,42.99,41.71,42.67,65166
ICICILIQ,20200619,1000,1000,999.01,999.99,11377
ICICILOVOL,20200619,85,85,83.01,84.75,189253
ICICIM150,20200619,55.2,55.89,55.2,55.89,859
ICICIMCAP,20200619,55.2,55.2,54.66,55,4392
ICICINF100,20200619,108.2,112,108.2,111.72,1386
ICICINIFTY,20200619,115,115,106,108.12,325679
ICICINV20,20200619,51,52,50,50.14,1922
ICICINXT50,20200619,26.33,26.33,25.2,25.34,7994
ICICIPRULI,20200619,397,397.9,386.25,391.6,3459750
ICICISENSX,20200619,362.9,370,362.9,369.18,2652
ICIL,20200619,40.5,41.5,40.1,40.55,224795
ICRA,20200619,2574,2600,2470,2507.55,926
IDBI,20200619,32.2,32.45,31.55,31.75,1642101
IDBIGOLD,20200619,4481.1,4598,4438.7,4476.95,190
IDEA,20200619,9.75,9.9,9.05,9.15,542600491
IDFC,20200619,19.35,19.8,19,19.4,10711316
IDFCFIRSTB,20200619,25.6,26.3,25.6,25.85,46559690
IDFNIFTYET,20200619,104,104,102,102,262
IEX,20200619,180.75,194,180.75,189.3,791152
IFBAGRO,20200619,281.55,289.9,279.3,287.5,5808
IFBIND,20200619,405,408.05,400.2,404.25,25796
IFCI,20200619,6.95,7,6.8,6.85,3463454
IFGLEXPOR,20200619,122.95,133.35,121.45,133.1,9720
IGARASHI,20200619,305,332.9,305,318.9,2304240
IGL,20200619,450,454,443.3,447.65,4475686
IGPL,20200619,144,150.9,143.05,148.7,51117
IIFL,20200619,69.2,75.5,68.25,72.35,1941911
IIFLSEC,20200619,42.15,42.15,38,39.1,1534465
IIFLWAM,20200619,1016.95,1016.95,980,998.6,3895
IITL,20200619,59.8,61.95,59,59.2,66221
IMAGICAA,20200619,4.2,4.5,4.15,4.5,629231
IMFA,20200619,155,157.8,152.25,154.9,10841
IMPAL,20200619,504.25,520.4,496,506.9,1216
IMPEXFERRO,20200619,0.55,0.6,0.5,0.5,6790
INDBANK,20200619,7.4,7.45,7.15,7.2,39438
INDHOTEL,20200619,82.45,85.8,80.6,83.35,3056317
INDIACEM,20200619,132.7,132.9,130,130.2,2270311
INDIAGLYCO,20200619,294.4,294.85,289.35,291.45,384691
INDIAMART,20200619,2280,2347.95,2250.6,2307.95,70614
INDIANB,20200619,55.9,56.9,55.5,56.2,3930822
INDIANCARD,20200619,88.85,89.6,81.8,89.4,5147
INDIANHUME,20200619,157,166,157,159.75,252138
INDIGO,20200619,1024.35,1049,1016,1027.6,1608772
INDLMETER,20200619,16,16.7,15.3,15.4,4078
INDNIPPON,20200619,282,295.15,278.55,285.15,26551
INDOCO,20200619,214.2,217.25,208.7,211.5,45844
INDORAMA,20200619,14.65,15.3,14,15.05,54068
INDOSTAR,20200619,286.5,287,285.35,285.8,454311
INDOTECH,20200619,96.05,99.9,95.3,97.4,9212
INDOTHAI,20200619,18,18.7,18,18.5,5883
INDOWIND,20200619,3.25,3.25,3.05,3.2,54256
INDRAMEDCO,20200619,42.75,44.4,41.15,43.75,829744
INDSWFTLAB,20200619,42,42.2,38.2,38.2,242452
INDSWFTLTD,20200619,3.3,3.3,3.3,3.3,9017
INDTERRAIN,20200619,41.15,41.15,36,38.55,5567136
INDUSINDBK,20200619,503,510.5,472.15,483.65,41824767
INEOSSTYRO,20200619,610.1,620.75,606,610.15,8171
INFIBEAM,20200619,57.75,58.9,56.4,58.65,1617062
INFOBEAN,20200619,117.45,117.5,112.6,113.85,18113
INFRABEES,20200619,306,315.68,306,312.19,1578
INFRATEL,20200619,212.3,220,209.05,218.85,13088339
INFY,20200619,709,711.9,701,705.55,22438873
INGERRAND,20200619,639,639,637,637.6,19008
INOXLEISUR,20200619,240.35,245,238.05,241.75,269603
INOXWIND,20200619,39.1,40.3,37.7,39.2,728749
INSECTICID,20200619,518.7,518.7,490,491.3,90177
INSPIRISYS,20200619,23.95,25.4,23.1,23.95,7019
INTELLECT,20200619,122.4,122.4,113,121.6,760726
INTENTECH,20200619,25.25,25.6,23.5,25.1,42923
INVENTURE,20200619,13.4,13.8,13.4,13.65,6995
IOB,20200619,10.1,10.25,9.9,9.95,9328247
IOC,20200619,86,86.1,84.7,85.3,21537953
IOLCP,20200619,392,392.3,382.05,383.85,584119
IPCALAB,20200619,1601,1625,1585,1615.6,332436
IRB,20200619,73.25,74.5,70.05,71,5702317
IRCON,20200619,93.8,94.65,89,89.9,1158129
IRCTC,20200619,1420,1446,1415,1423.95,1500063
ISEC,20200619,415,456,414.95,446.3,1162740
ISFT,20200619,47.55,48.35,45.25,46.6,5244
ISMTLTD,20200619,6.15,6.15,6.15,6.15,103647
ITC,20200619,187.1,187.95,183.6,184.05,30531484
ITDC,20200619,211.8,213.55,207.05,210.3,29509
ITDCEM,20200619,54.85,56.9,48.7,49.55,1700874
ITI,20200619,112.5,113.65,104.7,106.8,10059443
IVC,20200619,3.55,3.55,3.35,3.45,84572
IVP,20200619,38.6,41,38.6,40.95,350
IVZINGOLD,20200619,4351,4449.9,4301,4440,39
IZMO,20200619,19.35,20.35,19.35,19.5,15562
J&KBANK,20200619,15.15,15.7,14.95,15.6,4760811
JAGRAN,20200619,41.4,42,40.5,40.9,1862482
JAGSNPHARM,20200619,35.85,35.95,31.65,32.3,198926
JAIBALAJI,20200619,20.2,20.3,18.75,20.2,7292
JAICORPLTD,20200619,78.2,91.55,78.2,89.6,14158391
JAINSTUDIO,20200619,1.85,1.85,1.85,1.85,850
JAMNAAUTO,20200619,30.9,31.2,30.1,30.45,1495111
JASH,20200619,170,173,158.1,162.35,11451
JAYAGROGN,20200619,93.9,98.2,92.5,98.1,68195
JAYBARMARU,20200619,194.85,199.55,191,195.65,288467
JAYNECOIND,20200619,3.15,3.45,3.15,3.45,24277
JAYSREETEA,20200619,44.8,44.85,41,42.85,81043
JBCHEPHARM,20200619,706.7,715.25,705.7,711.35,223325
JBFIND,20200619,12.35,12.35,12.1,12.35,15632
JBMA,20200619,194,201.55,187.15,190.05,93119
JCHAC,20200619,2580,2580,2434,2470.35,33089
JHS,20200619,12.45,13.75,12.45,13.75,221248
JIKIND,20200619,0.75,0.75,0.75,0.75,31016
JINDALPHOT,20200619,16.45,16.45,15.65,15.9,17213
JINDALPOLY,20200619,332.05,345,332,335.75,71361
JINDALSAW,20200619,61,62.45,59,59.3,2812849
JINDALSTEL,20200619,146.05,148.05,143.6,145.7,6879079
JINDRILL,20200619,70,75,70,72.05,8829
JINDWORLD,20200619,40.45,40.45,36.85,37.15,23659
JISLDVREQS,20200619,9.1,9.35,8.55,9.3,159093
JISLJALEQS,20200619,8.8,9.1,8.6,9.1,2057383
JITFINFRA,20200619,6.2,6.5,5.9,6.35,15016
JIYAECO,20200619,10.55,10.8,10,10.8,163711
JKCEMENT,20200619,1260,1444.4,1260,1378.45,294053
JKIL,20200619,92.5,97.75,92.15,95.6,175306
JKLAKSHMI,20200619,258.8,265,252.6,256,633114
JKPAPER,20200619,101.9,102.35,97.1,97.7,1933430
JKTYRE,20200619,62.8,64.45,62.4,63,1158309
JMA,20200619,21.3,21.6,20.75,21.05,4072
JMCPROJECT,20200619,49,51.5,44.5,49.2,306723
JMFINANCIL,20200619,71.5,74,70.5,72.25,1228225
JMTAUTOLTD,20200619,4.6,4.6,4.6,4.6,186757
JOCIL,20200619,165.1,184.3,165.1,176.2,51088
JPASSOCIAT,20200619,1.95,1.95,1.95,1.95,578035
JPINFRATEC,20200619,1.5,1.5,1.5,1.5,324748
JPOLYINVST,20200619,17.25,17.3,16.5,17.3,3618
JPPOWER,20200619,1.6,1.6,1.6,1.6,156126
JSL,20200619,36.8,41.5,36.8,39.1,3002385
JSLHISAR,20200619,67.3,70.9,65.05,65.8,1740525
JSWENERGY,20200619,48.15,48.6,47.8,47.9,2393760
JSWHL,20200619,1830,1925.05,1826,1916.75,1805
JSWSTEEL,20200619,195.1,197.35,192.7,194.3,18204886
JTEKTINDIA,20200619,73,73,66.5,67.4,1071691
JUBILANT,20200619,675,675.35,644.2,646.6,530011
JUBLFOOD,20200619,1681,1713.3,1670.7,1689.1,774650
JUBLINDS,20200619,112.05,112.5,108.2,110.4,20843
JUMPNET,20200619,47,56.15,46.5,55.85,1913688
JUNIORBEES,20200619,261.3,264,257.36,263.39,140763
JUSTDIAL,20200619,366.1,379,355,359.35,2227262
JYOTHYLAB,20200619,117.8,117.8,112.8,113.45,597412
KABRAEXTRU,20200619,59.85,60.4,55,55.4,156776
KAJARIACER,20200619,355.5,379.8,355.5,366.45,1283188
KAKATCEM,20200619,154,155,150,152.15,29859
KALPATPOWR,20200619,207.6,218,205.2,213.95,484717
KALYANIFRG,20200619,137.5,141.5,137.5,141.4,1059
KAMATHOTEL,20200619,31.9,32.15,28.25,29.1,523874
KAMDHENU,20200619,76,78.45,75,76.65,7739
KANANIIND,20200619,3.55,3.55,3.25,3.25,13419
KANORICHEM,20200619,35.55,35.85,34.6,34.85,34366
KANSAINER,20200619,389.95,393.15,383.2,387.25,284628
KAPSTON,20200619,89.6,94,85.35,89.15,835
KARDA,20200619,244.95,247,235,238.1,12213
KARMAENG,20200619,10.05,10.5,10.05,10.5,1634
KARURVYSYA,20200619,28.15,28.15,26.9,27.1,2034574
KAUSHALYA,20200619,0.5,0.5,0.5,0.5,501
KAYA,20200619,247.7,273.7,247.7,273.7,46611
KCP,20200619,48.75,51.3,46.7,47.5,1676999
KCPSUGIND,20200619,15.75,16.8,15.7,16.2,1498643
KDDL,20200619,150,163.2,150,163,2470
KEC,20200619,238.65,245,235.45,243.3,396755
KECL,20200619,10.3,10.3,9.8,10.15,26677
KEI,20200619,350,351,342,343.4,215685
KELLTONTEC,20200619,15.4,15.75,14.75,15.55,85665
KENNAMET,20200619,734.65,760,720,739.45,2747
KERNEX,20200619,17.05,17.05,17.05,17.05,1933
KESORAMIND,20200619,34.1,35.9,34.1,35.6,420144
KHADIM,20200619,130.55,132,126.1,130.05,37215
KHANDSE,20200619,10.3,10.3,9.4,10.3,27625
KICL,20200619,1300,1329.95,1263.05,1270.1,1152
KILITCH,20200619,103.1,107.75,101.1,106.9,11189
KINGFA,20200619,410,417.9,390,398.95,19033
KIOCL,20200619,100.75,104.65,99.35,104.65,23828
KIRIINDUS,20200619,402.95,413.8,398.85,401.95,242877
KIRLFER,20200619,69.4,69.9,68.05,68.35,20559
KIRLOSBROS,20200619,118.4,119.7,110.8,113.95,125527
KIRLOSENG,20200619,104.9,109,102.5,103.25,103992
KIRLOSIND,20200619,570,573,533.6,557.6,1417
KITEX,20200619,104.85,112.5,104.85,108.7,313700
KKCL,20200619,720.05,749.9,701.15,724.55,12968
KMSUGAR,20200619,9.45,9.75,9.1,9.15,528330
KNRCON,20200619,221,224.7,220,221.75,261025
KOKUYOCMLN,20200619,60.1,60.1,57.75,58.2,119181
KOLTEPATIL,20200619,148.35,169,148,164.4,279227
KOPRAN,20200619,40.8,40.8,37.15,37.6,490591
KOTAKBANK,20200619,1304,1315.75,1276.35,1302.5,8492619
KOTAKBKETF,20200619,212.25,216.6,210.36,215.27,54312
KOTAKGOLD,20200619,420.7,420.8,418.4,420.1,23791
KOTAKNIFTY,20200619,104.9,106.42,104.49,105.88,365304
KOTAKNV20,20200619,51.5,51.5,51,51.21,1262
KOTAKPSUBK,20200619,138,141.54,136.77,139.55,7916
KOTARISUG,20200619,14.65,14.85,14.4,14.7,210594
KOTHARIPET,20200619,14.55,14.95,14.25,14.7,51830
KOTHARIPRO,20200619,71,71,66.25,67.75,15236
KPITTECH,20200619,65,65,63,63.55,220112
KPRMILL,20200619,465,533.75,451.05,508.6,89329
KRBL,20200619,249,258,242.3,247.7,2029736
KREBSBIO,20200619,80.75,86.7,80.75,82.6,6897
KRIDHANINF,20200619,4.25,4.25,4.25,4.25,91406
KRISHANA,20200619,45.15,46.5,42.9,45.9,1171
KSB,20200619,465,469.3,460.25,463.55,22484
KSCL,20200619,625.35,628.35,591.25,597.05,274946
KSERASERA,20200619,0.4,0.4,0.3,0.3,19961862
KSK,20200619,0.7,0.7,0.65,0.7,1991323
KSL,20200619,192.05,201.35,187.3,194.6,193184
KTKBANK,20200619,42.5,42.75,41.85,42.05,3862875
KUANTUM,20200619,440.05,454,422.05,426.75,872
KWALITY,20200619,3.65,3.65,3.65,3.65,236899
L&TFH,20200619,64.7,68.3,64.25,67.5,44280557
LAKSHVILAS,20200619,18.45,18.45,18.45,18.45,272446
LALPATHLAB,20200619,1575,1575,1516,1527.95,352780
LAMBODHARA,20200619,27.15,29.45,26.95,27.7,15770
LAOPALA,20200619,176,195,173,181.4,327849
LASA,20200619,50.2,50.25,48.05,50.25,259340
LAURUSLABS,20200619,511,541.9,506.05,534.5,1052866
LAXMIMACH,20200619,2575,2695,2551,2651.45,8305
LEMONTREE,20200619,26.1,27,25.05,25.75,6244536
LFIC,20200619,42.7,47.7,42.7,43.8,1021
LGBBROSLTD,20200619,220,232,217,223.45,91816
LGBFORGE,20200619,2.6,2.6,2.55,2.6,41158
LIBAS,20200619,46.15,50.55,46.15,50.4,2714
LIBERTSHOE,20200619,129.5,131.85,129,129.2,79842
LICHSGFIN,20200619,284,287.85,280.35,284.75,7426176
LICNETFGSC,20200619,22.15,22.7,21.49,21.88,26378
LICNETFN50,20200619,102.3,105.46,102.3,103.72,724
LICNETFSEN,20200619,405,424.1,405,424.1,11
LICNFNHGP,20200619,109,109,105.01,107.99,367
LINCOLN,20200619,164.75,165.45,160,160.6,38750
LINCPEN,20200619,155,155,145.4,150.8,3615
LINDEINDIA,20200619,588.95,618,588.05,609.8,154685
LIQUIDBEES,20200619,1001.86,1001.86,999.99,1000,1149876
LIQUIDETF,20200619,1000,1000.01,999.99,1000,27193
LOKESHMACH,20200619,24.8,26,23.5,24.45,618504
LOTUSEYE,20200619,32.9,34.35,32.7,33.5,37463
LOVABLE,20200619,53.8,57,53.75,55.5,53710
LPDC,20200619,1.35,1.35,1.3,1.35,19715
LSIL,20200619,1.05,1.05,1,1.05,4252213
LT,20200619,902,915.9,895.1,898.2,5410276
LTI,20200619,1880,1920.1,1860,1869.85,159385
LTTS,20200619,1341,1351.95,1320.6,1343.05,77745
LUMAXIND,20200619,1055,1095,1055,1081,10796
LUMAXTECH,20200619,76.5,77.25,74,75.3,37806
LUPIN,20200619,919.55,926.9,912.3,914.45,2295783
LUXIND,20200619,1080,1117.45,1070.05,1085.85,47794
LYKALABS,20200619,19.2,19.45,18.6,18.7,70748
LYPSAGEMS,20200619,3.3,3.55,3.25,3.4,83207
M&M,20200619,506.6,506.6,496.4,500.05,9811021
M&MFIN,20200619,170.3,177.75,168,174.4,18379228
M100,20200619,15.45,15.45,15.11,15.42,30879
M50,20200619,99.21,100.14,98.19,99.81,1720
MAANALU,20200619,49.7,56.05,49,53.4,57418
MADHAV,20200619,22.6,23,21.55,22.4,6029
MADRASFERT,20200619,19.9,19.9,19.9,19.9,104571
MAGADSUGAR,20200619,115.1,122.35,115.1,119.4,96616
MAGMA,20200619,22.4,23.5,22,23.5,1267176
MAGNUM,20200619,3.65,3.85,3.55,3.55,70372
MAHABANK,20200619,10.8,10.85,10.55,10.65,2858333
MAHAPEXLTD,20200619,70.8,70.85,65,70.85,5152
MAHASTEEL,20200619,83.6,84.9,81.3,83.5,4303
MAHEPC,20200619,142.95,143.9,139.95,141,80233
MAHESHWARI,20200619,177,177,172.5,176,58444
MAHINDCIE,20200619,109,109,109,109,53614
MAHLIFE,20200619,212.7,213.5,206.55,211.75,117319
MAHLOG,20200619,280.5,289.75,280.5,283.25,28302
MAHSCOOTER,20200619,2401,2500,2380,2472.15,38862
MAHSEAMLES,20200619,228.7,232,223.55,227.2,160810
MAITHANALL,20200619,440.1,455,425,434.7,44470
MAJESCO,20200619,352.4,357,351.05,356.05,5241
MALUPAPER,20200619,31,31.7,29.95,30,59016
MAN50ETF,20200619,102.4,103.5,102.4,103.5,1173
MANAKALUCO,20200619,11.15,11.15,10.4,10.4,231554
MANAKCOAT,20200619,4.5,4.5,4.5,4.5,5851
MANAKSIA,20200619,37.5,40.6,37.35,39.8,170159
MANAKSTEEL,20200619,10.5,10.65,9.85,10.65,38602
MANALIPETC,20200619,20,20.4,19.5,19.95,1066869
MANAPPURAM,20200619,150,153.65,149.05,151.6,18917228
MANGALAM,20200619,65.95,66,63.1,63.6,23252
MANGCHEFER,20200619,37.05,37.55,36.3,36.6,938563
MANGLMCEM,20200619,198.5,199.5,193.5,194.55,141976
MANGTIMBER,20200619,7.25,7.85,7.25,7.85,3319
MANINDS,20200619,48,49.6,47.25,47.75,224471
MANINFRA,20200619,20.9,21.1,19.55,20.2,236293
MANUGRAPH,20200619,9.6,9.6,9.05,9.55,6686
MANXT50,20200619,249.9,253.3,249.9,252.3,1339
MARALOVER,20200619,12.75,13.25,12.55,12.8,5495
MARATHON,20200619,52.55,60.75,52.55,59.75,24396
MARICO,20200619,335,335,330.1,331.9,2713340
MARKSANS,20200619,34.55,35.4,33.7,33.9,2269562
MARUTI,20200619,5751,5935,5707,5897.35,1854591
MASFIN,20200619,662.35,672,645,646.8,25827
MASKINVEST,20200619,23.65,23.65,23.65,23.65,856
MASTEK,20200619,383.9,393,375,375.95,76658
MATRIMONY,20200619,382,382,359.25,370.8,4067
MAWANASUG,20200619,30.6,31.8,30.6,31.75,64163
MAXVIL,20200619,34.3,35.75,33.65,34.6,161106
MAYURUNIQ,20200619,168,179.5,168,174.75,76154
MAZDA,20200619,282.9,298.5,278,291.65,9817
MBAPL,20200619,56.2,56.25,56.2,56.2,13000
MBECL,20200619,5,5,5,5,17495
MBLINFRA,20200619,5.85,5.9,5.75,5.9,31180
MCDHOLDING,20200619,26.15,26.3,25.05,25.85,29778
MCDOWELL-N,20200619,613,631.4,610,618.05,4700037
MCLEODRUSS,20200619,8.25,8.25,8.25,8.25,42559
MCX,20200619,1275,1282.95,1262.35,1274,189657
MEGASOFT,20200619,6.4,6.75,6.15,6.25,43750
MEGH,20200619,54.1,54.45,51.6,52.05,2721213
MENONBE,20200619,31.2,33.8,30,32.65,283213
MEP,20200619,21,21.85,20.25,21.45,100164
MERCATOR,20200619,1.15,1.15,1.15,1.15,234416
METALFORGE,20200619,5.95,6.2,5.7,5.7,7077
METROPOLIS,20200619,1474.9,1484.85,1452.45,1479.35,88610
MFSL,20200619,491.1,515,489.3,503.8,1349689
MGL,20200619,1082.65,1094.6,1061,1075.65,1159154
MHRIL,20200619,162.5,169.8,160,165.75,103877
MIC,20200619,1.05,1.05,1.05,1.05,125706
MIDHANI,20200619,215,221,212.5,215.45,1834114
MINDACORP,20200619,70,72.85,67.1,68.3,4076115
MINDAIND,20200619,284.85,289.4,276.15,278.65,390055
MINDTECK,20200619,21.55,23.45,21.55,22.6,4917
MINDTREE,20200619,910.1,934.55,898.55,915.1,2920769
MIRCELECTR,20200619,6.8,6.85,6.5,6.75,228031
MIRZAINT,20200619,46.5,46.95,45.45,45.85,284682
MITTAL,20200619,156.4,156.4,155.4,156.1,370629
MMFL,20200619,176.2,186,176.2,180.45,230186
MMP,20200619,60,70.6,60,69.5,84506
MMTC,20200619,17.3,17.75,16.9,17.2,1775699
MODIRUBBER,20200619,28.55,31.05,28.55,31.05,512
MOHITIND,20200619,3.65,3.65,3.65,3.65,12
MOHOTAIND,20200619,11.8,11.8,11.8,11.8,3184
MOIL,20200619,148.95,155,148.45,152.65,829522
MOLDTECH,20200619,37.6,37.6,34,36.75,44473
MOLDTKPAC,20200619,190,195.5,186.35,192.45,30229
MONTECARLO,20200619,157.9,162.45,155,158.2,80115
MORARJEE,20200619,10.55,11.6,10.5,10.85,10886
MOREPENLAB,20200619,30.55,30.55,28.5,28.5,7509680
MOTHERSUMI,20200619,99,99.1,96,97.35,19884765
MOTILALOFS,20200619,547,564.55,540.1,545.75,130222
MOTOGENFIN,20200619,23.95,24,23,24,4468
MPHASIS,20200619,855,859.45,833.3,840.15,261505
MPSLTD,20200619,248,255,240,250.4,16117
MRF,20200619,63101,63592.95,62700,62949.3,7143
MRO-TEK,20200619,23.55,24.5,23.5,24.5,2685
MRPL,20200619,33,33.35,32,32.15,547689
MSPL,20200619,5.8,6.1,5.8,6,3762
MSTCLTD,20200619,135.4,139.5,130,134.2,197484
MTEDUCARE,20200619,14.1,14.1,13.4,13.6,239211
MTNL,20200619,10.3,10.3,9.6,9.85,4829238
MUKANDENGG,20200619,10,10.55,9.6,10.5,1821
MUKANDLTD,20200619,19.65,19.8,19.2,19.75,27145
MUKTAARTS,20200619,26.4,26.7,25,26.6,7300
MUNJALAU,20200619,45.25,46.25,44.85,45.05,255522
MUNJALSHOW,20200619,94.9,97.8,92.75,95.6,35480
MURUDCERA,20200619,18.65,20,18.65,18.9,192502
MUTHOOTCAP,20200619,414.3,414.3,414.3,414.3,11258
MUTHOOTFIN,20200619,1172.7,1284,1160.6,1180,17346696
N100,20200619,764,764,744.95,755.91,15537
NACLIND,20200619,32.4,36,32.4,35.05,399365
NAGAFERT,20200619,5.45,5.45,5.45,5.45,268000
NAGREEKEXP,20200619,13.2,13.2,12.45,12.7,2448
NAHARCAP,20200619,67.05,72.5,67.05,71.05,13507
NAHARINDUS,20200619,25.95,27.45,25.95,26.65,15028
NAHARPOLY,20200619,63.9,67,63.9,67,48041
NAHARSPING,20200619,36.6,37.7,36,36.8,16546
NAM-INDIA,20200619,281.85,288.8,280.35,281.55,979477
NATCOPHARM,20200619,620.05,632,610.6,628.65,619508
NATHBIOGEN,20200619,342.95,346,333,334.85,11977
NATIONALUM,20200619,30.7,31.35,30.35,30.65,46341420
NATNLSTEEL,20200619,3,3.05,2.85,3.05,22803
NAUKRI,20200619,2765.05,2798,2620.75,2677.95,598562
NAVINFLUOR,20200619,1584.2,1601.1,1575,1594.75,172896
NAVKARCORP,20200619,29.5,29.5,27.8,29,1223035
NAVNETEDUL,20200619,79.6,81,77.1,78.45,237870
NBCC,20200619,24.4,24.7,24,24.2,12057218
NBIFIN,20200619,1611,1700,1600,1679.7,227
NBVENTURES,20200619,52.85,53.55,47.6,48.25,1954018
NCC,20200619,29.35,31.75,29.35,31.35,45692202
NCLIND,20200619,77,78,74.2,74.8,506928
NDGL,20200619,479.5,505,479.5,505,7
NDL,20200619,19.25,20.75,19.25,20.3,82670
NDTV,20200619,36.4,37.9,36.4,37.6,30015
NECCLTD,20200619,7.3,7.3,6.75,7.05,81225
NECLIFE,20200619,30.05,30.05,25.15,25.8,8030954
NELCAST,20200619,47.5,47.5,44.4,44.75,171511
NELCO,20200619,199,202.8,196.1,197.35,48292
NEOGEN,20200619,503.5,521.85,495,504.75,38184
NESCO,20200619,448,465,447,454.7,114967
NESTLEIND,20200619,16290,16305.65,16052.2,16094.85,168895
NETF,20200619,104.48,104.48,104.48,104.48,1
NETFCONSUM,20200619,49.68,50.55,49.01,50.37,30725
NETFDIVOPP,20200619,26.34,26.34,25.3,25.82,538
NETFLTGILT,20200619,21.73,21.75,21.66,21.66,17542
NETFMID150,20200619,54.96,55.9,54.96,55.69,258065
NETFNIF100,20200619,115.5,124,111.3,121.53,1252
NETFNV20,20200619,52.9,52.9,51.12,51.49,6648
NETWORK18,20200619,42.95,42.95,41.5,42.95,3697425
NEULANDLAB,20200619,462,472.8,451,458.85,152589
NEWGEN,20200619,150.5,153.9,147.7,149.15,21200
NEXTMEDIA,20200619,5.75,5.75,5.75,5.75,840
NFL,20200619,29,30.25,28.65,29.1,1116015
NH,20200619,273.5,278.95,270,272.5,639705
NHPC,20200619,19.95,20.45,19.8,19.9,7552921
NIACL,20200619,129,130.6,121.6,124.2,547687
NIBL,20200619,6.5,6.6,6.05,6.6,21120
NIFTYBEES,20200619,107.8,109,106.1,108.79,4181389
NIITLTD,20200619,91.5,93.5,91.5,92.7,585566
NIITTECH,20200619,1384.25,1386.3,1321.5,1330.75,755958
NILAINFRA,20200619,5.1,5.25,4.95,5.05,533162
NILASPACES,20200619,1.1,1.15,1.05,1.1,364574
NILKAMAL,20200619,1085.65,1197,1085.65,1131.3,98385
NIPPOBATRY,20200619,510.35,520,502.05,509.35,5419
NITCO,20200619,17.3,17.45,16.7,17.15,139672
NITINSPIN,20200619,37.5,39.4,36.4,36.95,146071
NKIND,20200619,23.7,23.8,23.7,23.8,342
NLCINDIA,20200619,45.5,46.2,45.2,45.5,799745
NMDC,20200619,83.7,84.3,82.1,82.45,6118843
NOCIL,20200619,86.8,88.8,85.5,86.35,2786043
NOIDATOLL,20200619,4,4.05,3.95,4,66491
NPBET,20200619,113.46,115.5,111.65,115.04,1330
NRAIL,20200619,203.4,212,203.4,208.6,17938
NRBBEARING,20200619,70.85,74.5,70.75,71.35,206670
NSIL,20200619,650.05,657.55,638.05,647,300
NTL,20200619,0.55,0.55,0.55,0.55,1000
NTPC,20200619,93.05,94.05,92.4,93,13836696
NUCLEUS,20200619,251.85,253.95,248.05,248.9,33178
NXTDIGITAL,20200619,408.9,423.9,408.2,408.8,4585
OAL,20200619,175.8,178,169,172.3,12155
OBEROIRLTY,20200619,362.4,390.7,360.6,374.8,507471
OCCL,20200619,690,702.2,681.75,690.15,12133
OFSS,20200619,2742,2790,2560,2591.85,153909
OIL,20200619,100.95,107.4,99.55,105.25,8865446
OILCOUNTUB,20200619,5.45,5.7,5.3,5.35,67255
OISL,20200619,2.95,3.05,2.9,3,80539
OLECTRA,20200619,68.7,68.7,63.65,66.95,84330
OMAXAUTO,20200619,31.9,32.75,31.5,32.75,106171
OMAXE,20200619,209.35,210.95,209.35,210.4,1416742
OMKARCHEM,20200619,4.25,4.4,4.1,4.1,12339
OMMETALS,20200619,16.05,18.35,16.05,17.55,741265
ONELIFECAP,20200619,5.85,6.1,5.6,6.1,4380
ONEPOINT,20200619,12.95,12.95,12.1,12.6,3471
ONGC,20200619,85.5,86.3,84.3,85.75,21920952
ONMOBILE,20200619,29.1,29.55,28.4,28.6,79911
ONWARDTEC,20200619,51.6,52.85,51.6,52.15,3814
OPTIEMUS,20200619,25.35,25.35,23.95,24.95,8671
OPTOCIRCUI,20200619,12.2,12.2,12.2,12.2,203599
ORBTEXP,20200619,55.45,58.9,55.45,55.95,9431
ORICONENT,20200619,16.75,16.8,16,16.15,39719
ORIENTABRA,20200619,16.15,16.25,13.7,14.95,125325
ORIENTALTL,20200619,12.9,13,12.85,12.95,161168
ORIENTBELL,20200619,98,99.05,91.6,99.05,928795
ORIENTCEM,20200619,72.95,75,72.1,72.95,4396330
ORIENTELEC,20200619,180.3,184.8,180.3,183.75,180227
ORIENTHOT,20200619,21.85,21.85,20.75,20.95,36070
ORIENTLTD,20200619,85.25,91.95,85.1,91.65,364
ORIENTPPR,20200619,20.65,21.45,20.1,20.35,1682883
ORIENTREF,20200619,162,162.2,158.3,160.2,41736
ORISSAMINE,20200619,1699.75,1785.5,1675,1694.6,22546
ORTINLABSS,20200619,16.45,16.75,16.4,16.75,74198
OSWALAGRO,20200619,7.3,8.45,7.3,8.1,202336
PAEL,20200619,1.95,1.95,1.95,1.95,4100
PAGEIND,20200619,18090.9,18389.95,18040,18113.2,32894
PAISALO,20200619,218,230,214.05,221.7,29177
PALASHSECU,20200619,24.8,24.8,24.8,24.8,65
PALREDTEC,20200619,16.25,16.4,14.9,15.05,2862
PANACEABIO,20200619,213,218,207.95,210.35,255024
PANACHE,20200619,40.5,45,39.55,41,16551
PANAMAPET,20200619,41.75,43.4,39.75,42.55,27526
PAPERPROD,20200619,203.5,204.7,198.8,199.7,56538
PARACABLES,20200619,8.25,8.3,8,8.1,172568
PARAGMILK,20200619,87.85,95.55,87.85,94,357297
PARSVNATH,20200619,2.6,2.6,2.45,2.6,35136
PATELENG,20200619,15.75,15.75,14.65,14.8,468803
PATINTLOG,20200619,22.1,22.75,21.25,21.45,24904
PATSPINLTD,20200619,4.85,4.85,4.85,4.85,101
PCJEWELLER,20200619,16.9,17.2,16.25,16.6,2839754
PDMJEPAPER,20200619,14.05,14.35,13.75,13.85,90293
PDSMFL,20200619,295,295.05,266,277.55,3809
PEARLPOLY,20200619,16.2,17.65,16.2,17.25,67504
PEL,20200619,1050.05,1191.95,1047,1163,5685403
PENIND,20200619,19.5,20.4,19.1,19.8,1045859
PENINLAND,20200619,4.05,4.45,3.9,4.35,747970
PERSISTENT,20200619,585.1,614.85,572.25,601.6,184197
PETRONET,20200619,262,264.35,257.65,260.4,4261378
PFC,20200619,86.5,86.85,84.8,85.2,9019039
PFIZER,20200619,4000,4030,3972.6,3999.15,48435
PFOCUS,20200619,26.65,27.5,26.5,26.9,72626
PFS,20200619,14.25,14.55,13.35,13.5,2417032
PGEL,20200619,43.75,47.95,43.75,47.95,89760
PGHH,20200619,10020,10055.45,9773.95,9839,10170
PGHL,20200619,3950.45,3989.5,3910,3958,8332
PGIL,20200619,114.9,115.95,106.1,108.75,18677
PHILIPCARB,20200619,90.85,99.8,90,96.35,5362412
PHOENIXLTD,20200619,574.6,614.7,571.7,604.75,226973
PIDILITIND,20200619,1398.9,1415,1388.2,1398.85,2590585
PIIND,20200619,1556,1567,1501.35,1553.2,359630
PILANIINVS,20200619,1339.95,1358.05,1330,1344.45,563
PILITA,20200619,5,5.55,4.85,5.55,540777
PIONDIST,20200619,118,122.9,117.05,119.8,12732
PIONEEREMB,20200619,23.7,23.85,21.75,22.6,31837
PITTIENG,20200619,30.05,32.9,30,31.55,48045
PKTEA,20200619,93.5,93.9,93.5,93.8,11
PLASTIBLEN,20200619,173.2,177.95,172.3,174.25,6604
PNB,20200619,34.5,34.65,33.9,34.5,47810394
PNBGILTS,20200619,36.55,38.1,36.55,36.85,1563002
PNBHOUSING,20200619,209.9,216.55,207.15,216.1,1439295
PNC,20200619,16.25,16.25,15.1,15.6,12777
PNCINFRA,20200619,135.4,138,131,132.4,188622
PODDARHOUS,20200619,170,173.4,167.05,171.2,518
PODDARMENT,20200619,154.9,159,143.95,155,8229
POKARNA,20200619,109.75,113.4,105,112.6,95393
POLYCAB,20200619,764.3,820,759.8,801.2,661832
POLYMED,20200619,307.8,307.8,295.65,297.3,55992
POLYPLEX,20200619,456.95,457.8,445.95,449,22121
PONNIERODE,20200619,158,164.7,158,160.55,34635
POWERGRID,20200619,165.85,172.3,165.05,171.4,12137348
POWERINDIA,20200619,836.2,844,835.05,836.5,32676
POWERMECH,20200619,375,398,372.6,385.9,31810
PPAP,20200619,180,185.9,174,176.85,54137
PPL,20200619,55.95,55.95,55.5,55.95,69755
PRABHAT,20200619,67.7,67.9,67.5,67.6,3353
PRADIP,20200619,0.95,0.95,0.95,0.95,1265
PRAENG,20200619,6,6.3,5.8,6.25,44492
PRAJIND,20200619,65.5,66.4,64.6,65,1608034
PRAKASH,20200619,38.5,39.7,37.2,38.45,832136
PRAKASHSTL,20200619,1.6,1.6,1.6,1.6,267346
PRAXIS,20200619,28.35,29,27.15,28.45,41153
PRECAM,20200619,30.45,31,29.5,30.5,501777
PRECOT,20200619,22.75,26.7,22.75,24,2258
PRECWIRE,20200619,94,102.65,93.2,102.55,266782
PREMEXPLN,20200619,93.7,93.7,85,89.45,64686
PREMIERPOL,20200619,25.7,25.8,23.15,23.4,12715
PRESSMN,20200619,20.95,20.95,18.75,19.35,32687
PRESTIGE,20200619,209,215.8,207,210.3,926152
PRICOLLTD,20200619,41.7,41.7,39.5,39.9,57461
PRIMESECU,20200619,37.45,37.5,36.45,36.85,2876
PRINCEPIPE,20200619,108,108.05,104.15,108.05,449169
PROSEED,20200619,0.3,0.35,0.3,0.35,127539
PROZONINTU,20200619,21.8,22.5,21.8,21.8,310089
PRSMJOHNSN,20200619,45.45,48.35,44.55,46.35,737514
PSB,20200619,16.15,16.45,15.9,16.05,203214
PSPPROJECT,20200619,375,375,365,368.55,16215
PSUBNKBEES,20200619,15.44,15.64,15.11,15.52,216835
PTC,20200619,41.25,41.6,40.65,40.8,2948753
PTL,20200619,32.1,33.8,31.35,32.7,14171
PUNJABCHEM,20200619,446.2,470,427.7,450.25,9447
PURVA,20200619,40.2,46.95,40.2,43.1,517505
PVR,20200619,1008,1028.35,1008,1016.7,1301788
QGOLDHALF,20200619,2079,2080,2075,2075,1469
QNIFTY,20200619,1043,1051,1043,1051,6
QUESS,20200619,317.3,317.3,317.3,317.3,71510
QUICKHEAL,20200619,112,113,109.1,109.85,173369
RADAAN,20200619,1.1,1.1,1.1,1.1,2181
RADICO,20200619,373,376,366.25,369.3,664098
RADIOCITY,20200619,15.5,16.25,15.3,15.9,1331966
RAIN,20200619,80.9,81.65,78.4,79.15,2385404
RAJESHEXPO,20200619,474,478,464.05,467.9,259515
RAJRATAN,20200619,218,222.85,214.05,221,3377
RAJSREESUG,20200619,16.4,16.9,15.6,15.95,14109
RAJTV,20200619,35,36.5,35,36,2194
RALLIS,20200619,263.95,265.2,257,261.7,819092
RAMANEWS,20200619,12.75,14.85,12.6,14,187172
RAMASTEEL,20200619,32.1,33.9,31.4,33.75,10611
RAMCOCEM,20200619,626,659.9,621.25,644.75,2592985
RAMCOIND,20200619,157.7,186.75,157,174.8,963676
RAMCOSYS,20200619,125.85,137,125.85,128.8,1112956
RAMKY,20200619,39.2,42.2,38,38.35,224728
RANASUG,20200619,4.25,4.35,4,4.25,274721
RANEENGINE,20200619,198,216,195.25,209.5,8653
RANEHOLDIN,20200619,410,410,395,396.3,17290
RATNAMANI,20200619,1000,1024,990.05,998.1,19881
RAYMOND,20200619,288.2,294.8,286.1,291.5,803413
RBL,20200619,492.1,498,480.65,490.1,20263
RBLBANK,20200619,167,172.35,164.05,168.9,44126932
RCF,20200619,46,47.45,45.9,46.65,4664750
RCOM,20200619,1.2,1.2,1.2,1.2,1909350
RECLTD,20200619,107.2,108.7,103.8,106.6,16150656
REDINGTON,20200619,83.4,86.9,81.95,82.35,1779479
REFEX,20200619,50.95,52.4,50,51,113755
RELAXO,20200619,643.5,643.5,626.55,635,626280
RELCAPITAL,20200619,9,9,9,9,1015099
RELIANCE,20200619,1670,1788.8,1662,1759.4,48828852
RELIGARE,20200619,33.95,34.75,32.8,34.75,198626
RELINFRA,20200619,25.9,26.4,25.55,26.4,2184779
REMSONSIND,20200619,72.35,74.8,68.6,71.85,6978
RENUKA,20200619,8,8.1,7.85,8.1,1471469
REPCOHOME,20200619,126.75,126.75,121.5,126.75,478241
REPRO,20200619,384.35,396,372.55,381.75,2249
RESPONIND,20200619,79.5,80.9,77.6,79.05,111367
REVATHI,20200619,402.05,408.35,386.95,393.55,1337
RGL,20200619,236.95,240,228,232.55,2315
RHFL,20200619,1.85,1.85,1.85,1.85,136469
RICOAUTO,20200619,35.15,36.5,33.75,33.95,1365192
RIIL,20200619,322,374.6,321.5,374.6,2168851
RITES,20200619,242,243.4,237.4,239.15,740197
RKDL,20200619,7.7,8,7.6,7.85,33247
RKFORGE,20200619,182,182.8,174.3,175.9,75961
RMCL,20200619,4.1,4.25,3.85,3.95,40869
RML,20200619,191,225,191,215.1,26823
RNAVAL,20200619,1.95,1.95,1.95,1.95,166792
ROHITFERRO,20200619,1.2,1.2,1.2,1.2,8950
ROHLTD,20200619,57,57,54.65,55.2,66771
ROLLT,20200619,1.7,1.7,1.7,1.7,8523
ROLTA,20200619,5.05,5.25,5,5.25,392475
ROSSELLIND,20200619,57,58.95,56.5,58,5220
RPGLIFE,20200619,271.9,278,264.45,267.05,41370
RPOWER,20200619,3.15,3.15,3.15,3.15,1259695
RPPINFRA,20200619,69.9,71.7,67.35,68.45,28466
RSSOFTWARE,20200619,14,14.15,13.4,13.85,23260
RSWM,20200619,76,86.75,75,81.7,84685
RSYSTEMS,20200619,98.6,98.6,95.9,96.1,7845
RTNINFRA,20200619,2.8,2.8,2.8,2.8,145343
RTNPOWER,20200619,1.9,1.9,1.9,1.9,282915
RUBYMILLS,20200619,165,168.85,163.55,167.45,2635
RUCHI,20200619,1190.8,1190.8,1077.4,1190.8,466932
RUCHINFRA,20200619,16.85,16.85,16.85,16.85,11780
RUCHIRA,20200619,52.1,52.1,46.7,47.35,197414
RUPA,20200619,165,170,161,166.6,36318
RUSHIL,20200619,124.25,135,124.25,125.5,26384
RVNL,20200619,19.05,19.3,18.75,18.9,5335041
S&SPOWER,20200619,16.8,16.8,16,16.45,2161
SABEVENTS,20200619,1.05,1.05,1.05,1.05,1218
SABTN,20200619,1.6,1.65,1.6,1.65,18077
SADBHAV,20200619,44.5,44.65,42.5,43.6,294922
SADBHIN,20200619,15.7,15.8,15.15,15.7,171524
SAFARI,20200619,368,380,362.5,369.6,15937
SAGARDEEP,20200619,99.5,100.75,98.55,99.7,19295
SAGCEM,20200619,345.05,354,342.15,344.3,9136
SAIL,20200619,30,30.55,30,30.15,22925898
SAKAR,20200619,50.05,53,49.1,50.85,4187
SAKHTISUG,20200619,10.75,10.85,10.3,10.6,62198
SAKSOFT,20200619,191,192,186.35,190.6,5044
SAKUMA,20200619,7.85,8.2,7.7,8.15,412885
SALASAR,20200619,119,123.9,119,123.35,47292
SALONA,20200619,58.5,58.5,54,58.45,125
SALSTEEL,20200619,2.8,2.9,2.8,2.9,7660
SALZERELEC,20200619,97,97.4,82,86.6,271533
SAMBHAAV,20200619,2,2.15,1.95,2.15,64842
SANCO,20200619,11,11.2,10.5,10.6,15737
SANDESH,20200619,505,528,500.35,515.9,708
SANDHAR,20200619,175.1,182.95,175.1,178.35,7545
SANGAMIND,20200619,46.55,48.55,46.2,47.2,36584
SANGHIIND,20200619,27.85,27.85,25.2,25.45,2426212
SANGHVIFOR,20200619,14.55,15.15,14.25,15.15,803
SANGHVIMOV,20200619,67,67,62.25,65,28687
SANGINITA,20200619,85,85.75,81,84.75,44075
SANOFI,20200619,7960,8030,7885,8000.05,19744
SANWARIA,20200619,2.85,2.85,2.85,2.85,871080
SARDAEN,20200619,181.85,187.35,181.05,183.9,104252
SAREGAMA,20200619,422,429.95,420,424.8,8222
SARLAPOLY,20200619,19.5,21.4,18.3,20.45,188503
SASKEN,20200619,446.8,454,437.1,442.6,12189
SASTASUNDR,20200619,79,85.8,76.55,84.55,4863
SATHAISPAT,20200619,1.75,1.8,1.7,1.8,17340
SATIA,20200619,73.6,75.6,72.65,75.05,10014
SATIN,20200619,103.5,103.5,93.7,96.9,931782
SBICARD,20200619,592.7,622.7,587.1,616.95,4045615
SBIETFQLTY,20200619,91.8,91.8,90.3,91.49,679
SBILIFE,20200619,779,780.85,767.2,775.85,2912093
SBIN,20200619,180.3,184.95,179.5,184.5,76897890
SCAPDVR,20200619,0.8,0.8,0.8,0.8,859912
SCHAEFFLER,20200619,3556.3,3649,3550,3596,9920
SCHAND,20200619,45,45.85,43.75,44.15,80667
SCHNEIDER,20200619,82.9,83.9,82.4,83.05,161307
SCI,20200619,49.8,50.95,49.1,49.4,1349045
SDBL,20200619,74,77.5,71.35,77.5,28086
SEAMECLTD,20200619,425,444,413.5,437.2,24423
SELAN,20200619,101.95,106,100.5,104.1,80732
SEPOWER,20200619,3,3.15,2.85,3,36012
SEQUENT,20200619,87.9,89.8,86,86.65,819263
SESHAPAPER,20200619,163.5,164.55,160.05,160.7,44538
SETCO,20200619,10.55,11.45,10.05,11.3,276401
SETF10GILT,20200619,197.6,197.6,189.11,196.42,817
SETFGOLD,20200619,4277,4283.25,4266.6,4273.35,5519
SETFNIF50,20200619,103.94,105.8,103.75,105.49,320196
SETFNIFBK,20200619,208.66,213.13,207.56,211.97,254570
SETFNN50,20200619,259,261.9,256.63,260.91,1204
SETUINFRA,20200619,1,1,0.9,1,227875
SEYAIND,20200619,86.65,86.65,86.65,86.65,12348
SFL,20200619,1440.6,1460,1401,1406.3,12517
SGL,20200619,8.55,9.1,8.5,8.75,27610
SHAHALLOYS,20200619,7,7.2,6.6,7.2,4196
SHAKTIPUMP,20200619,188.15,192.45,181,183.05,27935
SHALBY,20200619,71.4,72,68.2,68.95,218663
SHALPAINTS,20200619,61.95,64.9,61.55,62.9,149152
SHANKARA,20200619,400,442.65,380,385.45,1272484
SHANTIGEAR,20200619,94,94.7,91,92.2,84314
SHARDACROP,20200619,200,202,190.65,194.15,15970
SHARDAMOTR,20200619,695.9,720.1,682.05,717.65,2428
SHARIABEES,20200619,250.99,251,250.99,251,14
SHEMAROO,20200619,67,68.85,66.5,67.05,99906
SHIL,20200619,99,105,92.3,95.55,35551
SHILPAMED,20200619,526,531,508,510,50879
SHIRPUR-G,20200619,7.5,7.5,7.05,7.3,29498
SHIVAMAUTO,20200619,16.55,16.65,16,16.65,83546
SHIVAMILLS,20200619,26,26,24.2,25.6,7423
SHIVATEX,20200619,113.5,115,106.35,109.15,7306
SHK,20200619,72.5,73,70.35,70.85,932206
SHOPERSTOP,20200619,180,184,178.8,179.85,135753
SHREDIGCEM,20200619,47.9,48.5,45.55,46.6,1707287
SHREECEM,20200619,21840,21930,21566.45,21678.95,64310
SHREEPUSHK,20200619,98,99.45,96.1,97.15,13240
SHREERAMA,20200619,4.9,5.2,4.9,5.1,15063
SHRENIK,20200619,28.75,28.75,28.75,28.75,53453
SHREYANIND,20200619,89.4,91.95,85.8,88,52790
SHREYAS,20200619,66.5,70.05,64.85,69.6,68252
SHRIPISTON,20200619,605,628.95,605,623.2,406
SHRIRAMCIT,20200619,683.95,683.95,664.05,666.6,109270
SHRIRAMEPC,20200619,5.3,5.3,5.2,5.3,305542
SHYAMCENT,20200619,3.65,3.65,3.4,3.45,19188
SICAGEN,20200619,14.1,14.5,13.95,14.45,27387
SICAL,20200619,10,10.15,9.7,10,152030
SIEMENS,20200619,1045,1074.6,1045,1066.9,751999
SIGIND,20200619,22.05,23.5,22.05,22.9,14578
SIL,20200619,10.15,10.55,9.85,10.5,24388
SILINV,20200619,121.95,130.9,120.05,130.8,15823
SIMBHALS,20200619,8.1,8.45,7.7,8.25,33056
SIMPLEXINF,20200619,28.9,29.8,27.5,28.65,411308
SINTEX,20200619,2,2,2,2,285628
SIRCA,20200619,237,241,226.25,236.9,8758
SIS,20200619,385.4,385.4,377,380.5,24076
SITINET,20200619,1.7,1.7,1.7,1.7,1122776
SIYSIL,20200619,125.75,135,125.45,132.35,120878
SJVN,20200619,21.35,21.4,21.15,21.35,884148
SKFINDIA,20200619,1515,1580,1514.95,1570.25,49012
SKIL,20200619,4,4.05,3.75,4.05,91829
SKIPPER,20200619,42,43.7,40.35,41.9,451984
SKMEGGPROD,20200619,33.25,35.8,33.1,34.45,24062
SMARTLINK,20200619,74.8,74.8,69.1,70.65,8873
SMLISUZU,20200619,390.95,409,388.6,396.75,137101
SMSLIFE,20200619,312,312,293,296.3,8436
SMSPHARMA,20200619,54.85,56,52.5,54.95,262647
SNOWMAN,20200619,29,31.1,28.95,30.1,747127
SOBHA,20200619,219.55,232,218.3,225.1,483670
SOLARA,20200619,620.65,628.45,598.1,609.7,56804
SOLARINDS,20200619,967.05,967.05,955,958.3,5864
SOMANYCERA,20200619,142,149,138.1,140.1,433036
SOMATEX,20200619,3.25,3.3,3.25,3.3,3143
SOMICONVEY,20200619,14.4,15.7,14.4,15.55,9948
SONATSOFTW,20200619,228.4,231.8,225,226,925077
SORILINFRA,20200619,56,57.2,56,57.2,22320
SOTL,20200619,678.05,705,678,687.8,991
SOUTHBANK,20200619,6.95,7.15,6.9,7,34776332
SOUTHWEST,20200619,26.1,26.1,23.8,25.25,48625
SPAL,20200619,78.7,78.75,75,75.9,82873
SPANDANA,20200619,540,550,528.35,539.85,24509
SPARC,20200619,147.25,150.7,144.7,145.7,1099791
SPECIALITY,20200619,33.4,34,32.25,33.8,34851
SPENCERS,20200619,91.2,91.65,89.55,90.25,696176
SPENTEX,20200619,0.65,0.65,0.65,0.65,47071
SPIC,20200619,19.95,22.25,19.95,20.65,1050976
SPICEJET,20200619,51.7,52.2,50.85,51,3588979
SPLIL,20200619,25.3,26.4,24.8,26,22401
SPMLINFRA,20200619,8.35,8.9,8,8.7,32078
SPTL,20200619,2.3,2.3,2.3,2.3,138970
SREEL,20200619,138,138.7,133,133.95,4521
SREINFRA,20200619,6.75,6.9,6.75,6.9,1422062
SRF,20200619,3615,3660,3597.7,3614.15,281420
SRHHYPOLTD,20200619,107.55,118.95,107.1,116.5,39987
SRIPIPES,20200619,196.1,196.1,185.55,193.7,153899
SRTRANSFIN,20200619,667.2,692.15,655.55,658.85,6826245
SSWL,20200619,370,404,370,391.6,90029
STAMPEDE,20200619,0.65,0.65,0.65,0.65,11028
STAR,20200619,406,408,395.05,403.9,760615
STARCEMENT,20200619,86.4,87.5,84.65,86.7,152774
STARPAPER,20200619,102.7,102.7,98.5,98.9,348058
STCINDIA,20200619,50,51.15,49.05,49.35,24142
STEELCITY,20200619,27.85,31.5,25.75,29.65,30584
STEELXIND,20200619,23.45,23.45,22.05,22.5,3867
STEL,20200619,51.65,56,51.6,53.4,10790
STERTOOLS,20200619,166.7,173,163.55,165.8,14083
STINDIA,20200619,3.6,3.9,3.6,3.6,3045
STRTECH,20200619,108.8,111.6,107,110,1850747
SUBEX,20200619,8.15,8.5,8.1,8.5,1652235
SUBROS,20200619,174.3,178.5,172.1,173.9,119330
SUDARSCHEM,20200619,397.1,404,392,395.95,314339
SUMEETINDS,20200619,1.75,1.75,1.75,1.75,98136
SUMICHEM,20200619,305,314.9,285.35,296.1,1754066
SUMIT,20200619,12,12.45,11.35,11.5,9494
SUMMITSEC,20200619,333.05,337.85,326.35,331.55,792
SUNCLAYLTD,20200619,1625.1,1649,1619,1637.2,2552
SUNDARAM,20200619,1.45,1.45,1.45,1.45,51691
SUNDARMFIN,20200619,1315.9,1348.5,1291,1332.75,66044
SUNDARMHLD,20200619,52,52,47.25,48.5,61484
SUNDRMBRAK,20200619,213.3,228.45,213.3,221.3,2276
SUNDRMFAST,20200619,352.25,384.4,352.25,377.7,256608
SUNFLAG,20200619,39,39.05,35.8,36.35,583404
SUNPHARMA,20200619,486.8,491.95,485.2,488.1,8114876
SUNTECK,20200619,166.9,173.55,164,171.55,459478
SUNTV,20200619,397.1,409,391.55,398.25,3035852
SUPERHOUSE,20200619,80.85,85.3,80.75,82.1,34030
SUPERSPIN,20200619,4.8,4.8,4.5,4.8,53155
SUPPETRO,20200619,171.9,174,168.1,168.8,24360
SUPRAJIT,20200619,141.5,143.55,139.55,141.2,358068
SUPREMEIND,20200619,1133,1153.9,1130,1147,69051
SURANASOL,20200619,8.2,8.6,7.9,8.3,57563
SURANAT&P,20200619,5,5,4.75,5,1101907
SURYALAXMI,20200619,18,19.05,18,19.05,12356
SURYAROSNI,20200619,103.8,111.7,102,108.15,490976
SUTLEJTEX,20200619,22.9,23.75,22.05,23.2,181821
SUVEN,20200619,35.35,35.35,33.1,35.35,1469615
SUVENPHAR,20200619,365,404.5,351.1,398.2,1654302
SUZLON,20200619,4.25,4.25,4,4.25,42548517
SWANENERGY,20200619,134,138.2,129.1,132.55,160075
SWARAJENG,20200619,1430,1470.85,1406.6,1412.25,15650
SWELECTES,20200619,97.55,115.3,97.55,104.45,75878
SWSOLAR,20200619,161.7,164,157.05,159.9,208643
SYMPHONY,20200619,876.8,919.8,875.2,910.2,171164
SYNCOM,20200619,2.3,2.3,2.3,2.3,31068
SYNGENE,20200619,376.4,380,373.15,378,511239
TAINWALCHM,20200619,48.3,48.3,46.1,46.45,2608
TAJGVK,20200619,155,157.95,153,153.5,39425
TAKE,20200619,51.3,53,51.3,52,1049196
TALBROAUTO,20200619,100.65,117.5,97.2,110.3,272301
TANLA,20200619,67.25,69.05,67.25,67.85,100264
TARMAT,20200619,23.8,24.5,23.7,24.2,3553
TASTYBITE,20200619,12065.65,12600,12051.05,12345.45,1890
TATACHEM,20200619,317,317.05,312,314.25,1284180
TATACOFFEE,20200619,85,87.15,83.6,84.35,714424
TATACOMM,20200619,593,597.5,584.6,589.45,92471
TATACONSUM,20200619,373.85,383,373.35,377.3,4249130
TATAELXSI,20200619,876.9,892.3,869.15,874.9,361337
TATAINVEST,20200619,716.15,728.6,716.15,722.55,17777
TATAMETALI,20200619,497.5,506.95,490.5,493.45,48409
TATAMOTORS,20200619,96.5,103.9,95.6,102.5,135463691
TATAMTRDVR,20200619,39.95,43,39.65,42.7,10411389
TATAPOWER,20200619,43.45,43.95,42.8,43.2,28219725
TATASTEEL,20200619,321,325.85,317.3,320.55,15134693
TATASTLBSL,20200619,20.3,20.4,19.7,19.9,2889049
TATASTLLP,20200619,258.05,267.4,258.05,259.4,48048
TBZ,20200619,30.6,30.75,29.95,30.4,117424
TCI,20200619,165.25,173,165.25,169.9,39639
TCIDEVELOP,20200619,279,283.35,276,278.85,328
TCIEXP,20200619,672,672,660.55,663.95,7587
TCIFINANCE,20200619,6.05,6.05,6,6.05,17091
TCNSBRANDS,20200619,399.3,399.3,382.35,390.55,35005
TCPLPACK,20200619,248.95,251.95,239.85,243.15,5798
TCS,20200619,2042,2090,2032,2044.6,5681784
TDPOWERSYS,20200619,98.05,105.75,98,103,17224
TEAMLEASE,20200619,1775,1824.8,1735.2,1744.2,25577
TECHIN,20200619,2.1,2.1,2.1,2.1,1160
TECHM,20200619,538.5,542.95,531.9,538.85,5570402
TECHNOE,20200619,198,205,195.65,197.1,21243
TECHNOFAB,20200619,9,9.05,8.95,9.05,22967
TEJASNET,20200619,51.4,52.15,48.65,52.15,352880
TERASOFT,20200619,23,25.95,23,25.15,73903
TEXINFRA,20200619,36.1,37,34.75,35.75,42864
TEXMOPIPES,20200619,13.85,13.85,12.8,13.1,76075
TEXRAIL,20200619,26.05,27.4,25.65,26.15,3779659
TFCILTD,20200619,38.85,38.85,37.35,37.85,387192
TGBHOTELS,20200619,3.85,3.85,3.85,3.85,5494
THANGAMAYL,20200619,257.8,263.2,257.8,258.6,16039
THEINVEST,20200619,93.45,101.5,93.4,101.5,6103
THEMISMED,20200619,310,349,310,336.6,8661
THERMAX,20200619,720.4,796,713,751.9,376354
THOMASCOOK,20200619,27.2,29.25,27.2,29.15,1249976
THOMASCOTT,20200619,4.45,4.45,4.45,4.45,100
THYROCARE,20200619,518.45,519.45,510.05,511.6,20089
TI,20200619,17.75,18,16.5,16.95,77730
TIDEWATER,20200619,3849.3,4011,3782,3994.15,2773
TIIL,20200619,279,279,247.1,252.1,11256
TIINDIA,20200619,404.4,421.5,402.1,421.5,274305
TIJARIA,20200619,6.5,6.65,6.1,6.3,19235
TIL,20200619,135.3,145.4,135.25,139.4,13696
TIMESGTY,20200619,24.35,24.35,20.65,21.75,2722
TIMETECHNO,20200619,41.8,42.7,40.2,40.4,1079603
TIMKEN,20200619,944,978,919.25,969.85,47785
TINPLATE,20200619,129.7,133.5,124.8,126.9,3173418
TIPSINDLTD,20200619,118.05,125,111.55,122.1,5779
TIRUMALCHM,20200619,46.7,48.2,46.25,46.6,373314
TITAN,20200619,980,994.95,973,975.85,2817654
TMRVL,20200619,10.5,10.5,9.6,9.95,100998
TNPETRO,20200619,35.65,36.4,35,35.8,241460
TNPL,20200619,109.95,115.5,107.2,111.45,1073491
TOKYOPLAST,20200619,62.5,62.5,60.7,61.5,5890
TORNTPHARM,20200619,2534.3,2569.7,2521.65,2543.35,292697
TORNTPOWER,20200619,322,325.5,319.35,320.95,913519
TOUCHWOOD,20200619,47.5,47.85,45.7,47.8,5672
TPLPLASTEH,20200619,108.3,120,100.65,111,16951
TREEHOUSE,20200619,4.25,4.25,3.95,3.95,249633
TREJHARA,20200619,9,9.25,8.6,9.2,21026
TRENT,20200619,532.55,575,528.7,569.9,682729
TRF,20200619,82.05,86,77.4,78.9,118496
TRIDENT,20200619,6.85,6.95,6.8,6.8,7078958
TRIGYN,20200619,33.65,35.8,33.65,35.1,69027
TRIL,20200619,9.4,9.5,8.8,8.85,272148
TRITURBINE,20200619,78.35,79.6,75.3,75.8,109342
TRIVENI,20200619,56.7,56.7,56.7,56.7,417575
TTKHLTCARE,20200619,421.9,444,418.1,422.1,1977
TTKPRESTIG,20200619,5057.4,5116.3,4981.05,5043.7,4374
TTL,20200619,29.45,30.8,29.4,30.15,8900
TTML,20200619,3.85,3.9,3.75,3.9,3548148
TV18BRDCST,20200619,37.2,37.9,36,37.55,9733713
TVSELECT,20200619,104.85,104.85,98.5,102.1,18238
TVSMOTOR,20200619,365,374,361.85,368.95,2520338
TVSSRICHAK,20200619,1415.9,1444,1415,1430.6,5520
TVTODAY,20200619,188,201.55,183.15,198.5,415099
TVVISION,20200619,1.65,1.65,1.65,1.65,81
TWL,20200619,36.05,36.05,36.05,36.05,155973
UBL,20200619,1012,1055,1012,1020.05,1359362
UCALFUEL,20200619,115.25,116,111.5,112.9,35687
UCOBANK,20200619,13.1,13.1,12.9,13.05,1380089
UFLEX,20200619,192,207.8,190.8,196.05,766358
UFO,20200619,79.9,82.5,79.9,80.7,228904
UGARSUGAR,20200619,14.65,14.9,14.3,14.5,320048
UJAAS,20200619,6.9,6.9,6.9,6.9,110521
UJJIVAN,20200619,204,218.8,203.5,212.8,12592804
UJJIVANSFB,20200619,28.8,29.9,28.7,29.45,2257056
ULTRACEMCO,20200619,3859.25,3904.45,3813.1,3836.35,556285
UMANGDAIRY,20200619,39.85,39.9,37.7,38.55,22130
UMESLTD,20200619,1.4,1.4,1.35,1.4,10056
UNICHEMLAB,20200619,168.15,170,150,158.15,310730
UNIENTER,20200619,58.25,60.75,58,60,11089
UNIONBANK,20200619,29.8,31.7,29.3,30.7,14607758
UNIPLY,20200619,6.5,6.5,6.15,6.35,606303
UNITEDTEA,20200619,250,286.65,231,262.75,4193
UNIVCABLES,20200619,124,126,118.6,121.45,54382
UNIVPHOTO,20200619,90.4,99.4,90.4,96.05,2282
UPL,20200619,427.95,439.55,427.5,436.9,6059411
URJA,20200619,2.85,3.15,2.85,3.15,4351451
USHAMART,20200619,19.4,19.45,18.5,19.45,1307002
UTINEXT50,20200619,264,265,253.7,255.78,707
UTINIFTETF,20200619,1068.98,1085,1068.55,1085,202
UTISENSETF,20200619,364.99,367.44,356.14,366.77,1194
UTISXN50,20200619,290.88,299.9,274.05,296.3,148
UTTAMSTL,20200619,6.65,6.65,6.2,6.65,397798
UTTAMSUGAR,20200619,79.8,80,77.95,78.45,78738
UVSL,20200619,0.35,0.4,0.3,0.35,61469221
V2RETAIL,20200619,57.25,57.25,54.25,56.3,133365
VADILALIND,20200619,539,539,520,529.6,4067
VAIBHAVGBL,20200619,1285,1295,1252,1271.25,40341
VAISHALI,20200619,48,50,47,47.45,21777
VAKRANGEE,20200619,36.55,38,36.45,36.95,1855490
VARDHACRLC,20200619,29.95,30.3,28.7,29.45,34598
VARDMNPOLY,20200619,5.5,5.5,5.5,5.5,818
VARROC,20200619,170.8,173,168.55,170.65,198033
VASCONEQ,20200619,9.8,9.95,9.15,9.7,427967
VASWANI,20200619,5.55,5.55,5.5,5.55,32029
VBL,20200619,716,737.95,716,731.95,315689
VEDL,20200619,108.45,109.4,104.45,105.25,33760231
VENKEYS,20200619,1118.95,1144.65,1111.1,1119.85,111576
VENUSREM,20200619,52.4,53.4,51.5,52.7,9212
VERTOZ,20200619,77.3,77.3,73.25,75.5,39031
VESUVIUS,20200619,862,863,841.1,846.6,7387
VETO,20200619,45.85,45.85,43.3,44,21628
VGUARD,20200619,174.8,175.8,170.8,172.8,735671
VHL,20200619,1119.25,1140,1088,1121.1,695
VICEROY,20200619,2.7,2.7,2.7,2.7,49227
VIDHIING,20200619,62.4,63.9,61.8,63.3,32380
VIJIFIN,20200619,0.7,0.7,0.7,0.7,262462
VIKASECO,20200619,4,4.4,4,4.4,2349875
VIKASMCORP,20200619,4.3,4.3,4.3,4.3,197367
VIKASPROP,20200619,4.3,4.3,4.2,4.3,5693630
VIKASWSP,20200619,7.25,7.35,6.95,7.05,423194
VIMTALABS,20200619,90.5,90.9,86.65,87.4,76756
VINATIORGA,20200619,995,1012.95,981.3,1004.05,195047
VINDHYATEL,20200619,754.8,757.8,722.55,727.1,69872
VINYLINDIA,20200619,91.3,91.7,88.2,89.85,71662
VIPCLOTHNG,20200619,7.3,7.4,6.8,7.4,69899
VIPIND,20200619,251.8,257.1,250,252.1,575530
VIPULLTD,20200619,14.5,15,14.5,14.7,10640
VISAKAIND,20200619,247.6,264.85,247.6,258.65,177941
VISASTEEL,20200619,5,5,4.8,5,21790
VISHAL,20200619,257,258,254.65,257.6,20205
VISHNU,20200619,125.15,126.5,123.5,124.7,5942
VISHWARAJ,20200619,79.05,80,77.25,78.45,30472
VIVIDHA,20200619,0.3,0.3,0.3,0.3,195120
VIVIMEDLAB,20200619,14.75,14.95,13.9,14.1,49182
VLSFINANCE,20200619,42.5,43.95,40.3,43.3,39165
VMART,20200619,1828.9,1870,1786.05,1794.9,11581
VOLTAMP,20200619,1034.95,1066.05,1010,1053.3,11555
VOLTAS,20200619,546,550.6,539.35,548.7,1743956
VRLLOG,20200619,156.8,158.95,155.45,157.35,75957
VSSL,20200619,61.85,63.85,60.1,61.75,6012
VSTIND,20200619,3085,3099,3051.05,3062.95,10350
VSTTILLERS,20200619,1310,1347.9,1288.65,1327.65,44037
VTL,20200619,678.6,686.3,671.1,673.35,18604
WABAG,20200619,117.5,118,115,117.15,443143
WABCOINDIA,20200619,6851.1,6879.75,6851.1,6866.2,4851
WALCHANNAG,20200619,46.95,49.9,45.3,48.85,627810
WANBURY,20200619,23.5,23.65,23.3,23.65,8428
WATERBASE,20200619,109,114.4,107.3,109.1,957973
WEBELSOLAR,20200619,18.2,19.95,17.15,19.9,228866
WEIZMANIND,20200619,24.05,24.55,23.55,24,1836
WELCORP,20200619,83,83.5,80.2,80.85,1379725
WELENT,20200619,68.9,68.9,63.6,64.15,280784
WELINV,20200619,180,187,179,186.9,339
WELSPUNIND,20200619,33.9,34.35,33,33.25,698720
WENDT,20200619,2720,2749.05,2700,2709.1,378
WESTLIFE,20200619,300.85,312,300.85,309.75,292828
WHEELS,20200619,481,489.95,476.2,479.85,8401
WHIRLPOOL,20200619,2075,2099,2030,2044.65,165278
WILLAMAGOR,20200619,18.8,18.85,17.05,18.85,34346
WINDMACHIN,20200619,16.35,16.7,15.5,16.5,45863
WIPL,20200619,53,53,51,51,17032
WIPRO,20200619,218,224.1,215,222.05,11223711
WOCKPHARMA,20200619,269.7,269.7,262.55,264.65,533036
WONDERLA,20200619,141.6,143.7,136.25,138.3,42682
WSI,20200619,1.55,1.55,1.45,1.45,16183
WSTCSTPAPR,20200619,160,166.6,158,163.75,185312
XCHANGING,20200619,47.6,47.6,45.5,45.75,16810
XELPMOC,20200619,60.75,63,58.1,61.6,5017
XPROINDIA,20200619,19.45,19.45,18.8,19,1741
YESBANK,20200619,28.2,28.3,27.9,28,9275438
ZEEL,20200619,176.8,178.2,169.35,172.95,27707426
ZEELEARN,20200619,13.5,15.9,13.35,15.9,4593828
ZEEMEDIA,20200619,6.8,7.05,6.5,6.75,2418264
ZENITHEXPO,20200619,38.3,38.3,35.25,35.85,6000
ZENSARTECH,20200619,138,141.05,133,135,209164
ZENTEC,20200619,53.25,54.5,51.85,52.75,183174
ZICOM,20200619,2.1,2.1,2.1,2.1,9570
ZODIACLOTH,20200619,115.05,122,114.25,117.2,4225
ZODJRDMKJ,20200619,24.8,25.8,22.5,24.3,2321
ZOTA,20200619,140.35,143.9,139.5,141.7,6547
ZUARI,20200619,116.8,121,112.6,117.3,82320
ZUARIGLOB,20200619,64.1,65.9,60,61.2,203286
ZYDUSWELL,20200619,1250,1275,1230,1265.3,65794
NSENIFTY,20200619,10119.00,10272.40,10072.65,10244.40,892096343,0
NIFTYJUNIOR,20200619,25074.85,25288.90,25039.20,25227.00,1055817915,0
NIFTYMIDCAPLIQ15,20200619,3346.90,3387.45,3339.40,3382.65,180877884,0
NSE100,20200619,10289.00,10434.60,10246.75,10407.75,1958325647,0
NIFTY200,20200619,5252.10,5321.65,5230.50,5309.00,2705900188,0
NSE500,20200619,8314.95,8420.85,8282.50,8403.40,3211337834,0
NSEMIDCAP150,20200619,5516.95,5554.85,5498.35,5553.35,780498729,0
MIDCAP50,20200619,4055.75,4096.65,4043.45,4088.15,678877843,0
NSEMIDCAP,20200619,14494.80,14592.55,14433.75,14565.85,747574541,0
NSESMLCAP100,20200619,4536.75,4585.05,4525.00,4576.75,-,0
NIFTYLARGEMIDCAP250,20200619,-,-,-,5223.28,2738824376,0
NIFTYAUTO,20200619,6567.80,6664.75,6500.15,6634.50,257357229,0
BANKNIFTY,20200619,20970.10,21467.65,20878.25,21338.10,523371321,0
NIFTYFINSERVICE,20200619,10378.50,10574.15,10332.35,10534.75,474091298,0
NIFTYFMGC,20200619,28784.10,28816.85,28592.45,28709.45,59057453,0
NSEIT,20200619,14532.70,14625.80,14422.45,14499.80,58724892,0
NIFTYMEDIA,20200619,1382.85,1390.80,1367.95,1387.55,53583386,0
NIFTYMETAL,20200619,2021.40,2026.45,1988.10,1997.55,185813648,0
NIFTYPHARMA,20200619,10022.90,10098.85,9982.45,10002.15,40791414,0
NIFTYPVTBANK,20200619,11511.30,11767.50,11450.25,11680.25,360342013,0
NIFTYPSUBANK,20200619,1400.35,1427.40,1387.45,1418.40,247219454,0
NIFTYREALTY,20200619,201.10,213.70,201.10,212.95,29524135,0
NIFTYCOMMODITIES,20200619,2854.80,2886.25,2841.35,2876.90,375333912,0
NIFTYCONSUMPTION,20200619,4647.95,4676.15,4628.80,4667.65,195346891,0
NIFTYCPSE,20200619,1442.70,1454.60,1429.75,1450.20,130806917,0
NIFTYENERGY,20200619,14135.65,14604.65,14093.90,14535.25,183084928,0
NIFTY100ESG,20200619,-,-,-,1993.88,1716838785,0
NIFTY100ENHESG,20200619,-,-,-,2004.75,1678814244,0
NIFTYINFRA,20200619,2974.75,3052.45,2968.90,3038.65,364528863,0
NIFTYMNC,20200619,12820.70,12874.45,12771.85,12842.75,668432909,0
NIFTYPSE,20200619,2477.10,2498.05,2463.05,2492.35,371627666,0
NIFTYSMEEMERGE,20200619,-,-,-,1164.57,638300,0
NIFTYSERVSECTOR,20200619,13431.50,13609.30,13377.65,13575.75,711627117,0
NIFTYSHARIAH25,20200619,-,-,-,4112.28,129255264,0
NIFTY50SHARIAH,20200619,-,-,-,2379.89,129106977,0
NIFTY500SHARIAH,20200619,-,-,-,2836.12,576061051,0
NIFTYABGROUP,20200619,-,-,-,2543.04,574641716,0
NIFTYMAHINDRA,20200619,-,-,-,7639.27,34079413,0
NIFTYTATA,20200619,-,-,-,6278.04,212891907,0
NIFTYTATA25CAP,20200619,-,-,-,4055.62,197411016,0
NIFTYABGROUP,20200619,-,-,-,2543.04,574641716,0
NIFTYLIQ15,20200619,2554.20,2606.85,2551.35,2601.60,587853092,0
NIFTY500VALUE50,20200619,-,-,-,2886.37,669020444,0
NIFTYALPHALOWVOL30,20200619,-,-,-,10814.67,318042290,0
NIFTYQUALLOWVOL30,20200619,-,-,-,7748.47,182116061,0
NIFTYALPHAQUALLOWVOL30,20200619,-,-,-,8959.60,271029184,0
NIFTYALPHAQUALVALLOWVOL30,20200619,-,-,-,6857.26,292066077,0
NIFTY50EQUALWEIGHT,20200619,10500.35,10582.90,10441.65,10562.90,892096343,0
NIFTY100EQUALWEIGHT,20200619,11579.65,11660.70,11534.55,11641.85,1958325647,0
NIFTY100LOWVOL30,20200619,8131.45,8169.35,8086.30,8150.75,265255900,0
NSEDEFTY,20200619,-,-,-,4658.62,-,0
NIFTY50DIVPOINT,20200619,14.63,14.63,14.63,14.63,-,0
NIFTYDIVOPPS50,20200619,2189.35,2194.30,2174.55,2190.00,630097182,0
NIFTYALPHA50,20200619,13488.50,13606.15,13447.15,13587.75,338780458,0
NIFTY50ARBITRAGE,20200619,-,-,-,1903.57,-,0
NIFTY50FUTINDEX,20200619,-,-,-,3416.62,-,0
NIFTY50FUTTRINDEX,20200619,-,-,-,10497.52,-,0
NIFTYHIGHBETA50,20200619,-,-,-,1012.09,1799364395,0
NIFTYLOWVOL50,20200619,-,-,-,10071.50,299569456,0
NIFTY50VALUE20,20200619,4874.20,4879.75,4834.45,4865.95,296513364,0
NIFTYGROWSECT15,20200619,5074.85,5114.20,5039.05,5085.80,227401866,0
NIFTY50TR2XLEV,20200619,4304.20,4434.05,4265.20,4410.55,-,0
NIFTY50PR2XLEV,20200619,3278.30,3377.20,3248.55,3359.35,-,0
NIFTY50TR1XINV,20200619,378.10,379.80,372.35,373.40,-,0
NIFTY50PR1XINV,20200619,432.95,434.95,426.35,427.55,-,0
NIFTY-GS-COMPSITE,20200619,2221.65,2223.09,2220.83,2220.92,-,0
NIFTY-GS-4-8YR,20200619,2316.17,2318.63,2315.96,2316.64,-,0
NIFTY-GS-8-13YR,20200619,2181.19,2181.81,2179.12,2179.32,-,0
NIFTY-GS-10YR,20200619,1990.68,1990.68,1986.71,1986.72,-,0
NIFTY-GS-10YR-CLN,20200619,977.40,977.40,975.44,975.45,-,0
NIFTY-GS-11-15YR,20200619,2350.58,2350.63,2347.71,2347.11,-,0
NIFTY-GS-15YRPLUS,20200619,2567.83,2570.68,2567.83,2570.47,-,0
VIX,20200619,31.46,31.91,29.68,29.97,0,0
