20MICRONS,20200518,26.25,26.25,25.05,25.15,32865
21STCENMGM,20200518,10.45,10.65,10.25,10.55,945
3IINFOTECH,20200518,1.7,1.7,1.6,1.6,5603413
3MINDIA,20200518,17650,17650,17010.05,17048.4,3429
3PLAND,20200518,5.15,5.15,5.15,5.15,108
5PAISA,20200518,154.95,154.95,141,144.85,15240
63MOONS,20200518,54,56.75,52,52.95,14160
A2ZINFRA,20200518,3.85,3.85,3.65,3.7,197917
AARTIDRUGS,20200518,870.05,873.85,775.1,794.2,422835
AARTIIND,20200518,1033.95,1033.95,985,1000.9,226668
AARVEEDEN,20200518,9,9.05,8.5,8.7,7183
AAVAS,20200518,982.5,1031.6,982.5,1027.35,129079
ABAN,20200518,18.75,19,18,18.15,13391
ABB,20200518,822.7,828.3,797.05,799.8,90489
ABBOTINDIA,20200518,17699,17700,16926.55,17036.15,14209
ABCAPITAL,20200518,44.7,44.7,41.65,41.95,1030819
ABFRL,20200518,105.2,105.35,99.5,100,1248805
ABMINTLTD,20200518,13,13,13,13,60
ABSLBANETF,20200518,180.5,184.55,171.1,172.73,415
ABSLNN50ET,20200518,230.3,241.95,222.5,235.28,61
ACC,20200518,1202,1202,1125,1134.55,1191015
ACCELYA,20200518,909.65,924,905.05,913.45,8811
ACE,20200518,45.5,45.5,41,41.7,131782
ADANIENT,20200518,144.8,146.4,134.35,135.9,4941536
ADANIGAS,20200518,108.5,108.5,101.1,101.6,1132268
ADANIGREEN,20200518,229,235,218.75,229.25,651936
ADANIPORTS,20200518,306,307.35,291.35,293.3,3625909
ADANIPOWER,20200518,33.3,33.3,30.3,30.9,15995995
ADANITRANS,20200518,195.25,196.4,185.35,185.8,185012
ADFFOODS,20200518,244.45,247.6,237.05,241.7,68676
ADHUNIKIND,20200518,19.45,19.45,19.45,19.45,10650
ADORWELD,20200518,230,237.95,223.1,225.1,4207
ADROITINFO,20200518,6.25,6.25,5.95,6,6908
ADSL,20200518,13.4,13.9,12.4,12.45,18614
ADVANIHOTR,20200518,38,38.55,36.1,37.95,23018
ADVENZYMES,20200518,159.95,164,151.8,156.8,312010
AEGISCHEM,20200518,172.65,175.9,165.8,167.6,123220
AFFLE,20200518,1320,1344,1259,1277,17527
AGARIND,20200518,59.6,59.65,57,58.45,4402
AGCNET,20200518,249,249,237,242.3,2037
AGRITECH,20200518,34,34,31,32.45,6587
AGROPHOS,20200518,9.2,9.2,9.2,9.2,5284
AHLEAST,20200518,159,159,124.45,128.8,6709
AHLUCONT,20200518,174,175.5,170,172,4158
AHLWEST,20200518,239,239,239,239,1
AIAENG,20200518,1631,1631,1559,1578.3,23329
AIONJSW,20200518,11.7,11.7,10.9,11.15,11617
AIRAN,20200518,9.7,9.7,8.2,9.25,28032
AJANTPHARM,20200518,1509,1519.9,1395,1403.35,256414
AJMERA,20200518,84.5,85.6,78.55,78.85,35008
AKASH,20200518,81,81,81,81,100
AKSHARCHEM,20200518,207,208.95,191.1,193.6,30368
AKSHOPTFBR,20200518,4.85,4.9,4.55,4.6,171499
AKZOINDIA,20200518,1850,1855,1758,1766.6,13642
ALANKIT,20200518,16.5,16.5,15.15,15.15,38098
ALBERTDAVD,20200518,481.05,494.95,455,460.15,32623
ALCHEM,20200518,3.45,3.45,3.45,3.45,14753
ALEMBICLTD,20200518,54.9,57.9,53.35,53.85,1600356
ALICON,20200518,219.7,219.7,205,208.15,1468
ALKALI,20200518,40.15,40.4,38.7,38.9,4394
ALKEM,20200518,2486,2486,2336,2360.15,103172
ALKYLAMINE,20200518,1799.95,1804.9,1675.85,1709.45,28689
ALLCARGO,20200518,71,71.55,67,67.55,54611
ALLSEC,20200518,166.9,174.9,160.5,161.05,2383
ALMONDZ,20200518,11.15,11.2,10.65,11.2,202
ALOKINDS,20200518,12.1,12.1,12.1,12.1,729309
ALPA,20200518,17.45,17.95,17.25,17.3,21039
ALPHAGEO,20200518,151.3,157.65,148.2,149.1,8663
ALPSINDUS,20200518,0.8,0.85,0.8,0.8,18735
AMARAJABAT,20200518,575.85,581.45,536,540.1,2311174
AMBER,20200518,1151,1153,1055.5,1078.1,63495
AMBIKCO,20200518,656,660,634.55,651.35,1684
AMBUJACEM,20200518,182,182.45,171,172.15,3640919
AMDIND,20200518,12.1,12.1,11.05,11.3,5449
AMJLAND,20200518,14.4,14.7,13.65,14.55,1185
AMRUTANJAN,20200518,362.9,369.85,342.25,351.6,69772
ANANTRAJ,20200518,15.25,15.25,14.25,14.45,109572
ANDHRACEMT,20200518,3.5,3.5,3.5,3.5,151121
ANDHRAPAP,20200518,181.5,181.5,165.3,165.75,3891
ANDHRSUGAR,20200518,214.95,214.95,199.8,200.35,35235
ANIKINDS,20200518,10.7,10.7,10.2,10.4,9944
ANKITMETAL,20200518,0.35,0.35,0.35,0.35,220
ANSALAPI,20200518,5.6,5.6,5.35,5.35,27879
ANSALHSG,20200518,3.4,3.4,3.15,3.15,41408
ANUP,20200518,278.5,278.5,264,266.05,3054
APARINDS,20200518,299.95,299.95,286.1,295.1,19094
APCL,20200518,111.2,114.8,105.2,106.1,3138
APCOTEXIND,20200518,101,101,96.15,97.25,5798
APEX,20200518,192,193.8,179,180.2,250916
APLAPOLLO,20200518,1247.1,1252.65,1215,1219.55,21801
APLLTD,20200518,878.9,900,851,881.5,525923
APOLLO,20200518,87,95.55,85.25,92.8,1145526
APOLLOHOSP,20200518,1355,1364.9,1256,1266.05,860702
APOLLOPIPE,20200518,313,313,282,287.5,25162
APOLLOTYRE,20200518,92.5,93.65,89.7,91.65,12292578
APOLSINHOT,20200518,433.5,433.5,394.55,406.25,239
APTECHT,20200518,103.5,105.75,95.8,97,154285
ARCHIDPLY,20200518,19.95,19.95,17.4,18.05,11838
ARCHIES,20200518,11.3,11.3,10.9,11,6270
ARCOTECH,20200518,2.3,2.3,2.1,2.15,122986
ARENTERP,20200518,9.95,9.95,9.5,9.5,103
ARIES,20200518,56.95,56.95,53.1,53.45,13063
ARIHANT,20200518,15,15.2,13.35,13.7,1442
ARIHANTSUP,20200518,18.1,18.5,17.05,17.05,14470
ARMANFIN,20200518,340.05,348.9,322.9,325.45,24178
AROGRANITE,20200518,22.15,22.15,21.35,21.5,2903
ARROWGREEN,20200518,32.35,35,32.35,34.25,1184
ARSHIYA,20200518,11,11,10.75,10.75,7633
ARSSINFRA,20200518,11.4,11.95,11.35,11.35,8288
ARTEMISMED,20200518,156.95,156.95,140,150.1,292
ARVIND,20200518,24.2,24.3,22.3,22.95,2795776
ARVINDFASN,20200518,132.7,133,120,120.95,72677
ARVSMART,20200518,67,68.45,62.55,63.35,46769
ASAHIINDIA,20200518,154.7,154.7,138.05,138.35,34210
ASAHISONG,20200518,102.95,103,98,98.5,15348
ASAL,20200518,15,15,13.8,14.4,9579
ASALCBR,20200518,194.5,194.5,180.45,182.75,36816
ASHAPURMIN,20200518,26,26.4,24.85,25.5,11438
ASHIANA,20200518,41.05,42.75,40,40.25,47053
ASHIMASYN,20200518,4.55,4.6,4.2,4.2,81494
ASHOKA,20200518,56,56.7,53.45,53.8,239567
ASHOKLEY,20200518,47.2,47.3,42.5,43.85,42861644
ASIANHOTNR,20200518,60,60,53.75,53.95,61749
ASIANPAINT,20200518,1558,1558.55,1498.1,1501.1,2871937
ASIANTILES,20200518,136.35,139.3,120.05,121.3,77810
ASPINWALL,20200518,106.9,106.9,96.5,101.5,1142
ASTEC,20200518,552,594.95,535,578.05,198622
ASTERDM,20200518,93.45,93.8,90,90.15,81759
ASTRAL,20200518,869,871,798.35,818.5,126950
ASTRAMICRO,20200518,67,67,66,67,208144
ASTRAZEN,20200518,3037,3125.95,3033.1,3050.9,67630
ASTRON,20200518,28,28,26.85,27,13459
ATFL,20200518,491.6,491.6,462.2,466.65,7306
ATLANTA,20200518,6.3,6.4,6,6,14843
ATLASCYCLE,20200518,38.2,38.2,36.5,37.9,5743
ATNINTER,20200518,0.2,0.2,0.2,0.2,17885
ATUL,20200518,4511,4552,4480,4506.35,9980
ATULAUTO,20200518,160.15,164,153,153.1,13085
AUBANK,20200518,425.5,427.5,396.65,396.95,1125490
AURIONPRO,20200518,47.95,49.3,45,45.9,10090
AUROPHARMA,20200518,665,682.45,654.6,669.8,5621992
AUSOMENT,20200518,24.45,24.5,24.45,24.5,104
AUTOAXLES,20200518,464.9,467.3,432,439.2,4736
AUTOIND,20200518,16.55,16.55,15.05,15.45,11627
AUTOLITIND,20200518,16.1,17.5,16.1,16.7,7756
AVADHSUGAR,20200518,133,136.4,125.25,125.6,15265
AVANTIFEED,20200518,425,427.95,397,410.25,739618
AVTNPL,20200518,37.5,39,34.6,35,169242
AXISBANK,20200518,389,389,352.3,358.8,47864793
AXISCADES,20200518,32.2,32.5,30.3,30.55,33872
AXISGOLD,20200518,4194.8,4266,4191,4226,2770
AXISNIFTY,20200518,1103,1125,1103,1103,89
AYMSYNTEX,20200518,15,15.85,14.85,15.2,2993
BAFNAPH,20200518,20.35,20.35,20.35,20.35,764
BAGFILMS,20200518,1.75,1.75,1.65,1.65,17943
BAJAJ-AUTO,20200518,2650,2653.35,2461,2477.45,1172814
BAJAJCON,20200518,134.4,134.55,130.85,131.05,412359
BAJAJELEC,20200518,377,377,355,361.5,602822
BAJAJFINSV,20200518,4724.6,4739.05,4451,4465.45,646942
BAJAJHIND,20200518,4.15,4.2,3.95,3.95,2884848
BAJAJHLDNG,20200518,1934.9,1934.95,1850.35,1857.35,79811
BAJFINANCE,20200518,2090,2093.45,1926,1938.6,10820656
BALAJITELE,20200518,67,67,60.05,62.7,56811
BALAMINES,20200518,399.45,399.7,368.1,385.15,57115
BALAXI,20200518,74.7,80.85,74.7,80.85,1044
BALKRISHNA,20200518,12.1,12.1,11.5,11.65,3936
BALKRISIND,20200518,943,957.85,914.5,920.6,709426
BALLARPUR,20200518,0.45,0.5,0.4,0.45,1673845
BALMLAWRIE,20200518,103,104.7,96.1,97.15,272261
BALPHARMA,20200518,36.8,37.45,35,35.1,12512
BALRAMCHIN,20200518,91.5,91.7,86.4,86.4,562259
BANARBEADS,20200518,32.05,32.8,32,32.8,125
BANARISUG,20200518,847.05,869.85,821.25,849,264
BANCOINDIA,20200518,65.2,65.3,62,62.2,69413
BANDHANBNK,20200518,243.7,244.6,224.35,229.6,13568120
BANG,20200518,15.9,15.9,14.85,15.45,1607
BANKBARODA,20200518,41.5,41.7,38.35,38.6,35350236
BANKBEES,20200518,190.05,190.05,177,177.63,1605600
BANKINDIA,20200518,33.25,33.35,31.65,32,2849502
BANSWRAS,20200518,70.55,72,67.9,68.75,5518
BASF,20200518,1000,1005.1,950,962.85,10011
BASML,20200518,77.9,77.9,74,77.15,920
BATAINDIA,20200518,1335,1337.95,1273.05,1282.25,1265790
BAYERCROP,20200518,4585,4585,4269,4496.15,23291
BBL,20200518,655.3,657.05,641.15,648,3279
BBTC,20200518,852,857.95,798.35,802.05,47027
BCG,20200518,5.25,5.25,4.9,5.25,2532933
BCP,20200518,8.5,8.8,8.4,8.4,219754
BDL,20200518,250,252,232,234.65,453318
BEARDSELL,20200518,9.9,9.95,9.5,9.95,4735
BEDMUTHA,20200518,11,11,9.85,10.25,4282
BEL,20200518,71,71.8,64,64.5,42903060
BEML,20200518,630,630,580.55,590.45,1992646
BEPL,20200518,36.6,37,34,34.5,269457
BERGEPAINT,20200518,450,452.95,438.35,440.45,804337
BFINVEST,20200518,243.4,247,239.85,240,5513
BFUTILITIE,20200518,168.75,169.55,161,161.2,55922
BGRENERGY,20200518,27.6,29.25,25,25.4,178655
BHAGERIA,20200518,109.75,109.75,96.35,100.9,45561
BHAGYANGR,20200518,15.25,15.25,14.5,14.55,2394
BHAGYAPROP,20200518,18.6,20.4,18.6,18.6,583
BHANDARI,20200518,0.9,0.9,0.85,0.9,83398
BHARATFORG,20200518,284,288,263.1,269.7,5345896
BHARATGEAR,20200518,40.7,40.7,38,38.45,4112
BHARATRAS,20200518,6452,6452,6253,6370.7,1404
BHARATWIRE,20200518,16.5,16.5,15.65,15.75,9679
BHARTIARTL,20200518,556.9,559,535.2,538.05,21586051
BHEL,20200518,27.7,28.45,25.85,26.05,90741401
BIGBLOC,20200518,24.2,27.7,24.2,24.95,1559
BIL,20200518,85.1,87.9,84.35,84.35,1109
BILENERGY,20200518,0.6,0.65,0.6,0.6,880069
BINDALAGRO,20200518,10.05,10.3,9.5,9.55,17074
BIOCON,20200518,329,336.8,325,331.75,11946594
BIOFILCHEM,20200518,13.5,13.5,12.9,13.5,28797
BIRLACABLE,20200518,40.6,40.6,38.1,38.35,31187
BIRLACORPN,20200518,403.95,406.35,383.7,386.85,122294
BIRLAMONEY,20200518,25.3,25.65,24,24.2,95278
BIRLATYRE,20200518,11,11,11,11,33752
BKMINDST,20200518,0.5,0.6,0.5,0.6,164885
BLBLIMITED,20200518,3.3,3.4,3.25,3.25,5300
BLISSGVS,20200518,94.95,96,91.05,93.05,81165
BLKASHYAP,20200518,4.6,4.9,4.6,4.6,10673
BLS,20200518,29.15,29.95,27.25,27.5,42479
BLUEDART,20200518,2095.65,2115,2010,2017.85,3256
BLUESTARCO,20200518,469.8,472,460.7,468.25,107958
BODALCHEM,20200518,45.7,47.2,43.1,43.45,249574
BOMDYEING,20200518,48,48.25,45.65,45.75,332221
BORORENEW,20200518,35.5,36.8,34.3,34.4,127848
BOSCHLTD,20200518,9640,9690,9030,9070.35,40942
BPCL,20200518,320.55,321.5,291.85,294.05,10189450
BPL,20200518,14.95,14.95,14.3,14.3,10752
BRFL,20200518,3.85,4.05,3.8,3.85,23592
BRIGADE,20200518,100.95,100.95,94.45,96.65,183087
BRITANNIA,20200518,3110,3165,3098.1,3109.55,730350
BRNL,20200518,44.5,44.5,39,39.25,4839
BROOKS,20200518,29.85,29.85,28.5,29.85,42392
BSE,20200518,425.1,438.4,410.1,430,335640
BSELINFRA,20200518,0.8,0.9,0.8,0.8,4226
BSL,20200518,20.45,20.85,19.75,20.8,2677
BSLGOLDETF,20200518,4341,4495,4341,4418.5,548
BSLNIFTY,20200518,102.02,113.36,102.02,110.58,292
BSOFT,20200518,70.05,70.4,63.05,63.2,790164
BURNPUR,20200518,0.8,0.8,0.8,0.8,23264
BUTTERFLY,20200518,102,102,96.45,98.05,38741
BVCL,20200518,9.25,9.25,9.25,9.25,1
BYKE,20200518,9.05,9.55,9.05,9.15,20341
CADILAHC,20200518,332.5,335.65,323.15,323.95,3086689
CALSOFT,20200518,8.35,8.35,7.6,7.6,16887
CAMLINFINE,20200518,37.7,38.3,35.65,35.85,249186
CANBK,20200518,84.6,84.7,76.5,77.6,13412110
CANFINHOME,20200518,295.7,296.95,274,277.05,291334
CANTABIL,20200518,226.2,230,217.75,223.95,32557
CAPACITE,20200518,78,78,72.9,73.1,39537
CAPLIPOINT,20200518,329.7,330,307,313.9,68973
CAPTRUST,20200518,62.5,62.5,58.1,59.05,782
CARBORUNIV,20200518,214,214,202.55,204.1,16705
CAREERP,20200518,161,164.4,147.7,152.15,47518
CARERATING,20200518,369,369.65,350,353.75,51339
CASTEXTECH,20200518,0.35,0.45,0.35,0.35,45649
CASTROLIND,20200518,118.9,119.45,107.15,109.95,1943477
CCCL,20200518,0.35,0.35,0.35,0.35,46809
CCHHL,20200518,2.2,2.3,2.1,2.2,53740
CCL,20200518,188.75,189,183.5,185.45,42673
CDSL,20200518,222.05,226.15,217.1,218.4,372693
CEATLTD,20200518,736,745,711.75,736.65,97095
CEBBCO,20200518,7.7,8,7.65,7.7,8480
CELEBRITY,20200518,4.1,4.35,4.05,4.05,6948
CENTENKA,20200518,131.95,131.95,125.65,126.45,10224
CENTEXT,20200518,2.4,2.45,2.2,2.2,76751
CENTRALBK,20200518,14.65,14.8,14.05,14.15,830249
CENTRUM,20200518,10.25,10.8,10.15,10.25,48669
CENTUM,20200518,241,257.95,236.05,239.75,11858
CENTURYPLY,20200518,110.1,111,104,104.75,477841
CENTURYTEX,20200518,275,275.95,254.75,255.8,1881572
CERA,20200518,2240,2240,2147.8,2182.8,51109
CEREBRAINT,20200518,24,24.25,23.3,24,22569
CESC,20200518,581,581,559.15,567.05,853306
CESCVENT,20200518,120.2,122.65,115.1,116.25,16756
CGCL,20200518,159.95,180,143.9,149.2,158482
CGPOWER,20200518,6.25,6.4,6.05,6.15,359532
CHALET,20200518,123.85,123.85,108.05,109.4,116530
CHAMBLFERT,20200518,135.75,135.9,127.2,129.85,699204
CHEMBOND,20200518,145.95,165,138.55,151.2,25435
CHEMFAB,20200518,133.9,133.9,125.25,127.05,777
CHENNPETRO,20200518,56,56,53,53.95,381790
CHOLAFIN,20200518,149,149,122.5,125,18614167
CHOLAHLDNG,20200518,259,259,241,244.2,86387
CHROMATIC,20200518,0.55,0.55,0.5,0.5,12004
CIGNITITEC,20200518,318.95,322,303,309.05,30165
CIMMCO,20200518,14.5,15.2,14.5,14.55,14103
CINELINE,20200518,19.05,20,18.6,18.9,5550
CINEVISTA,20200518,6.15,6.2,6,6.05,5107
CIPLA,20200518,570.6,605,570.5,600.45,22898149
CLEDUCATE,20200518,36.5,36.9,34.3,34.6,10107
CLNINDIA,20200518,321,323.95,315.05,317.05,19583
CMICABLES,20200518,23.55,23.55,21.95,22.4,12657
CNOVAPETRO,20200518,5.85,6.1,5.85,6.1,4
COALINDIA,20200518,127,127,121.05,121.7,24334222
COCHINSHIP,20200518,251,254.2,234,235.85,414151
COLPAL,20200518,1342.1,1403,1332.1,1380.1,1741247
COMPINFO,20200518,9.15,9.15,8.7,9,50099
COMPUSOFT,20200518,9.45,9.5,8.7,9,87173
CONCOR,20200518,380.9,381.6,343.45,349.5,1826005
CONFIPET,20200518,18.6,18.7,17.7,17.9,127484
CONSOFINVT,20200518,23.5,23.5,23.5,23.5,178
CONTROLPR,20200518,195,201.9,191.2,198.25,6392
CORALFINAC,20200518,12.25,13,11.9,12,3533
CORDSCABLE,20200518,28.5,28.5,26.7,26.7,10448
COROMANDEL,20200518,629,632.7,610,620.5,178470
COSMOFILMS,20200518,253,253,242.2,243.25,25021
COUNCODOS,20200518,0.95,1.05,0.95,1,17161
CPSEETF,20200518,16.65,16.65,15.75,15.76,8491923
CREATIVE,20200518,77.9,85.5,77.9,82,3440
CREDITACC,20200518,449.95,453,418,418,138612
CREST,20200518,61.15,61.15,59.8,59.8,1575
CRISIL,20200518,1489.85,1489.85,1405.65,1415,8487
CROMPTON,20200518,209,211.1,196.55,199.7,1471291
CSBBANK,20200518,117,117,111.1,113.2,217789
CTE,20200518,14.85,15.55,14.25,14.7,5714
CUB,20200518,137,137,124,124.9,1209710
CUBEXTUB,20200518,10,11,10,11,466
CUMMINSIND,20200518,338.3,338.35,311.2,317.5,2742340
CUPID,20200518,166.9,166.9,154.15,155.45,23312
CYBERTECH,20200518,32.7,32.7,29.5,30.2,9030
CYIENT,20200518,203.95,203.95,195.45,196.3,305694
DAAWAT,20200518,21.05,22,20.55,21.15,955810
DABUR,20200518,446,446,430.1,436.1,3056877
DALBHARAT,20200518,500.4,502,490,494.6,105799
DALMIASUG,20200518,58,58.85,56,56.15,21213
DAMODARIND,20200518,19.7,19.7,18,18.1,4071
DATAMATICS,20200518,45,45,42.6,42.6,57416
DBCORP,20200518,66.5,66.5,60.5,61.7,168756
DBL,20200518,254.8,254.8,241.2,243.4,179240
DBREALTY,20200518,6.9,6.9,6.9,6.9,156693
DCAL,20200518,76.5,76.5,73.1,75,218733
DCBBANK,20200518,70.9,71.2,66,66.05,2216850
DCM,20200518,18.5,18.5,17,17.2,1972
DCMNVL,20200518,25.7,25.7,23.3,23.65,2839
DCMSHRIRAM,20200518,237.5,241.15,229.05,233.8,81020
DCW,20200518,10.05,10.35,9.7,9.75,68923
DECCANCE,20200518,199.05,238,199,207.5,9491
DEEPAKFERT,20200518,104.2,104.2,96.45,98.1,716167
DEEPAKNTR,20200518,521.95,522.6,493.1,501,621724
DEEPIND,20200518,65.2,66.9,63.05,63.45,14457
DELTACORP,20200518,71.1,71.3,67.9,68.1,1045151
DELTAMAGNT,20200518,19.2,20,18.6,18.65,1671
DEN,20200518,53.9,54,49.65,52.7,227691
DENORA,20200518,163.45,164,152.7,155.95,2405
DFMFOODS,20200518,204.8,204.8,190.15,192.7,18405
DGCONTENT,20200518,4.55,4.85,4.55,4.7,1354
DHAMPURSUG,20200518,93.65,93.9,89,90.2,159276
DHANBANK,20200518,9.95,10.1,9.3,9.35,298595
DHANUKA,20200518,492,513.05,488.05,492.3,69511
DHARSUGAR,20200518,4.95,4.95,4.95,4.95,104
DHFL,20200518,12.6,13.25,12.15,12.15,1087000
DHUNINV,20200518,158.95,168,158.05,159.95,607
DIAMONDYD,20200518,490,490,462.05,467.95,31441
DICIND,20200518,299.9,299.9,283.65,298.65,1387
DIGISPICE,20200518,5.15,5.15,5,5.15,8595
DISHTV,20200518,4.7,4.75,4.45,4.45,4569779
DIVISLAB,20200518,2342,2379,2318.4,2330.2,600640
DIXON,20200518,4444.6,4458,4200,4256.4,27581
DLF,20200518,138.5,138.8,129.7,132.45,7009940
DLINKINDIA,20200518,72.95,72.95,67.3,68.05,59505
DMART,20200518,2333,2370.8,2275,2306.55,293737
DNAMEDIA,20200518,0.35,0.45,0.35,0.4,11504
DOLAT,20200518,36.25,36.7,34.6,35.05,41625
DOLLAR,20200518,114.95,115.35,107.5,107.85,76996
DONEAR,20200518,24.9,25,23.65,23.8,8735
DPSCLTD,20200518,7.7,7.7,7.25,7.4,10564
DPWIRES,20200518,56.25,56.25,56.25,56.25,1
DQE,20200518,1.15,1.25,1.15,1.15,151946
DREDGECORP,20200518,237.5,237.5,218.1,220.85,347105
DRREDDY,20200518,3760.15,3762.55,3613.85,3679.15,990955
DSSL,20200518,18.25,18.25,16.65,16.9,3439
DTIL,20200518,147.1,149.6,136,140.6,729
DUCON,20200518,2.9,2.9,2.75,2.8,18664
DVL,20200518,50.05,50.75,48.1,49.35,6059
DWARKESH,20200518,17.65,17.65,16.6,16.65,544868
DYNAMATECH,20200518,509,514,490,497.4,11171
DYNPRO,20200518,109.7,110.2,103.4,105.95,22797
EASTSILK,20200518,0.7,0.7,0.7,0.7,2688
EBBETF0423,20200518,1030,1045,1030,1041.06,29316
EBBETF0430,20200518,1064.95,1065.95,1061.05,1061.53,25561
EBIXFOREX,20200518,399,415,385,414.75,756
ECLERX,20200518,422.1,425,383.55,385.4,49502
EDELWEISS,20200518,46,46,41.95,41.95,993924
EICHERMOT,20200518,14050.2,14050.2,12855.45,12988.2,275273
EIDPARRY,20200518,156.35,159,150.25,151.75,88345
EIHAHOTELS,20200518,189.15,192,177,184.9,4000
EIHOTEL,20200518,57.8,58.8,55,55.2,275967
EIMCOELECO,20200518,241.75,253.2,228,231.35,1480
EKC,20200518,15,15.4,14.1,14.25,33432
ELECON,20200518,20,20.25,19.15,19.45,94481
ELECTCAST,20200518,9.35,9.4,8.9,9,81287
ELECTHERM,20200518,86.7,86.7,84.5,85.35,3214
ELGIEQUIP,20200518,130.35,130.9,128.5,129.45,37044
ELGIRUBCO,20200518,10.9,11.6,10.65,11.35,7605
EMAMILTD,20200518,192,194,184.75,190.15,490783
EMAMIPAP,20200518,76.1,76.1,69.7,70.65,4043
EMAMIREAL,20200518,28.15,28.15,27.2,28.15,147492
EMKAY,20200518,36,36.4,34.2,34.8,3082
EMMBI,20200518,56,56,53.5,55.4,9045
ENDURANCE,20200518,648.75,665.6,618.15,628.95,208179
ENERGYDEV,20200518,4.65,4.9,4.5,4.6,26140
ENGINERSIN,20200518,65.2,65.75,61.1,61.35,1237958
ENIL,20200518,121.2,126.95,120,120.15,3105
EQ30,20200518,255.1,274,255,273.9,74
EQUITAS,20200518,49.4,49.4,43.35,44.25,19169059
ERIS,20200518,490,494.9,465.55,477.4,28134
EROSMEDIA,20200518,16.05,16.05,15,15,250453
ESABINDIA,20200518,1063.05,1070,1020,1028.05,1475
ESCORTS,20200518,824.95,833.45,803,810.5,4822543
ESSARSHPNG,20200518,7.25,7.4,6.9,7.25,16703
ESSELPACK,20200518,172,172.1,165.5,166.2,48199
ESTER,20200518,29.45,29.45,27.15,27.4,33812
EVEREADY,20200518,70,70,65,65.25,107202
EVERESTIND,20200518,186.3,187.25,172.25,173.7,68401
EXCEL,20200518,0.9,0.9,0.85,0.9,9242
EXCELINDUS,20200518,625,632.2,601.75,603.6,8556
EXIDEIND,20200518,155.9,155.9,150.4,151.25,2387413
EXPLEOSOL,20200518,156.05,156.05,151,152.6,4214
FACT,20200518,41.8,41.8,39,39.35,134450
FAIRCHEM,20200518,440.65,444.8,434.55,440.15,33306
FCL,20200518,25.85,26.75,25.2,25.55,110405
FCONSUMER,20200518,8.3,8.3,7.65,7.7,4114401
FCSSOFT,20200518,0.25,0.25,0.2,0.25,1740551
FDC,20200518,241.95,242.55,230,231.3,74170
FEDERALBNK,20200518,43.65,43.65,39.45,39.6,42177752
FEL,20200518,9.3,9.45,8.75,8.8,1202170
FELDVR,20200518,10.95,10.95,10,10,18329
FIEMIND,20200518,285,285,262.85,267,13822
FILATEX,20200518,27.8,27.8,26.85,27.3,120014
FINCABLES,20200518,203.1,219.95,199.5,199.6,125024
FINEORG,20200518,1945,1958,1875,1899.4,7942
FINPIPE,20200518,394,394,380.55,385.5,19673
FLEXITUFF,20200518,4.2,4.2,4.2,4.2,803
FLFL,20200518,158,158,147,151,76614
FLUOROCHEM,20200518,295.1,318.5,295,296.15,26791
FMGOETZE,20200518,345.6,345.65,336.8,338,523
FMNL,20200518,16,16.7,15.6,15.65,5945
FORCEMOT,20200518,825,833.95,795,801.05,15407
FORTIS,20200518,120.9,120.9,116.2,116.5,418243
FOSECOIND,20200518,1000.4,1000.4,972,976.6,494
FRETAIL,20200518,77.9,78.35,74.45,74.45,788752
FSC,20200518,131.9,131.9,121,123.55,17018
FSL,20200518,30.25,30.65,29,29.35,1060962
GABRIEL,20200518,72.9,72.9,68.5,69.9,53340
GAEL,20200518,117,118,104.35,106.45,127409
GAIL,20200518,86.1,86.75,80.5,81,14440594
GAL,20200518,1.5,1.5,1.4,1.45,19131
GALAXYSURF,20200518,1297,1299,1265.3,1280.35,7016
GALLANTT,20200518,23.5,24.45,23.5,23.95,2341
GALLISPAT,20200518,23,23.3,20.95,22.65,30639
GAMMNINFRA,20200518,0.55,0.6,0.5,0.55,4362781
GANDHITUBE,20200518,165,168.4,154,163.2,2730
GANECOS,20200518,167.95,173.45,165.1,166.9,367
GANESHHOUC,20200518,23.65,23.65,21.15,21.45,26809
GANGESSECU,20200518,22.85,23.95,21.95,23.65,2292
GARDENSILK,20200518,5.8,6.15,5.65,6.05,25589
GARFIBRES,20200518,1333.8,1348,1274,1277.35,6583
GATI,20200518,37.1,37.1,35.7,36.15,105117
GAYAHWS,20200518,0.3,0.3,0.3,0.3,35101
GAYAPROJ,20200518,13.2,13.2,13.2,13.2,43338
GBGLOBAL,20200518,5.6,5.6,5.6,5.6,600
GDL,20200518,81.7,81.85,77.4,77.9,82020
GEECEE,20200518,47.9,49.45,46.7,47.55,1103
GEEKAYWIRE,20200518,71.6,79.7,67.1,79.25,35654
GENESYS,20200518,29.55,30.5,29.15,29.15,4111
GENUSPAPER,20200518,3.9,3.9,3.55,3.6,37005
GENUSPOWER,20200518,15.65,15.65,14.6,14.85,216765
GEOJITFSL,20200518,19.75,19.75,19.1,19.4,150453
GEPIL,20200518,389.95,390,365.15,370,28780
GESHIP,20200518,205.5,208.5,199.2,206.2,121250
GET&D,20200518,67.5,67.8,65.55,65.55,41810
GFLLIMITED,20200518,76.75,77,71.3,71.3,46034
GFSTEELS,20200518,2.4,2.4,2.4,2.4,1505
GHCL,20200518,103.1,104.5,97.7,97.7,104855
GICHSGFIN,20200518,68.05,68.25,62.6,63.5,169585
GICRE,20200518,136.35,136.35,129.25,129.65,76490
GILLANDERS,20200518,20.7,20.7,18.8,19,1004
GILLETTE,20200518,4811,4843.7,4750,4764.6,4539
GINNIFILA,20200518,6.9,6.9,6.05,6.2,32059
GIPCL,20200518,56.8,56.8,54,54.8,22086
GISOLUTION,20200518,1.8,1.8,1.8,1.8,350
GKWLIMITED,20200518,441,448.95,430.5,440.95,141
GLAXO,20200518,1399,1418.5,1355,1363.05,22649
GLENMARK,20200518,341,341,325.55,327.2,2729565
GLFL,20200518,1.1,1.15,1.1,1.15,29
GLOBALVECT,20200518,49.7,54,48.5,49.9,197029
GLOBOFFS,20200518,3.15,3.15,3,3,694
GLOBUSSPR,20200518,95,95.3,91,92.35,42286
GMBREW,20200518,397.55,404,385,387.4,64412
GMDCLTD,20200518,36.5,37.5,35.1,35.25,830707
GMMPFAUDLR,20200518,3621,3655,3461.1,3490.65,29357
GMRINFRA,20200518,18.25,18.3,17.35,17.45,4767521
GNA,20200518,172.5,173.15,166.8,171,61105
GNFC,20200518,138.75,138.75,131.6,132.35,435705
GOACARBON,20200518,183,183,170,170.85,4909
GOCLCORP,20200518,158,158,140.15,142.7,4348
GODFRYPHLP,20200518,979,983,923,928.7,50627
GODREJAGRO,20200518,378.25,378.25,359,359.95,125854
GODREJCP,20200518,547.85,551,535.1,537.55,2235232
GODREJIND,20200518,259.95,260.05,245,246.5,348362
GODREJPROP,20200518,620,623.95,585,598.4,586856
GOKEX,20200518,30.8,30.8,28.6,28.8,56399
GOKUL,20200518,10.2,10.2,9.6,9.65,6243
GOKULAGRO,20200518,10.65,10.7,10,10.2,11764
GOLDBEES,20200518,42.9,42.95,42.21,42.54,9743933
GOLDENTOBC,20200518,23.3,24.4,22.2,22.65,4651
GOLDIAM,20200518,83.8,83.8,80,82.45,28081
GOLDSHARE,20200518,4330,4420,4321,4386.95,2365
GOLDTECH,20200518,9.2,9.3,8.45,8.6,16422
GOODLUCK,20200518,30.3,30.9,28.55,28.85,23518
GPIL,20200518,114.55,117.5,109.9,111.8,27868
GPPL,20200518,56,56,53.5,54,138999
GPTINFRA,20200518,17.05,17.45,15.6,15.95,17003
GRANULES,20200518,156,158.7,154.15,155.3,656185
GRAPHITE,20200518,189.55,189.55,180,180.95,279803
GRASIM,20200518,515.5,515.5,494.1,495.8,2667966
GRAVITA,20200518,34.45,34.55,32.3,33.05,21406
GREAVESCOT,20200518,75.5,77.6,74.05,74.3,162963
GREENLAM,20200518,570,575,561.25,567.5,3522
GREENPANEL,20200518,24.75,25.75,24.5,24.5,41366
GREENPLY,20200518,93.1,93.95,87,87.4,106074
GREENPOWER,20200518,2.1,2.1,2.1,2.1,88621
GRINDWELL,20200518,485.1,488,451.55,462.45,21666
GROBTEA,20200518,333.6,333.65,325.8,326.6,97
GRPLTD,20200518,636.5,637,612,624.75,39
GRSE,20200518,147.95,148,135.1,138.15,398997
GSCLCEMENT,20200518,25.95,28.65,25.2,26.85,2279607
GSFC,20200518,42.15,42.6,40.2,41.05,755284
GSPL,20200518,184.9,187,177.6,180.4,384217
GSS,20200518,20,20.95,19.4,20.05,11126
GTL,20200518,1.2,1.2,1.15,1.15,19760
GTLINFRA,20200518,0.35,0.35,0.3,0.3,2591080
GTNIND,20200518,6.25,6.25,6.25,6.25,47
GTNTEX,20200518,5.4,5.4,5.15,5.15,4330
GTPL,20200518,45.9,46,43.3,43.6,47802
GUFICBIO,20200518,57.25,57.65,53.85,55,14316
GUJALKALI,20200518,325,332,310.2,312.3,89542
GUJAPOLLO,20200518,164.5,164.5,144,145.15,13645
GUJGASLTD,20200518,239,240.9,228,231.65,357344
GUJRAFFIA,20200518,11.8,11.8,11.3,11.3,3379
GULFOILLUB,20200518,568,568,540,562.9,2393
GULFPETRO,20200518,41.75,42.95,41.3,41.5,21769
GULPOLY,20200518,27,27,24.7,25.05,8417
GVKPIL,20200518,2.65,2.8,2.6,2.65,4668384
HAL,20200518,551,569,536,547.5,751346
HARITASEAT,20200518,357.3,357.3,347.05,350.15,1738
HARRMALAYA,20200518,59.1,59.45,56.05,56.3,65472
HATHWAY,20200518,24.5,25.85,24.1,25.7,6756270
HATSUN,20200518,549,549,509.1,514.4,20092
HAVELLS,20200518,489,491.85,472.6,475.75,2258572
HAVISHA,20200518,0.5,0.55,0.5,0.55,27327
HBLPOWER,20200518,12.2,12.35,11.7,11.75,109541
HBSL,20200518,6.2,6.2,6.2,6.2,504
HCC,20200518,4.7,4.75,4.5,4.5,1210525
HCG,20200518,95,107.8,92.5,104.75,3642654
HCL-INSYS,20200518,5.95,5.95,5.5,5.55,133931
HCLTECH,20200518,514.7,518.65,507.5,510.75,5159670
HDFC,20200518,1633.5,1637.65,1506.4,1512.05,8460262
HDFCAMC,20200518,2530,2560,2472,2488.1,250803
HDFCBANK,20200518,888,888,831.3,836.65,23326656
HDFCLIFE,20200518,487.3,490.9,464,469.35,4108281
HDFCMFGETF,20200518,4321,4358,4320.95,4341.25,32150
HDFCNIFETF,20200518,954.56,964,927.24,935.41,7231
HDFCSENETF,20200518,3311.1,3339,3225.05,3272.33,566
HEG,20200518,775,784.7,731.25,741.25,80286
HEIDELBERG,20200518,155,155,145,146.7,333173
HERCULES,20200518,68.05,69.8,63.05,63.75,40350
HERITGFOOD,20200518,241.25,241.25,232.85,235,168856
HEROMOTOCO,20200518,2197,2218.5,2060.15,2070.55,1803992
HESTERBIO,20200518,1194.75,1220,1140,1163.15,45844
HEXATRADEX,20200518,7.1,7.2,6.85,7.2,116
HEXAWARE,20200518,251,251,235.85,238.2,346035
HFCL,20200518,10.3,10.35,9.55,9.65,1886292
HGINFRA,20200518,172.85,178.4,165,165.85,7783
HGS,20200518,535.05,535.1,521,523.95,6279
HIKAL,20200518,120.25,120.25,112.75,120.25,755257
HIL,20200518,828,830,780.05,788.9,18685
HILTON,20200518,8.8,9.45,8.55,9,7834
HIMATSEIDE,20200518,49.05,51.2,47.6,47.6,134294
HINDALCO,20200518,120.55,121,114.3,115.35,14500151
HINDCOMPOS,20200518,123.05,124.3,120.5,121.15,457
HINDCOPPER,20200518,26.7,27.35,25.75,26.05,1199607
HINDMOTORS,20200518,3.9,3.9,3.75,3.8,73531
HINDNATGLS,20200518,25.55,30.9,25.55,27.45,2385
HINDOILEXP,20200518,40.5,40.5,39.05,39.25,144676
HINDPETRO,20200518,189.5,190.45,170.75,172.5,11296262
HINDUNILVR,20200518,2041.5,2047.85,1988.6,2005.25,7675796
HINDZINC,20200518,195.5,200.4,185.6,188.25,4041183
HIRECT,20200518,126,132.45,120.65,120.95,4451
HISARMETAL,20200518,52.3,54.3,50.05,53.35,3831
HITECH,20200518,84,84,74.05,76.7,2240
HITECHCORP,20200518,57.85,57.85,53.2,55.15,198
HITECHGEAR,20200518,85.3,91.75,83.55,83.55,3036
HLVLTD,20200518,3.8,3.9,3.5,3.5,167836
HMVL,20200518,41.15,41.15,39.65,39.75,10298
HNDFDS,20200518,550.5,556,507,510,8742
HNGSNGBEES,20200518,350,351,350,351,61
HONAUT,20200518,27395.45,27484.7,26640,26876.95,5987
HONDAPOWER,20200518,802.3,804.95,785,788.65,3265
HOTELRUGBY,20200518,1,1,1,1,20
HOVS,20200518,36,36,34.05,35,2527
HPL,20200518,25,25.85,23.9,24.1,41687
HSCL,20200518,45.95,46.25,43.6,44,348737
HSIL,20200518,52.5,52.5,49,49.1,39341
HTMEDIA,20200518,10.75,10.95,10.5,10.65,12628
HUBTOWN,20200518,9.45,9.55,9.45,9.45,1772
HUDCO,20200518,24.55,24.75,22.35,22.8,1344915
IBMFNIFTY,20200518,109.99,111.49,103.04,103.04,811
IBREALEST,20200518,43.85,43.85,41.65,41.7,501533
IBULHSGFIN,20200518,131.9,131.9,117.2,118.95,28889485
IBULISL,20200518,38.5,38.5,35.95,36,122861
IBVENTURES,20200518,87.4,87.4,83.15,83.95,954157
ICICI500,20200518,122.9,123.7,118.9,119.72,2541
ICICIB22,20200518,23.52,23.52,22.05,22.13,348214
ICICIBANK,20200518,320,320.5,293.25,298.5,74034470
ICICIBANKN,20200518,187.76,187.76,175,175.55,26034
ICICIBANKP,20200518,106.25,106.25,102.2,102.96,3144
ICICIGI,20200518,1222.25,1238.65,1125.05,1166,503282
ICICIGOLD,20200518,44.99,44.99,42.11,43.6,271792
ICICILIQ,20200518,999.95,1000,997,999.99,11785
ICICILOVOL,20200518,86.72,86.72,77.11,80.17,6040
ICICIM150,20200518,49.25,49.99,48.5,49.13,2170
ICICIMCAP,20200518,52,52,49.2,49.66,6825
ICICINF100,20200518,107.7,107.7,104,104.58,1261
ICICINIFTY,20200518,96.62,97,93.4,93.57,511135
ICICINV20,20200518,48,48.46,46,46.3,8997
ICICINXT50,20200518,23.88,23.99,23.05,23.36,15758
ICICIPRULI,20200518,383.1,384,356.75,358.85,2202813
ICICISENSX,20200518,339.8,342.5,325,329.28,7905
ICIL,20200518,29.6,29.6,26.8,27.5,56915
ICRA,20200518,2680.05,2680.05,2520,2534.75,1060
IDBI,20200518,20,20.2,19.2,19.35,925087
IDBIGOLD,20200518,4498,4500,4356.05,4433.9,74
IDEA,20200518,4.95,5.1,4.6,4.65,349608026
IDFC,20200518,14,14.05,13.45,13.5,5527263
IDFCFIRSTB,20200518,20.9,20.95,19.55,19.85,29865753
IDFNIFTYET,20200518,96.99,96.99,95.89,96.89,307
IEX,20200518,162,168.65,155.3,159.05,514362
IFBAGRO,20200518,293.55,297.45,283,289.65,2275
IFBIND,20200518,374.9,374.9,340.25,345.1,35905
IFCI,20200518,4.25,4.3,4.1,4.1,1849806
IFGLEXPOR,20200518,97.9,98.45,91.45,96.4,1118
IGARASHI,20200518,219.5,220.3,198.35,201.1,88619
IGL,20200518,459,464.55,439.6,445.5,2216244
IGPL,20200518,129,131.95,125,126.1,4686
IIFL,20200518,71.7,71.7,67,68,103035
IIFLSEC,20200518,33,33,32.4,32.4,57065
IIFLWAM,20200518,850,860,810,833.35,5425
IITL,20200518,56.25,61.2,56.25,61.2,66
IMAGICAA,20200518,3.5,3.5,3.25,3.35,37153
IMFA,20200518,138.1,138.3,132,134.35,3515
IMPAL,20200518,480,483.95,478,479.45,856
IMPEXFERRO,20200518,0.55,0.55,0.55,0.55,1010
INDBANK,20200518,5,5.05,4.8,5,18890
INDHOTEL,20200518,65,65,62.1,62.3,1878994
INDIACEM,20200518,115.8,123.75,108.25,117.95,23761213
INDIAGLYCO,20200518,259.9,259.9,250,250.45,107535
INDIAMART,20200518,2318.8,2374.95,2241,2282.6,145230
INDIANB,20200518,47.35,47.35,44.5,45.15,1255906
INDIANCARD,20200518,82,84.8,80.65,82.75,240
INDIANHUME,20200518,143.35,143.35,135.75,136.3,23384
INDIGO,20200518,940,945,850,912.25,7187069
INDLMETER,20200518,16.1,16.2,15.7,15.7,988
INDNIPPON,20200518,245.1,250,232.1,235.05,6950
INDOCO,20200518,224.5,226.5,207.8,210,96009
INDORAMA,20200518,12.85,12.85,11.85,12,16914
INDOSTAR,20200518,286,286.1,276.9,279.5,58022
INDOTECH,20200518,72.35,72.95,71,72.55,1877
INDOTHAI,20200518,15.05,15.4,13.2,13.35,30539
INDOWIND,20200518,2.35,2.4,2.2,2.25,47297
INDRAMEDCO,20200518,39.2,39.2,36.8,37.2,86783
INDSWFTLAB,20200518,26.35,26.35,25.1,26.35,102232
INDSWFTLTD,20200518,2.15,2.15,1.95,2,26629
INDTERRAIN,20200518,28,29,27.15,28.15,6500
INDUSINDBK,20200518,418.5,418.7,374.05,376.75,25374908
INEOSSTYRO,20200518,563.05,563.05,550.4,558.15,4606
INFIBEAM,20200518,52.1,53,49.5,49.5,461058
INFOBEAN,20200518,95.45,98.1,91.45,93.2,12469
INFOMEDIA,20200518,4.65,4.85,4.45,4.45,14869
INFRABEES,20200518,270.8,279.4,263,272.78,521
INFRATEL,20200518,205,210,201.1,207.1,15523354
INFY,20200518,659.85,670.55,653,663.9,10435495
INGERRAND,20200518,638,638,625.1,625.65,12583
INOXLEISUR,20200518,188.7,190,163.4,165.15,2333153
INOXWIND,20200518,26.8,26.8,25.55,25.65,49313
INSECTICID,20200518,399.95,399.95,372.7,383.25,12504
INSPIRISYS,20200518,22.35,22.35,19.55,21.15,8340
INTELLECT,20200518,67.95,67.95,64.7,65,43732
INTENTECH,20200518,17.25,17.85,17,17.1,13401
INVENTURE,20200518,12,12,11.05,11.05,551
IOB,20200518,7.4,7.4,7.1,7.15,579631
IOC,20200518,75.55,75.8,71.15,71.55,17698491
IOLCP,20200518,382.5,385.7,365,368.3,1346059
IPCALAB,20200518,1590,1617.65,1571.15,1597.15,297919
IRB,20200518,63.85,63.85,59.5,60.15,899965
IRCON,20200518,86.7,86.95,82.25,82.65,401948
IRCTC,20200518,1310.5,1314.95,1263.6,1263.6,862751
ISEC,20200518,355,358,347.6,351.05,253464
ISFT,20200518,60.6,60.6,60.6,60.6,5939
ISMTLTD,20200518,3.25,3.25,2.9,3.05,91608
ITC,20200518,166,167.3,163.15,164.75,20802365
ITDC,20200518,161.9,162,154.35,154.35,18197
ITDCEM,20200518,36.4,36.9,34.05,34.25,96039
ITI,20200518,87.8,89,82,82.65,2129508
IVC,20200518,2.25,2.35,2.1,2.2,132813
IVP,20200518,33.75,37,33.75,33.75,450
IVZINGOLD,20200518,4400,4400,4325,4328.1,20
IVZINNIFTY,20200518,978.6,978.6,940.75,940.75,3
IZMO,20200518,15.75,15.75,15,15.3,1828
J&KBANK,20200518,13.25,13.25,12.4,12.45,1789563
JAGRAN,20200518,38.35,38.35,36.6,36.85,157357
JAGSNPHARM,20200518,25.4,25.4,23.4,23.45,13359
JAIBALAJI,20200518,15.75,16.25,15,15,19734
JAICORPLTD,20200518,69.6,70.05,64.6,65.15,1333543
JAINSTUDIO,20200518,0.8,0.8,0.8,0.8,531
JAMNAAUTO,20200518,23.8,24,22.8,22.95,471680
JASH,20200518,98.35,98.4,98.35,98.4,110
JAYAGROGN,20200518,68.2,71,67,67.35,5198
JAYBARMARU,20200518,139.8,139.8,130,131.05,11483
JAYNECOIND,20200518,2.7,2.8,2.6,2.6,23667
JAYSREETEA,20200518,34.5,35.6,34.2,35.1,11350
JBCHEPHARM,20200518,637.45,637.45,603,610,170399
JBFIND,20200518,7,7.15,6.55,6.9,35988
JBMA,20200518,169.75,169.75,155,155.15,5925
JCHAC,20200518,2188,2193.95,2100,2114.6,3812
JHS,20200518,10.45,10.55,9.85,10,137252
JIKIND,20200518,0.4,0.4,0.35,0.4,6609
JINDALPHOT,20200518,11.6,12.35,11.5,11.8,3742
JINDALPOLY,20200518,279.5,282.55,251,267.15,19674
JINDALSAW,20200518,51.95,51.95,48,48.35,555547
JINDALSTEL,20200518,94.95,95.6,86.75,88.05,23716579
JINDRILL,20200518,52.6,53.4,48.45,49.75,7779
JINDWORLD,20200518,26.95,26.95,25.3,25.75,10712
JISLDVREQS,20200518,6.65,7.15,6.55,7.15,85027
JISLJALEQS,20200518,6.95,7.25,6.8,7.25,2176989
JITFINFRA,20200518,3.55,3.55,3.4,3.4,3607
JIYAECO,20200518,10.25,10.25,10.25,10.25,36189
JKCEMENT,20200518,1087.55,1098.7,1082.5,1090.65,39060
JKIL,20200518,84.35,84.35,77,77.65,142409
JKLAKSHMI,20200518,197.45,197.45,182.6,189.15,181843
JKPAPER,20200518,90.75,91.3,89,89.05,1048822
JKTYRE,20200518,50.15,50.75,48.1,48.25,359347
JMA,20200518,18.2,19,17.55,18.55,9757
JMCPROJECT,20200518,37.45,37.9,36.05,36.05,53212
JMFINANCIL,20200518,64.45,64.45,57.8,61.05,1365486
JMTAUTOLTD,20200518,2.5,2.5,2.5,2.5,122626
JOCIL,20200518,146.1,154.85,141.3,154.85,54302
JPASSOCIAT,20200518,1.6,1.65,1.55,1.55,4296986
JPINFRATEC,20200518,0.85,0.85,0.8,0.85,774165
JPPOWER,20200518,1.05,1.05,0.95,0.95,10525267
JSL,20200518,29.15,29.15,26.85,27.25,154364
JSLHISAR,20200518,42.25,43.45,40.25,40.55,38097
JSWENERGY,20200518,40.45,40.5,38.7,39.55,702877
JSWHL,20200518,1573.65,1599,1530.05,1554.4,367
JSWSTEEL,20200518,175.8,176.2,162.1,163.25,8130435
JTEKTINDIA,20200518,48.2,48.2,45.85,46.4,63888
JUBILANT,20200518,496,496,448.8,448.8,1072378
JUBLFOOD,20200518,1663,1687.9,1530,1549.9,1897047
JUBLINDS,20200518,106.75,106.75,106.6,106.75,26878
JUMPNET,20200518,50.5,50.5,48.55,49.45,444916
JUNIORBEES,20200518,245,245.5,233.6,236.16,106804
JUSTDIAL,20200518,348,348,326.3,332.45,2649854
JYOTHYLAB,20200518,103.55,104.1,100,101.1,183928
KABRAEXTRU,20200518,50,53.45,45,49.05,75178
KAJARIACER,20200518,317.45,317.45,297.05,300.4,465221
KAKATCEM,20200518,126.7,126.7,115.4,115.95,13394
KALPATPOWR,20200518,200,206.6,187.45,188.3,538616
KALYANIFRG,20200518,137.05,140.75,137.05,138.15,7833
KAMATHOTEL,20200518,20.3,20.4,18.6,18.85,26788
KAMDHENU,20200518,51.5,51.5,48.1,48.7,10852
KANANIIND,20200518,2.25,2.25,2.1,2.2,7241
KANORICHEM,20200518,28.55,28.95,27.15,27.3,12837
KANSAINER,20200518,365,366.5,340,341.7,332060
KARDA,20200518,146.8,146.8,142.5,143.95,19584
KARMAENG,20200518,9.5,9.5,8.6,8.75,205
KARURVYSYA,20200518,24,24.05,23,23.25,496424
KAYA,20200518,134.1,137.95,128,129.2,8010
KCP,20200518,39.2,39.95,38.3,38.6,80247
KCPSUGIND,20200518,12.05,13.15,11.9,12.25,159516
KDDL,20200518,110.15,116.7,110.15,113.8,1065
KEC,20200518,198.85,200.5,188.1,195.15,310441
KECL,20200518,9.35,9.35,8.9,8.95,11959
KEI,20200518,277,279.9,267.3,270.75,145692
KELLTONTEC,20200518,15.8,16,14.6,15.95,235182
KENNAMET,20200518,740.95,741,685,693.7,1947
KERNEX,20200518,13.5,13.5,12.5,12.95,8201
KESORAMIND,20200518,24.3,25,23.85,23.95,56186
KEYFINSERV,20200518,34.3,34.3,32.65,32.7,218
KHADIM,20200518,88,89,82.55,83.4,57667
KHANDSE,20200518,10,10.55,10,10.55,125
KICL,20200518,1130.05,1164,1101.7,1118,325
KILITCH,20200518,96,96,87.25,88.35,6033
KINGFA,20200518,446.7,464.65,425.15,431.65,5422
KIOCL,20200518,75,75.5,71,72.1,9740
KIRIINDUS,20200518,285.2,287.05,285,285,97734
KIRLFER,20200518,55.95,55.95,52.1,53.65,6095
KIRLOSBROS,20200518,95.9,97,89,89.75,21759
KIRLOSENG,20200518,111.95,111.95,102.3,104.65,11107
KIRLOSIND,20200518,480.05,503.05,465,471.75,1043
KITEX,20200518,99.5,101,95.4,100.05,147290
KKCL,20200518,740,740,715,725.45,773
KMSUGAR,20200518,6.3,6.8,6.25,6.3,76634
KNRCON,20200518,205,206.9,191.3,194.85,655964
KOKUYOCMLN,20200518,47.8,47.8,44.5,44.8,28090
KOLTEPATIL,20200518,162.45,162.45,151,152.1,40825
KOPRAN,20200518,26.85,27,25.2,25.2,54603
KOTAKBANK,20200518,1175,1176,1110,1113.65,6397446
KOTAKBKETF,20200518,189.79,206.9,176.59,177.04,280378
KOTAKGOLD,20200518,423.15,431,422,426.95,171007
KOTAKNIFTY,20200518,95,95,91.73,91.9,153624
KOTAKNV20,20200518,48,48.8,46.02,46.76,9941
KOTAKPSUBK,20200518,116,119.74,110.8,111.84,6773
KOTARISUG,20200518,8.8,9.05,8.55,8.8,12582
KOTHARIPET,20200518,12.05,12.4,11.55,11.7,4800
KOTHARIPRO,20200518,43.55,44,40.45,42,4447
KPITTECH,20200518,49.05,49.8,47.05,47.05,110695
KPRMILL,20200518,416,428.95,405.2,406.1,2550
KRBL,20200518,185.05,189,180.85,182.95,161529
KREBSBIO,20200518,71.25,73.25,68,68.25,3351
KRIDHANINF,20200518,2.25,2.25,2.15,2.15,34510
KRISHANA,20200518,42,42,41,41,2000
KSB,20200518,441,498.7,428.1,430.8,14397
KSCL,20200518,379.85,381.9,366,372.7,124808
KSERASERA,20200518,0.2,0.2,0.15,0.15,2212621
KSK,20200518,0.35,0.35,0.3,0.35,544108
KSL,20200518,143,145.5,136,138.9,32257
KTKBANK,20200518,37.8,37.9,36.4,36.9,1129854
KUANTUM,20200518,357,378.9,345,345.55,406
KWALITY,20200518,2.6,2.6,2.4,2.4,827146
L&TFH,20200518,57.3,57.4,51.6,52.75,27903084
LAKSHVILAS,20200518,13,13.75,12.65,12.65,379767
LALPATHLAB,20200518,1595.9,1615,1562,1582.7,388408
LAMBODHARA,20200518,22,23.05,20.1,21.5,8075
LAOPALA,20200518,165.95,165.95,152,155.65,52347
LASA,20200518,34.3,34.5,32.05,32.65,21030
LAURUSLABS,20200518,437.75,439,421.65,425.7,744698
LAXMIMACH,20200518,2658.7,2699,2550.35,2566.55,4313
LEMONTREE,20200518,16.3,16.5,15.9,15.9,1487935
LFIC,20200518,40.2,45.4,40.2,41.85,304
LGBBROSLTD,20200518,193,194.6,180.2,187.55,15317
LGBFORGE,20200518,1.8,1.85,1.75,1.85,51012
LIBAS,20200518,35.05,37,35.05,35.05,9039
LIBERTSHOE,20200518,104.3,105,98.45,99.2,96224
LICHSGFIN,20200518,253.9,255,219.2,220.15,12187976
LICNETFGSC,20200518,22,22.8,21.4,21.91,10796
LICNETFN50,20200518,99.9,99.9,95.1,97.8,1397
LICNETFSEN,20200518,350,392.9,311,374,92
LICNFNHGP,20200518,97.01,100.97,96.25,97.32,801
LINCOLN,20200518,160.95,167,155.05,162.9,93520
LINCPEN,20200518,136.5,139.65,135,135.4,1535
LINDEINDIA,20200518,510.75,512.45,485.1,495.6,23615
LIQUIDBEES,20200518,1000,1000.01,999.55,1000,887744
LIQUIDETF,20200518,999.99,1000.01,999.99,1000,6168
LOKESHMACH,20200518,15.6,15.75,14.3,14.95,15140
LOTUSEYE,20200518,27,27,23,25.4,863
LOVABLE,20200518,48.1,50.95,46.25,46.7,18909
LPDC,20200518,1.2,1.2,1.2,1.2,3920
LSIL,20200518,0.65,0.65,0.65,0.65,1657846
LT,20200518,869.9,870,810,813.35,6211450
LTI,20200518,1655,1668,1600,1645.65,205525
LTTS,20200518,1105,1140,1090,1107.65,443312
LUMAXIND,20200518,963.4,969.9,935.05,944.85,2118
LUMAXTECH,20200518,69.9,69.9,65.35,66.4,11186
LUPIN,20200518,838,862.95,837.35,856.85,2661406
LUXIND,20200518,880,887,840,853.05,48024
LYKALABS,20200518,15.4,15.7,15.1,15.35,17460
LYPSAGEMS,20200518,2.85,3,2.85,2.9,4131
M&M,20200518,382.1,383.5,367.25,377.2,7717690
M&MFIN,20200518,164.05,164.4,136.25,137.8,26772645
M100,20200518,13.8,13.8,13.25,13.28,96205
M50,20200518,90.19,93.75,86,93.04,3604
MAANALU,20200518,37.85,38,36.5,36.9,3862
MADHAV,20200518,18.75,19.55,18.4,19.35,7080
MADHUCON,20200518,1.9,1.95,1.85,1.85,8100
MADRASFERT,20200518,15,15,14.25,14.25,17909
MAGADSUGAR,20200518,81,81,74.9,75.1,32137
MAGMA,20200518,15.05,15.1,14.25,14.25,701468
MAGNUM,20200518,2.95,2.95,2.75,2.75,2320
MAHABANK,20200518,8.95,8.95,8.55,8.75,529428
MAHAPEXLTD,20200518,55.9,60.5,55.9,57.4,2065
MAHASTEEL,20200518,67.4,67.4,62.8,63,1231
MAHEPC,20200518,134.9,134.9,120.25,122.4,490418
MAHESHWARI,20200518,146.95,160,146.55,156.4,2056
MAHINDCIE,20200518,92.5,92.8,86.1,86.85,32825
MAHLIFE,20200518,182,182,171.6,175.95,23401
MAHLOG,20200518,263.95,266.4,249,250.7,27459
MAHSCOOTER,20200518,1999,1999,1862,1870.45,11327
MAHSEAMLES,20200518,197.45,200,187,191.05,47038
MAITHANALL,20200518,374,374,350,352.1,13249
MAJESCO,20200518,296,299.95,279.8,281.9,3649
MALUPAPER,20200518,27.5,27.5,26.25,26.7,9097
MAN50ETF,20200518,91.7,92.3,89.53,89.81,8674
MANAKALUCO,20200518,4.6,4.6,4.1,4.3,4064
MANAKCOAT,20200518,3.75,3.85,3.7,3.75,12057
MANAKSIA,20200518,31.75,32.7,30.7,31.15,1641
MANAKSTEEL,20200518,8.3,8.3,7.8,8.25,7477
MANALIPETC,20200518,14.3,14.4,13.85,14,81517
MANAPPURAM,20200518,126.95,127.6,119.7,121.2,13099111
MANGALAM,20200518,75.05,75.05,75.05,75.05,2204
MANGCHEFER,20200518,34.15,34.8,32.5,32.7,63100
MANGLMCEM,20200518,157.65,157.65,147.9,148.3,10329
MANGTIMBER,20200518,6.75,6.75,6.6,6.65,220
MANINDS,20200518,38.1,38.1,35.25,35.7,80364
MANINFRA,20200518,17.1,17.35,16.5,16.95,54533
MANUGRAPH,20200518,6.65,6.9,6.55,6.85,36076
MANXT50,20200518,233,233,224.6,226.33,1139
MARALOVER,20200518,10.6,11.2,10.45,11.05,2181
MARATHON,20200518,43.9,43.9,42.25,43.6,3936
MARICO,20200518,320,320,304.1,306.2,3553034
MARKSANS,20200518,20.9,20.9,19.7,19.85,1157643
MARUTI,20200518,5080.4,5095,4680.55,4720.95,3164147
MASFIN,20200518,571.9,571.9,542.1,551.85,5214
MASKINVEST,20200518,14.3,14.3,14.3,14.3,7
MASTEK,20200518,248,251.65,237.05,241.15,24714
MATRIMONY,20200518,339.65,339.7,316,323.05,3328
MAWANASUG,20200518,22.35,22.75,21.55,21.55,59634
MAXINDIA,20200518,56.25,56.65,54,54.35,39836
MAXVIL,20200518,28.5,28.5,27.05,27.65,14641
MAYURUNIQ,20200518,150,150.05,135,145.2,30283
MAZDA,20200518,248.05,258.95,242.05,244.5,1811
MBECL,20200518,3.15,3.15,3.15,3.15,10856
MBLINFRA,20200518,5.25,5.25,4.8,4.95,22029
MCDHOLDING,20200518,22.55,22.55,22,22.55,30669
MCDOWELL-N,20200518,542.1,569.65,530.05,542.6,12096007
MCLEODRUSS,20200518,4.55,4.65,4.35,4.35,139418
MCX,20200518,1164,1164.95,1103,1115.2,193494
MEGASOFT,20200518,5.75,5.9,5.7,5.85,5546
MEGH,20200518,47.5,47.5,45.1,45.25,453177
MENONBE,20200518,32.7,32.7,31.1,32,6586
MEP,20200518,17.4,17.5,16.5,16.5,39216
MERCATOR,20200518,0.7,0.7,0.65,0.7,159160
METALFORGE,20200518,4.4,4.5,4.2,4.5,4110
METROPOLIS,20200518,1294,1295.8,1234,1264.75,107208
MFSL,20200518,450,450.85,407.15,417.75,1933057
MGL,20200518,900.1,900.8,872.15,881.7,425606
MHRIL,20200518,160.8,160.8,147,151.7,128597
MIC,20200518,0.7,0.7,0.65,0.65,30924
MIDHANI,20200518,219.8,225,205.55,207.35,4360615
MINDACORP,20200518,57.5,58.8,54.8,55.05,221944
MINDAIND,20200518,274.15,276.9,260.2,264.95,136420
MINDTECK,20200518,17.6,18.55,16.65,17.6,8026
MINDTREE,20200518,854.6,882.35,846.9,879.55,1593616
MIRCELECTR,20200518,4.8,4.95,4.55,4.55,189807
MIRZAINT,20200518,41,41.5,38,38.2,346455
MITTAL,20200518,124,128.75,122.9,125.3,180623
MMFL,20200518,169,169.4,160.3,160.65,4105
MMP,20200518,49.5,51.1,46.55,48,2610
MMTC,20200518,14.9,15.4,14.1,14.4,2305691
MODIRUBBER,20200518,29.45,29.45,29.45,29.45,52
MOHITIND,20200518,3.2,3.4,3.2,3.4,253
MOHOTAIND,20200518,6.2,6.4,5.9,6,9404
MOIL,20200518,125.55,126.45,120.4,124.25,363775
MOLDTECH,20200518,31.75,31.8,30.15,30.2,10784
MOLDTKPAC,20200518,176.05,179.75,165,166.65,49756
MONTECARLO,20200518,136.9,136.9,130.1,131,13390
MORARJEE,20200518,9.5,9.5,8.8,9.15,959
MOREPENLAB,20200518,16.85,17.1,16.1,16.15,683232
MOTHERSUMI,20200518,82.2,82.35,77.1,77.85,14579866
MOTILALOFS,20200518,524.5,524.5,508.8,515.2,108108
MOTOGENFIN,20200518,27.65,29.15,26.05,27.2,1563
MPHASIS,20200518,841,865,796.1,801.3,237027
MPSLTD,20200518,240.15,249.75,231.2,243.1,4101
MRF,20200518,58235,58499.95,56150,56356.05,9020
MRO-TEK,20200518,19.6,21.6,19.6,19.6,753
MRPL,20200518,28.5,29.45,27.3,27.75,275555
MSPL,20200518,4,4,3.8,3.8,3692
MSTCLTD,20200518,106.4,109.9,100.6,100.6,112884
MTEDUCARE,20200518,10.2,10.5,9.9,9.95,30879
MTNL,20200518,7.1,7.1,6.65,6.7,393608
MUKANDENGG,20200518,7.25,7.25,6.9,6.9,281
MUKANDLTD,20200518,16.5,17,16.25,16.45,13018
MUKTAARTS,20200518,21.6,21.6,18.4,18.7,16106
MUNJALAU,20200518,35,35,32.6,33.15,53915
MUNJALSHOW,20200518,75.9,75.9,72.65,73.35,20798
MURUDCERA,20200518,12.9,12.9,11.85,12,42519
MUTHOOTCAP,20200518,293.9,293.9,276.8,277.3,15785
MUTHOOTFIN,20200518,816,819.55,768,776.6,2798879
N100,20200518,690,699,680,695.16,45682
NACLIND,20200518,26.6,28.7,25.15,25.85,29900
NAGAFERT,20200518,3.9,3.9,3.65,3.75,135519
NAGREEKEXP,20200518,9.8,9.8,9.8,9.8,100
NAHARCAP,20200518,54.45,54.45,53,53.9,1801
NAHARINDUS,20200518,21.6,22.4,20.2,21.5,5737
NAHARPOLY,20200518,42,42,38.5,38.95,13321
NAHARSPING,20200518,33,33,30.1,30.5,6898
NAM-INDIA,20200518,232.1,237.7,225.05,229.2,2104497
NATCOPHARM,20200518,584,597.9,576,588.15,219338
NATHBIOGEN,20200518,299.45,299.45,282.5,288.6,16135
NATIONALUM,20200518,29.2,29.45,27.3,27.5,10993087
NATNLSTEEL,20200518,2.1,2.1,2.05,2.05,8055
NAUKRI,20200518,2590,2590,2205,2403.9,1010512
NAVINFLUOR,20200518,1534,1535,1465.05,1499.35,211615
NAVKARCORP,20200518,23.7,23.7,21.25,21.45,215143
NAVNETEDUL,20200518,70.15,71,67.1,67.6,32804
NBCC,20200518,19,19,17.75,17.75,8428019
NBIFIN,20200518,1418,1440,1325.55,1367,64
NBVENTURES,20200518,36.95,36.95,34.15,34.7,143026
NCC,20200518,23.6,23.6,21.8,22.1,22152869
NCLIND,20200518,67.8,68.6,63.5,63.95,105898
NDGL,20200518,434,434,415.7,416,28
NDL,20200518,14.5,14.5,13.5,13.9,37579
NDTV,20200518,49.9,50.45,48.5,50.45,182017
NECCLTD,20200518,4.65,4.65,4.05,4.1,47753
NECLIFE,20200518,13.7,14.15,12.9,13,203545
NELCAST,20200518,38.2,38.3,36.2,36.55,36580
NELCO,20200518,168,168.75,163,165.85,50732
NEOGEN,20200518,449.15,470,435,443.65,8880
NESCO,20200518,416,418.2,381.05,389.55,92285
NESTLEIND,20200518,16441,16575,16162.2,16240.35,167962
NETF,20200518,110,110,102.15,102.15,261
NETFCONSUM,20200518,52,54,45.5,47.36,23652
NETFDIVOPP,20200518,25.52,25.52,23.6,24.4,224
NETFLTGILT,20200518,21.5,21.68,21.41,21.67,20524
NETFMID150,20200518,50.78,50.78,47.6,48.8,67127
NETFNIF100,20200518,105.4,105.4,100.75,103.62,277
NETFNV20,20200518,52,52,46.01,47.59,5638
NETWORK18,20200518,25,26.05,24.35,25.15,1369466
NEULANDLAB,20200518,429,429,401.1,405.25,9783
NEWGEN,20200518,148.1,154,142.1,152.1,25188
NEXTMEDIA,20200518,4.2,4.2,4,4,103
NFL,20200518,25.8,25.8,24,24.1,550036
NH,20200518,265.25,268.05,261.05,265.2,86844
NHPC,20200518,20.2,20.3,19.55,19.75,3197310
NIACL,20200518,121.5,121.7,111.25,114.75,146565
NIBL,20200518,3.9,3.9,3.8,3.8,3951
NIFTYBEES,20200518,97.85,97.9,93.75,93.93,4744786
NIITLTD,20200518,85,87.9,82,86.6,772557
NIITTECH,20200518,1369.85,1390.95,1330.2,1344.35,746100
NILAINFRA,20200518,3,3.1,2.85,2.9,137542
NILASPACES,20200518,0.7,0.7,0.65,0.65,24061
NILKAMAL,20200518,1009.95,1020,975,979.6,7079
NIPPOBATRY,20200518,484.8,484.8,444,446.5,1502
NITCO,20200518,15.65,15.65,14.8,15,20195
NITINSPIN,20200518,30.05,30.45,29.25,29.55,24414
NKIND,20200518,14,14.05,14,14.05,983
NLCINDIA,20200518,43.2,43.2,41.5,41.6,483180
NMDC,20200518,74.55,74.75,70.5,71.1,5909478
NOCIL,20200518,83.4,84.8,79.3,80.3,1044706
NOIDATOLL,20200518,2.9,3,2.9,2.95,16003
NORBTEAEXP,20200518,3.2,3.2,3.2,3.2,50
NPBET,20200518,104.9,104.9,99,100.5,1532
NRAIL,20200518,173.05,181.4,166.65,173.3,4469
NRBBEARING,20200518,62.45,62.95,58.2,58.8,104647
NSIL,20200518,616.95,664,580,651.8,413
NTL,20200518,0.65,0.65,0.65,0.65,200
NTPC,20200518,90.5,90.5,87.85,88.9,11369430
NUCLEUS,20200518,216.3,216.3,209,209.6,8648
NXTDIGITAL,20200518,317.05,317.05,315.3,315.6,1788
OAL,20200518,148,148,143,143.8,3858
OBEROIRLTY,20200518,324,324,297.05,299.95,806392
OCCL,20200518,619.9,619.9,594,600,2397
OFSS,20200518,2650,2650,2566,2585.05,50531
OIL,20200518,86.65,86.65,69,78.75,1845181
OILCOUNTUB,20200518,4.2,4.2,3.8,4.15,21905
OISL,20200518,1.7,1.8,1.7,1.8,57673
OLECTRA,20200518,62.25,62.25,59.2,59.2,36769
OMAXAUTO,20200518,23.5,23.95,22.4,23.15,3328
OMAXE,20200518,168.7,168.7,166.75,167.15,279465
OMKARCHEM,20200518,3.5,3.5,3.5,3.5,4310
OMMETALS,20200518,12.1,12.25,11.35,11.55,26592
ONELIFECAP,20200518,6.6,6.75,6.6,6.6,640
ONEPOINT,20200518,12,12.15,11.9,11.9,524
ONGC,20200518,76.95,76.95,72.4,72.9,13015452
ONMOBILE,20200518,27.45,27.9,27.3,27.65,79792
ONWARDTEC,20200518,39,39.85,37.75,38.6,9616
OPTIEMUS,20200518,19.2,19.2,18.1,18.65,3634
OPTOCIRCUI,20200518,5.05,5.05,5.05,5.05,104997
ORBTEXP,20200518,52.95,52.95,49.2,49.9,11997
ORICONENT,20200518,12.95,12.95,11.9,12.1,17105
ORIENTABRA,20200518,12.15,12.5,12.05,12.3,9816
ORIENTALTL,20200518,6.6,6.9,6.35,6.4,3127
ORIENTBELL,20200518,55,56,50.15,51.5,11147
ORIENTCEM,20200518,40.95,40.95,38.6,38.9,695449
ORIENTELEC,20200518,169.5,169.5,151.95,163,431133
ORIENTHOT,20200518,15.9,16.25,15,15.45,24408
ORIENTLTD,20200518,72.45,72.45,65.55,71.45,174
ORIENTPPR,20200518,16.9,16.95,16,16.1,435322
ORIENTREF,20200518,137,137,130.25,133.55,48676
ORISSAMINE,20200518,1325,1371.05,1325,1371.05,3536
ORTINLABSS,20200518,12.7,12.7,11.55,11.55,9097
OSWALAGRO,20200518,6.45,6.45,5.8,5.95,37541
PAGEIND,20200518,17642.9,18054,17135.15,17709.35,48139
PAISALO,20200518,157.4,161.25,152.15,153.1,353
PALASHSECU,20200518,19,20.5,19,19.8,4059
PALREDTEC,20200518,11.55,11.55,11.55,11.55,1233
PANACEABIO,20200518,154,158,148,149.1,55920
PANACHE,20200518,40,40,37.05,37.05,4548
PANAMAPET,20200518,34.05,34.05,32,32.15,21961
PAPERPROD,20200518,194.45,194.6,182.05,183.25,97295
PARACABLES,20200518,6.15,6.25,5.95,6,191018
PARAGMILK,20200518,90.9,90.9,86,86.55,140820
PARSVNATH,20200518,1.95,2.05,1.95,1.95,35423
PATELENG,20200518,11.75,11.9,10.9,11.15,124147
PATINTLOG,20200518,16.95,16.95,16.4,16.55,9610
PATSPINLTD,20200518,2.85,2.85,2.85,2.85,1
PCJEWELLER,20200518,10.9,11.25,10.4,10.4,674334
PDMJEPAPER,20200518,12.15,12.15,11.25,11.4,38420
PDSMFL,20200518,253.6,264.8,252,252.2,280
PEARLPOLY,20200518,11.5,12.7,10.85,11.8,4697
PEL,20200518,882,903.1,845.35,872.6,1907657
PENIND,20200518,17.85,17.85,16.4,16.45,67244
PENINLAND,20200518,3.3,3.45,3.15,3.15,50569
PERSISTENT,20200518,524.6,531.9,513.2,515.55,134048
PETRONET,20200518,227.95,231,217.5,219.5,2855697
PFC,20200518,84.15,84.7,80.3,81.25,5857828
PFIZER,20200518,4352.15,4378.95,4155.55,4201.2,56001
PFOCUS,20200518,25.2,25.5,22,23,73642
PFS,20200518,8.9,8.9,8.45,8.5,293081
PGEL,20200518,36.45,36.65,34.15,34.4,11976
PGHH,20200518,10031,10100,9893.95,10077.35,2141
PGHL,20200518,3975,4010,3875,3900.6,7881
PGIL,20200518,99.5,102.55,97,97.35,644
PHILIPCARB,20200518,74.55,74.8,70.05,70.05,225056
PHOENIXLTD,20200518,524,524,465.05,484.4,432194
PIDILITIND,20200518,1370,1376.05,1330,1342.65,770105
PIIND,20200518,1492,1493.75,1425.55,1451.95,190998
PILANIINVS,20200518,1336.15,1338,1287.5,1309,611
PILITA,20200518,3.6,4.15,3.6,3.95,49569
PIONDIST,20200518,106,112.25,102,104.5,147897
PIONEEREMB,20200518,19.5,19.5,16.4,17.8,7030
PITTIENG,20200518,24.4,24.4,21.75,22,2515
PKTEA,20200518,95.5,95.5,90,90,250
PLASTIBLEN,20200518,162.15,167.95,143.1,149.8,210234
PNB,20200518,28.9,28.95,26.75,27.35,28520480
PNBGILTS,20200518,25,25.45,24.65,24.7,115741
PNBHOUSING,20200518,179.4,180,171,173.85,360185
PNC,20200518,11.25,11.25,10.6,11.2,1196
PNCINFRA,20200518,109.75,109.9,104.3,104.3,49059
PODDARHOUS,20200518,153.45,159,151.5,151.5,379
PODDARMENT,20200518,138,138.9,130.25,132.35,3507
POKARNA,20200518,107,107.9,103.1,103.6,61365
POLYCAB,20200518,696.9,696.9,660.25,662.8,131873
POLYMED,20200518,279.45,285,245.7,268.85,199692
POLYPLEX,20200518,435,436.95,423,423.3,17609
PONNIERODE,20200518,121.6,126.5,117,118.75,1704
POWERGRID,20200518,159.85,160.2,153.3,154.5,18505341
POWERINDIA,20200518,832.95,832.95,815.5,819.95,9141
POWERMECH,20200518,339,339,319.55,322.95,20397
PPAP,20200518,165.75,168,158,161.4,5096
PPL,20200518,39.5,39.95,37.9,37.9,36587
PRABHAT,20200518,64.85,64.9,64.1,64.15,7034
PRADIP,20200518,0.45,0.45,0.45,0.45,2371
PRAENG,20200518,6.25,6.4,5.95,5.95,42323
PRAJIND,20200518,56.1,57.9,52.5,54.9,1957768
PRAKASH,20200518,28.75,28.75,27,27,316508
PRAKASHSTL,20200518,0.45,0.45,0.4,0.45,1207498
PRAXIS,20200518,22.5,22.9,21.4,21.4,7064
PRECAM,20200518,25.85,25.85,22.5,24.45,10314
PRECOT,20200518,20.8,21.55,20.1,20.4,1167
PRECWIRE,20200518,79,82.9,77.6,78.15,12772
PREMEXPLN,20200518,76,79.3,73,73.95,51957
PREMIERPOL,20200518,19.3,20,17.55,20,360
PRESSMN,20200518,15.65,15.8,14.65,15.5,3835
PRESTIGE,20200518,151,152.9,138.05,139,1129643
PRICOLLTD,20200518,39.5,40.7,38.95,39,10862
PRIMESECU,20200518,28.05,29.35,27.5,27.95,3221
PRINCEPIPE,20200518,84.5,86,80,81.05,154142
PROSEED,20200518,0.25,0.3,0.25,0.3,26102
PROZONINTU,20200518,14.35,14.35,14.15,14.35,58139
PRSMJOHNSN,20200518,33.85,33.85,31.65,31.7,179469
PSB,20200518,13.85,13.85,12.75,12.95,82962
PSL,20200518,0.5,0.5,0.5,0.5,14122
PSPPROJECT,20200518,346.75,346.75,326.1,336.75,13969
PSUBNKBEES,20200518,15.9,15.9,12.12,12.35,298066
PTC,20200518,37.4,37.4,35.2,35.25,935798
PTL,20200518,29.4,29.4,28.15,28.6,10149
PUNJABCHEM,20200518,442.4,447.75,426.05,435,1734
PURVA,20200518,39.05,39.45,35.55,36.85,33424
PVR,20200518,830.1,839.9,735,745.85,5611462
QGOLDHALF,20200518,2081.4,2108.4,2081.4,2107.45,2638
QNIFTY,20200518,931,931,929,929,9
QUESS,20200518,174,176,167,169.25,151966
QUICKHEAL,20200518,109.25,109.25,102.7,104.55,147457
RADAAN,20200518,1,1,1,1,1530
RADICO,20200518,312.5,312.9,296.15,302.9,731966
RADIOCITY,20200518,13.5,13.7,13,13.2,174210
RAIN,20200518,66.6,67.9,61.1,61.85,1184105
RAJESHEXPO,20200518,520,525.55,503,505.75,59519
RAJSREESUG,20200518,13.2,13.2,12.3,12.4,4329
RAJTV,20200518,40.1,40.1,37,37.2,6834
RALLIS,20200518,214.05,215,205,206.95,345446
RAMANEWS,20200518,11.9,12.25,11.6,12.05,16854
RAMASTEEL,20200518,25.25,27.55,25.15,25.15,3009
RAMCOCEM,20200518,578,585.85,531.5,537.25,1166972
RAMCOIND,20200518,114,114,107.1,108.1,36979
RAMCOSYS,20200518,74,74.1,70,70.35,19064
RAMKY,20200518,31.4,32.3,29.25,31.55,80297
RANASUG,20200518,2.85,2.85,2.7,2.7,185660
RANEENGINE,20200518,169.1,183,168.65,168.65,994
RANEHOLDIN,20200518,360.1,360.15,335,339.7,5050
RATNAMANI,20200518,893.9,893.9,847.6,859.15,26158
RAYMOND,20200518,222,223.95,212.1,215.5,188130
RBL,20200518,428.95,428.95,410,418.45,8455
RBLBANK,20200518,120,120.8,108.85,109.4,30932403
RCF,20200518,39.9,40.4,37.3,37.6,2463478
RCOM,20200518,0.85,0.9,0.8,0.8,5217273
RECLTD,20200518,98,98.55,90,90.55,10856572
REDINGTON,20200518,88.5,88.5,81.45,83.6,493067
REFEX,20200518,50.5,51.3,47.75,47.75,88070
RELAXO,20200518,599,602.45,580.55,587.35,208617
RELCAPITAL,20200518,7.5,7.5,7.1,7.15,3204999
RELIANCE,20200518,1470,1482,1428,1440.75,28981620
RELIGARE,20200518,25.45,25.6,24.05,24.1,106184
RELINFRA,20200518,19.05,19.05,17.9,18.2,1065377
REMSONSIND,20200518,53.5,54.95,48.7,53,1014
RENUKA,20200518,4.7,4.8,4.5,4.5,686449
REPCOHOME,20200518,111.9,112.4,105.95,105.95,96913
REPRO,20200518,354,355,323.55,330,3487
RESPONIND,20200518,81.25,81.9,80.5,81.15,100999
REVATHI,20200518,310.05,310.05,284.55,293.05,837
RGL,20200518,196.2,201.85,195,198.55,523
RHFL,20200518,1.25,1.25,1.2,1.25,4034213
RICOAUTO,20200518,26.3,26.3,24.6,24.7,145627
RIIL,20200518,275.9,275.9,260,261.95,116188
RITES,20200518,231.45,234.35,224.1,227.05,469598
RKDL,20200518,7.3,7.3,7.05,7.05,22768
RKFORGE,20200518,166,175.95,166,166.8,2822
RMCL,20200518,3.3,3.45,3.2,3.35,12952
RML,20200518,199.45,203.9,187.05,189.1,16719
RNAVAL,20200518,1.05,1.05,1,1.05,32656914
ROHITFERRO,20200518,0.55,0.55,0.5,0.55,45003
ROHLTD,20200518,42.7,42.7,38.8,40.05,119319
ROLLT,20200518,1.3,1.3,1.3,1.3,4160
ROLTA,20200518,4.15,4.25,4.15,4.25,187671
ROSSELLIND,20200518,38.1,39,37.4,38.5,3798
RPGLIFE,20200518,235.2,238.95,220.25,222.75,15671
RPOWER,20200518,1.85,1.85,1.85,1.85,4823607
RPPINFRA,20200518,42.1,45,40.15,41.6,9360
RSSOFTWARE,20200518,14.95,14.95,14,14,9919
RSWM,20200518,64.7,64.75,58,60.8,15270
RSYSTEMS,20200518,83.55,86.95,81.25,85.05,9080
RTNINFRA,20200518,1.65,1.65,1.55,1.55,111365
RTNPOWER,20200518,1.2,1.2,1.15,1.15,1710364
RUBYMILLS,20200518,126.55,129.6,122.3,124.45,3040
RUCHI,20200518,706.95,706.95,706.95,706.95,8360
RUCHINFRA,20200518,5.8,5.8,5.8,5.8,40350
RUCHIRA,20200518,40,40,37.05,37.2,26477
RUPA,20200518,152.25,152.25,141,142.85,16336
RUSHIL,20200518,117.75,117.75,107,107.85,3359
RVNL,20200518,17.6,17.8,16.85,16.95,2465747
S&SPOWER,20200518,17.7,17.7,17.7,17.7,1635
SABEVENTS,20200518,0.95,0.95,0.95,0.95,1900
SABTN,20200518,1.8,1.8,1.75,1.8,2424
SADBHAV,20200518,48.5,48.5,48.5,48.5,21419
SADBHIN,20200518,19,19,19,19,5742
SAFARI,20200518,345.8,345.8,330,337.9,19197
SAGARDEEP,20200518,57.95,63.25,57.95,62.4,308
SAGCEM,20200518,292,292,269.7,271.5,9120
SAIL,20200518,29.5,29.6,27.15,27.45,23059521
SAKAR,20200518,46.9,51.5,46.9,51.4,1000
SAKHTISUG,20200518,7.9,8,7.6,7.65,23220
SAKSOFT,20200518,141.6,143.8,135,138.9,4599
SAKUMA,20200518,7.15,7.15,6.65,6.7,243734
SALASAR,20200518,105.6,108,102,105.2,148382
SALSTEEL,20200518,2.35,2.35,2.25,2.25,2447
SALZERELEC,20200518,64,64.9,61.15,61.4,13141
SAMBHAAV,20200518,1.65,1.85,1.65,1.75,6081
SANCO,20200518,9.15,9.75,9.15,9.55,13772
SANDESH,20200518,439,444.95,428.05,430.1,320
SANDHAR,20200518,153.3,153.3,135.05,140.4,16833
SANGAMIND,20200518,37.2,37.7,36.7,37.4,1231
SANGHIIND,20200518,18.3,18.6,17.1,17.5,748689
SANGHVIMOV,20200518,51.05,52.65,50,51.45,6748
SANGINITA,20200518,75.7,79.5,75.7,77.5,2747
SANOFI,20200518,7770,7770,7425,7468.8,23670
SANWARIA,20200518,3,3,3,3,187435
SARDAEN,20200518,134.1,142.75,132.5,135.25,73668
SAREGAMA,20200518,255,268,255,260.8,11327
SARLAPOLY,20200518,14.1,14.1,13.3,13.5,12704
SASKEN,20200518,394.25,397.9,377,381.6,10298
SASTASUNDR,20200518,57,62.85,56.95,62.4,4298
SATHAISPAT,20200518,2.4,2.4,2.4,2.4,1258
SATIA,20200518,65.1,69.8,65.1,67.85,10070
SATIN,20200518,51.55,51.55,49,49,111072
SBICARD,20200518,540,540,526,528.9,1212873
SBIETFQLTY,20200518,86.9,93.45,82,83.64,9371
SBILIFE,20200518,750,750,694.45,700.75,1705994
SBIN,20200518,166.4,166.4,155,155.3,77350889
SCAPDVR,20200518,0.35,0.35,0.3,0.3,177029
SCHAEFFLER,20200518,3306.95,3310.05,3190,3196.35,25212
SCHAND,20200518,46.85,49.8,46.85,47.55,6879
SCHNEIDER,20200518,85,86.7,79.5,80.1,392407
SCI,20200518,43.8,43.8,40.25,41.2,2199759
SDBL,20200518,78,79.65,73.4,73.5,11886
SEAMECLTD,20200518,308,314.1,299.95,300.25,1099
SELAN,20200518,82.4,83.3,81.25,81.55,11297
SEPOWER,20200518,3.25,3.25,3.25,3.25,9054
SEQUENT,20200518,82,83.1,81.5,82.5,995955
SESHAPAPER,20200518,126.95,127,121,121.85,9866
SETCO,20200518,8.65,9.05,8.65,8.85,39988
SETF10GILT,20200518,197,225,197,208.02,630
SETFGOLD,20200518,4330,4349,4325,4334.45,28067
SETFNIF50,20200518,95,96,91.25,91.58,719159
SETFNIFBK,20200518,195.6,198,175.2,175.98,181908
SETFNN50,20200518,245,245,233,234.36,18862
SETUINFRA,20200518,0.7,0.8,0.7,0.7,97303
SEYAIND,20200518,45.9,45.9,41.6,45.85,156642
SFL,20200518,1370.6,1378,1342.8,1353.85,3938
SGL,20200518,6.1,6.45,6.1,6.35,2492
SHAHALLOYS,20200518,6.3,6.3,6.3,6.3,1
SHAKTIPUMP,20200518,151.25,157.65,148.2,148.2,6397
SHALBY,20200518,63.9,63.9,59.6,60.2,79954
SHALPAINTS,20200518,56.05,56.15,52,53.15,23599
SHANKARA,20200518,263,265.05,245,246,21505
SHANTIGEAR,20200518,82,82,77.1,77.8,15603
SHARDACROP,20200518,142.05,144,134.85,135.65,9652
SHARDAMOTR,20200518,630.4,639.35,602.1,604.95,839
SHARIABEES,20200518,231.62,233.14,229,232.71,62
SHEMAROO,20200518,78.45,80.5,74.4,74.4,17702
SHIL,20200518,69,69,65.25,66.45,8786
SHILPAMED,20200518,360,361.6,347.15,349.8,15991
SHIRPUR-G,20200518,7.85,7.85,7.35,7.75,31329
SHIVAMAUTO,20200518,11,11,10.05,10.1,64608
SHIVAMILLS,20200518,22.85,23.4,22,23.4,564
SHIVATEX,20200518,78,82.7,76.25,81.9,294
SHK,20200518,52.8,53,48.25,50.45,377840
SHOPERSTOP,20200518,158.9,158.9,138,139.55,144843
SHREDIGCEM,20200518,36.15,37.4,32.6,35.3,3146754
SHREECEM,20200518,19200,19239.45,18000,18152.7,66740
SHREEPUSHK,20200518,83,83,80.05,80.65,12912
SHREERAMA,20200518,3.8,4,3.8,4,838
SHRENIK,20200518,23,23,21.2,21.4,2050
SHREYANIND,20200518,75.6,76.85,71.7,72.2,10621
SHREYAS,20200518,47.05,48,44.7,44.9,7944
SHRIPISTON,20200518,508.05,523.95,508.05,523.95,12
SHRIRAMCIT,20200518,704.25,705.35,675,680.6,8193
SHRIRAMEPC,20200518,2.8,2.85,2.7,2.8,127886
SHYAMCENT,20200518,2.25,2.45,2.25,2.45,16423
SICAGEN,20200518,11.45,11.6,10.75,11.55,6524
SICAL,20200518,9,9.4,8.6,8.7,39595
SIEMENS,20200518,1084.85,1085,990,997.05,720493
SIGIND,20200518,17.05,17.05,16.45,16.5,3813
SIL,20200518,9.55,10,9.25,9.25,48810
SILINV,20200518,105.55,109.7,105.5,106.5,849
SIMBHALS,20200518,5.6,5.6,5.1,5.1,10259
SIMPLEXINF,20200518,25.1,25.1,23.4,23.4,135003
SINTEX,20200518,0.95,0.95,0.9,0.95,2106949
SIRCA,20200518,196.6,196.6,178.6,178.6,18623
SIS,20200518,373.95,373.95,345,349.65,30122
SITINET,20200518,1.75,1.75,1.75,1.75,115102
SIYSIL,20200518,109,109,98.6,99.15,84215
SJVN,20200518,21.1,21.15,20.6,20.65,689132
SKFINDIA,20200518,1454.65,1462,1432.2,1444.4,15614
SKIL,20200518,4.45,4.5,4.25,4.25,544
SKIPPER,20200518,25.05,25.8,23.35,23.6,141476
SKMEGGPROD,20200518,32,32,29.05,30,11018
SMARTLINK,20200518,63.3,67,62.75,63.9,2139
SMLISUZU,20200518,361.45,361.45,337,340.35,18984
SMSLIFE,20200518,242.85,242.85,220.55,223.45,3472
SMSPHARMA,20200518,39.4,39.9,37.7,37.75,51153
SNOWMAN,20200518,27.4,27.5,25.5,25.75,220934
SOBHA,20200518,206,210,199.05,199.75,212669
SOLARA,20200518,473.7,476,450,466.85,36321
SOLARINDS,20200518,894.95,920,855,867.15,20931
SOMANYCERA,20200518,90.4,90.4,87.4,87.85,36170
SOMATEX,20200518,1.8,1.8,1.8,1.8,1000
SOMICONVEY,20200518,12,12.5,11.8,12.5,411
SONATSOFTW,20200518,187.95,191.95,185,188.5,207987
SORILINFRA,20200518,51.9,51.9,47.75,47.85,20984
SOTL,20200518,622.15,654.25,615.05,617.5,697
SOUTHBANK,20200518,5.3,5.35,5.1,5.15,9765980
SOUTHWEST,20200518,20.6,20.6,19.5,19.5,26902
SPAL,20200518,67,67,61.5,62.05,17194
SPANDANA,20200518,518.7,518.7,479.4,479.4,17500
SPARC,20200518,132.75,132.9,122.1,125.7,434109
SPCENET,20200518,1.55,1.55,1.5,1.5,33000
SPECIALITY,20200518,27.65,28.45,26.05,26.5,36321
SPENCERS,20200518,78.65,78.65,72.05,73.55,1329636
SPENTEX,20200518,0.4,0.45,0.35,0.35,84233
SPIC,20200518,15.5,15.75,14.25,14.65,54816
SPICEJET,20200518,43.55,43.85,43.35,43.35,953921
SPLIL,20200518,20.75,20.75,19.75,20.05,10429
SPMLINFRA,20200518,7.5,7.85,7.15,7.3,10657
SPTL,20200518,1.35,1.4,1.3,1.3,1466140
SPYL,20200518,0.3,0.35,0.3,0.35,648740
SREEL,20200518,118,118,108.3,114,1065
SREINFRA,20200518,4.1,4.1,3.8,3.85,1343961
SRF,20200518,3590,3590,3397,3423.2,158874
SRHHYPOLTD,20200518,99.1,100,93.5,94.3,2742
SRIPIPES,20200518,131.6,131.85,126,128.5,34054
SRTRANSFIN,20200518,643,644.4,573.6,576.15,7038525
SSWL,20200518,359.65,359.7,339.7,342.65,1834
STAMPEDE,20200518,0.35,0.35,0.3,0.3,95183
STAR,20200518,419,419.5,397.1,401.25,531752
STARCEMENT,20200518,73.25,73.25,69.25,69.8,33905
STARPAPER,20200518,94.55,94.55,88.35,88.8,80980
STCINDIA,20200518,36.5,37.8,36,37,4691
STEELCITY,20200518,19,19.6,18.15,18.5,1773
STEELXIND,20200518,12.4,12.4,12.15,12.35,8470
STEL,20200518,47.05,47.15,44,44.15,1939
STERTOOLS,20200518,132.9,132.9,121.35,122.55,7714
STINDIA,20200518,5.75,5.95,5.5,5.5,1535
STRTECH,20200518,100.75,101.4,94.1,95.05,1375068
SUBEX,20200518,4.9,4.9,4.9,4.9,144384
SUBROS,20200518,162.9,163.85,151.5,152.1,46529
SUDARSCHEM,20200518,389.8,389.8,367.1,369.65,474054
SUJANAUNI,20200518,0.55,0.55,0.55,0.55,285901
SUMEETINDS,20200518,1.45,1.45,1.35,1.35,15125
SUMICHEM,20200518,233.85,233.85,223.25,227.85,179445
SUMIT,20200518,11.7,12.1,11.15,11.15,1690
SUMMITSEC,20200518,293,300,284.8,285.65,1015
SUNCLAYLTD,20200518,1410,1410,1313,1318.55,850
SUNDARAM,20200518,1.15,1.15,1.1,1.1,411839
SUNDARMFIN,20200518,1195.3,1225,1191.5,1204.5,627622
SUNDARMHLD,20200518,44,44.7,43.2,43.95,9951
SUNDRMBRAK,20200518,160.25,164,158.05,160.2,950
SUNDRMFAST,20200518,297,297,280,287.45,68033
SUNFLAG,20200518,28.25,28.3,26.4,26.75,112337
SUNPHARMA,20200518,447,454.6,434.25,440.7,9067512
SUNTECK,20200518,164.25,164.75,150.1,157.5,208617
SUNTV,20200518,388.8,389,355.5,358.05,2097752
SUPERHOUSE,20200518,65.95,66.25,63.4,63.7,9184
SUPERSPIN,20200518,3.4,3.4,3.15,3.4,15338
SUPPETRO,20200518,152,152,147.45,149.15,61093
SUPRAJIT,20200518,115.2,116.5,111,111.8,68980
SUPREMEIND,20200518,918,918,876.05,882.5,36123
SURANASOL,20200518,5.3,5.45,5.3,5.35,9163
SURANAT&P,20200518,3.2,3.2,3,3.05,22899
SURYALAXMI,20200518,16.1,16.15,15.3,15.7,11056
SURYAROSNI,20200518,84.9,84.9,78.95,79.3,35870
SUTLEJTEX,20200518,19.7,20.9,19.7,20.15,5648
SUVEN,20200518,37.75,37.75,35.55,35.55,286610
SUVENPHAR,20200518,327,329.15,305,307.7,98233
SUZLON,20200518,2.6,2.65,2.5,2.5,5895395
SWANENERGY,20200518,100.85,101.75,100,100.3,67627
SWARAJENG,20200518,1047,1050,1001,1014.25,2130
SWELECTES,20200518,85,85.05,77,78.1,5290
SWSOLAR,20200518,123.2,123.2,123.2,123.2,790579
SYMPHONY,20200518,808.8,808.8,763.05,767.05,24159
SYNCOM,20200518,1.7,1.7,1.7,1.7,31571
SYNGENE,20200518,340,341.5,331.45,335.4,267750
TAINWALCHM,20200518,36.55,37.75,35.8,36.2,599
TAJGVK,20200518,127.05,127.1,120.25,120.65,52629
TAKE,20200518,54,54.8,51.6,51.8,29558
TALBROAUTO,20200518,78.7,78.7,73.05,73.85,7209
TANLA,20200518,65.8,65.8,63.55,64.65,116150
TANTIACONS,20200518,2.4,2.4,2.4,2.4,913
TARMAT,20200518,20.4,20.4,19.35,19.9,691
TASTYBITE,20200518,9730,9730,9250,9289.55,3568
TATACHEM,20200518,294,294,274.1,276.35,1652566
TATACOFFEE,20200518,72.8,72.9,69.25,70.15,389520
TATACOMM,20200518,452.05,467,440,447.45,42254
TATACONSUM,20200518,351.2,355.8,343.4,347.1,4181455
TATAELXSI,20200518,780,784.65,759,763.2,215961
TATAINVEST,20200518,678,685,658.45,663.35,14204
TATAMETALI,20200518,437,437,409.8,412.35,13969
TATAMOTORS,20200518,84.5,84.5,79.6,80.65,44221575
TATAMTRDVR,20200518,35.2,35.4,33.4,33.75,3116753
TATAPOWER,20200518,31.95,32.1,30.25,31.3,33654822
TATASTEEL,20200518,274.1,276.2,262.45,266.6,11616080
TATASTLBSL,20200518,17.1,17.1,16.1,16.3,1754361
TATASTLLP,20200518,224.05,226.25,215.05,216.15,12470
TBZ,20200518,21.7,21.7,20.4,20.6,44147
TCI,20200518,154.8,155,150,152.2,29737
TCIDEVELOP,20200518,325.25,339.75,309,317.85,1460
TCIEXP,20200518,605,606.95,553.15,567,49620
TCIFINANCE,20200518,5.5,5.5,5.35,5.35,4385
TCNSBRANDS,20200518,369.9,369.9,356.25,359.75,1315
TCPLPACK,20200518,215,226.95,215,217.25,5844
TCS,20200518,1907,1952.95,1872.1,1945.6,3727896
TDPOWERSYS,20200518,82,82,75.05,78.05,14363
TEAMLEASE,20200518,1515,1515,1420,1484.8,6859
TECHIN,20200518,1.7,1.7,1.7,1.7,27
TECHM,20200518,511.5,515,501.5,504.05,3283983
TECHNOE,20200518,199.7,199.7,180,181.05,3220
TECHNOFAB,20200518,5.45,5.65,5.15,5.25,18164
TEJASNET,20200518,33.3,33.3,31.2,31.7,203258
TERASOFT,20200518,19.2,19.2,17.5,17.8,10707
TEXINFRA,20200518,35.35,35.35,32.6,32.7,4854
TEXMOPIPES,20200518,9.65,10.5,9.65,10.2,18944
TEXRAIL,20200518,23.2,23.2,20.4,21.5,219618
TFCILTD,20200518,32.1,33.15,30,30.35,141889
TFL,20200518,2.55,2.55,2.45,2.45,1001
TGBHOTELS,20200518,2.2,2.2,2.2,2.2,150
THANGAMAYL,20200518,236,241.5,227,229.75,2046
THEINVEST,20200518,98.5,99.7,92.45,97.9,2980
THEMISMED,20200518,301,314,298.3,310,739
THERMAX,20200518,700.1,708.1,692,700.1,292742
THOMASCOOK,20200518,24.9,24.95,23.05,23.05,180197
THYROCARE,20200518,517.4,523,499.1,503.2,182051
TI,20200518,18.4,18.4,17.5,17.6,31230
TIDEWATER,20200518,3484,3484,3401,3406.45,916
TIIL,20200518,201,203.95,194.1,199.55,1439
TIINDIA,20200518,335,342.45,315.05,317.6,39575
TIJARIA,20200518,5.65,5.65,5.5,5.6,2860
TIL,20200518,121.15,121.55,119.1,120.1,2081
TIMESGTY,20200518,18.65,19.5,18.65,18.65,323
TIMETECHNO,20200518,30.8,30.8,28.2,29.05,87696
TIMKEN,20200518,802,802,754.45,773.05,19498
TINPLATE,20200518,82.7,82.95,78.4,79.45,93113
TIPSINDLTD,20200518,98.35,98.35,93.15,93.95,2643
TIRUMALCHM,20200518,42.35,42.35,39.6,40.2,116165
TITAN,20200518,841.5,845,810,817.3,4634794
TMRVL,20200518,7.05,7.35,6.7,6.9,99303
TNPETRO,20200518,29.55,30.3,28.4,28.65,51177
TNPL,20200518,93.85,93.85,88.6,89.05,173619
TNTELE,20200518,1.3,1.35,1.3,1.3,493
TOKYOPLAST,20200518,61.05,61.1,58.15,59.8,6643
TORNTPHARM,20200518,2470,2529.65,2466,2497.25,991837
TORNTPOWER,20200518,304.6,306.3,294.35,296.65,1100275
TOUCHWOOD,20200518,50.5,50.5,43.95,47.9,7509
TPLPLASTEH,20200518,86.85,86.85,82,83.05,636
TREEHOUSE,20200518,3.95,4.05,3.9,4,7819
TREJHARA,20200518,5.35,5.35,5.15,5.25,10800
TRENT,20200518,439,439.85,405.85,414.5,381082
TRF,20200518,65.6,67.4,64.05,64.15,9726
TRIDENT,20200518,4.95,5,4.8,4.8,6094537
TRIGYN,20200518,28.45,28.95,26.95,27.2,16225
TRIL,20200518,6.85,6.95,6.35,6.45,62853
TRITURBINE,20200518,65.2,66.9,60.2,61.55,22416
TRIVENI,20200518,37.95,38.4,35.8,36.15,95626
TTKHLTCARE,20200518,459.9,459.9,415.05,420.9,882
TTKPRESTIG,20200518,4839.95,4839.95,4705.1,4717.5,2657
TTL,20200518,28.2,28.5,26.95,27.05,10556
TTML,20200518,2.65,2.7,2.5,2.5,618647
TV18BRDCST,20200518,21.5,23.1,21.15,21.85,8385397
TVSELECT,20200518,71.9,71.9,67.2,68.05,12197
TVSMOTOR,20200518,341,341,302.5,305.8,4232380
TVSSRICHAK,20200518,1072.3,1072.3,1010,1017.3,2661
TVTODAY,20200518,178,178,167.2,169.45,34993
TVVISION,20200518,1.2,1.3,1.2,1.25,17327
TWL,20200518,31.85,32.1,30.1,30.1,80565
UBL,20200518,922,928,875.5,880.9,560608
UCALFUEL,20200518,95.7,96.4,91.65,91.85,10252
UCOBANK,20200518,11.8,11.85,11.2,11.25,604130
UFLEX,20200518,170,171.65,165.2,168.05,38333
UFO,20200518,68.7,69.45,65.1,65.5,49906
UGARSUGAR,20200518,12.2,12.2,11.75,11.85,66125
UJAAS,20200518,3.7,3.7,3.4,3.55,288667
UJJIVAN,20200518,170,170,151.5,153.6,6787311
UJJIVANSFB,20200518,27.3,27.5,25.6,26.15,919500
ULTRACEMCO,20200518,3584.4,3588.85,3281.1,3307.8,817697
UMANGDAIRY,20200518,38,39.25,37.1,37.3,12129
UMESLTD,20200518,0.7,0.8,0.7,0.7,83876
UNICHEMLAB,20200518,133.3,133.3,124,125,45050
UNIENTER,20200518,48,49.9,46.6,47.35,6972
UNIONBANK,20200518,24.7,24.7,23.2,23.6,4069992
UNIPLY,20200518,6.7,6.7,6.45,6.45,68818
UNITEDTEA,20200518,211,222,205.95,219.65,496
UNIVCABLES,20200518,96.4,96.4,89.45,89.45,17700
UNIVPHOTO,20200518,90,93.4,89,90.85,4016
UPL,20200518,381.4,384.7,365.4,375.8,5496993
URJA,20200518,1.9,1.9,1.9,1.9,774099
USHAMART,20200518,14.6,14.6,13.85,14,117241
UTINEXT50,20200518,252.05,274.9,235,245.55,4210
UTINIFTETF,20200518,965.02,970,940,945.25,5262
UTISENSETF,20200518,342.49,345,323.45,332.45,4563
UTISXN50,20200518,306.32,306.32,245.51,260,267
UTTAMSTL,20200518,5.7,5.85,5.45,5.7,93807
UTTAMSUGAR,20200518,58,58.05,54.65,55.15,14064
UVSL,20200518,0.15,0.25,0.15,0.25,92480802
V2RETAIL,20200518,58.95,58.95,56.05,56.05,48998
VADILALIND,20200518,525.05,530,502,507.4,2716
VAIBHAVGBL,20200518,1011.05,1015,985,989.35,7503
VAISHALI,20200518,47.7,47.7,46,46.95,4286
VAKRANGEE,20200518,26,26.8,25.6,26.45,1795672
VARDHACRLC,20200518,27.9,27.9,27,27.2,3759
VARDMNPOLY,20200518,3,3,2.8,2.8,2060
VARROC,20200518,137.9,138.65,130,130.45,82571
VASCONEQ,20200518,8.2,8.2,7.5,7.5,119737
VASWANI,20200518,3.05,3.05,3.05,3.05,664
VBL,20200518,632.15,636.9,611,626.7,140280
VEDL,20200518,93.95,95.65,90.1,92.5,88008676
VENKEYS,20200518,1050,1055.6,992,1003.8,28683
VENUSREM,20200518,48.1,48.1,48.1,48.1,378
VERTOZ,20200518,75.75,76,73.05,74.8,25809
VESUVIUS,20200518,873.95,886.75,836.05,875.85,4143
VETO,20200518,34.65,34.65,33,33,3796
VGUARD,20200518,178.45,180,171.25,172.65,213333
VHL,20200518,986,1005.5,975.8,1003.4,110
VICEROY,20200518,2.3,2.3,2.3,2.3,59788
VIDHIING,20200518,58.25,58.8,57.5,57.5,11142
VIJIFIN,20200518,0.45,0.45,0.35,0.4,83599
VIKASECO,20200518,2.6,2.6,2.6,2.6,77235
VIKASMCORP,20200518,2.1,2.1,2.1,2.1,21399
VIKASPROP,20200518,3.25,3.25,3.15,3.25,20259630
VIKASWSP,20200518,4.45,4.45,3.95,3.95,2164308
VIMTALABS,20200518,72,72,67.5,67.85,18718
VINATIORGA,20200518,969.85,969.85,922,939,102583
VINDHYATEL,20200518,544.5,548.05,512.9,513.65,7035
VINYLINDIA,20200518,62.55,77.4,60.5,75.7,881316
VIPCLOTHNG,20200518,5.65,5.9,5.6,5.7,13629
VIPIND,20200518,219,224.9,213.1,217.35,465254
VIPULLTD,20200518,15.6,16.35,15.6,16.3,2671
VISAKAIND,20200518,173.2,173.2,161.25,163.8,21055
VISASTEEL,20200518,3.75,3.95,3.75,3.85,5221
VISHAL,20200518,209.4,218,209.4,218,204
VISHNU,20200518,123.95,123.95,117,117.2,2982
VISHWARAJ,20200518,65,65.85,62,63.05,5110
VIVIDHA,20200518,0.2,0.2,0.15,0.2,18701
VIVIMEDLAB,20200518,11.4,11.4,10.8,10.8,18663
VLSFINANCE,20200518,35.2,35.75,33.05,34.3,9983
VMART,20200518,1610,1640.85,1510.55,1563.3,15320
VOLTAMP,20200518,871.35,879.35,859.8,866.65,8373
VOLTAS,20200518,463.5,463.95,438.25,441.55,2151407
VRLLOG,20200518,155.95,155.95,146.25,147.2,42169
VSSL,20200518,44.8,44.8,42.25,43.2,4443
VSTIND,20200518,2904,2969.95,2861,2882.2,16939
VSTTILLERS,20200518,906.15,924.85,891,895.45,4380
VTL,20200518,639.8,639.8,612.25,629.65,15849
WABAG,20200518,105,105.8,97.1,97.55,135645
WABCOINDIA,20200518,6640,6835.1,6612,6810.6,80524
WALCHANNAG,20200518,36.3,36.3,36.3,36.3,66947
WANBURY,20200518,17.5,18.9,17.5,17.6,11060
WATERBASE,20200518,100,100.85,91.1,93.45,295878
WEBELSOLAR,20200518,15.1,15.1,13.9,14.2,12510
WEIZMANIND,20200518,22.1,23.45,21.85,21.9,3862
WELCORP,20200518,60.3,60.7,57.35,57.35,380683
WELENT,20200518,61.5,61.5,57.05,59.05,150590
WELINV,20200518,138.55,147.65,138.5,138.5,55
WELSPUNIND,20200518,28.2,28.3,26.05,26.15,594456
WENDT,20200518,1997.05,2001,1970,1980,304
WESTLIFE,20200518,285.05,295,271.35,289.6,308714
WHEELS,20200518,385.85,393.9,369,371.6,1492
WHIRLPOOL,20200518,1945,1949.85,1830.15,1854.65,56810
WILLAMAGOR,20200518,13.75,13.8,12.7,12.8,1348
WINDMACHIN,20200518,12.5,12.5,11.4,11.8,1397
WIPRO,20200518,182.05,185,179.6,182.2,7227687
WOCKPHARMA,20200518,226.5,229.75,218.45,218.8,261997
WONDERLA,20200518,113.8,114.2,109,109.5,65867
WSI,20200518,1.05,1.05,1,1,6927
WSTCSTPAPR,20200518,137.3,137.3,128.1,129.5,16848
XCHANGING,20200518,37.3,37.3,35,35.45,21923
XELPMOC,20200518,49.3,49.35,47.05,47.15,1875
XPROINDIA,20200518,18,18,16.6,16.75,2002
YESBANK,20200518,28.65,28.65,26.8,27.55,20466695
ZEEL,20200518,163.5,164.3,148.05,149.5,23890131
ZEELEARN,20200518,13.15,13.15,11.7,12.4,328336
ZEEMEDIA,20200518,5.45,5.55,5.2,5.45,339094
ZENITHBIR,20200518,0.35,0.4,0.3,0.35,154505
ZENITHEXPO,20200518,39,39,37.85,37.85,247
ZENSARTECH,20200518,90.35,91.55,84,85.55,496859
ZENTEC,20200518,34.3,36.1,34.15,36.1,231021
ZICOM,20200518,1.25,1.25,1.25,1.25,16375
ZODIACLOTH,20200518,104.25,115,104.2,106.3,1090
ZODJRDMKJ,20200518,24.35,24.7,21.5,23.5,897
ZOTA,20200518,139.35,139.95,135,137.45,5703
ZUARI,20200518,80,82.5,79.25,79.25,4147
ZUARIGLOB,20200518,42,42.8,39,39.2,13737
ZYDUSWELL,20200518,1235.4,1249,1184.1,1188.25,20277
NSENIFTY,20200518,9158.30,9158.30,8806.75,8823.25,772983297,0
NIFTYJUNIOR,20200518,23186.50,23191.85,22365.30,22447.40,665648203,0
NIFTYMIDCAPLIQ15,20200518,3110.95,3111.25,2918.10,2927.10,149456423,0
NSE100,20200518,9339.90,9340.00,8988.95,9004.40,1441748253,0
NIFTY200,20200518,4763.15,4763.20,4578.20,4585.70,2002909218,0
NSE500,20200518,7522.45,7522.50,7234.45,7245.25,2235846866,0
NSEMIDCAP150,20200518,4967.00,4967.45,4747.75,4753.85,572536760,0
MIDCAP50,20200518,3631.00,3631.35,3424.20,3430.80,527518347,0
NSEMIDCAP,20200518,13041.50,13041.50,12389.50,12409.35,561160965,0
NSESMLCAP100,20200518,3945.75,3950.65,3785.15,3804.90,-,0
NIFTYLARGEMIDCAP250,20200518,-,-,-,4495.32,2014285013,0
NIFTYAUTO,20200518,5747.50,5752.15,5411.95,5430.05,142416404,0
BANKNIFTY,20200518,18795.10,18795.10,17514.20,17573.20,434763906,0
NIFTYFINSERVICE,20200518,9275.40,9275.65,8654.00,8675.40,356525441,0
NIFTYFMGC,20200518,27057.50,27092.50,26653.95,26694.65,59539266,0
NSEIT,20200518,13278.25,13408.80,13109.95,13314.40,35386297,0
NIFTYMEDIA,20200518,1133.85,1135.65,1053.25,1060.35,49470394,0
NIFTYMETAL,20200518,1746.20,1746.40,1667.80,1673.50,216301436,0
NIFTYPHARMA,20200518,9097.60,9201.45,8999.85,9092.65,61511159,0
NIFTYPVTBANK,20200518,10293.40,10293.40,9569.95,9603.20,294752011,0
NIFTYPSUBANK,20200518,1187.15,1187.35,1108.75,1116.05,167225078,0
NIFTYREALTY,20200518,172.20,172.60,162.60,163.30,11094332,0
NIFTYCOMMODITIES,20200518,2563.30,2563.30,2449.40,2453.85,361899302,0
NIFTYCONSUMPTION,20200518,4325.40,4329.55,4193.95,4200.70,175508976,0
NIFTYCPSE,20200518,1339.60,1339.60,1278.80,1283.05,131093956,0
NIFTYENERGY,20200518,12672.50,12672.50,12189.25,12214.55,159336474,0
NIFTY100ESG,20200518,-,-,-,1733.03,1203451401,0
NIFTY100ENHESG,20200518,-,-,-,1742.00,1181625854,0
NIFTYINFRA,20200518,2738.65,2738.65,2618.60,2624.90,283859035,0
NIFTYMNC,20200518,12097.05,12106.85,11735.75,11753.85,518957534,0
NIFTYPSE,20200518,2273.60,2273.60,2153.75,2158.30,318261740,0
NIFTYSMEEMERGE,20200518,-,-,-,1084.65,452580,0
NIFTYSERVSECTOR,20200518,12174.80,12174.85,11618.55,11641.65,542819447,0
NIFTYSHARIAH25,20200518,-,-,-,3716.63,126403605,0
NIFTY50SHARIAH,20200518,-,-,-,2189.01,124758325,0
NIFTY500SHARIAH,20200518,-,-,-,2575.95,445079822,0
NIFTYABGROUP,20200518,-,-,-,2011.98,369968742,0
NIFTYMAHINDRA,20200518,-,-,-,6358.80,37988730,0
NIFTYTATA,20200518,-,-,-,5760.43,110796615,0
NIFTYTATA25CAP,20200518,-,-,-,3465.21,106664066,0
NIFTYABGROUP,20200518,-,-,-,2011.98,369968742,0
NIFTYLIQ15,20200518,2311.85,2311.85,2181.75,2187.95,416804775,0
NIFTY500VALUE50,20200518,-,-,-,2428.11,521633835,0
NIFTYALPHALOWVOL30,20200518,-,-,-,9721.74,294299285,0
NIFTYQUALLOWVOL30,20200518,-,-,-,7051.75,151604512,0
NIFTYALPHAQUALLOWVOL30,20200518,-,-,-,8100.59,194284440,0
NIFTYALPHAQUALVALLOWVOL30,20200518,-,-,-,6264.87,218052776,0
NIFTY50EQUALWEIGHT,20200518,9453.30,9453.30,9102.15,9116.35,772983297,0
NIFTY100EQUALWEIGHT,20200518,10441.60,10441.85,10049.40,10066.90,1441748253,0
NIFTY100LOWVOL30,20200518,7546.90,7547.85,7357.35,7367.00,237597277,0
NSEDEFTY,20200518,-,-,-,4027.15,-,0
NIFTY50DIVPOINT,20200518,1.83,1.83,1.83,1.83,-,0
NIFTYDIVOPPS50,20200518,2023.90,2024.00,1971.10,1976.10,473467872,0
NIFTYALPHA50,20200518,11389.70,11395.00,10984.65,11039.25,263953328,0
NIFTY50ARBITRAGE,20200518,-,-,-,1906.45,-,0
NIFTY50FUTINDEX,20200518,-,-,-,2939.52,-,0
NIFTY50FUTTRINDEX,20200518,-,-,-,8996.58,-,0
NIFTYHIGHBETA50,20200518,-,-,-,777.10,1288621343,0
NIFTYLOWVOL50,20200518,-,-,-,9214.23,250862642,0
NIFTY50VALUE20,20200518,4502.70,4502.70,4410.80,4435.15,302488000,0
NIFTYGROWSECT15,20200518,4549.35,4551.05,4338.50,4345.90,190529333,0
NIFTY50TR2XLEV,20200518,3546.60,3546.60,3275.45,3287.65,-,0
NIFTY50PR2XLEV,20200518,2708.35,2708.35,2501.30,2510.55,-,0
NIFTY50TR1XINV,20200518,419.60,435.75,419.60,435.00,-,0
NIFTY50PR1XINV,20200518,479.85,498.30,479.85,497.45,-,0
NIFTY-GS-COMPSITE,20200518,2196.33,2199.84,2196.33,2199.69,-,0
NIFTY-GS-4-8YR,20200518,2291.03,2293.95,2290.98,2293.95,-,0
NIFTY-GS-8-13YR,20200518,2158.08,2162.23,2158.08,2161.81,-,0
NIFTY-GS-10YR,20200518,1977.07,1982.81,1977.07,1981.29,-,0
NIFTY-GS-10YR-CLN,20200518,975.68,978.53,975.68,977.78,-,0
NIFTY-GS-11-15YR,20200518,2319.55,2328.31,2319.55,2327.17,-,0
NIFTY-GS-15YRPLUS,20200518,2526.22,2528.86,2524.17,2524.18,-,0
VIX,20200518,38.02,41.25,27.94,40.92,0,0
