20MICRONS,20200702,34.25,34.25,31.15,32.5,80877
21STCENMGM,20200702,11.1,11.1,10.9,11.05,2755
3IINFOTECH,20200702,2.9,2.9,2.7,2.7,21099048
3MINDIA,20200702,18787.4,18843.95,18600,18647.1,12208
3PLAND,20200702,6.4,6.75,6.4,6.75,550
5PAISA,20200702,227,235.55,217.1,230.8,24784
63MOONS,20200702,74.95,76.85,74.1,75.15,13858
A2ZINFRA,20200702,5.7,5.7,5.3,5.6,336708
AARTIDRUGS,20200702,1279.65,1289,1240,1259.1,41219
AARTIIND,20200702,936,936,925.05,927.45,186997
AARVEEDEN,20200702,11.85,11.85,10.8,11.5,4850
AARVI,20200702,32.9,32.9,32.9,32.9,1250
AAVAS,20200702,1325,1350,1295,1304.4,19995
ABAN,20200702,30.1,30.1,30.1,30.1,34978
ABB,20200702,966,979,955.1,963.4,161482
ABBOTINDIA,20200702,15750,15928.95,15749.95,15798.7,7440
ABCAPITAL,20200702,64.85,68.45,64.4,67.45,8263397
ABFRL,20200702,125.1,125.1,122.3,122.75,1070272
ABMINTLTD,20200702,13,13,13,13,39
ABSLBANETF,20200702,214,228.32,214,220.76,227
ABSLNN50ET,20200702,255.05,266.97,255.05,266.87,62
ACC,20200702,1329.8,1340,1318.25,1328.85,1008548
ACCELYA,20200702,920.45,939,920.1,928.85,77085
ACE,20200702,54.7,61.5,54.55,58.8,1604202
ADANIENT,20200702,159.8,160.95,156.15,158.2,2152710
ADANIGAS,20200702,160.8,167.1,160,163.85,2937411
ADANIGREEN,20200702,323.95,357.95,323.95,357.95,3295011
ADANIPORTS,20200702,346,349.6,344.9,346.8,1204040
ADANIPOWER,20200702,36.1,36.25,35.65,35.8,2674918
ADANITRANS,20200702,265.3,271.9,264.05,265.55,288796
ADFFOODS,20200702,310,311.85,293.5,296.4,54512
ADHUNIKIND,20200702,21.85,21.85,21.85,21.85,12865
ADORWELD,20200702,259.45,279,257.1,272.65,174091
ADROITINFO,20200702,7.7,8.1,7.55,7.75,25503
ADSL,20200702,16.9,17.35,16.1,17.1,52670
ADVANIHOTR,20200702,44,45.5,44,45.35,6224
ADVENZYMES,20200702,172.05,175.75,171,171.7,77526
AEGISCHEM,20200702,175.95,178,170.55,171.1,379794
AFFLE,20200702,1455.65,1470,1448,1451.75,19991
AGARIND,20200702,78,78,75.6,76.85,38828
AGCNET,20200702,306,316.45,295.55,311.9,10479
AGRITECH,20200702,35,35.75,33.3,34.7,8603
AGROPHOS,20200702,16.25,17.85,16.25,16.4,206695
AHLEAST,20200702,139,143.8,137.15,139.5,1459
AHLUCONT,20200702,215,215,205.25,209.75,17457
AHLWEST,20200702,273,273,248.25,252.5,872
AIAENG,20200702,1590,1647.85,1579.25,1640.8,40106
AIONJSW,20200702,14.25,14.3,13.9,14.15,19998
AIRAN,20200702,12.5,12.95,11.8,12.3,91168
AJANTPHARM,20200702,1417.5,1446,1417.5,1428.95,85124
AJMERA,20200702,84.45,84.85,82.15,83.2,50436
AKASH,20200702,88,94.1,88,94.1,14516
AKSHARCHEM,20200702,233,236.8,228.05,231.6,57310
AKSHOPTFBR,20200702,6.6,6.6,6.2,6.5,243299
AKZOINDIA,20200702,1811,1830,1799,1800.35,20632
ALANKIT,20200702,17.3,18.45,17.3,17.75,383978
ALBERTDAVD,20200702,407.5,418,407.5,413.65,35345
ALCHEM,20200702,5.95,5.95,5.95,5.95,15386
ALEMBICLTD,20200702,79.65,80.55,78.85,79.15,510680
ALICON,20200702,255.45,257.95,250,253.1,1222
ALKALI,20200702,44.95,48,44.3,45.75,15107
ALKEM,20200702,2344,2359.85,2325.1,2350.8,104336
ALKYLAMINE,20200702,2184,2187,2162,2171.35,32171
ALLCARGO,20200702,82.25,82.25,80.35,81.65,67426
ALLSEC,20200702,179.4,185.6,179.4,182.1,5144
ALMONDZ,20200702,11.1,12.2,11.1,11.6,4621
ALOKINDS,20200702,55.75,55.75,55.75,55.75,985753
ALPA,20200702,21.5,21.85,19.65,20.55,87745
ALPHAGEO,20200702,187,189.4,183.3,185.25,33353
ALPSINDUS,20200702,1.6,1.6,1.6,1.6,38619
AMARAJABAT,20200702,659.05,688,656.25,683.65,1424244
AMBER,20200702,1452,1465.45,1433.25,1440.4,26971
AMBIKCO,20200702,687.95,695,675,679.45,3144
AMBUJACEM,20200702,192.7,196.4,192.05,193.7,2693250
AMDIND,20200702,15.25,16,15.25,15.65,5217
AMJLAND,20200702,19.15,21.35,19.15,20.05,73509
AMRUTANJAN,20200702,360,366,360,361.55,65450
ANANTRAJ,20200702,23.3,24.05,22.9,24.05,269060
ANDHRACEMT,20200702,9.2,9.2,9.2,9.2,176952
ANDHRAPAP,20200702,246.8,248.7,235,236.35,354330
ANDHRSUGAR,20200702,264.8,264.8,253.2,255.65,71985
ANIKINDS,20200702,14.9,14.9,14.9,14.9,4770
ANKITMETAL,20200702,0.9,0.9,0.85,0.9,27335
ANSALAPI,20200702,4.5,4.5,4.25,4.25,78908
ANSALHSG,20200702,4.2,4.25,4.05,4.05,22843
ANUP,20200702,403.9,403.9,403.9,403.9,9820
APARINDS,20200702,330.05,336,324,329.55,11606
APCL,20200702,139.25,143.25,136,136.5,14800
APCOTEXIND,20200702,137.9,146.2,137,141.45,859416
APEX,20200702,255,262.25,254.6,257.4,184324
APLAPOLLO,20200702,1684,1791.9,1664,1767.4,269864
APLLTD,20200702,914,914.7,895,900.1,190233
APOLLO,20200702,104.95,104.95,102.05,102.35,72258
APOLLOHOSP,20200702,1330,1367.9,1326.25,1362.55,1095777
APOLLOPIPE,20200702,319.75,329.05,317.1,324.05,18813
APOLLOTYRE,20200702,110.25,111.7,110.05,110.85,4491579
APOLSINHOT,20200702,452.3,489.85,452.3,457.55,877
APTECHT,20200702,100.75,100.9,98.8,99.6,80754
ARCHIDPLY,20200702,22.6,27,22.6,25.8,215377
ARCHIES,20200702,14.45,14.45,13.6,13.9,97909
ARCOTECH,20200702,3.8,3.8,3.8,3.8,18554
ARENTERP,20200702,11.6,11.6,11.3,11.35,1549
ARIES,20200702,60.4,65.4,60.4,62.8,80841
ARIHANT,20200702,16.65,16.65,15.6,16.05,1681
ARIHANTSUP,20200702,26,27.9,25.95,26.6,1028
ARMANFIN,20200702,463.95,463.95,446.2,454.85,16005
AROGRANITE,20200702,28,28,25.4,27.1,10055
ARROWGREEN,20200702,45.1,45.1,43.25,43.45,2424
ARSHIYA,20200702,11.25,11.75,10.7,11.35,20877
ARSSINFRA,20200702,15.25,16.2,14.7,15.9,21273
ARTEMISMED,20200702,180.8,181.6,177,178,1757
ARVIND,20200702,33.35,33.35,32.6,32.7,851271
ARVINDF-RE,20200702,55,55.05,47.2,48.5,87396
ARVINDFASN,20200702,155,159.25,155,157.55,98260
ARVSMART,20200702,75.9,75.9,73.2,73.55,33656
ASAHIINDIA,20200702,175.9,177.25,173.5,174.7,35065
ASAHISONG,20200702,152,153,147.15,149.75,18259
ASAL,20200702,20.7,21,20,21,3040
ASALCBR,20200702,250,256,250,251.45,35317
ASHAPURMIN,20200702,48.6,48.6,47,47.6,117798
ASHIANA,20200702,61.45,61.75,56.5,61.75,48981
ASHIMASYN,20200702,6.65,6.65,6.05,6.15,46461
ASHOKA,20200702,63.6,64,62.35,62.75,1305668
ASHOKLEY,20200702,48.25,49.45,47.9,49.1,42265036
ASIANHOTNR,20200702,53.3,55,51.6,53.7,11396
ASIANPAINT,20200702,1700,1704,1660.1,1686.45,2038399
ASIANTILES,20200702,214.8,216.5,210.6,212.3,59326
ASPINWALL,20200702,121.35,139.9,121.25,124.6,7357
ASTEC,20200702,825.1,835,807.6,811.95,55360
ASTERDM,20200702,123,123,120.75,121.35,472291
ASTRAL,20200702,965,995,960.3,980.75,188054
ASTRAMICRO,20200702,109.5,114.8,106.3,111.55,2725450
ASTRAZEN,20200702,3590.25,3599,3480,3542.2,54883
ASTRON,20200702,41.05,42.55,40.65,40.75,50378
ATFL,20200702,524.25,536.15,521,527.15,3718
ATLANTA,20200702,10.6,10.6,10.15,10.6,46140
ATLASCYCLE,20200702,45.05,45.05,45.05,45.05,8424
ATUL,20200702,4550,4567,4500.05,4509.15,9773
ATULAUTO,20200702,168.65,170.55,167,167.75,83057
AUBANK,20200702,573.8,584,562.8,575.45,283658
AURIONPRO,20200702,51.8,54.3,49.05,50.2,36509
AUROPHARMA,20200702,782,792.5,772.2,779.85,2876442
AUSOMENT,20200702,29.2,32.6,29.2,31.45,10215
AUTOAXLES,20200702,575.2,588.95,572,581.1,9296
AUTOIND,20200702,19.85,20.45,18.95,19.35,8677
AUTOLITIND,20200702,17.15,17.6,16.55,17.55,13358
AVADHSUGAR,20200702,188.75,191.6,186,187.1,25343
AVANTIFEED,20200702,500,509.95,493.4,496.95,732647
AVTNPL,20200702,38.5,39.75,38,38.9,156043
AXISBANK,20200702,441,441.5,421.3,423.2,50362840
AXISCADES,20200702,56.35,56.35,56.35,56.35,10900
AXISGOLD,20200702,4242,4242,4198,4208.75,2339
AXISNIFTY,20200702,1199,1199,1117.01,1125.95,623
AYMSYNTEX,20200702,23.55,24.5,23.4,24,8333
BAGFILMS,20200702,2.65,2.85,2.65,2.85,338952
BAJAJ-AUTO,20200702,2857.9,2903.45,2837.1,2879.35,754915
BAJAJCON,20200702,146.15,148.4,145.75,146.6,313531
BAJAJELEC,20200702,394.5,394.5,386,389.1,133090
BAJAJFINSV,20200702,6199.95,6267,6112.65,6188.8,1529252
BAJAJHIND,20200702,6.65,6.95,6.65,6.7,10134768
BAJAJHLDNG,20200702,2610,2639,2570.8,2586.35,50667
BAJFINANCE,20200702,2980,3016,2925,2964.25,11619767
BALAJITELE,20200702,75.2,79.9,75.2,79.1,163834
BALAMINES,20200702,543,548.8,528.1,533.95,285917
BALAXI,20200702,128,128,122.15,127,1299
BALKRISHNA,20200702,17.25,17.25,17.25,17.25,724
BALKRISIND,20200702,1275,1284,1255,1278.2,509486
BALLARPUR,20200702,1.35,1.45,1.35,1.45,8865568
BALMLAWRIE,20200702,112.2,113,111.05,111.75,137116
BALPHARMA,20200702,43.65,43.65,40.55,42.4,16686
BALRAMCHIN,20200702,127.9,132,126.45,131.55,1254586
BANARBEADS,20200702,44,44.1,41,43.6,10636
BANARISUG,20200702,1027,1058,1027,1040,1631
BANCOINDIA,20200702,77.05,92.9,77.05,90.05,2906288
BANDHANBNK,20200702,330.85,355.75,329.15,346.25,28670333
BANG,20200702,19.25,19.3,18.1,18.75,5767
BANKBARODA,20200702,51.55,52.4,50.55,51.5,48639045
BANKBEES,20200702,222.99,224.66,220.52,221.51,1659984
BANKINDIA,20200702,50.6,50.8,49.5,49.95,2402349
BANSWRAS,20200702,77.45,78.9,77.1,78.6,6337
BASF,20200702,1191,1280,1186.15,1237.45,358581
BASML,20200702,106.9,106.9,97.6,101.75,9471
BATAINDIA,20200702,1291.3,1298.7,1273,1282.5,761943
BAYERCROP,20200702,6003,6260,6003,6202.15,35685
BBL,20200702,799,799,767.05,781.15,14153
BBTC,20200702,1048.9,1055,1025.1,1030.35,51349
BCG,20200702,8.15,8.95,8.15,8.9,5244478
BCP,20200702,5.15,5.25,5.05,5.05,1009025
BDL,20200702,318.95,338.9,317.5,334.65,868857
BEARDSELL,20200702,9,9.4,8.6,8.6,6206
BEDMUTHA,20200702,13.85,14.6,13.6,14.25,4817
BEL,20200702,89.95,90.5,88.5,89.05,9120739
BEML,20200702,648,648,633.75,641.35,572537
BEPL,20200702,49.5,53.4,49.15,51.3,2496136
BERGEPAINT,20200702,495.9,501.7,488.05,493.4,1113530
BFINVEST,20200702,309.15,314.6,302.3,305.6,25395
BFUTILITIE,20200702,207.9,211.6,196,198,310039
BGRENERGY,20200702,33.3,34.9,33,34.45,262452
BHAGERIA,20200702,119.9,119.9,116.35,118.15,55300
BHAGYANGR,20200702,18,18,16.7,17.5,14915
BHAGYAPROP,20200702,23,23,21.2,21.85,14693
BHANDARI,20200702,1.65,1.65,1.65,1.65,158247
BHARATFORG,20200702,337,342.1,331.55,334.4,1795803
BHARATGEAR,20200702,42.25,44.9,42.25,43.9,10205
BHARATRAS,20200702,7556,7795,7501.1,7668.2,4382
BHARATWIRE,20200702,22.4,23.45,22.3,23.2,25560
BHARTIARTL,20200702,564.8,567,557.6,558.45,13542472
BHEL,20200702,37,37.15,36.4,36.7,38221206
BIGBLOC,20200702,29.1,30.85,29.1,30.35,5804
BIL,20200702,142.6,148.6,139,143.65,3812
BILENERGY,20200702,1.25,1.25,1.25,1.25,660799
BINDALAGRO,20200702,13,13,12.4,12.55,30084
BIOCON,20200702,388.45,397.45,388.4,391.95,2877135
BIOFILCHEM,20200702,13.45,13.45,12.35,13.15,21830
BIRLACABLE,20200702,50.2,53.5,49.55,51.45,92248
BIRLACORPN,20200702,585,607.9,585,600.45,415891
BIRLAMONEY,20200702,33.7,35.5,33.7,34.25,120677
BIRLATYRE,20200702,50.6,50.6,50.6,50.6,41876
BKMINDST,20200702,1.6,1.6,1.6,1.6,123374
BLBLIMITED,20200702,6.05,6.05,5.75,5.9,17252
BLISSGVS,20200702,97.25,100,96.6,98.15,302250
BLKASHYAP,20200702,5.9,6,5.65,5.65,151610
BLS,20200702,66.5,66.5,59.35,60.55,73113
BLUECOAST,20200702,4.5,4.55,4.5,4.5,914
BLUEDART,20200702,2043.1,2043.1,2007,2011.25,7125
BLUESTARCO,20200702,497.5,503,496.5,499.7,507084
BODALCHEM,20200702,62,62.9,60.1,61.15,826548
BOMDYEING,20200702,73,75.2,72.2,73.1,2067839
BORORENEW,20200702,119.9,119.9,119.9,119.9,35399
BOSCHLTD,20200702,11340,11995,11329.8,11914.7,72622
BPCL,20200702,382.95,391.35,378.75,383.5,6592803
BPL,20200702,20.2,20.2,20.2,20.2,20577
BRFL,20200702,9.85,9.85,9.1,9.1,210620
BRIGADE,20200702,137,137.9,130.6,131.5,336947
BRITANNIA,20200702,3553,3567.65,3512.05,3535.1,422319
BRNL,20200702,36.7,37.15,36.2,36.8,14124
BROOKS,20200702,30,30.25,29.35,29.75,7451
BSE,20200702,476,478.85,465.35,473.55,272541
BSELINFRA,20200702,1.5,1.5,1.45,1.45,18106
BSL,20200702,25.05,26.35,25,25.3,10739
BSLGOLDETF,20200702,4465,4499.95,4417.05,4450,272
BSLNIFTY,20200702,112.99,114.53,112.32,113.44,124
BSOFT,20200702,88.05,91.4,88.05,90.8,987945
BURNPUR,20200702,2.3,2.3,2.3,2.3,27640
BUTTERFLY,20200702,135.2,141.75,134.2,136.05,221644
BVCL,20200702,13.3,13.95,13.3,13.8,837
BYKE,20200702,15.05,17.25,15.05,15.75,1460857
CADILAHC,20200702,350,366.9,350,363.15,5430089
CALSOFT,20200702,9.8,10,9.35,9.55,28226
CAMLINFINE,20200702,55.75,56.8,53.85,54.2,469815
CANBK,20200702,105.75,106.75,103.5,104.55,11795493
CANFINHOME,20200702,349.45,366.8,347.25,358.6,833878
CANTABIL,20200702,301,301.9,281.1,286.9,109953
CAPACITE,20200702,114.2,115.9,113,113.2,30041
CAPLIPOINT,20200702,349.9,357.7,334,338.25,847056
CAPTRUST,20200702,81.2,84.9,81,82.1,2446
CARBORUNIV,20200702,273,280,271,273.25,135732
CAREERP,20200702,136.55,146.9,135.25,141.6,19028
CARERATING,20200702,418,418,410,411.8,30626
CASTROLIND,20200702,124.15,124.45,123.35,123.85,583779
CCHHL,20200702,3.25,3.55,3.25,3.45,48040
CCL,20200702,241.8,241.8,235,238.2,95660
CDSL,20200702,277.75,279.5,273.6,274.85,337048
CEATLTD,20200702,910.1,924,910,918.5,97593
CEBBCO,20200702,14.8,14.9,14.3,14.9,242954
CELEBRITY,20200702,5.1,5.15,4.85,5,30537
CENTENKA,20200702,178.4,178.75,175.65,176.05,21787
CENTEXT,20200702,4.75,4.75,4.75,4.75,49414
CENTRALBK,20200702,18.05,18.2,17.75,17.8,1554698
CENTRUM,20200702,16.4,18,16.4,17.8,247802
CENTUM,20200702,310,325,295.15,298.9,43598
CENTURYPLY,20200702,119.45,120.55,117.8,118.9,310219
CENTURYTEX,20200702,305,307.95,298.1,299.4,852993
CERA,20200702,2175,2209.95,2161.05,2178.45,4654
CEREBRAINT,20200702,28.6,28.65,27.6,28.25,31822
CESC,20200702,640.5,650.95,631,636.1,324859
CESCVENT,20200702,182.75,182.75,174.55,175.9,43240
CGCL,20200702,172.95,176.35,167,175.35,151129
CGPOWER,20200702,9.35,9.35,9.35,9.35,242862
CHALET,20200702,132.9,134.65,130.05,131.95,165068
CHAMBLFERT,20200702,150,151.7,146.55,147.35,1096715
CHEMBOND,20200702,141,141,137,137.35,5166
CHEMFAB,20200702,128.6,139.95,128,134.1,14337
CHENNPETRO,20200702,77.75,82.5,77.55,80.35,1794538
CHOLAFIN,20200702,199.9,201.95,192.1,197.1,15051576
CHOLAHLDNG,20200702,305,306,301,302.3,11312
CHROMATIC,20200702,1.05,1.05,1.05,1.05,106432
CIGNITITEC,20200702,282.85,282.95,268.5,270.85,26421
CIMMCO,20200702,18.45,18.45,18.45,18.45,15462
CINELINE,20200702,23.8,25.45,23.8,24.55,33114
CINEVISTA,20200702,7.4,7.4,6.85,6.95,6539
CIPLA,20200702,630,654.45,626,646.2,6169883
CLEDUCATE,20200702,39.15,41.25,38.9,39.65,24770
CLNINDIA,20200702,478,495,468,471.75,717862
CMICABLES,20200702,32.55,34.95,31.75,34.95,118300
CNOVAPETRO,20200702,8.15,8.15,7.95,7.95,467
COALINDIA,20200702,134.05,135,132.8,133.6,7746561
COCHINSHIP,20200702,301.9,304.95,296.65,301.25,679109
COLPAL,20200702,1376.95,1389.15,1365.9,1375.95,569451
COMPINFO,20200702,12.05,12.6,12.05,12.2,102913
COMPUSOFT,20200702,8.85,9,8.45,8.8,53250
CONCOR,20200702,419.9,424.75,411.05,422.45,1156613
CONFIPET,20200702,19.7,21.4,19,19.9,800733
CONSOFINVT,20200702,32.2,32.2,30.3,31,1265
CONTROLPR,20200702,194,195.5,188.5,192.05,3614
CORALFINAC,20200702,27.05,27.05,27.05,27.05,13432
CORDSCABLE,20200702,39.5,39.9,38,38.3,43488
COROMANDEL,20200702,752.2,766.5,746,752.4,487233
COSMOFILMS,20200702,310.2,314.9,306,309.4,55126
COUNCODOS,20200702,1.65,1.65,1.65,1.65,35730
CPSEETF,20200702,17.6,17.85,17.57,17.71,596405
CREATIVE,20200702,76,77.45,73.5,73.9,554
CREATIVEYE,20200702,1.5,1.6,1.5,1.6,1200
CREDITACC,20200702,533.8,533.85,524,529.5,42255
CREST,20200702,70.9,70.9,67.05,67.4,1833
CRISIL,20200702,1663,1697.95,1663,1682.7,16580
CROMPTON,20200702,240.5,240.9,237.25,240.05,394558
CSBBANK,20200702,188.75,188.95,183.05,184.8,159066
CTE,20200702,24.3,24.3,22,22,19585
CUB,20200702,122.9,125.5,122.5,124.2,3108015
CUBEXTUB,20200702,10.95,11.8,10.9,11.4,9410
CUMMINSIND,20200702,401.65,405,394.05,397.8,446745
CUPID,20200702,222.7,222.9,208.1,210.35,189571
CYBERTECH,20200702,42.5,43.05,40.25,41.7,23971
CYIENT,20200702,282,283.35,273.05,274.2,602462
DAAWAT,20200702,42.3,43.75,41.9,43.25,3805584
DABUR,20200702,469.5,471.5,463.9,465.05,2370799
DALBHARAT,20200702,700,708.5,685,703.65,67777
DALMIASUG,20200702,107.5,108.65,107.3,108.05,97492
DAMODARIND,20200702,25.5,25.5,23.35,24.4,8214
DATAMATICS,20200702,49.85,49.95,48.1,48.7,12162
DBCORP,20200702,75.1,75.5,74.15,74.75,95296
DBL,20200702,295.3,297.4,279,285.65,601004
DBREALTY,20200702,7.1,7.15,6.8,6.95,428782
DBSTOCKBRO,20200702,9.8,10.3,9.8,10.25,4381
DCAL,20200702,125.8,129.8,124.75,126,280936
DCBBANK,20200702,79.7,81.65,79.35,80.65,3170057
DCM,20200702,19.35,19.35,18.2,18.55,5876
DCMFINSERV,20200702,1,1.05,1,1.05,2160
DCMNVL,20200702,32.75,32.75,28.55,29.8,21985
DCMSHRIRAM,20200702,322,323.9,315.3,316.95,149519
DCW,20200702,12.55,13.25,12.45,12.9,666163
DECCANCE,20200702,253.55,261.05,251,252.5,12047
DEEPAKFERT,20200702,117,117.4,112.55,113.85,1063377
DEEPAKNTR,20200702,484.1,487.9,478.75,481.35,428937
DEEPIND,20200702,75.85,88.8,75.6,81.05,527632
DELTACORP,20200702,91,93.3,89.15,90.35,1946315
DELTAMAGNT,20200702,25.6,25.6,25.6,25.6,3007
DEN,20200702,78.35,79.65,76,76.45,91570
DENORA,20200702,216,217.65,205.6,208,6469
DFMFOODS,20200702,181.9,182.45,178.3,181.05,25743
DGCONTENT,20200702,7,7,7,7,1638
DHAMPURSUG,20200702,130.8,131.95,126.6,128.2,866627
DHANBANK,20200702,14.3,14.65,14.1,14.2,864177
DHANUKA,20200702,742,746.8,730.85,737.65,130450
DHFL,20200702,16.05,16.2,15.5,16.2,1596060
DHUNINV,20200702,163.4,173.9,163.4,170.65,281
DIAMONDYD,20200702,615,618,597.05,599.5,19267
DICIND,20200702,334.7,340.5,325,330,18963
DIGISPICE,20200702,7.45,7.5,7.1,7.25,21788
DISHTV,20200702,8.5,8.5,8.5,8.5,1017673
DIVISLAB,20200702,2100,2242,2090.05,2196.65,4392566
DIXON,20200702,5988,5999,5831.3,5958,35779
DLF,20200702,151.2,154.1,150,152.85,5754433
DLINKINDIA,20200702,84.9,85,83.4,84.6,50979
DMART,20200702,2302,2325,2285,2295.5,412115
DOLAT,20200702,48.6,51.8,48,51,121084
DOLLAR,20200702,132.5,135.45,131,131.7,51032
DONEAR,20200702,28.8,29.9,28.55,29.1,14322
DPSCLTD,20200702,8.95,9.2,8.9,9.1,16286
DPWIRES,20200702,52.7,54.4,52.7,53,519
DQE,20200702,2,2,1.9,1.9,61146
DREDGECORP,20200702,251.9,275.05,251,272.2,611141
DRREDDY,20200702,3946,3979,3901,3920.55,742294
DSSL,20200702,24,25.5,24,24.6,2643
DTIL,20200702,162.3,162.45,156.95,160.3,6971
DUCON,20200702,4.6,4.8,4.45,4.5,72388
DVL,20200702,65.6,66,62.15,63.05,11313
DWARKESH,20200702,24.95,25.15,24.6,24.7,435998
DYNAMATECH,20200702,594,617.85,588,590.7,4329
DYNPRO,20200702,160,167,153.6,164.9,103065
EASTSILK,20200702,1.3,1.3,1.3,1.3,21000
EBANK,20200702,2370.7,2370.7,2060.01,2370.7,9
EBBETF0423,20200702,1071,1072.62,1070,1071.41,14110
EBBETF0430,20200702,1150,1150,1091.01,1092.01,80964
EBIXFOREX,20200702,439,439,403.6,408.7,2263
ECLERX,20200702,455,494.95,453.95,471.75,601994
EDELWEISS,20200702,56.75,62.65,56.75,60.5,5069852
EICHERMOT,20200702,18401.95,18548.95,17970,18353.6,276568
EIDPARRY,20200702,270.1,274,265.1,266,554312
EIHAHOTELS,20200702,246.05,255,240,243.5,8158
EIHOTEL,20200702,64.5,67.4,63.9,65.95,969947
EIMCOELECO,20200702,295.55,301.5,295.55,300,590
EKC,20200702,18.45,18.65,18,18.1,83063
ELECON,20200702,25.95,26,25.15,25.35,100482
ELECTCAST,20200702,14.25,14.9,14,14.25,269743
ELECTHERM,20200702,111.05,116.95,106.35,107.6,96566
ELGIEQUIP,20200702,145.95,146,142,143.35,53140
ELGIRUBCO,20200702,26.7,27,24.5,24.5,67956
EMAMILTD,20200702,228.3,229,219.1,224.6,3534420
EMAMIPAP,20200702,76.95,78.4,75.55,77.5,7082
EMAMIREAL,20200702,38.9,39.35,37.1,38.9,46268
EMKAY,20200702,45.1,48.85,45.1,48.85,12457
EMMBI,20200702,64.95,67.45,63,66.05,9034
ENDURANCE,20200702,879,885.05,856.2,860.6,85673
ENERGYDEV,20200702,8.55,8.55,8.55,8.55,11036
ENGINERSIN,20200702,77.45,78,74,74.95,3388648
ENIL,20200702,150.9,150.9,140.6,142.2,12935
EQ30,20200702,305,305,305,305,74
EQUITAS,20200702,52.1,55.35,51.95,54.8,26961547
ERIS,20200702,448.05,457.8,448,448.75,32747
EROSMEDIA,20200702,18,18.75,17.1,18,738489
ESABINDIA,20200702,1391.5,1443.25,1390,1417.55,5964
ESCORTS,20200702,1038.8,1051.15,1021.05,1040.75,2094600
ESSARSHPNG,20200702,8.15,8.15,7.8,8,23764
ESSELPACK,20200702,181.5,189.9,179.25,186.65,130026
ESTER,20200702,56.8,56.8,55.5,56.8,162462
EUROMULTI,20200702,1,1.05,1,1.05,2600
EUROTEXIND,20200702,9.05,9.05,9.05,9.05,1
EVEREADY,20200702,93.95,93.95,85.7,87,2182358
EVERESTIND,20200702,208.1,224.7,207.1,212.9,203190
EXCEL,20200702,1.05,1.1,1.05,1.1,34581
EXCELINDUS,20200702,755,772,732.1,735.65,61862
EXIDEIND,20200702,150.4,153.45,148.8,153.05,5888290
EXPLEOSOL,20200702,261.55,279.25,261.55,270.3,5034
FACT,20200702,49.45,49.95,48.5,48.7,187653
FAIRCHEM,20200702,597.85,597.85,580.2,589,49351
FCL,20200702,26.9,27.75,26.5,27.3,200064
FCONSUMER,20200702,15.05,16.4,15.05,15.05,28671234
FCSSOFT,20200702,0.65,0.65,0.65,0.65,2952978
FDC,20200702,276.25,282.1,266.3,269.8,525654
FEDERALBNK,20200702,53.7,54.25,53.25,53.55,27301242
FEL,20200702,15.45,16.5,15.45,16.45,3766769
FELDVR,20200702,16.35,18.05,16.35,17.9,388552
FIEMIND,20200702,418.15,428,402.5,407.85,271623
FILATEX,20200702,27.25,27.6,26.35,26.85,291456
FINCABLES,20200702,292,295,290.1,290.95,81430
FINEORG,20200702,1863,1899.45,1860,1867,20536
FINPIPE,20200702,499,505,495,496.7,14460
FLEXITUFF,20200702,8.6,8.6,8.6,8.6,3490
FLFL,20200702,163.45,163.45,161,163.45,845277
FLUOROCHEM,20200702,362,362,352.1,356.75,8187
FMGOETZE,20200702,375.15,395.95,375,389.75,1799
FMNL,20200702,25.3,27.9,25.3,27.85,321808
FORCEMOT,20200702,959.9,975.55,937,964.6,86969
FORTIS,20200702,124.5,131.75,123.1,128.3,7700160
FOSECOIND,20200702,1033,1035,1010,1016.45,837
FRETAIL,20200702,142,142,139.2,142,5166057
FSC,20200702,193.2,193.2,193.2,193.2,23859
FSL,20200702,36.55,37.15,36.15,36.55,1126087
GABRIEL,20200702,89.95,96.8,89.9,93.65,347938
GAEL,20200702,140.9,143,139.8,142,50753
GAIL,20200702,104.25,106,103.15,103.5,12609153
GAL,20200702,4.05,4.1,3.8,3.95,94327
GALAXYSURF,20200702,1579.9,1596,1530,1548.15,40624
GALLANTT,20200702,32.75,32.75,31.1,31.8,14015
GALLISPAT,20200702,30.4,31.9,27.65,29,155581
GAMMNINFRA,20200702,1.15,1.15,1.05,1.05,10594734
GANDHITUBE,20200702,192.45,196.75,192.15,193.05,3062
GANECOS,20200702,213.95,219.85,211,216.7,4453
GANESHHOUC,20200702,28.5,28.5,27.2,27.2,16190
GANGESSECU,20200702,32.4,34.9,31.2,32.9,1820
GARDENSILK,20200702,15.55,15.55,15.55,15.55,19838
GARFIBRES,20200702,1380,1430,1360.15,1395.85,42464
GATI,20200702,43.55,44.65,43,43.45,324864
GAYAHWS,20200702,0.45,0.45,0.4,0.4,1636408
GAYAPROJ,20200702,14.7,15.35,14.7,15.35,723280
GBGLOBAL,20200702,4.6,4.8,4.45,4.75,2572
GDL,20200702,84.7,88,84.7,86.05,69233
GEECEE,20200702,69.2,69.75,69,69,2108
GEEKAYWIRE,20200702,70,70.7,67.05,70.65,5407
GENESYS,20200702,39.5,39.5,39.5,39.5,2761
GENUSPAPER,20200702,6.8,7,6.5,6.5,400052
GENUSPOWER,20200702,23.85,24.65,23,23.75,446727
GEOJITFSL,20200702,36.3,37,35.2,36.4,512204
GEPIL,20200702,462,470,456.15,460.95,34199
GESHIP,20200702,210,213,207.5,212.15,347336
GET&D,20200702,74.1,76.95,74.1,76.95,42606
GFLLIMITED,20200702,103.3,104,100,101.5,25404
GFSTEELS,20200702,3.65,3.65,3.4,3.65,7013
GHCL,20200702,137.95,144.8,136.15,141.45,272709
GICHSGFIN,20200702,91.4,103,91.15,98.65,14040125
GICRE,20200702,152.95,156.45,150.85,152.5,324966
GILLANDERS,20200702,29.5,30.2,27.7,30.2,411
GILLETTE,20200702,5050,5394,5000,5192.5,81282
GINNIFILA,20200702,14.65,14.65,13.4,13.45,96895
GIPCL,20200702,72.85,73.5,71.5,71.65,161533
GISOLUTION,20200702,1.95,1.95,1.95,1.95,104
GKWLIMITED,20200702,493.9,493.9,462.3,469.7,45
GLAXO,20200702,1485,1489.9,1460,1466.25,19355
GLENMARK,20200702,433,442.2,428.1,435.25,6183769
GLOBALVECT,20200702,56.35,59.95,55.8,57.3,41471
GLOBOFFS,20200702,5.75,5.75,5.7,5.7,1766
GLOBUSSPR,20200702,128.75,129,124.75,125.7,71512
GMBREW,20200702,404.95,417.5,402.85,410,91354
GMDCLTD,20200702,40.3,42,40.3,40.7,1425959
GMMPFAUDLR,20200702,4223.95,4264.3,4170.05,4213.1,16114
GMRINFRA,20200702,20.55,21.4,20.4,21.1,15010513
GNA,20200702,191.3,197.8,188.8,189.6,141308
GNFC,20200702,156,157,153,153.95,423940
GOACARBON,20200702,217,232,213,223.75,143061
GOCLCORP,20200702,176.85,182,172.5,177.35,11971
GODFRYPHLP,20200702,986,993.85,980.35,983.7,53810
GODREJAGRO,20200702,437,438.5,429.8,435.4,69978
GODREJCP,20200702,696.1,700,687,696.9,890355
GODREJIND,20200702,409,409,395.85,400.6,84072
GODREJPROP,20200702,864.2,876.35,845.6,866.7,291524
GOKEX,20200702,40.65,40.65,38.5,39.35,121184
GOKUL,20200702,18.25,18.25,18.25,18.25,15659
GOKULAGRO,20200702,16.55,16.7,15.8,15.95,39261
GOLDBEES,20200702,42.75,42.75,42.08,42.24,9379991
GOLDENTOBC,20200702,27.35,27.35,26.2,26.55,4900
GOLDIAM,20200702,102.15,105.8,102.15,103.8,32660
GOLDSHARE,20200702,4424,4430.95,4389.05,4397.55,2404
GOLDTECH,20200702,8.45,9.35,8.4,8.95,35700
GOODLUCK,20200702,39.25,39.95,39.25,39.35,26420
GPIL,20200702,169.85,171.45,166.45,167.15,28068
GPPL,20200702,77.2,80.15,75.8,79.05,435655
GPTINFRA,20200702,24.5,24.7,24.1,24.35,30785
GRANULES,20200702,213.7,216.8,206.6,207.8,1841381
GRAPHITE,20200702,183.5,192.45,183.05,188.9,776024
GRASIM,20200702,614.95,631.55,614.95,617.95,2502223
GRAVITA,20200702,44.1,47.2,44.1,45.85,317333
GREAVESCOT,20200702,85,89.4,84.75,86.6,796833
GREENLAM,20200702,793.65,814.95,782.45,794.45,1656
GREENPANEL,20200702,37.5,40,37,38.2,41965
GREENPLY,20200702,86.5,89.65,85.75,88.15,229812
GREENPOWER,20200702,2.85,2.85,2.7,2.7,3630663
GRINDWELL,20200702,486,504.95,481.3,492.95,74951
GROBTEA,20200702,405,440.7,405,419.05,1819
GRPLTD,20200702,653.95,653.95,640.15,650,116
GRSE,20200702,216.75,224.8,215.45,217.4,380361
GSCLCEMENT,20200702,30.2,30.2,29.1,29.5,136511
GSFC,20200702,54.65,55.35,54.05,54.55,494464
GSPL,20200702,228.2,229.8,219.05,225.05,882229
GSS,20200702,26.55,26.95,25.6,26.3,18132
GTLINFRA,20200702,1.35,1.35,1.25,1.25,36944166
GTNIND,20200702,11.05,11.05,10.95,10.95,5277
GTNTEX,20200702,7,7,6.45,6.6,11443
GTPL,20200702,68,68,65.85,66.6,35595
GUFICBIO,20200702,75.6,79.7,75.05,77.5,106438
GUJALKALI,20200702,329,331.7,326.1,328,31567
GUJAPOLLO,20200702,184.3,184.3,176.05,180.15,7899
GUJGASLTD,20200702,328.4,328.8,317.35,321,1353124
GUJRAFFIA,20200702,14.05,14.75,13.35,13.35,2317
GULFOILLUB,20200702,588.9,588.9,571,575.8,14539
GULFPETRO,20200702,44.5,45.4,43.9,44.15,17290
GULPOLY,20200702,35.05,36.3,34.45,35.1,18134
GVKPIL,20200702,3.35,3.35,3.2,3.2,17948979
HAL,20200702,766,788.9,754.7,775.3,95740
HARITASEAT,20200702,361.05,374.95,358.3,362.2,1711
HARRMALAYA,20200702,73.55,74.7,72,73.35,79078
HATHWAY,20200702,33.4,33.5,32.1,32.65,930210
HATSUN,20200702,643,672.6,642,648.8,11014
HAVELLS,20200702,578,584.35,576.3,581.05,1335678
HAVISHA,20200702,0.85,0.85,0.75,0.85,337987
HBLPOWER,20200702,16.1,16.65,15.9,16.15,567160
HBSL,20200702,5.55,5.55,5.5,5.5,4734
HCC,20200702,6.25,6.4,6.05,6.2,5311394
HCG,20200702,122.05,122.9,121.1,121.65,56107
HCL-INSYS,20200702,11.8,11.8,11.1,11.8,1109346
HCLTECH,20200702,555,572.4,552.9,569.2,5243654
HDFC,20200702,1852.95,1899,1842.6,1889.45,6480519
HDFCAMC,20200702,2499,2529,2485,2516.45,428940
HDFCBANK,20200702,1090.3,1111.25,1085.2,1089.4,18477248
HDFCLIFE,20200702,549.5,552.5,545.7,547.95,1638118
HDFCMFGETF,20200702,4385,4385,4307.75,4326.85,13963
HDFCNIFETF,20200702,1097.04,1108.25,1097.04,1104.01,1695
HDFCSENETF,20200702,3730,3775.01,3725.01,3750,152
HEG,20200702,838.95,870,830.1,845.05,446229
HEIDELBERG,20200702,179.1,182.4,178.8,180.4,378463
HERCULES,20200702,81.7,82,76.95,77.5,219388
HERITGFOOD,20200702,264,267.65,256,260.55,18228
HEROMOTOCO,20200702,2550,2685,2550,2671.4,3353345
HESTERBIO,20200702,1213.15,1220.85,1200,1209.1,10510
HEXATRADEX,20200702,19.45,19.45,19.45,19.45,244782
HEXAWARE,20200702,333.85,340.8,332.25,335.95,924493
HFCL,20200702,16.25,16.3,15.65,15.9,4765238
HGINFRA,20200702,205,209,197.6,199.5,60433
HGS,20200702,650.3,659,650.1,654.8,15776
HIKAL,20200702,126.55,128.8,125.4,126.05,322343
HIL,20200702,1201,1220.75,1195.05,1201.55,12742
HILTON,20200702,10.9,11.1,10.4,10.75,17167
HIMATSEIDE,20200702,63.2,64.9,63.2,63.85,164412
HINDALCO,20200702,148.9,150.3,146.75,147.75,9519998
HINDCOMPOS,20200702,166.95,168.4,156.95,159.35,2768
HINDCOPPER,20200702,31.95,33.6,31.55,32.75,1654771
HINDMOTORS,20200702,6.9,6.95,6.5,6.7,369556
HINDNATGLS,20200702,31.4,33.6,31.4,33.6,5740
HINDOILEXP,20200702,67.95,67.95,65.8,66.25,240314
HINDPETRO,20200702,216.25,219.25,214.1,215.15,8637516
HINDUNILVR,20200702,2167.75,2177.65,2145,2151.75,2588845
HINDZINC,20200702,198.6,200.75,195.45,196.45,723566
HIRECT,20200702,125.65,126.1,125.65,126.1,10279
HISARMETAL,20200702,65,67.7,64.1,65.05,8422
HITECH,20200702,114.45,116.55,109.05,115.4,22494
HITECHCORP,20200702,76.15,79.45,75.05,77,1003
HITECHGEAR,20200702,112,112,106.25,109.7,2314
HLVLTD,20200702,5.35,5.7,5.25,5.4,164110
HMVL,20200702,51.1,52.6,51,51.45,57321
HNDFDS,20200702,549,553.55,528.5,540.4,6098
HNGSNGBEES,20200702,360,360,346,350.96,511
HONAUT,20200702,29985,30399.95,29610.1,29742,1350
HONDAPOWER,20200702,964.55,1014.95,956,1003.45,7934
HOTELRUGBY,20200702,1.8,1.9,1.8,1.9,106386
HOVS,20200702,41.55,44.4,41.55,43.2,1107
HPL,20200702,33.5,34.3,32.7,34.1,40315
HSCL,20200702,47.75,48.5,47.55,47.75,1156273
HSIL,20200702,52,52.95,51.6,51.8,158191
HTMEDIA,20200702,13.4,13.4,12.7,13.2,85667
HUBTOWN,20200702,11.55,12.15,11.25,12.15,177464
HUDCO,20200702,34,34.3,32.7,33.25,3519041
IBMFNIFTY,20200702,116.5,126,112.02,121.51,1935
IBREALEST,20200702,53.75,53.75,53.75,53.75,192323
IBULHSGFIN,20200702,226.05,233,221.55,225.3,44146532
IBULISL,20200702,59,60.5,57,59.35,174410
IBVENTURES,20200702,120.65,125.85,117.25,118.85,5021141
ICICI500,20200702,138,140.9,138,140.64,20662
ICICIB22,20200702,25.65,25.93,25.51,25.75,168259
ICICIBANK,20200702,366,370.9,361.35,362.85,50964872
ICICIBANKN,20200702,218.63,222.06,217.83,218.34,21352
ICICIBANKP,20200702,117.05,120.01,117.05,119.18,6424
ICICIGI,20200702,1274.5,1295,1261,1289.1,394808
ICICIGOLD,20200702,43.66,43.85,43.05,43.17,328070
ICICILIQ,20200702,999.99,1000,999.99,999.99,4490
ICICILOVOL,20200702,88.5,88.5,86.35,87.01,1556
ICICIM150,20200702,56.9,57.49,56.86,57.18,1046
ICICIMCAP,20200702,57,57,54.05,56.17,1802
ICICINF100,20200702,116,119,113.4,114.78,12707
ICICINIFTY,20200702,111,111.65,109.26,111.15,159773
ICICINV20,20200702,55,55,51.87,52.54,2897
ICICINXT50,20200702,25.68,26.9,25.68,26.05,6901
ICICIPRULI,20200702,421.7,426.95,420.5,425.4,824637
ICICISENSX,20200702,377.99,385.8,374.61,382.73,2182
ICIL,20200702,37.75,40.5,36,39.05,397113
ICRA,20200702,2549,2549,2466,2503,961
IDBI,20200702,48.6,48.6,48.6,48.6,1145819
IDBIGOLD,20200702,4443.95,4528,4443.9,4500.1,114
IDEA,20200702,10.2,10.45,9.75,10.05,369250291
IDFC,20200702,18.85,19.25,18.7,19.05,9594880
IDFCFIRSTB,20200702,26.7,27.15,26.55,26.8,30552478
IDFNIFTYET,20200702,107,109.4,106.81,107.91,111
IEX,20200702,181.85,185.5,181.75,183.85,246027
IFBAGRO,20200702,309.8,311.9,293,305.2,6455
IFBIND,20200702,429.8,432.35,418,419.85,46370
IFCI,20200702,7.35,7.9,7.3,7.9,6249512
IFGLEXPOR,20200702,125.3,139.8,125.3,129.05,2662
IGARASHI,20200702,278.4,298.35,278.4,289.25,278231
IGL,20200702,442.65,447.95,440,444.6,2763773
IGPL,20200702,142.95,144.45,140.1,141.15,16831
IIFL,20200702,75.75,77.05,75.5,75.85,433085
IIFLSEC,20200702,46.35,48.2,44.3,46.85,1876380
IIFLWAM,20200702,1020,1020,985.05,991.5,5736
IITL,20200702,63.7,63.7,58.65,59,1092
IMAGICAA,20200702,5.1,5.1,5.1,5.1,28406
IMFA,20200702,162.95,162.95,157.9,159.1,2692
IMPAL,20200702,515,529.3,510.55,524.7,3071
IMPEXFERRO,20200702,0.5,0.5,0.45,0.5,40055
INDBANK,20200702,7.25,7.4,7.1,7.15,49197
INDHOTEL,20200702,79.5,81.15,79,79.35,1611191
INDIACEM,20200702,129,129.8,125.05,125.85,2022174
INDIAGLYCO,20200702,271.95,278.45,270.15,275.8,171414
INDIAMART,20200702,2172.1,2193,2079,2119.95,568286
INDIANB,20200702,66.65,67.85,65.3,65.8,3466755
INDIANCARD,20200702,88.65,91.5,87.2,89.95,2168
INDIANHUME,20200702,184,187.95,176.75,178.1,483191
INDIGO,20200702,1000,1018.95,995,1001.85,854915
INDLMETER,20200702,15.65,17.2,15.65,16.25,3614
INDNIPPON,20200702,280.55,299,280,294.1,65500
INDOCO,20200702,202.65,212,202.65,209.2,334078
INDORAMA,20200702,16.4,17.15,16.15,16.7,44516
INDOSTAR,20200702,272,286,255.9,273.55,58071
INDOTECH,20200702,97.9,100,94.5,98.55,23821
INDOTHAI,20200702,18,18.85,17.75,18.15,7928
INDOWIND,20200702,4.1,4.1,3.8,4,136501
INDRAMEDCO,20200702,51,53.7,50.65,52.85,499075
INDSWFTLAB,20200702,36.05,36.05,33,35.3,28608
INDSWFTLTD,20200702,3.2,3.35,3.2,3.2,1940
INDTERRAIN,20200702,30.35,31.9,30.35,31.7,281086
INDUSINDBK,20200702,498,508,493,494.8,22971641
INEOSSTYRO,20200702,766.05,768.95,733.05,763.5,9611
INFIBEAM,20200702,63,65.4,62.5,65.4,1258105
INFOBEAN,20200702,93.35,96.95,88.75,89.9,42799
INFRABEES,20200702,313.25,315.39,312.9,315.39,204
INFRATEL,20200702,219.5,222.95,218.25,222.35,3395755
INFY,20200702,737.35,765.45,735.4,756.6,17263764
INGERRAND,20200702,638,638,624.5,625.75,13844
INOXLEISUR,20200702,234.5,236.4,232,234.15,162444
INOXWIND,20200702,41.2,41.2,39.1,40.15,139360
INSECTICID,20200702,453.95,453.95,437,439,56162
INSPIRISYS,20200702,23.25,23.25,22.2,22.6,7821
INTEGRA,20200702,0.65,0.65,0.65,0.65,23512
INTELLECT,20200702,111.85,112,108.2,109.45,212581
INTENTECH,20200702,27.75,27.75,27.75,27.75,33550
INVENTURE,20200702,14.7,14.7,13.75,13.85,27536
IOB,20200702,11.4,11.9,11.2,11.5,14468758
IOC,20200702,86.5,88.9,85.95,88.35,23312656
IOLCP,20200702,499.55,504.65,486,491.25,1474176
IPCALAB,20200702,1649.05,1675,1629,1657.6,191100
IRB,20200702,93.7,96.45,93.65,95.15,4696190
IRCON,20200702,97,97.75,92.5,93.3,2813306
IRCTC,20200702,1440,1467.8,1395.3,1412.35,2158418
ISEC,20200702,473.1,498.8,471.45,492.75,725668
ISFT,20200702,55,55,55,55,4105
ISMTLTD,20200702,5.05,5.05,5.05,5.05,25394
ITC,20200702,204.45,206.75,202.55,205.85,39321517
ITDC,20200702,212.4,214.9,208.55,212.95,33577
ITDCEM,20200702,50.8,57.25,50.6,53.85,1940957
ITI,20200702,104.2,105.6,102.8,103.3,1124995
IVC,20200702,3.6,3.6,3.35,3.45,184993
IVP,20200702,37.8,39,36.7,37.2,1688
IVZINGOLD,20200702,4400,4450,4380,4400,56
IVZINNIFTY,20200702,1090.01,1090.01,1090.01,1090.01,1
IZMO,20200702,24.7,24.7,24.7,24.7,19662
J&KBANK,20200702,17.55,18.05,17.35,18,6802791
JAGRAN,20200702,40.6,41.35,40.6,41.15,649928
JAGSNPHARM,20200702,37,38.9,35.65,38.9,68830
JAIBALAJI,20200702,22.15,22.6,21.8,22.35,26051
JAICORPLTD,20200702,86.5,92.75,85.7,91.7,5554092
JAINSTUDIO,20200702,2.6,2.6,2.6,2.6,979
JAMNAAUTO,20200702,32.5,32.7,31.65,31.9,1665585
JASH,20200702,172,172,160.05,165.55,5488
JAYAGROGN,20200702,103.95,103.95,99,99.65,4050
JAYBARMARU,20200702,201.15,204.7,195.55,199.15,22908
JAYNECOIND,20200702,3.9,3.95,3.8,3.95,28475
JAYSREETEA,20200702,44.65,45.45,44.1,44.2,22088
JBCHEPHARM,20200702,704,719,704,714.2,123195
JBFIND,20200702,11.95,12.4,11.55,12.35,130581
JBMA,20200702,220.25,221,213.1,214.1,38972
JCHAC,20200702,2272.8,2284.2,2207.5,2230.1,7275
JHS,20200702,17.3,17.3,17.3,17.3,35461
JINDALPHOT,20200702,15.75,16.45,15.5,16.05,4827
JINDALPOLY,20200702,358.5,384.8,356,380.95,90990
JINDALSAW,20200702,58.2,58.7,57.6,58.1,1151257
JINDALSTEL,20200702,155.3,157.2,153.2,154.1,11241342
JINDRILL,20200702,73,74.9,70,73,11824
JINDWORLD,20200702,50,50,47,48.15,13613
JISLDVREQS,20200702,14.15,14.15,14.15,14.15,41999
JISLJALEQS,20200702,13.95,13.95,13.9,13.95,3535408
JITFINFRA,20200702,8.75,8.75,8.1,8.35,24677
JIYAECO,20200702,13,13,13,13,17250
JKCEMENT,20200702,1386.35,1414.65,1384.95,1395.05,38629
JKIL,20200702,97.45,97.95,95.25,97.05,141766
JKLAKSHMI,20200702,261,263,257.15,259.85,168464
JKPAPER,20200702,100.1,101,99.5,99.8,1571067
JKTYRE,20200702,64.65,65.45,63.7,64.45,1278768
JMA,20200702,21.5,22.2,21.25,22.2,5742
JMCPROJECT,20200702,50.5,55.8,50.1,53.3,356227
JMFINANCIL,20200702,71.5,73.9,71.1,73,1605440
JMTAUTOLTD,20200702,6.9,6.9,6.3,6.3,1308406
JOCIL,20200702,153,157.45,148.1,150.75,17809
JPASSOCIAT,20200702,2.8,2.8,2.8,2.8,1170015
JPINFRATEC,20200702,1.95,1.95,1.95,1.95,279153
JPOLYINVST,20200702,17.65,18.4,17.5,17.5,2435
JPPOWER,20200702,2.1,2.1,2.1,2.1,832271
JSL,20200702,39.95,42,39.55,41.05,1212314
JSLHISAR,20200702,70,72.7,66.2,70.75,241898
JSWENERGY,20200702,49.4,50.95,48.9,50.35,2603967
JSWHL,20200702,1999.85,2011.25,1961,1982.75,753
JSWSTEEL,20200702,192.35,195,190.05,194.45,9164240
JTEKTINDIA,20200702,67,68.9,66.55,67.3,395799
JUBILANT,20200702,673,696.95,667.1,679.65,492452
JUBLFOOD,20200702,1705.15,1734.05,1701.55,1725.65,427705
JUBLINDS,20200702,106.45,107.7,106.45,107.3,6145
JUMPNET,20200702,61.6,61.6,59,59.75,1410866
JUNIORBEES,20200702,271,274,269.12,271.15,67942
JUSTDIAL,20200702,381.4,396.95,379.75,386.15,5190742
JYOTHYLAB,20200702,116.7,119.8,116.3,117.9,462143
KABRAEXTRU,20200702,53.05,54.9,51.55,52.4,18677
KAJARIACER,20200702,399,402,394.4,397.9,179807
KAKATCEM,20200702,141.95,144.35,139.7,141.15,9965
KALPATPOWR,20200702,223,224.45,219.1,223.4,345376
KALYANIFRG,20200702,135.3,138.9,133.25,137.55,174
KAMATHOTEL,20200702,27.9,30.9,27.1,28,437241
KAMDHENU,20200702,73.5,73.75,70,71.95,8745
KANANIIND,20200702,4,4.2,3.8,4.15,16802
KANORICHEM,20200702,33.85,34.75,33.3,33.65,12280
KANSAINER,20200702,446.15,466.3,441.05,462.6,269824
KAPSTON,20200702,89.75,90.1,89.7,90.1,352
KARDA,20200702,57.45,57.9,56.9,57.9,20870
KARMAENG,20200702,12.65,12.65,11.6,12.15,8902
KARURVYSYA,20200702,34.95,35.25,34.4,34.55,1964000
KAUSHALYA,20200702,0.75,0.75,0.75,0.75,24690
KAYA,20200702,225.05,234,225.05,228.5,12890
KCP,20200702,47.2,49.4,47.1,47.5,314890
KCPSUGIND,20200702,14.7,14.7,14.45,14.55,68691
KDDL,20200702,164,164.9,151.5,160.7,973
KEC,20200702,278,279.45,271.2,272.4,402973
KECL,20200702,13.45,13.45,12.85,12.85,98979
KEI,20200702,347.9,358.4,342.1,353.7,274433
KELLTONTEC,20200702,15.65,15.8,14.95,15,43575
KENNAMET,20200702,774.95,774.95,755,758.05,1162
KERNEX,20200702,17.85,17.85,17.85,17.85,9028
KESORAMIND,20200702,34.65,34.8,33.75,33.9,96534
KEYFINSERV,20200702,38.7,38.85,35.15,35.65,3252
KHADIM,20200702,111,117.7,110.55,117.7,31388
KHANDSE,20200702,10.15,10.6,10.15,10.2,751
KICL,20200702,1325.8,1325.85,1269,1272,431
KILITCH,20200702,94.55,97.85,92,93.05,8411
KINGFA,20200702,355.85,421.9,347,405.75,127473
KIOCL,20200702,102.5,106.9,102.15,103,7108
KIRIINDUS,20200702,463,471.95,451,453.6,220834
KIRLFER,20200702,68.7,70.05,68.7,69.55,17465
KIRLOSBROS,20200702,117.65,117.7,112,112.95,50986
KIRLOSENG,20200702,108.95,114.3,107.5,111.4,110205
KIRLOSIND,20200702,680,684.8,660.1,677.2,1909
KITEX,20200702,108.8,111.3,108.5,108.95,63661
KKCL,20200702,769.75,774.95,726,730.8,11127
KMSUGAR,20200702,9,9.1,8.85,8.9,143840
KNRCON,20200702,211,217,208.6,215.5,572746
KOKUYOCMLN,20200702,58.1,59.9,57.15,57.85,146219
KOLTEPATIL,20200702,164,165,158.8,159.35,47221
KOPRAN,20200702,32.75,34.7,32.45,34.35,195517
KOTAKBANK,20200702,1358.15,1371.9,1342.3,1352,4993438
KOTAKBKETF,20200702,222.9,225,220.8,222.27,79667
KOTAKGOLD,20200702,426.9,426.95,423.1,424.15,74140
KOTAKNIFTY,20200702,109,109.6,107.93,109.3,501155
KOTAKNV20,20200702,53,53.8,52.95,53.7,9550
KOTAKPSUBK,20200702,145.8,148.49,145,145.79,17331
KOTARISUG,20200702,13.9,14,13.6,13.75,77563
KOTHARIPET,20200702,15.25,16.85,15.25,16.25,114349
KOTHARIPRO,20200702,66.25,66.25,63.75,64,4651
KPITTECH,20200702,61.95,62.9,60.75,61.1,303472
KPRMILL,20200702,496,501,492.1,497.45,3386
KRBL,20200702,263.1,271.85,258.05,265.75,2572409
KREBSBIO,20200702,75.65,78.8,72,74.1,43136
KRIDHANINF,20200702,4.8,4.8,4.8,4.8,18893
KRISHANA,20200702,46.2,49.85,45.5,49.85,707
KSB,20200702,464.5,475.15,464.5,469.65,12415
KSCL,20200702,585,585,571.5,580.6,106420
KSERASERA,20200702,0.55,0.55,0.45,0.5,49465410
KSL,20200702,193.5,203,192.2,200.05,95333
KTKBANK,20200702,42.5,43.55,42.2,42.55,2246175
KUANTUM,20200702,440,449.75,434.85,436.5,1996
KWALITY,20200702,5.35,5.35,5.35,5.35,158846
L&TFH,20200702,68.45,70.15,67.95,69.2,14256478
LAKSHVILAS,20200702,21.9,22.1,20.85,21.1,2402171
LALPATHLAB,20200702,1588,1588,1564.95,1570.9,46088
LAMBODHARA,20200702,27.25,28.5,26.3,27.75,23484
LAOPALA,20200702,185,192,183.15,188.4,85297
LASA,20200702,46.8,47.85,44,45.45,44612
LAURUSLABS,20200702,532,538,523.95,525.3,874868
LAXMIMACH,20200702,2829.9,2876,2820.25,2829.5,5292
LEMONTREE,20200702,23.5,24.4,23.2,23.5,2096199
LFIC,20200702,43.3,49.95,41.55,49.95,14758
LGBBROSLTD,20200702,237.85,240.2,233,233.9,23166
LGBFORGE,20200702,2.75,2.95,2.75,2.85,33607
LIBAS,20200702,51,51,48.9,50,4073
LIBERTSHOE,20200702,124.65,131.9,123.55,128.8,420409
LICHSGFIN,20200702,280,283.8,276.75,282.25,6645059
LICNETFGSC,20200702,20.9,21.39,20.71,21.11,7633
LICNETFN50,20200702,107.01,109.89,107.01,109.73,147
LICNETFSEN,20200702,410.8,415,381.5,391.5,230
LICNFNHGP,20200702,109.25,118,109.25,114.32,907
LINCOLN,20200702,164.9,164.9,160,161.4,30181
LINCPEN,20200702,171,189.9,169,175.7,6234
LINDEINDIA,20200702,642.8,647,622,625.45,49021
LIQUIDBEES,20200702,1000.01,1000.01,999.9,1000,569388
LIQUIDETF,20200702,999.96,1000.01,999.96,999.99,38209
LOKESHMACH,20200702,25.8,26.3,23.6,23.85,127883
LOTUSEYE,20200702,32.45,33.45,30.6,32.6,4579
LOVABLE,20200702,55,55.5,53,53.35,71195
LPDC,20200702,1.6,1.6,1.55,1.6,13203
LSIL,20200702,1.5,1.5,1.4,1.4,4731547
LT,20200702,936,950.7,926,941.3,6542838
LTI,20200702,1942,1970,1935,1962.75,79240
LTTS,20200702,1298.7,1309.3,1285,1297.7,258938
LUMAXIND,20200702,1081.05,1197,1081,1163.85,15839
LUMAXTECH,20200702,84.9,91,82.05,90.1,342671
LUPIN,20200702,905.5,913.25,892.55,895,2144720
LUXIND,20200702,1125,1168,1125,1142.1,35924
LYKALABS,20200702,19.8,21.1,19.8,21.1,37005
LYPSAGEMS,20200702,3.65,3.8,3.65,3.7,22999
M&M,20200702,506.5,532,504.4,529.7,16513525
M&MFIN,20200702,175.45,186.9,174.8,184.9,21592325
M100,20200702,15.85,15.89,15.51,15.62,64145
M50,20200702,102,103.98,102,103.98,2423
MAANALU,20200702,59.5,64.3,58,63.35,145136
MADHAV,20200702,23.6,24.65,23.5,23.8,3779
MADRASFERT,20200702,19.85,19.85,19.25,19.35,111983
MAGADSUGAR,20200702,134,135.9,131,132.2,15292
MAGMA,20200702,24.5,25,24.5,24.5,1108607
MAGNUM,20200702,4.9,4.9,4.7,4.9,57897
MAHABANK,20200702,11.25,11.4,11.05,11.1,2810660
MAHAPEXLTD,20200702,80,80,72.85,73.7,1686
MAHASTEEL,20200702,80.9,80.9,76.1,79,7988
MAHEPC,20200702,139,143,138.45,141.6,73467
MAHESHWARI,20200702,179.9,183.8,162.05,171.15,244865
MAHINDCIE,20200702,118.85,118.85,116.05,116.5,55726
MAHLIFE,20200702,211.15,217.75,211.15,213.7,23316
MAHLOG,20200702,282,282.2,278.2,279.7,38645
MAHSCOOTER,20200702,2550,2569.9,2510,2521.05,14692
MAHSEAMLES,20200702,228,236.5,226,227.1,104478
MAITHANALL,20200702,465,485,463.5,468.4,32546
MAJESCO,20200702,364.75,377.95,364.75,371.55,14237
MALUPAPER,20200702,31.8,31.8,30.8,31.15,38822
MAN50ETF,20200702,106,107.15,106,107.05,3162
MANAKALUCO,20200702,8.95,9.1,8.9,8.9,35038
MANAKCOAT,20200702,6.4,6.4,5.8,6,21619
MANAKSIA,20200702,37.1,37.95,34.2,35,46249
MANAKSTEEL,20200702,10.4,10.8,10.4,10.55,11044
MANALIPETC,20200702,18.9,19.15,18.7,18.9,242251
MANAPPURAM,20200702,159.4,161.5,157.55,159.55,11323340
MANGALAM,20200702,76,76.5,72.75,73.4,38592
MANGCHEFER,20200702,36.3,36.9,35.2,35.75,361622
MANGLMCEM,20200702,195.8,195.9,189.1,190.5,74586
MANGTIMBER,20200702,7.7,8.5,7.7,8.35,4655
MANINDS,20200702,46,47.4,46,46.15,64439
MANINFRA,20200702,19,19.6,18.55,18.8,246727
MANUGRAPH,20200702,10.75,11.15,10.35,10.95,7112
MANXT50,20200702,259,260.6,258.6,260.6,1462
MARALOVER,20200702,13.4,13.85,13.4,13.6,8545
MARATHON,20200702,52.45,52.45,49.2,50.8,2110
MARICO,20200702,353.2,359.65,351.35,357.65,4017992
MARKSANS,20200702,35.45,35.45,34,35.4,3959915
MARUTI,20200702,5850,5960,5762.8,5948.45,1470951
MASFIN,20200702,637,646.35,613,620.65,53077
MASKINVEST,20200702,36.45,36.45,36.45,36.45,66
MASTEK,20200702,392,403,388.5,394.1,131909
MATRIMONY,20200702,405,405,385.1,390.05,1034
MAWANASUG,20200702,29.5,30,28.35,29.65,23177
MAXVIL,20200702,34.6,35.9,34.3,34.8,66252
MAYURUNIQ,20200702,222.6,230,214.1,222.75,295832
MAZDA,20200702,305.35,309.95,301.05,301.75,2875
MBAPL,20200702,62.8,65,59.75,65,539
MBECL,20200702,6.6,6.6,6,6.05,69683
MBLINFRA,20200702,6.1,6.25,5.85,5.95,66937
MCDHOLDING,20200702,24.75,26.6,24.6,25.65,93439
MCDOWELL-N,20200702,600.5,605.7,593.15,594.65,2353091
MCLEODRUSS,20200702,7.1,7.8,7.1,7.7,1049333
MCX,20200702,1275,1300,1264.3,1277.95,210837
MEGASOFT,20200702,7.15,7.15,7.15,7.15,14306
MEGH,20200702,53.05,53.9,52.2,52.75,1774977
MENONBE,20200702,43,46.5,41.45,42.05,530989
MEP,20200702,19.35,19.8,18.75,19,35627
MERCATOR,20200702,1.6,1.6,1.5,1.6,2492919
METALFORGE,20200702,5.65,5.75,5.4,5.6,11453
METROPOLIS,20200702,1347,1374,1341.3,1359,166452
MFSL,20200702,544,549.3,525,545.45,825630
MGL,20200702,1055,1062.95,1046,1047.8,542838
MHRIL,20200702,174,178.6,171,176.9,35983
MIDHANI,20200702,206,218,205.15,214.15,3854785
MINDACORP,20200702,75,76.6,73.5,74.05,1170890
MINDAIND,20200702,273,274.7,268.1,269.9,151438
MINDTECK,20200702,26.05,26.05,26.05,26.05,4200
MINDTREE,20200702,930,949.8,925.05,937.4,642773
MIRCELECTR,20200702,7.65,8,7.65,7.7,564576
MIRZAINT,20200702,43.9,46.2,43.9,45.35,508934
MITTAL,20200702,117.7,117.7,117.7,117.7,107
MMFL,20200702,189.95,190,184.05,185.05,16280
MMP,20200702,81.05,82,79.4,81.4,5108
MMTC,20200702,17.1,17.4,17,17.15,1270886
MODIRUBBER,20200702,30.4,30.65,30.4,30.65,269
MOHOTAIND,20200702,16.6,17.4,15.85,17.4,13636
MOIL,20200702,142,157,142,153.6,1170460
MOLDTECH,20200702,35.9,36.7,35.35,35.7,15799
MOLDTKPAC,20200702,208.85,212,204.3,209.75,29853
MONTECARLO,20200702,161.3,165,161.3,162,38595
MORARJEE,20200702,11.7,12.3,11.7,11.9,3157
MOREPENLAB,20200702,25.4,25.4,25.4,25.4,504130
MOTHERSUMI,20200702,97.95,104.3,97.65,103.65,43916644
MOTILALOFS,20200702,595,603.9,587.5,599.9,63841
MOTOGENFIN,20200702,21.75,22.7,20.7,22.15,7853
MPHASIS,20200702,861,891,855,870.1,224792
MPSLTD,20200702,286.5,293.5,280.5,285.5,20824
MRF,20200702,66400,66800,65800,66092.85,9523
MRO-TEK,20200702,23.35,23.45,23.35,23.45,674
MRPL,20200702,37.1,38.35,37.1,37.4,1253010
MSPL,20200702,6.95,7.35,6.95,6.95,18388
MSTCLTD,20200702,139.6,142.5,135.5,136.9,406592
MTEDUCARE,20200702,14.05,14.7,14.05,14.05,91458
MTNL,20200702,9.05,9.25,8.85,9,872797
MUKANDENGG,20200702,9.95,9.95,9.3,9.95,1163
MUKANDLTD,20200702,20.35,21.95,20.35,21.15,42980
MUKTAARTS,20200702,23.25,23.25,21.4,21.9,18458
MUNJALAU,20200702,51.2,53.4,51.15,52.05,379767
MUNJALSHOW,20200702,107.7,107.7,99.9,103.5,58603
MURUDCERA,20200702,17.5,17.5,16.75,17.15,53887
MUTHOOTCAP,20200702,368,385.45,368,385.45,32310
MUTHOOTFIN,20200702,1110,1118,1094.4,1108.95,1329386
N100,20200702,765,765,745.64,760.95,24834
NACLIND,20200702,38.15,39.75,36.15,38.6,49514
NAGAFERT,20200702,5.25,5.75,5.25,5.5,420959
NAGREEKCAP,20200702,6,6,6,6,100
NAGREEKEXP,20200702,13.65,14.15,13.65,14.1,5092
NAHARCAP,20200702,64.6,67.3,64.6,65.05,3937
NAHARINDUS,20200702,26.95,28,26.05,26.7,7799
NAHARPOLY,20200702,58.65,64.5,58.65,63.1,86181
NAHARSPING,20200702,36,36,35.1,35.7,8791
NAM-INDIA,20200702,316.8,326.7,315.45,317.2,1763336
NATCOPHARM,20200702,634.5,654,634.5,640.05,302855
NATHBIOGEN,20200702,320.05,324.95,317,318.05,12607
NATIONALUM,20200702,31.8,33.25,31.6,32.7,13047805
NATNLSTEEL,20200702,4.3,4.3,4.3,4.3,5464
NAUKRI,20200702,2760,2820,2760,2789.5,258306
NAVINFLUOR,20200702,1704,1727.6,1675.25,1684.55,164287
NAVKARCORP,20200702,26.3,26.7,26.1,26.35,111585
NAVNETEDUL,20200702,78.3,79.7,77.4,79.05,83390
NBCC,20200702,23.75,25.15,23.45,24.75,17837338
NBIFIN,20200702,1600,1605,1550.25,1570.75,2374
NBVENTURES,20200702,53.7,55.7,53.1,53.95,514590
NCC,20200702,30.2,31.25,29.85,30.7,17747417
NCLIND,20200702,73,73.5,71.9,72.1,81737
NDGL,20200702,479,523.75,458.85,496.7,98
NDL,20200702,20.5,21.45,20,20.65,72446
NDTV,20200702,37.25,37.25,36.5,36.85,31251
NECCLTD,20200702,13.55,13.55,13.55,13.55,46155
NECLIFE,20200702,25.5,25.5,23.15,23.9,1675921
NELCAST,20200702,55.95,57.95,52.65,55.4,6383388
NELCO,20200702,194.3,202,194,195.95,65832
NEOGEN,20200702,489.95,525.55,485.05,525.55,84982
NESCO,20200702,430,444,430,435.4,60035
NESTLEIND,20200702,16985,16985,16661.1,16789.35,147010
NETF,20200702,102.73,105.5,102.73,105.5,266
NETFCONSUM,20200702,50.32,51.96,50.32,51.8,2607
NETFDIVOPP,20200702,26.9,27,26.5,26.99,1252
NETFIT,20200702,14.65,15.74,14.65,15.26,5602
NETFLTGILT,20200702,21.9,21.9,21.76,21.81,8742
NETFMID150,20200702,56.49,57.85,56.16,57.11,35476
NETFNIF100,20200702,116,116,112.2,113.23,432
NETFNV20,20200702,53.2,54.48,53.04,54.3,41672
NETWORK18,20200702,44,44,41.2,41.55,2606303
NEULANDLAB,20200702,568,569,541,544,68568
NEWGEN,20200702,149.05,150.5,147.05,147.7,19006
NEXTMEDIA,20200702,7.35,7.35,7,7,6621
NFL,20200702,31.95,32.4,31.5,31.6,816367
NH,20200702,265,268.95,265,268.4,57701
NHPC,20200702,20.05,20.5,20.05,20.3,17939260
NIACL,20200702,121.4,122.8,118.3,120.75,1012596
NIBL,20200702,8.8,8.85,8.45,8.45,7142
NIFTYBEES,20200702,111.11,112.47,111.11,112.1,2697856
NIFTYEES,20200702,13342,13342,13342,13342,1
NIITLTD,20200702,93.4,93.4,90.65,90.95,441717
NIITTECH,20200702,1390,1444.45,1386,1412.95,555304
NILAINFRA,20200702,4.65,4.65,4.5,4.6,203092
NILASPACES,20200702,1.25,1.25,1.25,1.25,116095
NILKAMAL,20200702,1134,1145,1125.95,1136.05,9032
NIPPOBATRY,20200702,559,564,538,557.8,4514
NITCO,20200702,17.2,17.9,17.15,17.3,86325
NITINSPIN,20200702,41,42.4,39.15,40.45,96998
NKIND,20200702,27.3,27.3,26.1,26.1,837
NLCINDIA,20200702,45.1,46.05,45.1,45.4,1095737
NMDC,20200702,82.3,82.6,81.25,81.75,4722051
NOCIL,20200702,87.2,89.35,87,88.05,1688611
NOIDATOLL,20200702,3.9,3.9,3.75,3.75,164147
NORBTEAEXP,20200702,3.05,3.05,3.05,3.05,200
NPBET,20200702,120.5,123.84,118.72,122.3,456
NRAIL,20200702,223.7,228.75,216.35,218.65,29976
NRBBEARING,20200702,94,94,88.5,89.5,2696860
NSIL,20200702,658.05,682,608,656.35,511
NTL,20200702,0.95,0.95,0.9,0.9,40040
NTPC,20200702,94.5,94.5,93.15,93.4,14333507
NUCLEUS,20200702,258.5,282,258.5,273.05,206866
NXTDIGITAL,20200702,405,405,393.05,395.05,1437
OAL,20200702,208,251.5,207.95,251.5,183649
OBEROIRLTY,20200702,364.7,365.3,358.1,360,124220
OCCL,20200702,762.45,785,732.1,776.45,18020
OFSS,20200702,2867.95,2885.2,2827.05,2865.75,89338
OIL,20200702,95.45,97,94.9,95.2,1179723
OILCOUNTUB,20200702,5.1,5.2,4.85,4.85,535955
OISL,20200702,4.05,4.05,3.8,3.85,63601
OLECTRA,20200702,67.35,71.6,66.3,67.8,141107
OMAXAUTO,20200702,36.9,36.9,35.05,35.75,45391
OMAXE,20200702,114.35,114.35,114.35,114.35,44384
OMKARCHEM,20200702,6.1,6.1,6.1,6.1,22340
OMMETALS,20200702,16,16.4,15.55,15.75,25451
ONELIFECAP,20200702,5.95,6.2,5.7,6.15,10472
ONEPOINT,20200702,12.4,13,12.3,12.35,11079
ONGC,20200702,81.35,84.15,81.1,81.85,35154233
ONMOBILE,20200702,29.85,29.85,28.15,29.4,78271
ONWARDTEC,20200702,62.45,62.45,58.55,59.1,8093
OPTIEMUS,20200702,24,24,22.6,23.7,3742
OPTOCIRCUI,20200702,18.7,18.7,18.7,18.7,230117
ORBTEXP,20200702,58.5,62.25,57.35,61.9,22363
ORICONENT,20200702,17.85,18.3,17.1,17.25,136938
ORIENTABRA,20200702,17,20.4,17,19.65,497324
ORIENTALTL,20200702,16.55,16.55,16.15,16.3,269665
ORIENTBELL,20200702,82.7,85.5,82.7,82.85,47860
ORIENTCEM,20200702,71.25,72.7,70.4,70.8,179154
ORIENTELEC,20200702,198.8,202.8,195.55,197.45,376464
ORIENTHOT,20200702,19.1,19.85,18.9,19.7,9204
ORIENTLTD,20200702,74.4,75.9,74.1,75.3,371
ORIENTPPR,20200702,20.7,20.9,20,20.15,639596
ORIENTREF,20200702,172.8,179,169,176.2,40625
ORISSAMINE,20200702,1619.75,1625.45,1573.7,1597.15,4418
ORTINLABSS,20200702,15.9,15.9,15.75,15.75,11297
OSWALAGRO,20200702,12.65,12.65,12.65,12.65,416376
PAEL,20200702,2.4,2.4,2.4,2.4,5510
PAGEIND,20200702,20354,20433,20097.15,20263.1,20656
PAISALO,20200702,220,222,215.05,216.5,837
PALASHSECU,20200702,26.55,26.55,26.55,26.55,150
PALREDTEC,20200702,20.3,20.3,18.4,20.3,21923
PANACEABIO,20200702,200.65,202.8,192.3,195.1,116553
PANACHE,20200702,40.45,40.45,36.75,40.45,1971
PANAMAPET,20200702,41.75,43,41.2,41.9,7479
PAPERPROD,20200702,208.75,208.75,204.95,208.25,48404
PARACABLES,20200702,7.9,8.15,7.6,8,164421
PARAGMILK,20200702,93.55,100.95,93.05,96.85,1241289
PARSVNATH,20200702,3.6,3.7,3.6,3.7,108738
PATELENG,20200702,13.95,16.65,13.95,16.65,3969878
PATINTLOG,20200702,20.85,21.2,20.55,20.6,25955
PATSPINLTD,20200702,6.35,6.65,6.05,6.3,5100
PCJEWELLER,20200702,16.25,17.05,16.1,17.05,4157285
PDMJEPAPER,20200702,14.85,15.6,14.85,15.3,56444
PDSMFL,20200702,273.3,290,272,274.2,887
PEARLPOLY,20200702,17.6,17.6,16,17,45152
PEL,20200702,1376.8,1420.95,1371.05,1390.05,1798881
PENIND,20200702,17.65,18.1,17.65,17.75,279634
PENINLAND,20200702,4.5,4.5,4.2,4.25,152852
PERSISTENT,20200702,636,649,632,642.4,107629
PETRONET,20200702,259.7,262.5,255.4,261.3,3550337
PFC,20200702,85.7,85.9,84.35,85,4047123
PFIZER,20200702,4245,4275,4125.1,4181.8,288938
PFOCUS,20200702,25.2,26.1,25.2,25.65,20236
PFS,20200702,13.15,14,12.75,13.2,2195225
PGEL,20200702,44.05,44.8,43.1,44.1,11679
PGHH,20200702,10320,10385,10120,10238,4465
PGHL,20200702,4077,4099,4027.65,4064.25,21687
PGIL,20200702,107,108.05,103.2,107.15,15602
PHILIPCARB,20200702,90,101.25,89.6,100.3,5273820
PHOENIXLTD,20200702,570.05,573.85,545.3,550.05,405137
PIDILITIND,20200702,1380,1392,1365.15,1388.55,630207
PIIND,20200702,1544,1597,1540.5,1561.95,260055
PILANIINVS,20200702,1370.5,1390,1352,1379.95,328
PILITA,20200702,6.5,6.5,6,6.15,230443
PIONDIST,20200702,115.1,117.9,114.2,114.65,1274
PIONEEREMB,20200702,26.55,26.95,25.65,25.9,11022
PITTIENG,20200702,30.7,31.5,30.25,31,17861
PKTEA,20200702,98.15,98.2,95.5,98.2,506
PLASTIBLEN,20200702,173.45,173.75,168,169,4663
PNB,20200702,36.6,37.05,36.1,36.25,26984207
PNBGILTS,20200702,36.4,36.8,36.25,36.55,191520
PNBHOUSING,20200702,219,223,212,212.7,761207
PNC,20200702,16.8,16.8,15.55,15.65,6949
PNCINFRA,20200702,144.95,152.4,143.2,149.15,714048
PODDARHOUS,20200702,195.4,203.4,195.4,199.1,409
PODDARMENT,20200702,153.55,154.7,151.05,152.7,9621
POKARNA,20200702,118.35,124.25,112.6,124.2,85202
POLYCAB,20200702,810,868.6,801.8,841.25,1747188
POLYMED,20200702,297,301.55,293,295.6,35274
POLYPLEX,20200702,490.25,505,488.4,496.75,48440
PONNIERODE,20200702,151,153.9,147.85,151.2,15516
POWERGRID,20200702,173.5,176.8,172.6,175.1,8708121
POWERINDIA,20200702,844.9,844.95,839.2,840.2,21181
POWERMECH,20200702,453,468.4,449,452.5,32219
PPAP,20200702,169,172.05,163.95,167.6,60964
PPL,20200702,58.7,58.75,56.3,58.05,75845
PRABHAT,20200702,70.9,73.45,70.3,70.6,28040
PRADIP,20200702,0.95,0.95,0.9,0.9,1604
PRAENG,20200702,6.45,6.95,6.45,6.65,26082
PRAJIND,20200702,64.4,65.55,63.7,64.85,1484308
PRAKASH,20200702,35,35.8,34.1,35.3,516746
PRAKASHSTL,20200702,2.1,2.1,1.9,1.9,4238295
PRAXIS,20200702,34.1,37.25,34.1,37.25,24433
PRECAM,20200702,27.9,28.75,27.5,28,217338
PRECOT,20200702,24,27.2,24,24.8,1682
PRECWIRE,20200702,101.85,103.5,100.5,102.5,12592
PREMEXPLN,20200702,104.2,104.2,94.4,104.05,6266
PREMIER,20200702,1.75,1.75,1.75,1.75,5500
PREMIERPOL,20200702,24.5,26.5,22.65,23.4,27301
PRESSMN,20200702,20.45,20.8,19.7,20.4,40987
PRESTIGE,20200702,206.55,208.9,199,201.1,344413
PRICOLLTD,20200702,40.9,41.8,38.1,39.9,73326
PRIMESECU,20200702,46.9,50.5,46,50.25,107213
PRINCEPIPE,20200702,114.4,114.4,111.7,113.55,237864
PROSEED,20200702,0.6,0.6,0.55,0.6,409932
PROZONINTU,20200702,20.3,20.45,19.65,20.45,146139
PRSMJOHNSN,20200702,47,47.5,45.5,45.85,132176
PSB,20200702,14.05,14.5,14.05,14.1,1329195
PSPPROJECT,20200702,389.85,413.9,385.15,408.3,106898
PSUBNKBEES,20200702,16.17,16.43,16.07,16.15,204520
PTC,20200702,49.2,50.25,48.85,49.15,4064274
PTL,20200702,33.95,34.2,32.8,33.55,27850
PUNJABCHEM,20200702,489.95,489.95,472.35,472.75,750
PURVA,20200702,40.6,41.9,40.4,41.35,62057
PVR,20200702,1010,1027.45,1004.05,1015.25,929701
QGOLDHALF,20200702,2105,2114.05,2094.25,2102.65,2130
QNIFTY,20200702,1079,1088,1073,1085,40
QUESS,20200702,335,367.35,335,361.75,493481
QUICKHEAL,20200702,115.2,116.75,114.5,115.8,125096
RADAAN,20200702,1.2,1.2,1.2,1.2,5740
RADICO,20200702,373,377.9,370.8,372.7,209026
RADIOCITY,20200702,17.15,19.3,17.05,17.95,2598758
RAIN,20200702,78,81,77.5,79.35,1632778
RAJESHEXPO,20200702,471,473,468.05,469.3,58851
RAJRATAN,20200702,223,227.95,213,223.25,2611
RAJSREESUG,20200702,15.65,15.8,15.35,15.45,2625
RAJTV,20200702,34.65,35.7,34.65,35.15,2811
RALLIS,20200702,269.5,278.7,269.5,271.85,1003825
RAMANEWS,20200702,16,16.8,16,16.15,90335
RAMASTEEL,20200702,34.9,34.9,33.55,34.05,16754
RAMCOCEM,20200702,656,668,645,649.45,794894
RAMCOIND,20200702,159.7,159.7,146.25,152.15,46402
RAMCOSYS,20200702,110.15,112.4,108,112.4,484441
RAMKY,20200702,34.75,37.15,34.7,36.85,94727
RANASUG,20200702,4.1,4.15,3.9,4.1,121587
RANEENGINE,20200702,199.1,222.85,199.1,214.4,15449
RANEHOLDIN,20200702,424.9,489.9,424,460.5,146274
RATNAMANI,20200702,1059,1060,1043.85,1050.15,6424
RAYMOND,20200702,280.25,283.4,274.8,276.45,658495
RBL,20200702,542.3,604.8,535.5,564.8,187707
RBLBANK,20200702,176,181.35,174.9,177.65,36949393
RCF,20200702,47.1,47.6,46.55,46.7,1396895
RCOM,20200702,1.65,1.65,1.65,1.65,565600
RECLTD,20200702,109.55,109.95,107.7,108.55,5529597
REDINGTON,20200702,90.25,91.5,88.8,90.15,725325
REFEX,20200702,61.4,61.4,61.4,61.4,39698
RELAXO,20200702,630.65,634.8,629,630.9,193987
RELCAPITAL,20200702,13.7,13.7,13.7,13.7,478108
RELIANCE,20200702,1743,1767.6,1735.05,1760.35,13286760
RELIGARE,20200702,37.8,38.7,37.5,37.8,312586
RELINFRA,20200702,42.6,42.6,39.65,42.6,9086089
REMSONSIND,20200702,67.3,69.95,65.2,68,5530
RENUKA,20200702,12.25,12.25,11.15,11.15,9623846
REPCOHOME,20200702,125.4,128.75,124.55,125.45,347992
REPRO,20200702,399,420,388,401.35,3490
RESPONIND,20200702,84,86,79,81,136537
REVATHI,20200702,411.05,411.05,380.4,403.65,404
RGL,20200702,222.95,229,216,220.95,1855
RHFL,20200702,2.6,2.6,2.6,2.6,101251
RICOAUTO,20200702,32.55,32.75,31.95,32.15,361767
RIIL,20200702,413.95,425,410.7,420.4,805365
RITES,20200702,285,292,265,268.25,8126008
RKDL,20200702,8.3,8.45,7.95,8.25,52732
RKFORGE,20200702,164.8,164.8,157.25,158.2,114475
RMCL,20200702,4.55,4.55,4.55,4.55,17353
RML,20200702,224.2,253,221.25,234.9,209056
RNAVAL,20200702,2.8,2.8,2.8,2.8,163237
ROHITFERRO,20200702,1.35,1.45,1.35,1.35,33237
ROHLTD,20200702,55.1,64.8,54,58.15,1204439
ROLLT,20200702,2.3,2.3,2.3,2.3,13169
ROLTA,20200702,6.55,6.85,6.55,6.6,657673
ROSSELLIND,20200702,65.8,67.25,64.05,67.25,14532
RPGLIFE,20200702,267,270.55,265,266.95,37035
RPOWER,20200702,4.65,4.65,4.65,4.65,1632832
RPPINFRA,20200702,67,67.75,64.3,65.3,5772
RSSOFTWARE,20200702,18.3,18.95,18,18.05,42863
RSWM,20200702,83.55,83.55,75.25,78.55,9037
RSYSTEMS,20200702,96.95,97.05,95.9,96.05,15562
RTNINFRA,20200702,3.6,3.7,3.45,3.45,284253
RTNPOWER,20200702,2.7,2.7,2.7,2.7,699942
RUBYMILLS,20200702,157.25,164.6,156.6,160.45,476
RUCHI,20200702,1237.85,1237.85,1237.85,1237.85,8175
RUCHINFRA,20200702,25.85,25.85,23.45,23.45,2999559
RUCHIRA,20200702,54.1,54.1,54.1,54.1,13877
RUPA,20200702,165,166.95,162.9,163.6,35571
RUSHIL,20200702,117.15,119.4,113.4,114.7,5613
RVNL,20200702,21.4,21.4,20.1,20.3,19583113
S&SPOWER,20200702,14.25,15.75,14.25,15.1,5719
SABEVENTS,20200702,1.2,1.2,1.15,1.15,53939
SADBHAV,20200702,44.4,46.4,44.4,46.1,242030
SADBHIN,20200702,15.95,16.3,15.85,15.95,147212
SAFARI,20200702,373,377.8,370,374.1,7150
SAGARDEEP,20200702,114.7,114.7,112,113.8,34160
SAGCEM,20200702,334,346.45,333.2,342.7,9228
SAIL,20200702,30.7,31.6,30.25,31.2,34003449
SAKAR,20200702,64.6,73,62.8,67.15,60224
SAKHTISUG,20200702,9.45,9.8,9.45,9.7,30848
SAKSOFT,20200702,186,196.7,186,190.35,9883
SAKUMA,20200702,7.7,7.7,7.45,7.65,359616
SALASAR,20200702,174.4,174.4,170,174.4,53877
SALONA,20200702,59,60.85,58.65,59.95,81
SALSTEEL,20200702,4.25,4.25,3.85,4.25,159314
SALZERELEC,20200702,85.55,91,85,89.35,33491
SAMBHAAV,20200702,2.8,2.8,2.8,2.8,41193
SANCO,20200702,11.1,11.15,10.55,10.8,38238
SANDESH,20200702,493.05,508.9,493,494,181
SANDHAR,20200702,193,199.75,190.1,196.55,18883
SANGAMIND,20200702,48,49.2,47.6,48.45,9245
SANGHIIND,20200702,25.5,25.95,25,25.15,505011
SANGHVIFOR,20200702,16,16,15.4,15.4,1835
SANGHVIMOV,20200702,58.45,59.4,57.6,58.95,16999
SANGINITA,20200702,91.4,100.3,91,96.95,69946
SANOFI,20200702,7900.05,7930,7850,7866.7,22278
SANWARIA,20200702,3.5,3.5,3.5,3.5,674380
SARDAEN,20200702,168.2,169.9,165.05,166.35,16360
SAREGAMA,20200702,422,436.05,422,427.05,7361
SARLAPOLY,20200702,19.35,19.35,18.35,18.65,60789
SASKEN,20200702,475.25,489,467.15,470.75,28458
SASTASUNDR,20200702,85,85,80.15,82.05,1663
SATHAISPAT,20200702,2.3,2.3,2.3,2.3,1220
SATIA,20200702,74.65,80,73.15,77.1,52851
SATIN,20200702,80.85,84.4,80.85,83.7,94154
SBICARD,20200702,654,658.5,641,654.2,1395591
SBIETFQLTY,20200702,93.7,95,91.73,94.36,4225
SBILIFE,20200702,802.15,819.35,802.15,814.05,1075581
SBIN,20200702,185.65,188,184,185.45,52127613
SCAPDVR,20200702,1.25,1.25,1.25,1.25,217929
SCHAEFFLER,20200702,3540.85,3598,3510.1,3536.65,5713
SCHAND,20200702,47.65,47.65,47,47.65,118793
SCHNEIDER,20200702,81.55,82.9,80.4,81.45,152152
SCI,20200702,56.5,61.5,56.3,60.5,5982003
SDBL,20200702,68.15,75.2,68.15,71.9,105992
SEAMECLTD,20200702,364.95,372.75,354.25,360.2,44925
SELAN,20200702,101,103.8,101,102.2,14334
SEPOWER,20200702,3.05,3.2,3,3.1,18553
SEQUENT,20200702,97,98.7,94,95.2,2749423
SESHAPAPER,20200702,158.1,158.85,153.95,154.45,71372
SETCO,20200702,11.15,11.25,10.85,10.9,79477
SETF10GILT,20200702,198.3,201.75,189.6,201.5,1081
SETFGOLD,20200702,4383,4383,4315,4329.65,18691
SETFNIF50,20200702,108.1,108.92,106.55,108.67,172570
SETFNIFBK,20200702,218.5,222.69,218.1,218.47,315519
SETFNN50,20200702,267,269,264.1,267.99,5892
SETUINFRA,20200702,1.35,1.35,1.25,1.35,211011
SEYAIND,20200702,99.5,99.5,99.5,99.5,3680
SFL,20200702,1449.65,1478.75,1426.75,1448.25,22424
SGL,20200702,9.15,9.8,8.75,9.1,44798
SHAHALLOYS,20200702,8.15,8.55,8.15,8.45,432
SHAKTIPUMP,20200702,165.1,169.9,163.65,167.7,10000
SHALBY,20200702,68.8,71.25,68.8,70.15,128815
SHALPAINTS,20200702,62.05,63.45,61.25,61.6,140974
SHANKARA,20200702,373,377.1,365.05,368.5,80551
SHANTIGEAR,20200702,86.65,88.8,86.65,87.95,18071
SHARDACROP,20200702,290.3,290.3,262.7,265.35,111285
SHARDAMOTR,20200702,850.55,869.95,830,833.5,2749
SHEMAROO,20200702,62.35,64.1,62.2,62.5,75215
SHIL,20200702,81.9,81.9,77.35,79.7,29022
SHILPAMED,20200702,471.65,474.5,460,464.6,59064
SHIRPUR-G,20200702,9.1,9.1,8.7,9,215653
SHIVAMAUTO,20200702,16.9,16.9,16.3,16.45,44252
SHIVAMILLS,20200702,25,25.75,24.6,25.4,8347
SHIVATEX,20200702,83.3,87.45,82.65,87.05,5969
SHK,20200702,66.3,68.75,65.85,68,1176900
SHOPERSTOP,20200702,172,173.8,167.25,167.9,105622
SHREDIGCEM,20200702,52.85,54.75,52,52.2,754898
SHREECEM,20200702,22850,22950,22511,22762.85,42084
SHREEPUSHK,20200702,92.65,95,90.45,90.9,20023
SHREERAMA,20200702,5.2,5.5,5.05,5.05,30309
SHRENIK,20200702,44.3,44.35,40.2,43.95,65564
SHREYANIND,20200702,78.45,81.4,77.6,80.55,19514
SHREYAS,20200702,60,60.85,58.55,59.55,11350
SHRIPISTON,20200702,591.3,591.3,590,590,1015
SHRIRAMCIT,20200702,678,691,672.2,685.05,57408
SHRIRAMEPC,20200702,4.55,4.55,4.55,4.55,106943
SHYAMCENT,20200702,3.9,4,3.8,3.85,27856
SICAGEN,20200702,13.4,13.7,13.25,13.3,44181
SICAL,20200702,10.6,11.05,10.1,10.95,635089
SIEMENS,20200702,1104.4,1114.5,1086.65,1094.55,507202
SIGIND,20200702,22.75,23.5,21.7,22.45,12161
SIL,20200702,10.5,10.5,9.95,9.95,18435
SILINV,20200702,146.85,146.85,137.75,139.95,1048
SIMBHALS,20200702,6.65,6.95,6.65,6.75,12353
SIMPLEXINF,20200702,28,28.5,27,27.9,154606
SINTEX,20200702,2.9,2.9,2.9,2.9,440765
SIRCA,20200702,206.05,212,190.1,209.8,42049
SIS,20200702,389.7,389.7,378.95,383.05,28658
SITINET,20200702,2.3,2.3,2.3,2.3,113001
SIYSIL,20200702,135,137.45,131.2,132.8,37753
SJVN,20200702,21.95,21.95,21.65,21.75,6328769
SKFINDIA,20200702,1680,1687.45,1658.5,1666.7,71716
SKIL,20200702,4.05,4.25,3.85,4.25,161023
SKIPPER,20200702,43.8,43.8,40.5,41.6,202233
SKMEGGPROD,20200702,31.9,33.15,31.65,32,25924
SMARTLINK,20200702,70.65,71.45,67.25,68.25,2011
SMLISUZU,20200702,382,389,378.1,379.45,49066
SMSLIFE,20200702,302,308.7,299,304.75,6695
SMSPHARMA,20200702,63.9,66.4,61.4,64.75,588977
SNOWMAN,20200702,29.45,29.7,28.85,28.95,277080
SOBHA,20200702,227.6,228,221.25,222.75,159963
SOLARA,20200702,659.6,659.95,640.25,645.6,44525
SOLARINDS,20200702,1009,1009,984,990.95,10253
SOMANYCERA,20200702,116.95,126.6,116.2,123.05,234895
SOMICONVEY,20200702,19.25,19.65,16.2,19.65,22132
SONATSOFTW,20200702,239,248.35,234.7,236.8,711090
SORILINFRA,20200702,75.4,77.95,70.6,71.1,113954
SOTL,20200702,679.95,684.95,668.3,682.8,450
SOUTHBANK,20200702,7.85,8.05,7.85,8.05,30565884
SOUTHWEST,20200702,21.2,21.3,20.9,21.05,47562
SPAL,20200702,79.9,82,79.05,79.65,21869
SPANDANA,20200702,552,560.05,543.95,552.95,20888
SPARC,20200702,160.6,162.85,158.4,159.1,669937
SPECIALITY,20200702,31.65,32,30.95,31.05,33544
SPENCERS,20200702,97.5,101.3,93.25,95.45,4516055
SPENTEX,20200702,1.1,1.1,1.05,1.1,398295
SPIC,20200702,20,20.5,19.85,20.05,87702
SPICEJET,20200702,50,51.65,49.75,50.25,2185247
SPLIL,20200702,30.25,33,30.25,31.45,111351
SPMLINFRA,20200702,9.25,10.15,9.25,9.75,57119
SPTL,20200702,3.3,3.3,3.3,3.3,204509
SREEL,20200702,123.95,127.95,123.4,125.1,10314
SREINFRA,20200702,8.6,8.65,8.6,8.6,1372705
SRF,20200702,3609.5,3710,3609,3654.2,352012
SRHHYPOLTD,20200702,128.1,132.45,125.6,126.9,32707
SRIPIPES,20200702,175.5,183.8,175.5,179.8,69737
SRTRANSFIN,20200702,707.3,713.5,691.25,697.95,2583516
SSWL,20200702,440,443,432.1,433.7,37199
STAR,20200702,411.2,416,407.2,412.9,473979
STARCEMENT,20200702,87.5,89.85,87.45,87.95,153017
STARPAPER,20200702,104.1,108.95,103,106.6,266743
STCINDIA,20200702,45.65,47.45,45,46.4,35033
STEELCITY,20200702,29.05,30,28.45,29.85,8696
STEELXIND,20200702,26.3,28,26.3,27.5,150446
STEL,20200702,60.5,64.45,60.5,62.65,44892
STERTOOLS,20200702,165.05,172.5,163,168.5,23787
STINDIA,20200702,3.8,3.8,3.65,3.7,2738
STRTECH,20200702,118,129.9,116,126.85,6651580
SUBCAPCITY,20200702,5.95,5.95,5.95,5.95,3
SUBEX,20200702,8.4,8.5,7.8,8.25,946691
SUBROS,20200702,174.9,186.5,174.9,178.25,493264
SUDARSCHEM,20200702,390,393.75,388,390.45,85808
SUMEETINDS,20200702,2.4,2.4,2.4,2.4,31021
SUMICHEM,20200702,277,279.45,270.15,271.7,676329
SUMIT,20200702,11.25,11.8,11.25,11.25,3721
SUMMITSEC,20200702,334.15,341.95,334.15,335.25,6143
SUNCLAYLTD,20200702,1684.95,1711.85,1652.6,1698.25,2265
SUNDARAM,20200702,1.7,1.7,1.7,1.7,61667
SUNDARMFIN,20200702,1453.6,1467.1,1405,1416.35,19813
SUNDARMHLD,20200702,48.3,49.75,48.25,48.7,54542
SUNDRMBRAK,20200702,218.45,232,215,226,4287
SUNDRMFAST,20200702,374,387.65,374,381.2,37391
SUNFLAG,20200702,37.4,40.35,37.3,39.35,719427
SUNPHARMA,20200702,468,474.95,467.95,473,3732197
SUNTECK,20200702,180.85,184,176,176.8,666437
SUNTV,20200702,408,409,399.6,401.1,1638708
SUPERHOUSE,20200702,83.15,85.6,81.85,82.2,46652
SUPERSPIN,20200702,4.6,4.85,4.55,4.6,14843
SUPPETRO,20200702,166.85,173.1,166,172.15,77844
SUPRAJIT,20200702,153.1,153.45,147.2,148.85,220059
SUPREMEIND,20200702,1123,1145,1123,1134.65,21459
SURANASOL,20200702,8.3,8.3,7.8,8.05,24523
SURANAT&P,20200702,4.25,4.4,4.25,4.3,43573
SURYALAXMI,20200702,17.15,18.4,16.85,17.8,6176
SURYAROSNI,20200702,119.05,119.75,115,116.15,102694
SUTLEJTEX,20200702,22.25,22.4,21.1,22.15,31431
SUVEN,20200702,39,41.4,38.15,41.4,1046991
SUVENPHAR,20200702,488.95,515,488.9,494.05,305872
SUZLON,20200702,5.55,5.55,5.55,5.55,2297217
SWANENERGY,20200702,142.15,144.95,139.2,140.55,114200
SWARAJENG,20200702,1425,1426,1397.9,1407.9,8025
SWELECTES,20200702,112.3,119.85,112.3,116.6,35014
SWSOLAR,20200702,240,240,218.3,219.15,1614247
SYMPHONY,20200702,875.3,914,875.3,910.05,101102
SYNCOM,20200702,3.3,3.3,3.3,3.3,165971
SYNGENE,20200702,407,412.4,402,405.35,1086858
TAINWALCHM,20200702,46.75,48.95,46.75,47.95,5689
TAJGVK,20200702,162.5,168.3,153.45,156.65,346756
TAKE,20200702,49.7,51.25,48.7,49.2,183575
TALBROAUTO,20200702,108.65,111.95,106.5,108.85,26818
TANLA,20200702,73.35,73.35,72,72.25,116287
TANTIACONS,20200702,1.9,1.95,1.9,1.95,6644
TARMAT,20200702,23.15,25.5,23.15,24.3,2269
TASTYBITE,20200702,12488.1,13219,12364.95,12871,2341
TATACHEM,20200702,309.45,312.5,308,309.3,833257
TATACOFFEE,20200702,82.25,82.7,81.55,81.9,267376
TATACOMM,20200702,614.5,616.95,606.5,610.5,36464
TATACONSUM,20200702,385,395,384.55,390.8,2607208
TATAELXSI,20200702,903.35,926,903.35,911.05,827176
TATAINVEST,20200702,760.6,769.9,750.15,755.65,13337
TATAMETALI,20200702,489.85,502,489.35,490.7,33376
TATAMOTORS,20200702,100.75,102.95,100.4,101.55,48086112
TATAMTRDVR,20200702,41.15,41.7,40.6,41,2882155
TATAPOWER,20200702,46.65,50.7,45.75,49.8,112208004
TATASTEEL,20200702,327.05,337.5,324.55,334.9,11971928
TATASTLBSL,20200702,20.55,20.9,20.25,20.7,2280538
TATASTLLP,20200702,241,244.15,238.05,238.95,57543
TBZ,20200702,29.6,29.9,29.25,29.5,43980
TCI,20200702,169.15,173.2,168.8,169.05,22918
TCIDEVELOP,20200702,275.05,282.4,270,277.65,221
TCIEXP,20200702,678,681.7,654,658.75,45366
TCIFINANCE,20200702,7.9,7.9,7.55,7.55,2865
TCNSBRANDS,20200702,348.65,356.3,343.7,355.85,20020
TCPLPACK,20200702,264.65,268.5,254,260.55,3464
TCS,20200702,2102,2165,2098,2157.15,3758709
TDPOWERSYS,20200702,115.9,121.35,115,119.1,81837
TEAMLEASE,20200702,1668.95,1680.55,1630,1659.7,20967
TECHIN,20200702,2.8,2.8,2.8,2.8,750
TECHM,20200702,549.9,562.5,542.5,560.85,5966758
TECHNOE,20200702,188.95,197.75,184.1,186.2,12361
TECHNOFAB,20200702,10.35,10.35,10.35,10.35,14657
TEJASNET,20200702,49.5,49.9,48.75,48.95,134588
TERASOFT,20200702,26,26.3,24.65,25.55,45961
TEXINFRA,20200702,43.2,43.2,39.8,40.35,201405
TEXMOPIPES,20200702,14.15,14.8,13.5,14.45,146368
TEXRAIL,20200702,30.7,30.7,28.2,29.4,5424294
TFCILTD,20200702,42.85,42.85,38.85,40.75,2140298
TFL,20200702,3.2,3.2,3.2,3.2,1079
TGBHOTELS,20200702,3.7,3.9,3.6,3.9,8833
THANGAMAYL,20200702,255.15,263.15,254.85,259.3,16235
THEINVEST,20200702,102.95,108,102.95,106.35,10584
THEMISMED,20200702,341,352,341,345.05,1298
THERMAX,20200702,744,760,742.05,755,47985
THOMASCOOK,20200702,27.6,27.7,27,27.65,227540
THOMASCOTT,20200702,6.05,6.05,6.05,6.05,157
THYROCARE,20200702,507.95,522,505.25,511,76233
TI,20200702,19.2,20.8,19.2,19.45,238727
TIDEWATER,20200702,4110,4116.95,4077.5,4098.3,1167
TIIL,20200702,248.3,257,247.4,251.45,2170
TIINDIA,20200702,451,451,443.1,444.6,20225
TIJARIA,20200702,8.75,8.75,8.15,8.15,49500
TIL,20200702,141.15,147.65,141.15,146.3,6965
TIMESGTY,20200702,22.65,24.8,22.65,23.6,1850
TIMETECHNO,20200702,38.5,38.7,37.2,37.35,249052
TIMKEN,20200702,978.95,1084.5,968.35,1011.1,350979
TINPLATE,20200702,118.9,122.7,117.6,121.35,802520
TIPSINDLTD,20200702,138.95,142.75,134.3,136.65,9284
TIRUMALCHM,20200702,50.05,50.8,49.5,49.75,411845
TITAN,20200702,956.95,994,953.1,986.4,3845200
TMRVL,20200702,9.7,9.85,9.5,9.8,50152
TNPETRO,20200702,34.7,35.6,34.1,34.4,77189
TNPL,20200702,112.65,113.45,110,110.5,251765
TNTELE,20200702,2,2,1.9,1.9,34038
TOKYOPLAST,20200702,70.4,70.4,50.35,60.6,86754
TORNTPHARM,20200702,2354,2375.5,2329.1,2350.95,369749
TORNTPOWER,20200702,324,327.35,321.55,324.25,929558
TOUCHWOOD,20200702,46.75,46.75,44.45,45.9,648
TPLPLASTEH,20200702,108.55,113.65,108.55,110,7268
TREEHOUSE,20200702,4.85,4.85,4.65,4.7,64861
TREJHARA,20200702,9.4,9.55,9.1,9.55,35065
TRENT,20200702,616.05,630,606.85,610.45,164055
TRF,20200702,75.95,77.7,74.3,76.7,20611
TRIDENT,20200702,6.95,7,6.85,6.85,6228668
TRIGYN,20200702,33.25,35.95,33.25,34.15,54128
TRIL,20200702,11.9,12.7,11,11.45,594395
TRITURBINE,20200702,69.4,70.9,69,70.05,23725
TRIVENI,20200702,55.5,55.7,54.9,55.05,142718
TTKHLTCARE,20200702,436.35,450,430,439.6,1260
TTKPRESTIG,20200702,5410,5560,5410,5521.95,6415
TTL,20200702,29.55,30.95,28.75,29.25,3352
TTML,20200702,3.7,3.8,3.65,3.7,2889983
TV18BRDCST,20200702,36.05,36.4,34.9,35.15,4310177
TVSELECT,20200702,100.2,102.6,95.6,100,17582
TVSMOTOR,20200702,387,389.95,381.2,385.5,2343732
TVSSRICHAK,20200702,1388,1444.4,1388,1434.75,17483
TVTODAY,20200702,186,194,186,189.75,69572
TVVISION,20200702,2.2,2.2,2.15,2.2,4799
TWL,20200702,36.05,36.05,36.05,36.05,116948
UBL,20200702,1035,1060.95,1029.1,1055.7,625689
UCALFUEL,20200702,112.05,117,111.05,115.45,53156
UCOBANK,20200702,14.85,15.15,14.15,14.65,3544752
UFLEX,20200702,218.85,218.85,212,213.9,209142
UFO,20200702,73.95,74.9,72.15,72.85,177309
UGARSUGAR,20200702,14.1,14.2,14,14,77208
UJAAS,20200702,8.6,8.6,8.6,8.6,362406
UJJIVAN,20200702,235.7,241.3,229.5,238.95,6099468
UJJIVANSFB,20200702,30.3,30.7,29.85,30.2,1145253
ULTRACEMCO,20200702,3911,3947,3882,3914.95,294329
UMANGDAIRY,20200702,49.95,49.95,46.5,49.5,12811
UNICHEMLAB,20200702,174.25,190,174.25,180.5,190202
UNIENTER,20200702,60.7,62.85,59.6,60,3992
UNIONBANK,20200702,32.5,32.95,32.1,32.4,3526830
UNIPLY,20200702,7.45,7.45,7.25,7.45,1749817
UNITEDTEA,20200702,255,258.95,244.05,249.45,562
UNIVASTU,20200702,34.65,36,32.1,32.75,30821
UNIVCABLES,20200702,117.35,119.7,115.65,117.45,8604
UNIVPHOTO,20200702,94.4,95.7,89.6,94.75,1771
UPL,20200702,451.35,453.75,440.35,442.45,3807815
URJA,20200702,4.65,4.65,4.65,4.65,427616
USHAMART,20200702,19.5,20,19.15,19.25,181108
UTINEXT50,20200702,265,269.97,262.7,264.01,8029
UTINIFTETF,20200702,1113.5,1125.05,1113.5,1122.75,476
UTISENSETF,20200702,376,387.7,375.05,377.77,949
UTISXN50,20200702,276.16,300,276.12,292.28,28
UTTAMSTL,20200702,8.35,8.35,8.35,8.35,69828
UTTAMSUGAR,20200702,75.6,76.55,75.6,76.1,14928
UVSL,20200702,0.75,0.75,0.65,0.75,294726266
V2RETAIL,20200702,56.4,57,54.75,55.25,105384
VADILALIND,20200702,523.65,527,518.75,522.55,3487
VAIBHAVGBL,20200702,1298,1305,1270,1275.3,51919
VAISHALI,20200702,50.95,51,48,48.7,17281
VAKRANGEE,20200702,36,36,35.05,35.5,2308440
VARDHACRLC,20200702,32.9,32.9,31.05,31.45,23826
VARDMNPOLY,20200702,8.25,8.25,8.2,8.25,20261
VARROC,20200702,182.95,185.95,182,183.5,112388
VASCONEQ,20200702,10.35,10.35,9.85,9.95,271809
VASWANI,20200702,6,6.3,5.7,6.2,5766
VBL,20200702,694.5,704,678.7,681.5,133418
VEDL,20200702,108,108.65,106,106.4,12174342
VENKEYS,20200702,1103.05,1110,1090.8,1101.95,56537
VENUSREM,20200702,56.95,59.75,54.15,59.5,45618
VERTOZ,20200702,95.35,95.35,95.35,95.35,269114
VESUVIUS,20200702,925.05,938.65,916.3,919.05,1816
VETO,20200702,50,50,47.2,47.4,22975
VGUARD,20200702,170.05,171.25,170,170.75,220586
VHL,20200702,1161.1,1209.4,1152,1153.6,339
VICEROY,20200702,3.3,3.3,3.3,3.3,47034
VIDHIING,20200702,71.8,71.8,68.1,68.6,49922
VIJIFIN,20200702,1.15,1.15,1.05,1.05,315210
VIKASECO,20200702,4.05,4.15,3.95,4,2056515
VIKASMCORP,20200702,5.2,5.45,5.2,5.45,2781238
VIKASPROP,20200702,3.85,3.85,3.85,3.85,216695
VIKASWSP,20200702,6.35,6.65,6.25,6.65,377386
VIMTALABS,20200702,85.45,85.95,84.3,85.2,47481
VINATIORGA,20200702,963.4,979.8,960,963.7,39956
VINDHYATEL,20200702,736.95,748.2,730,734.1,6695
VINYLINDIA,20200702,92,93.65,91.1,91.8,53819
VIPCLOTHNG,20200702,8.45,9.25,8.45,9.25,130200
VIPIND,20200702,259,264.15,257.55,259.2,380438
VIPULLTD,20200702,16.15,16.15,14.7,15.1,8326
VISAKAIND,20200702,230.6,240,230.6,233.85,22528
VISASTEEL,20200702,7.55,7.55,7.55,7.55,20441
VISHAL,20200702,251,257.95,251,255,51079
VISHNU,20200702,127.15,132.65,127,129.25,10429
VISHWARAJ,20200702,82.45,82.9,78,81,19828
VIVIDHA,20200702,0.6,0.6,0.55,0.55,487396
VIVIMEDLAB,20200702,12.7,13.25,12.25,13.1,81050
VLSFINANCE,20200702,50.1,51.9,48.15,48.95,13532
VMART,20200702,1785,1831.9,1770,1809.85,14860
VOLTAMP,20200702,1056.5,1121.85,1028.3,1089.45,25187
VOLTAS,20200702,545,564.8,544.05,562.15,3237452
VRLLOG,20200702,162.9,163,160.45,161.1,65457
VSSL,20200702,60,62.9,59.25,60.15,5867
VSTIND,20200702,3112.05,3171,3112.05,3160.2,6819
VSTTILLERS,20200702,1363.95,1421,1350.6,1393.6,51988
VTL,20200702,658.7,672,655,667.15,12189
WABAG,20200702,109,111.5,105.65,110.45,251615
WABCOINDIA,20200702,6890,6890,6871,6879.2,2884
WALCHANNAG,20200702,49.3,54.1,49.3,54.1,919767
WANBURY,20200702,24,24,22.8,23.25,22141
WATERBASE,20200702,101.9,104.7,101.9,102.5,156368
WEBELSOLAR,20200702,20.25,21.5,20.05,20.3,71571
WEIZMANIND,20200702,25.9,25.9,23,24.9,9880
WELCORP,20200702,81,81.8,80.55,80.95,527784
WELENT,20200702,63.9,68.1,63.65,65.9,1082231
WELINV,20200702,210,223.9,210,222.9,386
WELSPUNIND,20200702,35.7,36.4,35.25,35.55,489520
WENDT,20200702,2669.05,2705.05,2651,2662.25,300
WESTLIFE,20200702,308.5,311.35,303.1,309.9,151421
WHEELS,20200702,447,455,440.75,444.7,23662
WHIRLPOOL,20200702,2068,2188,2050.05,2102.3,116739
WILLAMAGOR,20200702,17.45,17.6,16.6,16.85,9613
WINDMACHIN,20200702,14.95,15.2,14.7,14.8,13516
WIPL,20200702,50,50.1,50,50,5005
WIPRO,20200702,221,225.45,219.55,224.2,7179975
WOCKPHARMA,20200702,282,282.45,273.2,274.75,536877
WONDERLA,20200702,129.9,131.95,129,130,31098
WSI,20200702,1.85,1.85,1.75,1.75,62652
WSTCSTPAPR,20200702,188.5,193.7,187.55,189.35,138261
XCHANGING,20200702,46.75,46.75,43.15,45.15,24718
XELPMOC,20200702,72.5,73.8,69.35,72.85,1865
XPROINDIA,20200702,26.15,27.45,26.1,26.1,6760
YESBANK,20200702,27.3,27.3,26.05,26.25,15605957
ZEEL,20200702,177,179.25,173,174.4,13114943
ZEELEARN,20200702,16.3,16.35,15.8,16,683854
ZEEMEDIA,20200702,6.85,6.85,6.35,6.65,3454379
ZENITHEXPO,20200702,36.25,38.9,36.25,37.85,2239
ZENSARTECH,20200702,126.95,132.3,125.2,129.25,171823
ZENTEC,20200702,53.95,54.8,52.65,54.55,260031
ZICOM,20200702,2.9,2.9,2.9,2.9,9222
ZODIACLOTH,20200702,127.95,130,125.25,129.25,14098
ZODJRDMKJ,20200702,24.8,26.45,23.35,25.55,28313
ZOTA,20200702,141.05,145.3,141.05,144.2,3056
ZUARI,20200702,99,102,99,100.1,22018
ZUARIGLOB,20200702,53.55,54.65,52.1,53.9,26190
ZYDUSWELL,20200702,1275.85,1309.4,1271.6,1296.35,27568
NSENIFTY,20200702,10493.05,10598.20,10485.55,10551.70,597423931,0
NIFTYJUNIOR,20200702,25801.40,25975.95,25781.55,25947.50,246169547,0
NIFTYMIDCAPLIQ15,20200702,3407.45,3451.65,3404.85,3442.55,155438812,0
NSE100,20200702,10656.45,10757.80,10650.30,10716.10,843593478,0
NIFTY200,20200702,5434.70,5484.00,5431.45,5464.20,1832070513,0
NSE500,20200702,8602.45,8677.95,8598.80,8647.85,2239635423,0
NSEMIDCAP150,20200702,5671.25,5711.10,5666.20,5701.25,1024755657,0
MIDCAP50,20200702,4146.60,4176.60,4125.80,4170.85,920464642,0
NSEMIDCAP,20200702,14884.60,14966.55,14827.00,14944.75,988477035,0
NSESMLCAP100,20200702,4695.35,4710.00,4684.90,4695.65,-,0
NIFTYLARGEMIDCAP250,20200702,-,-,-,5369.14,1868349135,0
NIFTYAUTO,20200702,6761.00,6923.90,6751.95,6907.10,168680796,0
BANKNIFTY,20200702,22133.80,22344.85,21890.50,21953.20,398994350,0
NIFTYFINSERVICE,20200702,10912.35,11012.70,10845.15,10906.75,251571318,0
NIFTYFMGC,20200702,30352.50,30399.70,30136.50,30316.20,60014284,0
NSEIT,20200702,14803.50,15195.20,14782.45,15122.55,41173275,0
NIFTYMEDIA,20200702,1387.10,1394.05,1370.45,1373.15,22918652,0
NIFTYMETAL,20200702,2011.15,2020.80,1995.45,2017.00,117944585,0
NIFTYPHARMA,20200702,9845.35,9976.15,9832.65,9943.65,28839411,0
NIFTYPVTBANK,20200702,12137.30,12252.85,12011.60,12043.50,274351500,0
NIFTYPSUBANK,20200702,1485.45,1501.70,1469.30,1478.40,178123951,0
NIFTYREALTY,20200702,202.60,203.05,199.10,201.05,8319781,0
NIFTYCOMMODITIES,20200702,2879.30,2898.25,2874.05,2891.00,315501453,0
NIFTYCONSUMPTION,20200702,4823.35,4854.90,4803.95,4847.95,231986937,0
NIFTYCPSE,20200702,1440.20,1453.05,1436.30,1439.80,124845148,0
NIFTYENERGY,20200702,14538.75,14707.60,14509.55,14625.20,235131549,0
NIFTY100ESG,20200702,-,-,-,2050.98,660601850,0
NIFTY100ENHESG,20200702,-,-,-,2064.70,648600751,0
NIFTYINFRA,20200702,3050.20,3068.25,3037.60,3059.50,330985653,0
NIFTYMNC,20200702,13208.90,13235.20,13128.70,13198.40,438537875,0
NIFTYPSE,20200702,2508.15,2523.40,2499.65,2509.10,247399678,0
NIFTYSMEEMERGE,20200702,-,-,-,1196.96,627887,0
NIFTYSERVSECTOR,20200702,13980.45,14162.30,13973.40,14051.00,426030533,0
NIFTYSHARIAH25,20200702,-,-,-,4222.14,146718118,0
NIFTY50SHARIAH,20200702,-,-,-,2470.43,121768489,0
NIFTY500SHARIAH,20200702,-,-,-,2930.57,402416705,0
NIFTYABGROUP,20200702,-,-,-,2622.24,391021187,0
NIFTYMAHINDRA,20200702,-,-,-,8024.83,44234303,0
NIFTYTATA,20200702,-,-,-,6573.55,193822610,0
NIFTYTATA25CAP,20200702,-,-,-,4197.25,188317035,0
NIFTYABGROUP,20200702,-,-,-,2622.24,391021187,0
NIFTYLIQ15,20200702,2635.40,2644.50,2610.10,2627.10,294078898,0
NIFTY500VALUE50,20200702,-,-,-,2966.87,548096362,0
NIFTYALPHALOWVOL30,20200702,-,-,-,10966.23,100585299,0
NIFTYQUALLOWVOL30,20200702,-,-,-,7991.27,144463507,0
NIFTYALPHAQUALLOWVOL30,20200702,-,-,-,9181.05,151932376,0
NIFTYALPHAQUALVALLOWVOL30,20200702,-,-,-,7010.22,169481925,0
NIFTY50EQUALWEIGHT,20200702,10765.95,10838.85,10733.60,10816.10,597423931,0
NIFTY100EQUALWEIGHT,20200702,11924.70,12003.35,11897.55,11984.20,843593478,0
NIFTY100LOWVOL30,20200702,8365.80,8449.70,8360.00,8437.70,200997852,0
NSEDEFTY,20200702,-,-,-,4873.91,-,0
NIFTY50DIVPOINT,20200702,19.53,19.53,19.53,19.53,-,0
NIFTYDIVOPPS50,20200702,2274.50,2298.85,2272.30,2293.70,556019503,0
NIFTYALPHA50,20200702,13684.10,13835.85,13680.50,13795.20,132715368,0
NIFTY50ARBITRAGE,20200702,-,-,-,1900.14,-,0
NIFTY50FUTINDEX,20200702,-,-,-,3526.45,-,0
NIFTY50FUTTRINDEX,20200702,-,-,-,10851.56,-,0
NIFTYHIGHBETA50,20200702,-,-,-,1058.10,1179843620,0
NIFTYLOWVOL50,20200702,-,-,-,10309.50,184130163,0
NIFTY50VALUE20,20200702,5037.70,5111.50,5031.85,5097.90,240313969,0
NIFTYGROWSECT15,20200702,5341.45,5385.55,5317.15,5356.95,200026433,0
NIFTY50TR2XLEV,20200702,4622.90,4714.05,4620.30,4674.20,-,0
NIFTY50PR2XLEV,20200702,3517.80,3587.25,3515.80,3556.85,-,0
NIFTY50TR1XINV,20200702,364.40,364.55,360.75,362.35,-,0
NIFTY50PR1XINV,20200702,417.50,417.60,413.30,415.10,-,0
NIFTY-GS-COMPSITE,20200702,2234.27,2235.45,2233.31,2234.37,-,0
NIFTY-GS-4-8YR,20200702,2335.15,2336.91,2334.38,2335.66,-,0
NIFTY-GS-8-13YR,20200702,2189.42,2190.78,2188.35,2189.04,-,0
NIFTY-GS-10YR,20200702,1992.45,1994.97,1991.45,1992.05,-,0
NIFTY-GS-10YR-CLN,20200702,976.23,977.48,975.74,976.04,-,0
NIFTY-GS-11-15YR,20200702,2357.39,2359.02,2356.11,2357.08,-,0
NIFTY-GS-15YRPLUS,20200702,2590.85,2593.63,2587.64,2593.35,-,0
VIX,20200702,28.12,28.12,26.32,26.51,0,0
