20MICRONS,20200623,36.4,36.4,32.6,34.05,570884
21STCENMGM,20200623,10.95,10.95,10.75,10.95,1028
3IINFOTECH,20200623,2.6,2.7,2.6,2.6,10937732
3MINDIA,20200623,18690,18800,18180,18248.75,5922
3PLAND,20200623,6.4,6.4,6.4,6.4,320
5PAISA,20200623,192,200.9,192,199.85,30472
63MOONS,20200623,80,82,79.1,80.5,20834
A2ZINFRA,20200623,5.25,5.25,5.25,5.25,50843
AARTIDRUGS,20200623,1141,1240,1132.25,1206.95,245636
AARTIIND,20200623,978,978,962,969.6,333863
AARVEEDEN,20200623,12,12.15,11.65,12.15,28446
AAVAS,20200623,1378,1384.25,1305,1337.6,33581
ABAN,20200623,25.1,25.75,25,25.3,122642
ABB,20200623,838,859.9,832.15,854.85,226768
ABBOTINDIA,20200623,16000,16000,15696,15732.65,12769
ABCAPITAL,20200623,59.25,63.75,59,63.2,14794587
ABFRL,20200623,133.95,139.1,131.7,136.9,3215540
ABMINTLTD,20200623,12.4,12.4,12.4,12.4,15
ABSLBANETF,20200623,218.8,254,209.86,226.75,1169
ABSLNN50ET,20200623,242.9,270,242.9,259.33,235
ACC,20200623,1268.1,1306.7,1263.05,1302.2,1138470
ACCELYA,20200623,940,944.9,922.5,927.35,6459
ACE,20200623,57,58.7,57,57.7,358420
ADANIENT,20200623,157,161.8,155.55,157.2,4790124
ADANIGAS,20200623,150.7,153.85,149.5,150.95,3116168
ADANIGREEN,20200623,463.7,463.7,455.25,463.6,4101848
ADANIPORTS,20200623,350,357.2,346.75,355.65,2715738
ADANIPOWER,20200623,38,38.4,37.2,37.9,11481054
ADANITRANS,20200623,234.2,242.55,233.8,242.55,2123696
ADFFOODS,20200623,307,325,307,318.95,74083
ADHUNIKIND,20200623,20.8,21.1,19.6,21.1,184169
ADORWELD,20200623,256.2,268.95,255,262.2,47289
ADROITINFO,20200623,7.55,7.65,7.05,7.15,16339
ADSL,20200623,17.95,17.95,16.7,17.25,47851
ADVANIHOTR,20200623,45.7,47.15,44.9,45.9,12562
ADVENZYMES,20200623,167.3,183.05,167.3,181.9,576197
AEGISCHEM,20200623,194,212,191,198.85,775333
AFFLE,20200623,1496.85,1500,1480,1485.85,46252
AGARIND,20200623,69.9,71.9,67.05,68.35,33271
AGCNET,20200623,300.05,314.9,300.05,310.4,5350
AGRITECH,20200623,36.6,36.6,35.5,35.95,6943
AGROPHOS,20200623,14,15.15,14,15.15,139278
AHLEAST,20200623,142.9,145.25,140.1,140.55,520
AHLUCONT,20200623,194,207.9,194,199.55,31955
AHLWEST,20200623,270.2,274.15,265,265.9,631
AIAENG,20200623,1610,1624.95,1575.05,1589.5,39786
AIONJSW,20200623,14.4,14.6,14.05,14.25,256145
AIRAN,20200623,14.1,14.2,13.35,13.95,91575
AJANTPHARM,20200623,1479,1479,1453.75,1462.7,76852
AJMERA,20200623,92,93.7,89.25,91.35,186513
AKASH,20200623,92.4,92.4,87.8,88,380
AKSHARCHEM,20200623,202.05,217,202.05,212.85,33607
AKSHOPTFBR,20200623,7.25,7.35,7,7,415413
AKZOINDIA,20200623,1898.4,1905,1851.1,1864.4,21990
ALANKIT,20200623,18.85,19.75,18.1,19,3367005
ALBERTDAVD,20200623,501,508,494.95,496.85,15157
ALCHEM,20200623,6.3,6.3,6.3,6.3,44221
ALEMBICLTD,20200623,80,81.35,77.9,78.35,670189
ALICON,20200623,254.05,277.8,250,266.4,19002
ALKALI,20200623,47.5,51,47.3,48.05,24250
ALKEM,20200623,2320,2390.05,2302.4,2384.25,167237
ALKYLAMINE,20200623,2120.25,2285,2120.25,2171.2,280116
ALLCARGO,20200623,80.3,84.95,80.1,83.5,193585
ALLSEC,20200623,201.85,205.65,199.1,204.75,2961
ALMONDZ,20200623,12.25,12.4,11.35,11.55,4555
ALOKINDS,20200623,39.8,39.8,39.8,39.8,285318
ALPA,20200623,24.8,25.35,24.05,24.55,73103
ALPHAGEO,20200623,213,213,208.05,208.85,66166
ALPSINDUS,20200623,1.45,1.45,1.45,1.45,4010
AMARAJABAT,20200623,674.9,674.9,658,661.6,905750
AMBER,20200623,1557.7,1618.05,1540.1,1595.35,74623
AMBIKCO,20200623,694.9,715,691.25,704.15,5261
AMBUJACEM,20200623,191.8,196.2,191.1,193.25,4619623
AMDIND,20200623,15.1,15.4,15,15.3,8756
AMJLAND,20200623,21.2,21.5,20,20.2,46996
AMRUTANJAN,20200623,399,399.2,381.5,383.25,272152
ANANTRAJ,20200623,24.7,24.7,24,24.1,176009
ANDHRACEMT,20200623,8.05,8.05,8.05,8.05,130039
ANDHRAPAP,20200623,249.35,250.6,238.4,241.95,10490
ANDHRSUGAR,20200623,267.05,271.2,260,268.9,42212
ANIKINDS,20200623,9.85,10.75,9.85,10.75,19154
ANKITMETAL,20200623,0.65,0.7,0.65,0.7,19712
ANSALAPI,20200623,4.45,4.5,4.3,4.5,150716
ANSALHSG,20200623,4.65,4.65,4.65,4.65,22426
ANUP,20200623,340,348,340,345,7025
APARINDS,20200623,334.5,336.4,327.2,329.75,32439
APCL,20200623,136.05,140,134,135.9,11125
APCOTEXIND,20200623,144,148.8,135.4,137.6,964207
APEX,20200623,253.45,254.65,247.6,252,133781
APLAPOLLO,20200623,1604.6,1674.9,1600,1644.15,57086
APLLTD,20200623,945.85,946.8,921,924.9,268686
APOLLO,20200623,109.5,112,109.45,109.9,105487
APOLLOHOSP,20200623,1408,1422,1394.4,1416.1,630605
APOLLOPIPE,20200623,329.9,348.2,322.85,346.35,58359
APOLLOTYRE,20200623,113.25,114,111.4,112.05,8863435
APOLSINHOT,20200623,496.7,520.9,496.65,517,510
APTECHT,20200623,101.7,109.4,100.7,105.65,713343
ARCHIDPLY,20200623,22.5,26.9,22.45,26.9,351616
ARCHIES,20200623,12.8,13.2,12.1,13.2,160041
ARCOTECH,20200623,2.85,2.85,2.85,2.85,32292
ARENTERP,20200623,10.6,11.4,10.6,10.8,1140
ARIES,20200623,72.5,75.75,71,75.55,106828
ARIHANT,20200623,18.1,18.15,17.25,17.35,7621
ARIHANTSUP,20200623,28.7,29.9,28.55,28.85,18792
ARMANFIN,20200623,434.95,445.85,425,445.85,21846
AROGRANITE,20200623,27.9,27.9,26.05,27.2,16268
ARROWGREEN,20200623,49.1,49.15,48.05,49,11198
ARSHIYA,20200623,10.75,11.8,10.75,11.3,54505
ARSSINFRA,20200623,15.15,15.4,14.65,15.4,30402
ARTEMISMED,20200623,195,208,190.25,200.65,9629
ARVIND,20200623,34.05,34.65,33.8,33.95,1560424
ARVINDFASN,20200623,186,188.9,182.5,185.1,84801
ARVSMART,20200623,83.5,83.6,82,82.75,79444
ASAHIINDIA,20200623,179.5,189,176.35,186.35,40862
ASAHISONG,20200623,122.05,145,122,138.05,96760
ASAL,20200623,18.55,20.15,18.5,20.15,10391
ASALCBR,20200623,251,251,245.4,249,43424
ASHAPURMIN,20200623,40.05,41.55,39.65,41.55,66285
ASHIANA,20200623,63.15,63.15,57.7,63.15,251863
ASHIMASYN,20200623,7.25,7.35,6.65,7.2,505487
ASHOKA,20200623,69.45,69.65,64.45,66.75,3113371
ASHOKLEY,20200623,55.2,56.5,53.65,56.25,44077999
ASIANHOTNR,20200623,54.2,55.75,54.2,54.95,14260
ASIANPAINT,20200623,1659.85,1689,1641,1683.9,2335063
ASIANTILES,20200623,174,185.9,174,183.65,205669
ASPINWALL,20200623,106.25,108.65,99.55,107.2,1451
ASTEC,20200623,759,911.15,750.5,911.15,929504
ASTERDM,20200623,123,127.4,122.35,125.35,737023
ASTRAL,20200623,900,909.95,890,899,114040
ASTRAMICRO,20200623,96,99,94.55,97.55,861112
ASTRAZEN,20200623,3259.4,3263.25,3218,3236.35,18445
ASTRON,20200623,40.7,40.7,38.9,39.25,74158
ATFL,20200623,535.2,545.25,528.55,532.4,4123
ATLANTA,20200623,7.75,7.75,7.75,7.75,42120
ATLASCYCLE,20200623,43.3,43.3,43.3,43.3,5728
ATUL,20200623,4569.95,4583.8,4521,4579.35,21112
ATULAUTO,20200623,166,176,166,172.9,179420
AUBANK,20200623,524,535.95,520,535.95,607502
AURIONPRO,20200623,58.45,58.45,56.4,57.4,12385
AUROPHARMA,20200623,790.5,816.75,788.25,804.3,5478324
AUSOMENT,20200623,30.75,32,29.45,30.8,44181
AUTOAXLES,20200623,507,574,501.1,561.55,73237
AUTOIND,20200623,19.75,19.75,18.55,19,24497
AUTOLITIND,20200623,17.05,17.9,17,17.5,8270
AVADHSUGAR,20200623,189,191.5,183.6,188.7,101073
AVANTIFEED,20200623,476,479,470.35,474.25,333084
AVTNPL,20200623,39.8,41,39.8,40.45,145808
AXISBANK,20200623,430.5,445,430.4,443.65,30757921
AXISCADES,20200623,40.2,40.2,38.05,40.15,122418
AXISGOLD,20200623,4151,4199.95,4151,4190.3,1132
AXISNIFTY,20200623,1055,1100,1045.71,1056.16,274
AYMSYNTEX,20200623,27.2,27.2,25.5,26.35,26276
BAGFILMS,20200623,3.3,3.3,3.3,3.3,205334
BAJAJ-AUTO,20200623,2890,2910.1,2844.95,2862.15,1089948
BAJAJCON,20200623,152.75,155.55,152.4,153.85,823978
BAJAJELEC,20200623,435,440,402.5,413.25,775277
BAJAJFINSV,20200623,6275,6382,6090.8,6319.65,1981286
BAJAJHIND,20200623,7.55,7.55,7.25,7.55,6280459
BAJAJHLDNG,20200623,2800,2984.9,2760.1,2918.95,158949
BAJFINANCE,20200623,2899.95,3109.25,2833,3025.5,16187020
BALAJITELE,20200623,75.5,75.8,73.05,73.55,113995
BALAMINES,20200623,471,484.8,455.05,459.9,517737
BALAXI,20200623,127.4,127.4,119.3,126.75,4125
BALKRISHNA,20200623,15.65,15.8,15.65,15.8,23199
BALKRISIND,20200623,1247,1261.6,1232.45,1243.7,730074
BALLARPUR,20200623,1.2,1.2,1.2,1.2,740496
BALMLAWRIE,20200623,116,121.7,116,118.55,1854715
BALPHARMA,20200623,48.5,49.95,47.2,48.5,69532
BALRAMCHIN,20200623,133.3,135.3,132.6,134.85,1746482
BANARBEADS,20200623,45.9,48,42.5,43.4,25617
BANARISUG,20200623,1000,1042,988,1034.05,2474
BANCOINDIA,20200623,72.75,84.15,71.6,80.1,2423994
BANDHANBNK,20200623,316,357.9,315,350.85,24592968
BANG,20200623,16.5,18.35,16.5,18.35,12879
BANKBARODA,20200623,50.6,51.05,49.5,50.5,64519345
BANKBEES,20200623,223.9,238.2,217.85,224.58,1723233
BANKINDIA,20200623,51.9,53.4,51.65,53,5359900
BANSWRAS,20200623,88.75,94.5,88.25,89.85,72544
BASF,20200623,1185,1205,1173,1188.55,42043
BASML,20200623,107,107,96.05,98.05,6477
BATAINDIA,20200623,1353.95,1367.4,1327.05,1347.05,956097
BAYERCROP,20200623,5840,5987,5839.95,5942.9,17758
BBL,20200623,780.1,920.6,780.1,867.35,131466
BBTC,20200623,1072,1086.2,1046.35,1060.35,91858
BCG,20200623,9.5,9.5,9.5,9.5,728510
BCP,20200623,5.85,5.85,5.65,5.7,564571
BDL,20200623,270.8,275,268.15,270.8,73767
BEARDSELL,20200623,9.55,9.55,8.75,9.25,1901
BEDMUTHA,20200623,15.75,15.75,15.75,15.75,7151
BEL,20200623,81.85,83.75,80.5,83.3,22148717
BEML,20200623,660.4,671.7,650,658.65,868743
BEPL,20200623,44.3,44.9,43.15,43.5,542647
BERGEPAINT,20200623,506.5,519.8,506,515.5,1842622
BFINVEST,20200623,293,348.45,280.4,334.05,212396
BFUTILITIE,20200623,193.25,210.85,191.6,210.85,454211
BGRENERGY,20200623,36,39,35.3,37.4,554439
BHAGERIA,20200623,126.45,126.45,121.1,123.05,65269
BHAGYANGR,20200623,19.6,20.25,18.2,19.55,29923
BHAGYAPROP,20200623,21.4,22,20.7,21.6,15185
BHANDARI,20200623,1.5,1.5,1.5,1.5,43804
BHARATFORG,20200623,373.15,377.8,367,368.95,1895011
BHARATGEAR,20200623,44.25,45.5,41.2,44.95,10713
BHARATRAS,20200623,7140,7140,7000,7046.85,2798
BHARATWIRE,20200623,21,21.1,21,21.1,13953
BHARTIARTL,20200623,581.05,584.6,574.35,578.8,9762436
BHEL,20200623,34.1,35.4,33.7,34.9,91399070
BIGBLOC,20200623,28,28,27.85,27.85,222
BIL,20200623,101,111,101,109.55,13363
BILENERGY,20200623,1.5,1.5,1.5,1.5,57095
BINDALAGRO,20200623,12.4,12.7,12.3,12.7,70346
BIOCON,20200623,391,398.7,388,396.5,5777685
BIOFILCHEM,20200623,15.05,15.05,13.65,14.15,26289
BIRLACABLE,20200623,53.05,59,52.35,55.7,325085
BIRLACORPN,20200623,596.4,647.55,590,634.25,530644
BIRLAMONEY,20200623,36,37.7,34.2,35.65,743632
BIRLATYRE,20200623,36.15,36.15,36.15,36.15,55520
BKMINDST,20200623,1.25,1.25,1.25,1.25,47737
BLBLIMITED,20200623,6.45,6.45,6.45,6.45,130262
BLISSGVS,20200623,103.45,104.15,100.05,100.6,155870
BLKASHYAP,20200623,5.5,5.6,5.35,5.6,114153
BLS,20200623,48.75,49.5,45.9,48.1,92440
BLUECOAST,20200623,4.5,4.5,4.5,4.5,1419
BLUEDART,20200623,2005,2060,2005,2045.65,9088
BLUESTARCO,20200623,511.65,513.95,506.05,508.15,29253
BODALCHEM,20200623,61.75,64.1,61.65,62.8,1155318
BOMDYEING,20200623,80,80.75,75.75,76.95,3126794
BORORENEW,20200623,122.7,122.7,122.7,122.7,25315
BOSCHLTD,20200623,11384,11482.45,11192.05,11336.8,40342
BPCL,20200623,386,392.9,382.25,392,4173259
BPL,20200623,19.45,20.45,19.3,20.45,211091
BRFL,20200623,7.25,7.25,7.25,7.25,16453
BRIGADE,20200623,148.75,150,144,147.75,556346
BRITANNIA,20200623,3429.95,3504.9,3426.3,3467.05,765553
BRNL,20200623,37.35,40.4,37.05,38.05,146668
BROOKS,20200623,32.9,33.8,31.5,32.1,13185
BSE,20200623,504.8,504.8,456,460.4,1784676
BSELINFRA,20200623,1.25,1.3,1.25,1.3,81637
BSL,20200623,26.45,27.5,25.6,26.35,20951
BSLGOLDETF,20200623,4441,4441,4380.1,4400,355
BSLNIFTY,20200623,114.99,114.99,104.5,112.75,584
BSOFT,20200623,83.85,91,82,89.65,2843037
BURNPUR,20200623,1.8,1.8,1.8,1.8,3650
BUTTERFLY,20200623,131.8,139.4,128,136.85,282225
BVCL,20200623,12.55,13.6,12.5,13.35,3083
BYKE,20200623,11.5,12.25,11.25,12.05,87247
CADILAHC,20200623,362,368.85,361,367.05,2420026
CALSOFT,20200623,9.6,9.6,9.15,9.2,54427
CAMLINFINE,20200623,52.45,52.8,48.95,49.95,468323
CANBK,20200623,113.7,115.75,112.05,113.75,19628925
CANFINHOME,20200623,367.9,371,351.45,363.05,644843
CANTABIL,20200623,267.95,273.6,265,270.65,49911
CAPACITE,20200623,120.3,120.3,114.75,116.3,98042
CAPLIPOINT,20200623,368.8,369,358,359.1,224854
CAPTRUST,20200623,98.5,98.5,92.15,92.35,33145
CARBORUNIV,20200623,265,265,257.1,262.55,269989
CAREERP,20200623,157.9,167.4,148.4,151.25,129913
CARERATING,20200623,416,439,414.55,427.25,137559
CASTROLIND,20200623,126.7,130.8,125.5,127.05,2806225
CCHHL,20200623,3.5,3.65,3.35,3.6,81914
CCL,20200623,248,250,243.55,248.5,716779
CDSL,20200623,274.2,289,272.15,285.5,1868495
CEATLTD,20200623,937.8,950,931.55,938.9,114597
CEBBCO,20200623,13,13.95,12.6,13.65,69120
CELEBRITY,20200623,5.75,5.9,5.6,5.65,37477
CENTENKA,20200623,183.35,183.95,180.95,182.4,44806
CENTEXT,20200623,6,6,6,6,226970
CENTRALBK,20200623,16.9,17.65,16.9,17.4,2589030
CENTRUM,20200623,15.7,16.4,15.2,16.4,119467
CENTUM,20200623,284.75,289.95,278.45,283.4,10055
CENTURYPLY,20200623,121.3,122.2,119.5,120.25,333784
CENTURYTEX,20200623,324.35,326.9,312,316.5,1828250
CERA,20200623,2235,2307.35,2181.45,2228.2,5490
CEREBRAINT,20200623,29.1,31.55,29.1,31.15,177540
CESC,20200623,598,614.7,596.35,609.55,334324
CESCVENT,20200623,167.5,170,166.1,167.85,54650
CGCL,20200623,155.95,158.9,147.05,150.35,134689
CGPOWER,20200623,6.65,6.8,6.6,6.8,2985409
CHALET,20200623,144.5,148,142.5,144.25,125730
CHAMBLFERT,20200623,150.9,151,148,149.7,828562
CHEMBOND,20200623,144,145,140.1,140.95,13727
CHEMFAB,20200623,134.5,138,133.5,137.05,3633
CHENNPETRO,20200623,73.45,87.05,72.1,87.05,8863848
CHOLAFIN,20200623,206.45,211.45,196.55,204.15,20317673
CHOLAHLDNG,20200623,317,323,311.25,316.1,104248
CHROMATIC,20200623,0.85,0.85,0.85,0.85,61929
CIGNITITEC,20200623,289,291.75,280.75,283.1,29485
CIMMCO,20200623,17.95,18.35,17.2,17.85,67579
CINELINE,20200623,24.85,24.85,24,24.25,22982
CINEVISTA,20200623,7.1,7.15,7.1,7.1,18063
CIPLA,20200623,674,674,655.4,659.8,8287942
CLEDUCATE,20200623,44.65,47,44.1,46.95,27340
CLNINDIA,20200623,359.95,390.9,359.15,376.7,184817
CMICABLES,20200623,40.8,40.85,40,40.85,21431
CNOVAPETRO,20200623,6.4,6.6,6.4,6.6,201
COALINDIA,20200623,144.95,146.75,143.2,143.85,10955603
COCHINSHIP,20200623,306,307.75,302.3,305.45,376569
COLPAL,20200623,1390,1425,1386.3,1408,1308216
COMPINFO,20200623,13.8,14.05,13.2,13.4,146747
COMPUSOFT,20200623,9.85,10.1,9.7,9.9,66622
CONCOR,20200623,422,426.8,415.25,421.5,1561656
CONFIPET,20200623,20.75,20.8,19.9,20.15,493858
CONSOFINVT,20200623,30.25,30.3,30.25,30.3,1198
CONTROLPR,20200623,200.8,200.8,197,197.85,5535
CORALFINAC,20200623,26.1,26.1,26.1,26.1,5775
CORDSCABLE,20200623,40,40.3,37.15,38.1,43172
COROMANDEL,20200623,729.85,741,713.85,731.7,537065
COSMOFILMS,20200623,288.95,299,286.7,293.15,93567
COUNCODOS,20200623,1.5,1.55,1.45,1.55,70402
CPSEETF,20200623,18.05,18.67,17.9,18.61,2153700
CREATIVE,20200623,75.25,82.45,75.25,80.05,2136
CREATIVEYE,20200623,1.5,1.5,1.5,1.5,790
CREDITACC,20200623,578.8,582.55,530.25,559.6,354328
CREST,20200623,70.9,74,66.35,72.15,12113
CRISIL,20200623,1484.1,1487,1454.7,1468.15,17473
CROMPTON,20200623,227.4,231.5,225.25,230.45,1042372
CSBBANK,20200623,169.2,184.8,167.45,180.25,873315
CTE,20200623,18.1,18.5,17.8,18.15,17045
CUB,20200623,127.5,127.5,124.1,124.75,3646112
CUBEXTUB,20200623,12.3,12.8,11.9,12.5,2398
CUMMINSIND,20200623,398,408.4,395,399.65,1215367
CUPID,20200623,207.8,207.85,200,201.2,66375
CYBERTECH,20200623,44,48.7,43.25,44.25,113951
CYIENT,20200623,226.8,263.35,226,256.2,3895063
DAAWAT,20200623,39.95,42.75,39.45,41.65,3120404
DABUR,20200623,441.5,460,441.5,458.6,5596516
DALBHARAT,20200623,595.85,679.75,595,665.7,683730
DALMIASUG,20200623,116.8,116.8,109.7,112.15,236812
DAMODARIND,20200623,27,27.45,24.35,25.05,8840
DATAMATICS,20200623,49,50.4,47.6,50.4,31331
DBCORP,20200623,79.9,79.9,74,76.3,1096780
DBL,20200623,283.95,295,278.1,292.7,667122
DBREALTY,20200623,8,8.25,7.85,8.05,579750
DBSTOCKBRO,20200623,8.35,9.1,8.35,9,4916
DCAL,20200623,122,125.8,121.9,123.85,569804
DCBBANK,20200623,87,88.75,85,86.2,3549848
DCM,20200623,18.3,19.2,18.3,19.2,21701
DCMNVL,20200623,30.9,34.5,29.6,31.25,29637
DCMSHRIRAM,20200623,321.7,324.7,316.2,319.5,145398
DCW,20200623,12.8,13.7,12.65,13.15,1129633
DECCANCE,20200623,281.8,284,278.15,282.55,35571
DEEPAKFERT,20200623,115.7,122,114,119.15,1621751
DEEPAKNTR,20200623,502,511.9,498,501.5,1136905
DEEPIND,20200623,76.6,76.6,72.5,74.3,33627
DELTACORP,20200623,93.4,94.15,92.65,94.15,605181
DELTAMAGNT,20200623,25,25.45,23.2,24.1,16456
DEN,20200623,80.95,87.85,80.95,87.35,740394
DENORA,20200623,238.35,241,226.25,236.65,9083
DFMFOODS,20200623,187,196.45,184.75,193.1,106185
DGCONTENT,20200623,5.75,5.8,5.45,5.5,13811
DHAMPURSUG,20200623,132.65,133.55,130.6,131.45,579842
DHANBANK,20200623,16.3,16.8,15.55,15.75,5503288
DHANUKA,20200623,717,727.5,710,715.9,87454
DHFL,20200623,16.4,17,16.3,16.8,2475180
DHUNINV,20200623,181.35,189.45,179.2,182.15,1457
DIAMONDYD,20200623,650,686.4,637.65,653.45,302441
DICIND,20200623,352.05,359.5,342.85,347.35,11078
DIGISPICE,20200623,8.2,8.2,8.2,8.2,1203
DISHTV,20200623,9.1,9.1,9.1,9.1,273018
DIVISLAB,20200623,2360,2401.05,2322,2380.05,838036
DIXON,20200623,5565,6000,5565,5907.1,77160
DLF,20200623,162,170.25,159.5,168.65,16147689
DLINKINDIA,20200623,88,91.1,87.2,88.7,369158
DMART,20200623,2350.3,2375,2340,2359.9,175282
DOLAT,20200623,51,51.35,48.9,50.05,64544
DOLLAR,20200623,144,145,140,143.25,107219
DONEAR,20200623,30.8,30.8,29.15,29.95,46811
DPSCLTD,20200623,9.55,9.55,9.15,9.3,19358
DPWIRES,20200623,53,55.5,52.7,54.75,1019
DQE,20200623,1.7,1.7,1.7,1.7,39540
DREDGECORP,20200623,256.7,262.05,253.6,256.25,224979
DRREDDY,20200623,4047.9,4130,4040.1,4108.85,960083
DSSL,20200623,25.35,25.6,25,25.5,12431
DTIL,20200623,175.1,180.8,170,175.5,5189
DUCON,20200623,4.6,4.75,4.55,4.75,79955
DVL,20200623,70.85,71,66.2,68.5,18107
DWARKESH,20200623,25.45,25.6,24.8,25,712164
DYNAMATECH,20200623,638.95,639,615.5,622.25,2531
DYNPRO,20200623,125.75,129.5,124.75,127.2,49559
EASTSILK,20200623,0.95,0.95,0.95,0.95,436
EBANK,20200623,1966.1,2368,1966.1,2368,23
EBBETF0423,20200623,1064.96,1067.5,1064.51,1067.46,12039
EBBETF0430,20200623,1077.95,1082.98,1077,1082.02,5889
EBIXFOREX,20200623,493,493,450,459.4,3856
ECLERX,20200623,452.65,459.85,446,454.4,46953
EDELWEISS,20200623,50,50,50,50,303011
EICHERMOT,20200623,17610,18000,17610,17891.15,206418
EIDPARRY,20200623,277.7,278,262.3,269.1,742136
EIHAHOTELS,20200623,239.25,262,230.6,254.45,22070
EIHOTEL,20200623,70.8,74.9,69.15,73.6,866527
EIMCOELECO,20200623,337.95,348.8,320,333.75,6064
EKC,20200623,18.25,19.6,18.25,19.6,584777
ELECON,20200623,26.75,27.45,26.65,27.05,119622
ELECTCAST,20200623,14.9,15.9,14.75,15.65,1047264
ELECTHERM,20200623,121.55,132,121.5,123.95,9018
ELGIEQUIP,20200623,169,169,157.55,159.6,481914
ELGIRUBCO,20200623,14.9,15,14.55,14.6,17250
EMAMILTD,20200623,203.95,229.5,203.95,224.75,3082228
EMAMIPAP,20200623,84.45,84.45,79.35,80.85,10997
EMAMIREAL,20200623,40.8,40.8,38.15,39.85,25375
EMKAY,20200623,46.3,46.3,44.1,46.3,25291
EMMBI,20200623,68,70.2,67.9,70.2,20363
ENDURANCE,20200623,878.95,900,861.95,894.65,265744
ENERGYDEV,20200623,6.8,7.1,6.8,7.1,53835
ENGINERSIN,20200623,71.6,73.65,71.5,72.15,2113268
ENIL,20200623,167,167,163.9,166.85,101748
EQUITAS,20200623,55.85,56.8,52.7,54.4,16973678
ERIS,20200623,470,479.9,465.05,469.65,75540
EROSMEDIA,20200623,18.6,19,17.2,17.8,1518157
ESABINDIA,20200623,1335,1398,1316,1376.95,18455
ESCORTS,20200623,985,985,962.6,970.65,1357570
ESSARSHPNG,20200623,8.25,8.8,8.25,8.4,80181
ESSELPACK,20200623,196.9,197,188.05,189.25,91746
ESTER,20200623,51.85,51.85,51.85,51.85,51954
EUROMULTI,20200623,0.7,0.7,0.7,0.7,9616
EUROTEXIND,20200623,9.35,9.35,9.35,9.35,450
EVEREADY,20200623,79.8,83,78.5,81.65,497051
EVERESTIND,20200623,221.5,221.9,215.3,218,75994
EXCEL,20200623,1.15,1.15,1.1,1.15,40786
EXCELINDUS,20200623,723.7,744.5,723.7,733.65,18948
EXIDEIND,20200623,154.95,157,154,154.4,2488210
EXPLEOSOL,20200623,295,296,286,288.55,13593
FACT,20200623,45.7,46.5,45.2,45.55,484623
FAIRCHEM,20200623,574.7,589.6,571,579.7,53458
FCL,20200623,27.45,27.95,27.2,27.8,271540
FCONSUMER,20200623,15.95,15.95,15.95,15.95,121381
FCSSOFT,20200623,0.45,0.5,0.4,0.5,8728347
FDC,20200623,277.95,296.4,274,288.85,1736848
FEDERALBNK,20200623,55,57,54.5,56.45,53398275
FEL,20200623,14.35,14.35,14.35,14.35,464524
FELDVR,20200623,15.8,15.8,15.8,15.8,192096
FIEMIND,20200623,340.8,385.7,340.8,366.15,254268
FILATEX,20200623,28.7,29,28,28.4,439944
FINCABLES,20200623,318.7,321,301,312.3,175869
FINEORG,20200623,1929.9,1948.95,1903,1910.9,11215
FINPIPE,20200623,484,488.75,471,481.35,30183
FLEXITUFF,20200623,8.3,8.3,8.25,8.3,784312
FLFL,20200623,159.45,159.45,153,158.1,503746
FLUOROCHEM,20200623,392.2,392.2,373.5,388.15,14671
FMGOETZE,20200623,410.5,420.5,408,419,1572
FMNL,20200623,26.95,26.95,26.95,26.95,44752
FORCEMOT,20200623,964,994.85,956.95,975.25,88710
FORTIS,20200623,121,129.8,121,127.1,7084326
FOSECOIND,20200623,1005.1,1030,1005.1,1030,964
FRETAIL,20200623,123.05,123.05,123.05,123.05,244948
FSC,20200623,146.7,146.7,146.7,146.7,45648
FSL,20200623,41.6,42.75,40.75,42.05,2852434
GABRIEL,20200623,95.65,96.95,93,94.65,74587
GAEL,20200623,136,139.9,133.95,136.5,52853
GAIL,20200623,99.85,100.25,97.8,99.25,12226362
GAL,20200623,3.05,3.05,3.05,3.05,24187
GALAXYSURF,20200623,1487.3,1490,1458.8,1465.85,13049
GALLANTT,20200623,29.3,34.45,29.1,34,121663
GALLISPAT,20200623,27,27.5,25.45,27,6512
GAMMNINFRA,20200623,0.8,0.8,0.8,0.8,3399968
GANDHITUBE,20200623,191.2,194.05,182.1,187.8,11011
GANECOS,20200623,254.45,254.45,231.1,240.05,42384
GANESHHOUC,20200623,28.5,28.5,28.5,28.5,51239
GANGESSECU,20200623,37.5,38.95,33.1,36.05,5477
GARDENSILK,20200623,11.2,11.2,11.2,11.2,12032
GARFIBRES,20200623,1393.55,1393.55,1350,1359.2,9301
GATI,20200623,45.2,48.25,45.2,46.8,491916
GAYAHWS,20200623,0.4,0.4,0.4,0.4,464031
GAYAPROJ,20200623,18,18.2,16.95,17.35,438711
GBGLOBAL,20200623,4.75,5,4.75,4.95,2867
GDL,20200623,88.3,92,86.4,89.45,215153
GEECEE,20200623,70.5,71.1,70,70.25,4337
GEEKAYWIRE,20200623,67,68,64.6,67.6,4176
GENESYS,20200623,34.35,35.1,32.85,34.7,34673
GENUSPAPER,20200623,5.2,5.2,5,5.1,284780
GENUSPOWER,20200623,22.3,22.8,21,21.4,342064
GEOJITFSL,20200623,26.85,28.85,26.75,28.6,879728
GEPIL,20200623,480.5,480.5,457.25,462.55,79376
GESHIP,20200623,221.95,222,217,219.65,141700
GET&D,20200623,76.55,80.25,76.45,80.25,434401
GFLLIMITED,20200623,110,110,102.5,103.85,100294
GFSTEELS,20200623,2.75,2.75,2.75,2.75,183
GHCL,20200623,147,153.4,145.45,151.35,393411
GICHSGFIN,20200623,89.8,90.5,87.55,89.15,583215
GICRE,20200623,155.95,156.75,153.9,154.55,234292
GILLANDERS,20200623,28.5,31.35,28.5,31.35,7738
GILLETTE,20200623,4858.05,4943.9,4820,4900.65,32513
GINNIFILA,20200623,9.35,11,8.9,10.8,356671
GIPCL,20200623,67.8,79.4,66.25,75.3,3119387
GKWLIMITED,20200623,476.5,486.95,476.5,485.45,204
GLAXO,20200623,1459,1525,1450.05,1511,156652
GLENMARK,20200623,550,550,475.25,485,65123688
GLOBALVECT,20200623,56.7,56.7,52.25,52.9,56691
GLOBOFFS,20200623,5.55,5.55,5.55,5.55,6330
GLOBUSSPR,20200623,126,134.45,123.95,133.3,288412
GMBREW,20200623,424.7,436,421.25,427.1,280394
GMDCLTD,20200623,46,46.5,44.15,44.95,2097144
GMMPFAUDLR,20200623,4150,4280,4012.5,4120.75,31386
GMRINFRA,20200623,21.25,21.8,21.05,21.65,11164248
GNA,20200623,188,199,185.4,196.75,192008
GNFC,20200623,157.4,163.7,155.55,161.6,2174736
GOACARBON,20200623,228.05,241.8,225.1,233.35,89129
GOCLCORP,20200623,184,187.5,182,184.65,6565
GODFRYPHLP,20200623,972.5,1019.5,964.55,1002.35,153280
GODREJAGRO,20200623,431.9,451.4,427.5,449.95,510889
GODREJCP,20200623,664,671,650.05,664.95,2304599
GODREJIND,20200623,407.4,414.9,403.15,411.55,233223
GODREJPROP,20200623,915,922.1,898.1,901.8,312311
GOKEX,20200623,38.6,38.85,37.1,38.3,214907
GOKUL,20200623,17.15,17.15,17.15,17.15,9625
GOKULAGRO,20200623,18.25,18.25,18,18.25,51458
GOLDBEES,20200623,43.07,43.07,42.01,42.22,3277455
GOLDENTOBC,20200623,27.95,27.95,26.15,27.05,17679
GOLDIAM,20200623,113.55,115.95,109.05,113.15,56209
GOLDSHARE,20200623,4410,4598,4280,4322.45,1145
GOLDTECH,20200623,8.85,8.85,8.5,8.7,25256
GOODLUCK,20200623,43.3,43.95,40.65,40.95,122952
GPIL,20200623,158.4,171.25,155,170.05,264951
GPPL,20200623,74.5,79.4,73.35,76.45,2032593
GPTINFRA,20200623,24.8,25.6,24,24.85,69566
GRANULES,20200623,207.9,216,206.1,211.1,3178932
GRAPHITE,20200623,190.45,198.25,187.2,197.05,693917
GRASIM,20200623,622.6,634.35,613.05,622.35,3182056
GRAVITA,20200623,44.6,45.85,44,45.1,93635
GREAVESCOT,20200623,84.6,87.5,83.5,85.4,571408
GREENLAM,20200623,770,805,735.55,794.35,8704
GREENPANEL,20200623,38.6,38.6,38.6,38.6,25558
GREENPLY,20200623,92.9,95.7,91.35,92.35,284240
GREENPOWER,20200623,2.9,2.9,2.9,2.9,2979846
GRINDWELL,20200623,510,510.75,500.5,501.9,33243
GROBTEA,20200623,401.5,424,401.5,414.7,282
GRPLTD,20200623,680,682.9,655.05,674.25,915
GRSE,20200623,220.5,222,207,209.8,854433
GSCLCEMENT,20200623,28.15,30.7,28.15,29.55,550665
GSFC,20200623,53.7,55.7,53.4,54.55,1711157
GSPL,20200623,223,223.8,215.7,216.55,920429
GSS,20200623,28.85,28.9,27,27.5,51710
GTLINFRA,20200623,1,1,1,1,13975998
GTNIND,20200623,9.6,9.65,9.6,9.65,7092
GTNTEX,20200623,6.25,6.55,6.05,6.55,41332
GTPL,20200623,68.35,68.35,68.35,68.35,13001
GUFICBIO,20200623,79.4,81.7,77.45,78.85,189864
GUJALKALI,20200623,334,343.5,330,334.85,152018
GUJAPOLLO,20200623,172.1,180,172,175.5,12126
GUJGASLTD,20200623,292,293.4,288.1,290.55,721484
GUJRAFFIA,20200623,11.75,11.75,10.65,11.75,713
GULFOILLUB,20200623,652,653.95,630,634.1,57060
GULFPETRO,20200623,46.25,47.75,45.5,47.25,59538
GULPOLY,20200623,35.95,36,34.55,35.85,14651
GVKPIL,20200623,3.15,3.3,3.1,3.3,19242062
HAL,20200623,715,717.45,707,712.1,27809
HARITASEAT,20200623,372,408.8,361,380.75,5988
HARRMALAYA,20200623,76.5,80.1,75,78.1,170975
HATHWAY,20200623,34,36.6,33.55,35.8,5274481
HATSUN,20200623,625,625,580,607.15,53925
HAVELLS,20200623,582,589.4,573.7,577.3,2902092
HAVISHA,20200623,0.55,0.55,0.5,0.5,555156
HBLPOWER,20200623,17.15,17.4,16.55,16.75,1138213
HBSL,20200623,4.9,5.05,4.9,5.05,1375
HCC,20200623,5.65,5.65,5.65,5.65,592522
HCG,20200623,123.35,123.5,121.3,121.85,192889
HCL-INSYS,20200623,8.55,8.55,8.15,8.55,780268
HCLTECH,20200623,569.7,583.5,563.75,580.25,4522086
HDFC,20200623,1820,1845,1803.05,1838.1,5043383
HDFCAMC,20200623,2490,2554,2472,2505.05,1116244
HDFCBANK,20200623,1039,1045,1016.55,1042.3,14415640
HDFCLIFE,20200623,524.25,544.6,520.4,537.05,5813524
HDFCMFGETF,20200623,4340,4340,4300,4321.55,17409
HDFCNIFETF,20200623,1080,1096.64,1080,1090.47,2709
HDFCSENETF,20200623,3670,3700,3600.09,3699.99,71
HEG,20200623,879.9,938,878,911.85,524093
HEIDELBERG,20200623,183.2,193.8,181.2,189.05,1067374
HERCULES,20200623,74.05,78.25,74.05,76.25,112227
HERITGFOOD,20200623,251.8,264.9,251.8,261.25,37136
HEROMOTOCO,20200623,2444.95,2444.95,2405.6,2418.85,996774
HESTERBIO,20200623,1369.9,1394,1289,1305.8,25185
HEXATRADEX,20200623,16.85,17.6,16.3,16.55,34508
HEXAWARE,20200623,322,322.95,314,320,1703206
HFCL,20200623,13.35,13.8,12.8,13.8,3833596
HGINFRA,20200623,191.9,192,187.5,189.75,18392
HGS,20200623,668.9,668.9,650,659.1,8950
HIKAL,20200623,129.9,131.95,124.55,125.9,1325588
HIL,20200623,1194,1280,1190,1260.95,112594
HILTON,20200623,9.75,9.8,9.35,9.45,16759
HIMATSEIDE,20200623,68,68.8,66.25,67.45,572317
HINDALCO,20200623,152.9,159.5,150.6,158.35,22570976
HINDCOMPOS,20200623,162.2,167.45,162.2,163.8,3037
HINDCOPPER,20200623,32.05,33.3,32,32.95,1478600
HINDMOTORS,20200623,6.15,6.15,6.15,6.15,58488
HINDNATGLS,20200623,35.25,36,34.5,35.1,1076
HINDOILEXP,20200623,72.85,75.75,71.7,73.4,647219
HINDPETRO,20200623,239,242.1,233.1,237.6,7666507
HINDUNILVR,20200623,2115,2172,2101.6,2155.95,4309193
HINDZINC,20200623,190,195.05,186.2,187.95,1496547
HIRECT,20200623,141.85,142,135.3,138,10246
HISARMETAL,20200623,78,78.05,73.4,74.2,28390
HITECH,20200623,110,111,105.1,109.1,16264
HITECHCORP,20200623,90,90,80.65,83.05,7027
HITECHGEAR,20200623,118.5,118.7,117.5,118.7,4240
HLVLTD,20200623,5.75,5.75,5.45,5.65,341819
HMVL,20200623,50.9,53.2,49.2,52.35,83018
HNDFDS,20200623,495.95,511.3,495.95,505,4662
HNGSNGBEES,20200623,355.01,361,350.2,357.63,854
HONAUT,20200623,28700,28950,28550,28813.7,1538
HONDAPOWER,20200623,1050.35,1080,1016.9,1038.5,13830
HOTELRUGBY,20200623,1.55,1.55,1.55,1.55,20965
HOVS,20200623,45.55,46.9,43.2,45.75,2935
HPL,20200623,38.3,38.35,35.55,36.4,264722
HSCL,20200623,51.25,51.7,49.55,50.75,2267446
HSIL,20200623,53.5,53.9,51.75,51.95,434432
HTMEDIA,20200623,14.15,14.75,14.15,14.45,202708
HUBTOWN,20200623,11.3,11.3,10.85,11.05,196594
HUDCO,20200623,27.25,28.25,27,27.95,3356794
IBMFNIFTY,20200623,115,122,115,121.47,1596
IBREALEST,20200623,53.6,53.6,53.6,53.6,193098
IBULHSGFIN,20200623,251,263.25,235.4,240.3,60999868
IBULISL,20200623,49.25,49.25,49.25,49.25,36365
IBVENTURES,20200623,97.25,97.25,97.25,97.25,55914
ICICI500,20200623,140.84,140.89,137.5,139.1,333163
ICICIB22,20200623,25.96,26.15,25.3,26.08,348059
ICICIBANK,20200623,369,378.3,364.2,376.15,32495431
ICICIBANKN,20200623,217.86,222.9,215.16,221.69,74690
ICICIBANKP,20200623,119,121,117.57,120.42,24539
ICICIGI,20200623,1272,1305,1272,1290.45,712107
ICICIGOLD,20200623,42.71,43.65,42.71,43.1,185662
ICICILIQ,20200623,999.95,1000,999.95,1000,9182
ICICILOVOL,20200623,83,88,76,86.95,3141
ICICIM150,20200623,57.5,57.99,56.11,57.9,1289
ICICIMCAP,20200623,57.6,57.6,55.61,56.19,7429
ICICINF100,20200623,112,114.7,111.99,114.35,5586
ICICINIFTY,20200623,105.4,110.5,104.3,110.38,419376
ICICINV20,20200623,50,52.4,47,50.95,4509
ICICINXT50,20200623,27,29,25.65,26.05,81081
ICICIPRULI,20200623,418.95,429.45,410.45,426.95,5202676
ICICISENSX,20200623,376.8,387.9,369.32,378.51,1871
ICIL,20200623,41.85,41.85,39.3,40.35,206699
ICRA,20200623,2518,2565,2502.5,2510.4,3759
IDBI,20200623,34.2,34.7,33.6,34.6,6539436
IDBIGOLD,20200623,4470,4480.05,4450.05,4463.7,97
IDEA,20200623,10.1,10.5,10,10.25,442667414
IDFC,20200623,21.85,21.95,20.85,21.2,21417282
IDFCFIRSTB,20200623,28.7,29.2,27.8,28.4,73667386
IDFNIFTYET,20200623,106,107.14,106,106.03,575
IEX,20200623,192,192.35,186.2,186.8,403135
IFBAGRO,20200623,286.3,292.5,284.55,286,4732
IFBIND,20200623,409.9,411,400,403.65,35225
IFCI,20200623,7.75,7.9,7.25,7.4,8620717
IFGLEXPOR,20200623,139.95,139.95,126.95,132.3,3355
IGARASHI,20200623,299.7,314,295,300.25,495742
IGL,20200623,450,455.75,448.3,453.55,3354661
IGPL,20200623,151.85,151.85,144.25,149.1,30783
IIFL,20200623,73.7,74.4,71.8,72.95,714686
IIFLSEC,20200623,39.95,40.9,38.6,39.85,1252170
IIFLWAM,20200623,973,1015.95,953.95,1001.3,9094
IITL,20200623,65,65,59.1,60.35,362
IMAGICAA,20200623,5.4,5.4,5.4,5.4,183935
IMFA,20200623,164,164,157.1,161,13583
IMPAL,20200623,524.35,524.35,510,516.1,2338
IMPEXFERRO,20200623,0.45,0.5,0.45,0.5,10035
INDBANK,20200623,7.4,7.4,7.1,7.25,172934
INDHOTEL,20200623,85.3,85.3,83,83.8,1621960
INDIACEM,20200623,131,133.9,130.4,131.7,3894731
INDIAGLYCO,20200623,295,301.9,290.7,297.95,287761
INDIAMART,20200623,2365,2420,2350,2368.35,50912
INDIANB,20200623,67,72.95,66.4,68.95,29751493
INDIANCARD,20200623,93.5,95.95,91.2,95.2,2207
INDIANHUME,20200623,163.5,170,161.1,168.3,246256
INDIGO,20200623,1047.2,1079,1035.6,1072.1,1204984
INDLMETER,20200623,15.85,15.85,15.2,15.65,2725
INDNIPPON,20200623,288.05,297.7,285,291.4,33795
INDOCO,20200623,223,225.7,220,222.1,231101
INDORAMA,20200623,18.1,18.2,17,18.2,71566
INDOSTAR,20200623,285.95,285.95,284.55,285.35,835124
INDOTECH,20200623,103.9,103.9,97.65,99.35,8554
INDOTHAI,20200623,19.95,19.95,18.25,18.85,14924
INDOWIND,20200623,3.25,3.3,3.1,3.3,98259
INDRAMEDCO,20200623,58.8,62.95,54,61.55,8766708
INDSWFTLAB,20200623,38.9,39.45,36.6,37,58809
INDSWFTLTD,20200623,3.6,3.6,3.6,3.6,52712
INDTERRAIN,20200623,37.05,38,36.35,36.8,458421
INDUSINDBK,20200623,499,524,497.2,520.4,45717490
INEOSSTYRO,20200623,644.95,698.5,640,681.95,15870
INFIBEAM,20200623,64.6,64.6,60.9,64.6,1862383
INFOBEAN,20200623,114.9,114.95,100.1,105.85,40660
INFRABEES,20200623,316.07,320.47,316.07,319.38,1211
INFRATEL,20200623,227.7,233.4,224.2,232.35,10533922
INFY,20200623,695.7,724.5,692.1,720.65,12157486
INGERRAND,20200623,638.4,638.7,637.15,638.05,17292
INOXLEISUR,20200623,249.95,259,245,257.4,740779
INOXWIND,20200623,39.75,41.7,39.45,41.7,335277
INSECTICID,20200623,501.9,530,500.4,518.75,213313
INSPIRISYS,20200623,26.25,26.3,23.4,24.95,6208
INTEGRA,20200623,0.4,0.4,0.4,0.4,460
INTELLECT,20200623,117.9,117.9,112.2,112.75,177879
INTENTECH,20200623,26.3,26.85,24.55,24.75,45137
INVENTURE,20200623,14.95,15.3,14.5,14.7,38997
IOB,20200623,10.35,11.2,10.3,10.85,21430065
IOC,20200623,88.8,90.5,88.15,89.35,31797103
IOLCP,20200623,388,421,386.1,417.25,2564373
IPCALAB,20200623,1647.95,1675,1640.15,1672.15,247932
IRB,20200623,81.7,94.85,81.65,91.15,17122476
IRCON,20200623,91.2,98.3,90.6,94.2,3340602
IRCTC,20200623,1426,1497.5,1418,1450.8,2551183
ISEC,20200623,474.7,496.55,472,478,604255
ISFT,20200623,49.45,49.95,48,49.95,7792
ISMTLTD,20200623,5.6,5.6,5.6,5.6,55666
ITC,20200623,185.4,187.5,184.75,185.85,26547403
ITDC,20200623,210,213,210,211.05,25475
ITDCEM,20200623,49.4,58.9,49.4,53.85,2438706
ITI,20200623,103,107.45,100.75,103.7,2989055
IVC,20200623,3.4,3.55,3.35,3.5,182911
IVP,20200623,41.75,44.55,40.6,43.2,1902
IVZINGOLD,20200623,4369,4398,4345,4350.1,24
IVZINNIFTY,20200623,1104,1106.6,1104,1106.6,13
IZMO,20200623,20.3,21.1,19.8,20.3,20609
J&KBANK,20200623,16.15,17.45,16.15,17.45,9315225
JAGRAN,20200623,41.45,44.6,41.45,42.8,3245855
JAGSNPHARM,20200623,36.9,37.25,36.7,37.25,76571
JAIBALAJI,20200623,21.6,21.9,20.2,21.6,39087
JAICORPLTD,20200623,88.6,88.9,85.5,86.7,1917088
JAINSTUDIO,20200623,1.95,1.95,1.95,1.95,1158
JAMNAAUTO,20200623,30.75,32.7,30.5,32.45,2577748
JASH,20200623,175.95,175.95,161,161.2,11303
JAYAGROGN,20200623,103,107.9,102.5,104.1,15537
JAYBARMARU,20200623,189.95,207.8,183.05,207.8,458211
JAYNECOIND,20200623,3.6,3.75,3.6,3.75,31361
JAYSREETEA,20200623,47.4,49.1,46,47.75,267168
JBCHEPHARM,20200623,725,733,720,723.35,135883
JBFIND,20200623,13.55,13.55,13.55,13.55,7716
JBMA,20200623,191.3,229.55,187.6,229.55,599881
JCHAC,20200623,2549,2549,2360,2432.15,17738
JHS,20200623,15.1,15.1,15.1,15.1,60572
JIKIND,20200623,0.85,0.85,0.8,0.85,202921
JINDALPHOT,20200623,16.05,17,16,16.45,16839
JINDALPOLY,20200623,334.2,365,334.2,361.45,294079
JINDALSAW,20200623,59.65,63.9,59.3,62.15,3787134
JINDALSTEL,20200623,145,148.2,144.65,146.25,7806779
JINDRILL,20200623,76.1,78.5,71.6,76.25,4261
JINDWORLD,20200623,36.9,38.7,35.1,38.55,119245
JISLDVREQS,20200623,10.05,10.2,9.95,10.2,65149
JISLJALEQS,20200623,10,10,10,10,714231
JITFINFRA,20200623,6.95,6.95,6.35,6.95,12756
JIYAECO,20200623,11.85,11.85,11.05,11.85,177713
JKCEMENT,20200623,1398,1424.45,1389.05,1395.5,63292
JKIL,20200623,95.35,102.5,95.35,100.5,254690
JKLAKSHMI,20200623,263,264.95,257.5,261.15,276260
JKPAPER,20200623,104.55,104.55,101.6,102.45,1447558
JKTYRE,20200623,64.8,67.2,63.1,66.2,2207492
JMA,20200623,23,24,20.45,22.2,7942
JMCPROJECT,20200623,51.8,52.1,49.5,50.45,106609
JMFINANCIL,20200623,73.25,74.3,72,72.35,1221048
JMTAUTOLTD,20200623,5,5,5,5,152126
JOCIL,20200623,170.25,173.95,166.65,169.05,15420
JPASSOCIAT,20200623,2.1,2.1,2.1,2.1,279061
JPINFRATEC,20200623,1.6,1.6,1.6,1.6,182903
JPOLYINVST,20200623,18.15,18.7,17.05,18.55,3780
JPPOWER,20200623,1.7,1.7,1.7,1.7,432236
JSL,20200623,38,39,37.6,38.5,591941
JSLHISAR,20200623,64.9,66.9,63.9,66.15,324548
JSWENERGY,20200623,50.6,51.95,49.65,51.35,5333125
JSWHL,20200623,1977.95,1989.75,1927.2,1977.65,876
JSWSTEEL,20200623,198.1,203.9,198.1,201.65,14850064
JTEKTINDIA,20200623,67.5,68.4,64,66.1,887391
JUBILANT,20200623,657,686.9,648,675.65,528659
JUBLFOOD,20200623,1695,1763.75,1670.15,1754.7,1075643
JUBLINDS,20200623,114,115,111.85,112.45,15280
JUMPNET,20200623,55.45,55.45,48.8,52.4,1500585
JUNIORBEES,20200623,264.5,273,264.5,272.54,98512
JUSTDIAL,20200623,371,407,371,389.75,8941639
JYOTHYLAB,20200623,116,126.75,114.75,124.85,1972221
KABRAEXTRU,20200623,56.75,59.3,55,57.2,79703
KAJARIACER,20200623,397.7,416,395.55,404.4,659005
KAKATCEM,20200623,158.95,164.05,156,162.15,39981
KALPATPOWR,20200623,220,225.5,218.25,221.6,680079
KALYANIFRG,20200623,147,147,138.65,141.05,478
KAMATHOTEL,20200623,29.8,29.8,27.1,28.05,187792
KAMDHENU,20200623,76,79,76,78.55,20329
KANANIIND,20200623,3.4,3.4,3.25,3.25,5600
KANORICHEM,20200623,35.05,35.6,34.55,35.1,17055
KANSAINER,20200623,400,404.9,397,402.6,159632
KAPSTON,20200623,97.95,97.95,93.45,96,136
KARDA,20200623,241.25,253.2,241.25,249.65,11357
KARMAENG,20200623,11.5,11.55,11.4,11.55,3068
KARURVYSYA,20200623,28.2,32.8,28,32.3,14248844
KAUSHALYA,20200623,0.5,0.5,0.5,0.5,3000
KAYA,20200623,264,264,250.8,250.8,40033
KCP,20200623,47.5,47.85,44.55,45,1127206
KCPSUGIND,20200623,15.9,15.9,15.3,15.6,211449
KDDL,20200623,173,173.25,163.05,173.25,2739
KEC,20200623,246.7,251.5,242.05,249.15,214374
KECL,20200623,11.15,11.15,10.8,11.15,81047
KEI,20200623,352,355.1,347,352.6,291629
KELLTONTEC,20200623,16.55,16.95,16,16.4,103550
KENNAMET,20200623,746.8,760.9,735.6,741.1,1131
KERNEX,20200623,18.75,18.75,18.7,18.75,3428
KESORAMIND,20200623,36.4,37.1,35.5,35.85,239470
KEYFINSERV,20200623,35.75,39.4,35.7,39.4,1070
KHADIM,20200623,129.1,131.9,127,129.1,39472
KHANDSE,20200623,11.25,11.3,10.75,11.3,14543
KICL,20200623,1320,1350,1280.05,1318.35,732
KILITCH,20200623,107.9,107.9,104,106.85,9090
KINGFA,20200623,400.05,404.6,394,396.2,14168
KIOCL,20200623,112,113.4,107.85,112.6,19089
KIRIINDUS,20200623,409.9,436.95,409,432.85,262050
KIRLFER,20200623,69.15,71.45,68,70.3,44692
KIRLOSBROS,20200623,122.8,128.1,116.35,124.5,299359
KIRLOSENG,20200623,107.9,118.7,105.1,114.6,373594
KIRLOSIND,20200623,735,802.9,726.5,767.65,85678
KITEX,20200623,114.25,120.6,114.1,118.25,396322
KKCL,20200623,745,769.85,740,749.9,1470
KMSUGAR,20200623,9.3,9.4,9.25,9.3,125749
KNRCON,20200623,219.8,221.2,217.05,217.75,131386
KOKUYOCMLN,20200623,58.85,60.8,56.1,58.65,148952
KOLTEPATIL,20200623,158,174,154.85,167.45,572867
KOPRAN,20200623,39.1,39.55,37.8,37.95,303973
KOTAKBANK,20200623,1355,1395.7,1350.05,1389.9,4669833
KOTAKBKETF,20200623,220.16,225.9,218.6,224.81,100267
KOTAKGOLD,20200623,429.95,429.95,423.25,426.8,28070
KOTAKNIFTY,20200623,106.54,108.5,106.54,108.2,68913
KOTAKNV20,20200623,49.4,52.75,49.4,52.27,5862
KOTAKPSUBK,20200623,145,152,145,150.82,20513
KOTARISUG,20200623,15.7,15.8,14.7,15.6,331483
KOTHARIPET,20200623,16.15,16.15,16.15,16.15,23400
KOTHARIPRO,20200623,67.75,69,65.25,67.5,19591
KPITTECH,20200623,63,63.45,62.55,63.1,132295
KPRMILL,20200623,491.55,496,485,491.05,16915
KRBL,20200623,250,253.75,243.1,244.8,378157
KREBSBIO,20200623,81.75,81.75,79.25,80.55,4913
KRIDHANINF,20200623,4.65,4.65,4.65,4.65,41683
KRISHANA,20200623,43.7,48.1,43.7,47.5,2610
KSB,20200623,471,496,465.1,477.4,45002
KSCL,20200623,584.15,588.4,572,574.1,266543
KSERASERA,20200623,0.3,0.3,0.25,0.3,4733879
KSK,20200623,0.7,0.7,0.65,0.7,1643391
KSL,20200623,206.25,235,206.05,232.9,514356
KTKBANK,20200623,44.85,46.4,44,45.55,7193060
KUANTUM,20200623,450,450,406.5,438.15,1183
KWALITY,20200623,3.95,3.95,3.95,3.95,140528
L&TFH,20200623,71.25,72.15,68.9,70.35,18323284
LAKSHVILAS,20200623,20.3,20.3,20.3,20.3,290581
LALPATHLAB,20200623,1568,1628,1533.9,1607.4,383977
LAMBODHARA,20200623,30.35,31.4,29.2,30.75,40283
LAOPALA,20200623,185,186.65,180,180.85,79255
LASA,20200623,55.35,55.35,55.35,55.35,47520
LAURUSLABS,20200623,585,587.8,546.7,559.3,1000364
LAXMIMACH,20200623,3020,3075.05,2932.45,3007.25,33558
LEMONTREE,20200623,25.95,26.35,25.6,26.2,2466058
LFIC,20200623,47.8,47.8,42.8,44.5,828
LGBBROSLTD,20200623,219,238,218.95,228.95,90423
LGBFORGE,20200623,2.8,2.8,2.8,2.8,9986
LIBAS,20200623,50,53,50,50.85,9702
LIBERTSHOE,20200623,128.6,131.7,127.5,129.35,110845
LICHSGFIN,20200623,269.1,276.3,269.05,273.1,7900129
LICNETFGSC,20200623,22.43,22.43,21.52,21.7,9031
LICNETFN50,20200623,106,109,106,108.16,318
LICNETFSEN,20200623,425,425,405,408.82,1177
LICNFNHGP,20200623,107.75,111,107.75,110.53,208
LINCOLN,20200623,182,183.8,168.8,171.1,146152
LINCPEN,20200623,151.85,161,149.1,158.05,8219
LINDEINDIA,20200623,607.9,622.9,595,600.45,44509
LIQUIDBEES,20200623,1000.01,1000.01,999.5,999.99,829445
LIQUIDETF,20200623,1005,1005,999.99,999.99,26848
LOKESHMACH,20200623,23.5,23.5,22.3,22.5,46828
LOTUSEYE,20200623,34.45,34.45,33,33.3,26262
LOVABLE,20200623,57.5,58.85,56.5,56.9,46769
LPDC,20200623,1.4,1.45,1.35,1.45,14897
LSIL,20200623,1.15,1.15,1.15,1.15,1091295
LT,20200623,910,970,909,967.6,14580386
LTI,20200623,1880,1908,1863.4,1885.3,91005
LTTS,20200623,1301,1312.95,1280,1297.4,126514
LUMAXIND,20200623,1070,1118.8,1061,1077.6,6266
LUMAXTECH,20200623,84,84,76.4,81.8,105804
LUPIN,20200623,935.25,943.55,924.05,937.9,1869950
LUXIND,20200623,1117,1145,1111.5,1133.65,43193
LYKALABS,20200623,20.95,22.6,20.95,22.6,160311
LYPSAGEMS,20200623,3.65,3.7,3.55,3.7,10891
M&M,20200623,500,519.9,497.6,516.4,9132472
M&MFIN,20200623,180.95,182.25,173.5,177.95,9650468
M100,20200623,15.59,15.79,15.51,15.69,60610
M50,20200623,98,102.51,98,102.01,4254
MAANALU,20200623,61.5,61.5,56.7,58.1,16926
MADHAV,20200623,22.95,24.95,22.3,24.5,7424
MADRASFERT,20200623,19.25,20.15,19.25,20.15,440910
MAGADSUGAR,20200623,130.3,138.65,126.1,138.65,252211
MAGMA,20200623,25.85,25.85,25.85,25.85,61026
MAGNUM,20200623,3.7,3.7,3.5,3.7,45091
MAHABANK,20200623,11.65,11.85,11.1,11.4,6265470
MAHAPEXLTD,20200623,77.5,77.5,73.1,77.35,6103
MAHASTEEL,20200623,87,87,83.25,84.9,6604
MAHEPC,20200623,145.9,145.9,141.4,142.05,58781
MAHESHWARI,20200623,186.9,189.8,184,184.8,78932
MAHINDCIE,20200623,120.15,120.15,109.3,118.8,6037384
MAHLIFE,20200623,212.95,219,211,216.8,101256
MAHLOG,20200623,284,294.8,283.65,285,73636
MAHSCOOTER,20200623,2540,2650,2540,2640.1,35044
MAHSEAMLES,20200623,229,237.95,225,233.65,238026
MAITHANALL,20200623,426,432.75,420.5,429.95,31782
MAJESCO,20200623,357.9,357.9,345,348.6,10370
MALUPAPER,20200623,31.35,31.4,30.3,30.75,51521
MAN50ETF,20200623,104,106.2,100.33,106.2,900
MANAKALUCO,20200623,9.5,10,9.45,9.45,96842
MANAKCOAT,20200623,4.9,4.9,4.7,4.9,4561
MANAKSIA,20200623,42,42.25,39.35,40.65,19587
MANAKSTEEL,20200623,11.65,11.7,11,11.4,50898
MANALIPETC,20200623,20.5,20.85,20.1,20.3,373441
MANAPPURAM,20200623,159.25,161.2,154.1,155.75,9459456
MANGALAM,20200623,70.05,70.05,70.05,70.05,16448
MANGCHEFER,20200623,37,39.1,36.5,38.55,846790
MANGLMCEM,20200623,191.1,199,190.8,197.9,135406
MANGTIMBER,20200623,8.5,8.5,8.1,8.45,3866
MANINDS,20200623,49.4,56.2,48.05,51.35,1764246
MANINFRA,20200623,20,21.5,19.85,21.05,411198
MANUGRAPH,20200623,10,10,9.35,9.95,8506
MANXT50,20200623,243.63,262.4,243.63,262,385
MARALOVER,20200623,13.7,13.7,12.8,13.3,10079
MARATHON,20200623,66.5,67,62.1,63.25,32046
MARICO,20200623,330,339.25,330,337.35,3583304
MARKSANS,20200623,37.3,37.3,37.3,37.3,479594
MARUTI,20200623,5900,6007.2,5862.55,5886.5,1398189
MASFIN,20200623,665.85,676,650.45,666,61068
MASKINVEST,20200623,26,26,24.9,26,1159
MASTEK,20200623,401.9,403,373.7,394.85,108656
MATRIMONY,20200623,366.45,376.3,365,374.75,1696
MAWANASUG,20200623,33.5,33.5,32.4,32.7,57317
MAXVIL,20200623,37.1,37.1,35.8,36.2,93051
MAYURUNIQ,20200623,180.05,181.7,176.1,179.2,46889
MAZDA,20200623,291.95,303,290.05,296.35,12794
MBAPL,20200623,59,61.95,59,61.95,8132
MBECL,20200623,5.3,5.5,5.25,5.45,46572
MBLINFRA,20200623,6.45,6.45,6.45,6.45,12731
MCDHOLDING,20200623,25.05,26.5,25,25.35,58075
MCDOWELL-N,20200623,639,642.35,619.5,622.45,3497945
MCLEODRUSS,20200623,9.05,9.05,9.05,9.05,75722
MCX,20200623,1258.95,1261.15,1235,1237.55,178699
MEGASOFT,20200623,6.25,6.4,6.1,6.25,56670
MEGH,20200623,52.15,55.3,52,54.4,4153759
MENONBE,20200623,33.7,36.45,32.55,34.7,224169
MEP,20200623,20.8,21,20.2,20.75,42131
MERCATOR,20200623,1.25,1.25,1.25,1.25,374807
METALFORGE,20200623,5.7,5.75,5.5,5.75,4555
METROPOLIS,20200623,1461,1468,1429.95,1450.8,131673
MFSL,20200623,496,506,488.25,495.95,813829
MGL,20200623,1058.7,1066,1041.8,1058,583350
MHRIL,20200623,168.15,199.45,167.1,179.9,285379
MIC,20200623,1.15,1.15,1.15,1.15,100956
MIDHANI,20200623,226.45,227.9,220.1,221.35,1181809
MINDACORP,20200623,70.5,72,69.5,70.65,1630910
MINDAIND,20200623,279.95,297,275.2,293.25,749849
MINDTECK,20200623,22.8,22.8,22.8,22.8,15704
MINDTREE,20200623,905,938.5,905,928.05,1174834
MIRCELECTR,20200623,7.4,7.4,7.4,7.4,228292
MIRZAINT,20200623,45.25,45.9,44.75,45.35,218508
MITTAL,20200623,158.45,159.3,157.85,159.15,308374
MMFL,20200623,187.55,204.65,187.1,197.65,69902
MMP,20200623,79,83.5,74.1,80.05,58991
MMTC,20200623,17.25,17.6,17.2,17.3,1152503
MODIRUBBER,20200623,30.4,32.8,30.4,32.7,596
MOHITIND,20200623,3.8,3.8,3.8,3.8,140
MOHOTAIND,20200623,12.95,12.95,12.95,12.95,2364
MOIL,20200623,150.6,152.85,149.5,151.5,245611
MOLDTECH,20200623,38,39.5,36.1,38.5,59983
MOLDTKPAC,20200623,194,223.5,190,206.55,255395
MONTECARLO,20200623,170,172.7,167.4,170.2,69211
MORARJEE,20200623,12.7,13,12.1,13,17053
MOREPENLAB,20200623,31.4,31.4,27.2,27.75,7021700
MOTHERSUMI,20200623,97.8,102,97.3,99.8,21403811
MOTILALOFS,20200623,579,615.5,578,612.95,193459
MOTOGENFIN,20200623,26.45,26.45,23.95,26.45,27547
MPHASIS,20200623,851,868.9,842.25,855.4,268623
MPSLTD,20200623,251,280.8,251,276.2,20383
MRF,20200623,65010,65650.55,64155.7,64532.65,8282
MRO-TEK,20200623,25.75,25.75,23.7,25.45,4645
MRPL,20200623,33.2,35.7,32.85,35.3,3436511
MSPL,20200623,6.55,6.55,6.2,6.55,29286
MSTCLTD,20200623,134.9,136.1,132.55,134.25,102197
MTEDUCARE,20200623,14.75,14.9,14.5,14.9,138036
MTNL,20200623,10.1,10.25,9.75,9.9,2370010
MUKANDENGG,20200623,10.25,10.7,10,10.15,1862
MUKANDLTD,20200623,21.7,21.7,21.7,21.7,9339
MUKTAARTS,20200623,26,27.4,25.35,26.2,2148
MUNJALAU,20200623,45.7,53.85,44.5,52.55,2051136
MUNJALSHOW,20200623,96,100.35,94.85,99.5,128598
MURUDCERA,20200623,19.55,19.55,17.45,18.55,235133
MUTHOOTCAP,20200623,428.7,428.8,392.2,399.1,31654
MUTHOOTFIN,20200623,1171,1188.95,1122.35,1128.3,3810049
N100,20200623,760,760.95,752.1,758.67,63397
NACLIND,20200623,34.9,40.65,34,38.95,902419
NAGAFERT,20200623,5.9,5.95,5.9,5.95,222057
NAGREEKCAP,20200623,6.65,6.65,6.65,6.65,675
NAGREEKEXP,20200623,14.8,15.25,13.15,15.15,42370
NAHARCAP,20200623,70.05,72.5,70,72.45,6814
NAHARINDUS,20200623,26.5,28.05,25.1,27.85,17980
NAHARPOLY,20200623,75.5,75.5,70.05,72,193251
NAHARSPING,20200623,38.25,41.8,38.05,38.9,46941
NAM-INDIA,20200623,286.7,322,284.35,309.2,5603707
NATCOPHARM,20200623,657.9,665,642.2,645.65,258293
NATHBIOGEN,20200623,326.65,345,321,343.15,27098
NATIONALUM,20200623,32.85,34,32.45,33.65,32840732
NATNLSTEEL,20200623,3.35,3.35,3.35,3.35,2393
NAUKRI,20200623,2730.05,2985,2730.05,2954.7,1183291
NAVINFLUOR,20200623,1641.2,1667,1615.1,1630.3,151262
NAVKARCORP,20200623,29.05,29.8,28.55,28.75,294693
NAVNETEDUL,20200623,77,81.8,77,79.85,339171
NBCC,20200623,24.15,24.6,23.95,24.2,9015741
NBIFIN,20200623,1680,1680,1613.65,1653.25,72
NBVENTURES,20200623,47.5,52.8,46.5,49.75,1205628
NCC,20200623,31.5,32.4,31.3,32.05,21509204
NCLIND,20200623,75.25,77.15,74.6,76.15,280187
NDGL,20200623,518.95,555,514.95,543.75,500
NDL,20200623,21.7,21.7,20.25,21.15,59573
NDTV,20200623,41.4,41.4,40,40.45,86809
NECCLTD,20200623,9.15,9.25,8.8,9.25,204291
NECLIFE,20200623,26.4,26.45,24.1,25.1,1901141
NELCAST,20200623,47.05,47.05,44.4,45.45,283553
NELCO,20200623,197.8,208,197.1,203.65,99973
NEOGEN,20200623,504.8,512,496.5,502.35,10112
NESCO,20200623,453.2,459.15,448.45,454.35,77024
NESTLEIND,20200623,16289.8,16720,16210.05,16548.45,244735
NETF,20200623,103.01,106.69,98.05,103.01,2019
NETFCONSUM,20200623,50.5,50.8,50,50.35,1544
NETFDIVOPP,20200623,26.25,26.58,24.41,25.35,8877
NETFLTGILT,20200623,21.77,21.77,21.69,21.72,16743
NETFMID150,20200623,58.89,58.89,56.5,57.5,1288027
NETFNIF100,20200623,115.45,124,113.02,113.52,1686
NETFNV20,20200623,48.8,52.99,48.8,52.68,2445
NETWORK18,20200623,46.8,47.3,45.5,47.3,3800301
NEULANDLAB,20200623,500,544,493.05,523.85,246676
NEWGEN,20200623,149.7,151.95,147,149,40413
NEXTMEDIA,20200623,6.25,6.3,6.2,6.3,8763
NFL,20200623,29.05,30.2,28.85,29.55,1561065
NH,20200623,274.5,275.95,268,270.1,159544
NHPC,20200623,20.15,20.7,20,20.5,11758002
NIACL,20200623,125.7,126.3,122.35,123.05,650375
NIBL,20200623,7.2,7.2,7.2,7.2,2275
NIFTYBEES,20200623,110,111.28,109.25,111,3164075
NIFTYEES,20200623,12325,13264.42,12325,13264.42,5
NIITLTD,20200623,93,96.3,92.6,94.1,957174
NIITTECH,20200623,1335,1375,1328.1,1369.3,448533
NILAINFRA,20200623,5.1,5.4,4.8,4.9,1397152
NILASPACES,20200623,1.2,1.2,1.15,1.2,685374
NILKAMAL,20200623,1151,1163.35,1141.05,1146.3,7796
NIPPOBATRY,20200623,540,633.2,535.05,633.2,22109
NITCO,20200623,17.9,18.3,17.6,18.05,66048
NITINSPIN,20200623,47.2,53.15,46.4,52.05,1236083
NKIND,20200623,24.85,25.95,24.85,25.25,3086
NLCINDIA,20200623,48.9,49.95,48,48.9,1530344
NMDC,20200623,87.8,88.6,86.5,87.2,5782510
NOCIL,20200623,88.2,92,87.4,91.4,4195937
NOIDATOLL,20200623,3.95,4,3.8,3.95,124511
NORBTEAEXP,20200623,3.5,3.5,3.5,3.5,300
NPBET,20200623,119,122,119,122,101
NRAIL,20200623,220,227.3,218.5,225.25,30987
NRBBEARING,20200623,72,74.8,70,72.3,307206
NSIL,20200623,675,688.05,600.25,669.75,649
NTL,20200623,0.55,0.6,0.55,0.6,16251
NTPC,20200623,95.1,101.15,95,100.75,20333453
NUCLEUS,20200623,249.25,251.9,243.65,248.05,33399
NXTDIGITAL,20200623,413.55,417.9,413.5,415.7,940
OAL,20200623,176.35,179.8,172.7,178.05,5587
OBEROIRLTY,20200623,385.95,395.95,380.45,387.45,427670
OCCL,20200623,689,749,689,738.6,45118
OFSS,20200623,2615,2810,2615,2713.05,89426
OIL,20200623,102.65,104.35,101.2,101.7,1914945
OILCOUNTUB,20200623,5.5,5.7,5.3,5.4,48126
OISL,20200623,3.3,3.3,3.3,3.3,14957
OLECTRA,20200623,72,72,67,67.7,175490
OMAXAUTO,20200623,32.1,34,30.55,33.5,46406
OMAXE,20200623,213.7,214.85,213.7,214.6,1740629
OMKARCHEM,20200623,4.3,4.5,4.3,4.5,13871
OMMETALS,20200623,17,17.15,16.6,17.1,147767
ONELIFECAP,20200623,6.3,6.6,6.15,6.6,3093
ONEPOINT,20200623,13.45,13.85,12.5,12.65,41722
ONGC,20200623,85.5,86.5,84.4,85.65,23442659
ONMOBILE,20200623,32,32.3,30.5,30.65,514455
ONWARDTEC,20200623,53.05,55,51.4,53.3,12629
OPTIEMUS,20200623,27,27.25,24.85,25.4,16916
OPTOCIRCUI,20200623,13.4,13.4,13.4,13.4,173347
ORBTEXP,20200623,65.1,75.7,63.35,67.6,392213
ORICONENT,20200623,16,17.7,16,17.05,213334
ORIENTABRA,20200623,16.45,17.4,15.9,16.95,103695
ORIENTALTL,20200623,13.55,13.7,13.55,13.6,232814
ORIENTBELL,20200623,94,94,86.3,88.2,277225
ORIENTCEM,20200623,73.2,74,72.3,72.8,357194
ORIENTELEC,20200623,180,186.5,179.95,183.95,170238
ORIENTHOT,20200623,20.55,21.25,20.2,20.95,40240
ORIENTLTD,20200623,83.05,89.95,82.75,89.95,143
ORIENTPPR,20200623,21.55,21.9,20.9,21.5,1070951
ORIENTREF,20200623,177.5,177.5,168.15,172.7,50896
ORISSAMINE,20200623,1765,1768.7,1709.3,1723.5,8402
ORTINLABSS,20200623,18.4,18.4,18.4,18.4,27043
OSWALAGRO,20200623,11.55,11.6,11.35,11.6,493297
PAGEIND,20200623,19460.6,19579,18806.6,19177,72187
PAISALO,20200623,217.75,228,217.6,220.7,11138
PALASHSECU,20200623,25.1,26.3,23.9,25.8,1052
PALREDTEC,20200623,15.55,16.55,15.55,16.5,1744
PANACEABIO,20200623,206,209.5,204.1,205.8,149882
PANACHE,20200623,40,44.8,40,40.85,4247
PANAMAPET,20200623,43.2,43.4,41.8,42.95,22540
PAPERPROD,20200623,202.5,207.5,200.3,202.25,54130
PARACABLES,20200623,7.9,8.2,7.2,8.05,182682
PARAGMILK,20200623,97,99.9,96.25,98.3,408747
PARSVNATH,20200623,2.8,2.8,2.8,2.8,5028
PATELENG,20200623,15,15.75,14.6,15.35,653676
PATINTLOG,20200623,21.55,23.45,21.55,22.55,77067
PATSPINLTD,20200623,5.3,5.3,5.3,5.3,1
PCJEWELLER,20200623,16.9,17.4,16.4,17.1,5693993
PDMJEPAPER,20200623,14.9,14.95,14.3,14.45,179553
PDSMFL,20200623,279.05,285.05,277,280,2163
PEARLPOLY,20200623,17.5,17.5,16.35,17.05,22867
PEL,20200623,1215,1317.6,1209,1267.5,5027823
PENIND,20200623,19.05,19.6,18.85,19.1,386988
PENINLAND,20200623,5.2,5.2,5,5.2,725071
PERSISTENT,20200623,608.05,619,605,616.2,46402
PETRONET,20200623,260.55,263.35,258.15,259.65,2505005
PFC,20200623,91.35,91.5,89,89.2,9897142
PFIZER,20200623,3981,4011,3975,3991.85,40660
PFOCUS,20200623,27.4,27.4,26.5,26.8,68531
PFS,20200623,13.95,13.95,12.85,13.2,1181346
PGEL,20200623,53.5,53.5,47.75,49.3,75357
PGHH,20200623,9895.85,9940,9878,9919.75,22063
PGHL,20200623,4160,4200,4080,4130.6,8387
PGIL,20200623,106.95,107,102.2,104.1,8786
PHILIPCARB,20200623,97.65,103.55,96.75,100.8,4215083
PHOENIXLTD,20200623,608.8,616.05,597.05,602.85,34482
PIDILITIND,20200623,1400.15,1423.5,1395.1,1409.7,1172240
PIIND,20200623,1540,1552,1520.05,1539,279930
PILANIINVS,20200623,1383.95,1383.95,1345.6,1375.7,1554
PILITA,20200623,6.8,7.05,6.1,7,2054416
PIONDIST,20200623,129.5,129.5,118.05,120.3,133334
PIONEEREMB,20200623,22.5,23.15,22,22.9,11391
PITTIENG,20200623,37,37.95,34.6,35.2,174493
PKTEA,20200623,94,99.45,92.4,99,582
PLASTIBLEN,20200623,176.55,185.3,174.3,183.25,18270
PNB,20200623,36,37.9,35.9,37.45,83932724
PNBGILTS,20200623,37.25,37.45,35.85,36.95,621145
PNBHOUSING,20200623,231,231.95,221.3,228.1,1138876
PNC,20200623,15.7,15.85,14.45,15.75,4600
PNCINFRA,20200623,132.85,138,127.25,133.35,200102
PODDARHOUS,20200623,185,194.35,181,186,1017
PODDARMENT,20200623,153,159,152.55,155.15,4530
POKARNA,20200623,124.1,124.1,114.1,117.3,47372
POLYCAB,20200623,808,839.85,805.5,828.65,500249
POLYMED,20200623,299.8,324,298.1,307.45,188502
POLYPLEX,20200623,456.1,474.15,456,469.7,141931
PONNIERODE,20200623,158.95,158.95,153.5,154.8,3093
POWERGRID,20200623,181.5,189,179.05,187.45,19292785
POWERINDIA,20200623,841.5,845.95,838,842.65,17543
POWERMECH,20200623,450,478.8,436.05,461.3,255868
PPAP,20200623,179.5,184,176.35,179.55,126736
PPL,20200623,57.1,60.4,57,58.15,61572
PRABHAT,20200623,70.9,74.3,70.1,72.7,38385
PRADIP,20200623,0.9,0.9,0.85,0.85,681
PRAENG,20200623,6.5,6.5,6.25,6.5,38760
PRAJIND,20200623,66.75,68.7,65.55,67.25,2208223
PRAKASH,20200623,38.45,39.6,37.9,39.05,592322
PRAKASHSTL,20200623,1.7,1.7,1.7,1.7,225717
PRAXIS,20200623,30.9,31.3,29.15,31.3,42805
PRECAM,20200623,30.45,31,29.6,30.75,399976
PRECOT,20200623,28.4,28.4,24.85,26.65,5141
PRECWIRE,20200623,110.8,113.9,106.5,108.85,34188
PREMEXPLN,20200623,101,103.25,101,103.25,11152
PREMIER,20200623,1.65,1.65,1.6,1.6,51
PREMIERPOL,20200623,25.2,25.2,23.2,23.55,13209
PRESSMN,20200623,19.15,19.8,18.65,18.9,31050
PRESTIGE,20200623,216.45,244.7,214,239.6,1855926
PRICOLLTD,20200623,40.4,42.6,39.55,41.9,275909
PRIMESECU,20200623,48.5,48.5,42.05,47.15,203495
PRINCEPIPE,20200623,107.5,111.8,106.55,111.8,279425
PROSEED,20200623,0.3,0.35,0.3,0.35,29100
PROZONINTU,20200623,23.8,23.85,22.5,22.8,393847
PRSMJOHNSN,20200623,46.1,47.85,46.1,47.1,346917
PSB,20200623,16.95,17.6,16.95,17.25,189519
PSPPROJECT,20200623,368.55,384.9,367.7,377.05,17121
PSUBNKBEES,20200623,16.22,16.77,15.68,16.68,236722
PTC,20200623,47.8,47.8,46.15,46.85,4701065
PTL,20200623,34,35,33.7,34.7,17628
PUNJABCHEM,20200623,462.95,495.05,445.05,487.05,12058
PURVA,20200623,43.15,44.7,40.6,44.3,237772
PVR,20200623,1060,1082,1036.25,1065.3,1925687
QGOLDHALF,20200623,2101.05,2101.05,2089,2093.8,1369
QNIFTY,20200623,855,1213.1,855,1071.16,66
QUESS,20200623,349.8,349.8,339,349.8,200323
QUICKHEAL,20200623,109.95,120,109.95,115.25,1086393
RADAAN,20200623,1.05,1.05,1,1,2624
RADICO,20200623,365,393.7,364.65,385.55,936814
RADIOCITY,20200623,17.6,17.9,16.65,17.4,1057750
RAIN,20200623,82.4,86.9,80.7,85.4,4073213
RAJESHEXPO,20200623,478.3,490,478,485.9,228277
RAJRATAN,20200623,225,229,218.5,221.95,7490
RAJSREESUG,20200623,15.8,16.55,15.8,16.05,5617
RAJTV,20200623,36.75,36.75,34.9,36.5,4370
RALLIS,20200623,262.95,265,256.25,262.05,569903
RAMANEWS,20200623,14.3,15.2,14.05,14.65,65998
RAMASTEEL,20200623,34.2,34.2,33.05,34,6763
RAMCOCEM,20200623,637.65,655.4,625.75,645.75,801124
RAMCOIND,20200623,171.1,174.95,171.1,172.6,72623
RAMCOSYS,20200623,116.3,122.4,116.3,117.2,1670285
RAMKY,20200623,38.15,38.5,36.65,37.2,108487
RANASUG,20200623,4.2,4.4,4.05,4.3,184331
RANEENGINE,20200623,219.5,226.95,206.8,226.95,25171
RANEHOLDIN,20200623,404.45,478,400,478,90750
RATNAMANI,20200623,1005,1050,991.55,1047.3,23871
RAYMOND,20200623,303,305,295.05,296.75,815389
RBL,20200623,492,593,480,593,218981
RBLBANK,20200623,186,189.8,181.65,187,34280885
RCF,20200623,47.45,49.35,47.05,48.25,5094358
RCOM,20200623,1.3,1.3,1.3,1.3,925406
RECLTD,20200623,116.6,116.6,111.9,112.5,8947414
REDINGTON,20200623,83,86.35,82.4,84.65,1455109
REFEX,20200623,51.85,52,51.05,51.55,74381
RELAXO,20200623,641.9,654.8,632.85,650.45,404274
RELCAPITAL,20200623,9.9,9.9,9.9,9.9,549365
RELIANCE,20200623,1750,1763.75,1716.1,1720.9,17521196
RELIGARE,20200623,37,38.1,36.35,38.05,525797
RELINFRA,20200623,30.45,30.45,29.5,30.45,8475670
REMSONSIND,20200623,71,75.4,71,72.7,2113
RENUKA,20200623,8.8,8.85,8.5,8.85,1258842
REPCOHOME,20200623,129,129.3,123,124.85,542855
REPRO,20200623,383.9,460.6,378.15,458.95,75969
RESPONIND,20200623,79.85,80.5,78,78.95,129346
REVATHI,20200623,409.15,412.95,395.05,408.05,1597
RGL,20200623,235.3,240.95,226.7,231.25,1022
RHFL,20200623,1.95,1.95,1.95,1.95,247026
RICOAUTO,20200623,33.75,35.65,33.4,34.5,1739759
RIIL,20200623,413.05,418.8,390,400.85,545813
RITES,20200623,240,247,238.05,240.2,1492016
RKDL,20200623,8.1,8.3,7.65,8.3,47916
RKFORGE,20200623,178.7,186,173.35,180.1,367873
RMCL,20200623,4,4.2,4,4.2,61894
RML,20200623,213.95,255,210,255,202427
RNAVAL,20200623,2.1,2.1,2.1,2.1,126414
ROHITFERRO,20200623,1.3,1.3,1.3,1.3,3111
ROHLTD,20200623,54.65,56,53.1,55.15,175539
ROLLT,20200623,1.8,1.8,1.75,1.8,9214
ROLTA,20200623,5.75,5.75,5.75,5.75,106845
ROSSELLIND,20200623,63.75,63.9,59,62.6,14737
RPGLIFE,20200623,276.4,290,275.05,282.85,222358
RPOWER,20200623,3.45,3.45,3.45,3.45,5145128
RPPINFRA,20200623,71.75,71.75,68.3,69.3,21349
RSSOFTWARE,20200623,14.5,15.1,14.4,15.1,29566
RSWM,20200623,84.05,87.5,84,85,25176
RSYSTEMS,20200623,98.3,98.35,95.9,96.15,19487
RTNINFRA,20200623,3,3,3,3,26485
RTNPOWER,20200623,2,2,2,2,113976
RUBYMILLS,20200623,162.55,172.8,162.55,169.85,1868
RUCHI,20200623,1312.8,1312.8,1312.8,1312.8,11993
RUCHINFRA,20200623,18.5,18.5,18.5,18.5,36873
RUCHIRA,20200623,50.3,54.7,50.3,54.7,233108
RUPA,20200623,172,177,171.5,172.1,30666
RUSHIL,20200623,135,135,122.05,128.35,15925
RVNL,20200623,19.25,21.3,19.05,20.25,24145444
S&SPOWER,20200623,15.55,16.45,15.5,16.15,1368
SABEVENTS,20200623,1.05,1.1,1.05,1.05,790
SABTN,20200623,1.75,1.75,1.75,1.75,29330
SADBHAV,20200623,46.5,47.75,45.2,47.5,425668
SADBHIN,20200623,16.9,17.1,16.4,16.8,378538
SAFARI,20200623,376.4,381,366.9,377,7868
SAGARDEEP,20200623,102.45,103.4,102.1,103.35,39548
SAGCEM,20200623,343.25,358,341.25,352.75,26654
SAIL,20200623,31.45,33.05,31.35,32.5,43339729
SAKAR,20200623,49.25,51.8,49.2,50.6,1822
SAKHTISUG,20200623,10.2,10.45,9.9,10.3,61046
SAKSOFT,20200623,185,198.9,184,193.7,48033
SAKUMA,20200623,8.4,8.4,7.85,8.05,345134
SALASAR,20200623,129,134.8,126,134.1,49073
SALONA,20200623,57.05,61.3,56.3,56.5,1175
SALSTEEL,20200623,3.15,3.15,3.15,3.15,8800
SALZERELEC,20200623,90.1,93.9,88.3,90.3,60535
SAMBHAAV,20200623,2.3,2.3,2.15,2.3,77328
SANCO,20200623,11.4,11.6,10.8,10.95,67819
SANDESH,20200623,534,534,514.75,517.8,698
SANDHAR,20200623,176.6,180.45,172.1,175.5,20314
SANGAMIND,20200623,53.35,54.95,50.1,53.55,59018
SANGHIIND,20200623,25.4,27.5,25.1,26.95,1953758
SANGHVIFOR,20200623,15,15,14.4,14.5,6286
SANGHVIMOV,20200623,64.3,66,61.65,63.6,39596
SANGINITA,20200623,84.8,86,77.25,84.2,47684
SANOFI,20200623,8292,8477,8292,8407.85,41256
SANWARIA,20200623,3.05,3.05,2.95,3.05,1080449
SARDAEN,20200623,170.9,174,165.05,170.05,126504
SAREGAMA,20200623,438.9,440.3,432,438.4,24112
SARLAPOLY,20200623,21.15,21.15,19.75,20.2,32527
SASKEN,20200623,445.6,489.95,443.05,476.05,122492
SASTASUNDR,20200623,93,93,82.5,85.25,3554
SATHAISPAT,20200623,1.9,1.9,1.9,1.9,3200
SATIA,20200623,77.05,79.8,76,77.35,11958
SATIN,20200623,97.9,97.9,93.5,94.65,270381
SBICARD,20200623,664.95,687,663,679.95,3797121
SBIETFQLTY,20200623,89.11,94.8,89.11,93.77,7104
SBILIFE,20200623,777,805.3,777,796.65,1506742
SBIN,20200623,189.6,193.1,187.85,192.45,65487726
SCAPDVR,20200623,0.9,0.9,0.8,0.9,769797
SCHAEFFLER,20200623,3630,3660,3599.75,3607.15,1353
SCHAND,20200623,44,45,43.1,43.55,64810
SCHNEIDER,20200623,81.9,83.8,81.55,83.05,142150
SCI,20200623,50,52.5,49.55,52,3157110
SDBL,20200623,85.2,85.35,80.1,83.55,70954
SEAMECLTD,20200623,418.05,426.45,400.2,416.9,24182
SELAN,20200623,109.5,109.5,104.25,105.35,25675
SEPOWER,20200623,3.15,3.15,2.85,3.15,71060
SEQUENT,20200623,86.65,95.75,86.2,93.05,3479221
SESHAPAPER,20200623,166.7,168.5,161.5,162,88597
SETCO,20200623,11.3,11.65,10.95,11.55,148283
SETF10GILT,20200623,199,201,199,200.83,694
SETFGOLD,20200623,4271,4330.05,4271,4321.85,13091
SETFNIF50,20200623,105.25,107.96,105.25,107.72,287583
SETFNIFBK,20200623,211,223.22,211,222.4,193515
SETFNN50,20200623,261.63,268.76,261.63,267.63,14481
SETUINFRA,20200623,1.1,1.1,1.1,1.1,45018
SEYAIND,20200623,95.45,95.45,95.45,95.45,44001
SFL,20200623,1450,1543.9,1449.65,1507.85,5942
SGL,20200623,8.75,8.9,8.55,8.75,21873
SHAHALLOYS,20200623,7.5,7.55,6.85,7.45,1631
SHAKTIPUMP,20200623,184,188.5,179.5,184.35,13868
SHALBY,20200623,71.6,76.8,70.95,72.9,384282
SHALPAINTS,20200623,70.15,71.9,70.1,71.9,596285
SHANKARA,20200623,381.5,389.8,372.5,374.65,107186
SHANTIGEAR,20200623,89.05,94,88.35,91.45,71654
SHARDACROP,20200623,202.25,207.75,197.15,207.75,34568
SHARDAMOTR,20200623,742.1,849.9,730.4,822.3,9288
SHARIABEES,20200623,251.25,252,245.18,248.26,124
SHEMAROO,20200623,69.75,70.65,67.85,68,135487
SHIL,20200623,100,100,93.25,94.5,102559
SHILPAMED,20200623,540,572.1,533,534.5,474310
SHIRPUR-G,20200623,7.9,7.95,7.25,7.25,148424
SHIVAMAUTO,20200623,16.95,16.95,16.15,16.85,74415
SHIVAMILLS,20200623,26.25,29.45,26.25,27,26467
SHIVATEX,20200623,103.75,110.8,102.6,109.75,3837
SHK,20200623,70.1,71.5,69.2,70.75,1033938
SHOPERSTOP,20200623,183,184.8,177.1,183.3,148878
SHREDIGCEM,20200623,45.3,50.7,45,49.15,3098487
SHREECEM,20200623,22100,22943.1,22050,22756.25,56193
SHREEPUSHK,20200623,95.9,95.9,89.3,91.4,65056
SHREERAMA,20200623,5.2,5.2,5,5.15,16712
SHRENIK,20200623,31.65,31.65,31.65,31.65,6054
SHREYANIND,20200623,93,94.05,90,92.6,34991
SHREYAS,20200623,71.9,71.9,69.05,69.05,36237
SHRIPISTON,20200623,618,618,595,610.95,98
SHRIRAMCIT,20200623,677.4,678.9,669,672.5,90930
SHRIRAMEPC,20200623,5.8,5.8,5.75,5.8,224369
SHYAMCENT,20200623,3.55,3.65,3.4,3.5,32768
SICAGEN,20200623,14.85,14.9,14.5,14.55,17035
SICAL,20200623,12.1,12.1,12.1,12.1,54877
SIEMENS,20200623,1105,1114.7,1085,1101.3,486716
SIGIND,20200623,22.35,23.25,22.35,23.05,12498
SIL,20200623,10.55,10.95,10.25,10.7,16718
SILINV,20200623,143.95,152.1,143.95,150.95,14415
SIMBHALS,20200623,8,8.3,7.8,8,26619
SIMPLEXINF,20200623,28.9,29.7,28.35,28.8,301835
SINTEX,20200623,2.2,2.2,2.2,2.2,289434
SIRCA,20200623,255,264.95,250.2,253.95,17177
SIS,20200623,384.1,394.6,381,386.8,29670
SITINET,20200623,1.8,1.8,1.8,1.8,33617
SIYSIL,20200623,136.6,137.8,134,136.5,55310
SJVN,20200623,21.6,23.5,21.5,23.05,6342615
SKFINDIA,20200623,1657,1682,1642.55,1654.7,53790
SKIL,20200623,4.4,4.4,4,4.35,70416
SKIPPER,20200623,46,47.1,43,47.1,746965
SKMEGGPROD,20200623,34.4,35.25,34.25,34.85,11121
SMARTLINK,20200623,71.7,72.9,67,71.2,8539
SMLISUZU,20200623,390,409.85,389.95,401.1,112279
SMSLIFE,20200623,359.95,359.95,322,326.9,41248
SMSPHARMA,20200623,70,70,63.6,66.3,1067382
SNOWMAN,20200623,30.7,32.4,30.7,31.6,519435
SOBHA,20200623,234.9,248,233.15,244.5,591679
SOLARA,20200623,665,686,640,644.85,427434
SOLARINDS,20200623,950.8,958.45,936.95,940.35,11225
SOMANYCERA,20200623,143.85,144.8,137.05,141.9,150639
SOMATEX,20200623,3.35,3.35,3.35,3.35,100
SOMICONVEY,20200623,15.7,17,15.15,15.95,682
SONATSOFTW,20200623,225,230,224.3,225.8,253283
SORILINFRA,20200623,63.05,63.05,63.05,63.05,3331
SOTL,20200623,693.15,696.55,682,689.3,1960
SOUTHBANK,20200623,8.45,8.45,7.95,8.45,24529138
SOUTHWEST,20200623,22.8,22.8,22.8,22.8,2899
SPAL,20200623,82,85,78.5,84.55,102790
SPANDANA,20200623,548,565.2,530,564.75,58447
SPARC,20200623,173,184.65,173,175.45,8315725
SPECIALITY,20200623,33.65,34.2,32.6,33,45819
SPENCERS,20200623,89.9,96.5,88.45,95,3366914
SPENTEX,20200623,0.75,0.75,0.75,0.75,14205
SPIC,20200623,21.05,21.5,20.1,20.3,336529
SPICEJET,20200623,51.5,53.9,50.45,51.25,6698860
SPLIL,20200623,29.5,31.9,28.2,29.65,54142
SPMLINFRA,20200623,8.8,9.05,8.65,8.95,25356
SPTL,20200623,2.5,2.5,2.5,2.5,99153
SREEL,20200623,134.4,134.4,130.75,131.95,5176
SREINFRA,20200623,7.55,7.55,7.55,7.55,251809
SRF,20200623,3650,3748,3576.45,3715.2,329272
SRHHYPOLTD,20200623,129.85,129.85,121,122.5,8484
SRIPIPES,20200623,195.7,198.85,187.15,188.55,226444
SRTRANSFIN,20200623,683,686,670.05,683.95,3451036
SSWL,20200623,394,448,388,432.25,398694
STAR,20200623,462.95,499,438,445.6,3781006
STARCEMENT,20200623,87.4,88.7,86.6,87.25,95479
STARPAPER,20200623,104.25,106.65,102.35,103.6,240128
STCINDIA,20200623,50.7,53.1,49,51.25,34672
STEELCITY,20200623,29.1,30.8,29.1,29.6,11656
STEELXIND,20200623,21.5,23.6,21.4,23.5,33256
STEL,20200623,60,60.05,55.25,56.15,16109
STERTOOLS,20200623,172.35,181.75,170,178.5,34622
STINDIA,20200623,3.9,3.9,3.9,3.9,587
STRTECH,20200623,109,119.3,108.65,118.1,4798697
SUBEX,20200623,9.3,9.3,9.3,9.3,526367
SUBROS,20200623,172.25,182.85,170.3,177.85,210906
SUDARSCHEM,20200623,423,428,402.7,405.6,559070
SUMEETINDS,20200623,1.85,1.85,1.85,1.85,29997
SUMICHEM,20200623,299.4,302.4,293.55,295.3,232275
SUMIT,20200623,12.45,12.45,11.35,11.95,16147
SUMMITSEC,20200623,339.45,359,330,341.7,14775
SUNCLAYLTD,20200623,1648.65,1668,1636.85,1652.85,2387
SUNDARAM,20200623,1.55,1.55,1.55,1.55,58379
SUNDARMFIN,20200623,1366.5,1410,1351.05,1367.5,50675
SUNDARMHLD,20200623,50.4,50.9,48.7,49.25,50369
SUNDRMBRAK,20200623,217.05,247.2,217.05,238,15115
SUNDRMFAST,20200623,371.35,374.8,365.4,367.7,78410
SUNFLAG,20200623,38.6,43.4,37.5,42.65,1524024
SUNPHARMA,20200623,493.2,503,489.5,500.45,10732868
SUNTECK,20200623,171.45,183.45,168.55,179.15,982019
SUNTV,20200623,406,409.7,403.05,405.55,1411792
SUPERHOUSE,20200623,81.35,82.65,80.8,82.5,9644
SUPERSPIN,20200623,5.05,5.25,5,5.25,41156
SUPPETRO,20200623,176,179.3,173.6,175.45,42881
SUPRAJIT,20200623,146.4,149.75,141.5,147.55,273268
SUPREMEIND,20200623,1142,1193,1138,1189.6,178852
SURANASOL,20200623,8.8,8.8,8.05,8.25,42501
SURANAT&P,20200623,4.8,4.9,4.65,4.7,209108
SURYALAXMI,20200623,18.9,19.5,18.65,19.35,8952
SURYAROSNI,20200623,108.6,112.25,106.8,111.05,277794
SUTLEJTEX,20200623,24.15,24.15,23.2,23.4,43600
SUVEN,20200623,38.95,38.95,38.95,38.95,148027
SUVENPHAR,20200623,490,525,467.5,522.25,2549297
SUZLON,20200623,4.65,4.65,4.65,4.65,4615816
SWANENERGY,20200623,133,135.05,131,131.25,117304
SWARAJENG,20200623,1405,1420,1378,1391.85,6072
SWELECTES,20200623,100.65,107.7,98.75,104.5,19421
SWSOLAR,20200623,170,174.95,166,172.2,842347
SYMPHONY,20200623,916,927.15,902,908.75,46025
SYNCOM,20200623,2.5,2.5,2.5,2.5,20909
SYNGENE,20200623,402.35,424,398,420.15,1230507
TAINWALCHM,20200623,50.75,50.75,50.75,50.75,1660
TAJGVK,20200623,152.35,166,150.4,163.25,258060
TAKE,20200623,52.5,52.85,51.45,51.65,372711
TALBROAUTO,20200623,107.35,113.5,104.6,110.5,53082
TANLA,20200623,71.7,72.5,70.05,70.6,165223
TARMAT,20200623,24.9,25,23.85,24.8,2371
TASTYBITE,20200623,12500,12599,12251,12328.15,780
TATACHEM,20200623,313,315.95,311.1,311.8,1499339
TATACOFFEE,20200623,84.2,84.85,83.5,84.15,359587
TATACOMM,20200623,585,601,585,588.4,65053
TATACONSUM,20200623,383.9,391.9,382,390.85,3834537
TATAELXSI,20200623,877.95,901.9,877,881.65,636717
TATAINVEST,20200623,754.85,767,745,763.45,32453
TATAMETALI,20200623,495.9,518.5,484,514.95,93515
TATAMOTORS,20200623,103,106,101.9,104.4,68638635
TATAMTRDVR,20200623,42.7,43.85,42.1,43.35,6411730
TATAPOWER,20200623,43.7,44.95,42.9,44.45,36866233
TATASTEEL,20200623,327.7,333.5,326.15,332,12551154
TATASTLBSL,20200623,20.5,20.85,20.2,20.65,2733276
TATASTLLP,20200623,259.8,268,256.85,259.7,103266
TBZ,20200623,31.2,31.2,30.25,30.65,66505
TCI,20200623,170,176.8,168.55,171.8,56777
TCIDEVELOP,20200623,281.4,291,281.4,287.15,931
TCIEXP,20200623,665,690.35,660,679.6,16273
TCIFINANCE,20200623,6.35,6.65,6.35,6.65,7210
TCNSBRANDS,20200623,388.85,397.05,369.45,369.45,44192
TCPLPACK,20200623,249,253.45,245.15,247.6,12537
TCS,20200623,2027,2044,2010,2035.3,4206122
TDPOWERSYS,20200623,109.9,109.9,103.1,104.25,8260
TEAMLEASE,20200623,1765,1765,1716.9,1726.75,35665
TECHIN,20200623,2.3,2.3,2.3,2.3,183
TECHM,20200623,548,560.1,544.55,558.8,4438916
TECHNOE,20200623,205.95,210.55,198.35,199.85,49196
TECHNOFAB,20200623,9.95,9.95,9.95,9.95,8587
TEJASNET,20200623,50,52,48.45,49.95,165640
TERASOFT,20200623,26,27.8,24.95,27,138513
TEXINFRA,20200623,34.6,39.25,34.6,39.25,64139
TEXMOPIPES,20200623,13.15,14,13.15,13.35,51438
TEXRAIL,20200623,26.1,27.3,25.65,26.35,649309
TFCILTD,20200623,38.5,38.5,36.55,36.95,1124184
TGBHOTELS,20200623,4.2,4.2,3.8,3.85,6108
THANGAMAYL,20200623,261.05,274,255.2,268.85,52745
THEINVEST,20200623,98.1,100.75,95.05,98.8,11090
THEMISMED,20200623,357.95,358.6,343.95,346.05,4623
THERMAX,20200623,745,749.8,740,743.2,71306
THOMASCOOK,20200623,30.4,30.4,29.65,30,418874
THOMASCOTT,20200623,4.65,4.65,4.65,4.65,10
THYROCARE,20200623,509.05,515,504.5,506.3,78849
TI,20200623,17,17.5,16.95,17.05,50050
TIDEWATER,20200623,4099.35,4190,4051,4107.15,2553
TIIL,20200623,267.35,271,260,266.95,6496
TIINDIA,20200623,430,436.5,427.4,435.05,84021
TIJARIA,20200623,7.2,7.2,6.7,6.95,81182
TIL,20200623,139.55,167.5,139.5,158.2,52068
TIMESGTY,20200623,22.7,23.05,22.7,23.05,405
TIMETECHNO,20200623,39.8,43.9,39.75,41.85,3100127
TIMKEN,20200623,978,978,937.55,950.55,35954
TINPLATE,20200623,121.65,129.9,121.2,126.15,818062
TIPSINDLTD,20200623,134.1,139,127.55,130.3,17538
TIRUMALCHM,20200623,47.8,50.8,47,50.25,1123824
TITAN,20200623,981.5,1008,981.5,999.25,2929967
TMRVL,20200623,10.25,10.25,9.75,10.1,119357
TNPETRO,20200623,35.55,36.4,35.25,35.9,184890
TNPL,20200623,118.5,119.9,115.8,118.65,314365
TNTELE,20200623,1.7,1.7,1.7,1.7,2100
TOKYOPLAST,20200623,67.8,67.8,63.15,63.3,3559
TORNTPHARM,20200623,2590,2613.45,2552.15,2579.9,356937
TORNTPOWER,20200623,318.5,322.95,318.05,320.3,501119
TOUCHWOOD,20200623,46.5,47.65,45.55,47.35,204
TPLPLASTEH,20200623,114.65,116.7,111.4,114.35,6991
TREEHOUSE,20200623,4.3,4.3,4.15,4.3,79009
TREJHARA,20200623,10.1,10.1,9.75,9.9,18707
TRENT,20200623,594.8,687.7,578.1,657.35,2031603
TRF,20200623,78.85,79.85,77.15,78.75,25841
TRIDENT,20200623,7,7.05,6.9,6.9,8355037
TRIGYN,20200623,35.45,35.65,34.1,34.6,55116
TRIL,20200623,9.05,9.1,8.75,8.9,157584
TRITURBINE,20200623,74.05,76,70.8,73.7,58007
TRIVENI,20200623,56.95,57.5,55.3,56.05,640709
TTKHLTCARE,20200623,459.35,470,436,450.35,5126
TTKPRESTIG,20200623,5106.55,5185.05,5085.05,5104.3,3938
TTL,20200623,30.9,31.35,29.55,30.65,13524
TTML,20200623,4.25,4.25,4.25,4.25,322575
TV18BRDCST,20200623,39,40.25,38.5,39.6,12783694
TVSELECT,20200623,104,104,100,102.75,20735
TVSMOTOR,20200623,385.9,387,379.35,381.8,1973691
TVSSRICHAK,20200623,1450.75,1499,1447.05,1489.1,16551
TVTODAY,20200623,191.5,204,189.55,198.95,239200
TVVISION,20200623,1.75,1.75,1.75,1.75,8795
TWL,20200623,36.9,36.9,34.6,35.95,288237
UBL,20200623,1040,1051.95,1026.2,1042.9,339827
UCALFUEL,20200623,111.35,118.8,111.35,116.1,73345
UCOBANK,20200623,14.05,14.6,14.05,14.25,7448737
UFLEX,20200623,207.3,212.3,205.5,210,270130
UFO,20200623,82,82.95,80,80.9,354616
UGARSUGAR,20200623,14.3,14.55,14.05,14.4,82765
UJAAS,20200623,7.55,7.55,7.55,7.55,75287
UJJIVAN,20200623,225,225.65,212,219.85,8093986
UJJIVANSFB,20200623,30.35,30.65,30.05,30.4,1452323
ULTRACEMCO,20200623,3847,3954,3833.65,3942.8,563658
UMANGDAIRY,20200623,43.95,44.25,42.15,42.5,24959
UMESLTD,20200623,1.3,1.4,1.3,1.4,8141
UNICHEMLAB,20200623,157.7,179,153,175.3,626959
UNIENTER,20200623,61.6,64.7,61.6,64.65,25287
UNIONBANK,20200623,33.85,36.55,33.5,35.95,24991473
UNIPLY,20200623,6.4,6.4,6.3,6.35,479586
UNITEDTEA,20200623,300.1,300.1,259.95,263.1,2079
UNIVASTU,20200623,39.8,39.8,39.8,39.8,759
UNIVCABLES,20200623,127,128.95,124.9,126.85,16511
UNIVPHOTO,20200623,99,99,93,93.55,1220
UPL,20200623,453,469.1,452.75,463.1,7873312
URJA,20200623,3.45,3.45,3.45,3.45,693957
USHAMART,20200623,21.4,21.4,21,21.4,422975
UTINEXT50,20200623,246,274.6,246,272.55,1770
UTINIFTETF,20200623,1100,1120,1100,1106.26,16972
UTISENSETF,20200623,379.74,397,372.25,373.54,2952
UTISXN50,20200623,273.9,296.96,266.45,280.73,128
UTTAMSTL,20200623,7.25,7.25,7.25,7.25,18166
UTTAMSUGAR,20200623,82.5,83.45,80,81.35,71252
UVSL,20200623,0.4,0.4,0.35,0.4,35472601
V2RETAIL,20200623,57.9,58,56.4,57.2,117936
VADILALIND,20200623,534.7,544.95,525,530.15,6741
VAIBHAVGBL,20200623,1270,1300,1246.05,1251.8,17688
VAISHALI,20200623,49.3,49.9,47.1,47.9,11068
VAKRANGEE,20200623,34.4,35.15,33.5,33.5,1945439
VARDHACRLC,20200623,32.35,32.35,30.5,31.25,29627
VARDMNPOLY,20200623,6,6,6,6,2193
VARROC,20200623,176,182.15,174.05,182.15,293954
VASCONEQ,20200623,9.45,10.5,9.25,10.2,532096
VASWANI,20200623,6.05,6.05,5.55,5.55,46717
VBL,20200623,708.3,720,701,707.75,325890
VEDL,20200623,110.05,111.9,109.05,110,20720200
VENKEYS,20200623,1156.65,1170.65,1138,1146.35,61759
VENUSREM,20200623,56,57.8,53.55,57.8,30971
VERTOZ,20200623,77,80,72,78.35,41336
VESUVIUS,20200623,869,884.05,860,871.55,2668
VETO,20200623,50.7,50.8,48.4,48.95,52881
VGUARD,20200623,173.9,180,173.15,179.5,993486
VHL,20200623,1150.05,1180,1124.95,1154.95,573
VICEROY,20200623,2.9,2.9,2.9,2.9,78603
VIDHIING,20200623,71,73.9,67.5,72.5,191753
VIJIFIN,20200623,0.8,0.8,0.75,0.8,471091
VIKASECO,20200623,4.8,4.8,4.4,4.8,4711535
VIKASMCORP,20200623,4.7,4.7,4.7,4.7,58162
VIKASPROP,20200623,4.2,4.2,4.2,4.2,625329
VIKASWSP,20200623,7.2,7.2,7,7.1,387754
VIMTALABS,20200623,87.5,89.7,87.2,87.65,96888
VINATIORGA,20200623,1010,1016,1004,1009,62333
VINDHYATEL,20200623,734.95,749,724.95,745.65,18978
VINYLINDIA,20200623,89.9,97.35,88.55,97.35,482036
VIPCLOTHNG,20200623,8.1,8.1,7.75,8.1,102800
VIPIND,20200623,269,269.2,259,265.15,834892
VIPULLTD,20200623,14.7,15,14.05,14.8,14509
VISAKAIND,20200623,242,248.75,235.55,239.05,54953
VISASTEEL,20200623,5.5,5.5,5.5,5.5,23250
VISHAL,20200623,257.4,257.4,255,256.45,8924
VISHNU,20200623,126,127.95,123.35,126.2,5801
VISHWARAJ,20200623,77,84.25,76.4,82.45,35731
VIVIDHA,20200623,0.35,0.35,0.35,0.35,156649
VIVIMEDLAB,20200623,14.2,14.3,13.8,13.95,88548
VLSFINANCE,20200623,45.75,48.85,44.5,48.4,58581
VMART,20200623,1780,1824.95,1735.1,1750,24252
VOLTAMP,20200623,1040.25,1247.5,1017.55,1203.8,124470
VOLTAS,20200623,554.95,565.65,544.9,547.45,3162672
VRLLOG,20200623,156,184.7,154.7,168.65,952136
VSSL,20200623,60.2,64.8,60.2,62.2,7935
VSTIND,20200623,3080,3244,3070,3203.65,21570
VSTTILLERS,20200623,1344.9,1344.95,1292.3,1310.8,23784
VTL,20200623,687,699,675.1,682.55,56508
WABAG,20200623,116.45,122.1,115.55,119.85,270763
WABCOINDIA,20200623,6887.95,6887.95,6861.05,6870.05,2444
WALCHANNAG,20200623,48.2,48.7,47,47.7,111161
WANBURY,20200623,26,26,26,26,4509
WATERBASE,20200623,107,107.75,105.3,105.6,117106
WEBELSOLAR,20200623,21.8,23.55,21.6,23.55,197392
WEIZMANIND,20200623,25,25,23.75,24.2,5615
WELCORP,20200623,81.35,85.15,80.6,85.15,2228868
WELENT,20200623,64.5,67.9,63.25,67.15,308090
WELINV,20200623,188.15,198,188.15,197.7,345
WELSPUNIND,20200623,36.2,36.6,35.5,36.6,1049120
WENDT,20200623,2819.95,2819.95,2720,2731.55,308
WESTLIFE,20200623,303.05,307.8,300,300.85,120309
WHEELS,20200623,478,523.55,476.8,495.55,24943
WHIRLPOOL,20200623,2050,2074.45,2038.75,2064.55,35827
WILLAMAGOR,20200623,20.7,21,20.2,20.65,34670
WINDMACHIN,20200623,16.6,17.3,16.15,16.7,19933
WIPL,20200623,50,53,50,51.4,5183
WIPRO,20200623,215,222.3,213,220.6,7425152
WOCKPHARMA,20200623,294.95,309.45,288.3,293.4,2158667
WONDERLA,20200623,136.3,141.55,136.3,138.2,55856
WSI,20200623,1.5,1.55,1.45,1.55,30175
WSTCSTPAPR,20200623,168.8,175,167.8,172.5,205382
XCHANGING,20200623,46.95,46.95,45.15,45.7,29603
XELPMOC,20200623,67.85,67.85,66.5,67.85,2570
XPROINDIA,20200623,19.8,20,19.15,19.65,2968
YESBANK,20200623,27.8,27.8,27.4,27.55,16733550
ZEEL,20200623,176.9,186.9,176.05,181.95,21411859
ZEELEARN,20200623,19.8,19.8,17.45,17.75,3628370
ZEEMEDIA,20200623,6.7,7,6.55,7,1152325
ZENITHEXPO,20200623,37,38.4,35.65,37.15,1605
ZENSARTECH,20200623,133,144,129.2,135.8,443629
ZENTEC,20200623,53.2,56.3,52.8,53.85,346721
ZICOM,20200623,2.3,2.3,2.3,2.3,14290
ZODIACLOTH,20200623,135.25,161.85,130,148.05,316014
ZODJRDMKJ,20200623,25.3,27,25.15,26.9,3914
ZOTA,20200623,153,154.8,149,149.7,13944
ZUARI,20200623,110.85,110.85,105.9,107.9,72935
ZUARIGLOB,20200623,56.9,62,56.9,59.4,115911
ZYDUSWELL,20200623,1285,1285,1261.05,1277.9,75711
NSENIFTY,20200623,10347.95,10484.70,10301.75,10471.00,669195109,0
NIFTYJUNIOR,20200623,25871.80,26222.60,25816.35,26188.85,890110410,0
NIFTYMIDCAPLIQ15,20200623,3510.85,3512.90,3460.10,3500.45,238277224,0
NSE100,20200623,10534.95,10674.40,10491.50,10660.80,1565717249,0
NIFTY200,20200623,5380.30,5448.50,5357.15,5442.05,2325023738,0
NSE500,20200623,8527.50,8629.90,8488.35,8621.10,2834696037,0
NSEMIDCAP150,20200623,5685.60,5735.50,5653.60,5730.25,820199619,0
MIDCAP50,20200623,4196.75,4216.45,4160.20,4209.50,648963877,0
NSEMIDCAP,20200623,14909.10,15032.95,14821.40,15022.45,759306489,0
NSESMLCAP100,20200623,4740.00,4760.90,4689.45,4756.30,-,0
NIFTYLARGEMIDCAP250,20200623,-,-,-,5369.69,2385916868,0
NIFTYAUTO,20200623,6763.05,6817.65,6744.10,6789.20,163118967,0
BANKNIFTY,20200623,21859.25,22322.30,21647.80,22264.90,527935624,0
NIFTYFINSERVICE,20200623,10730.25,10917.00,10601.35,10881.40,297998850,0
NIFTYFMGC,20200623,28993.35,29452.05,28923.05,29355.20,56744985,0
NSEIT,20200623,14398.45,14725.40,14320.70,14680.40,45654691,0
NIFTYMEDIA,20200623,1432.85,1458.25,1424.55,1449.20,49719982,0
NIFTYMETAL,20200623,2064.10,2096.45,2056.65,2085.80,176948330,0
NIFTYPHARMA,20200623,10300.10,10385.20,10217.90,10360.80,106516425,0
NIFTYPVTBANK,20200623,11986.85,12263.90,11880.35,12230.05,317641941,0
NIFTYPSUBANK,20200623,1494.90,1528.85,1491.20,1523.90,340909632,0
NIFTYREALTY,20200623,217.25,222.60,214.75,221.25,21202476,0
NIFTYCOMMODITIES,20200623,2927.00,2968.30,2922.20,2962.30,349091850,0
NIFTYCONSUMPTION,20200623,4736.70,4781.75,4729.70,4774.45,152401137,0
NIFTYCPSE,20200623,1493.60,1524.10,1488.95,1519.85,132893943,0
NIFTYENERGY,20200623,14748.00,14867.05,14695.05,14837.55,175443253,0
NIFTY100ESG,20200623,-,-,-,2037.54,1296011431,0
NIFTY100ENHESG,20200623,-,-,-,2048.47,1264840898,0
NIFTYINFRA,20200623,3074.45,3110.35,3061.90,3105.50,293945388,0
NIFTYMNC,20200623,13076.95,13205.25,13057.05,13156.40,536521348,0
NIFTYPSE,20200623,2580.80,2621.55,2570.00,2614.70,360362315,0
NIFTYSMEEMERGE,20200623,-,-,-,1177.76,741740,0
NIFTYSERVSECTOR,20200623,13731.15,13992.05,13642.95,13964.35,531258213,0
NIFTYSHARIAH25,20200623,-,-,-,4218.28,119045371,0
NIFTY50SHARIAH,20200623,-,-,-,2430.68,119678737,0
NIFTY500SHARIAH,20200623,-,-,-,2900.87,567411388,0
NIFTYABGROUP,20200623,-,-,-,2667.33,487737863,0
NIFTYMAHINDRA,20200623,-,-,-,7905.94,29725583,0
NIFTYTATA,20200623,-,-,-,6309.72,145302621,0
NIFTYTATA25CAP,20200623,-,-,-,4153.29,136479600,0
NIFTYABGROUP,20200623,-,-,-,2667.33,487737863,0
NIFTYLIQ15,20200623,2668.60,2715.55,2653.00,2706.65,423479983,0
NIFTY500VALUE50,20200623,-,-,-,3055.90,638195769,0
NIFTYALPHALOWVOL30,20200623,-,-,-,11118.46,225864868,0
NIFTYQUALLOWVOL30,20200623,-,-,-,7909.46,127667230,0
NIFTYALPHAQUALLOWVOL30,20200623,-,-,-,9157.31,170795809,0
NIFTYALPHAQUALVALLOWVOL30,20200623,-,-,-,7011.63,211408811,0
NIFTY50EQUALWEIGHT,20200623,10761.15,10928.90,10737.75,10909.85,669195109,0
NIFTY100EQUALWEIGHT,20200623,11952.35,12112.50,11917.15,12096.60,1565717249,0
NIFTY100LOWVOL30,20200623,8268.70,8393.75,8249.00,8384.40,208072059,0
NSEDEFTY,20200623,-,-,-,4795.87,-,0
NIFTY50DIVPOINT,20200623,14.63,14.63,14.63,14.63,-,0
NIFTYDIVOPPS50,20200623,2241.35,2269.55,2234.60,2266.40,527728620,0
NIFTYALPHA50,20200623,14079.85,14227.20,14015.35,14213.45,209422551,0
NIFTY50ARBITRAGE,20200623,-,-,-,1903.16,-,0
NIFTY50FUTINDEX,20200623,-,-,-,3494.19,-,0
NIFTY50FUTTRINDEX,20200623,-,-,-,10740.88,-,0
NIFTYHIGHBETA50,20200623,-,-,-,1068.86,1483272366,0
NIFTYLOWVOL50,20200623,-,-,-,10360.73,232000787,0
NIFTY50VALUE20,20200623,4911.50,4994.30,4890.20,4986.90,257447581,0
NIFTYGROWSECT15,20200623,5181.60,5262.05,5151.15,5244.30,189111677,0
NIFTY50TR2XLEV,20200623,4498.25,4616.30,4458.65,4604.90,-,0
NIFTY50PR2XLEV,20200623,3426.15,3516.05,3396.00,3507.35,-,0
NIFTY50TR1XINV,20200623,369.75,371.40,364.85,365.35,-,0
NIFTY50PR1XINV,20200623,423.40,425.30,417.80,418.35,-,0
NIFTY-GS-COMPSITE,20200623,2221.50,2221.55,2218.44,2218.76,-,0
NIFTY-GS-4-8YR,20200623,2318.42,2318.42,2315.61,2316.12,-,0
NIFTY-GS-8-13YR,20200623,2179.52,2179.59,2176.10,2176.11,-,0
NIFTY-GS-10YR,20200623,1983.77,1983.97,1979.26,1980.06,-,0
NIFTY-GS-10YR-CLN,20200623,973.36,973.46,971.13,971.53,-,0
NIFTY-GS-11-15YR,20200623,2347.76,2347.76,2344.85,2344.85,-,0
NIFTY-GS-15YRPLUS,20200623,2573.16,2573.16,2573.16,2569.28,-,0
VIX,20200623,30.46,31.15,29.24,29.34,0,0
