20MICRONS,20200922,28.25,28.9,25.35,27.3,62817
21STCENMGM,20200922,10.45,10.45,10.4,10.4,621
3IINFOTECH,20200922,3.1,3.2,3.1,3.1,1507555
3MINDIA,20200922,18400,18499,18100,18148.95,5023
3PLAND,20200922,6.05,6.05,6.05,6.05,250
5PAISA,20200922,361.9,376.8,343.85,368,2830
63MOONS,20200922,73,73.35,70.1,72.05,17743
8KMILES,20200922,42.85,42.85,42.85,42.85,37254
A2ZINFRA,20200922,4.35,4.35,4,4.15,290434
AARTIDRUGS,20200922,2985.25,2985.25,2853.25,2901.05,334497
AARTIIND,20200922,1035,1060.05,1001,1038.25,347257
AARTISURF,20200922,509.95,509.95,482,504.25,12050
AARVEEDEN,20200922,11.55,11.55,11.1,11.1,6717
AARVI,20200922,38,38.15,36.75,38.15,87
AAVAS,20200922,1336,1370,1290,1356.4,48279
ABAN,20200922,23.9,24.4,23.1,23.7,32820
ABB,20200922,892,900.25,866,892.95,69644
ABBOTINDIA,20200922,15900,16132,15539.95,15943.1,18111
ABCAPITAL,20200922,64.5,65.75,60.85,62.9,4675047
ABFRL,20200922,125,133.85,120.5,129.95,2225643
ABMINTLTD,20200922,22.85,22.85,22.85,22.85,116
ABSLBANETF,20200922,216,228.89,213,213.07,547
ABSLNN50ET,20200922,277,277,277,277,19
ACC,20200922,1380,1393.7,1345.7,1360.65,710190
ACCELYA,20200922,1025.8,1028,1021.35,1023.3,33283
ACE,20200922,68,68.35,63.05,65.35,272876
ADANIENT,20200922,278.25,283,257.5,280.4,12536116
ADANIGAS,20200922,187.7,190,176.95,188.45,2465479
ADANIGREEN,20200922,636,647,619.2,619.2,957151
ADANIPORTS,20200922,347.85,348.35,327.15,332.3,4670215
ADANIPOWER,20200922,36.95,37.1,36.05,36.7,2487364
ADANITRANS,20200922,245.6,252.1,231.65,246.7,406313
ADFFOODS,20200922,417.6,426.75,396.35,407.4,177338
ADHUNIKIND,20200922,19.7,19.7,18.2,18.65,61214
ADORWELD,20200922,256.95,256.95,242.35,246.25,23468
ADROITINFO,20200922,4.8,4.8,4.8,4.8,3814
ADSL,20200922,23.5,24,22.8,23.05,54134
ADVANIHOTR,20200922,41.25,41.65,38.25,39.5,14986
ADVENZYMES,20200922,238,239,216.7,222.1,766376
AEGISCHEM,20200922,232.15,245,217.95,229.3,228411
AFFLE,20200922,2905.1,2922.95,2804.15,2871.55,84269
AGARIND,20200922,96.4,98.15,92,93.6,25625
AGCNET,20200922,365.9,365.9,326.1,348.8,9356
AGRITECH,20200922,30.1,30.65,29.25,29.75,6047
AGROPHOS,20200922,10.1,10.1,9.6,9.85,11580
AHLEAST,20200922,147.05,149.95,145.05,147.7,420
AHLUCONT,20200922,251.85,252.3,238,243.1,26654
AHLWEST,20200922,275,294,271.15,287.4,7765
AIAENG,20200922,1779.4,1809.25,1760,1791.8,21195
AIONJSW,20200922,18.45,18.65,17.8,18.2,231227
AIRAN,20200922,12.1,12.1,11.3,11.75,23433
AJANTPHARM,20200922,1590.65,1625,1509,1560.3,251332
AJMERA,20200922,84,84.5,79.3,82.05,55117
AKASH,20200922,238,245,230,240,4265
AKSHARCHEM,20200922,231,232.6,214,221.35,26952
AKSHOPTFBR,20200922,5.8,5.9,5.65,5.7,152085
AKZOINDIA,20200922,2091.4,2120,2061.7,2087.8,9799
ALANKIT,20200922,16.4,16.6,15.45,15.55,269607
ALBERTDAVD,20200922,430,430,401.1,417.8,16290
ALCHEM,20200922,5.05,5.25,4.8,4.85,68247
ALEMBICLTD,20200922,108,108.4,98.65,105.5,1230309
ALICON,20200922,335,337.05,312.95,333.85,1751
ALKALI,20200922,47.5,48.45,44,45.5,36080
ALKEM,20200922,2870,2875,2745.35,2802.5,213484
ALKYLAMINE,20200922,3182,3188.85,2855,3071.85,88340
ALLCARGO,20200922,117.3,119.8,113,117.25,543860
ALLSEC,20200922,242.2,251.95,228,242.8,4299
ALMONDZ,20200922,11.55,11.75,11.45,11.6,13946
ALOKINDS,20200922,25.75,25.75,25.75,25.75,1915827
ALPA,20200922,28.45,28.5,27.05,27.2,51280
ALPHAGEO,20200922,158.6,158.6,150.5,154.45,10538
ALPSINDUS,20200922,1.25,1.3,1.25,1.25,7781
AMARAJABAT,20200922,716,725.7,696.6,710.45,823514
AMBER,20200922,1993,2019.95,1790,1972.5,360441
AMBIKCO,20200922,679,683.15,635.5,638.3,20289
AMBUJACEM,20200922,209.5,210.55,203,206.8,3532428
AMDIND,20200922,16,16,15.3,15.45,3982
AMJLAND,20200922,17.65,18.2,17.1,18.05,10464
AMRUTANJAN,20200922,448,449.6,421,427.6,101945
ANANTRAJ,20200922,26.8,27.9,25.95,26.9,123801
ANDHRACEMT,20200922,4.85,4.85,4.6,4.65,139929
ANDHRAPAP,20200922,198.2,200.7,184,196.15,29123
ANDHRSUGAR,20200922,296.1,301.15,283.2,292.95,39301
ANIKINDS,20200922,12.7,12.8,12.45,12.55,4238
ANKITMETAL,20200922,0.9,0.95,0.9,0.95,58228
ANSALAPI,20200922,4,4.15,3.8,3.85,116572
ANSALHSG,20200922,4,4.1,3.85,3.95,9219
ANUP,20200922,555,570,530,557.75,15486
APARINDS,20200922,300,302.45,285.65,287.95,72606
APCL,20200922,188.8,190.4,166.5,172.75,58721
APCOTEXIND,20200922,143.5,148.95,136.1,145.4,77430
APEX,20200922,255,256.05,241.2,248.35,139201
APLAPOLLO,20200922,2704.4,2705,2525.1,2550.85,75182
APLLTD,20200922,929,940,865.85,917.55,547686
APOLLO,20200922,117.5,118.2,110,114.55,99818
APOLLOHOSP,20200922,1842.95,1842.95,1763,1789.15,1384803
APOLLOPIPE,20200922,404.4,404.5,372.2,386.9,33057
APOLLOTYRE,20200922,124.85,124.85,117.7,124,8420454
APOLSINHOT,20200922,547.3,547.3,481.95,515.75,791
APTECHT,20200922,118.7,119.2,110,113.95,243314
ARCHIDPLY,20200922,26.1,26.15,24.15,25.15,35754
ARCHIES,20200922,11.85,11.9,11.65,11.7,14222
ARCOTECH,20200922,2.2,2.35,2.2,2.2,18852
ARENTERP,20200922,11.05,11.5,10.7,11.45,3609
ARIES,20200922,77.1,79.4,73.9,75.05,44774
ARIHANT,20200922,15.7,16.55,15.25,16.3,1495
ARIHANTSUP,20200922,20,20,18.9,18.9,6867
ARMANFIN,20200922,530,540,502.85,515.6,13801
AROGRANITE,20200922,26.5,26.85,25,25.95,12943
ARROWGREEN,20200922,48.05,51.6,46.9,51.45,14470
ARSHIYA,20200922,13.05,13.05,12.05,12.4,55352
ARSSINFRA,20200922,14.05,14.05,13,13.2,8423
ARTEMISMED,20200922,154.75,154.75,144.7,151.75,4953
ARVIND,20200922,31.1,31.1,29.1,30.1,2681003
ARVINDFASN,20200922,128.35,129.65,121,125.95,130736
ARVSMART,20200922,88.5,91,83.05,85.15,49824
ASAHIINDIA,20200922,213.5,214.75,203.2,211.2,34505
ASAHISONG,20200922,205.15,213,192.5,206.85,50759
ASAL,20200922,21.3,21.35,20.9,21.35,4052
ASALCBR,20200922,257.8,258.9,238.95,249,66025
ASHAPURMIN,20200922,90,91,84.85,85,283279
ASHIANA,20200922,71.5,73,68.9,71.45,65581
ASHIMASYN,20200922,8.7,8.85,8.55,8.55,28351
ASHOKA,20200922,68,68.5,62.05,65.45,1443794
ASHOKLEY,20200922,74.6,76.35,70.75,74.45,91705200
ASIANHOTNR,20200922,56.05,56.4,54.5,54.7,3868
ASIANPAINT,20200922,1990.2,1995.7,1926.35,1937.5,1974860
ASIANTILES,20200922,301.8,304.75,285.65,297.5,371021
ASPINWALL,20200922,133.4,140.25,125,129.55,1254
ASTEC,20200922,1184.9,1184.9,1022.55,1096.15,176882
ASTERDM,20200922,133.75,139.3,125.45,136.35,233426
ASTRAL,20200922,1100,1104.95,1065.55,1071.55,87854
ASTRAMICRO,20200922,121,121.85,113.5,119.95,623197
ASTRAZEN,20200922,4450,4450,4210.05,4366.6,82334
ASTRON,20200922,42,42.9,41.05,42.45,32996
ATFL,20200922,681.6,682.05,662.5,676.6,10903
ATLANTA,20200922,7.05,7.05,6.7,6.7,16040
ATLASCYCLE,20200922,44.6,47,42.65,46,6267
ATUL,20200922,6250,6439.85,6011.9,6195.85,53287
ATULAUTO,20200922,174.4,174.95,167,170.95,61392
AUBANK,20200922,695.75,695.75,665,667.8,587935
AURIONPRO,20200922,82,82,74.2,74.35,31525
AUROPHARMA,20200922,798.25,812,768,799.1,5714064
AUSOMENT,20200922,41.55,43,38,41.55,14338
AUTOAXLES,20200922,750.7,755.95,701.3,715.2,24219
AUTOIND,20200922,28.55,29,28.5,28.65,12736
AUTOLITIND,20200922,19,19,17.65,18.45,4425
AVADHSUGAR,20200922,184.05,184.1,172.1,179.55,36286
AVANTIFEED,20200922,498,498.2,475,486.75,350161
AVTNPL,20200922,44.35,45.25,40.9,44.05,297154
AXISBANK,20200922,424,426.65,406.3,412,27558211
AXISCADES,20200922,53.1,54.5,50.8,51.35,46913
AXISGOLD,20200922,43.65,44.55,43.65,44.1,124425
AXISNIFTY,20200922,128.9,128.9,114.21,115,5707
AYMSYNTEX,20200922,25.15,26,23.1,25.3,19833
BAFNAPH,20200922,31.3,31.3,31.3,31.3,118
BAGFILMS,20200922,2.55,2.6,2.5,2.55,74108
BAJAJ-AUTO,20200922,2984.2,3009.45,2942.1,2985.85,690801
BAJAJCON,20200922,179,179.5,168.5,174.8,561623
BAJAJELEC,20200922,474.75,475.95,442.05,456.7,190001
BAJAJFINSV,20200922,5712.25,5756,5545,5682.3,645230
BAJAJHIND,20200922,5.2,5.25,4.7,4.95,3341372
BAJAJHLDNG,20200922,2480.05,2509.6,2392.5,2404.25,55015
BAJFINANCE,20200922,3329,3353.8,3217.05,3303,4224977
BALAJITELE,20200922,72.9,74.9,66.5,73.65,281918
BALAMINES,20200922,842.2,843.7,741.65,805.95,238946
BALAXI,20200922,960.65,960.65,869.25,869.25,7535
BALKRISHNA,20200922,13.55,13.95,12.95,13.15,900
BALKRISIND,20200922,1318.45,1353.15,1282.4,1315.3,547767
BALLARPUR,20200922,1.35,1.4,1.3,1.3,1208314
BALMLAWRIE,20200922,107,107.05,101.8,102.05,238726
BALPHARMA,20200922,45,45.05,42.05,43.6,21394
BALRAMCHIN,20200922,149.15,154.6,141.15,152.25,1872595
BANARBEADS,20200922,54,54.8,52,52.1,11386
BANARISUG,20200922,1305,1334.4,1295,1301.1,2784
BANCOINDIA,20200922,87.5,87.75,84.15,86.6,77515
BANDHANBNK,20200922,275,275,262.35,267.45,14047403
BANG,20200922,17.9,17.95,16.55,17.85,330
BANKBARODA,20200922,42.65,42.95,40.85,42.3,26903199
BANKBEES,20200922,218,219.89,211.22,213.11,1001417
BANKINDIA,20200922,42,42,40.1,41,3418400
BANSWRAS,20200922,70.8,70.8,65.15,67.55,10925
BASF,20200922,1470,1481.9,1415,1454.35,32386
BASML,20200922,87.25,88.75,84.9,85.2,1174
BATAINDIA,20200922,1323.3,1330,1270,1313.85,705108
BAYERCROP,20200922,6150,6209,5850,5983.3,36148
BBL,20200922,751.75,754.9,706.95,709.45,11311
BBTC,20200922,1356,1368.8,1305,1321.35,80455
BCG,20200922,6.9,7.15,6.7,6.8,3552387
BCP,20200922,5,5,4.6,4.6,95181
BDL,20200922,300.3,301.3,280.4,287.95,755045
BEARDSELL,20200922,8.2,8.6,8.1,8.1,11956
BEDMUTHA,20200922,18.15,18.9,18.05,18.05,5350
BEL,20200922,96.35,96.6,91,92.2,16187335
BEML,20200922,625.65,631.3,600,606.2,378123
BEPL,20200922,59.1,62.95,57,62.55,733713
BERGEPAINT,20200922,568.9,569.9,550.5,560.65,765592
BFINVEST,20200922,286,286.8,264,273.9,19256
BFUTILITIE,20200922,235.15,239.8,224.45,227.15,109675
BGRENERGY,20200922,35.45,35.9,33.7,33.7,72290
BHAGERIA,20200922,132.25,133.9,125.25,129.25,31706
BHAGYANGR,20200922,18,18.25,17.75,18.2,7247
BHAGYAPROP,20200922,22.5,22.65,21.8,21.85,5979
BHANDARI,20200922,1.05,1.1,1,1,98668
BHARATFORG,20200922,453.5,459.95,433.1,452.65,2301486
BHARATGEAR,20200922,47.15,50,45.05,46.85,12833
BHARATRAS,20200922,9335,9388,8900,9264.25,9732
BHARATWIRE,20200922,24.3,24.4,24.05,24.15,4373
BHARTIARTL,20200922,468.5,478.5,461,470.95,18600835
BHEL,20200922,34.5,34.55,32.3,32.6,52745087
BIGBLOC,20200922,51.5,51.5,49.25,49.25,2396
BIL,20200922,160,167.8,155,164.9,531
BILENERGY,20200922,0.85,0.9,0.8,0.8,403795
BINDALAGRO,20200922,12.3,12.85,12.2,12.25,21366
BIOCON,20200922,429.15,431.65,413.5,422.05,4813418
BIOFILCHEM,20200922,59,59.05,54.75,54.75,87285
BIRLACABLE,20200922,52.3,52.3,49,50.8,47389
BIRLACORPN,20200922,660,675.55,649.75,660.3,736318
BIRLAMONEY,20200922,41,41.4,37.55,39.15,357076
BIRLATYRE,20200922,20.25,21,19.95,20.05,288134
BKMINDST,20200922,1,1,0.95,0.95,47949
BLBLIMITED,20200922,5.95,5.95,5.55,5.75,2723
BLISSGVS,20200922,154.45,154.9,149.05,152.05,559422
BLKASHYAP,20200922,6.55,6.75,6.5,6.55,123355
BLS,20200922,92.4,98.3,91.65,91.9,45203
BLUECHIP,20200922,0.25,0.25,0.2,0.25,58110
BLUEDART,20200922,2595.8,2754,2431.85,2679.2,49832
BLUESTARCO,20200922,640,657.5,602,649.65,131508
BODALCHEM,20200922,67.9,68.3,62.6,66.2,559386
BOMDYEING,20200922,64.75,65.2,61.15,62.9,1318864
BOROLTD,20200922,154,154,145.5,148.5,38522
BORORENEW,20200922,72.05,73.5,69.1,70.6,126201
BOSCHLTD,20200922,12840.5,12895,12121.25,12395.6,106829
BPCL,20200922,403.05,403.8,382.2,392.15,7956590
BPL,20200922,18,18,17.2,17.5,32421
BRFL,20200922,10.3,10.3,10.3,10.3,18925
BRIGADE,20200922,167,168.3,158,163.05,79019
BRITANNIA,20200922,3660,3678,3540.05,3588,670648
BRNL,20200922,32,32,29.3,30.35,13136
BROOKS,20200922,51.95,53.85,48.75,53.85,131778
BSE,20200922,536,549.6,510.05,542.25,543123
BSELINFRA,20200922,1.05,1.05,1,1,40932
BSL,20200922,23.75,24.45,23,23.6,2764
BSLGOLDETF,20200922,4679.95,4720,4611,4638.8,269
BSLNIFTY,20200922,122.6,123.51,121.59,122.62,186888
BSOFT,20200922,190.9,201.8,172,193.85,4547388
BURNPUR,20200922,1.55,1.55,1.5,1.5,7230
BUTTERFLY,20200922,260,260,250.9,251,35361
BVCL,20200922,14.5,15.4,14.25,14.25,4076
BYKE,20200922,13.65,14.2,12,13.05,55716
CADILAHC,20200922,397.9,398.5,381.25,393.1,4930269
CALSOFT,20200922,8.05,8.1,8.05,8.05,2568
CAMLINFINE,20200922,95.8,98.25,88.95,94.35,1247997
CANBK,20200922,95.35,95.35,88,89.5,16215961
CANFINHOME,20200922,420.95,425.65,390.25,413.05,543234
CANTABIL,20200922,332,343,314.65,320.35,180064
CAPACITE,20200922,122.35,124.65,114,117.15,79251
CAPLIPOINT,20200922,570,573.85,525.05,548.6,472637
CAPTRUST,20200922,61.4,62.85,58,58.2,4783
CARBORUNIV,20200922,264.7,264.7,250,257.25,159656
CAREERP,20200922,172.85,174.3,164.95,168.75,81183
CARERATING,20200922,375,375,363,369,59046
CASTEXTECH,20200922,0.4,0.4,0.35,0.4,13230
CASTROLIND,20200922,116,116,111,111.9,2069566
CCHHL,20200922,2.9,3,2.85,2.95,36167
CCL,20200922,262,267.45,242,258.4,386915
CDSL,20200922,444,449.85,420.3,438.05,1609801
CEATLTD,20200922,915.1,928,892,900.2,137281
CEBBCO,20200922,15.15,16.1,15.1,15.95,37753
CELEBRITY,20200922,4.8,4.95,4.6,4.75,11970
CENTENKA,20200922,170.05,171.9,165.15,167.25,27206
CENTEXT,20200922,3.1,3.4,3.1,3.4,123393
CENTRALBK,20200922,15,17.45,14.65,17.25,6630834
CENTRUM,20200922,15.45,16.3,14.6,15.55,217605
CENTUM,20200922,304.05,316.55,295.7,311.3,9337
CENTURYPLY,20200922,174.3,174.8,160.6,167.9,329409
CENTURYTEX,20200922,345.5,348,332.05,338.9,942885
CERA,20200922,2350,2375.15,2275.05,2289.3,4704
CEREBRAINT,20200922,29.95,29.95,28.65,29.05,116424
CESC,20200922,652.15,658,610.6,645.9,585558
CESCVENT,20200922,236.5,243.95,228.05,233.6,53961
CGCL,20200922,228.75,234.85,225,228.25,75237
CGPOWER,20200922,23.45,23.95,22.9,22.9,2773105
CHALET,20200922,146.75,148.4,135,143,175847
CHAMBLFERT,20200922,150.95,152.9,145,147.75,1450709
CHEMBOND,20200922,155,155,145.25,151.85,8826
CHEMFAB,20200922,136.05,136.05,132,133.15,4710
CHENNPETRO,20200922,72.45,72.95,67.6,70.6,434568
CHOLAFIN,20200922,231.25,234.75,220.75,231.05,4621739
CHOLAHLDNG,20200922,407.95,407.95,371.05,376.1,28399
CHROMATIC,20200922,0.75,0.75,0.7,0.7,9172
CIGNITITEC,20200922,398,405,375.35,391.35,195051
CIMMCO,20200922,19.8,19.8,18.75,18.8,17397
CINELINE,20200922,27,27,25.75,26,24669
CINEVISTA,20200922,6.45,6.45,5.85,6,2060
CIPLA,20200922,777.05,787.95,755.15,777.65,14483986
CLEDUCATE,20200922,71.15,72.8,65.5,70.05,34663
CLNINDIA,20200922,346,346.2,328.1,333.75,59262
CMICABLES,20200922,37.95,37.95,34.95,35.55,29079
CNOVAPETRO,20200922,5.65,5.7,5.65,5.7,2
COALINDIA,20200922,122,122,118.85,119.55,10043181
COCHINSHIP,20200922,331,331,306,310.7,286332
COFORGE,20200922,2105,2200,2057.4,2161.3,507668
COLPAL,20200922,1365,1365,1322.15,1341.65,544716
COMPINFO,20200922,15.35,15.35,13.65,14.15,169234
COMPUSOFT,20200922,7.55,7.7,7.35,7.5,59808
CONCOR,20200922,379,380,363.65,370.7,1147393
CONFIPET,20200922,20.65,21.35,19.65,20.95,321827
CONSOFINVT,20200922,30.2,31.9,30.2,30.75,1033
CONTROLPR,20200922,223,228.25,214.05,223.65,11899
CORALFINAC,20200922,21.45,21.45,19.75,20,7248
CORDSCABLE,20200922,38.7,39.95,38,39.65,14275
COROMANDEL,20200922,794,810,732.15,800.55,483101
COSMOFILMS,20200922,403,405.05,380.4,392.65,93662
COUNCODOS,20200922,1.25,1.25,1.15,1.2,1058
CPSEETF,20200922,17,17.05,16.52,16.68,959323
CREATIVE,20200922,117.65,117.65,109.9,110.75,19384
CREATIVEYE,20200922,3.75,3.75,3.75,3.75,4407
CREDITACC,20200922,702,702,666.65,686.45,59042
CREST,20200922,85,85,77.8,79.6,13742
CRISIL,20200922,1742,1790,1720,1781.2,24398
CROMPTON,20200922,267.2,276,252.65,265.9,730911
CSBBANK,20200922,221,224.6,203.9,222.15,168106
CTE,20200922,25.85,25.9,25,25.3,14985
CUB,20200922,138,138,132,135.15,1466557
CUBEXTUB,20200922,10.75,11.5,10.75,11,1423
CUMMINSIND,20200922,471.15,471.55,445.2,455.55,926175
CUPID,20200922,219,219,201.3,215.25,60022
CYBERTECH,20200922,61.1,61.1,53.95,58.6,128504
CYIENT,20200922,408,413.55,381,395.2,528997
DAAWAT,20200922,51.25,51.7,48.05,50.25,1039489
DABUR,20200922,492.2,494.6,480,492.1,1843708
DALBHARAT,20200922,760,779.15,730,762.55,88229
DALMIASUG,20200922,128.5,129.05,124,125.7,109909
DAMODARIND,20200922,24.5,25,23,24.7,6033
DATAMATICS,20200922,80,80,77.4,77.4,150692
DBCORP,20200922,77,78.3,75.5,77.7,229079
DBL,20200922,352.05,353.15,334.85,348.75,102175
DBREALTY,20200922,6.8,6.9,6.4,6.7,209734
DBSTOCKBRO,20200922,9.3,9.75,8.85,9.45,343
DCAL,20200922,155.65,159.5,147.9,155.55,369210
DCBBANK,20200922,84.8,85,80,83.4,2204701
DCM,20200922,19.7,19.95,19,19.3,10568
DCMFINSERV,20200922,1.1,1.1,1.1,1.1,100
DCMNVL,20200922,24,24.45,23,23.55,4820
DCMSHRIRAM,20200922,370.45,375.7,355,361,61886
DCW,20200922,14.25,14.6,13.7,14.3,499511
DECCANCE,20200922,274,282,261.1,270.7,38252
DEEPAKFERT,20200922,155.1,156.2,143.25,149.35,967780
DEEPAKNTR,20200922,822,854.9,777,848.15,2903928
DEEPIND,20200922,68.05,70.95,66.15,66.85,27385
DELTACORP,20200922,108.55,109.55,100,103.3,1803354
DELTAMAGNT,20200922,18.25,19.45,18.25,19,1126
DEN,20200922,70,71.25,68,68.9,78665
DENORA,20200922,215,215,207.55,210.65,2261
DFMFOODS,20200922,354,367,333.55,354.35,155418
DGCONTENT,20200922,12.5,12.75,12.15,12.15,57487
DHAMPURSUG,20200922,140.05,140.7,131.5,134.2,1135424
DHANBANK,20200922,13.05,13.05,12.2,12.4,702970
DHANUKA,20200922,788.65,795.55,745,779.9,119952
DHARSUGAR,20200922,4.6,4.65,4.4,4.6,4323
DHFL,20200922,12.95,13.1,12.4,12.6,813267
DHUNINV,20200922,216.05,218.9,189.7,212.85,4400
DIAMONDYD,20200922,590,599,570.1,590,4907
DICIND,20200922,362.05,381,354.55,370,6299
DIGISPICE,20200922,8.25,8.55,7.75,8.05,7611
DISHTV,20200922,13.65,14,13.3,13.3,2691980
DIVISLAB,20200922,3160,3273.8,3042.55,3236.6,1855842
DIXON,20200922,8820,9280,8126,8552.6,139686
DLF,20200922,151.9,152.85,146.5,148.95,12105412
DLINKINDIA,20200922,102.6,104,96,100.4,145014
DMART,20200922,2099,2104.85,1995.1,2049.3,723124
DNAMEDIA,20200922,0.55,0.55,0.5,0.5,20371
DOLAT,20200922,51.05,51.05,46.8,48.7,61573
DOLLAR,20200922,138.25,138.25,132.25,132.9,73995
DONEAR,20200922,26.3,26.75,25.55,26,20028
DPSCLTD,20200922,13.2,13.3,11.85,13.25,37571
DPWIRES,20200922,57.6,59,57,57,13645
DQE,20200922,1.45,1.45,1.4,1.4,11184
DREDGECORP,20200922,261.75,263,248.35,255.8,67591
DRREDDY,20200922,5214,5260,5055,5167.95,7703358
DSSL,20200922,28.65,29.5,26.1,29,28017
DTIL,20200922,250.2,260,234,242.55,10528
DUCON,20200922,3.8,3.9,3.65,3.65,36190
DVL,20200922,55,55,52.3,53.1,5133
DWARKESH,20200922,28.1,28.8,27.05,28.3,623361
DYNAMATECH,20200922,700,704.25,665,671.25,11958
DYNPRO,20200922,244.6,266.85,229,258.15,860115
EASTSILK,20200922,1.15,1.2,1.15,1.15,5749
EBBETF0423,20200922,1082.1,1084,1082,1083.33,4959
EBBETF0425,20200922,992.5,993.99,992,992.7,1248
EBBETF0430,20200922,1100.01,1102.91,1099,1100.13,2957
EBBETF0431,20200922,992.4,994.95,991.05,993.18,10102
EBIXFOREX,20200922,465,470,452.25,455.05,3621
ECLERX,20200922,736,739.9,690,716.9,61933
EDELWEISS,20200922,64.5,65.4,61,61,1443759
EICHERMOT,20200922,2104,2122.15,2033.65,2064.35,1519039
EIDPARRY,20200922,287.2,294.8,272.4,287.9,491924
EIHAHOTELS,20200922,232.2,233.95,225.3,228.05,5679
EIHOTEL,20200922,81.5,81.85,76,78.3,1619066
EIMCOELECO,20200922,334,334,319.95,331.15,916
EKC,20200922,28.7,28.7,27.1,27.35,55865
ELECON,20200922,26.7,26.9,24.65,25.35,213216
ELECTCAST,20200922,17.25,17.25,15.8,16.95,1286444
ELECTHERM,20200922,105.25,105.25,101.9,103.2,13732
ELGIEQUIP,20200922,256.4,258,235.55,246.15,201260
ELGIRUBCO,20200922,17.8,18.3,17.2,17.95,20487
EMAMILTD,20200922,364.05,368.8,346.7,364.55,222253
EMAMIPAP,20200922,68.35,69,65.55,67,2712
EMAMIREAL,20200922,45.5,46.9,43.85,46.15,11136
EMKAY,20200922,53.25,54.9,50.65,53.35,10322
EMMBI,20200922,77.65,79.95,75,75.55,7144
ENDURANCE,20200922,1084,1119.7,1025,1079.85,107622
ENERGYDEV,20200922,5.7,5.8,5.6,5.7,8280
ENGINERSIN,20200922,66.1,66.9,63.85,64.45,1950017
ENIL,20200922,158.25,158.25,150.8,152.05,11455
EQ30,20200922,350.49,350.49,330.04,350,296
EQUITAS,20200922,51.6,52.2,49.25,49.85,4290424
ERIS,20200922,518.7,538,506.05,524.95,138496
EROSMEDIA,20200922,21,21,19.95,20.5,131084
ESABINDIA,20200922,1366,1391.35,1323,1342.55,3633
ESCORTS,20200922,1215,1227.25,1170,1198.8,2106701
ESSARSHPNG,20200922,9.1,9.1,8.35,8.4,17845
ESSELPACK,20200922,243.95,253.9,226.45,251.65,1068502
ESTER,20200922,74.65,76,71.3,72.75,176820
EUROMULTI,20200922,2.6,2.6,2.6,2.6,40776
EUROTEXIND,20200922,8.1,8.15,8.1,8.1,694
EVEREADY,20200922,143.95,144.05,135,137.8,377459
EVERESTIND,20200922,206.1,207.45,195.3,200.9,49286
EXCEL,20200922,1.2,1.2,1.1,1.1,300
EXCELINDUS,20200922,908,918,855.8,894.75,29585
EXIDEIND,20200922,158.55,161.2,153.8,156.75,4811979
EXPLEOSOL,20200922,508.35,508.35,482.95,492.8,30231
FACT,20200922,46,46,41.95,42.9,49225
FAIRCHEM,20200922,562,563.75,526,544.4,26354
FCL,20200922,31.5,31.8,29.65,31.05,159119
FCONSUMER,20200922,8.9,9,8.7,8.7,12603702
FCSSOFT,20200922,0.45,0.45,0.4,0.45,2180548
FDC,20200922,335,344,310,338.8,759322
FEDERALBNK,20200922,50,50.15,47.55,48.85,37261285
FEL,20200922,13.15,13.3,12.9,12.9,2471435
FELDVR,20200922,15,15.1,14.45,14.45,55728
FIEMIND,20200922,590,595,523.75,564,101904
FILATEX,20200922,26.2,27.1,24.65,25.85,75352
FINCABLES,20200922,283.8,286,269.55,276.1,107177
FINEORG,20200922,2685,2724,2450.05,2661.2,142428
FINPIPE,20200922,516,524.5,490.05,520.05,54140
FLEXITUFF,20200922,11.25,11.4,10.9,11.4,3990
FLFL,20200922,95.1,97.65,93.55,94.6,560958
FLUOROCHEM,20200922,521,524,494.1,511.85,356077
FMGOETZE,20200922,377.7,377.7,351.7,360.85,3107
FMNL,20200922,21.05,21.45,20.85,20.85,27273
FORCEMOT,20200922,1098,1123.2,1056.35,1065.6,36765
FORTIS,20200922,131.35,133,129.45,132.05,567004
FOSECOIND,20200922,1267.5,1267.6,1183.85,1220.8,1061
FRETAIL,20200922,92.35,94.5,90.55,90.95,3883783
FSC,20200922,110.05,115.05,108.35,110.4,252338
FSL,20200922,69.8,72.9,67.2,72.05,5722191
GABRIEL,20200922,104.2,107.8,98.25,105.1,167007
GAEL,20200922,204,208,190.1,206.65,128649
GAIL,20200922,88.1,88.5,82.85,84.15,23856234
GAL,20200922,3.75,3.75,3.45,3.45,23924
GALAXYSURF,20200922,1889.75,1889.75,1770.2,1811.8,25540
GALLANTT,20200922,30.25,33,29.55,32.2,8016
GALLISPAT,20200922,27.9,28.3,27.1,27.6,8146
GAMMNINFRA,20200922,0.65,0.7,0.6,0.65,1859077
GANDHITUBE,20200922,210.65,214.35,202.35,210.5,2721
GANECOS,20200922,260.1,260.8,255,255.25,11114
GANESHHOUC,20200922,24.6,26.5,24.3,25.95,18659
GANGESSECU,20200922,38.95,39.85,37.15,39.3,9220
GARDENSILK,20200922,10.15,10.4,9.65,10,13798
GARFIBRES,20200922,1931.05,1935,1780,1831.4,34132
GATI,20200922,46.85,49.95,43.2,49.4,1152856
GAYAHWS,20200922,0.4,0.4,0.35,0.4,138826
GAYAPROJ,20200922,17.05,17.2,16.7,16.7,213488
GDL,20200922,88.7,89.65,86.2,88,73488
GEECEE,20200922,69.35,71.7,67.2,69.2,5537
GEEKAYWIRE,20200922,88,88,86.5,86.5,7039
GENESYS,20200922,58.1,63,57,59.9,9443
GENUSPAPER,20200922,4.9,5,4.4,4.85,154600
GENUSPOWER,20200922,27,27,24.5,26.1,209142
GEOJITFSL,20200922,38,38.25,36.2,37.45,240549
GEPIL,20200922,445.05,457.55,410.8,446.1,30342
GESHIP,20200922,245,255.8,236.25,248.95,138237
GET&D,20200922,96.9,96.9,90.2,90.2,104761
GFLLIMITED,20200922,84.15,85.05,80.9,81.05,26356
GFSTEELS,20200922,2.7,2.75,2.7,2.75,26
GHCL,20200922,157.65,162.75,150.2,158.35,167336
GICHSGFIN,20200922,96.95,96.95,91.05,94.05,431739
GICRE,20200922,124.2,125.65,119.55,123.15,213119
GILLANDERS,20200922,29,29,26.8,26.8,4985
GILLETTE,20200922,5487,5520,5265,5377.9,8468
GINNIFILA,20200922,11.25,12,11.2,11.35,45828
GIPCL,20200922,71.9,71.9,69,69.3,87422
GKWLIMITED,20200922,513.3,513.3,456.9,498.85,266
GLAXO,20200922,1680.25,1699,1592,1606.15,134117
GLENMARK,20200922,475.25,476.45,441.7,459.3,3878375
GLFL,20200922,2.4,2.5,2.4,2.5,22499
GLOBALVECT,20200922,49.85,56,49.05,51.2,35283
GLOBOFFS,20200922,6.3,6.3,6.3,6.3,1577
GLOBUSSPR,20200922,280.25,285,262.65,273.2,343115
GMBREW,20200922,395,395,370,377.3,23203
GMDCLTD,20200922,42.65,42.95,41.25,42,511438
GMMPFAUDLR,20200922,4682.7,4682.7,4682.7,4682.7,21343
GMRINFRA,20200922,23,23,21.6,21.75,23191042
GNA,20200922,224.5,224.5,212,218.05,57005
GNFC,20200922,212,214.3,200.5,208.6,1588268
GOACARBON,20200922,205,205.95,195.2,200.8,15637
GOCLCORP,20200922,204,205.9,192,196.55,41367
GODFRYPHLP,20200922,915.8,916.45,885.45,901.35,51353
GODREJAGRO,20200922,499,505.9,481.25,499.2,118199
GODREJCP,20200922,685,689.65,666,683.2,864996
GODREJIND,20200922,397,410.55,380,401.1,96347
GODREJPROP,20200922,860,863.9,819.75,843.9,668347
GOKEX,20200922,60.55,62,55.25,61.05,163877
GOKUL,20200922,14.9,15.3,14.3,15.2,17860
GOKULAGRO,20200922,13.9,14.55,13.4,14.4,18100
GOLDBEES,20200922,44.85,44.95,39.2,44.26,7158658
GOLDENTOBC,20200922,21.8,22.4,21.05,21.75,4767
GOLDIAM,20200922,124,124,114.05,123.1,50821
GOLDSHARE,20200922,4624,4624,4575.5,4599.35,1383
GOLDTECH,20200922,9.25,9.25,8.6,8.8,13390
GOODLUCK,20200922,38.8,39.2,36.75,38.2,54368
GPIL,20200922,276,285,269.05,276.6,56191
GPPL,20200922,87.2,87.9,82.55,86,343028
GPTINFRA,20200922,26.75,27.95,26.15,26.95,15836
GRANULES,20200922,363,363.7,330.75,352.7,4657364
GRAPHITE,20200922,174,176.8,165,168.35,690098
GRASIM,20200922,720.4,746,706.8,729.1,3313571
GRAVITA,20200922,47,49.45,45.3,48.85,162816
GREAVESCOT,20200922,74.2,74.85,71.1,73.2,384122
GREENLAM,20200922,725,734,676.15,722.35,5793
GREENPANEL,20200922,45,47.6,44.05,46.05,74003
GREENPLY,20200922,87.3,88.1,82.1,86.4,224558
GREENPOWER,20200922,1.8,1.85,1.8,1.8,650430
GRINDWELL,20200922,530,547,502.6,542.2,20902
GROBTEA,20200922,515.25,515.25,505,510,133
GRPLTD,20200922,713.05,716,700,700.35,1659
GRSE,20200922,175.5,175.5,166.05,170.75,160690
GSCLCEMENT,20200922,27,27.55,26.2,26.7,38711
GSFC,20200922,58.65,59,55.1,57.25,631775
GSPL,20200922,204,204.15,193.6,199.45,657249
GSS,20200922,31.8,31.85,29,29.85,102412
GTL,20200922,2.55,2.55,2.55,2.55,69856
GTLINFRA,20200922,0.65,0.7,0.6,0.65,5393059
GTNIND,20200922,7.35,7.75,7.35,7.6,408
GTNTEX,20200922,5,5,5,5,723
GTPL,20200922,89,98,85,90.85,111080
GUFICBIO,20200922,79.55,81.95,76.2,81.1,199648
GUJALKALI,20200922,339.65,339.65,322.75,332.4,76113
GUJAPOLLO,20200922,237,237,212.85,218.3,20060
GUJGASLTD,20200922,304.35,313.85,294.3,306.5,709047
GULFOILLUB,20200922,645.5,645.5,625.85,633.4,7280
GULFPETRO,20200922,39.55,39.9,38.1,38.4,23531
GULPOLY,20200922,57.15,57.15,55.15,55.2,37836
GVKPIL,20200922,3.25,3.25,3.2,3.2,2484782
HAL,20200922,790.3,798,755.25,775.3,1146405
HAPPSTMNDS,20200922,350,358.6,335,353.95,4965436
HARITASEAT,20200922,404.95,419.95,395.05,402.6,4044
HARRMALAYA,20200922,91.65,92.2,87.2,87.8,54395
HATHWAY,20200922,30,31,29.65,30.5,269730
HATSUN,20200922,807,812.6,762.35,773.4,32634
HAVELLS,20200922,673.95,673.95,645,665.25,1188130
HAVISHA,20200922,0.65,0.7,0.65,0.7,14815
HBANKETF,20200922,214.14,214.79,210.84,212.12,11351
HBLPOWER,20200922,15.8,16,15.15,15.45,209643
HCC,20200922,5.3,5.35,4.9,5.15,3361190
HCG,20200922,118.5,122.2,111.25,120.35,154496
HCL-INSYS,20200922,8.2,8.2,7.85,7.9,162376
HCLTECH,20200922,813.95,831.5,790.55,821,21882919
HDFC,20200922,1716.25,1716.25,1672,1674.85,3615745
HDFCAMC,20200922,2160,2163,2122,2152.85,513395
HDFCBANK,20200922,1054.05,1058.15,1029.5,1035.4,9310339
HDFCLIFE,20200922,576,587.5,566.3,579.4,2359389
HDFCMFGETF,20200922,4551,4568,4522.4,4531.85,14310
HDFCNIFETF,20200922,1186,1190.32,1169,1177.03,2009
HDFCSENETF,20200922,4090,4090,3960.05,4008.16,232
HEG,20200922,738,741.7,698.85,711,336058
HEIDELBERG,20200922,183.15,185,177.2,178.8,321519
HERCULES,20200922,94.1,95.2,90.3,91.6,86779
HERITGFOOD,20200922,339,354,302.4,345.75,118530
HEROMOTOCO,20200922,3040,3052,2960,3000.15,1099376
HESTERBIO,20200922,1692,1765,1620.35,1709.2,20201
HEXATRADEX,20200922,28.9,31.5,28.85,28.85,8138
HEXAWARE,20200922,456.5,464.95,452,460.85,634428
HFCL,20200922,14.4,15.25,13.7,14.9,6313694
HGINFRA,20200922,196,196,183.3,188.9,36471
HGS,20200922,721,729.5,685.15,693.7,21957
HIKAL,20200922,171.8,180.9,152.65,177.15,2463619
HIL,20200922,1652,1674.45,1536.1,1565.3,38128
HILTON,20200922,9.55,9.75,9.25,9.7,4852
HIMATSEIDE,20200922,84,84.25,79.3,82.1,375635
HINDALCO,20200922,168,168.95,160.8,163.45,18465737
HINDCOMPOS,20200922,185.3,189.95,176,179.9,6743
HINDCOPPER,20200922,35,35.05,33.1,33.95,830158
HINDMOTORS,20200922,5.55,5.55,5.3,5.4,128346
HINDNATGLS,20200922,27.75,28.45,27,27.1,4588
HINDOILEXP,20200922,69.5,70.7,65,69.35,324820
HINDPETRO,20200922,190,190.85,178.65,180.4,10780080
HINDUNILVR,20200922,2040.55,2054.75,2000.05,2026.8,2345712
HINDZINC,20200922,205.8,211,200.1,208.2,871865
HIRECT,20200922,123.5,125.5,117.85,119.85,28896
HISARMETAL,20200922,82.3,85.05,75.55,77.85,9921
HITECH,20200922,113.85,114.9,108.3,113.5,3481
HITECHCORP,20200922,87.1,95.8,87,93.9,915
HITECHGEAR,20200922,124.65,134.7,122,128.5,5198
HLVLTD,20200922,4.9,4.9,4.75,4.85,49138
HMVL,20200922,48.5,49.6,45.95,48.3,14507
HNDFDS,20200922,898.9,898.9,858.15,878.45,12997
HNGSNGBEES,20200922,329.79,335.88,327,328.95,81
HONAUT,20200922,31457,32600,31000,32363.25,4898
HONDAPOWER,20200922,1045.85,1045.85,1010,1016.75,2042
HOTELRUGBY,20200922,1.55,1.65,1.55,1.55,1680
HOVS,20200922,39.45,39.9,38.2,39.25,5774
HPL,20200922,34.75,34.75,31.1,32.9,24676
HSCL,20200922,51.25,51.75,48.25,50.1,1401960
HSIL,20200922,76.8,79.9,72.75,77.85,4329013
HTMEDIA,20200922,14.85,14.85,13.65,14,16050
HUBTOWN,20200922,10.9,10.9,10.1,10.4,17293
HUDCO,20200922,31.65,31.9,29.85,31,995406
IBMFNIFTY,20200922,122.9,129.38,116.26,118.1,1418
IBREALEST,20200922,54.4,55.5,50.25,51.5,3053719
IBULHSGFIN,20200922,156.5,165.7,146.9,154.4,52426028
IBULISL,20200922,41.55,43,41.1,41.1,60241
IBVENTURES,20200922,216.35,218,182.35,210.8,2819885
ICICI500,20200922,154.26,155,150.6,150.78,7808
ICICIALPLV,20200922,118.5,124,117.8,119.34,1851
ICICIB22,20200922,24.38,25.39,24.28,24.51,311808
ICICIBANK,20200922,354,356.15,349.5,354.4,28593294
ICICIBANKN,20200922,214,214,209.01,210.23,10889
ICICIBANKP,20200922,120.05,120.05,114.41,114.89,32680
ICICIGI,20200922,1272.9,1274,1248.2,1254.75,402197
ICICIGOLD,20200922,45.64,47.45,44.01,45.41,391438
ICICILIQ,20200922,999.95,1000,999.95,999.99,7038
ICICILOVOL,20200922,112,112,93.55,94.97,7515
ICICIM150,20200922,64.8,64.8,62.5,63.87,9266
ICICIMCAP,20200922,69,69,62,62.2,6568
ICICINF100,20200922,129,129,120.31,121.3,5572
ICICINIFTY,20200922,137.1,137.1,117.36,118.06,84466
ICICINV20,20200922,59,59.8,57.5,58.01,4005
ICICINXT50,20200922,27.97,27.97,26.29,26.65,14149
ICICIPRULI,20200922,414,415.6,399.55,403.25,1413911
ICICISENSX,20200922,410,414.46,404.04,406.8,3575
ICICITECH,20200922,197.78,201.98,194.02,199.59,1166222
ICIL,20200922,95,95,86.1,91.45,394427
ICRA,20200922,2751.65,2800,2751,2778.55,2986
IDBI,20200922,36.75,37,34,35.1,1445594
IDBIGOLD,20200922,4698,4698,4650.05,4668.2,186
IDEA,20200922,10.35,10.45,9.65,10.25,434050940
IDFC,20200922,31,32.45,29.5,31.25,8911094
IDFCFIRSTB,20200922,29.4,29.65,28.25,28.7,48851666
IDFNIFTYET,20200922,118.89,118.89,115.7,118.71,626
IEX,20200922,195.1,197.6,183.2,191.95,3118748
IFBAGRO,20200922,320.8,331.95,311,324.85,11776
IFBIND,20200922,584.4,599.9,546,568,84030
IFCI,20200922,6.25,6.3,5.8,6,2816202
IFGLEXPOR,20200922,150.05,150.05,142.5,147.55,6478
IGARASHI,20200922,288.05,290.1,263.95,277.9,100207
IGL,20200922,414,415.2,398,410.75,4101347
IGPL,20200922,262.6,271,243.3,267.05,95790
IIFL,20200922,83.65,84.25,77.2,79.45,657915
IIFLSEC,20200922,42.25,42.8,39.8,40,1071119
IIFLWAM,20200922,999,999,940,947.75,214520
IITL,20200922,52.45,53,52.4,53,668
IMAGICAA,20200922,4.05,4.15,3.85,4,55635
IMFA,20200922,231.25,234.95,220.05,225.2,36050
IMPAL,20200922,558.95,558.95,547,555.45,874
INDBANK,20200922,10.85,11.1,10.3,10.35,101075
INDHOTEL,20200922,95,95.6,90,92.65,2973137
INDIACEM,20200922,114.5,118.5,109.6,116.35,2159630
INDIAGLYCO,20200922,279.7,280,264.5,271.8,90216
INDIAMART,20200922,4694.85,4935,4379.9,4859.7,234982
INDIANB,20200922,57.85,58.05,55.25,56.5,953563
INDIANCARD,20200922,98.5,98.5,93.5,94.65,193
INDIANHUME,20200922,170.2,175,163,167.25,39953
INDIGO,20200922,1285.15,1286,1208.1,1234.6,2509560
INDLMETER,20200922,16,16,14.8,15.55,1275
INDNIPPON,20200922,321.05,333.45,315,318.1,6499
INDOCO,20200922,258.2,271,242.1,262.3,151314
INDORAMA,20200922,25.45,25.45,23.4,23.4,46766
INDOSTAR,20200922,293.1,294,261.45,276.25,37480
INDOTECH,20200922,94.95,95,90.35,92.25,8226
INDOTHAI,20200922,17.25,18.75,17.1,17.9,2695
INDOWIND,20200922,2.95,2.95,2.85,2.85,17081
INDRAMEDCO,20200922,46.9,48.55,45.3,46.6,137847
INDSWFTLAB,20200922,42.45,46.4,42,45.05,193295
INDSWFTLTD,20200922,3.15,3.15,3.15,3.15,1946
INDTERRAIN,20200922,30.2,31.5,28.1,29.45,195477
INDUSINDBK,20200922,564,578,537,544,26363876
INEOSSTYRO,20200922,506,507.95,495,504.6,5019
INFIBEAM,20200922,78.75,78.75,73.65,76.1,396913
INFOBEAN,20200922,132.5,137.85,125.7,133.8,39046
INFOMEDIA,20200922,2.95,2.95,2.95,2.95,2315
INFRABEES,20200922,326,332,308.9,320.81,448
INFRATEL,20200922,190,192.6,179.35,180.4,11769233
INFY,20200922,1009,1022.5,991.2,1007.5,12625775
INGERRAND,20200922,609.75,611.35,595.55,598.3,13742
INOXLEISUR,20200922,273.95,281.95,246.95,270.2,866190
INOXWIND,20200922,40.05,41.5,37.1,38.3,257370
INSECTICID,20200922,485,487.1,465.3,481.2,62858
INSPIRISYS,20200922,28.6,30.45,28.15,28.8,10367
INTELLECT,20200922,210,210,198.4,207.65,247810
INTENTECH,20200922,33,33,30.45,30.65,15494
INVENTURE,20200922,17.1,17.45,16.9,17.05,25123
IOB,20200922,9.65,9.7,8.9,9.25,2553113
IOC,20200922,78.1,78.4,75.4,76.15,20539323
IOLCP,20200922,776,784.4,711,742.7,1379312
IPCALAB,20200922,2097.8,2121.8,1988,2113.9,218105
IRB,20200922,116,116.5,106,108.45,993410
IRCON,20200922,84.5,84.5,80,81.6,569070
IRCTC,20200922,1390,1390,1330.1,1355.7,569167
ISEC,20200922,469.2,470,425,460.05,690676
ISFT,20200922,92.75,92.75,84.85,86,3360
ISMTLTD,20200922,12.7,12.7,11.5,12.7,732044
ITC,20200922,175.75,176.75,173.75,174.2,18532637
ITDC,20200922,238.5,243.5,222.65,227.65,54186
ITDCEM,20200922,47.7,50.1,46.1,49.8,987787
ITI,20200922,122,123.85,117,120.9,1115404
IVC,20200922,3.75,3.95,3.7,3.75,38162
IVP,20200922,42.05,43,40.85,41.65,1654
IVZINGOLD,20200922,4655,4655,4588.05,4609.55,46
IZMO,20200922,34,35,32.5,34.45,34103
J&KBANK,20200922,15.65,15.85,14.35,15.6,1533172
JAGRAN,20200922,37.55,38.3,36.4,36.9,298309
JAGSNPHARM,20200922,38.85,39,34.1,37.65,59625
JAIBALAJI,20200922,19,19,17.5,17.7,7833
JAICORPLTD,20200922,84.95,85.35,79.7,81.25,907899
JAMNAAUTO,20200922,48.9,49.45,44,45.35,2477563
JASH,20200922,178.2,180,166.15,179.95,3399
JAYAGROGN,20200922,97.05,99,94.05,94.15,12034
JAYBARMARU,20200922,196.15,204.95,186.8,194.35,17103
JAYNECOIND,20200922,3.05,3.05,3.05,3.05,1169
JAYSREETEA,20200922,60.7,61.2,57,57.9,192636
JBCHEPHARM,20200922,1086,1100,980,999,563656
JBFIND,20200922,8.6,8.6,7.85,8,56473
JBMA,20200922,220,222.15,208.25,213,29430
JCHAC,20200922,2179,2187.95,2025.1,2112.65,13777
JHS,20200922,20.7,20.75,20.7,20.7,17720
JINDALPHOT,20200922,12.8,12.8,12.25,12.35,1010
JINDALPOLY,20200922,435.15,440.2,416,427.65,45506
JINDALSAW,20200922,63.55,63.95,60.25,61.55,1008338
JINDALSTEL,20200922,173,175.4,159.6,169.9,27153503
JINDRILL,20200922,67.3,70.95,67.1,69.15,19510
JINDWORLD,20200922,49,50.45,48,48.15,21257
JISLDVREQS,20200922,11.3,11.7,11.15,11.15,23782
JISLJALEQS,20200922,14.5,14.5,14.5,14.5,264799
JITFINFRA,20200922,6.8,7.35,6.8,6.85,2170
JIYAECO,20200922,9.15,9.45,8.8,8.9,103418
JKCEMENT,20200922,1522.1,1535,1495,1503.95,97739
JKIL,20200922,106,108.4,100.9,101.45,86819
JKLAKSHMI,20200922,266.55,269.95,248.75,250.9,420793
JKPAPER,20200922,93,93.5,91.2,91.85,613397
JKTYRE,20200922,57.75,58.05,55.2,56.95,548625
JMA,20200922,28.45,28.45,26.4,26.8,5966
JMCPROJECT,20200922,51.1,52.9,49.35,51.6,101608
JMFINANCIL,20200922,80.5,82.2,77.2,80.35,2852141
JMTAUTOLTD,20200922,2.8,2.85,2.75,2.75,133214
JOCIL,20200922,175,176.95,166,166.95,15420
JPASSOCIAT,20200922,3.1,3.15,3.05,3.05,2072172
JPINFRATEC,20200922,1.2,1.3,1.2,1.25,1861484
JPOLYINVST,20200922,14.6,14.6,14.15,14.15,282
JPPOWER,20200922,2.35,2.35,2.3,2.3,1383370
JSL,20200922,42.9,43.4,40.2,41.7,561617
JSLHISAR,20200922,86.1,87.7,76.35,80.05,730440
JSWENERGY,20200922,56.5,57.75,56.1,57.05,2079778
JSWHL,20200922,2255,2329,2255,2288.9,636
JSWSTEEL,20200922,269.3,275.15,262.7,271.9,13246982
JTEKTINDIA,20200922,75.5,77.6,72.15,76.15,92261
JUBILANT,20200922,774,802,725.1,781.2,734101
JUBLFOOD,20200922,2310.05,2320,2264.5,2306.95,614031
JUBLINDS,20200922,136.85,136.85,123.8,131.3,31617
JUMPNET,20200922,97,97,95.25,96.05,1217697
JUNIORBEES,20200922,270,299,270,275.9,85312
JUSTDIAL,20200922,364.5,372.9,353,360.4,1586616
JYOTHYLAB,20200922,148,149.25,140,143.3,394533
KABRAEXTRU,20200922,60.15,61.75,55.15,59.35,26439
KAJARIACER,20200922,506.7,506.85,485.2,496.75,747683
KAKATCEM,20200922,145.7,145.9,142.5,143.4,7495
KALPATPOWR,20200922,246,248.65,237.6,239.75,314084
KALYANIFRG,20200922,144.8,144.8,133,141.05,330
KAMATHOTEL,20200922,30.2,30.2,27.6,28.45,55992
KAMDHENU,20200922,70,70,66.5,66.95,23061
KANANIIND,20200922,3.3,3.3,3.2,3.2,161
KANORICHEM,20200922,40,42.7,37.25,39.65,108856
KANSAINER,20200922,502.7,503,476,480.5,111218
KAPSTON,20200922,124.75,124.75,116,124.75,20005
KARDA,20200922,105,106.85,101.7,102.95,16855
KARMAENG,20200922,9.75,9.75,8.85,9.5,2352
KARURVYSYA,20200922,32.95,33.6,31.2,33.05,1430058
KAUSHALYA,20200922,2,2,2,2,20335
KAYA,20200922,219.55,224,209.25,213.9,17218
KCP,20200922,59.8,59.8,56.7,58.6,89583
KCPSUGIND,20200922,14.6,14.6,13.7,14.15,122992
KDDL,20200922,173.05,174,170.4,170.4,2448
KEC,20200922,325,327,309.15,313.3,354611
KECL,20200922,10.3,11,10.25,10.25,47674
KEI,20200922,360,367.25,349.65,356.75,166904
KELLTONTEC,20200922,51.9,51.9,47.85,47.85,475743
KENNAMET,20200922,760.45,765,724.55,735.35,11472
KERNEX,20200922,18.8,18.8,18.35,18.35,1123
KESORAMIND,20200922,38,38.25,35.8,37.45,173768
KEYFINSERV,20200922,41.4,42.3,37.45,40.25,2736
KHADIM,20200922,111,111,106.05,106.5,35296
KHANDSE,20200922,8.85,9.2,8.5,9,1189
KICL,20200922,1295.15,1300,1265.5,1290.05,143
KILITCH,20200922,86.3,86.3,82,83.75,7724
KINGFA,20200922,459,473.85,431.2,460.35,8828
KIOCL,20200922,117.45,121.85,111.7,115.1,25554
KIRIINDUS,20200922,535,538.7,515,522.3,104587
KIRLFER,20200922,84.05,84.95,80.5,84.5,58061
KIRLOSBROS,20200922,108.05,110.7,104.25,106.9,45324
KIRLOSENG,20200922,108.85,112,104.25,106.25,60587
KIRLOSIND,20200922,609.95,620.05,577.05,595.4,1133
KITEX,20200922,102.95,102.95,97,100.55,91409
KKCL,20200922,795.05,795.05,730,755.6,658
KMSUGAR,20200922,10.3,10.4,9.8,10.2,172058
KNRCON,20200922,255.75,260,238,247.2,118647
KOKUYOCMLN,20200922,58.85,59.35,55.7,56.85,196539
KOLTEPATIL,20200922,161,163.75,158.5,159.5,45472
KOPRAN,20200922,83.85,87,79.85,83.05,528030
KOTAKBANK,20200922,1288.05,1301.5,1261.7,1270.55,4238325
KOTAKBKETF,20200922,215.5,216.74,212.21,213.32,617715
KOTAKGOLD,20200922,448.95,452.9,442,443.45,160276
KOTAKNIFTY,20200922,118.9,118.9,115.38,116.09,55135
KOTAKNV20,20200922,59.5,59.5,58.5,59.09,1797
KOTAKPSUBK,20200922,130.99,134.99,126.51,129.5,10666
KOTARISUG,20200922,14.65,15.8,14.3,15.35,37768
KOTHARIPET,20200922,15.8,16.2,15.45,15.95,27103
KOTHARIPRO,20200922,59.5,59.5,56.7,58.35,2884
KPITTECH,20200922,105.35,113.3,99,107.1,2704819
KPRMILL,20200922,600,624.95,584.5,605.15,70219
KRBL,20200922,267,268.95,249.35,252.6,200563
KREBSBIO,20200922,84.1,86.95,83.05,85.4,3809
KRIDHANINF,20200922,2.95,2.95,2.75,2.8,49632
KSB,20200922,508.95,512.25,485.35,489.5,52829
KSCL,20200922,559.8,563.8,518.35,523.1,325651
KSERASERA,20200922,0.25,0.25,0.2,0.2,821959
KSK,20200922,0.45,0.45,0.4,0.4,919503
KSL,20200922,204.05,209.75,200,203.6,66551
KTKBANK,20200922,41.7,41.8,40,40.8,1304146
KUANTUM,20200922,42.15,43,40.05,40.35,8849
KWALITY,20200922,2.8,2.8,2.8,2.8,332946
L&TFH,20200922,60.6,60.95,57.5,59.8,15037008
LAKSHVILAS,20200922,20.1,20.4,18.85,19.35,1299569
LALPATHLAB,20200922,1920,1925.5,1798.8,1804.45,157687
LAMBODHARA,20200922,28.2,30,26.25,29.35,11512
LAOPALA,20200922,213.05,221.05,203,213.05,177507
LASA,20200922,65.1,69.9,63.35,65.1,156235
LAURUSLABS,20200922,1428,1435.9,1301.25,1420.95,2385994
LAXMIMACH,20200922,3511.05,3588.5,3396.05,3418.65,10697
LEMONTREE,20200922,26.95,27.3,25.65,26,987820
LFIC,20200922,51.2,53,51.2,53,154
LGBBROSLTD,20200922,238,242,228,231.05,37835
LGBFORGE,20200922,2.85,2.85,2.65,2.85,137618
LIBAS,20200922,31.65,31.8,28.5,31.15,38156
LIBERTSHOE,20200922,141,141,133.6,137.75,92705
LICHSGFIN,20200922,291.3,292.6,281.45,286.6,2594622
LICNETFGSC,20200922,20.98,21.3,20.98,21.15,18281
LICNETFN50,20200922,117.49,117.5,114.5,116.99,373
LICNETFSEN,20200922,426.9,426.9,395.2,397,171
LICNFNHGP,20200922,115.7,118.99,114.11,114.35,544
LINCOLN,20200922,262.1,264.65,234.6,250.1,437761
LINCPEN,20200922,161.05,166.95,151.45,161.1,11613
LINDEINDIA,20200922,772.05,779.25,709.15,729.65,183609
LIQUIDBEES,20200922,999,1000.05,999,999.99,1369926
LIQUIDETF,20200922,1000.04,1000.04,999.99,999.99,7442
LOKESHMACH,20200922,20.8,21.5,20.35,20.75,11194
LOTUSEYE,20200922,28.45,30.55,26.3,30,6177
LOVABLE,20200922,56.9,57.9,54.1,54.65,20128
LPDC,20200922,2.4,2.4,2.35,2.4,6094
LSIL,20200922,0.7,0.75,0.7,0.7,892351
LT,20200922,887.95,887.95,852,856.5,5089088
LTI,20200922,2660,2699.95,2502,2579.85,340250
LTTS,20200922,1670,1670,1575,1628.25,136652
LUMAXIND,20200922,1400.05,1428,1326.05,1366.8,5335
LUMAXTECH,20200922,95.05,97.45,93.35,95.45,24559
LUPIN,20200922,1040.55,1053.55,1017.8,1039.75,5220254
LUXIND,20200922,1360.75,1364.55,1317,1338.9,52419
LYKALABS,20200922,18,18.7,17.6,18.4,7194
LYPSAGEMS,20200922,3,3.25,3,3.05,9844
M&M,20200922,622.45,624.25,603,615.8,5369370
M&MFIN,20200922,125.5,125.5,117.25,118.15,14123509
M100,20200922,18.35,18.35,17.1,17.73,221301
M50,20200922,110,110,109.3,109.45,451
MAANALU,20200922,66.8,67.5,62.5,65.3,18694
MACPOWER,20200922,82.65,88.4,82.45,82.45,2527
MADHAV,20200922,26,26.75,25.1,25.75,7473
MADHUCON,20200922,2.8,2.8,2.6,2.8,40593
MADRASFERT,20200922,16.7,17.2,15.65,16.6,60428
MAGADSUGAR,20200922,119.75,119.75,110,113.55,23517
MAGMA,20200922,34.7,35.7,33,34.35,616771
MAGNUM,20200922,4.6,4.6,4.2,4.2,2014
MAHABANK,20200922,11.6,11.6,11.15,11.35,1024092
MAHAPEXLTD,20200922,52.75,52.75,48,51,1124
MAHASTEEL,20200922,115.85,116,107.9,114.65,14444
MAHEPC,20200922,152.4,153.5,146.45,149,69804
MAHESHWARI,20200922,175.9,175.9,162.2,166.05,39044
MAHINDCIE,20200922,121.75,133.9,115.35,132,482902
MAHLIFE,20200922,231.55,233,219.95,227.8,51152
MAHLOG,20200922,327.3,329.9,309.9,327.3,63088
MAHSCOOTER,20200922,3000,3000,2857.8,2897,5837
MAHSEAMLES,20200922,221.3,223.5,210.25,214.75,67912
MAITHANALL,20200922,502.5,515,498.95,505.05,29043
MAJESCO,20200922,798,798.9,772.6,777.8,456139
MALUPAPER,20200922,25.7,25.7,24.05,25.25,11981
MAN50ETF,20200922,114.5,114.5,113.1,113.57,10317
MANAKALUCO,20200922,7.9,8.25,7.55,7.85,5086
MANAKCOAT,20200922,3.95,4.15,3.95,3.95,1854
MANAKSIA,20200922,39.35,40.9,38.8,39.8,19224
MANAKSTEEL,20200922,13,13.15,12.05,12.05,115342
MANALIPETC,20200922,25.8,26.2,23.7,25.45,1354139
MANAPPURAM,20200922,155.85,156,144.65,146.95,11774460
MANGALAM,20200922,139.75,143.7,130.45,132.45,122687
MANGCHEFER,20200922,30.85,30.85,28.8,29.3,145524
MANGLMCEM,20200922,181,184.1,175.9,176.55,30119
MANGTIMBER,20200922,6.5,7.05,6.45,6.45,2536
MANINDS,20200922,67.55,71.45,63.2,66.65,959026
MANINFRA,20200922,27.2,27.45,24.4,25.8,424562
MANUGRAPH,20200922,9.15,9.55,9.15,9.25,660
MANXT50,20200922,267.7,267.7,260,263.2,1140
MARALOVER,20200922,11.7,11.9,10.75,11.15,19471
MARATHON,20200922,54.95,55,52.4,52.4,19988
MARICO,20200922,351.45,352,344,346.15,2406399
MARKSANS,20200922,48.3,49,46.1,47.65,2517856
MARUTI,20200922,6675,6685.95,6312.35,6440.55,2666025
MASFIN,20200922,834,840.05,781.05,802.25,43416
MASTEK,20200922,830,868,752.65,810.8,689530
MATRIMONY,20200922,568,590.1,537.25,581,18213
MAWANASUG,20200922,25.1,25.1,23.85,24.05,148359
MAXHEALTH,20200922,110.95,112.4,107,109.05,574754
MAXIND,20200922,57.9,59.6,55.95,58.8,397256
MAXVIL,20200922,36,38.5,35.2,37.8,100157
MAYURUNIQ,20200922,260,267,245.5,261.1,68972
MAZDA,20200922,438.75,444.15,429,440.2,6581
MBAPL,20200922,61.75,61.75,61.75,61.75,2433
MBECL,20200922,4.95,5.15,4.95,5,6577
MBLINFRA,20200922,7.7,7.8,7.35,7.35,78228
MCDHOLDING,20200922,26.6,27.9,25.35,26.75,36292
MCDOWELL-N,20200922,522,522.55,505.55,515.4,2263281
MCL,20200922,68,72.8,64.1,70.9,13030
MCLEODRUSS,20200922,16.55,16.55,16.55,16.55,181854
MCX,20200922,1615,1660,1540,1617.15,355741
MEGASOFT,20200922,7.6,7.6,7.5,7.5,36037
MEGH,20200922,78,78.05,73.85,76.05,1869049
MENONBE,20200922,40.65,40.65,37.1,39.6,32632
MEP,20200922,15.45,15.9,14.45,14.45,73304
MERCATOR,20200922,0.9,0.95,0.9,0.9,1741585
METALFORGE,20200922,5,5.15,4.75,5,752
METROPOLIS,20200922,1805.65,1809.4,1675,1743.6,148820
MFSL,20200922,599,609.8,588.05,594.9,5420363
MGL,20200922,888,889,830.35,851.3,3108378
MHRIL,20200922,170,172.95,161.55,164.35,159812
MIC,20200922,0.65,0.7,0.6,0.6,91538
MIDHANI,20200922,195.05,199.45,190,194.8,376472
MINDACORP,20200922,69.9,73,66.4,71.85,654304
MINDAIND,20200922,330.5,333.9,308,323.65,253086
MINDTECK,20200922,32.05,32.4,30.8,31,4119
MINDTREE,20200922,1279,1316.1,1223.5,1307.7,1521615
MIRCELECTR,20200922,8.7,8.7,8.3,8.3,292163
MIRZAINT,20200922,51,51,47.05,49.15,312081
MITTAL,20200922,25.45,25.45,23.35,23.5,9810
MMFL,20200922,329.95,329.95,295.55,314.25,48633
MMP,20200922,75.25,78.75,74.9,77.6,2064
MMTC,20200922,17.3,17.5,16.6,16.8,433414
MODIRUBBER,20200922,28.6,28.6,28.25,28.25,242
MOHOTAIND,20200922,8.4,8.55,8.1,8.15,1883
MOIL,20200922,145,145.9,136.45,138,261940
MOLDTECH,20200922,41.35,41.5,39.6,40.35,26858
MOLDTKPAC,20200922,283.65,288.7,256.55,273.25,46814
MONTECARLO,20200922,173,173.3,163,168.7,21103
MORARJEE,20200922,8.9,9.4,8.75,8.9,5297
MOREPENLAB,20200922,23.35,24.1,22.75,23.1,1155844
MOTHERSUMI,20200922,115,116,110.1,112.35,12575377
MOTILALOFS,20200922,624.55,633.7,600,614.75,382637
MOTOGENFIN,20200922,17,17.2,16.55,16.7,682
MPHASIS,20200922,1381.45,1384.15,1305,1365.75,609852
MPSLTD,20200922,414,421.7,397.9,410.55,20987
MRF,20200922,58160,58350.25,57400,57709.55,9817
MRO-TEK,20200922,26.2,26.2,26.2,26.2,2
MRPL,20200922,28.2,28.45,26.7,27.4,758255
MSPL,20200922,6.75,6.75,6.5,6.55,2844
MSTCLTD,20200922,171.65,174.4,163.1,169.1,659230
MTEDUCARE,20200922,11,11.45,10.8,11.2,33498
MTNL,20200922,8.75,8.8,8.5,8.6,624824
MUKANDENGG,20200922,10,10,9.95,9.95,7280
MUKANDLTD,20200922,45.25,46.5,44.65,44.65,163408
MUKTAARTS,20200922,25.4,25.9,24.9,25.5,5520
MUNJALAU,20200922,54.85,54.85,51,52.15,228884
MUNJALSHOW,20200922,129.4,129.4,120.15,120.95,34498
MURUDCERA,20200922,14.9,14.9,14.1,14.3,44540
MUTHOOTCAP,20200922,390,395.05,373.05,380.85,33341
MUTHOOTFIN,20200922,1030,1032.95,1000,1014.75,2902435
N100,20200922,790,811.95,777.2,803.13,71728
NACLIND,20200922,40.1,40.1,36.75,38.1,99644
NAGAFERT,20200922,4.05,4.15,3.95,4.05,302390
NAGREEKCAP,20200922,4.7,4.7,4.7,4.7,150
NAGREEKEXP,20200922,12.6,14.1,12.25,13.05,3109
NAHARCAP,20200922,63,69,59.1,64.85,5694
NAHARINDUS,20200922,25.05,25.7,25.05,25.35,745
NAHARPOLY,20200922,60.3,61.3,58,58.3,11867
NAHARSPING,20200922,36.3,38,35.3,37.25,8936
NAM-INDIA,20200922,272.75,273.9,260.6,264.5,684376
NATCOPHARM,20200922,908.2,912,837.65,885.75,922323
NATHBIOGEN,20200922,270,279.95,264.3,272.35,19736
NATIONALUM,20200922,33.1,33.3,31.55,31.95,17525995
NATNLSTEEL,20200922,3.3,3.35,3.3,3.35,4001
NAUKRI,20200922,3370.35,3420,3275.4,3349.35,508068
NAVINFLUOR,20200922,2049.4,2050,1940,1979.15,91755
NAVKARCORP,20200922,25.5,25.55,24.35,25.35,168087
NAVNETEDUL,20200922,80.3,82.15,76.95,78.95,61419
NBCC,20200922,24.55,24.75,22.8,23.8,8258122
NBIFIN,20200922,1370,1428.75,1370,1423.6,22
NBVENTURES,20200922,57.95,57.95,54.35,56.15,296430
NCC,20200922,31.4,31.6,29.7,30.8,10700406
NCLIND,20200922,105.3,107.35,98.4,105.75,331218
NDGL,20200922,576.55,618.2,570.2,609,378
NDL,20200922,21.3,21.3,19.85,20.55,12224
NDRAUTO,20200922,153.5,153.5,153.5,153.5,1544
NDTV,20200922,34.95,34.95,33.2,34.05,17813
NECCLTD,20200922,8.5,8.95,8.3,8.75,23570
NECLIFE,20200922,21,22.9,19.6,22.75,1070038
NELCAST,20200922,58.55,60.15,53.6,56,110294
NELCO,20200922,200,200.45,187.8,193.6,67635
NEOGEN,20200922,666.2,684.7,639.15,650.75,31238
NESCO,20200922,564,567,535.25,544.9,106143
NESTLEIND,20200922,15430,15430,15100,15199.25,107120
NETF,20200922,137.99,140,124,137.84,216
NETFCONSUM,20200922,53.63,53.99,52.7,53.06,1746
NETFDIVOPP,20200922,28.99,28.99,27.21,27.99,346
NETFIT,20200922,19.82,20.3,19.43,19.95,294156
NETFLTGILT,20200922,21.91,21.92,21.83,21.9,12501
NETFMID150,20200922,64.58,64.94,62.29,63.88,62437
NETFNIF100,20200922,119,121.98,111,115.24,1283
NETFNV20,20200922,60.49,60.49,59.53,60,3708
NETWORK18,20200922,34,34.8,33.25,33.25,2789197
NEULANDLAB,20200922,1116,1116,976.3,1058.3,186874
NEWGEN,20200922,221,225,202.05,215.45,129648
NFL,20200922,33.3,33.75,31.55,32.4,839712
NH,20200922,334.05,335.95,312.65,326.65,53397
NHPC,20200922,20.5,20.6,19.85,20.1,3907604
NIACL,20200922,106.5,108.6,102.4,105.25,206212
NIBL,20200922,6.45,6.45,6.1,6.15,3680
NIFTYBEES,20200922,115,125,115,118.91,1654611
NIFTYEES,20200922,14080,14940,14080,14900,11
NIITLTD,20200922,132.6,136.85,121.8,134.7,1323556
NILAINFRA,20200922,4.8,4.9,4.4,4.5,630619
NILASPACES,20200922,1.2,1.25,1.15,1.15,321072
NILKAMAL,20200922,1287.05,1328.9,1274.4,1314.35,29686
NIPPOBATRY,20200922,541,560,541,553.65,1002
NITCO,20200922,17.95,18,17.15,17.45,41687
NITINSPIN,20200922,37.8,38.9,36.45,36.7,81635
NKIND,20200922,19.1,19.1,18.8,18.8,300
NLCINDIA,20200922,50.35,50.45,48.15,49.4,397478
NMDC,20200922,83.15,83.7,79.9,81.1,10059491
NOCIL,20200922,128.1,133,120,129.35,1663593
NOIDATOLL,20200922,3.45,3.45,3.2,3.25,34349
NORBTEAEXP,20200922,14.5,14.5,13.2,14.5,17310
NPBET,20200922,111.7,116.05,111.68,114.36,658
NRAIL,20200922,189.05,196.9,177.95,185.1,26279
NRBBEARING,20200922,76.1,76.15,72.1,73,159659
NSIL,20200922,713.05,721,693.05,717.2,138
NTL,20200922,1.45,1.45,1.35,1.35,166917
NTPC,20200922,88.3,89.55,85.3,87.7,25113194
NUCLEUS,20200922,663.95,707,583,670.4,1325002
NXTDIGITAL,20200922,647.7,647.95,620.35,637.15,2016
OAL,20200922,365.05,374,339.7,360.7,40969
OBEROIRLTY,20200922,415.5,425,394.8,418.1,383077
OCCL,20200922,755,759.95,735.25,749.7,5091
OFSS,20200922,3064,3084,2941,3054.4,96012
OIL,20200922,91.5,92.8,87.1,88.15,562798
OILCOUNTUB,20200922,4.15,4.3,3.95,4,31749
OISL,20200922,3.35,3.35,3.2,3.2,21980
OLECTRA,20200922,64,64.9,60.4,62.4,94724
OMAXAUTO,20200922,42,43.95,39.55,40.65,23264
OMAXE,20200922,67.5,68.45,65.5,66.1,38600
OMKARCHEM,20200922,7.65,7.65,7,7.45,42272
OMMETALS,20200922,16.95,17.4,16.5,16.6,39623
ONELIFECAP,20200922,6,6.3,5.95,5.95,2836
ONEPOINT,20200922,12,12,10.9,11.2,30490
ONGC,20200922,71,71.3,68.75,69.5,18043170
ONMOBILE,20200922,44.2,44.2,42.7,42.7,295741
ONWARDTEC,20200922,66.75,67.35,61.7,63,39940
OPTIEMUS,20200922,52.5,55.9,51.45,51.45,53629
OPTOCIRCUI,20200922,5.45,5.55,5.45,5.45,263093
ORBTEXP,20200922,59.05,60.25,56,57.35,21250
ORICONENT,20200922,18.25,19.15,17.7,18.05,81805
ORIENTABRA,20200922,22.4,22.9,20.15,21.15,189547
ORIENTALTL,20200922,10,10,9.4,9.85,13787
ORIENTBELL,20200922,102.85,103,95,97.15,41879
ORIENTCEM,20200922,59,60,56.2,59.05,158797
ORIENTELEC,20200922,191.05,194.45,185.4,189.75,190140
ORIENTHOT,20200922,20.85,20.95,19.9,20.3,32513
ORIENTLTD,20200922,76.9,80.45,76.65,76.8,160
ORIENTPPR,20200922,16.5,16.75,15.6,16.4,577484
ORIENTREF,20200922,191.3,195.95,184.55,193.45,24962
ORISSAMINE,20200922,2110.3,2125,1954.4,1996.8,15418
ORTINLABSS,20200922,19.75,20.05,18.8,19.15,34924
OSWALAGRO,20200922,10.9,10.9,9.9,9.95,179102
PAEL,20200922,2.1,2.1,2,2,551
PAGEIND,20200922,18315,18543.75,17685,18377.25,35981
PAISALO,20200922,400,432.1,393.3,420.3,29319
PALASHSECU,20200922,32.25,34.45,32.25,33.75,359
PALREDTEC,20200922,25,25,24.95,25,1300
PANACEABIO,20200922,186.6,192,182.25,184.6,56197
PANACHE,20200922,57.9,57.9,54,54.2,9913
PANAMAPET,20200922,55.2,55.55,50.65,52.9,105037
PAPERPROD,20200922,271,273,258.2,265.85,102319
PARACABLES,20200922,7.1,7.2,6.85,7,110261
PARAGMILK,20200922,98,98.2,95,95.45,398572
PARSVNATH,20200922,2.65,2.7,2.55,2.55,71675
PATELENG,20200922,12,12.5,11.5,12.3,224993
PATINTLOG,20200922,23.35,23.75,22.1,23.35,24777
PATSPINLTD,20200922,4.8,4.8,4.8,4.8,2851
PCJEWELLER,20200922,14.3,14.4,13.5,13.95,1155756
PDMJEPAPER,20200922,14.3,14.5,13.5,14.3,56184
PDSMFL,20200922,319.9,319.9,303,310.2,78617
PEARLPOLY,20200922,17.95,17.95,17.95,17.95,3436
PEL,20200922,1278.95,1283,1194,1245.85,1700180
PENIND,20200922,16,16.25,15.4,15.7,98850
PENINLAND,20200922,4.4,4.4,4.2,4.25,61289
PERSISTENT,20200922,1166.1,1195,1092.25,1178.05,179534
PETRONET,20200922,224,224.5,215.3,220.05,2772812
PFC,20200922,88.5,88.8,85.9,87.35,9559540
PFIZER,20200922,4899,4930,4679.05,4774.75,67063
PFOCUS,20200922,37.25,37.95,35.2,35.7,115936
PFS,20200922,17.55,18.5,16.1,18.2,1792067
PGEL,20200922,70,71.35,69.55,69.55,65291
PGHH,20200922,9868,9974,9691.4,9943.65,4498
PGHL,20200922,5170,5176.75,4950.9,4995.15,14289
PGIL,20200922,145.45,148.75,140.15,144.6,5481
PHILIPCARB,20200922,123,124.9,117,123.55,1162653
PHOENIXLTD,20200922,600.75,604.85,542,588.35,421356
PIDILITIND,20200922,1439,1439.95,1394.4,1427.35,461471
PIIND,20200922,1937,1977.45,1860.95,1896.05,345116
PILANIINVS,20200922,1620.3,1620.3,1515.6,1572.6,1819
PILITA,20200922,6.55,6.6,6.35,6.45,28445
PIONDIST,20200922,102.25,102.9,89.1,99.1,7044
PIONEEREMB,20200922,20.95,21.95,19.25,21.3,7494
PITTIENG,20200922,31.9,32.05,30.3,30.75,244441
PKTEA,20200922,194,203.9,194,203.9,755
PLASTIBLEN,20200922,194,198.9,184.05,192.15,8264
PNB,20200922,30.75,30.8,29.5,30.05,30887287
PNBGILTS,20200922,42.05,42.4,40.05,40.9,332224
PNBHOUSING,20200922,310.55,318,300.15,313.95,650005
PNC,20200922,14,14.1,12.75,13.55,5987
PNCINFRA,20200922,159.85,167.3,150.3,162.6,162769
PODDARHOUS,20200922,168.55,168.55,156.3,157.4,4482
PODDARMENT,20200922,192,196,181.55,191.35,14571
POKARNA,20200922,132.8,135,129.95,130.55,104827
POLYCAB,20200922,847,847,798,811.75,245982
POLYMED,20200922,491.65,501,444,473.35,261283
POLYPLEX,20200922,697,707,675.1,679.8,101715
PONNIERODE,20200922,158.2,158.25,147.95,155,5259
POWERGRID,20200922,168.8,170.45,166.5,168.8,5084656
POWERINDIA,20200922,923,965,895.15,938.7,66233
POWERMECH,20200922,410.3,416.2,389.95,392.6,56500
PPAP,20200922,211.75,213.8,200,203.3,86877
PPL,20200922,67.55,67.55,61.1,65.25,56403
PRABHAT,20200922,68.9,69.4,65.6,66.8,125028
PRADIP,20200922,0.7,0.7,0.7,0.7,3397
PRAENG,20200922,5.75,6.05,5.55,6,70075
PRAJIND,20200922,68.75,69.15,65.6,67.25,673131
PRAKASH,20200922,39.9,39.9,36.65,38.65,356172
PRAKASHSTL,20200922,0.7,0.75,0.7,0.7,111575
PRAXIS,20200922,38.35,38.35,38.35,38.35,1732
PRECAM,20200922,33.85,34.3,31.6,32.6,227037
PRECOT,20200922,34.25,34.25,34.25,34.25,49
PRECWIRE,20200922,118.05,118.05,110,112.2,23961
PREMEXPLN,20200922,115.65,115.7,110.05,113.65,8999
PREMIER,20200922,3.4,3.4,3.25,3.35,1955
PREMIERPOL,20200922,25.4,26.25,23.5,24.15,5798
PRESSMN,20200922,17.5,17.8,16.65,17.2,11794
PRESTIGE,20200922,244,258,222.2,232.75,561815
PRICOLLTD,20200922,47.7,47.75,45.7,46.35,70508
PRIMESECU,20200922,43.15,48.5,42.5,46.9,25724
PRINCEPIPE,20200922,227.4,230,218,222.05,615288
PROSEED,20200922,0.25,0.3,0.25,0.3,90102
PROZONINTU,20200922,16.45,16.95,15.7,16.4,122050
PRSMJOHNSN,20200922,57.15,57.45,53.8,56.2,121182
PSB,20200922,11.8,11.8,11.1,11.25,231424
PSL,20200922,0.6,0.6,0.55,0.55,321472
PSPPROJECT,20200922,417.6,417.6,400,405.1,20331
PSUBNKBEES,20200922,14.7,15.2,14.06,14.42,287654
PTC,20200922,46.65,48.25,44.85,48.05,2047889
PTL,20200922,42.1,43.15,39.1,40.2,48722
PUNJABCHEM,20200922,616.1,630,613,617,6270
PURVA,20200922,44.15,44.4,41.7,43.45,49414
PVR,20200922,1116,1140.2,1051.85,1127.15,3993884
QGOLDHALF,20200922,2213,2213,2202.95,2208.8,1831
QNIFTY,20200922,1155,1155,1144,1144,90
QUESS,20200922,414,417,367.55,388.55,399730
QUICKHEAL,20200922,150,150.5,138.1,146.2,736363
RADICO,20200922,421.6,438,399.2,419.25,542289
RADIOCITY,20200922,19,20,18.1,18.7,791956
RAIN,20200922,103.05,103.45,97,98.65,1075575
RAJESHEXPO,20200922,494.5,504.5,466.45,472,250282
RAJRATAN,20200922,320.2,325.75,292.55,319.15,8465
RAJSREESUG,20200922,13,13.15,12.55,12.95,3774
RAJTV,20200922,36.4,36.4,32.2,34.25,13444
RALLIS,20200922,290.5,295,275,281.8,1218250
RAMANEWS,20200922,13.95,14.15,13.6,13.95,50193
RAMASTEEL,20200922,38.15,40,36.55,37.75,7653
RAMCOCEM,20200922,719,730.85,692.95,706.95,1206934
RAMCOIND,20200922,186.15,191.5,176.5,180.75,40155
RAMCOSYS,20200922,390.95,396.95,373.85,375.25,805794
RAMKY,20200922,31.55,31.55,30.2,30.5,31430
RANASUG,20200922,6.5,6.5,6,6.05,139753
RANEENGINE,20200922,186.65,192.65,186.2,189.35,1541
RANEHOLDIN,20200922,468,476.05,448.05,451,19808
RATNAMANI,20200922,1225,1225,1171,1184.95,12107
RAYMOND,20200922,268,268,255.1,261.85,533288
RBL,20200922,553,559.45,524,544.4,14865
RBLBANK,20200922,169.3,171.2,161.4,166.2,20168987
RCF,20200922,45,45.25,43.2,43.65,1018628
RCOM,20200922,2.05,2.1,2.05,2.05,4909122
RECLTD,20200922,102.55,103,99.4,102.1,7649971
REDINGTON,20200922,114.2,114.2,107.1,108.1,301662
REFEX,20200922,45.7,45.7,43.2,44.65,87092
RELAXO,20200922,650,650,610,637.7,300171
RELCAPITAL,20200922,7.9,8.2,7.8,7.85,1640674
RELIANCE,20200922,2277,2277,2201.55,2211.15,16056621
RELIGARE,20200922,43.7,44.8,41.3,43.4,822414
RELINFRA,20200922,23.55,23.85,23.2,23.2,2091025
REMSONSIND,20200922,81.15,84.8,80.55,80.8,3338
RENUKA,20200922,9,9.25,8.9,9.2,1616367
REPCOHOME,20200922,154.1,158.75,148.2,156.25,989848
REPRO,20200922,394.15,398.8,380.55,388.45,4045
RESPONIND,20200922,95.75,97.65,91,93.6,163618
REVATHI,20200922,452.05,452.05,417,435.7,1085
RGL,20200922,252.35,252.5,240,243.25,4785
RHFL,20200922,1.85,1.9,1.85,1.85,412838
RICOAUTO,20200922,29.75,29.75,27.45,28.05,412286
RIIL,20200922,388,388.45,362.85,372.15,274674
RITES,20200922,246.3,249.25,237.7,238.6,708648
RKDL,20200922,6.95,7.2,6.65,6.75,7956
RKFORGE,20200922,280.1,289.4,261.05,274.85,69406
RMCL,20200922,3.2,3.2,2.9,3,21293
RML,20200922,210.7,210.7,196.75,207.15,11727
RNAVAL,20200922,3.15,3.25,3.1,3.1,1171729
ROHITFERRO,20200922,0.95,0.95,0.95,0.95,401
ROHLTD,20200922,62,64.75,61.9,62.85,18327
ROLLT,20200922,3.15,3.2,3.1,3.2,4180
ROLTA,20200922,5.7,5.7,5.45,5.45,191160
ROSSARI,20200922,783,786,741.05,762.45,268773
ROSSELLIND,20200922,169,169.95,159.9,159.9,51669
ROUTE,20200922,664.7,703.9,635.85,694.25,6302385
RPGLIFE,20200922,396.5,403,365.05,381.9,141922
RPOWER,20200922,2.7,2.75,2.5,2.7,17253468
RPPINFRA,20200922,54.4,60,50.55,53.85,33758
RSSOFTWARE,20200922,23.7,23.7,21.65,21.85,31234
RSWM,20200922,89.15,93.75,88.45,90.55,2353
RSYSTEMS,20200922,109.8,109.8,103.55,104.35,31100
RTNINFRA,20200922,6.15,6.3,6.05,6.05,523874
RTNPOWER,20200922,2.65,2.7,2.65,2.65,845365
RUBYMILLS,20200922,177.9,177.9,161,167,3166
RUCHI,20200922,475.2,495,470.85,470.85,12338
RUCHINFRA,20200922,8.75,8.75,8.4,8.4,86221
RUCHIRA,20200922,51.1,51.4,49.25,50.55,39816
RUPA,20200922,192.2,193.3,173.95,182.35,39574
RUSHIL,20200922,86.45,86.45,75.55,83.25,10100
RUSHIL-RE,20200922,26.6,39.75,26.6,27.6,42102
RVNL,20200922,20.25,20.25,18.85,19.2,6586775
S&SPOWER,20200922,14.1,14.1,13.4,13.75,371
SABEVENTS,20200922,1.2,1.2,1.2,1.2,200
SABTN,20200922,1.35,1.4,1.35,1.35,22219
SADBHAV,20200922,51.15,52.25,50.05,51.15,342854
SADBHIN,20200922,17.8,17.85,16.7,17.4,235076
SAFARI,20200922,378.55,383.95,357.55,374.55,14808
SAGARDEEP,20200922,52.3,52.3,52.3,52.3,410
SAGCEM,20200922,496.45,499,465.95,490.2,7268
SAIL,20200922,35.4,35.75,33.8,35.5,24497184
SAKAR,20200922,71.5,71.5,66.5,67.25,27489
SAKHTISUG,20200922,8.15,8.4,7.9,8.3,21074
SAKSOFT,20200922,411.8,414.9,336.85,387.05,578198
SAKUMA,20200922,6.05,6.2,5.8,5.95,156218
SALASAR,20200922,190,196.1,183.35,193.8,55838
SALONA,20200922,56.6,56.6,54.15,54.15,713
SALSTEEL,20200922,3.05,3.1,2.85,2.85,79135
SALZERELEC,20200922,93.55,94.85,88.6,89.3,27489
SAMBHAAV,20200922,2.1,2.1,2,2,20140
SANCO,20200922,13.7,14.35,12.6,13.25,52491
SANDESH,20200922,514.95,535,490.05,513,4241
SANDHAR,20200922,227.1,234.95,215.9,228.45,26791
SANGAMIND,20200922,47.8,48.85,46.5,47.2,1345
SANGHIIND,20200922,26.4,26.4,24.3,25.25,372648
SANGHVIFOR,20200922,17.2,17.2,17.2,17.2,101
SANGHVIMOV,20200922,72.2,73.6,70,71.65,24485
SANGINITA,20200922,80,80,71.2,74.5,37447
SANOFI,20200922,8400,8450,8170,8342.35,11713
SARDAEN,20200922,219,228,207,219.15,72753
SAREGAMA,20200922,539.05,580.2,524.35,541.8,39223
SARLAPOLY,20200922,18.75,18.75,16.7,18.2,92065
SASKEN,20200922,684,709,622.95,681.9,531885
SASTASUNDR,20200922,86.55,89.45,80.1,84.5,5652
SATIA,20200922,110.2,117,101,112.7,186868
SATIN,20200922,58.6,58.7,53.7,55.75,336593
SBICARD,20200922,820,828,774.05,813,1361609
SBIETFQLTY,20200922,104.5,105.74,101.3,102.41,4179
SBILIFE,20200922,840,840,801.6,831.85,1265561
SBIN,20200922,186.15,188.3,181.15,186.2,51216440
SCAPDVR,20200922,1.6,1.6,1.55,1.6,25318
SCHAEFFLER,20200922,3849,3849,3625.05,3698.2,8626
SCHAND,20200922,71,71.05,67.25,69.7,19069
SCHNEIDER,20200922,79.05,79.25,75.75,78.75,216278
SCI,20200922,54,54.1,51.55,52.05,1273396
SDBL,20200922,51.7,53.65,49.15,51.9,131347
SEAMECLTD,20200922,401,408.45,391,400.25,12292
SELAN,20200922,109.6,110,102.25,106.8,22364
SEPOWER,20200922,2.6,2.6,2.55,2.55,896
SEQUENT,20200922,140.8,147,129.2,143.45,1990841
SESHAPAPER,20200922,138.3,138.3,132,136.05,14598
SETCO,20200922,10.65,10.7,10.2,10.2,46095
SETF10GILT,20200922,199.9,199.97,197.1,199.97,325
SETFGOLD,20200922,4563.95,4564.6,4518,4530.35,13290
SETFNIF50,20200922,120,120,115.06,115.52,300746
SETFNIFBK,20200922,214,214,209.2,211.18,216830
SETFNN50,20200922,278,278,268,273.54,10613
SETUINFRA,20200922,0.7,0.75,0.7,0.7,66235
SEYAIND,20200922,69.05,69.55,66.05,68.4,12061
SFL,20200922,1452,1480,1382,1433.95,27111
SGL,20200922,8.2,8.9,8.1,8.45,27554
SHAHALLOYS,20200922,6.8,6.8,6.8,6.8,170
SHAKTIPUMP,20200922,179,181.25,168.9,178.05,22724
SHALBY,20200922,75.05,76.6,72,73.9,66194
SHALPAINTS,20200922,69,69,63,65.35,69079
SHANKARA,20200922,342.85,343.55,322.15,331.4,28604
SHANTIGEAR,20200922,101.8,102.45,94.35,99.65,21987
SHARDACROP,20200922,265.75,266.75,252,258.6,31568
SHARDAMOTR,20200922,857.3,857.3,807.35,837.75,1717
SHAREINDIA,20200922,109.6,109.9,96.25,100.35,14468
SHARIABEES,20200922,295.5,295.5,287.05,287.05,45
SHEMAROO,20200922,56.2,57.2,54.3,55.05,80428
SHIL,20200922,85.35,87,80.55,83.85,139322
SHILPAMED,20200922,567.1,571.5,530.05,558.7,1117342
SHIRPUR-G,20200922,7.95,7.95,7.65,7.7,9879
SHIVAMAUTO,20200922,16.1,16.4,15.6,15.95,40085
SHIVAMILLS,20200922,22.3,23.35,22,23.3,179
SHIVATEX,20200922,89.15,91,87.8,88.7,4673
SHK,20200922,81.7,82,76,78.4,685812
SHOPERSTOP,20200922,166.2,170.65,156.15,162.1,142035
SHREDIGCEM,20200922,46.5,49.3,46.05,47.85,495250
SHREECEM,20200922,19075,19187.2,18424,18982.45,71503
SHREEPUSHK,20200922,113.7,116,107.65,110.9,35505
SHREERAMA,20200922,7.85,7.85,7.75,7.75,20480
SHRENIK,20200922,49.1,49.35,48.25,49.05,10489
SHREYANIND,20200922,76.8,76.8,73,74.55,22643
SHREYAS,20200922,67.3,67.3,65.3,65.95,4892
SHRIPISTON,20200922,550,550,525,541,527
SHRIRAMCIT,20200922,881,905.7,831,885.3,70991
SHRIRAMEPC,20200922,3.7,3.7,3.5,3.5,159744
SHYAMCENT,20200922,4.35,4.5,4.25,4.25,28999
SICAGEN,20200922,11.2,11.2,10.75,11.1,12387
SICAL,20200922,10.95,11.25,10.8,10.8,142065
SIEMENS,20200922,1243,1247.75,1196.75,1216.65,454643
SIGIND,20200922,18.85,18.95,17,17.4,9470
SIL,20200922,10,10,9.4,10,320
SILINV,20200922,141.95,150.45,136,142.65,8277
SILLYMONKS,20200922,27.45,28.75,26.1,27.05,912
SIMBHALS,20200922,6.35,6.9,6.35,6.4,4523
SIMPLEXINF,20200922,28.15,28.25,27.05,27.75,78959
SINTEX,20200922,2.1,2.15,2.05,2.05,2308911
SIRCA,20200922,251.2,264.55,243,260.35,14348
SIS,20200922,378.4,382,354.25,378.45,138821
SITINET,20200922,1.75,1.75,1.75,1.75,187934
SIYSIL,20200922,139.35,139.35,130.25,134.65,43636
SJVN,20200922,22.75,22.8,22,22.1,1286264
SKFINDIA,20200922,1530,1533.05,1480,1489.7,21038
SKIL,20200922,3.4,3.45,3.15,3.2,106404
SKIPPER,20200922,49,50,47.5,47.5,56856
SKMEGGPROD,20200922,41.25,41.25,39,39.85,21662
SMARTLINK,20200922,71.4,72.65,70.5,70.8,14247
SMLISUZU,20200922,405.95,405.95,388,393.55,10838
SMSLIFE,20200922,656.1,678.85,622.6,640.55,68083
SMSPHARMA,20200922,92,92.65,85.35,87,432478
SNOWMAN,20200922,33.3,33.7,31,33,545093
SOBHA,20200922,235,239.45,221,236.15,338188
SOLARA,20200922,981.1,995,900,963.05,220990
SOLARINDS,20200922,1050,1072.75,1024,1047.05,5666
SOMANYCERA,20200922,187.9,187.9,162.65,178.55,195917
SOMATEX,20200922,3.35,3.35,3.05,3.05,20918
SOMICONVEY,20200922,22.3,23.65,21.55,22.4,11032
SONATSOFTW,20200922,329.8,338,305,333.5,715661
SORILINFRA,20200922,67,67,63.95,63.95,8040
SOTL,20200922,714.75,714.75,684.95,690.75,25542
SOUTHBANK,20200922,6.85,6.9,6.45,6.7,10471859
SOUTHWEST,20200922,27.7,27.7,25.65,26.3,31562
SPAL,20200922,120.05,121,110.65,115.8,66310
SPANDANA,20200922,557,559.75,526,529.5,54827
SPARC,20200922,173.45,175.85,167.4,172.85,1420971
SPCENET,20200922,1.1,1.1,1.1,1.1,34335
SPECIALITY,20200922,33.55,33.95,31.65,33.05,59876
SPENCERS,20200922,79.95,80,76,77.35,700758
SPIC,20200922,17.95,17.95,16.8,17.6,176481
SPICEJET,20200922,49.3,49.7,47.05,48.85,1905266
SPLIL,20200922,28.4,29.25,26.85,27.15,24881
SPMLINFRA,20200922,9.5,9.5,9.4,9.4,2187
SPTL,20200922,2.3,2.3,2.2,2.2,1353623
SPYL,20200922,0.35,0.4,0.35,0.4,94478
SREEL,20200922,132.7,143.5,132.7,136.65,9265
SREINFRA,20200922,7.1,7.15,6.5,6.75,682345
SRF,20200922,4150.55,4184.85,4005.9,4126.55,218609
SRHHYPOLTD,20200922,176,177.9,162.95,164.9,43761
SRIPIPES,20200922,167.1,169.9,155.9,158.3,198947
SRTRANSFIN,20200922,637.5,647,613.05,640.65,4024512
SSWL,20200922,443,447.95,430,431.5,32667
STAR,20200922,663.85,687.5,614,658.25,2479111
STARCEMENT,20200922,85,89,82,85.4,85195
STARPAPER,20200922,91.95,92,89,91.5,44589
STCINDIA,20200922,55.05,55.05,53.25,53.7,19137
STEELCITY,20200922,32.75,32.75,30.25,30.95,2154
STEELXIND,20200922,37.4,38.95,36.75,37.1,39400
STEL,20200922,56.7,57.6,50.1,54.7,31013
STERTOOLS,20200922,171.2,173,159.95,168.25,26524
STINDIA,20200922,3.4,3.4,3.4,3.4,3
STRTECH,20200922,149.25,149.7,140.55,145.45,1278089
SUBCAPCITY,20200922,25.85,25.85,25.85,25.85,145
SUBEX,20200922,9.95,10.45,9.7,10.25,2449812
SUBROS,20200922,243,249.5,233.1,239.45,62098
SUDARSCHEM,20200922,493.4,493.4,451,464.05,670701
SUJANAUNI,20200922,0.3,0.35,0.25,0.3,116259
SUMEETINDS,20200922,1.95,2,1.9,2,46328
SUMICHEM,20200922,305,306,285,295.7,695937
SUMIT,20200922,9.2,9.85,9.1,9.15,14882
SUMMITSEC,20200922,391.05,393.05,379.95,384.85,1196
SUNCLAYLTD,20200922,1630.05,1674.95,1578,1622.85,2391
SUNDARAM,20200922,1.2,1.2,1.15,1.15,228897
SUNDARMFIN,20200922,1309,1319.95,1296.8,1301.85,71938
SUNDARMHLD,20200922,57.9,57.9,53,55.2,44924
SUNDRMBRAK,20200922,232.65,232.65,218.25,222.6,696
SUNDRMFAST,20200922,421.7,421.7,397.4,405.9,86972
SUNFLAG,20200922,42.2,42.95,39.1,41.15,347217
SUNPHARMA,20200922,509.5,515,493.6,508.85,9862296
SUNTECK,20200922,271,274,251.9,257.4,287660
SUNTV,20200922,478.05,483.85,451.7,479.9,2881478
SUPERHOUSE,20200922,87.5,88.75,82.8,84.8,14082
SUPERSPIN,20200922,3.8,4,3.7,3.75,17177
SUPPETRO,20200922,229.95,236.55,224.4,230.05,37971
SUPRAJIT,20200922,174.35,178,165.1,167.25,191846
SUPREMEIND,20200922,1455,1455,1381.3,1406.4,62443
SURANASOL,20200922,7.85,7.85,7.25,7.3,28047
SURANAT&P,20200922,3.95,3.95,3.75,3.9,8223
SURYALAXMI,20200922,16.7,17.4,16.7,17.4,232
SURYAROSNI,20200922,196.4,198.6,183.85,191.8,236482
SUTLEJTEX,20200922,25.45,25.5,23.2,25.05,41631
SUVEN,20200922,51.05,51.85,47.1,50.4,960768
SUVENPHAR,20200922,772,772,716.05,739.9,458699
SUZLON,20200922,3.1,3.1,2.95,3,9183020
SWANENERGY,20200922,115,117.5,110,114.65,179172
SWARAJENG,20200922,1525,1534.65,1416.65,1436.8,12779
SWELECTES,20200922,122.85,127,122.75,126.15,8999
SWSOLAR,20200922,208,208,188.6,196.45,726899
SYMPHONY,20200922,888,889.75,846,873.7,31339
SYNCOM,20200922,1.7,1.7,1.6,1.65,173896
SYNGENE,20200922,563,563.85,528,555.95,1093832
TAINWALCHM,20200922,44.45,46.75,44.2,45,2203
TAJGVK,20200922,128.45,129.5,120.7,122.35,110312
TAKE,20200922,45.35,45.75,43.15,43.5,816631
TALBROAUTO,20200922,106,108.8,102.6,106.55,12198
TANLA,20200922,250,259.8,239.4,251.75,394099
TANTIACONS,20200922,1.75,1.75,1.75,1.75,1561
TARMAT,20200922,40.25,40.25,37.1,37.8,5470
TASTYBITE,20200922,11088,11088,10300,10458.05,2373
TATACHEM,20200922,287.4,290.35,273.45,279.45,1912625
TATACOFFEE,20200922,104.5,105,100.35,103,687153
TATACOMM,20200922,820,829.95,777,808.6,120546
TATACONSUM,20200922,504.45,511.7,490.4,504.4,5113531
TATAELXSI,20200922,1284.25,1292.25,1215,1234.35,492430
TATAINVEST,20200922,863,868.55,840.1,849.45,32839
TATAMETALI,20200922,531,531,500,505.9,33835
TATAMOTORS,20200922,138,138.15,129.65,133.1,87298376
TATAMTRDVR,20200922,61.6,61.9,57.05,58.9,6414982
TATAPOWER,20200922,53,53.55,50.4,51.45,34523774
TATASTEEL,20200922,374,378.5,358.2,374.15,22013027
TATASTLBSL,20200922,21.9,22.15,20.85,21.8,1935984
TATASTLLP,20200922,317.5,326.5,304.1,324.35,44023
TBZ,20200922,35.35,35.35,33.5,33.95,82191
TCI,20200922,232.1,236.05,218.45,230.75,31134
TCIDEVELOP,20200922,292,312.9,279,300,2013
TCIEXP,20200922,810,815,780,786.4,23824
TCIFINANCE,20200922,4.7,4.7,4.6,4.6,11483
TCNSBRANDS,20200922,393.4,395.45,376,388.05,28286
TCPLPACK,20200922,366,374.9,360.3,367.05,1548
TCS,20200922,2485,2555,2458,2522.95,7499927
TDPOWERSYS,20200922,106.3,117.8,106.3,113.15,17409
TEAMLEASE,20200922,2249,2250.5,2072.55,2136.75,28348
TECHIN,20200922,2.7,2.9,2.7,2.75,2273
TECHM,20200922,793,811,772,800.45,9053627
TECHNOE,20200922,193.1,196.9,186.05,193.3,29131
TECHNOFAB,20200922,9,9.4,8.95,8.95,654
TEJASNET,20200922,74,74.75,72.2,72.2,481788
TERASOFT,20200922,26.85,26.85,25.6,25.75,7799
TEXINFRA,20200922,35.1,35.1,33.75,34.05,19608
TEXMOPIPES,20200922,14.05,14.05,13.35,13.4,46367
TEXRAIL,20200922,26,26.3,24,25.1,511492
TFCILTD,20200922,35.25,35.65,34.3,34.9,66201
TFL,20200922,2.8,3,2.8,3,802
TGBHOTELS,20200922,5.2,5.35,5.2,5.2,5961
THANGAMAYL,20200922,352,357.8,343,350.9,15257
THEINVEST,20200922,145.95,146.4,137,139.95,5772
THEMISMED,20200922,327,331.2,303.95,315.25,21572
THERMAX,20200922,742.1,754.05,728.05,731.75,39922
THOMASCOOK,20200922,29.6,30,27.8,29.15,492201
THYROCARE,20200922,779.05,815,711.15,801.35,194988
TI,20200922,17,17,16.15,16.5,29185
TIDEWATER,20200922,4262.8,4300,4190,4225.55,559
TIIL,20200922,341,355,311.05,351.5,9499
TIINDIA,20200922,612.1,619.55,565,575.1,54366
TIJARIA,20200922,5.7,5.75,5.45,5.6,8429
TIL,20200922,144.4,146.1,140,141.1,6317
TIMESGTY,20200922,22.5,24.2,22.5,23.9,1517
TIMETECHNO,20200922,38,38.4,36.5,36.85,324986
TIMKEN,20200922,1093,1100,1052.4,1075.3,68867
TINPLATE,20200922,128,128,118.55,121.8,268240
TIPSINDLTD,20200922,243,249.55,202.6,211.3,100823
TIRUMALCHM,20200922,71,72,67.1,69.3,425078
TIRUPATIFL,20200922,23.6,25.3,22.9,25,242
TITAN,20200922,1120,1127.5,1093.15,1104.45,2000953
TMRVL,20200922,8.65,9,8.55,8.55,30058
TNPETRO,20200922,35.75,36.5,33.95,35.8,219346
TNPL,20200922,105.15,108,101.05,103.35,78586
TNTELE,20200922,1.6,1.6,1.6,1.6,100
TOKYOPLAST,20200922,59.05,62.95,58.2,60.3,16465
TORNTPHARM,20200922,2722.35,2749,2640,2726.65,605767
TORNTPOWER,20200922,329.55,330,317.95,326.15,862320
TOTAL,20200922,38.9,38.9,38.9,38.9,1072
TOUCHWOOD,20200922,45.6,49,45.6,48.75,332
TPLPLASTEH,20200922,113.6,114.05,107.1,107.45,3462
TREEHOUSE,20200922,7.7,7.7,7.5,7.5,17064
TREJHARA,20200922,14.35,14.35,14.35,14.35,13298
TRENT,20200922,642.15,647.95,613.95,634.3,320614
TRF,20200922,80.85,82.05,77.85,78.4,11555
TRIDENT,20200922,6.6,6.65,6.4,6.4,3969461
TRIGYN,20200922,46,47.3,44.15,45.75,92754
TRIL,20200922,9.2,9.3,8.7,8.95,78391
TRITURBINE,20200922,71.5,71.5,66.7,68.5,681366
TRIVENI,20200922,73.35,75,65,73.75,635512
TTKHLTCARE,20200922,467.95,475,430,456.55,5507
TTKPRESTIG,20200922,5750,6299.95,5701,6101.95,12159
TTL,20200922,35.45,36.4,33.05,35.45,4642
TTML,20200922,3,3.05,2.75,2.95,1202618
TV18BRDCST,20200922,29.85,30.1,28.75,29.6,4601854
TVSELECT,20200922,95.8,95.8,91,91.65,31262
TVSMOTOR,20200922,448.5,450.25,432.6,442.85,2365716
TVSSRICHAK,20200922,1418,1455.2,1351,1391.3,8761
TVTODAY,20200922,215,215.8,197,198.7,130673
TWL,20200922,40.8,41.5,39.5,40.2,135833
UBL,20200922,982.5,982.5,944.2,964.2,582538
UCALFUEL,20200922,120.95,121,112.45,116.65,37003
UCOBANK,20200922,12.75,12.75,12.05,12.4,1632590
UFLEX,20200922,324,325.4,308,311.25,141800
UFO,20200922,70.7,74.7,70.05,72.7,134061
UGARSUGAR,20200922,15,15.05,14.05,14.4,114019
UJAAS,20200922,3.95,3.95,3.85,3.85,376261
UJJIVAN,20200922,214,214,201,210.75,1036096
UJJIVANSFB,20200922,33,33.25,31.05,32.15,930118
ULTRACEMCO,20200922,3879.65,3944.5,3794,3883.15,508999
UMANGDAIRY,20200922,43.55,43.95,42.45,42.9,5500
UMESLTD,20200922,1.2,1.2,1.2,1.2,1424
UNICHEMLAB,20200922,253.85,255,235.6,249.7,52230
UNIENTER,20200922,66.4,66.4,61.1,63.5,1853
UNIONBANK,20200922,26,26.2,24.95,25.5,4098199
UNITEDTEA,20200922,370.6,372,347.6,362.55,4783
UNIVASTU,20200922,30,36.2,28.3,34.1,28714
UNIVCABLES,20200922,132.6,134.35,127.05,131.9,33053
UNIVPHOTO,20200922,212.05,225,210.45,223.35,3403
UPL,20200922,532.2,537.9,512.35,529.15,4623271
URJA,20200922,2.7,2.75,2.7,2.7,1892690
USHAMART,20200922,24.5,25,23.05,24.45,303142
UTIBANKETF,20200922,215.27,222,212,214.65,411
UTINEXT50,20200922,287.64,287.64,275.6,282.8,70
UTINIFTETF,20200922,1200,1200,1182,1186.62,2214
UTISENSETF,20200922,414.95,414.96,405,406.52,654
UTISXN50,20200922,315.99,316,315.99,316,14
UTTAMSTL,20200922,5.9,6.1,5.7,5.8,107822
UTTAMSUGAR,20200922,82.25,85.95,81.55,82.9,30689
UVSL,20200922,0.5,0.55,0.45,0.5,20177242
V2RETAIL,20200922,51.2,52.75,48.35,48.6,91291
VADILALIND,20200922,780,794.05,775.1,782.25,16974
VAIBHAVGBL,20200922,1800.1,1877.8,1760,1825.05,26878
VAISHALI,20200922,39.6,41.8,36.3,39.8,46598
VAKRANGEE,20200922,25.95,26.2,24.6,25.1,1163425
VARDHACRLC,20200922,30.25,30.7,28.55,30.05,37137
VARDMNPOLY,20200922,7.7,7.9,7.45,7.75,7782
VARROC,20200922,307,308.9,291,294.55,209849
VASCONEQ,20200922,9.3,9.3,8.4,8.6,287406
VASWANI,20200922,5.3,5.4,5.3,5.3,711
VBL,20200922,693,695,675,686.75,179006
VEDL,20200922,129.95,129.95,126.25,127.15,10650128
VENKEYS,20200922,1378,1389.3,1271.25,1321.7,120546
VENUSREM,20200922,145,147.5,133.75,145.15,162576
VERTOZ,20200922,141.95,145.25,134,143.35,87975
VESUVIUS,20200922,930.35,946.15,910.1,933.9,1885
VETO,20200922,47.6,47.6,43.5,43.75,18530
VGUARD,20200922,170,170.9,162.8,168.2,711409
VHL,20200922,1301.05,1301.05,1220,1252.75,371
VICEROY,20200922,2.5,2.55,2.5,2.5,22453
VIDHIING,20200922,98.1,113.5,95,110.95,1347899
VIJIFIN,20200922,0.5,0.6,0.5,0.5,85411
VIKASECO,20200922,5.85,6.1,5.6,6,271880
VIKASMCORP,20200922,9.4,9.4,9.4,9.4,50498
VIKASPROP,20200922,3,3,3,3,477025
VIKASWSP,20200922,4.45,4.45,4.45,4.45,152294
VIMTALABS,20200922,113,113,107.4,107.95,23671
VINATIORGA,20200922,1259.35,1275,1150,1229.6,233956
VINDHYATEL,20200922,820.6,820.6,750,785.5,6278
VINYLINDIA,20200922,100.95,101.85,93,96.95,93078
VIPCLOTHNG,20200922,9.6,10.2,9.5,9.5,41768
VIPIND,20200922,311,315,286,296,673390
VIPULLTD,20200922,13.25,13.75,12.9,13,3137
VISAKAIND,20200922,304,308.95,282.1,303.4,44682
VISASTEEL,20200922,7.3,7.3,6.7,6.7,11053
VISHAL,20200922,310.45,311.75,310,311.25,632819
VISHNU,20200922,154,154,149,151.4,2228
VISHWARAJ,20200922,101,103,96.6,98.8,7002
VIVIDHA,20200922,0.35,0.4,0.35,0.35,131176
VIVIMEDLAB,20200922,19.3,19.9,18.9,19.25,152235
VLSFINANCE,20200922,55.75,57.5,54.75,56.5,45995
VMART,20200922,2055,2114.95,1995.45,2008.9,22561
VOLTAMP,20200922,986.15,999.9,964,987.25,12484
VOLTAS,20200922,670.15,673.75,645.2,657.9,1483652
VRLLOG,20200922,160.05,162.5,153.6,161.85,146469
VSSL,20200922,82,83.75,76.2,78.1,10636
VSTIND,20200922,3560,3560.05,3391.75,3470.6,15020
VSTTILLERS,20200922,1829.4,1835.1,1713.25,1798.75,30614
VTL,20200922,752,752.8,729,745.45,9789
WABAG,20200922,195.9,195.9,184.1,186.85,542957
WABCOINDIA,20200922,5799.95,5799.95,5456.2,5524.8,9197
WALCHANNAG,20200922,51.7,51.7,48.3,48.3,34577
WANBURY,20200922,33.3,34,33,33.3,8573
WATERBASE,20200922,101.5,103.85,98.35,100,101232
WEBELSOLAR,20200922,20.2,20.65,19,19.45,37747
WEIZMANIND,20200922,28.05,30.2,27.7,29.05,11166
WELCORP,20200922,107.15,108,103.8,103.9,878867
WELENT,20200922,64.25,64.8,60.55,62.65,75882
WELINV,20200922,225.05,239.95,225,225.65,512
WELSPUNIND,20200922,57.7,58.15,54.85,56.35,1011796
WENDT,20200922,3354.85,3448,3230,3379.95,640
WESTLIFE,20200922,368,373.15,353.05,365.8,121253
WHEELS,20200922,402.05,403.6,390,391.85,5969
WHIRLPOOL,20200922,2066.2,2155,2022,2128.4,40881
WILLAMAGOR,20200922,17.8,18.75,17.15,17.25,1430
WINDMACHIN,20200922,15.5,15.5,15.2,15.2,5279
WIPRO,20200922,315.4,316.75,303.95,312.25,23510335
WOCKPHARMA,20200922,293.75,293.75,277.15,279.65,434548
WONDERLA,20200922,158.2,159,145.65,146.9,117194
WORTH,20200922,43.95,44,40.6,41.45,8111
WSI,20200922,4.05,4.05,4.05,4.05,742
WSTCSTPAPR,20200922,174.7,179.15,165.3,178.1,85465
XCHANGING,20200922,80.85,86.4,78.05,82.85,354971
XELPMOC,20200922,208,218.65,197.85,218.65,80876
XPROINDIA,20200922,22,22.1,21.05,21.9,1829
YESBANK,20200922,13.5,13.5,12.95,13.2,125134164
ZEEL,20200922,212.35,212.35,193.35,197.1,54161525
ZEELEARN,20200922,13.3,13.35,12.35,12.55,907461
ZEEMEDIA,20200922,6,6.35,5.8,6,632300
ZENITHEXPO,20200922,41.55,41.55,37.6,39.05,601
ZENSARTECH,20200922,186,189.5,171.95,184.9,233785
ZENTEC,20200922,76,77.75,72.55,75.5,334800
ZICOM,20200922,3.15,3.15,3,3.15,206669
ZODIACLOTH,20200922,103.9,105,97.6,102.2,4365
ZODJRDMKJ,20200922,25.95,26,24.95,25.95,1007
ZOTA,20200922,148,151.55,145.3,147.8,7286
ZUARI,20200922,83.5,83.7,80.05,80.55,11305
ZUARIGLOB,20200922,47.7,49.95,45.4,46.15,25083
ZYDUSWELL,20200922,1844,1850.6,1650,1782.7,78053
NSENIFTY,20200922,11301.75,11302.20,11084.65,11153.65,672249921,0
NIFTYJUNIOR,20200922,26654.00,26672.35,25873.95,26357.50,196736946,0
NIFTYMIDCAPLIQ15,20200922,3987.15,3991.30,3861.65,3926.15,165131182,0
NSE100,20200922,11411.05,11411.45,11177.05,11264.55,868986867,0
NIFTY200,20200922,5851.65,5851.90,5723.20,5775.30,1929151370,0
NSE500,20200922,9339.80,9340.25,9117.95,9213.90,2194132364,0
NSEMIDCAP150,20200922,6411.35,6418.70,6189.00,6312.75,1081906661,0
MIDCAP50,20200922,4569.55,4574.20,4419.90,4496.55,1017542762,0
NSEMIDCAP,20200922,16755.15,16767.90,16156.10,16507.75,1060164503,0
NSESMLCAP100,20200922,5748.95,5755.50,5475.45,5656.75,-,0
NIFTYLARGEMIDCAP250,20200922,-,-,-,5794.92,1950893528,0
NIFTYAUTO,20200922,7837.90,7846.20,7600.30,7695.25,213890672,0
BANKNIFTY,20200922,21445.25,21473.35,20958.45,21139.10,325400312,0
NIFTYFINSERVICE,20200922,10562.10,10565.05,10355.50,10414.85,177091480,0
NIFTYFMGC,20200922,29564.60,29583.85,29065.45,29312.40,36295074,0
NSEIT,20200922,19813.35,20113.40,19376.70,19866.10,78060036,0
NIFTYMEDIA,20200922,1558.25,1560.20,1469.65,1517.50,70124702,0
NIFTYMETAL,20200922,2239.65,2242.30,2163.40,2213.95,146311691,0
NIFTYPHARMA,20200922,11889.10,11952.10,11540.40,11876.85,55402738,0
NIFTYPVTBANK,20200922,11837.20,11852.45,11540.25,11634.40,217859943,0
NIFTYPSUBANK,20200922,1328.20,1331.10,1275.95,1310.00,147066850,0
NIFTYREALTY,20200922,214.35,216.10,203.30,210.00,17937193,0
NIFTYCOMMODITIES,20200922,3118.95,3123.15,3030.85,3077.50,256039448,0
NIFTYCONSUMPTION,20200922,4985.75,4989.15,4874.35,4913.60,165471803,0
NIFTYCPSE,20200922,1365.05,1367.55,1327.10,1342.60,99229625,0
NIFTYENERGY,20200922,15407.75,15418.15,14923.70,15064.90,162359955,0
NIFTY100ESG,20200922,-,-,-,2198.54,737073736,0
NIFTY100ENHESG,20200922,-,-,-,2212.48,709280007,0
NIFTYINFRA,20200922,3133.40,3134.90,3049.45,3073.75,333948643,0
NIFTYMNC,20200922,13829.60,13841.50,13468.15,13623.65,544685661,0
NIFTYPSE,20200922,2368.30,2371.40,2292.65,2321.15,265678157,0
NIFTYSMEEMERGE,20200922,-,-,-,1398.78,544524,0
NIFTYSERVSECTOR,20200922,14593.90,14627.25,14362.70,14472.25,445783286,0
NIFTYSHARIAH25,20200922,-,-,-,4510.53,127545230,0
NIFTY50SHARIAH,20200922,-,-,-,2852.84,157706834,0
NIFTY500SHARIAH,20200922,-,-,-,3315.02,413962905,0
NIFTYABGROUP,20200922,-,-,-,2730.54,463597013,0
NIFTYMAHINDRA,20200922,-,-,-,9957.24,29316239,0
NIFTYTATA,20200922,-,-,-,7673.71,172644810,0
NIFTYTATA25CAP,20200922,-,-,-,4917.72,163719421,0
NIFTYABGROUP,20200922,-,-,-,2730.54,463597013,0
NIFTYLIQ15,20200922,2674.70,2678.15,2604.65,2637.00,317116163,0
NIFTY500VALUE50,20200922,-,-,-,2991.69,514900152,0
NIFTYQUALLOWVOL30,20200922,-,-,-,8604.78,140878589,0
NIFTYALPHAQUALLOWVOL30,20200922,-,-,-,9996.05,163949866,0
NIFTYALPHAQUALVALLOWVOL30,20200922,-,-,-,7604.09,188379019,0
NIFTY50EQUALWEIGHT,20200922,11646.65,11652.95,11346.90,11482.50,672249921,0
NIFTY100EQUALWEIGHT,20200922,12530.45,12534.25,12186.25,12366.30,868986867,0
NIFTY100LOWVOL30,20200922,9194.75,9195.20,8998.65,9107.05,212683912,0
NSEDEFTY,20200922,-,-,-,5251.91,-,0
NIFTY50DIVPOINT,20200922,53.78,53.78,53.78,53.78,-,0
NIFTYDIVOPPS50,20200922,2395.80,2400.65,2341.15,2374.15,548309492,0
NIFTYALPHA50,20200922,16320.35,16345.50,15728.25,16124.25,148657323,0
NIFTY50ARBITRAGE,20200922,-,-,-,1908.00,-,0
NIFTY50FUTINDEX,20200922,-,-,-,3730.46,-,0
NIFTY50FUTTRINDEX,20200922,-,-,-,11583.92,-,0
NIFTYHIGHBETA50,20200922,-,-,-,1088.47,1282634118,0
NIFTYLOWVOL50,20200922,-,-,-,11156.83,207632490,0
NIFTY50VALUE20,20200922,5617.70,5635.00,5507.10,5599.05,315764728,0
NIFTYGROWSECT15,20200922,5230.95,5233.20,5138.20,5163.60,170710789,0
NIFTY50TR2XLEV,20200922,5328.95,5328.95,5126.10,5189.90,-,0
NIFTY50PR2XLEV,20200922,4030.25,4030.25,3876.85,3925.15,-,0
NIFTY50TR1XINV,20200922,338.00,344.55,338.00,342.50,-,0
NIFTY50PR1XINV,20200922,388.45,395.95,388.45,393.60,-,0
NIFTY-GS-COMPSITE,20200922,2236.63,2238.96,2235.38,2237.58,-,0
NIFTY-GS-4-8YR,20200922,2332.93,2335.83,2332.05,2334.19,-,0
NIFTY-GS-8-13YR,20200922,2194.99,2197.72,2193.73,2196.23,-,0
NIFTY-GS-10YR,20200922,1985.37,1988.87,1984.56,1986.59,-,0
NIFTY-GS-10YR-CLN,20200922,960.24,961.94,959.84,960.83,-,0
NIFTY-GS-11-15YR,20200922,2367.93,2369.15,2365.96,2367.62,-,0
NIFTY-GS-15YRPLUS,20200922,2575.86,2575.86,2567.86,2570.31,-,0
VIX,20200922,22.19,23.28,15.76,21.41,0,0
