20MICRONS,20200528,25.95,26.65,25.65,26.1,22319
21STCENMGM,20200528,10.9,11.1,10.7,10.7,121
3IINFOTECH,20200528,1.6,1.65,1.55,1.55,3314473
3MINDIA,20200528,17980.9,18293.55,17840.75,18014.35,2685
3PLAND,20200528,4.5,4.5,4.5,4.5,780
5PAISA,20200528,156.45,157,150.7,154.85,5704
63MOONS,20200528,51.55,52.7,51.2,52.2,19252
A2ZINFRA,20200528,3.7,3.85,3.7,3.85,194139
AARTIDRUGS,20200528,879.95,951,871,936.85,335532
AARTIIND,20200528,992.4,1007.8,978,983.5,286139
AARVEEDEN,20200528,8.15,8.7,7.95,8.5,10325
AAVAS,20200528,993.75,1022.35,990.05,1011.05,8157
ABAN,20200528,17.05,18.35,17.05,17.9,25066
ABB,20200528,741.95,772,737.25,739.85,268525
ABBOTINDIA,20200528,16710,16775,16550,16594.2,6476
ABCAPITAL,20200528,44.7,45.55,44,44.3,2153600
ABFRL,20200528,106,119.5,101.55,118.3,7084073
ABSLBANETF,20200528,178,180,172.04,178.39,1053
ABSLNN50ET,20200528,239,253.86,238,244.32,179
ACC,20200528,1263.4,1278.55,1256,1272.2,1132216
ACCELYA,20200528,916.6,926.95,916.6,924.7,6115
ACE,20200528,47.25,47.8,46,46.2,191855
ADANIENT,20200528,141.7,144.4,140.6,142.65,2816729
ADANIGAS,20200528,115.2,117.5,114.15,114.85,1419160
ADANIGREEN,20200528,242.6,251.7,240.3,246,444387
ADANIPORTS,20200528,329.5,334.15,327.45,331.8,5655407
ADANIPOWER,20200528,37.8,38.1,35.5,36,26945091
ADANITRANS,20200528,183.95,183.95,179,182.1,446483
ADFFOODS,20200528,276.45,279,265.85,271.6,74925
ADHUNIKIND,20200528,20.95,20.95,19.15,19.35,46595
ADORWELD,20200528,237.05,248,228.55,240.7,13616
ADROITINFO,20200528,5.95,5.95,5.8,5.8,20048
ADSL,20200528,13.1,13.75,12.55,13.15,15413
ADVANIHOTR,20200528,38.35,39.9,38.35,39.4,4308
ADVENZYMES,20200528,152.95,155,150,150.2,100592
AEGISCHEM,20200528,170,181.8,169.1,177.3,237931
AFFLE,20200528,1528,1578,1469,1500.15,62887
AGARIND,20200528,53,55,49.5,53.7,5732
AGCNET,20200528,240.95,251.45,231,248.55,4240
AGRITECH,20200528,32.2,32.5,30.5,30.95,3851
AGROPHOS,20200528,10.05,10.05,9.6,9.95,49338
AHLEAST,20200528,131.35,135,127.5,132.9,3040
AHLUCONT,20200528,168,168,157.15,159.95,7645
AHLWEST,20200528,249,256.55,237.2,245.4,1633
AIAENG,20200528,1617.45,1633,1579.2,1625.3,52083
AIONJSW,20200528,11.8,12.45,11.6,12.2,40510
AIRAN,20200528,8.35,9.3,8.35,9.05,36141
AJANTPHARM,20200528,1453,1508,1448.6,1486.5,239110
AJMERA,20200528,78.15,80.6,77.6,79.4,20761
AKASH,20200528,85,89.5,84,86.8,24260
AKSHARCHEM,20200528,195,196.9,190.55,192.2,19793
AKSHOPTFBR,20200528,4.15,4.35,4.1,4.2,323112
AKZOINDIA,20200528,1782.7,1822.75,1770,1808.65,4273
ALANKIT,20200528,14.45,15.15,14.45,14.7,53174
ALBERTDAVD,20200528,491.6,491.6,480,484.4,10001
ALCHEM,20200528,4.65,4.65,4.65,4.65,3627
ALEMBICLTD,20200528,51.5,52,49.95,50.65,284604
ALICON,20200528,209.8,217.5,203.45,206.3,1991
ALKALI,20200528,43.45,44.5,42.1,43.1,9454
ALKEM,20200528,2320,2360,2295.05,2324.3,129793
ALKYLAMINE,20200528,2020.05,2098.95,1980,2047.7,148388
ALLCARGO,20200528,68.4,68.8,67.4,68.2,30519
ALLSEC,20200528,170.05,173.8,168.2,172.05,3567
ALMONDZ,20200528,10.15,10.65,9.75,10.4,4834
ALOKINDS,20200528,16.85,16.85,16.85,16.85,653177
ALPA,20200528,19,19,18.25,18.55,9279
ALPHAGEO,20200528,136.9,138.9,135,136.05,16570
ALPSINDUS,20200528,0.8,0.8,0.7,0.8,10388
AMARAJABAT,20200528,615.2,618.7,611.2,614.4,735739
AMBER,20200528,1209,1249.9,1207.45,1240.8,31178
AMBIKCO,20200528,650,650,629.7,636,5618
AMBUJACEM,20200528,187.25,192,185.4,191.3,3704033
AMDIND,20200528,16,17,16,17,61540
AMJLAND,20200528,15.05,15.5,15.05,15.3,4215
AMRUTANJAN,20200528,328.3,344.8,327.5,338,57551
ANANTRAJ,20200528,14.7,15.05,14.4,14.95,98114
ANDHRACEMT,20200528,3.35,3.65,3.35,3.65,631110
ANDHRAPAP,20200528,172.4,175,163.1,174.2,3847
ANDHRSUGAR,20200528,218.1,223.9,213.9,221.1,26618
ANIKINDS,20200528,9.55,9.9,9.5,9.9,6235
ANKITMETAL,20200528,0.35,0.35,0.35,0.35,17500
ANSALAPI,20200528,5,5.35,4.95,5.15,24800
ANSALHSG,20200528,2.95,3.1,2.95,3,37163
ANUP,20200528,284,285.9,278,282.55,2735
APARINDS,20200528,304,308.95,299.65,302,10410
APCL,20200528,139.5,154.9,135.3,146.1,281053
APCOTEXIND,20200528,119.5,122,115,115.85,530117
APEX,20200528,172.1,186,172.1,183.55,307869
APLAPOLLO,20200528,1397,1444,1355.3,1412.45,43024
APLLTD,20200528,837.5,868,827,861.2,395030
APOLLO,20200528,83,90.3,82.1,85.25,344256
APOLLOHOSP,20200528,1340,1354,1317,1337.05,523207
APOLLOPIPE,20200528,299.05,313,297,300.8,12803
APOLLOTYRE,20200528,95.5,98.45,94.45,98.05,11131349
APOLSINHOT,20200528,440,449.4,415,424.75,1209
APTECHT,20200528,97,98,96.15,97.15,70667
ARCHIDPLY,20200528,19.4,19.4,18.15,18.6,3028
ARCHIES,20200528,10.35,10.85,10.35,10.75,4375
ARCOTECH,20200528,1.7,1.7,1.7,1.7,41059
ARENTERP,20200528,10.2,10.2,9.85,9.85,921
ARIES,20200528,66.95,72.1,63.15,71.95,290668
ARIHANT,20200528,13.7,15,13.3,14.65,3400
ARIHANTSUP,20200528,16.95,17.9,16.95,17.35,18008
ARMANFIN,20200528,289,299.85,280,299.8,25382
AROGRANITE,20200528,20,21.3,20,20.1,7340
ARROWGREEN,20200528,32.2,34.9,32.2,33.95,932
ARSHIYA,20200528,8.3,8.4,7.65,8.35,83217
ARSSINFRA,20200528,11.45,11.75,11.3,11.65,1916
ARTEMISMED,20200528,142.05,155,142.05,155,1841
ARVIND,20200528,23.25,23.65,22.7,23.15,1439112
ARVINDFASN,20200528,123,126.9,121.35,122.75,90250
ARVSMART,20200528,63.75,64.8,62.5,64,27852
ASAHIINDIA,20200528,150.25,161,150.25,158.4,11924
ASAHISONG,20200528,98.55,104.7,98.55,100.65,17337
ASAL,20200528,13.9,14.25,13.6,14,14709
ASALCBR,20200528,196.55,201,195.1,200.05,53959
ASHAPURMIN,20200528,31.45,31.45,29.8,30.15,22313
ASHIANA,20200528,41.35,45,41.35,42.6,95107
ASHIMASYN,20200528,4.45,4.65,4.25,4.4,90565
ASHOKA,20200528,50.8,52.45,50.75,51.9,262243
ASHOKLEY,20200528,43.7,44.75,43.2,44.4,40119088
ASIANHOTNR,20200528,45.4,47.8,45.4,46.5,38918
ASIANPAINT,20200528,1622,1656.95,1615.25,1643.6,3138920
ASIANTILES,20200528,122,124.55,120,120.85,45425
ASPINWALL,20200528,104.6,104.6,102,102,91
ASTEC,20200528,697,716.3,690.2,704.6,114241
ASTERDM,20200528,91.85,94,89.35,89.9,641495
ASTRAL,20200528,820,869,820,843.2,174163
ASTRAMICRO,20200528,65.5,66.85,64.5,65.05,47283
ASTRAZEN,20200528,2978.5,2978.5,2890,2910.45,43194
ASTRON,20200528,28.6,28.6,27.8,27.95,31851
ATFL,20200528,519,525.95,501.15,513.6,11395
ATLANTA,20200528,6.35,6.55,6.25,6.3,22311
ATLASCYCLE,20200528,49.75,50.45,48.6,50.45,13151
ATUL,20200528,4523.9,4532.9,4400,4410.55,13094
ATULAUTO,20200528,157.5,163.15,151.3,163.15,31555
AUBANK,20200528,392.9,404.1,386.2,398.1,360237
AURIONPRO,20200528,46,47.85,43.85,44.05,33648
AUROPHARMA,20200528,715,722.35,706.3,713.95,3148389
AUSOMENT,20200528,23.5,23.7,23.5,23.6,571
AUTOAXLES,20200528,421.05,460.4,421.05,457.25,19330
AUTOIND,20200528,14.3,14.35,13.5,13.85,8155
AUTOLITIND,20200528,18.5,18.5,17.2,17.2,15000
AVADHSUGAR,20200528,144,148.55,139.15,143.3,69214
AVANTIFEED,20200528,408.75,416.9,404.1,410,590662
AVTNPL,20200528,36.45,41,36,40.65,809562
AXISBANK,20200528,390,407.65,387,390.95,72694994
AXISCADES,20200528,30,30.3,29.15,29.7,16283
AXISGOLD,20200528,4059.4,4113.4,4055,4091.6,1736
AXISNIFTY,20200528,1117.99,1117.99,1051,1051,9
AYMSYNTEX,20200528,15.8,15.85,15,15.35,5424
BAGFILMS,20200528,1.5,1.6,1.5,1.6,147754
BAJAJ-AUTO,20200528,2588,2619.5,2450,2600,1087116
BAJAJCON,20200528,130,133.5,130,131.95,241227
BAJAJELEC,20200528,355.25,365.5,355.25,363.1,148813
BAJAJFINSV,20200528,4250,4325,4211.85,4285.95,1247257
BAJAJHIND,20200528,4.3,4.4,4.25,4.35,2890431
BAJAJHLDNG,20200528,2000.05,2019.95,1976,1993.75,29663
BAJFINANCE,20200528,1954,1983,1927,1947.7,9051786
BALAJITELE,20200528,59.35,61.3,57,58.35,61665
BALAMINES,20200528,407,419.9,405.45,408.55,182564
BALAXI,20200528,112.4,112.5,107.1,112.5,2381
BALKRISHNA,20200528,11.65,11.65,11,11.1,3429
BALKRISIND,20200528,1080.1,1110.05,1078.4,1105.65,1116699
BALLARPUR,20200528,0.45,0.5,0.45,0.45,1310752
BALMLAWRIE,20200528,96,105.85,95.35,103.65,698557
BALPHARMA,20200528,35.1,36.85,35.1,36.45,2130
BALRAMCHIN,20200528,99.95,101.65,98.05,99.1,879148
BANARBEADS,20200528,33.5,33.9,32.8,33.5,1301
BANARISUG,20200528,865,889.95,850.1,880.45,287
BANCOINDIA,20200528,61,69.3,61,67.1,609511
BANDHANBNK,20200528,221,230.9,219.3,222.25,13473247
BANG,20200528,14.4,14.95,14.4,14.85,956
BANKBARODA,20200528,38.55,39.95,38.3,38.6,51181791
BANKBEES,20200528,189,195,188.7,192.21,1721509
BANKINDIA,20200528,32.05,32.85,31.9,32.05,1662013
BANSWRAS,20200528,70.15,71.75,70.1,70.25,3996
BASF,20200528,1110,1118,1076.25,1079.8,26484
BASML,20200528,77,77.25,72.1,72.85,385
BATAINDIA,20200528,1310.05,1328.45,1292.25,1300.05,1388838
BAYERCROP,20200528,5299.9,5440,5150,5379.6,66717
BBL,20200528,637.1,665,637.1,660.1,1832
BBTC,20200528,836.65,929,834.45,916.75,307882
BCG,20200528,6.45,6.6,6.45,6.6,1609484
BCP,20200528,6.05,6.65,6.05,6.05,189674
BDL,20200528,223.9,244.5,222.9,238.65,457228
BEARDSELL,20200528,8.65,8.65,8.25,8.65,1400
BEDMUTHA,20200528,11.5,11.5,9.55,10.95,53163
BEL,20200528,66.95,70.4,66.2,69.65,23438967
BEML,20200528,615,618,600,602.8,1757528
BEPL,20200528,35.1,36.5,35.1,35.55,194258
BERGEPAINT,20200528,461,465.5,454.4,460.4,1532695
BFINVEST,20200528,230.55,234.5,227.3,231.5,3017
BFUTILITIE,20200528,141.8,147.55,141.8,147.55,88895
BGRENERGY,20200528,25,25.5,24.85,25.2,127491
BHAGERIA,20200528,107.25,109.05,105.35,107.15,20900
BHAGYANGR,20200528,14.45,15,14.1,14.5,2211
BHAGYAPROP,20200528,19.5,19.6,18.1,19.45,1303
BHANDARI,20200528,0.9,0.9,0.85,0.85,55479
BHARATFORG,20200528,291.3,310.4,290,306.95,4702998
BHARATGEAR,20200528,36,38.15,35.25,37.1,8193
BHARATRAS,20200528,6500,6872,6451.55,6833.3,7783
BHARATWIRE,20200528,16.1,16.8,16.1,16.8,15675
BHARTIARTL,20200528,564.65,568,556,562.75,16270436
BHEL,20200528,25.4,27.25,25.15,26.85,99120469
BIGBLOC,20200528,24.8,24.85,23.75,24.65,185
BIL,20200528,87,88,85,86.4,1820
BILENERGY,20200528,0.65,0.7,0.6,0.65,2980070
BINDALAGRO,20200528,9.2,9.3,8.95,9,14623
BIOCON,20200528,354.8,354.8,342.55,345.45,6473586
BIOFILCHEM,20200528,11.75,12.95,11.75,12.95,23471
BIRLACABLE,20200528,38.6,40.8,38.5,38.85,42766
BIRLACORPN,20200528,548.55,563.7,533.7,549.75,1375273
BIRLAMONEY,20200528,24,24.35,23.9,24.15,79320
BIRLATYRE,20200528,15.3,15.3,15.3,15.3,71060
BKMINDST,20200528,0.5,0.55,0.5,0.55,40975
BLBLIMITED,20200528,3.15,3.2,3.05,3.1,1038
BLISSGVS,20200528,94.4,94.75,93.3,94,33486
BLKASHYAP,20200528,4.25,4.4,4.05,4.1,55363
BLS,20200528,31.65,32.5,31,31.45,68282
BLUEDART,20200528,1962,2090.05,1924.2,2010.1,31299
BLUESTARCO,20200528,488.95,497.9,479.3,486.5,104630
BODALCHEM,20200528,43.15,45.2,43.15,44.15,285907
BOMDYEING,20200528,45.25,47.3,45.25,47.3,883614
BORORENEW,20200528,34.1,35.8,34.1,35.2,134110
BOSCHLTD,20200528,9467,9950,9410.65,9872.1,59908
BPCL,20200528,333.9,334.35,320.3,326.45,9276773
BPL,20200528,14.95,14.95,14.1,14.4,15116
BRFL,20200528,4.05,4.05,3.85,4.05,54728
BRIGADE,20200528,97.5,102.9,97.15,101,92591
BRITANNIA,20200528,3217.5,3363.25,3189.35,3323.25,1453514
BRNL,20200528,38.95,39.25,38.05,38.8,3354
BROOKS,20200528,26.1,27.3,26.1,27.3,19790
BSE,20200528,391.3,402,391.3,395.75,138208
BSELINFRA,20200528,0.9,0.9,0.9,0.9,600
BSL,20200528,19.35,19.95,19.3,19.75,2495
BSLGOLDETF,20200528,4252.2,4460,4252,4332.75,447
BSLNIFTY,20200528,112.85,112.85,109.12,109.3,440
BSOFT,20200528,78,79.8,73.5,74.8,1333784
BURNPUR,20200528,0.85,0.9,0.85,0.9,13225
BUTTERFLY,20200528,112.5,116.95,107,108.1,233879
BVCL,20200528,11,11,11,11,3744
BYKE,20200528,9.8,9.85,9.3,9.4,31583
CADILAHC,20200528,336.6,342.9,333.35,338.1,2383250
CALSOFT,20200528,8,8,7.4,7.7,38179
CAMLINFINE,20200528,38.15,40.05,37.6,40.05,754445
CANBK,20200528,84.15,85.6,82.8,83.3,12459864
CANFINHOME,20200528,277.9,285.9,276.05,282.2,495767
CANTABIL,20200528,226.25,226.25,223.6,225.65,27116
CAPACITE,20200528,76,78.1,74.2,77.3,27572
CAPLIPOINT,20200528,316.6,320.35,314,315.1,32154
CAPTRUST,20200528,60.9,60.9,58.6,60.85,946
CARBORUNIV,20200528,219.8,230,213.8,222.15,85904
CAREERP,20200528,151.9,153,146.9,148.6,20361
CARERATING,20200528,361.85,392,360,375.65,119129
CASTEXTECH,20200528,0.3,0.35,0.3,0.35,43658
CASTROLIND,20200528,113.6,115.75,113,113.9,590269
CCHHL,20200528,2,2.15,2,2.1,8164
CCL,20200528,183.9,200,183.9,197.45,265365
CDSL,20200528,247.7,248.45,243.5,244.25,230364
CEATLTD,20200528,762.55,780.4,761.8,771.6,269718
CEBBCO,20200528,8.15,8.45,8,8.4,17869
CELEBRITY,20200528,4,4.15,3.85,4.05,15008
CENTENKA,20200528,126.7,128.95,126.7,128.85,7357
CENTEXT,20200528,2.25,2.35,2.15,2.2,80523
CENTRALBK,20200528,13.35,13.9,13.35,13.4,581398
CENTRUM,20200528,11.25,11.25,10.55,10.95,56407
CENTUM,20200528,231,238.4,230.4,233.2,2621
CENTURYPLY,20200528,102.6,104.7,101.75,102.85,212450
CENTURYTEX,20200528,283.9,289.8,282.6,284.55,1306724
CERA,20200528,2173.7,2200,2164.95,2189.55,928
CEREBRAINT,20200528,30.55,30.55,30.55,30.55,8555
CESC,20200528,564,577,556.35,573.15,755103
CESCVENT,20200528,122.9,126.35,122.9,124.9,24724
CGCL,20200528,147.65,151,142.25,146.05,137546
CGPOWER,20200528,5.55,5.8,5.55,5.75,2294192
CHALET,20200528,104,119.7,103.05,108.35,301910
CHAMBLFERT,20200528,132.1,134.5,132,132.3,609783
CHEMBOND,20200528,145.25,150,143.15,144.3,49534
CHEMFAB,20200528,122,124.8,120.75,123.8,1403
CHENNPETRO,20200528,48.15,52.7,47.7,51.05,2350073
CHOLAFIN,20200528,135,137.55,129.6,135.1,17517968
CHOLAHLDNG,20200528,232.95,234.9,228.5,233.9,17086
CHROMATIC,20200528,0.5,0.55,0.5,0.55,11303
CIGNITITEC,20200528,294,301.5,291,293.55,20731
CIMMCO,20200528,14,14.45,13.8,14.25,3020
CINELINE,20200528,19.8,19.85,18.6,19.05,9177
CINEVISTA,20200528,5.45,5.45,5.05,5.25,11298
CIPLA,20200528,634,637.65,626.05,628.35,5488725
CLEDUCATE,20200528,40,40,36.7,37.4,15449
CLNINDIA,20200528,354.5,364.45,346.05,348.8,28603
CMICABLES,20200528,22.9,22.9,21.35,22,31935
CNOVAPETRO,20200528,6.4,6.4,6.1,6.1,26
COALINDIA,20200528,130.85,134.3,129.3,133.9,7883181
COCHINSHIP,20200528,220.45,224,219.05,220.05,343037
COLPAL,20200528,1288,1309.2,1280.75,1298.35,2090933
COMPINFO,20200528,9.1,9.6,8.6,9,101939
COMPUSOFT,20200528,7.85,8.15,7.85,8.05,59136
CONCOR,20200528,351.5,359.95,347.2,351.65,1313151
CONFIPET,20200528,17.3,18.3,17.15,17.85,176976
CONSOFINVT,20200528,26.15,27,26.15,26.15,522
CONTROLPR,20200528,193.05,197,191.35,192.6,2462
CORALFINAC,20200528,13.8,14.45,13.1,13.6,36042
CORDSCABLE,20200528,29.95,30.5,29.05,30.35,3342
COROMANDEL,20200528,675,684.8,653.25,657.05,743199
COSMOFILMS,20200528,267.65,279,266.65,270.85,106889
COUNCODOS,20200528,1.05,1.05,0.95,1,20867
CPSEETF,20200528,16.55,16.77,16.44,16.73,1534986
CREATIVE,20200528,75,75,73,73.9,21463
CREDITACC,20200528,378.05,388.05,377.25,387.35,160181
CREST,20200528,56.55,58.8,55.7,56.75,3619
CRISIL,20200528,1445.15,1458,1430.1,1440,5518
CROMPTON,20200528,216.9,223.4,211.2,218.7,2053120
CSBBANK,20200528,125,126.05,122.2,124.05,170199
CTE,20200528,14.75,15.45,14.75,15.45,3022
CUB,20200528,126.45,130.5,125.9,129.35,1032918
CUBEXTUB,20200528,9.95,10.85,9.9,9.95,2278
CUMMINSIND,20200528,348.5,361.4,342.75,359.7,948477
CUPID,20200528,165.3,172,165.3,167.9,68692
CYBERTECH,20200528,34.95,34.95,33.05,33.35,11710
CYIENT,20200528,194.9,199.3,193.65,196.75,239593
DAAWAT,20200528,22.5,24.6,22.3,24.35,3248330
DABUR,20200528,429.95,451.25,421.2,448.4,10807949
DALBHARAT,20200528,532,575,530,560.9,562057
DALMIASUG,20200528,67.9,68.4,65.2,67.05,90177
DAMODARIND,20200528,19,19,18.45,19,535
DATAMATICS,20200528,47.35,48.5,47.35,48.1,17985
DBCORP,20200528,59.55,63.5,59.55,60.15,261067
DBL,20200528,254.05,260,254.05,256.95,127606
DBREALTY,20200528,6.6,6.7,6.6,6.6,221972
DBSTOCKBRO,20200528,7.65,7.65,7.65,7.65,59
DCAL,20200528,67.9,69.5,65.45,67.45,331095
DCBBANK,20200528,63.15,64.05,62,62.25,3549176
DCM,20200528,17.8,18.1,17.25,17.5,10774
DCMNVL,20200528,23.6,23.6,22.05,22.15,2908
DCMSHRIRAM,20200528,272.9,286.5,270.7,284.4,261423
DCW,20200528,10.85,11,10.4,10.45,408912
DECCANCE,20200528,238.05,262,237.95,244.25,148501
DEEPAKFERT,20200528,100.35,106,99.5,104.4,2673878
DEEPAKNTR,20200528,505.15,515.5,503,506,804504
DEEPIND,20200528,67,67.6,64.8,66.35,12373
DELTACORP,20200528,86.1,86.1,86.1,86.1,155442
DELTAMAGNT,20200528,18.9,18.9,17.45,18.35,16399
DEN,20200528,48.8,50.05,47.05,50,45036
DENORA,20200528,156.05,168.9,156,168.9,4215
DFMFOODS,20200528,209,209,202.55,203.5,27461
DGCONTENT,20200528,5,5.35,5,5.05,4981
DHAMPURSUG,20200528,104,104,99.7,100.9,393975
DHANBANK,20200528,10.75,10.9,10.1,10.2,3439901
DHANUKA,20200528,584,596.95,552.65,571.2,276772
DHARSUGAR,20200528,4.4,4.4,4.2,4.2,8084
DHFL,20200528,11.35,11.5,11.35,11.4,611154
DHUNINV,20200528,159.95,177.75,159.95,161.7,1082
DIAMONDYD,20200528,488,488,475,478.45,4098
DICIND,20200528,298.95,305,292.65,302.35,700
DIGISPICE,20200528,7.05,7.05,7.05,7.05,3411
DISHTV,20200528,4.45,4.5,4.4,4.45,3318872
DIVISLAB,20200528,2295.5,2300,2255.35,2285.1,392876
DIXON,20200528,4587,4650,4560,4633,32320
DLF,20200528,136.85,145.95,136.7,144.05,8686378
DLINKINDIA,20200528,79.1,82.8,77.25,79.9,271747
DMART,20200528,2210,2310.2,2205,2308.45,927241
DNAMEDIA,20200528,0.4,0.45,0.4,0.4,9453
DOLAT,20200528,41.9,41.9,39.05,39.8,77133
DOLLAR,20200528,108.8,114,108.75,112.2,56981
DONEAR,20200528,24.9,24.95,23.5,23.65,6181
DPSCLTD,20200528,7.6,7.95,7.15,7.45,49625
DPWIRES,20200528,71.1,71.25,71.1,71.1,1510
DQE,20200528,1.2,1.2,1.1,1.1,132245
DREDGECORP,20200528,217,228.4,216,223.7,568983
DRREDDY,20200528,3895,3910.8,3842.5,3887.75,792562
DSSL,20200528,17,17,16.25,16.6,4785
DTIL,20200528,142.55,142.55,139.2,140.95,459
DUCON,20200528,3.5,3.5,3.5,3.5,5481
DVL,20200528,48.05,52.45,47.6,51.05,11825
DWARKESH,20200528,19,19,17.95,18,1036371
DYNAMATECH,20200528,520,520,490,498.45,4471
DYNPRO,20200528,116.95,119.85,106.95,110.1,47064
EASTSILK,20200528,0.7,0.7,0.7,0.7,161
EBBETF0423,20200528,1050.02,1054,1050.02,1053.55,8411
EBBETF0430,20200528,1072,1169,1067.3,1068.78,84223
EBIXFOREX,20200528,405,405,395.5,399.85,552
ECLERX,20200528,411.25,419.7,407,416.8,28698
EDELWEISS,20200528,47.3,48.65,46.3,47.5,1481476
EICHERMOT,20200528,15120,16430,15048,16236.5,815427
EIDPARRY,20200528,181,206.4,181,196.5,4420562
EIHAHOTELS,20200528,220,254.7,218.1,253.5,189626
EIHOTEL,20200528,61.8,64.65,61.75,64.65,335982
EIMCOELECO,20200528,229.95,245.85,229.95,238.7,630
EKC,20200528,13.45,13.85,13.25,13.5,40253
ELECON,20200528,18.85,19.6,18.75,19.4,59259
ELECTCAST,20200528,9.4,9.7,9,9.15,193297
ELECTHERM,20200528,84.45,85.95,82.15,84.2,11594
ELGIEQUIP,20200528,132.75,133.5,130.25,130.7,9121
ELGIRUBCO,20200528,15.05,15.25,14.5,14.65,27021
EMAMILTD,20200528,196.9,197.3,190.05,191.75,462997
EMAMIPAP,20200528,66.4,67.85,65.15,67.35,4421
EMAMIREAL,20200528,27.15,27.9,26.6,27.4,11170
EMKAY,20200528,36,37,35.05,36.55,2691
EMMBI,20200528,55.1,56.9,55.1,55.4,4741
ENDURANCE,20200528,664,681.95,650.8,673.85,176455
ENERGYDEV,20200528,4.85,5.05,4.85,5.05,22157
ENGINERSIN,20200528,62.1,63.8,62,62.8,1119162
ENIL,20200528,117,130,117,128.4,1116
EQ30,20200528,280,280,265,265,2
EQUITAS,20200528,42.2,44.6,42.15,42.75,20571637
ERIS,20200528,475.25,483.4,475.25,480.25,6112
EROSMEDIA,20200528,15.45,16.35,15.25,16,404294
ESABINDIA,20200528,1122,1310.1,1063.8,1310.1,121411
ESCORTS,20200528,877,907,867.6,890.65,3427173
ESSARSHPNG,20200528,7.2,7.2,6.95,7,8976
ESSELPACK,20200528,174.5,178,169.85,174,269794
ESTER,20200528,29,30.9,29,29.45,50339
EVEREADY,20200528,67.85,67.85,66,66.65,29747
EVERESTIND,20200528,184,187.05,183.05,184.1,51404
EXCEL,20200528,0.85,0.85,0.85,0.85,190
EXCELINDUS,20200528,635,646,608,611.1,60612
EXIDEIND,20200528,157,159.75,156.05,158.7,1346898
EXPLEOSOL,20200528,165,172.6,165,172.5,34786
FACT,20200528,40,40.85,39.8,40.15,126344
FAIRCHEM,20200528,427.8,467,427.8,462.55,44487
FCL,20200528,26.2,26.4,25.65,25.9,152974
FCONSUMER,20200528,8.55,8.55,8.55,8.55,863006
FCSSOFT,20200528,0.2,0.25,0.2,0.2,1199811
FDC,20200528,245.75,256.25,244.1,246.85,225183
FEDERALBNK,20200528,41.6,43.3,40.65,42.8,65075577
FEL,20200528,9.7,9.7,9.7,9.7,44397
FELDVR,20200528,11.65,11.65,10.7,11.65,23511
FIEMIND,20200528,264,301.95,261,295.8,141709
FILATEX,20200528,29.1,29.7,28.35,29.15,92695
FINCABLES,20200528,198.45,206.35,197.55,206.35,739613
FINEORG,20200528,1960,1960,1911.65,1923.7,5348
FINPIPE,20200528,410,421,406.55,410.5,21168
FLEXITUFF,20200528,3.7,3.8,3.7,3.8,1682
FLFL,20200528,141,145.5,140,145.5,27750
FLUOROCHEM,20200528,304,311.4,299.5,309.1,13263
FMGOETZE,20200528,342.45,380,342.45,368.9,2821
FMNL,20200528,16.4,16.55,15.55,16.55,18735
FORCEMOT,20200528,809,834.9,809,823.3,20751
FORTIS,20200528,113.55,118,113.55,114.55,602404
FOSECOIND,20200528,1003.05,1014.95,980,997.35,1942
FRETAIL,20200528,80.9,80.9,80.9,80.9,470970
FSC,20200528,125.9,128.95,124.9,128.95,166173
FSL,20200528,30.4,31.65,30.3,31.05,1833071
GABRIEL,20200528,73.5,75.4,71.95,75.2,88642
GAEL,20200528,118.5,118.5,113.5,115.4,25092
GAIL,20200528,88.6,91.3,87.85,89.1,13857050
GAL,20200528,1.7,1.7,1.7,1.7,5693
GALAXYSURF,20200528,1306,1332,1306,1313.75,4461
GALLANTT,20200528,25.45,26.85,25,25.7,8360
GALLISPAT,20200528,23,24.25,23,23.7,8239
GAMMNINFRA,20200528,0.45,0.5,0.45,0.5,9800388
GANDHITUBE,20200528,168.55,175.85,163,165.4,50869
GANECOS,20200528,167,167.9,162.25,164.65,5893
GANESHHOUC,20200528,21.45,21.45,19.6,20.75,62170
GANGESSECU,20200528,23.25,24.45,23.25,24,2498
GARDENSILK,20200528,6,6.15,5.75,6,10275
GARFIBRES,20200528,1307.15,1388.8,1307.15,1381.25,12488
GATI,20200528,36.45,37.5,36.1,36.85,153284
GAYAHWS,20200528,0.3,0.35,0.3,0.35,31275
GAYAPROJ,20200528,12.6,13.15,12.4,12.8,142028
GBGLOBAL,20200528,4.85,4.85,4.85,4.85,232
GDL,20200528,75.9,77,75.55,76.5,99253
GEECEE,20200528,50,50.9,47,48.6,838
GEEKAYWIRE,20200528,63,65.9,63,63.55,3589
GENESYS,20200528,26.35,26.75,25.5,26.05,5369
GENUSPAPER,20200528,3.8,3.85,3.55,3.7,30781
GENUSPOWER,20200528,14.85,15.2,14.85,15,48949
GEOJITFSL,20200528,19.3,19.7,19.3,19.6,60360
GEPIL,20200528,373.7,384.9,373.7,381.05,13602
GESHIP,20200528,200.7,213.9,200.15,210.1,345023
GET&D,20200528,62.05,62.9,61,61.9,111788
GFLLIMITED,20200528,73,74.1,71.55,72.8,16387
GFSTEELS,20200528,1.8,1.8,1.8,1.8,505
GHCL,20200528,104.15,107.5,103.2,104.3,157900
GICHSGFIN,20200528,64.65,65.85,64,64.65,123790
GICRE,20200528,128.8,133.15,126.3,133,155416
GILLANDERS,20200528,19.75,19.75,19.75,19.75,289
GILLETTE,20200528,4799,4867.45,4781.3,4805.65,3105
GINNIFILA,20200528,6.2,6.4,6.2,6.25,8780
GIPCL,20200528,54.35,55.65,53.9,55,31656
GKWLIMITED,20200528,439.5,452,438,439.55,229
GLAXO,20200528,1367,1370,1336,1340.7,73364
GLENMARK,20200528,349.05,351.65,341.5,343.2,2584786
GLFL,20200528,1.25,1.25,1.15,1.15,2270
GLOBALVECT,20200528,50.05,52.7,48.2,51.7,70380
GLOBOFFS,20200528,2.85,3,2.85,3,1900
GLOBUSSPR,20200528,91.85,93.5,91.85,92.4,32232
GMBREW,20200528,386,391.85,384.95,387.25,35776
GMDCLTD,20200528,36.9,39.2,36.5,37.65,2095112
GMMPFAUDLR,20200528,3690,3719.7,3602.25,3628.8,30654
GMRINFRA,20200528,17.3,18,17.15,17.8,6999136
GNA,20200528,177.95,192.3,177.6,188.5,264786
GNFC,20200528,126.75,132,126.55,130.5,641179
GOACARBON,20200528,182.65,184.3,177.95,181,17777
GOCLCORP,20200528,136,139.8,136,138.35,2738
GODFRYPHLP,20200528,994,1020,968,974.65,91182
GODREJAGRO,20200528,367,367,360.5,363.6,195350
GODREJCP,20200528,575,610,573.7,604.4,1946399
GODREJIND,20200528,309.95,317.4,303.5,313,1099465
GODREJPROP,20200528,643.9,667,636.05,653.8,819526
GOKEX,20200528,29,30.75,28.4,29.7,143145
GOKUL,20200528,9.35,9.85,9.35,9.55,2216
GOKULAGRO,20200528,9.85,10.35,9.8,10.1,30127
GOLDBEES,20200528,41.5,41.5,40.5,41.19,3872116
GOLDENTOBC,20200528,23.85,24.8,23.85,24,3587
GOLDIAM,20200528,83.6,88,82.95,85.25,47357
GOLDSHARE,20200528,4245.55,4265,4225.05,4257.5,736
GOLDTECH,20200528,8.5,9.2,8.5,8.95,12114
GOODLUCK,20200528,28,28.8,27.95,28.15,17352
GPIL,20200528,109.4,115.25,109.4,115.25,20005
GPPL,20200528,60.9,61.7,60.55,60.75,165103
GPTINFRA,20200528,18.15,18.15,17,17.3,11833
GRANULES,20200528,175.2,179.9,170.2,171.6,2853618
GRAPHITE,20200528,181.7,186,181.05,183.1,221567
GRASIM,20200528,568,581.65,557.25,576.5,3317882
GRAVITA,20200528,33.8,34.2,33.2,33.6,14127
GREAVESCOT,20200528,70.75,72.5,70.75,71.9,99584
GREENLAM,20200528,603.9,603.9,561.15,571.55,1265
GREENPANEL,20200528,25.75,25.75,24.6,25,26549
GREENPLY,20200528,81,81.4,79.05,79.7,106494
GREENPOWER,20200528,2.15,2.2,2.1,2.1,184342
GRINDWELL,20200528,511.6,532.8,507.05,524.7,9886
GROBTEA,20200528,301.85,307.85,301.85,307.85,61
GRPLTD,20200528,625.25,635,566,602.7,447
GRSE,20200528,135.5,139.75,135.1,137.6,101644
GSCLCEMENT,20200528,24.8,26.2,24.15,25.5,256359
GSFC,20200528,40.15,41.1,40.15,40.5,380401
GSPL,20200528,192,199.9,190,193.2,1771823
GSS,20200528,21.1,21.6,20.65,21.05,6394
GTL,20200528,1.05,1.1,1.05,1.1,8048
GTLINFRA,20200528,0.35,0.35,0.3,0.35,2249703
GTNIND,20200528,6.05,6.65,6.05,6.55,3190
GTNTEX,20200528,4.8,4.8,4.8,4.8,5579
GTPL,20200528,44,45.75,42.6,43.4,25553
GUFICBIO,20200528,53.55,55.8,53.25,53.75,45664
GUJALKALI,20200528,318.75,326.95,317.05,322,39795
GUJAPOLLO,20200528,140.05,147.9,140.05,145.2,2073
GUJGASLTD,20200528,235.3,237.9,232.15,232.85,653000
GULFOILLUB,20200528,575,577,560.1,575.35,5326
GULFPETRO,20200528,44.5,46.45,44.05,45.1,32217
GULPOLY,20200528,26.4,27,25.1,26.9,7458
GVKPIL,20200528,2.6,2.65,2.55,2.6,1489010
HAL,20200528,531.5,580.25,531.5,555.55,370507
HARITASEAT,20200528,352.05,362.95,348,357.3,901
HARRMALAYA,20200528,57.85,61.3,57,59.4,99097
HATHWAY,20200528,23.35,24.75,22.9,23.75,1310222
HATSUN,20200528,524.65,534.75,515.35,521.2,7139
HAVELLS,20200528,477,504.5,474.1,499.75,6398895
HAVISHA,20200528,0.5,0.5,0.45,0.5,7231
HBLPOWER,20200528,11.65,12.2,11.55,11.6,129550
HCC,20200528,4.3,4.4,4.25,4.3,1267985
HCG,20200528,99.15,103.95,99.15,100,379717
HCL-INSYS,20200528,5.55,5.7,5.5,5.65,164933
HCLTECH,20200528,531,546,523,542.65,4492817
HDFC,20200528,1580,1643.8,1577,1623.7,10262028
HDFCAMC,20200528,2441,2524.15,2441,2500.8,232177
HDFCBANK,20200528,920,950,913.95,945.25,37744926
HDFCLIFE,20200528,506,523.3,501.45,516.8,3346532
HDFCMFGETF,20200528,4199.95,4224.95,4180,4221.55,5992
HDFCNIFETF,20200528,974.4,984,960.05,979.91,1279
HDFCSENETF,20200528,3399,3498,3260,3376.89,423
HEG,20200528,755,760.75,742.45,750.05,65948
HEIDELBERG,20200528,158.7,161.3,154,158,1319873
HERCULES,20200528,69.8,69.8,65.8,66.4,16738
HERITGFOOD,20200528,233,245,225.35,239.6,109449
HEROMOTOCO,20200528,2197.6,2335,2166.15,2298.1,3727630
HESTERBIO,20200528,1143.95,1150,1131.05,1141.6,3584
HEXATRADEX,20200528,9.1,9.1,9.1,9.1,2370
HEXAWARE,20200528,241.4,251.7,237,248.8,1031800
HFCL,20200528,8.85,9.65,8.8,9.25,6485992
HGINFRA,20200528,158.75,161,155.3,157.1,13695
HGS,20200528,542.9,542.9,530.05,533.3,3138
HIKAL,20200528,115,116.6,113.7,114.7,60939
HIL,20200528,827,850,816.25,840.2,25300
HILTON,20200528,8.45,8.6,8.05,8.2,10191
HIMATSEIDE,20200528,46.35,46.75,45.7,45.95,164412
HINDALCO,20200528,134.4,139.4,133.6,138.4,21951352
HINDCOMPOS,20200528,122.95,125.65,119.05,120.5,4481
HINDCOPPER,20200528,25.6,26.35,25.6,25.9,622814
HINDMOTORS,20200528,3.8,3.9,3.75,3.8,88614
HINDNATGLS,20200528,29.8,29.8,28.15,29.5,643
HINDOILEXP,20200528,47.3,50.9,46.1,50.9,926082
HINDPETRO,20200528,186.95,188.8,183.7,185.85,3462845
HINDUNILVR,20200528,2000,2015,1990,2009.95,5500915
HINDZINC,20200528,165.95,169,164.5,168.65,796295
HIRECT,20200528,120.9,120.9,116,117.05,11354
HISARMETAL,20200528,52.85,53.85,52,52.65,8267
HITECH,20200528,77.5,86.75,73.35,79.1,7449
HITECHCORP,20200528,61,63,56.85,62.7,287
HITECHGEAR,20200528,74,80.35,74,80.35,3925
HLVLTD,20200528,3.65,3.8,3.55,3.65,213915
HMVL,20200528,39.4,39.6,38.1,38.2,19599
HNDFDS,20200528,504.95,504.95,489.95,496.35,2738
HNGSNGBEES,20200528,340,346,330,343,404
HONAUT,20200528,26699,27079.95,26410,26932.9,3969
HONDAPOWER,20200528,839.95,840,805,816.95,2586
HOTELRUGBY,20200528,1,1,0.95,0.95,4380
HOVS,20200528,33.6,36.35,33.6,36.3,3286
HPL,20200528,24.2,24.5,23.95,24.4,32927
HSCL,20200528,47.55,47.85,46.2,46.45,457393
HSIL,20200528,47.7,49.8,47.7,48.65,48633
HTMEDIA,20200528,11.2,11.2,10.5,10.55,75704
HUBTOWN,20200528,9.7,9.95,9.3,9.65,3471
HUDCO,20200528,23,23.25,22.8,22.9,879761
IBMFNIFTY,20200528,107,108.8,103.55,103.95,358
IBREALEST,20200528,46.45,47.45,42.95,43.05,7119008
IBULHSGFIN,20200528,123,126,119.65,120.8,14826633
IBULISL,20200528,33,34.05,31.25,33.7,545313
IBVENTURES,20200528,73.1,73.1,73.1,73.1,85877
ICICI500,20200528,123.95,125.64,123.7,125.05,111076
ICICIB22,20200528,23.84,24,23.3,23.59,266673
ICICIBANK,20200528,322.25,329.75,320.75,326.85,66136528
ICICIBANKN,20200528,187.84,193.99,186.06,189.13,36373
ICICIBANKP,20200528,100.38,105,100.38,103.01,143119
ICICIGI,20200528,1245.35,1276,1235,1254.25,410042
ICICIGOLD,20200528,41.01,42.33,41.01,42.23,71475
ICICILIQ,20200528,999.99,1000,997,999.99,5421
ICICILOVOL,20200528,80.8,81.5,77.25,81.22,52967
ICICIM150,20200528,52.6,52.6,50,50.4,1613
ICICIMCAP,20200528,50.89,50.89,49.8,50.23,3377
ICICINF100,20200528,99.01,103.79,99,103.2,4951
ICICINIFTY,20200528,99.95,99.95,97.01,99.45,337645
ICICINV20,20200528,48,50,47,48.56,20655
ICICINXT50,20200528,22.95,24.2,22.95,23.65,8730
ICICIPRULI,20200528,357,370,353.45,367.7,2687869
ICICISENSX,20200528,337.99,345,334,342.73,5109
ICIL,20200528,25.65,26,24.9,25.8,114383
ICRA,20200528,2515.05,2530,2438.95,2502.05,771
IDBI,20200528,20,20.5,19.9,20.1,1563161
IDBIGOLD,20200528,4936,4936,4561.05,4702.9,62
IDEA,20200528,5.7,6.05,5.65,5.8,498614343
IDFC,20200528,13.5,13.85,13.45,13.6,2963485
IDFCFIRSTB,20200528,20.4,20.7,20,20.25,42272799
IDFNIFTYET,20200528,96.88,96.88,96.83,96.86,254
IEX,20200528,164.95,165.25,163.3,164.6,1264601
IFBAGRO,20200528,283,293,280,290.5,2144
IFBIND,20200528,398,399.8,380.25,387.35,140751
IFCI,20200528,4,4.15,4,4.05,1223953
IFGLEXPOR,20200528,93.15,102.3,93.15,98.15,782
IGARASHI,20200528,209.7,219.8,207.75,215.4,150051
IGL,20200528,459,473,456.65,470.75,2320694
IGPL,20200528,120,121.9,118.1,119.2,7037
IIFL,20200528,66.2,66.5,62.2,63.85,326465
IIFLSEC,20200528,29.65,30.05,29.2,29.25,517749
IIFLWAM,20200528,859.65,859.65,832,850.45,2179
IITL,20200528,65.95,65.95,60.35,60.35,1060
IMAGICAA,20200528,3.5,3.55,3.4,3.5,34739
IMFA,20200528,138.05,146,135.1,144.15,8538
IMPAL,20200528,483,495.45,482.95,489.25,3198
INDBANK,20200528,4.85,4.95,4.8,4.9,12600
INDHOTEL,20200528,69.1,74.25,69.05,73.65,4408515
INDIACEM,20200528,132,133.8,128.3,129.35,3288027
INDIAGLYCO,20200528,272.95,274.3,268,269.3,172533
INDIAMART,20200528,2440,2474.45,2350,2357.95,124160
INDIANB,20200528,44.5,44.85,43.45,43.65,2220593
INDIANCARD,20200528,80.05,87,80.05,86.85,394
INDIANHUME,20200528,143.2,148.4,143,145.35,27436
INDIGO,20200528,955,984,941.65,977.7,2040925
INDLMETER,20200528,15.25,15.25,15.2,15.25,425
INDNIPPON,20200528,230.65,244,229.65,241.65,14987
INDOCO,20200528,203.65,209.75,200.75,204,36723
INDORAMA,20200528,12.65,12.65,12,12.25,9243
INDOSTAR,20200528,281.1,283,278.05,278.75,115820
INDOTECH,20200528,72.05,75,70.65,74.05,1564
INDOTHAI,20200528,26.5,28.8,26.5,28.65,174271
INDOWIND,20200528,3.3,3.3,3,3.3,417299
INDRAMEDCO,20200528,36,39.8,36,38.6,913229
INDSWFTLAB,20200528,26.25,26.25,24.55,24.85,13353
INDSWFTLTD,20200528,2,2,2,2,82153
INDTERRAIN,20200528,26.45,26.85,25.6,26.2,46031
INDUSINDBK,20200528,375,405.8,371.6,386.85,47047903
INEOSSTYRO,20200528,592.9,592.95,580,580,237
INFIBEAM,20200528,48.75,48.95,47.55,48.2,124194
INFOBEAN,20200528,94.05,96.15,90.1,92.4,6300
INFRABEES,20200528,286.37,290,286.37,288.87,260
INFRATEL,20200528,214.1,225.3,213.9,223.85,6682224
INFY,20200528,707,710,690,707.4,9440121
INGERRAND,20200528,627.1,629.7,626,627.95,2566
INOXLEISUR,20200528,210,211.25,205.55,209.15,208462
INOXWIND,20200528,26.4,26.4,25.8,25.95,18543
INSECTICID,20200528,384,400.35,383.95,396.1,120142
INSPIRISYS,20200528,23.8,23.8,20.1,20.6,4981
INTEGRA,20200528,0.35,0.35,0.35,0.35,10000
INTELLECT,20200528,69,69,67.25,67.7,37647
INTENTECH,20200528,17.05,17.05,15.85,16.2,15156
INVENTURE,20200528,10.7,11,10.4,10.9,1414
IOB,20200528,7.35,7.45,7.25,7.25,668241
IOC,20200528,77.4,78.8,77.2,77.7,9978005
IOLCP,20200528,383.85,384.5,368.05,368.75,935266
IPCALAB,20200528,1540,1567.95,1540,1550.4,228798
IRB,20200528,57.6,61.4,57.6,60.5,988025
IRCON,20200528,84.95,85.8,84.45,84.6,159909
IRCTC,20200528,1389,1404,1362,1381.3,720618
ISEC,20200528,377.9,383,374.5,378.35,244808
ISFT,20200528,57.1,57.1,57.1,57.1,2380
ISMTLTD,20200528,3.2,3.8,3.1,3.8,318852
ITC,20200528,192.3,192.9,189,190.65,24579385
ITDC,20200528,156,160.65,155,160.65,21484
ITDCEM,20200528,34.9,35.8,34.45,34.75,111405
ITI,20200528,82.8,84,82.1,82.7,403216
IVC,20200528,2.25,2.3,2.2,2.2,81212
IVP,20200528,34.65,34.65,32.45,33.7,12769
IVZINGOLD,20200528,4187,4200.15,4187,4200.05,22
IZMO,20200528,15.35,15.4,14.85,15.1,1727
J&KBANK,20200528,12.35,12.4,12.2,12.25,2789323
JAGRAN,20200528,38,39.5,37.85,39.15,186263
JAGSNPHARM,20200528,24.05,24.8,24,24.35,5285
JAIBALAJI,20200528,16.6,17.2,16.1,16.4,6171
JAICORPLTD,20200528,65.9,69.7,65.6,67.35,2273185
JAINSTUDIO,20200528,1.05,1.05,1.05,1.05,300
JAMNAAUTO,20200528,24.45,25.4,24.15,24.95,752729
JASH,20200528,105,105.4,105,105.4,1127
JAYAGROGN,20200528,71,72.7,67.4,70.25,4513
JAYBARMARU,20200528,144.85,145.95,141,143.65,23847
JAYNECOIND,20200528,2.6,2.65,2.5,2.6,7147
JAYSREETEA,20200528,34.05,35.75,34,35.05,22440
JBCHEPHARM,20200528,660,660,631.55,645,225261
JBFIND,20200528,8.7,8.7,8.7,8.7,15799
JBMA,20200528,151.85,154,148.85,153.6,19058
JCHAC,20200528,2303,2423.6,2300,2383.95,30825
JHS,20200528,9.85,9.9,9.35,9.7,38059
JIKIND,20200528,0.4,0.4,0.35,0.4,802
JINDALPHOT,20200528,12.2,12.75,11.8,12.15,3860
JINDALPOLY,20200528,311,318.7,298.6,301,94417
JINDALSAW,20200528,46.7,48.45,46.7,47.4,816178
JINDALSTEL,20200528,115.05,120.75,113.8,119.1,28096868
JINDRILL,20200528,54,54.75,52,52.8,10972
JINDWORLD,20200528,25.35,26.5,25.3,25.95,4561
JISLDVREQS,20200528,7,7.35,7,7.35,36588
JISLJALEQS,20200528,7.25,7.25,7.25,7.25,257292
JITFINFRA,20200528,3.6,3.65,3.6,3.65,341
JIYAECO,20200528,10.05,10.05,10.05,10.05,14035
JKCEMENT,20200528,1130,1141.35,1120.9,1130.65,39367
JKIL,20200528,77.05,80.7,77.05,79.7,99036
JKLAKSHMI,20200528,239.9,248.4,237.55,245,828910
JKPAPER,20200528,86.3,89.4,85.7,88.5,1222810
JKTYRE,20200528,51.05,51.2,50.6,50.85,450753
JMA,20200528,17.1,17.35,16.9,17.35,1178
JMCPROJECT,20200528,42.3,42.3,42.3,42.3,160056
JMFINANCIL,20200528,61.1,62.2,60.5,60.75,535835
JMTAUTOLTD,20200528,2.6,2.6,2.6,2.6,154233
JOCIL,20200528,145.05,151.85,142.3,145.65,20401
JPASSOCIAT,20200528,1.4,1.45,1.4,1.45,3828533
JPINFRATEC,20200528,0.8,0.8,0.7,0.8,1470460
JPOLYINVST,20200528,8.15,8.95,8.15,8.3,2807
JPPOWER,20200528,0.8,0.8,0.7,0.8,10923307
JSL,20200528,26.8,27.45,26.3,26.6,210693
JSLHISAR,20200528,38.2,40.4,36.75,37.3,228590
JSWENERGY,20200528,41.15,41.9,40.5,40.7,1172003
JSWHL,20200528,1650,1650,1580,1604.75,644
JSWSTEEL,20200528,186.2,188.75,183.2,184.15,14270125
JTEKTINDIA,20200528,48,53.8,47.9,52.75,1438663
JUBILANT,20200528,437.9,441,431,434.15,122986
JUBLFOOD,20200528,1682.15,1725,1681.8,1689.4,1599203
JUBLINDS,20200528,96.55,100,95.1,96.6,15065
JUMPNET,20200528,49.65,49.7,48.5,49.4,259527
JUNIORBEES,20200528,243,245.4,238,245.1,63428
JUSTDIAL,20200528,359.85,384.5,359,378.05,5462020
JYOTHYLAB,20200528,101.6,103.95,101.05,102.15,389944
KABRAEXTRU,20200528,46,47.25,44,45.2,16209
KAJARIACER,20200528,318,327.75,316.3,326.2,346060
KAKATCEM,20200528,147.3,150.8,142.35,143.45,27496
KALPATPOWR,20200528,208.3,212.1,206.4,207.3,477150
KALYANIFRG,20200528,130,134.35,127,127,221
KAMATHOTEL,20200528,20,21.75,20,20.9,94229
KAMDHENU,20200528,50.7,50.7,48.4,49.4,9198
KANANIIND,20200528,2.25,2.4,2.25,2.4,25126
KANORICHEM,20200528,28.75,29.3,28.2,28.5,11616
KANSAINER,20200528,350,361,349.05,359.55,187770
KAPSTON,20200528,99.95,100,95.05,95.35,308
KARDA,20200528,184,192.5,179,191.15,53099
KARMAENG,20200528,9,9,8.55,8.95,1744
KARURVYSYA,20200528,23.5,23.7,23.3,23.45,299011
KAYA,20200528,152.55,152.55,152.55,152.55,5197
KCP,20200528,39.95,40.95,38.8,39,134975
KCPSUGIND,20200528,13.35,13.35,12.5,12.8,344332
KDDL,20200528,108.3,108.3,106.35,107.75,1372
KEC,20200528,195.6,196.65,192.5,192.85,325632
KECL,20200528,8.8,8.9,8.6,8.8,22638
KEI,20200528,282.6,285,274.75,276,117441
KELLTONTEC,20200528,15.4,15.4,14.15,15.25,104665
KENNAMET,20200528,701,714,692.65,710,1572
KERNEX,20200528,12.4,12.55,12.1,12.55,11493
KESORAMIND,20200528,27.7,27.8,25.8,26.05,204603
KEYFINSERV,20200528,35.5,38.85,35.35,36.1,91
KHADIM,20200528,79,82.55,79,79.2,101694
KICL,20200528,1144.95,1159.95,1130.05,1150.9,833
KILITCH,20200528,90.15,91.7,90,91.3,2741
KINGFA,20200528,420,437.85,416,423.1,4698
KIOCL,20200528,70.7,71.55,69,70.55,7812
KIRIINDUS,20200528,315.85,321,311,312.2,26986
KIRLFER,20200528,54,54,51.35,53,18189
KIRLOSBROS,20200528,90,91.8,87.95,90.25,30886
KIRLOSENG,20200528,101.85,105,99,102.95,10544
KIRLOSIND,20200528,494.05,494.9,470,481.4,716
KITEX,20200528,99.9,101,98.5,99.85,53301
KKCL,20200528,705,710.15,700.05,707.25,761
KMSUGAR,20200528,7,7,6.65,6.8,142584
KNRCON,20200528,188.5,196,188.5,194.4,122056
KOKUYOCMLN,20200528,58.2,58.95,54.25,55.2,297083
KOLTEPATIL,20200528,153.1,158,152.55,155.4,43268
KOPRAN,20200528,27.55,28.5,27.1,27.45,67502
KOTAKBANK,20200528,1224,1254.9,1209.6,1229.45,10710015
KOTAKBKETF,20200528,190,194.87,189.5,193.03,3485641
KOTAKGOLD,20200528,410.9,416.15,409.3,414.55,154953
KOTAKNIFTY,20200528,96,98,96,97.85,94642
KOTAKNV20,20200528,49.3,49.9,49.01,49.73,1932
KOTAKPSUBK,20200528,113.99,113.99,110.4,111.75,4802
KOTARISUG,20200528,13.5,13.65,13.1,13.65,511742
KOTHARIPET,20200528,19.4,20.05,18.1,20.05,639213
KOTHARIPRO,20200528,71.4,71.4,71.4,71.4,21269
KPITTECH,20200528,45,46.95,45,46.95,3245527
KPRMILL,20200528,409.95,416.65,400.1,414.65,3001
KRBL,20200528,180,181,177.5,178.45,104455
KREBSBIO,20200528,81.3,81.45,77.8,79.35,11924
KRIDHANINF,20200528,2.4,2.4,2.4,2.4,11321
KRISHANA,20200528,39.85,40.6,39.85,40.6,14000
KSB,20200528,460.15,474.95,459,470.35,4997
KSCL,20200528,423.9,427,408,414.2,147444
KSERASERA,20200528,0.2,0.2,0.15,0.2,1397206
KSK,20200528,0.35,0.35,0.3,0.3,745416
KSL,20200528,146.8,148.8,141.05,141.95,66708
KTKBANK,20200528,36.85,36.85,35.65,36.15,2331472
KUANTUM,20200528,345.75,352.1,334.25,338,305
KWALITY,20200528,2.15,2.2,2.1,2.1,409430
L&TFH,20200528,54.2,55.2,53.25,53.55,15817234
LAKSHVILAS,20200528,13.15,13.15,12.5,12.6,496581
LALPATHLAB,20200528,1555,1560.65,1537,1555.15,32445
LAMBODHARA,20200528,21.5,22.6,20.95,21.55,922
LAOPALA,20200528,155.3,158.7,155.3,157.35,29879
LASA,20200528,38.65,38.85,36.4,38.15,75895
LAURUSLABS,20200528,454.5,461.6,450.05,459.3,420057
LAXMIMACH,20200528,2499,2545,2464.55,2528.7,3041
LEMONTREE,20200528,18.25,18.25,17.95,18.25,2821587
LFIC,20200528,43.4,43.7,40.5,43.5,491
LGBBROSLTD,20200528,193.05,232.8,191,232.55,570623
LGBFORGE,20200528,1.95,1.95,1.9,1.95,33501
LIBAS,20200528,34.95,35.75,32.55,34.7,47006
LIBERTSHOE,20200528,103.5,108,103,104.15,251074
LICHSGFIN,20200528,249,252.5,241.4,244.65,6300244
LICNETFGSC,20200528,22.7,22.7,22.1,22.48,3401
LICNETFN50,20200528,96.7,101.6,96.7,97.52,1078
LICNFNHGP,20200528,95.5,98.4,95.5,98.35,38
LINCOLN,20200528,154.3,155.9,150.25,151.55,30472
LINCPEN,20200528,139,142.5,135.3,136.7,1262
LINDEINDIA,20200528,499.05,505.05,498.1,503.3,11208
LIQUIDBEES,20200528,1001,1001,999.6,1000,1055815
LIQUIDETF,20200528,999.99,1000.01,999.99,999.99,16746
LOKESHMACH,20200528,16.9,20.25,16.3,20.25,441563
LOTUSEYE,20200528,24.05,24.5,23.6,24.2,592
LOVABLE,20200528,49.8,50.3,48.15,48.75,14474
LPDC,20200528,1.1,1.1,1.05,1.05,4580
LSIL,20200528,0.6,0.65,0.55,0.65,6339374
LT,20200528,855,912,855,905.5,11481632
LTI,20200528,1787,1818.95,1775.1,1793.4,90551
LTTS,20200528,1133.3,1137.2,1121.35,1129.8,45405
LUMAXIND,20200528,884.1,896,875.25,891.1,9758
LUMAXTECH,20200528,67.5,70,65,68.45,27076
LUPIN,20200528,887.5,890.8,868.25,881.15,3226587
LUXIND,20200528,894.65,945,894.65,931.4,73712
LYKALABS,20200528,15.8,16.35,15.8,15.9,15091
LYPSAGEMS,20200528,2.85,3.1,2.85,2.95,3559
M&M,20200528,429.5,444,423.85,440.4,7451065
M&MFIN,20200528,141,141,135.5,136.6,10439075
M100,20200528,13.79,13.87,13.66,13.74,31874
M50,20200528,91.16,92.39,91.14,91.96,1361
MAANALU,20200528,37.5,40.3,36.25,39.45,15088
MADHAV,20200528,18.9,19.45,18.65,19,855
MADHUCON,20200528,1.65,1.7,1.65,1.7,994
MADRASFERT,20200528,13.4,14.2,13.4,14.05,28124
MAGADSUGAR,20200528,90,91,86.5,87.25,26530
MAGMA,20200528,13.35,14,12.95,13.15,1841869
MAGNUM,20200528,2.65,2.65,2.65,2.65,1200
MAHABANK,20200528,8.5,8.65,8.5,8.55,594948
MAHAPEXLTD,20200528,60,61.9,59.95,60.1,312
MAHASTEEL,20200528,81.5,82.95,80,82.9,6983
MAHEPC,20200528,136.4,142.45,132,134.05,223709
MAHESHWARI,20200528,157.45,163.65,157.2,157.4,438
MAHINDCIE,20200528,86.95,89.15,85.5,89.15,70051
MAHLIFE,20200528,181.95,184,175.25,178.75,52081
MAHLOG,20200528,252.1,258.6,252.1,254.8,62081
MAHSCOOTER,20200528,1915.95,1948,1896.5,1918.45,6200
MAHSEAMLES,20200528,192.7,199.65,191,194.1,46539
MAITHANALL,20200528,366,369.95,356.05,369.05,9066
MAJESCO,20200528,293.85,300.85,287,298.5,11503
MALUPAPER,20200528,28.5,28.5,26.9,27.4,10336
MAN50ETF,20200528,95.4,96.3,95,95.72,6111
MANAKALUCO,20200528,4.3,4.7,4.3,4.45,9949
MANAKCOAT,20200528,4.1,4.1,4.1,4.1,300
MANAKSIA,20200528,30.55,32.4,30.2,31.05,5839
MANAKSTEEL,20200528,8.3,8.4,8,8.4,28251
MANALIPETC,20200528,14.3,15.2,14.3,14.95,211149
MANAPPURAM,20200528,120.55,121.65,118.7,120.15,10092250
MANGALAM,20200528,56.65,56.65,56.65,56.65,9739
MANGCHEFER,20200528,34.5,35.3,34.1,34.65,56223
MANGLMCEM,20200528,169,171.8,167.45,168.45,40000
MANGTIMBER,20200528,6,6.55,6,6.05,1560
MANINDS,20200528,36.2,36.75,36,36.45,38135
MANINFRA,20200528,16.5,17,16.5,16.9,49839
MANUGRAPH,20200528,7.05,7.2,6.85,7.1,65605
MANXT50,20200528,233.5,235,232.6,234.99,287
MARALOVER,20200528,9.9,10.65,9.9,10.3,2680
MARATHON,20200528,44,44.8,43.5,43.6,421
MARICO,20200528,323.25,334,322.2,330.15,3718393
MARKSANS,20200528,21.6,21.6,20.8,20.85,785031
MARUTI,20200528,5267,5495,5220,5468.35,2325387
MASFIN,20200528,555.25,573.85,554.25,568.7,3350
MASKINVEST,20200528,12.65,13.5,12.65,13.5,283
MASTEK,20200528,241,246.65,240,241.3,12947
MATRIMONY,20200528,329.5,333.45,325,329,1248
MAWANASUG,20200528,22.55,23.25,22.3,22.4,50799
MAXINDIA,20200528,56,61.65,55,56.1,353857
MAXVIL,20200528,27.05,27.7,26.7,26.85,14968
MAYURUNIQ,20200528,147.1,155,147.1,152.75,17646
MAZDA,20200528,242,253.65,238.05,249,4505
MBECL,20200528,4.25,4.25,4.25,4.25,5993
MBLINFRA,20200528,5.25,5.25,4.8,4.95,46444
MCDHOLDING,20200528,24.75,24.75,24.75,24.75,36147
MCDOWELL-N,20200528,567.1,581.1,557,563.6,5927607
MCLEODRUSS,20200528,4,4.1,3.9,4,177788
MCX,20200528,1286.1,1294,1242,1265.05,236157
MEGASOFT,20200528,5.95,5.95,5.75,5.9,5745
MEGH,20200528,50.55,52.7,49.2,49.7,4045390
MENONBE,20200528,30.8,32.55,30.55,31.45,14762
MEP,20200528,15.85,16.5,15.85,16.4,15512
MERCATOR,20200528,0.75,0.75,0.7,0.75,462850
METALFORGE,20200528,4.85,4.85,4.45,4.45,1601
METROPOLIS,20200528,1352,1366.15,1312.25,1321.85,36237
MFSL,20200528,443.75,470.7,431,466.1,2271001
MGL,20200528,919,942.7,917,924.7,603782
MHRIL,20200528,164.75,171,161.55,163.05,88669
MIC,20200528,0.65,0.7,0.65,0.65,28493
MIDHANI,20200528,200,204,196.8,197.85,969968
MINDACORP,20200528,56.75,57.7,56,56.9,815957
MINDAIND,20200528,274.9,283.95,273.3,281.6,169405
MINDTECK,20200528,24,24,22.9,22.9,20202
MINDTREE,20200528,891,903.9,882.45,896.5,676213
MIRCELECTR,20200528,4.95,4.95,4.55,4.65,886723
MIRZAINT,20200528,37.5,38.65,37.4,37.8,250859
MITTAL,20200528,131.5,131.6,130.55,131.4,164036
MMFL,20200528,154.5,164.6,154.5,161.3,4081
MMP,20200528,48.5,52,46.5,46.65,8807
MMTC,20200528,15.35,15.8,14.75,15.15,2283136
MODIRUBBER,20200528,24.5,24.5,24.35,24.35,200
MOHOTAIND,20200528,5.75,5.95,5.7,5.95,926
MOIL,20200528,126.05,127.9,124.6,125.1,230029
MOLDTECH,20200528,31.65,32.05,30.8,31.8,24857
MOLDTKPAC,20200528,169.85,178,166.3,172.5,75381
MONTECARLO,20200528,134.3,134.3,129.05,130.05,17069
MORARJEE,20200528,8.4,8.95,8.4,8.55,1415
MOREPENLAB,20200528,15.8,16,15.6,15.75,360485
MOTHERSUMI,20200528,86.75,95,86.75,92.4,74913206
MOTILALOFS,20200528,510,527.95,504.5,517.35,67719
MOTOGENFIN,20200528,26.4,28.95,24.25,25.5,2493
MPHASIS,20200528,849.9,860.15,842.45,845.05,601078
MPSLTD,20200528,223.05,226.85,220,225.8,3716
MRF,20200528,57952,58950,57951.95,58466.2,6483
MRO-TEK,20200528,18.35,18.35,18.3,18.3,218
MRPL,20200528,27.1,28.5,27,27.9,558069
MSPL,20200528,4.1,4.1,4,4,2419
MSTCLTD,20200528,116.65,116.65,116.65,116.65,8564
MTEDUCARE,20200528,9.7,9.8,9.25,9.75,21126
MTNL,20200528,6.75,6.85,6.65,6.7,380313
MUKANDENGG,20200528,6.6,6.85,6.3,6.6,965
MUKANDLTD,20200528,16.1,16.55,16,16.15,9208
MUKTAARTS,20200528,18.35,21.7,18.3,18.55,11470
MUNJALAU,20200528,34.45,36.9,34.2,36.65,361838
MUNJALSHOW,20200528,80.95,84,79.1,83.15,30054
MURUDCERA,20200528,12,12.05,11.7,11.8,21047
MUTHOOTCAP,20200528,272.95,279,267.35,275.8,25992
MUTHOOTFIN,20200528,850,860.8,833.15,852.7,2049900
N100,20200528,712.47,718.1,700.1,702.31,17082
NACLIND,20200528,27.9,28,26.5,26.95,23737
NAGAFERT,20200528,4.6,4.6,4.6,4.6,157685
NAGREEKEXP,20200528,10.1,10.45,9.8,9.9,324
NAHARCAP,20200528,54.55,54.55,53.4,53.9,814
NAHARINDUS,20200528,20.5,21.6,20.5,21.45,4669
NAHARPOLY,20200528,41.45,42.45,39.2,40.7,6047
NAHARSPING,20200528,30.4,31.2,30.3,30.8,7317
NAM-INDIA,20200528,240,248.5,238.6,243.95,1409462
NATCOPHARM,20200528,580.05,584.3,572.4,575.2,347495
NATHBIOGEN,20200528,299.05,308.9,285.4,307,64981
NATIONALUM,20200528,29.1,29.75,29,29.35,9758479
NATNLSTEEL,20200528,2.6,2.6,2.55,2.55,3465
NAUKRI,20200528,2457.25,2588,2434.2,2570.9,587301
NAVINFLUOR,20200528,1479,1505,1476.05,1489.3,50093
NAVKARCORP,20200528,20.8,21.6,20.8,21.35,145432
NAVNETEDUL,20200528,69.7,69.7,68.1,68.5,27578
NBCC,20200528,17.25,17.5,17.1,17.2,4409269
NBIFIN,20200528,1444.2,1519.95,1444,1499.95,73
NBVENTURES,20200528,35.7,38.4,35.45,38.1,111435
NCC,20200528,21.7,24.25,21.15,23.5,41946639
NCLIND,20200528,64.95,66.3,63.1,63.75,524831
NDGL,20200528,439,439,409.5,409.5,98
NDL,20200528,15.4,15.4,14.1,14.75,41712
NDTV,20200528,39.05,41.6,39.05,40.7,113719
NECCLTD,20200528,4.95,4.95,4.5,4.8,50984
NECLIFE,20200528,13.15,13.2,12.9,13.05,64129
NELCAST,20200528,37.5,40.65,37.05,38.7,341579
NELCO,20200528,167.9,174,164,174,36074
NEOGEN,20200528,475.6,475.6,451.9,459.95,10948
NESCO,20200528,390.4,459.3,390,445.65,672928
NESTLEIND,20200528,16716.5,17030,16680,16989.15,176289
NETF,20200528,94.3,96,94,94.98,10922
NETFCONSUM,20200528,48.3,48.3,46.47,47.95,11130
NETFDIVOPP,20200528,25.24,25.24,23.56,23.78,446
NETFLTGILT,20200528,21.95,22,21.8,21.85,24083
NETFMID150,20200528,49.5,50.65,47.83,50.48,48670
NETFNIF100,20200528,97.12,105.9,97.12,100.72,1279
NETFNV20,20200528,50.75,50.75,49.41,50.06,2721
NETWORK18,20200528,23.7,24.5,23.4,24.15,699901
NEULANDLAB,20200528,402,412,399,401.2,49203
NEWGEN,20200528,141,142,134,136.05,247872
NEXTMEDIA,20200528,4.05,4.05,3.75,3.75,2050
NFL,20200528,24.4,25.1,24.05,24.4,454029
NH,20200528,260.6,269,259.85,264.45,71412
NHPC,20200528,20,20.1,19.9,20,1099119
NIACL,20200528,115.8,119,115.2,117.85,313917
NIBL,20200528,4.25,4.4,4.25,4.4,68
NIFTYBEES,20200528,98.95,100.7,98.7,100.37,2933866
NIITLTD,20200528,89.5,91.95,88,88.85,1437339
NIITTECH,20200528,1499.05,1511.35,1456.95,1472.9,472137
NILAINFRA,20200528,3.05,3.05,2.9,3,91681
NILASPACES,20200528,0.7,0.7,0.65,0.65,141772
NILKAMAL,20200528,990.15,1026,983.05,1005.85,10581
NIPPOBATRY,20200528,446.2,455.9,446.2,451.5,664
NITCO,20200528,14.75,14.95,14.55,14.8,8278
NITINSPIN,20200528,28.5,29.1,28,28.55,10721
NKIND,20200528,19.6,19.6,19.6,19.6,202
NLCINDIA,20200528,41.4,41.4,40.9,41.15,794738
NMDC,20200528,75.4,80.25,74.35,78.95,7692366
NOCIL,20200528,89,89.5,87.15,87.6,3257045
NOIDATOLL,20200528,2.8,2.9,2.75,2.9,45026
NRAIL,20200528,162.55,172,162.55,169.55,5359
NRBBEARING,20200528,59.95,70.4,59.5,68,626201
NSIL,20200528,609.95,637,609.95,631.05,539
NTPC,20200528,95.25,96.5,94.5,95.7,12156769
NUCLEUS,20200528,239,247,238,245.3,78538
NXTDIGITAL,20200528,316,322,316,320,587
OAL,20200528,138.5,144.95,138.5,140.75,2898
OBEROIRLTY,20200528,305.9,311.9,305,307.15,649458
OCCL,20200528,600,605,596.15,600.05,24386
OFSS,20200528,2412,2499.95,2412,2493.05,48841
OIL,20200528,82.7,84.85,82.05,83.6,762468
OILCOUNTUB,20200528,4.05,4.05,3.9,4,7113
OISL,20200528,2.3,2.3,2.3,2.3,7112
OLECTRA,20200528,58.3,58.3,55.4,55.65,22254
OMAXAUTO,20200528,22.05,22.9,22,22.8,6261
OMAXE,20200528,176.2,177,176,176.75,270490
OMKARCHEM,20200528,2.8,2.9,2.8,2.8,27111
OMMETALS,20200528,11.1,11.4,10.5,10.8,95412
ONELIFECAP,20200528,5.75,6.15,5.7,6.15,2502
ONEPOINT,20200528,12,12.3,11.25,11.7,122595
ONGC,20200528,77.5,80.95,77.4,78.85,18646208
ONMOBILE,20200528,28,28.25,27.55,28,147123
ONWARDTEC,20200528,35.5,37.5,34.8,36.35,3838
OPTIEMUS,20200528,22,22,20.75,21.1,4480
OPTOCIRCUI,20200528,6.3,6.3,6.3,6.3,142355
ORBTEXP,20200528,49.35,50.3,49.05,49.5,3651
ORICONENT,20200528,12.25,12.45,11.75,11.8,37913
ORIENTABRA,20200528,12.4,12.85,12.35,12.5,17234
ORIENTALTL,20200528,7.5,7.5,7.5,7.5,1244
ORIENTBELL,20200528,52.35,54.8,52,53.65,8805
ORIENTCEM,20200528,42.5,47.4,41.6,44.6,7136041
ORIENTELEC,20200528,167.7,167.7,165,165.6,91061
ORIENTHOT,20200528,16.95,17.85,15.25,15.7,252839
ORIENTLTD,20200528,65.35,70.5,64.55,66.95,315
ORIENTPPR,20200528,16.4,17.1,16.2,16.8,435478
ORIENTREF,20200528,136.95,149.75,134.45,144.45,43578
ORISSAMINE,20200528,1490,1544,1490,1498.85,14053
ORTINLABSS,20200528,11.7,11.7,10.75,10.8,23483
OSWALAGRO,20200528,5.75,5.95,5.55,5.85,30946
PAGEIND,20200528,18699,18824.85,18264.15,18406.8,29033
PAISALO,20200528,151,158.95,151,158,387
PALASHSECU,20200528,20.85,20.85,19.15,19.15,901
PALREDTEC,20200528,11.6,12,11.05,11.45,7933
PANACEABIO,20200528,155.2,157.4,151,151.2,44556
PANACHE,20200528,36.6,38.05,34.8,35,15165
PANAMAPET,20200528,32.05,33.3,32,33.25,1908
PAPERPROD,20200528,189.85,204,189.85,197.15,156773
PARACABLES,20200528,6.15,6.3,6.15,6.2,36964
PARAGMILK,20200528,87.3,87.5,86.1,87.05,82826
PARSVNATH,20200528,1.85,1.85,1.85,1.85,6141
PATELENG,20200528,11.1,11.45,11,11.2,79395
PATINTLOG,20200528,17.1,17.1,16.3,17,10292
PATSPINLTD,20200528,2.8,2.8,2.8,2.8,30
PCJEWELLER,20200528,10.75,11,10.25,10.75,707851
PDMJEPAPER,20200528,11.4,11.4,10.95,11.05,49507
PDSMFL,20200528,259.7,259.7,247.5,251.2,918
PEARLPOLY,20200528,10.75,10.8,10.1,10.6,5957
PEL,20200528,960,974.75,938.3,957.8,2190701
PENIND,20200528,14.4,14.75,14.25,14.7,113473
PENINLAND,20200528,3,3,2.85,2.9,101230
PERSISTENT,20200528,525.25,550.7,525.05,535.55,263748
PETRONET,20200528,235,243.85,235,238.2,2685543
PFC,20200528,76.5,78.15,75.65,77.3,6493682
PFIZER,20200528,4221.3,4241.9,4161.55,4183.1,30578
PFOCUS,20200528,18.5,21.45,17.05,21.15,316843
PFS,20200528,8.5,8.75,8.5,8.55,293128
PGEL,20200528,33,34,33,33.5,7408
PGHH,20200528,9988,9988,9734,9789.6,5855
PGHL,20200528,4072.05,4120,4050.05,4070.25,6466
PGIL,20200528,98,105.95,95.05,97.25,3632
PHILIPCARB,20200528,72.75,74.9,72.75,74.05,316827
PHOENIXLTD,20200528,490.85,496.75,480,491.05,388594
PIDILITIND,20200528,1406,1434.95,1402.8,1425.35,915640
PIIND,20200528,1563,1603,1557.55,1586.45,103424
PILANIINVS,20200528,1328.05,1335,1299.95,1313.15,839
PILITA,20200528,4.3,4.7,4.3,4.55,149431
PIONDIST,20200528,109.7,110.95,106.75,109.3,1779
PIONEEREMB,20200528,17.95,17.95,17.15,17.7,1556
PITTIENG,20200528,23.4,23.45,22.45,22.55,4059
PKTEA,20200528,90.15,90.15,86.55,90,722
PLASTIBLEN,20200528,149.65,149.65,141.05,143.8,9580
PNB,20200528,27.6,27.9,26.6,26.75,41841614
PNBGILTS,20200528,26.25,26.7,26,26.1,104815
PNBHOUSING,20200528,175.5,178,172.1,175.7,200578
PNC,20200528,11.25,11.45,10.75,10.95,2073
PNCINFRA,20200528,102.85,105.5,101,101.3,104164
PODDARHOUS,20200528,156,156.45,152,156.2,659
PODDARMENT,20200528,139.9,152.4,135.4,143.35,36587
POKARNA,20200528,100.25,104,98.5,101.95,33810
POLYCAB,20200528,643.1,657,634,649.8,248102
POLYMED,20200528,300.35,301.1,286.5,289.5,75016
POLYPLEX,20200528,403.95,439.9,403.95,425.75,240615
PONNIERODE,20200528,130.05,135,125.05,128.25,6917
POWERGRID,20200528,158.35,158.35,156.05,157.25,14510845
POWERINDIA,20200528,815.1,829,809.25,824.95,35009
POWERMECH,20200528,320,324.95,312,319.75,19542
PPAP,20200528,164.65,168.9,163,165.9,5261
PPL,20200528,38.15,39.85,37.2,38.8,29798
PRABHAT,20200528,63.1,65.45,63.1,65.05,6995
PRAENG,20200528,5.6,5.65,5.3,5.65,16564
PRAJIND,20200528,54.35,55.85,54,55.1,1169056
PRAKASH,20200528,28.1,28.85,27.85,28.45,233678
PRAKASHSTL,20200528,0.8,0.8,0.7,0.8,2927681
PRAXIS,20200528,23.25,24.35,22.05,24.3,143292
PRECAM,20200528,24.25,24.75,23.75,24,28393
PRECOT,20200528,21,22,20.55,21,2325
PRECWIRE,20200528,76.95,79.45,76.3,78.6,15530
PREMEXPLN,20200528,68.25,70,68,69.65,3312
PREMIER,20200528,1.45,1.45,1.45,1.45,200
PREMIERPOL,20200528,19.1,22.8,19.1,22.8,37344
PRESSMN,20200528,15.25,15.95,15.2,15.75,1257
PRESTIGE,20200528,141.1,146.5,141.1,145.15,756480
PRICOLLTD,20200528,37.35,38.55,37,38.2,31184
PRIMESECU,20200528,31,33.45,30,32.45,19029
PRINCEPIPE,20200528,78.15,78.5,77.1,77.4,108466
PROSEED,20200528,0.25,0.25,0.25,0.25,8500
PROZONINTU,20200528,20.05,20.05,20.05,20.05,41355
PRSMJOHNSN,20200528,34.5,34.85,33,33.3,739692
PSB,20200528,13.2,13.25,12.75,13.05,50704
PSPPROJECT,20200528,312.25,319.45,312,314.3,7265
PSUBNKBEES,20200528,12.37,12.7,12.25,12.39,186339
PTC,20200528,33.4,34,33.2,33.3,1779678
PTL,20200528,29,29.4,28.5,29,7166
PUNJABCHEM,20200528,422.05,430.05,419.85,420.25,1764
PURVA,20200528,37.5,39,37,37.3,41252
PVR,20200528,864,892,862,884.05,1908831
QGOLDHALF,20200528,2030,2057.8,2028,2049.95,2195
QNIFTY,20200528,945,963,945,960,14
QUESS,20200528,195,211.8,192,210.1,663888
QUICKHEAL,20200528,100,103.4,99.8,102.15,175998
RADAAN,20200528,0.95,0.95,0.95,0.95,1956
RADICO,20200528,316.9,324,313.4,321.5,2330970
RADIOCITY,20200528,13.1,13.4,12.8,13,182207
RAIN,20200528,67.2,69.75,67.15,69.5,1309069
RAJESHEXPO,20200528,510,511,505.2,506.2,56975
RAJRATAN,20200528,179.45,182,176.6,181,15078
RAJSREESUG,20200528,12.5,13.1,12.35,13,7187
RAJTV,20200528,34.9,34.9,34,34.1,2646
RALLIS,20200528,213,220.75,212,216.8,1029857
RAMANEWS,20200528,12.65,12.65,11.75,11.9,25496
RAMASTEEL,20200528,28.5,28.5,26.6,26.85,1421
RAMCOCEM,20200528,609.05,623.7,609.05,616.8,656440
RAMCOIND,20200528,117.5,118.5,115,117.2,33855
RAMCOSYS,20200528,81,84.85,78.55,80.5,1676386
RAMKY,20200528,30.15,31.95,29.5,30.9,45416
RANASUG,20200528,2.8,2.9,2.7,2.8,230733
RANEENGINE,20200528,167,167.75,160.05,166.1,552
RANEHOLDIN,20200528,337.05,370,337,353.8,8753
RATNAMANI,20200528,825,875,815.6,868.45,13636
RAYMOND,20200528,218.85,225.2,217,223.9,603704
RBL,20200528,420,435,415.5,426.4,14674
RBLBANK,20200528,120.5,123,115.75,116.65,35974370
RCF,20200528,38.2,38.95,38.05,38.65,1794313
RCOM,20200528,0.8,0.85,0.75,0.8,10215635
RECLTD,20200528,86.85,88.95,85.5,87.9,6795100
REDINGTON,20200528,82.85,84,81.4,82.7,636131
REFEX,20200528,48.1,50.85,48.1,50.85,176976
RELAXO,20200528,651.05,662,636.3,641.9,212532
RELCAPITAL,20200528,6.7,6.8,6.4,6.6,1448911
RELIANCE,20200528,1455,1479.75,1449,1472.25,18519252
RELIGARE,20200528,23,24.3,23,23.9,108870
RELINFRA,20200528,17.25,17.35,16.4,16.5,4933230
REMSONSIND,20200528,51,57.8,49,52.45,5018
RENUKA,20200528,4.7,4.85,4.7,4.85,577435
REPCOHOME,20200528,94.9,97.3,93.2,96.6,203595
REPRO,20200528,338.95,347.9,332.9,336.2,1765
RESPONIND,20200528,83.3,85.95,83.3,84.15,108192
REVATHI,20200528,305.05,314.35,292.2,309.15,338
RGL,20200528,200,206,195.1,204.75,472
RHFL,20200528,1.15,1.2,1.1,1.1,3964816
RICOAUTO,20200528,25.2,26.8,25.2,26.3,387031
RIIL,20200528,264.6,280,264.6,270.75,275527
RIL-RE,20200528,205,235,201.1,229.75,6664618
RITES,20200528,227.85,229.9,225.5,226.3,274703
RKDL,20200528,6.95,7.1,6.9,7.1,18458
RKFORGE,20200528,153.15,156.95,151.05,155.4,6988
RMCL,20200528,3.25,3.3,3.15,3.25,11927
RML,20200528,189.95,199,187.55,196.95,13486
RNAVAL,20200528,1,1.05,0.95,1,21702895
ROHITFERRO,20200528,0.6,0.65,0.55,0.6,21138
ROHLTD,20200528,43.2,46.9,43.05,45.3,463134
ROLLT,20200528,1.25,1.25,1.15,1.25,50596
ROLTA,20200528,4.2,4.2,4.2,4.2,26019
ROSSELLIND,20200528,39.05,41.2,39,40.95,2775
RPGLIFE,20200528,235,245,235,241.9,21760
RPOWER,20200528,1.85,1.85,1.85,1.85,2007947
RPPINFRA,20200528,42.3,44,42.3,43.2,3467
RSSOFTWARE,20200528,12.75,13,12,12.4,12826
RSWM,20200528,62.85,62.9,58.5,59.6,11847
RSYSTEMS,20200528,91,92.65,90.5,91.75,10527
RTNINFRA,20200528,1.65,1.7,1.65,1.7,183704
RTNPOWER,20200528,1.2,1.2,1.15,1.15,3980875
RUBYMILLS,20200528,131,135.95,131,135.95,3813
RUCHI,20200528,493.85,545.75,493.85,545.75,134822
RUCHINFRA,20200528,7.95,7.95,7.95,7.95,1642687
RUCHIRA,20200528,35.55,36.65,35,36.35,36539
RUPA,20200528,144.35,147.7,144.15,145.65,15069
RUSHIL,20200528,104,110.9,102.25,108.75,6498
RVNL,20200528,16.9,17.05,16.7,16.9,1991920
S&SPOWER,20200528,16.7,16.7,16.7,16.7,4600
SABEVENTS,20200528,1,1,1,1,1100
SADBHAV,20200528,41.35,41.6,40.1,41.5,767941
SADBHIN,20200528,16.2,16.2,15.8,16.1,456574
SAFARI,20200528,333.1,335,320.25,323.3,10715
SAGARDEEP,20200528,76.35,76.35,70,76.1,12340
SAGCEM,20200528,277.05,281,273,274.95,26678
SAIL,20200528,29.95,30.8,29.7,30.2,28675466
SAKAR,20200528,48.05,52,48.05,51,504
SAKHTISUG,20200528,8.2,8.2,7.7,7.95,56091
SAKSOFT,20200528,175,198.4,174,187.35,312990
SAKUMA,20200528,7.15,7.15,6.9,7.15,124081
SALASAR,20200528,101.25,106,101.25,103.6,10063
SALONA,20200528,47.5,50,47.5,50,98
SALSTEEL,20200528,1.85,1.9,1.85,1.9,6481
SALZERELEC,20200528,62.9,64,61.1,63.25,22670
SAMBHAAV,20200528,1.8,1.8,1.75,1.75,20031
SANCO,20200528,11.4,11.4,10.7,11.35,27602
SANDESH,20200528,442.15,443,442.15,443,54
SANDHAR,20200528,136.5,139.95,136.5,137.4,3666
SANGAMIND,20200528,38.05,38.4,37.3,37.55,2148
SANGHIIND,20200528,16.8,17.35,16.25,16.6,871671
SANGHVIFOR,20200528,13.6,13.7,13.6,13.7,500
SANGHVIMOV,20200528,54.4,54.45,52,52.5,6685
SANGINITA,20200528,84,84,76.9,76.9,6825
SANOFI,20200528,7788,7820,7658.6,7680,18398
SANWARIA,20200528,2.25,2.45,2.25,2.45,3201841
SARDAEN,20200528,139.35,144.5,139,141.65,62744
SAREGAMA,20200528,283.55,291,269.85,274.95,36807
SARLAPOLY,20200528,13.25,13.35,12.95,13.05,13347
SASKEN,20200528,383,396.75,380.2,389.2,8256
SASTASUNDR,20200528,58.6,61.9,58.6,60.9,433
SATIA,20200528,71.55,78.4,71.5,74.8,14481
SATIN,20200528,48.3,50.45,47.05,50.1,107499
SBICARD,20200528,520,537.75,518.15,532.3,2381145
SBIETFQLTY,20200528,85.4,87,84.6,86.5,4381
SBILIFE,20200528,745,754.75,740,748.1,1134155
SBIN,20200528,159.45,162.4,156.7,158.2,76970390
SCAPDVR,20200528,0.35,0.35,0.3,0.3,26742
SCHAEFFLER,20200528,3086.7,3142.35,3086.7,3108.35,2976
SCHAND,20200528,43.65,45.1,41.6,42.8,33061
SCHNEIDER,20200528,80.2,82.5,79.7,81.65,136984
SCI,20200528,49,49.9,47.3,48.35,6812685
SDBL,20200528,64.75,66.8,62.3,64.95,10879
SEAMECLTD,20200528,294.75,310,294.75,305.95,8901
SELAN,20200528,86.6,88.65,82.4,84.4,46531
SEPOWER,20200528,2.45,2.45,2.45,2.45,10950
SEQUENT,20200528,84.45,84.7,83.6,84.4,4566633
SESHAPAPER,20200528,123.4,128,123.35,124.1,16221
SETCO,20200528,8.9,8.9,8.35,8.85,32165
SETF10GILT,20200528,214,218,214,215.95,73
SETFGOLD,20200528,4199.9,4218.4,4183,4213.4,8196
SETFNIF50,20200528,96.6,97.53,95.69,97.34,295102
SETFNIFBK,20200528,185.85,193,185.8,189.25,403016
SETFNN50,20200528,239,243,236,241.8,9195
SETUINFRA,20200528,0.65,0.7,0.6,0.65,60952
SEYAIND,20200528,47,47.5,43.3,43.3,81076
SFL,20200528,1365,1400,1365,1387.2,1620
SGL,20200528,6.15,6.55,6.1,6.4,8760
SHAHALLOYS,20200528,4.9,5.4,4.9,4.9,5115
SHAKTIPUMP,20200528,143.75,143.75,138.85,139.9,44609
SHALBY,20200528,59.8,68.7,59.8,65.55,1019556
SHALPAINTS,20200528,54.8,55.5,53.5,55.25,23268
SHANKARA,20200528,239.1,239.2,235,238.1,12702
SHANTIGEAR,20200528,78.95,85.8,78.2,82.4,65188
SHARDACROP,20200528,150.9,150.9,148.7,150.9,36778
SHARDAMOTR,20200528,590.5,619.4,590.5,617.75,1137
SHEMAROO,20200528,69.4,73,68.95,69.15,30408
SHIL,20200528,66.75,67.75,65.3,65.95,59121
SHILPAMED,20200528,374,387.15,365,377.55,41219
SHIRPUR-G,20200528,6.9,7,6.55,6.85,16045
SHIVAMAUTO,20200528,10.95,10.95,10.7,10.8,95947
SHIVAMILLS,20200528,22.15,23,22.15,22.65,1734
SHIVATEX,20200528,80.35,80.35,76.9,78.45,4156
SHK,20200528,53,53.35,51.05,51.2,419496
SHOPERSTOP,20200528,136,136,132.1,133.2,141964
SHREDIGCEM,20200528,37.1,38.4,36.55,36.8,579536
SHREECEM,20200528,20649,21163.35,20260.8,20808.9,77640
SHREEPUSHK,20200528,77.55,82,77.55,78.5,18699
SHREERAMA,20200528,3.9,4.05,3.75,4,17398
SHRENIK,20200528,18.1,18.1,16.6,16.75,20012
SHREYANIND,20200528,72.25,76.95,71.9,74.15,40916
SHREYAS,20200528,45.5,46.8,44,44.75,10113
SHRIPISTON,20200528,520,520,520,520,15
SHRIRAMCIT,20200528,659,665,638,642.85,14808
SHRIRAMEPC,20200528,2.65,2.7,2.5,2.7,177885
SHYAMCENT,20200528,3,3.15,2.85,3.15,51194
SICAGEN,20200528,11.65,11.65,10.75,11,16946
SICAL,20200528,9,9.2,8.7,8.95,33130
SIEMENS,20200528,1024.8,1074.9,1021.05,1071.5,897194
SIGIND,20200528,16.2,16.2,15.1,16,3953
SIL,20200528,10,10,9.95,9.95,190
SILINV,20200528,102.9,108.3,102.8,104.6,1482
SIMBHALS,20200528,5.05,5.35,4.95,5,40148
SIMPLEXINF,20200528,27,27,27,27,87660
SINTEX,20200528,1.2,1.2,1.2,1.2,1369583
SIRCA,20200528,174.65,176,166.9,173.4,10581
SIS,20200528,352,387,352,379.15,86252
SITINET,20200528,2.2,2.2,2,2.2,1299318
SIYSIL,20200528,104.75,105.45,102,103.25,51024
SJVN,20200528,20.9,21.15,20.9,21,544283
SKFINDIA,20200528,1425,1439.85,1400,1432.3,56341
SKIL,20200528,4.1,4.2,3.8,3.8,17925
SKIPPER,20200528,29.15,32.15,29.15,30.1,244633
SKMEGGPROD,20200528,34.85,35.5,33.7,34.8,29302
SMARTLINK,20200528,63.15,65.95,62.05,62.8,4554
SMLISUZU,20200528,358.15,372.4,357.9,367.55,36759
SMSLIFE,20200528,227,238,227,234.4,6324
SMSPHARMA,20200528,36.25,37.5,36.25,36.5,59170
SNOWMAN,20200528,25.9,27.2,25.85,26.3,133733
SOBHA,20200528,199.9,202.6,195,199.65,88395
SOLARA,20200528,480,480,469.55,472.4,8238
SOLARINDS,20200528,870.4,884.95,870.15,875.4,33887
SOMANYCERA,20200528,96.9,105.6,96.9,103.35,100498
SOMATEX,20200528,1.95,2.1,1.95,2.1,3198
SOMICONVEY,20200528,11.7,12.25,11.7,11.8,1178
SONATSOFTW,20200528,198,208,197.05,206.05,288182
SORILINFRA,20200528,44.95,46.9,44.95,46.9,17993
SOTL,20200528,626.05,629,618.95,623.2,259
SOUTHBANK,20200528,4.95,5.05,4.9,4.95,13459726
SOUTHWEST,20200528,19.15,20.9,19.15,19.85,38970
SPAL,20200528,62,63.2,59.65,60.35,21605
SPANDANA,20200528,453.4,463.4,436.2,463.4,26420
SPARC,20200528,130,139.35,127,136.3,1593308
SPECIALITY,20200528,29.95,30.75,28,29.4,45444
SPENCERS,20200528,88.1,90.7,87.3,88.25,1158969
SPENTEX,20200528,0.35,0.4,0.3,0.4,38608
SPIC,20200528,14.7,14.85,14.35,14.5,38027
SPICEJET,20200528,42.8,45.15,42,45.05,8385616
SPLIL,20200528,20.05,22.5,19.25,21.75,40994
SPMLINFRA,20200528,7.35,7.7,7,7.2,13980
SPTL,20200528,1.3,1.35,1.25,1.35,1863744
SPYL,20200528,0.35,0.4,0.35,0.4,64994
SREEL,20200528,114.05,116.6,113.25,114.1,2049
SREINFRA,20200528,4,4.2,3.95,4,1340866
SRF,20200528,3425.2,3460,3370,3409.4,134076
SRHHYPOLTD,20200528,105.1,105.1,104,105.1,9011
SRIPIPES,20200528,134.9,138.45,132.4,136.1,47046
SRTRANSFIN,20200528,565,582.9,559.5,567.5,6997789
SSWL,20200528,331,347.95,330,336.65,35867
STAMPEDE,20200528,0.4,0.4,0.35,0.35,9200
STAR,20200528,403.3,408.8,395,396,804284
STARCEMENT,20200528,73.55,76,72.9,73.4,84174
STARPAPER,20200528,91.3,95.5,90.3,92.6,152444
STCINDIA,20200528,38.1,38.7,36.75,37.05,5910
STEELCITY,20200528,22.4,22.4,18.2,19.65,6644
STEELXIND,20200528,11.75,12.45,11.7,11.95,33920
STEL,20200528,45.4,46,42.95,44.85,1123
STERTOOLS,20200528,110.1,119.5,110,116.85,45384
STRTECH,20200528,94.7,96.8,94.55,95.8,515889
SUBEX,20200528,6.7,6.7,6.7,6.7,96713
SUBROS,20200528,158.7,169.8,157,164.8,549852
SUDARSCHEM,20200528,395.95,407.8,391.3,395.6,879174
SUMEETINDS,20200528,1.55,1.55,1.45,1.55,67198
SUMICHEM,20200528,247.95,248.9,242.15,246.25,267676
SUMIT,20200528,10.65,11.15,10.15,10.5,608
SUMMITSEC,20200528,286.95,299.7,285.4,295.9,1553
SUNCLAYLTD,20200528,1400.05,1406.75,1376,1402.5,521
SUNDARAM,20200528,1.05,1.05,1,1.05,350277
SUNDARMFIN,20200528,1209.9,1224,1200.75,1209.75,24665
SUNDARMHLD,20200528,44.2,44.95,44.2,44.55,7859
SUNDRMBRAK,20200528,165,169.9,165,165.6,262
SUNDRMFAST,20200528,288.65,294.95,287,290.85,41860
SUNFLAG,20200528,29.8,30,28.6,28.8,129204
SUNPHARMA,20200528,453.9,461.65,444.7,459.1,12633089
SUNTECK,20200528,146,158.95,146,156.55,295971
SUNTV,20200528,393,395.75,387.3,389.9,1886532
SUPERHOUSE,20200528,63.25,70.4,62.7,65.9,41783
SUPERSPIN,20200528,3.2,3.4,3.15,3.35,2815
SUPPETRO,20200528,155.25,155.25,150,150.7,10763
SUPRAJIT,20200528,113.2,114.6,112.05,113.4,75755
SUPREMEIND,20200528,969,991.15,969,985.1,18246
SURANASOL,20200528,5.3,5.8,5,5.4,48383
SURANAT&P,20200528,2.95,3.05,2.85,3,7473
SURYALAXMI,20200528,15.9,16,15.25,15.4,4823
SURYAROSNI,20200528,82.5,82.5,80.2,80.75,21557
SUTLEJTEX,20200528,19.3,19.8,18.95,19.55,5924
SUVEN,20200528,36.2,36.3,35,35.35,249875
SUVENPHAR,20200528,322.7,324.95,314.5,316.05,68765
SUZLON,20200528,2.8,2.9,2.8,2.8,7874230
SWANENERGY,20200528,100.65,105,100.1,100.5,106884
SWARAJENG,20200528,1140,1174,1111.15,1119.85,4030
SWELECTES,20200528,79,80.95,77.8,78.1,1769
SWSOLAR,20200528,150,154.9,147,150.05,196317
SYMPHONY,20200528,795,835.9,788,815.8,117179
SYNCOM,20200528,1.55,1.55,1.55,1.55,16365
SYNGENE,20200528,345.6,353.5,340.2,350.2,576737
TAINWALCHM,20200528,36.05,36.8,35.5,35.5,716
TAJGVK,20200528,131.4,139.4,131.15,134.1,268065
TAKE,20200528,54.6,55.6,53.5,53.7,60897
TALBROAUTO,20200528,77.75,86.05,77.7,84.05,39839
TANLA,20200528,66,67.65,65.05,67.35,177608
TARMAT,20200528,19.75,19.75,19.1,19.25,1960
TASTYBITE,20200528,10214,10225,10000,10026.05,628
TATACHEM,20200528,311.95,316.2,301.35,304.1,2471224
TATACOFFEE,20200528,74.45,74.7,73.5,74,264100
TATACOMM,20200528,503,506.55,493.25,500.9,41133
TATACONSUM,20200528,367.95,373.4,366,371.15,3390919
TATAELXSI,20200528,755,763.4,748.65,755.8,283412
TATAINVEST,20200528,693.55,715.7,689.4,706.65,22680
TATAMETALI,20200528,422.85,438.4,420.1,423,21979
TATAMOTORS,20200528,86,88.15,84.55,87,96183461
TATAMTRDVR,20200528,35.6,36.25,35.2,36,3519128
TATAPOWER,20200528,35.95,37.5,35.9,36.9,45715750
TATASTEEL,20200528,291.9,298.6,289.4,295.5,16602462
TATASTLBSL,20200528,17.5,18.2,17.5,18,2624176
TATASTLLP,20200528,231,235,219.15,230.4,45364
TBZ,20200528,20.1,21.8,20.1,20.45,65635
TCI,20200528,150.5,155,145.85,152.5,33469
TCIDEVELOP,20200528,264.15,281.9,263,272,3842
TCIEXP,20200528,575.05,654.85,570.55,626.05,152168
TCIFINANCE,20200528,5,5.25,5,5.25,5612
TCNSBRANDS,20200528,329.6,345.1,324,330.15,395054
TCPLPACK,20200528,236.1,245,230.8,242.45,2409
TCS,20200528,1988.5,2014,1971.3,2004.3,3475788
TDPOWERSYS,20200528,89.7,91.9,86.35,89.85,7368
TEAMLEASE,20200528,1499.95,1504.9,1478,1486.75,4679
TECHIN,20200528,1.8,1.85,1.8,1.85,209
TECHM,20200528,528,531.85,517.15,529.7,3387687
TECHNOE,20200528,186.4,191,186.05,187.7,415
TECHNOFAB,20200528,5,5,4.95,5,6998
TEJASNET,20200528,33.65,33.7,31.3,32.7,83828
TERASOFT,20200528,17.25,17.5,16.9,17.4,7940
TEXINFRA,20200528,34.75,36.15,33.55,35.9,9822
TEXMOPIPES,20200528,10.2,10.2,9.65,10.15,24795
TEXRAIL,20200528,22.4,22.75,22.1,22.55,62824
TFCILTD,20200528,30.85,32.15,30.3,30.8,181107
TGBHOTELS,20200528,2.2,2.2,2.2,2.2,1
THANGAMAYL,20200528,228,240,228,236.2,1534
THEINVEST,20200528,101,102.1,97.1,97.2,5518
THEMISMED,20200528,308,328.9,308,324.65,2284
THERMAX,20200528,725,735,715.4,720.35,56258
THOMASCOOK,20200528,27,28,26.9,28,568260
THOMASCOTT,20200528,4.1,4.1,4.1,4.1,200
THYROCARE,20200528,513,517.9,505.5,513.15,59263
TI,20200528,16.95,17.5,16.4,16.45,130406
TIDEWATER,20200528,3499,3520.05,3450,3482.7,884
TIIL,20200528,192.5,194,180.35,193.8,3296
TIINDIA,20200528,316.5,340.5,316.5,340.45,304149
TIJARIA,20200528,5.4,5.5,5.15,5.4,13255
TIL,20200528,117.05,121.8,116,117.95,2603
TIMESGTY,20200528,18.8,19.95,18.8,18.8,565
TIMETECHNO,20200528,29.15,29.35,27.8,29.05,168274
TIMKEN,20200528,771.75,790,767.7,784.65,13571
TINPLATE,20200528,82.3,84,81.35,82.25,125666
TIPSINDLTD,20200528,109.05,109.7,108.05,109.7,12173
TIRUMALCHM,20200528,40.35,41.5,40.35,40.8,177697
TITAN,20200528,885.85,904.1,875,899.45,3441163
TMRVL,20200528,7.5,7.5,6.8,6.85,187146
TNPETRO,20200528,33,33.05,32.2,32.5,32928
TNPL,20200528,90.7,92.45,90.4,90.85,164880
TOKYOPLAST,20200528,59.95,60.4,59.15,59.8,6092
TORNTPHARM,20200528,2412.9,2422.5,2331.05,2357.95,1371024
TORNTPOWER,20200528,307,310,303,305.35,763842
TOUCHWOOD,20200528,48.5,48.95,45.3,48.8,2521
TPLPLASTEH,20200528,81.2,83.15,77.5,80,1895
TREEHOUSE,20200528,3.85,4,3.85,4,13222
TREJHARA,20200528,5.7,5.7,5.2,5.5,3386
TRENT,20200528,469.95,474.85,457.6,462.75,131364
TRF,20200528,66.8,68.45,66.05,68,8064
TRIDENT,20200528,4.6,4.65,4.55,4.55,5292784
TRIGYN,20200528,29.4,29.55,27.2,29.55,26268
TRIL,20200528,6.45,6.75,6.3,6.6,101104
TRITURBINE,20200528,63.85,63.85,61.55,62,14403
TRIVENI,20200528,41.25,41.25,40.35,40.95,191976
TTKHLTCARE,20200528,393.05,400.05,390.2,396.95,1551
TTKPRESTIG,20200528,4748.55,4799,4741.1,4778.4,1586
TTL,20200528,27.45,27.75,26.8,27.5,999
TTML,20200528,2.5,2.6,2.5,2.6,544311
TV18BRDCST,20200528,21.15,21.8,21.05,21.55,2002746
TVSELECT,20200528,70.05,71.1,69.1,69.65,14082
TVSMOTOR,20200528,325,337.4,323.05,333.1,4800722
TVSSRICHAK,20200528,1378,1448,1320.5,1401.7,100734
TVTODAY,20200528,178.55,178.95,175.05,176.1,20324
TVVISION,20200528,1.15,1.2,1.1,1.15,6643
TWL,20200528,30,30.35,29.5,30,87144
UBL,20200528,926.15,963.9,925,943.1,1078697
UCALFUEL,20200528,93.6,109.7,93.55,103.55,405449
UCOBANK,20200528,11.05,11.2,10.95,11,430731
UFLEX,20200528,174.8,203.85,174.25,187.2,1703620
UFO,20200528,66.05,67.9,65,65.7,59995
UGARSUGAR,20200528,12.9,12.9,12.1,12.2,179935
UJAAS,20200528,3.35,3.5,3.3,3.5,218358
UJJIVAN,20200528,159.95,176.4,159.25,169.3,20485831
UJJIVANSFB,20200528,26.95,28,26.75,27.1,1551029
ULTRACEMCO,20200528,3729,3820,3716.05,3809.2,603416
UMANGDAIRY,20200528,35.9,35.9,33.55,34.8,12135
UMESLTD,20200528,0.8,0.8,0.75,0.75,13067
UNICHEMLAB,20200528,127.5,133,124.1,126.45,33181
UNIENTER,20200528,48,49.1,46.1,48.45,3310
UNIONBANK,20200528,23.3,24,23.3,23.4,2766124
UNIPLY,20200528,6.35,6.35,6.05,6.05,247022
UNITEDTEA,20200528,209.55,216,209.55,215.3,189
UNIVCABLES,20200528,97.85,100,97.85,98.9,16561
UNIVPHOTO,20200528,83.4,94.7,83.4,86.9,2785
UPL,20200528,394.2,398.9,388.2,391.1,9298423
URJA,20200528,2.5,2.5,2.5,2.5,306640
USHAMART,20200528,14.65,14.65,14.25,14.35,157960
UTINEXT50,20200528,238.26,254.9,238.26,251.5,924
UTINIFTETF,20200528,988,1004.27,983.69,999.88,12801
UTISENSETF,20200528,336.5,340,334.04,338.95,1673
UTISXN50,20200528,262,262,244,262,20
UTTAMSTL,20200528,4.6,4.6,4.4,4.4,552611
UTTAMSUGAR,20200528,62.45,62.45,60,60.25,26598
UVSL,20200528,0.2,0.25,0.2,0.25,13030658
V2RETAIL,20200528,51.4,52.95,51,52.15,41209
VADILALIND,20200528,560,560.95,530.1,532.7,4704
VAIBHAVGBL,20200528,1075,1100,1024,1083.55,20788
VAISHALI,20200528,50,50,48,48.7,41446
VAKRANGEE,20200528,26.6,26.85,25.7,26.6,1162161
VARDHACRLC,20200528,27.05,28.1,27,27.1,2212
VARDMNPOLY,20200528,2.85,2.85,2.75,2.8,1853
VARROC,20200528,129.95,130.85,127.05,128.4,278865
VASCONEQ,20200528,7,7.2,6.85,7.1,41408
VASWANI,20200528,2.9,2.9,2.85,2.9,3212
VBL,20200528,597,619.75,596.55,612.1,332957
VEDL,20200528,88.9,90.95,88.05,89.95,22037867
VENKEYS,20200528,989.6,1034.55,976.5,1034.55,57201
VENUSREM,20200528,50.05,55.25,50.05,52.1,46446
VERTOZ,20200528,80,80,74.05,75.25,42387
VESUVIUS,20200528,860.15,900.95,860.15,876.45,1735
VETO,20200528,31.55,32.55,31,31.7,11840
VGUARD,20200528,172.65,178.65,171.2,173.8,1203799
VHL,20200528,980.5,1006.95,980.4,986.6,309
VICEROY,20200528,2.4,2.4,2.4,2.4,31081
VIDHIING,20200528,56.35,62.05,56.35,61.55,76783
VIJIFIN,20200528,0.4,0.4,0.35,0.35,20010
VIKASECO,20200528,3.45,3.45,3.45,3.45,75022
VIKASMCORP,20200528,2.1,2.25,2.05,2.25,488555
VIKASPROP,20200528,3.6,3.6,3.6,3.6,268972
VIKASWSP,20200528,5,5,4.8,4.9,296761
VIMTALABS,20200528,70.5,71.2,68.9,69.6,22936
VINATIORGA,20200528,969,984,953,965.4,35852
VINDHYATEL,20200528,591.8,599.8,577.65,593.6,18004
VINYLINDIA,20200528,118.4,119.8,109.1,117.25,2146319
VIPCLOTHNG,20200528,5.35,5.6,5.35,5.45,26949
VIPIND,20200528,207,212,206.05,210.35,885136
VIPULLTD,20200528,14.9,15.4,14.9,15.3,559
VISAKAIND,20200528,162.75,166.7,161.55,163.55,10016
VISASTEEL,20200528,4.05,4.05,3.85,4.05,23164
VISHAL,20200528,256.2,256.2,250,250,3316
VISHNU,20200528,115.15,116.9,112.25,115.5,2682
VISHWARAJ,20200528,71.7,73,68.5,70.5,21555
VIVIDHA,20200528,0.2,0.2,0.2,0.2,54300
VIVIMEDLAB,20200528,10.1,10.7,10.1,10.35,47859
VLSFINANCE,20200528,34.65,35.2,34.1,35,16483
VMART,20200528,1575.05,1603.75,1565,1592.85,3751
VOLTAMP,20200528,844,850,831.35,837.85,5489
VOLTAS,20200528,471.4,489.85,466,486.8,4568798
VRLLOG,20200528,147.05,151.35,145.05,146.95,47483
VSSL,20200528,44.85,44.9,43.05,44,1107
VSTIND,20200528,3074,3120,3070.15,3084.2,13750
VSTTILLERS,20200528,905,925,888.2,910.5,5675
VTL,20200528,635.9,639,626,635.15,9506
WABAG,20200528,92.45,92.5,90,91.45,157691
WABCOINDIA,20200528,6873.5,6929.95,6841,6917.9,2312
WALCHANNAG,20200528,35.3,37.5,35.3,36.35,53127
WANBURY,20200528,20.8,20.9,20.1,20.9,3068
WATERBASE,20200528,89.85,92.35,89.3,90.1,297408
WEBELSOLAR,20200528,14.2,14.9,14.2,14.3,10651
WEIZMANIND,20200528,22.4,23.35,22.4,22.9,2984
WELCORP,20200528,56,58.55,55.8,58.45,2134850
WELENT,20200528,58.9,58.9,56,57.2,94165
WELINV,20200528,155.1,162.05,155.1,162.05,60
WELSPUNIND,20200528,29.7,29.75,28.65,29.7,790597
WENDT,20200528,2041.65,2094.4,1934.95,1984.95,885
WESTLIFE,20200528,277.6,291.85,277,286.45,152739
WHEELS,20200528,380.35,397.8,380.35,392.8,3292
WHIRLPOOL,20200528,1904.8,1978,1890.1,1948.55,71648
WILLAMAGOR,20200528,13.65,13.75,13.3,13.65,3519
WINDMACHIN,20200528,12.95,13.05,12.2,12.9,8446
WIPRO,20200528,203.5,203.5,196.05,199.35,12347801
WOCKPHARMA,20200528,226,228,224.2,226.1,186198
WONDERLA,20200528,115,129.9,115,127.5,582634
WSI,20200528,1,1,0.95,0.95,4501
WSTCSTPAPR,20200528,125.3,131.55,125.3,128,27324
XCHANGING,20200528,44.15,44.15,41.65,42.4,135533
XELPMOC,20200528,41.05,44,41,43.1,1330
XPROINDIA,20200528,16.2,18.5,14.5,15.95,14655
YESBANK,20200528,27.85,28.8,26.85,27,27673481
ZEEL,20200528,164.4,189.05,163.3,180.7,71029787
ZEELEARN,20200528,12.05,12.2,11.9,12.05,354775
ZEEMEDIA,20200528,5.2,5.45,5.1,5.3,595333
ZENITHBIR,20200528,0.45,0.45,0.4,0.45,80288
ZENITHEXPO,20200528,36.95,37,35.2,36.95,791
ZENSARTECH,20200528,91.75,93,87.5,89.8,314271
ZENTEC,20200528,36.4,38.2,36.05,37.65,69252
ZICOM,20200528,1.3,1.3,1.25,1.3,8310
ZODIACLOTH,20200528,97,104,95.8,102.85,3835
ZODJRDMKJ,20200528,22.5,22.6,22.5,22.55,321
ZOTA,20200528,142.25,142.5,135.25,138.5,8701
ZUARI,20200528,79,83.1,79,82.5,8346
ZUARIGLOB,20200528,37.5,38.3,36.15,37.4,20116
ZYDUSWELL,20200528,1238,1261,1206.95,1243.55,18994
NSENIFTY,20200528,9364.95,9511.25,9336.50,9490.10,837911425,0
NIFTYJUNIOR,20200528,23163.25,23539.95,23114.50,23496.50,859848421,0
NIFTYMIDCAPLIQ15,20200528,3079.80,3122.15,3069.60,3116.30,157397233,0
NSE100,20200528,9519.70,9669.05,9492.75,9648.20,1701278974,0
NIFTY200,20200528,4842.75,4917.00,4830.05,4907.15,2287717755,0
NSE500,20200528,7635.00,7746.40,7616.80,7732.25,2575437304,0
NSEMIDCAP150,20200528,4946.20,4997.55,4940.95,4991.00,595945552,0
MIDCAP50,20200528,3619.60,3669.95,3610.85,3663.20,543247613,0
NSEMIDCAP,20200528,12980.15,13146.95,12959.85,13129.95,586438781,0
NSESMLCAP100,20200528,3937.95,3980.50,3936.80,3968.50,-,0
NIFTYLARGEMIDCAP250,20200528,-,-,-,4769.29,2297224526,0
NIFTYAUTO,20200528,5922.15,6131.35,5876.40,6112.30,249406477,0
BANKNIFTY,20200528,18924.45,19455.55,18818.95,19169.80,561124154,0
NIFTYFINSERVICE,20200528,9274.25,9521.70,9246.35,9426.65,356977908,0
NIFTYFMGC,20200528,28223.10,28524.25,28096.75,28451.60,63838520,0
NSEIT,20200528,13964.90,14068.30,13759.15,14028.60,41069796,0
NIFTYMEDIA,20200528,1141.65,1191.95,1140.90,1178.35,82476117,0
NIFTYMETAL,20200528,1813.70,1852.75,1804.10,1844.50,160808814,0
NIFTYPHARMA,20200528,9488.95,9507.55,9362.05,9464.50,39314551,0
NIFTYPVTBANK,20200528,10344.60,10658.00,10291.20,10505.40,392163277,0
NIFTYPSUBANK,20200528,1131.60,1150.95,1118.05,1122.95,194217734,0
NIFTYREALTY,20200528,169.05,173.45,168.95,172.70,18948482,0
NIFTYCOMMODITIES,20200528,2648.05,2677.60,2641.75,2675.70,298038960,0
NIFTYCONSUMPTION,20200528,4460.45,4541.05,4440.35,4531.75,239538285,0
NIFTYCPSE,20200528,1350.90,1371.30,1344.90,1368.50,92281250,0
NIFTYENERGY,20200528,12783.50,12871.60,12747.10,12845.00,146569980,0
NIFTY100ESG,20200528,-,-,-,1848.25,1497229286,0
NIFTY100ENHESG,20200528,-,-,-,1858.73,1470299982,0
NIFTYINFRA,20200528,2771.55,2818.45,2768.20,2815.10,256459811,0
NIFTYMNC,20200528,12064.15,12251.75,12035.80,12238.90,588494872,0
NIFTYPSE,20200528,2280.75,2297.95,2270.40,2295.00,275390276,0
NIFTYSMEEMERGE,20200528,-,-,-,1103.00,522420,0
NIFTYSERVSECTOR,20200528,12372.55,12566.90,12330.15,12521.60,649617576,0
NIFTYSHARIAH25,20200528,-,-,-,3967.22,182264619,0
NIFTY50SHARIAH,20200528,-,-,-,2318.97,120941459,0
NIFTY500SHARIAH,20200528,-,-,-,2718.54,507735592,0
NIFTYABGROUP,20200528,-,-,-,2340.77,533803986,0
NIFTYMAHINDRA,20200528,-,-,-,6957.52,21554739,0
NIFTYTATA,20200528,-,-,-,6022.22,183810157,0
NIFTYTATA25CAP,20200528,-,-,-,3739.48,178201632,0
NIFTYABGROUP,20200528,-,-,-,2340.77,533803986,0
NIFTYLIQ15,20200528,2316.30,2350.30,2305.05,2335.25,442875380,0
NIFTY500VALUE50,20200528,-,-,-,2570.84,454921590,0
NIFTYALPHALOWVOL30,20200528,-,-,-,10291.04,336221462,0
NIFTYQUALLOWVOL30,20200528,-,-,-,7506.64,162376299,0
NIFTYALPHAQUALLOWVOL30,20200528,-,-,-,8549.59,205563858,0
NIFTYALPHAQUALVALLOWVOL30,20200528,-,-,-,6597.28,220680041,0
NIFTY50EQUALWEIGHT,20200528,9754.60,9908.20,9712.50,9887.50,837911425,0
NIFTY100EQUALWEIGHT,20200528,10584.35,10742.70,10550.20,10724.75,1701278974,0
NIFTY100LOWVOL30,20200528,7771.85,7900.30,7733.75,7881.85,230670263,0
NSEDEFTY,20200528,-,-,-,4340.83,-,0
NIFTY50DIVPOINT,20200528,1.83,1.83,1.83,1.83,-,0
NIFTYDIVOPPS50,20200528,2077.15,2093.30,2065.40,2090.25,354198276,0
NIFTYALPHA50,20200528,11409.20,11545.50,11400.25,11512.25,259422027,0
NIFTY50ARBITRAGE,20200528,-,-,-,1907.53,-,0
NIFTY50FUTINDEX,20200528,-,-,-,3147.04,-,0
NIFTY50FUTTRINDEX,20200528,-,-,-,9643.87,-,0
NIFTYHIGHBETA50,20200528,-,-,-,830.93,1562983037,0
NIFTYLOWVOL50,20200528,-,-,-,9701.08,238887139,0
NIFTY50VALUE20,20200528,4715.35,4748.25,4676.95,4737.90,278288332,0
NIFTYGROWSECT15,20200528,4670.80,4750.85,4644.60,4731.25,264888202,0
NIFTY50TR2XLEV,20200528,3695.25,3808.75,3674.85,3793.50,-,0
NIFTY50PR2XLEV,20200528,2821.85,2908.50,2806.25,2896.85,-,0
NIFTY50TR1XINV,20200528,409.50,410.65,403.10,404.00,-,0
NIFTY50PR1XINV,20200528,468.30,469.65,461.00,462.00,-,0
NIFTY-GS-COMPSITE,20200528,2214.31,2214.64,2213.41,2214.12,-,0
NIFTY-GS-4-8YR,20200528,2306.89,2306.90,2305.97,2306.27,-,0
NIFTY-GS-8-13YR,20200528,2176.96,2177.53,2175.93,2176.96,-,0
NIFTY-GS-10YR,20200528,1993.70,1994.28,1992.75,1992.94,-,0
NIFTY-GS-10YR-CLN,20200528,982.24,982.53,981.77,981.87,-,0
NIFTY-GS-11-15YR,20200528,2352.75,2354.22,2351.68,2353.86,-,0
NIFTY-GS-15YRPLUS,20200528,2562.78,2566.46,2561.10,2564.54,-,0
VIX,20200528,31.27,31.27,29.20,30.02,0,0
