20MICRONS,20200709,32.3,32.75,31.65,32,38573
21STCENMGM,20200709,11.1,11.3,11.1,11.1,764
3IINFOTECH,20200709,2.8,2.8,2.7,2.75,4490936
3MINDIA,20200709,19351.7,19600,19046.05,19498.95,4443
5PAISA,20200709,248.35,260.75,244,256,128413
63MOONS,20200709,72,75.95,72,75.95,35435
A2ZINFRA,20200709,4.95,5.05,4.8,5.05,552255
AARTIDRUGS,20200709,1377,1390,1357.95,1382.6,81843
AARTIIND,20200709,945,955,945,950.75,196507
AARVEEDEN,20200709,12,12,11.1,11.45,8597
AARVI,20200709,34.75,36,34.75,35,5669
AAVAS,20200709,1345,1363.55,1331,1337.2,12692
ABAN,20200709,28,28.75,27,27.5,121729
ABB,20200709,947,955,926.05,928.5,124766
ABBOTINDIA,20200709,15690,15732.65,15531.15,15548.7,10453
ABCAPITAL,20200709,64.6,65.25,63.75,64.15,1436272
ABFRL,20200709,122.75,124.95,122.25,123.8,1709099
ABFRL-RE,20200709,32.2,32.2,22.5,23.15,1836794
ABSLBANETF,20200709,225.99,226,218.37,222,70
ABSLNN50ET,20200709,275.99,275.99,275.99,275.99,5
ACC,20200709,1319,1333.75,1306.3,1322.9,1366297
ACCELYA,20200709,928.95,948.2,928.95,943.4,31735
ACE,20200709,62.95,65.4,62.55,63.5,607573
ADANIENT,20200709,163,165.1,161.45,162.75,1711099
ADANIGAS,20200709,155,157.65,154.15,154.55,847550
ADANIGREEN,20200709,385,393,373.45,373.6,2630050
ADANIPORTS,20200709,341,346.5,340,343.15,3635224
ADANIPOWER,20200709,35.95,35.95,35.5,35.55,2214256
ADANITRANS,20200709,251.2,251.2,240,244.8,431819
ADFFOODS,20200709,303,305.85,290.05,299.5,33099
ADHUNIKIND,20200709,22.3,23.4,22.3,22.7,29731
ADORWELD,20200709,266.5,275.15,263.65,265.9,18019
ADROITINFO,20200709,8.4,8.4,8.1,8.35,10507
ADSL,20200709,16.55,16.7,16.3,16.55,13925
ADVANIHOTR,20200709,46.1,47.05,45.05,46,2605
ADVENZYMES,20200709,171.05,172.55,166.75,167.15,83796
AEGISCHEM,20200709,179.65,187.9,179,180.1,482070
AFFLE,20200709,1848,1852.7,1801.1,1852.7,69929
AGARIND,20200709,87.8,89.95,86.2,88.2,26552
AGCNET,20200709,293.05,304.4,285,300.15,7303
AGRITECH,20200709,32.3,33.5,31.05,31.35,10074
AGROPHOS,20200709,13.85,14.5,13.8,13.85,44516
AHLEAST,20200709,148.3,148.3,138.1,144.7,1255
AHLUCONT,20200709,219.4,227.1,213.55,215.6,7847
AHLWEST,20200709,286.2,286.2,264.05,265.4,3195
AIAENG,20200709,1658.5,1658.5,1619,1628.75,40378
AIONJSW,20200709,13.75,14.05,13.75,13.85,55312
AIRAN,20200709,12.5,13,12.5,12.6,26280
AJANTPHARM,20200709,1427,1457,1415.35,1443.75,116364
AJMERA,20200709,87.9,87.9,85,85.5,176162
AKASH,20200709,108,113.8,108,113.8,1677
AKSHARCHEM,20200709,231.05,231.95,221.2,222.1,28963
AKSHOPTFBR,20200709,5.2,5.2,5.2,5.2,108186
AKZOINDIA,20200709,1850,1866,1835,1851.2,3750
ALANKIT,20200709,16.75,17.2,16.25,17,144720
ALBERTDAVD,20200709,406.95,415.9,401.55,410.5,19639
ALCHEM,20200709,5.65,5.65,5.2,5.2,83346
ALEMBICLTD,20200709,80,83.25,79.5,81.4,1081763
ALICON,20200709,277.05,279.95,276.4,279.75,2553
ALKALI,20200709,47.3,49.45,46.9,47.65,9539
ALKEM,20200709,2450,2465.8,2393,2423.05,191260
ALKYLAMINE,20200709,2313.25,2420,2301.75,2401.25,111547
ALLCARGO,20200709,94.4,95.9,93,93.15,120486
ALLSEC,20200709,183.55,197,183.55,185.35,3649
ALMONDZ,20200709,11.45,11.65,10.8,11.25,5441
ALOKINDS,20200709,43.25,43.25,43.25,43.25,1498974
ALPA,20200709,20.75,21.4,20.2,20.35,53616
ALPHAGEO,20200709,187.65,187.65,183,184.3,21352
ALPSINDUS,20200709,1.35,1.35,1.35,1.35,17121
AMARAJABAT,20200709,697,703.9,692.55,698.05,355422
AMBER,20200709,1516,1590,1516,1559.95,96980
AMBIKCO,20200709,673.2,675,670,674.2,5166
AMBUJACEM,20200709,196.4,202.9,195.6,202,8857515
AMDIND,20200709,15.25,15.25,14.55,15,4776
AMJLAND,20200709,19.75,20.9,19.75,20.1,47112
AMRUTANJAN,20200709,357.5,362,355,359.5,58672
ANANTRAJ,20200709,23.9,23.9,23,23.15,95609
ANDHRACEMT,20200709,7.25,7.25,7.25,7.25,54264
ANDHRAPAP,20200709,226.85,243.9,226.35,233.8,493909
ANDHRSUGAR,20200709,256,263.4,256,261.05,69321
ANIKINDS,20200709,15.5,15.95,15.5,15.55,83701
ANKITMETAL,20200709,0.7,0.7,0.65,0.65,4116
ANSALAPI,20200709,4.05,4.25,4.05,4.25,155646
ANSALHSG,20200709,4.1,4.15,4,4.05,35949
ANUP,20200709,470,482,455.95,469.45,29488
APARINDS,20200709,337.5,341.85,331.1,336.4,29726
APCL,20200709,132.8,136.8,128.65,136.3,14230
APCOTEXIND,20200709,136.85,136.85,131.1,131.9,45354
APEX,20200709,234,238.8,231.05,233.8,171856
APLAPOLLO,20200709,1719,1743.75,1708.05,1722.25,16764
APLLTD,20200709,933,959,928.85,933.65,334954
APOLLO,20200709,107.55,107.55,105.3,106.35,52533
APOLLOHOSP,20200709,1405,1418,1390.35,1404,534663
APOLLOPIPE,20200709,321.4,325,316.2,323.6,17513
APOLLOTYRE,20200709,116.5,117,114.15,115.4,4655682
APOLSINHOT,20200709,470,471.6,450,456.1,1068
APTECHT,20200709,105.5,108.7,104.35,105.7,247014
ARCHIDPLY,20200709,27.95,32.7,25.8,30.2,953011
ARCHIES,20200709,12.65,13,12.6,12.95,41483
ARCOTECH,20200709,3.35,3.35,3.35,3.35,14898
ARENTERP,20200709,11.15,11.15,10.2,10.7,1657
ARIES,20200709,64.4,65.05,63.1,63.7,17527
ARIHANT,20200709,16.35,16.55,15.6,15.7,3636
ARIHANTSUP,20200709,26.05,27.3,26,26.5,9685
ARMANFIN,20200709,554.75,554.95,538.25,551.8,39953
AROGRANITE,20200709,25.55,27.15,25.15,25.5,8374
ARROWGREEN,20200709,45.6,48.35,45.6,46.5,1972
ARSHIYA,20200709,10.3,10.75,9.8,10,26399
ARSSINFRA,20200709,15.2,15.2,14.55,14.75,8322
ARTEMISMED,20200709,181,187.95,179.95,183.35,2343
ARVIND,20200709,33.5,36.6,33.1,35.75,10246057
ARVINDF-RE,20200709,49.65,59,47.2,54.85,1181264
ARVINDFASN,20200709,172.75,178.1,162.15,170,1127776
ARVSMART,20200709,85,91,82.6,85.7,654234
ASAHIINDIA,20200709,174.2,174.45,172.3,173.5,16795
ASAHISONG,20200709,153.8,153.8,146.8,149.65,14677
ASAL,20200709,20.65,20.65,19.55,20.15,13575
ASALCBR,20200709,253.05,259.8,253.05,255.5,32976
ASHAPURMIN,20200709,43.3,46.9,43.3,44.8,21620
ASHIANA,20200709,72,73.55,67.5,68,69360
ASHIMASYN,20200709,5.9,6,5.65,5.85,15289
ASHOKA,20200709,64.55,65.75,64.3,64.45,1206076
ASHOKLEY,20200709,52.5,52.7,51.75,52.15,23041532
ASIANHOTNR,20200709,61.9,61.9,57.05,57.4,27453
ASIANPAINT,20200709,1694,1722,1692.1,1717.25,1904670
ASIANTILES,20200709,209,211.3,207.05,209.3,20795
ASPINWALL,20200709,129.4,130.6,116.2,129.4,10103
ASTEC,20200709,915,979.4,884,968.2,544730
ASTERDM,20200709,123.2,124.7,122.55,123.05,82768
ASTRAL,20200709,973,977.35,955,958.65,40419
ASTRAMICRO,20200709,117.6,119.45,115.35,117.3,1317079
ASTRAZEN,20200709,3475,3514.35,3447.25,3471.25,20586
ASTRON,20200709,38.85,39.1,38.2,38.45,37005
ATFL,20200709,543.95,548.85,531.45,534.5,6957
ATLANTA,20200709,9.35,10.25,9.35,10.2,95119
ATLASCYCLE,20200709,57.4,57.4,55.7,57.4,10664
ATUL,20200709,4695,4725,4612.25,4701.8,22591
ATULAUTO,20200709,163.95,169.35,163.95,166.85,71451
AUBANK,20200709,634.9,655,615,623.15,856890
AURIONPRO,20200709,47.7,48.7,46.5,46.75,13331
AUROPHARMA,20200709,809,822,801.05,812.9,5298020
AUSOMENT,20200709,30.35,31.5,30.25,30.3,9156
AUTOAXLES,20200709,579.95,587,579.95,581.7,5064
AUTOIND,20200709,19,19.3,18.4,19.2,12797
AUTOLITIND,20200709,16.8,16.8,16.1,16.45,4893
AVADHSUGAR,20200709,188.35,189.9,185.35,186.35,30248
AVANTIFEED,20200709,480.85,484.7,475,481.95,435522
AVTNPL,20200709,37.7,41,37.65,39.35,466398
AXISBANK,20200709,447.85,457,446.05,453.75,29162682
AXISCADES,20200709,70.4,71.45,65.05,68.25,369276
AXISGOLD,20200709,4294.35,4300,4258,4297.7,1193
AXISNIFTY,20200709,1155,1155,1135.4,1146.48,49
AYMSYNTEX,20200709,24.25,24.45,23.65,23.7,10527
BAGFILMS,20200709,2.75,2.95,2.75,2.85,152984
BAJAJ-AUTO,20200709,2878,2895,2840.2,2882,700527
BAJAJCON,20200709,146.9,146.9,144.6,144.9,311446
BAJAJELEC,20200709,394,408.75,393,406.85,457456
BAJAJFINSV,20200709,6430.5,6638,6375,6569.2,1322799
BAJAJHIND,20200709,6.55,6.65,6.4,6.45,3544243
BAJAJHLDNG,20200709,2819,2839,2745.15,2772.15,82911
BAJFINANCE,20200709,3235,3379.9,3195.1,3330,18758148
BALAJITELE,20200709,78.25,81.7,78.25,78.7,91220
BALAMINES,20200709,567.95,604.3,557,592.4,935513
BALAXI,20200709,127.9,127.9,123.65,125.9,908
BALKRISHNA,20200709,13.75,15,13.7,14.15,10390
BALKRISIND,20200709,1255,1277.4,1250.1,1267.4,576579
BALLARPUR,20200709,1.7,1.7,1.65,1.7,3022198
BALMLAWRIE,20200709,113.7,113.8,111.9,112.15,207078
BALPHARMA,20200709,42.15,43.35,41.5,41.85,11105
BALRAMCHIN,20200709,130.3,131.5,127.5,127.9,1740809
BANARBEADS,20200709,42.55,42.55,40.55,41.3,11641
BANARISUG,20200709,1060,1099,1045,1075.1,1740
BANCOINDIA,20200709,85.7,87.7,85.05,85.5,191266
BANDHANBNK,20200709,383.7,385,375.1,381.1,12694062
BANG,20200709,18.5,19.95,18.5,19.3,3280
BANKBARODA,20200709,53,53.5,51.9,52.8,37524641
BANKBEES,20200709,230,231.85,227.9,231.09,1204795
BANKINDIA,20200709,50.05,50.9,49.7,50.1,2847686
BANSWRAS,20200709,76,76.5,74.15,74.35,13540
BASF,20200709,1249.3,1261,1214.45,1221.2,34822
BASML,20200709,94.55,98.75,94.55,97.65,2172
BATAINDIA,20200709,1306.95,1306.95,1270,1287.8,1310570
BAYERCROP,20200709,5908.45,5950,5770.05,5793.85,18098
BBL,20200709,814.9,814.9,798,802.75,7711
BBTC,20200709,1130.05,1145,1076,1127.05,164893
BCG,20200709,7.95,8.4,7.7,8.35,1321567
BCP,20200709,4.8,4.9,4.8,4.9,929095
BDL,20200709,396,405,378.5,383.45,2361688
BEARDSELL,20200709,8.2,8.4,7.65,8.4,9808
BEDMUTHA,20200709,14.6,15.05,14.6,14.9,1025
BEL,20200709,102.6,102.95,99.5,99.85,18110460
BEML,20200709,644.7,648.8,635.1,639.8,437695
BEPL,20200709,49.95,51.25,49.7,50.6,523057
BERGEPAINT,20200709,499.35,506.6,496.35,504.45,889825
BFINVEST,20200709,300.4,303,297.5,298.6,16807
BFUTILITIE,20200709,200.65,203.5,199.2,200.15,102591
BGRENERGY,20200709,52.25,56,51.05,52.35,1106250
BHAGERIA,20200709,116.6,119.95,116.6,117.85,36693
BHAGYANGR,20200709,17.1,17.15,16.6,16.85,18098
BHAGYAPROP,20200709,22.25,23.25,21.5,22.15,29227
BHANDARI,20200709,1.4,1.5,1.4,1.5,970607
BHARATFORG,20200709,364.15,371.9,363.2,369.75,2555821
BHARATGEAR,20200709,43.15,43.75,42.6,43.45,8611
BHARATRAS,20200709,8900,9350,8602,9278.55,33221
BHARATWIRE,20200709,23.1,23.2,22.6,23.05,8840
BHARTIARTL,20200709,564,570.25,560.3,568.65,8452964
BHEL,20200709,41.8,43.1,41.25,42.05,58895482
BIGBLOC,20200709,29.85,31.25,29.6,30.35,5458
BIL,20200709,140.5,145,139.1,142.95,4148
BILENERGY,20200709,1,1.1,1,1.1,5373286
BINDALAGRO,20200709,12.4,12.55,12.15,12.25,13638
BIOCON,20200709,395.95,407.8,395.3,405.95,4085452
BIOFILCHEM,20200709,13.65,13.65,12.75,13,11638
BIRLACABLE,20200709,52.9,55,51.05,52.85,212119
BIRLACORPN,20200709,594.6,606.2,592.95,597.2,213551
BIRLAMONEY,20200709,35.5,35.85,35.2,35.5,99134
BIRLATYRE,20200709,39.25,39.25,39.25,39.25,54862
BKMINDST,20200709,1.35,1.35,1.35,1.35,2166
BLBLIMITED,20200709,5.6,5.95,5.6,5.7,4636
BLISSGVS,20200709,99.1,103.95,99.1,103.2,671283
BLKASHYAP,20200709,5.4,5.4,5.2,5.3,194987
BLS,20200709,62,63.6,62,62.25,18256
BLUEDART,20200709,2010.05,2034.2,2008.25,2026.2,5029
BLUESTARCO,20200709,492,492.25,485.15,490.1,43225
BODALCHEM,20200709,67.6,68.5,65.75,66.1,733203
BOMDYEING,20200709,77.5,78.8,75.8,76.35,2440336
BORORENEW,20200709,92.95,92.95,92.95,92.95,30971
BOSCHLTD,20200709,13600,13738.7,13284.3,13411.1,77152
BPCL,20200709,381.5,381.8,373.1,376.75,2851027
BPL,20200709,18.2,19.4,18.2,19.05,48572
BRFL,20200709,7.15,7.15,7.15,7.15,27778
BRIGADE,20200709,144.8,144.8,141.15,142.25,278097
BRITANNIA,20200709,3690,3699,3650,3673.6,397351
BRNL,20200709,37.35,37.6,36.8,37.4,22120
BROOKS,20200709,28.95,29.9,28,29.75,27482
BSE,20200709,500,529.95,496,523.6,812615
BSELINFRA,20200709,1.2,1.2,1.2,1.2,3308
BSL,20200709,25.5,25.5,24.1,24.6,5979
BSLGOLDETF,20200709,4490,4899.8,4490,4643.85,1347
BSLNIFTY,20200709,115.58,119.25,115.58,118.53,75
BSOFT,20200709,99,104.7,98.35,101.85,2962969
BURNPUR,20200709,2,2,2,2,11000
BUTTERFLY,20200709,128.3,130.75,127.5,128.35,37632
BVCL,20200709,12.85,13.8,12.85,13.1,7522
BYKE,20200709,16.25,17,16.1,16.45,135027
CADILAHC,20200709,361.1,362.95,355.3,356.05,2714917
CALSOFT,20200709,9.35,9.35,8.5,8.95,53667
CAMLINFINE,20200709,59.25,60.15,58.7,59.4,416704
CANBK,20200709,109.75,111.3,106.35,108.65,23048126
CANFINHOME,20200709,366.4,377.75,365.2,367,400620
CANTABIL,20200709,290,301.45,287.7,294.6,79512
CAPACITE,20200709,113,113.9,111.25,111.5,44253
CAPLIPOINT,20200709,350.2,355.5,346.25,347.55,248739
CAPTRUST,20200709,79.4,82.9,78.65,80,1925
CARBORUNIV,20200709,260,270,247.5,250.4,681086
CAREERP,20200709,143.85,143.95,141.45,142.2,13692
CARERATING,20200709,427.95,432.95,422.5,423.55,27289
CASTROLIND,20200709,125.25,125.8,121.6,121.95,858275
CCHHL,20200709,3.35,3.6,3.3,3.55,98799
CCL,20200709,248,253,247.6,249.55,93158
CDSL,20200709,298.8,305,295,297.9,617415
CEATLTD,20200709,912,914.95,897,904.45,108802
CEBBCO,20200709,14.15,14.75,13.6,14,27822
CELEBRITY,20200709,5.25,5.25,4.9,4.95,14735
CENTENKA,20200709,185.9,188.4,184.4,186.1,52363
CENTEXT,20200709,5.2,5.2,4.85,4.85,248164
CENTRALBK,20200709,17.8,18,17.6,17.75,1423370
CENTRUM,20200709,16.95,17.7,16.25,16.45,221808
CENTUM,20200709,326.05,331.5,311.5,317.95,6992
CENTURYPLY,20200709,143.6,143.95,134.2,136,1407844
CENTURYTEX,20200709,312.45,323.2,308.55,321.35,3699767
CERA,20200709,2226.95,2226.95,2210,2212.9,1375
CEREBRAINT,20200709,28.7,29.45,27.65,28.3,133343
CESC,20200709,670.75,679,642.5,653.1,860014
CESCVENT,20200709,176.9,177.55,169.15,170.55,45421
CGCL,20200709,171.55,176.2,171.55,172.05,139950
CGPOWER,20200709,9.75,10.25,9.75,9.75,3805786
CHALET,20200709,146.8,146.8,138.95,139.85,147138
CHAMBLFERT,20200709,153.55,154.3,151.05,152.55,432619
CHEMBOND,20200709,140.1,142,135.6,136.7,14919
CHEMFAB,20200709,153.8,155,146.8,150.45,39397
CHENNPETRO,20200709,82.35,83.6,80.15,81.75,768315
CHOLAFIN,20200709,208.85,211.2,204.7,208.9,8810982
CHOLAHLDNG,20200709,326,332.95,320.05,330.1,26825
CHROMATIC,20200709,1,1,1,1,1102
CIGNITITEC,20200709,269.85,269.95,264.85,265.15,8856
CIMMCO,20200709,21.95,22.4,21.2,21.3,127184
CINELINE,20200709,24.6,25.75,24.2,24.85,8547
CINEVISTA,20200709,6.65,6.9,6.4,6.5,12435
CIPLA,20200709,643.95,643.95,636.25,639.05,4354463
CLEDUCATE,20200709,40,40.85,38,38.45,35385
CLNINDIA,20200709,483.95,483.95,466.6,479.05,123978
CMICABLES,20200709,33.95,33.95,33,33.7,42742
CNOVAPETRO,20200709,7.15,7.5,6.8,6.85,3959
COALINDIA,20200709,133.5,135.3,129.1,130.4,19348275
COCHINSHIP,20200709,320,336.3,318.45,329.3,1666567
COLPAL,20200709,1394.5,1400,1372,1381.25,606788
COMPINFO,20200709,12.3,12.55,12.15,12.25,87189
COMPUSOFT,20200709,8.3,8.4,8.1,8.25,31425
CONCOR,20200709,438.8,443,425.1,428.1,1590316
CONFIPET,20200709,20.65,20.95,20.4,20.55,121379
CONSOFINVT,20200709,31,31,29.3,29.3,3109
CONTROLPR,20200709,215.05,216.9,210.35,212.9,10715
CORALFINAC,20200709,21,21,21,21,4051
CORDSCABLE,20200709,37.55,37.85,36.6,36.8,17663
COROMANDEL,20200709,746,761.85,746,756.8,233654
COSMOFILMS,20200709,323,325.45,317.6,322.2,192764
COUNCODOS,20200709,1.4,1.4,1.4,1.4,3470
CPSEETF,20200709,17.95,17.95,17.54,17.58,840296
CREATIVE,20200709,72.25,72.55,69.1,69.8,20177
CREDITACC,20200709,650.25,650.25,598,604.15,460878
CREST,20200709,68,68,66,66.45,8202
CRISIL,20200709,1731.55,1794.45,1731.55,1767.35,32057
CROMPTON,20200709,241,250.2,237.05,247,1028151
CSBBANK,20200709,188.9,192,188.5,191.25,261734
CTE,20200709,19.9,20.95,19.9,20.1,7592
CUB,20200709,135.4,139.5,135,138.4,3659028
CUBEXTUB,20200709,12.2,12.3,11.4,12.3,24733
CUMMINSIND,20200709,411.2,415.7,399.3,400.4,1607996
CUPID,20200709,212.75,215.7,209.05,210.5,69591
CYBERTECH,20200709,42.75,43.95,42.2,42.5,12124
CYIENT,20200709,261.95,263.2,254.4,256.05,526285
DAAWAT,20200709,45.05,46.7,44.8,46,2755061
DABUR,20200709,466,477,466,473.05,1944233
DALBHARAT,20200709,702.1,710,696,698.7,86971
DALMIASUG,20200709,112.7,112.7,110.6,111,78883
DAMODARIND,20200709,27.9,29.7,26.3,26.5,8396
DATAMATICS,20200709,48.85,50.1,47.45,48.85,42174
DBCORP,20200709,78.75,87,78.75,85.6,2845550
DBL,20200709,288.65,294.9,287,288.85,264989
DBREALTY,20200709,6.9,7,6.8,6.9,173921
DBSTOCKBRO,20200709,10,10.15,9.35,10.15,319
DCAL,20200709,135,148.05,135,147.5,1154578
DCBBANK,20200709,85.25,86.45,84.1,85.9,2193890
DCM,20200709,18.6,20.15,18.6,19.95,28058
DCMFINSERV,20200709,1.15,1.15,1.15,1.15,1200
DCMNVL,20200709,29.55,30.85,28.95,30.15,15948
DCMSHRIRAM,20200709,315.25,318.7,311,312.95,56881
DCW,20200709,12.65,12.8,12.35,12.4,451981
DECCANCE,20200709,296,296,290,292.4,32884
DEEPAKFERT,20200709,120.7,121.8,118.8,119.6,607300
DEEPAKNTR,20200709,515,534.8,515,531.3,1020083
DEEPIND,20200709,80.35,81.95,79.4,80.1,38770
DELTACORP,20200709,92.35,95,92,93.25,1031896
DELTAMAGNT,20200709,22.8,24.05,22.8,23.25,6506
DEN,20200709,74.1,74.1,70.1,71.95,101423
DENORA,20200709,239,239,223.85,227.65,783
DFMFOODS,20200709,189,192.4,183,185,58149
DGCONTENT,20200709,8.65,8.65,7.95,7.95,28088
DHAMPURSUG,20200709,133.7,135.2,132.2,133.4,1638217
DHANBANK,20200709,14.15,14.55,14,14.05,451026
DHANUKA,20200709,738,773,730,750.65,212874
DHFL,20200709,15.65,15.95,15.6,15.65,701835
DHUNINV,20200709,243.55,243.55,225,227.95,25601
DIAMONDYD,20200709,585,595,583,584.7,30976
DICIND,20200709,320.15,331,319.95,326.6,2945
DIGISPICE,20200709,6.7,6.7,6.4,6.6,18970
DISHTV,20200709,8.1,8.25,7.95,8.1,4875675
DIVISLAB,20200709,2171,2193.85,2153,2176.35,819363
DIXON,20200709,6120,6336,6052,6220.55,59652
DLF,20200709,148.9,151,144.6,146,19957900
DLINKINDIA,20200709,88.95,90.25,88.2,89.65,82326
DMART,20200709,2329.7,2364,2309,2320.35,266580
DOLAT,20200709,47.35,49.4,46.55,47.55,40538
DOLLAR,20200709,131.25,132.75,130.2,130.55,31442
DONEAR,20200709,29,29.3,28.15,28.6,32787
DPSCLTD,20200709,9.05,9.15,8.95,8.95,12753
DPWIRES,20200709,53.4,56,53.4,55.9,519
DQE,20200709,1.65,1.65,1.65,1.65,18946
DREDGECORP,20200709,277.6,282,275.25,278.3,182437
DRREDDY,20200709,3905,3917,3854.05,3896.6,491243
DSSL,20200709,22.6,22.6,21.1,21.55,4831
DTIL,20200709,182.1,190,169.3,172.25,43408
DUCON,20200709,4,4,3.85,3.85,71593
DVL,20200709,58.45,58.45,56.35,56.55,22050
DWARKESH,20200709,24.5,24.95,24.35,24.5,517711
DYNAMATECH,20200709,577.95,592.4,560.85,584.6,6345
DYNPRO,20200709,160,166,157.15,162.4,40930
EASTSILK,20200709,1.1,1.1,1.1,1.1,4330
EBANK,20200709,2380.33,2380.33,2277.12,2277.12,3
EBBETF0423,20200709,1076.95,1077.47,1075.51,1076.53,8628
EBBETF0430,20200709,1097.15,1099.84,1097.1,1099.65,14853
EBIXFOREX,20200709,409.95,410,385,399.95,3342
ECLERX,20200709,464.9,484,460,479.5,351981
EDELWEISS,20200709,57.5,58.7,54.8,55.25,1797579
EICHERMOT,20200709,19570,19650,19298.65,19483.25,274201
EIDPARRY,20200709,261,271.9,260,269.8,767519
EIHAHOTELS,20200709,258.15,265,251.55,254.6,5835
EIHOTEL,20200709,67.5,67.8,66.2,66.35,495154
EIMCOELECO,20200709,287.5,324.9,268.95,313.5,12174
EKC,20200709,19.65,20.7,19,20.45,356145
ELECON,20200709,28.1,28.9,27.35,27.65,134464
ELECTCAST,20200709,16.15,16.7,16.1,16.45,791535
ELECTHERM,20200709,108,109.65,106,106.8,11366
ELGIEQUIP,20200709,154,154.9,152,152.65,33708
ELGIRUBCO,20200709,19,19,19,19,7752
EMAMILTD,20200709,236.5,240,233,236.55,2309959
EMAMIPAP,20200709,77.65,80,76.95,77.45,4249
EMAMIREAL,20200709,36.95,38.25,36,38.25,51067
EMKAY,20200709,51.95,53.15,50.15,51.8,20270
EMMBI,20200709,66.95,67.9,66,66.45,3544
ENDURANCE,20200709,906,923.6,882,897,39079
ENERGYDEV,20200709,7.1,7.1,6.75,6.75,38420
ENGINERSIN,20200709,73.25,73.4,72,72.35,1831262
ENIL,20200709,137,137,132.3,132.95,20872
EQ30,20200709,309.5,309.5,292.33,309.22,60
EQUITAS,20200709,57.5,58.9,56.1,58.25,14146472
ERIS,20200709,451.85,454.8,444,445.15,41197
EROSMEDIA,20200709,18.7,19.5,18.2,18.5,805574
ESABINDIA,20200709,1410,1410,1375,1390.85,3093
ESCORTS,20200709,1088.1,1134.65,1088.1,1129.5,3614508
ESSARSHPNG,20200709,7.8,7.9,7.55,7.7,10917
ESSELPACK,20200709,184.2,197.65,182.1,193.85,439308
ESTER,20200709,55,57.7,55,57.1,97036
EUROMULTI,20200709,0.9,0.9,0.9,0.9,1100
EVEREADY,20200709,85.95,86.4,84,84.8,403262
EVERESTIND,20200709,219.85,223,215.75,217.25,162567
EXCEL,20200709,1.05,1.05,1.05,1.05,1000
EXCELINDUS,20200709,718.05,734,717.15,719.3,21149
EXIDEIND,20200709,155.1,158,155,156.5,1665487
EXPLEOSOL,20200709,272.65,279.9,270,270.85,4827
FACT,20200709,50.15,51.05,49.6,50.45,251050
FAIRCHEM,20200709,601.95,609.7,587,594.05,47466
FCL,20200709,33.7,34.15,31.45,31.9,931886
FCONSUMER,20200709,12,12,11.75,11.75,15532407
FCSSOFT,20200709,0.6,0.6,0.55,0.6,8328455
FDC,20200709,250.9,252.95,242.6,244.8,647306
FEDERALBNK,20200709,54.8,55.6,54.5,55.2,21891259
FEL,20200709,12.85,12.85,12.85,12.85,129315
FELDVR,20200709,13.95,13.95,13.95,13.95,25012
FIEMIND,20200709,451.3,464,447,449.6,59222
FILATEX,20200709,25.5,25.8,24.5,25,351853
FINCABLES,20200709,306.5,312,295,296.3,182304
FINEORG,20200709,1925.05,2040,1925.05,1955.3,44389
FINPIPE,20200709,490,498,485.1,490.65,81565
FLEXITUFF,20200709,8.6,8.6,8.45,8.45,159
FLFL,20200709,126.9,129.2,126.9,126.9,96241
FLUOROCHEM,20200709,358.6,358.6,341.1,343.65,105875
FMGOETZE,20200709,385.35,389.4,381.55,384.1,504
FMNL,20200709,21.7,23.45,21.7,21.7,79366
FORCEMOT,20200709,958,985,954.1,962.7,74092
FORTIS,20200709,123,123.9,122.6,122.75,1098799
FOSECOIND,20200709,1100,1159.4,1100,1142.3,4192
FRETAIL,20200709,111.5,115,111.35,111.35,1665259
FSC,20200709,182.65,182.65,182.65,182.65,7588
FSL,20200709,39.45,41.9,39.25,40.4,7308312
GABRIEL,20200709,93,97.1,91.65,93.95,190884
GAEL,20200709,136.15,141.35,136.15,137.3,23469
GAIL,20200709,104.45,107.5,103.05,105.55,29516897
GAL,20200709,3.2,3.2,3.2,3.2,28582
GALAXYSURF,20200709,1597.95,1604.7,1572,1578.75,12023
GALLANTT,20200709,30.5,34,30.5,32.3,28629
GALLISPAT,20200709,28.55,29.15,28,28.4,15841
GAMMNINFRA,20200709,0.8,0.8,0.8,0.8,519666
GANDHITUBE,20200709,192.4,205.15,191.4,197.95,21242
GANECOS,20200709,233.95,234.85,222,229.05,7007
GANESHHOUC,20200709,25.65,26.9,25.25,26.25,17103
GANGESSECU,20200709,32.45,32.6,32.45,32.55,1112
GARDENSILK,20200709,13.3,13.3,13.3,13.3,2671
GARFIBRES,20200709,1509,1521.5,1479.65,1497.15,8641
GATI,20200709,51.4,53.9,49.4,50.15,1753822
GAYAHWS,20200709,0.35,0.35,0.3,0.3,408068
GAYAPROJ,20200709,17.3,17.35,16.8,17,658232
GBGLOBAL,20200709,4.5,4.5,4.5,4.5,2631
GDL,20200709,89.95,90.3,88.55,88.65,67332
GEECEE,20200709,66.75,68.25,66.6,67.9,2816
GEEKAYWIRE,20200709,76.9,77,74.4,76.9,4931
GENESYS,20200709,35.55,35.55,33.55,35,47544
GENUSPAPER,20200709,5.15,5.65,5.15,5.65,738336
GENUSPOWER,20200709,25.65,27.2,25.1,26.5,428478
GEOJITFSL,20200709,38.7,39.8,38.5,39.45,322190
GEPIL,20200709,525.95,525.95,507,512.25,32453
GESHIP,20200709,214.7,214.7,208.65,211.05,150984
GET&D,20200709,80.5,82.4,80.5,82.05,77429
GFLLIMITED,20200709,101,102.3,98.7,100.1,27592
GFSTEELS,20200709,3.2,3.2,3.2,3.2,1467
GHCL,20200709,168,171.1,163.6,164.2,359191
GICHSGFIN,20200709,103,104.7,98.6,100.6,3926782
GICRE,20200709,163.25,163.25,156,159.3,1288686
GILLANDERS,20200709,28,29.7,28,28.05,350
GILLETTE,20200709,5080,5124.95,5075,5093.35,62319
GINNIFILA,20200709,12.7,13.25,12.5,13.1,139350
GIPCL,20200709,71.85,72.5,70.4,70.8,112834
GISOLUTION,20200709,2.05,2.1,2.05,2.1,205
GKWLIMITED,20200709,478,505,468.6,504.55,364
GLAXO,20200709,1465.25,1488,1465.25,1474.4,16212
GLENMARK,20200709,423,434.45,420.45,431.95,5093454
GLOBALVECT,20200709,55.1,55.5,54.4,54.65,10906
GLOBOFFS,20200709,5.4,5.4,5.35,5.35,2772
GLOBUSSPR,20200709,131.25,131.75,129.75,130.05,28363
GMBREW,20200709,399,404.8,395.3,397.1,38144
GMDCLTD,20200709,41.3,42.5,41.3,41.95,1508845
GMMPFAUDLR,20200709,4205,4205,4100.15,4145.35,10947
GMRINFRA,20200709,21,21.2,20.55,20.65,6662816
GNA,20200709,188.7,189.45,183.5,184.6,32036
GNFC,20200709,164.9,172.5,164.25,170.4,2934418
GOACARBON,20200709,240.5,243.6,233,234.1,29993
GOCLCORP,20200709,170.15,172.8,169,170.6,4977
GODFRYPHLP,20200709,974,984.15,966.2,970.45,24304
GODREJAGRO,20200709,465,477.65,458.4,464,284807
GODREJCP,20200709,695.4,699,685.7,693.5,1113721
GODREJIND,20200709,397.9,399.25,383.5,386,85504
GODREJPROP,20200709,884,888.95,872,881.45,170921
GOKEX,20200709,39.95,39.95,39,39.15,91490
GOKUL,20200709,18.6,18.7,17.35,17.5,22817
GOKULAGRO,20200709,16.1,16.15,15.4,15.7,28964
GOLDBEES,20200709,43.01,43.47,43.01,43.33,8012989
GOLDENTOBC,20200709,26.5,27.35,25.5,26.3,8009
GOLDIAM,20200709,108.1,112.85,108,109.1,94757
GOLDSHARE,20200709,4438.95,4445,4416.1,4438.7,1304
GOLDTECH,20200709,8.35,8.35,7.95,8.25,33043
GOODLUCK,20200709,42.25,43.4,41.55,42.8,97480
GPIL,20200709,162.1,164.7,158.8,159.5,97970
GPPL,20200709,82,83.95,82,82.95,558153
GPTINFRA,20200709,27.5,28.05,27.3,27.9,38823
GRANULES,20200709,211,229,209.25,226.45,8896169
GRAPHITE,20200709,186,187.8,182,183.1,365014
GRASIM,20200709,612,622.75,609.95,616.65,1625411
GRAVITA,20200709,46.65,49.2,45.2,46.65,173768
GREAVESCOT,20200709,89.45,92.5,89.3,89.95,670292
GREENLAM,20200709,760.05,765,755.05,761.9,1088
GREENPANEL,20200709,39.35,39.95,37.35,37.85,12429
GREENPLY,20200709,93.85,94.4,87.8,91.3,263411
GREENPOWER,20200709,2.5,2.6,2.4,2.4,3914240
GRINDWELL,20200709,489.1,498,488.6,493.65,10035
GROBTEA,20200709,386.75,413.4,385.4,402.8,403
GRPLTD,20200709,649.95,649.95,630,637.8,249
GRSE,20200709,216.9,224.4,212.05,221.45,1399066
GSCLCEMENT,20200709,31.75,33.75,31.75,32.7,434627
GSFC,20200709,59,60,58.5,59.45,1260927
GSPL,20200709,212.15,214.45,203.25,207.85,1166883
GSS,20200709,26.7,26.85,25.3,25.6,21016
GTLINFRA,20200709,1,1,1,1,1910042
GTNIND,20200709,8.6,8.6,8.6,8.6,1765
GTNTEX,20200709,6.25,6.25,5.7,6,10869
GTPL,20200709,70.5,71.95,69.65,70.05,34357
GUFICBIO,20200709,79,90.45,77,90.45,1947418
GUJALKALI,20200709,346.85,360,342.5,355.65,211269
GUJAPOLLO,20200709,182.05,189,180.95,186.3,7739
GUJGASLTD,20200709,295.75,296.75,285.05,288.65,1945420
GUJRAFFIA,20200709,12.95,12.95,12.95,12.95,500
GULFOILLUB,20200709,576,617,563.05,605.75,432639
GULFPETRO,20200709,46.45,51.75,45.7,48.45,297934
GULPOLY,20200709,34.7,36.45,34.6,35.65,23855
GVKPIL,20200709,2.6,2.6,2.6,2.6,1461108
HAL,20200709,967,967,901.1,929.85,1021457
HARITASEAT,20200709,384.05,398.1,369,377.3,10069
HARRMALAYA,20200709,87.5,92.4,86.8,88.9,1526107
HATHWAY,20200709,31.35,32,31,31.05,633212
HATSUN,20200709,653.6,675,653.6,672.9,12082
HAVELLS,20200709,580,589.7,575.1,587.45,1759847
HAVISHA,20200709,0.65,0.75,0.65,0.7,102645
HBLPOWER,20200709,16.95,17.25,16.6,16.7,589948
HBSL,20200709,5.5,5.5,5.5,5.5,3217
HCC,20200709,5.7,5.9,5.5,5.9,14727558
HCG,20200709,120.5,122.3,120.5,121.8,38015
HCL-INSYS,20200709,9.25,10.15,9.25,10.15,998053
HCLTECH,20200709,575.65,591.6,575,588.25,4807935
HDFC,20200709,1871.3,1947.9,1865,1941.85,6703324
HDFCAMC,20200709,2545,2551.75,2477.1,2488.75,443270
HDFCBANK,20200709,1118,1129.7,1107.25,1124.95,10057717
HDFCLIFE,20200709,584.1,589.9,582.95,585.2,2441545
HDFCMFGETF,20200709,4429.95,4438.5,4411.25,4429.7,26900
HDFCNIFETF,20200709,1124.26,1132.6,1121.56,1131.8,394
HDFCSENETF,20200709,3850,3890,3830,3831.34,227
HEG,20200709,821.5,827.2,803,809.2,175003
HEIDELBERG,20200709,180.65,183.9,179.45,182.75,294960
HERCULES,20200709,76.3,77.6,76,76.15,28325
HERITGFOOD,20200709,261.45,262.4,255.25,256.35,12959
HEROMOTOCO,20200709,2725,2727.7,2666.55,2691.45,1383578
HESTERBIO,20200709,1219,1250,1215,1239.2,10183
HEXATRADEX,20200709,21.3,22.2,20.25,21.25,228263
HEXAWARE,20200709,340,344.6,340,342.5,254969
HFCL,20200709,14.3,14.45,14.05,14.1,2012503
HGINFRA,20200709,198.25,200,192.6,193.9,24944
HGS,20200709,700,709.95,679.7,684.2,72878
HIKAL,20200709,121.95,126.4,118.75,124.7,1156890
HIL,20200709,1205,1206.05,1172.55,1178.9,11717
HILTON,20200709,10.4,10.4,10,10.25,5860
HIMATSEIDE,20200709,59.2,61,58.6,58.9,225390
HINDALCO,20200709,157,166.45,156.9,164.8,45180721
HINDCOMPOS,20200709,167.55,185.9,164.15,176.5,33064
HINDCOPPER,20200709,40.45,42,39.85,40.15,6046034
HINDMOTORS,20200709,5.85,6.1,5.85,6,282569
HINDNATGLS,20200709,33.65,33.9,32.8,32.8,3582
HINDOILEXP,20200709,67,68.4,65.5,66.35,402772
HINDPETRO,20200709,211.8,213.8,204.8,205.35,7921968
HINDUNILVR,20200709,2183,2219.95,2171.05,2175.85,3039821
HINDZINC,20200709,193,195.5,192,192.7,1237464
HIRECT,20200709,124.05,126.55,120.5,123.45,24062
HISARMETAL,20200709,71.4,75,68,68.85,20230
HITECH,20200709,115.35,115.35,112.5,112.65,6076
HITECHCORP,20200709,79.9,80.85,71.65,79.6,13248
HITECHGEAR,20200709,111.85,111.9,106,110,10717
HLVLTD,20200709,5.55,5.55,5.3,5.45,72571
HMVL,20200709,51,51.7,49.75,51.05,54130
HNDFDS,20200709,585,585,556,564.9,7086
HNGSNGBEES,20200709,352.1,356,333.9,350.24,1732
HONAUT,20200709,29325,29325,28300,28976.2,2509
HONDAPOWER,20200709,999,999,981,989.75,4137
HOTELRUGBY,20200709,1.65,1.65,1.65,1.65,1200
HOVS,20200709,43.65,43.95,42.6,43.15,2291
HPL,20200709,38.9,41.05,38.45,39.95,291999
HSCL,20200709,53.2,54.2,51.85,52.55,1890763
HSIL,20200709,55.45,57.95,55,56.7,625304
HTMEDIA,20200709,13.5,13.95,13,13.45,127962
HUBTOWN,20200709,12.65,12.65,12.65,12.65,27352
HUDCO,20200709,37.2,38.9,36.75,37.45,8990241
IBMFNIFTY,20200709,122,122,118.1,119.01,196
IBREALEST,20200709,67.5,68.35,63.1,68.35,3837774
IBULHSGFIN,20200709,230,233,228.05,229.25,10394417
IBULISL,20200709,59.7,59.7,55.5,56.35,152961
IBVENTURES,20200709,130,131.4,125.6,131.35,3050940
ICICI500,20200709,145.31,145.31,142.02,143.2,2552
ICICIB22,20200709,26.49,26.49,25.97,26.19,276164
ICICIBANK,20200709,373.45,376,365.3,370.35,35144717
ICICIBANKN,20200709,229.76,229.76,225.2,227.9,14963
ICICIBANKP,20200709,124.5,129,123,125.59,34423
ICICIGI,20200709,1290,1311,1266,1271.1,562552
ICICIGOLD,20200709,43.53,44.5,43.53,44.15,958660
ICICILIQ,20200709,999.95,1000,999.95,999.99,5888
ICICILOVOL,20200709,89.81,89.97,86.52,88.38,1784
ICICIM150,20200709,60.5,60.5,58.65,58.65,206
ICICIMCAP,20200709,59.17,59.17,57.3,57.74,12246
ICICINF100,20200709,117.99,118.05,116.65,118,2191
ICICINIFTY,20200709,113.1,114.3,112.96,114.09,404770
ICICINV20,20200709,54,55.27,51,53.3,6497
ICICINXT50,20200709,26.72,27.77,26.27,26.6,18057
ICICIPRULI,20200709,427.5,435.5,427,433.25,1068182
ICICISENSX,20200709,392.49,395.3,390.35,395.02,11210
ICIL,20200709,40.25,45.3,40.25,43.35,1176399
ICRA,20200709,2485.55,2539.8,2485.55,2509.3,5377
IDBI,20200709,46,46,46,46,330582
IDBIGOLD,20200709,4550,4571.05,4530,4555.7,155
IDEA,20200709,9.25,9.5,9,9.35,360689438
IDFC,20200709,20.3,20.8,20.2,20.3,9258795
IDFCFIRSTB,20200709,27.95,28.5,27.9,28.05,23985158
IEX,20200709,188.95,191,184.3,186.25,357767
IFBAGRO,20200709,300.15,308,298.45,300.55,3064
IFBIND,20200709,409,416.85,404.55,410.45,29691
IFCI,20200709,7.55,7.8,7.5,7.55,2755716
IFGLEXPOR,20200709,142,144,134.95,142.6,4957
IGARASHI,20200709,276.6,288,275.6,282,119314
IGL,20200709,413.1,416.9,406.15,410.4,5562877
IGPL,20200709,200.2,200.2,181.2,181.2,310058
IIFL,20200709,78.35,79.85,77,78.15,1002361
IIFLSEC,20200709,44.85,50.9,44.05,48.95,3386789
IIFLWAM,20200709,988.05,1007,970,973,10131
IITL,20200709,59.75,61.5,56.8,58.05,1653
IMAGICAA,20200709,5,5.1,4.75,4.95,119414
IMFA,20200709,177.9,182.95,177.9,179.35,14809
IMPAL,20200709,525,531,525,528.6,1156
IMPEXFERRO,20200709,0.45,0.5,0.45,0.5,10019
INDBANK,20200709,7.4,7.4,7.15,7.3,74664
INDHOTEL,20200709,84.55,84.55,81.5,81.8,1403368
INDIACEM,20200709,124.1,126.3,123.3,123.9,1937825
INDIAGLYCO,20200709,279.7,292.7,278.75,287.95,592730
INDIAMART,20200709,2224,2266.2,2220,2260.85,82414
INDIANB,20200709,66.5,67.45,64.3,65.1,3829837
INDIANCARD,20200709,93.55,99.95,93.5,97.1,2944
INDIANHUME,20200709,173.4,174.8,170.7,171.45,31179
INDIGO,20200709,1041,1075.35,1012.85,1020.05,1680990
INDLMETER,20200709,16.05,16.7,15.3,15.65,2525
INDNIPPON,20200709,298,298,290.3,292.6,9053
INDOCO,20200709,208,210,205.05,206.7,81458
INDORAMA,20200709,16.5,17.1,16.5,17,32369
INDOSTAR,20200709,267.25,289,265.85,278.9,81597
INDOTECH,20200709,98.55,101.9,96.5,98.2,3578
INDOTHAI,20200709,17.9,18.3,17.1,17.6,5792
INDOWIND,20200709,3.3,3.6,3.3,3.6,68953
INDRAMEDCO,20200709,50.95,52.9,50.3,51.7,235458
INDSWFTLAB,20200709,37.45,37.45,35.7,36.15,27067
INDSWFTLTD,20200709,3.35,3.35,3.3,3.3,11
INDTERRAIN,20200709,30.4,31,30.3,30.65,129048
INDUSINDBK,20200709,557.95,569.95,550.3,556.55,26574250
INEOSSTYRO,20200709,850,853.8,837,843.95,57554
INFIBEAM,20200709,67.85,68,65,65.4,614733
INFOBEAN,20200709,94.3,96.4,93.3,94.2,14196
INFRABEES,20200709,320,323.33,308.5,312.49,2414
INFRATEL,20200709,219.35,219.8,212.6,214.55,7166209
INFY,20200709,780,790,775,781.7,6854196
INGERRAND,20200709,621.85,633.4,620.8,622.35,9502
INOXLEISUR,20200709,236.5,239.85,232.55,233.75,174310
INOXWIND,20200709,38.85,39.3,38,38.25,106580
INSECTICID,20200709,424,458,424,452.3,242170
INSPIRISYS,20200709,24,24.4,22.6,22.8,9310
INTEGRA,20200709,0.85,0.9,0.85,0.9,38029
INTELLECT,20200709,107.15,108.95,106.1,107.55,51257
INTENTECH,20200709,31.8,32.85,31.8,31.85,102168
INVENTURE,20200709,14,14.4,14,14.2,3777
IOB,20200709,11.1,11.45,10.75,11.05,8123154
IOC,20200709,87.45,88.45,86,86.5,15305046
IOLCP,20200709,595,634,582.6,623.35,4555601
IPCALAB,20200709,1645,1650,1622,1647,177179
IRB,20200709,118.7,128.4,118.2,124.85,12938631
IRCON,20200709,96.5,97.9,94.65,95.7,790789
IRCTC,20200709,1396,1400,1381.15,1385.05,352999
ISEC,20200709,505.45,517.5,495.1,502.15,527546
ISFT,20200709,65.75,65.75,63,65.75,6787
ISMTLTD,20200709,4.8,5.05,4.8,4.8,94886
ITC,20200709,196.9,197,194.15,195.45,18769881
ITDC,20200709,217.6,222,214.55,216.2,37075
ITDCEM,20200709,51.45,52.5,50.7,51.1,265917
ITI,20200709,129.65,132.25,127.8,128.6,1672695
IVC,20200709,3.15,3.25,3.1,3.15,349540
IVP,20200709,43.9,43.95,41.15,42.3,5448
IVZINGOLD,20200709,4450,4489.95,4450,4460,63
IVZINNIFTY,20200709,1075.5,1162.75,1075.5,1162.75,7
IZMO,20200709,22,22.35,21,22.35,19655
J&KBANK,20200709,20.1,20.1,19.15,19.8,17108969
JAGRAN,20200709,40,41.95,40,41.55,1447119
JAGSNPHARM,20200709,49.45,49.45,44.75,44.75,196686
JAIBALAJI,20200709,21.25,22.75,21.25,22.1,8084
JAICORPLTD,20200709,95.5,96.6,94.3,95.2,1780079
JAINSTUDIO,20200709,3.15,3.15,3.15,3.15,20287
JAMNAAUTO,20200709,32.75,33,31.75,32.5,2330881
JASH,20200709,152.35,158,148.05,152.3,6736
JAYAGROGN,20200709,95,96.85,92.8,94.6,7534
JAYBARMARU,20200709,195.9,195.9,189,190.2,30265
JAYNECOIND,20200709,3.55,3.6,3.35,3.55,19122
JAYSREETEA,20200709,52.8,55.45,52.2,53.95,620262
JBCHEPHARM,20200709,714.95,718.5,712.05,713.7,277057
JBFIND,20200709,11.2,11.55,11,11.55,37288
JBMA,20200709,214.65,219.5,212.15,213.05,24078
JCHAC,20200709,2225.2,2259,2225.2,2251.65,3426
JHS,20200709,13.5,14.9,13.5,14.9,99565
JINDALPHOT,20200709,14.75,15.35,14.5,14.6,8537
JINDALPOLY,20200709,389.95,408.7,388.2,389.95,161343
JINDALSAW,20200709,62.85,65.75,62.7,63.45,3054070
JINDALSTEL,20200709,158,166.1,157.9,164.05,21301023
JINDRILL,20200709,71.6,75,71.6,72.9,6638
JINDWORLD,20200709,55.2,56,51.9,52.55,71488
JISLDVREQS,20200709,11.05,11.05,11.05,11.05,7276
JISLJALEQS,20200709,10.9,10.9,10.9,10.9,543745
JITFINFRA,20200709,6.6,6.85,6.6,6.85,17631
JIYAECO,20200709,16.5,16.5,16.5,16.5,34116
JKCEMENT,20200709,1420,1447,1409.45,1423.6,35504
JKIL,20200709,100.3,104,100.3,101.55,157817
JKLAKSHMI,20200709,284,284,276,279.05,185338
JKPAPER,20200709,102.45,104.45,102,102.95,1516749
JKTYRE,20200709,67.2,68.3,66.7,67.05,540682
JMA,20200709,21.5,21.9,21.5,21.8,1985
JMCPROJECT,20200709,53.3,53.95,52.55,52.9,62321
JMFINANCIL,20200709,78.85,81,78.15,80.35,2564012
JMTAUTOLTD,20200709,4.95,4.95,4.95,4.95,162800
JOCIL,20200709,158.5,158.5,151,154.35,15575
JPASSOCIAT,20200709,2.5,2.7,2.5,2.7,84335731
JPINFRATEC,20200709,1.75,1.85,1.75,1.8,7059994
JPOLYINVST,20200709,15.75,17.35,15.75,16.25,2392
JPPOWER,20200709,1.85,1.95,1.85,1.95,36364209
JSL,20200709,40.85,42.4,40.35,40.6,890709
JSLHISAR,20200709,72.65,78.3,72.4,74.75,965750
JSWENERGY,20200709,47.85,47.9,47.1,47.25,760963
JSWHL,20200709,1959.55,1999,1956.05,1991.05,719
JSWSTEEL,20200709,196.35,202.75,196.1,197.45,14801828
JTEKTINDIA,20200709,66.2,68.2,65.8,67.8,243034
JUBILANT,20200709,716,729,707.6,709.3,631955
JUBLFOOD,20200709,1700,1703.95,1663.45,1685.4,695131
JUBLINDS,20200709,110.15,110.15,106.95,107.6,13163
JUMPNET,20200709,59.8,61.35,59,59.55,834081
JUNIORBEES,20200709,281.7,290,272.87,273.46,33065
JUSTDIAL,20200709,377,382.5,373,374.2,1743448
JYOTHYLAB,20200709,122.3,122.3,119.05,119.8,934435
KABRAEXTRU,20200709,55.05,56.95,54.75,55.55,29840
KAJARIACER,20200709,392.2,397.4,388.05,388.8,493044
KAKATCEM,20200709,146.85,146.9,142.6,144.8,9811
KALPATPOWR,20200709,257.55,265,251.05,262.5,562935
KALYANIFRG,20200709,141.6,141.6,135,138.5,124
KAMATHOTEL,20200709,38.95,39.1,33.6,35.65,679250
KAMDHENU,20200709,71.2,74.5,71.2,73.2,7172
KANANIIND,20200709,4.3,4.3,4.3,4.3,26740
KANORICHEM,20200709,38.95,38.95,35.85,36.5,140662
KANSAINER,20200709,436.5,441.3,430.45,436.25,105412
KAPSTON,20200709,93.4,93.4,84.85,91.7,355
KARDA,20200709,63.1,65.25,60,62.45,237705
KARMAENG,20200709,12.2,12.45,11.95,11.95,1795
KARURVYSYA,20200709,35.2,35.95,35.05,35.45,2733569
KAUSHALYA,20200709,0.75,0.75,0.75,0.75,2898
KAYA,20200709,223.6,223.65,216,217.5,7431
KCP,20200709,55.4,57.55,55.4,56.9,599357
KCPSUGIND,20200709,15.25,15.5,15.1,15.35,146455
KDDL,20200709,155,157.65,150.2,153.55,4812
KEC,20200709,274.7,280,270,271.7,289664
KECL,20200709,12.95,13.35,12.6,12.75,61641
KEI,20200709,357,389.5,356.6,385.65,1840738
KELLTONTEC,20200709,15.15,15.65,14.65,15.05,19979
KENNAMET,20200709,794,810.8,780,782.1,2428
KERNEX,20200709,22.2,22.2,20.3,20.9,8107
KESORAMIND,20200709,35.95,37.2,35.9,36.1,138782
KEYFINSERV,20200709,39.5,39.5,37.6,39,206
KHADIM,20200709,123.95,125,121.25,122.65,27205
KHANDSE,20200709,9.95,10.4,9.9,9.95,8641
KICL,20200709,1260,1295,1250.2,1285.95,331
KILITCH,20200709,92.7,93,89.25,91.9,5470
KINGFA,20200709,418.05,418.1,394,401.5,6685
KIOCL,20200709,102,103.75,97.85,101.65,17824
KIRIINDUS,20200709,467.9,477.55,466.2,472.35,198176
KIRLFER,20200709,75.05,75.9,72.6,73.1,27517
KIRLOSBROS,20200709,107.85,109.75,105.5,106.65,234384
KIRLOSENG,20200709,112.25,113.1,110.5,110.95,13572
KIRLOSIND,20200709,664.95,675.9,622.8,658,3178
KITEX,20200709,111.4,113.2,110.5,111.15,61037
KKCL,20200709,744,744,724.95,728,5167
KMSUGAR,20200709,9.35,9.45,9.05,9.05,312362
KNRCON,20200709,211.2,215.5,210.5,211.35,134069
KOKUYOCMLN,20200709,57.1,57.3,53.05,54.4,379748
KOLTEPATIL,20200709,160.9,161.5,154.25,155.2,100127
KOPRAN,20200709,33.7,36.55,33.2,35.8,378093
KOTAKBANK,20200709,1355.75,1374.6,1347.75,1368.15,3446020
KOTAKBKETF,20200709,230,232.45,229.55,231.97,187689
KOTAKGOLD,20200709,431.45,435,431.45,434.6,54677
KOTAKNIFTY,20200709,111.29,112.5,111.29,112.06,409771
KOTAKNV20,20200709,54.3,54.77,54,54.22,4845
KOTAKPSUBK,20200709,150,152.8,147.85,150.26,12718
KOTARISUG,20200709,13.75,13.75,13.3,13.35,25955
KOTHARIPET,20200709,15.9,17,15.9,16.35,47828
KOTHARIPRO,20200709,65.1,65.1,63.75,63.75,2491
KPITTECH,20200709,60.3,61.8,60.05,61.55,563667
KPRMILL,20200709,495,495,486.1,490.2,1894
KRBL,20200709,264.5,279.85,262.25,275.75,764688
KREBSBIO,20200709,74.2,74.45,73.05,73.35,3922
KRIDHANINF,20200709,3.8,3.8,3.8,3.8,29275
KRISHANA,20200709,46,48.25,43.7,44.95,5234
KSB,20200709,520,531,500.55,526.75,41866
KSCL,20200709,583.9,594.6,577.35,585.7,230056
KSERASERA,20200709,0.4,0.45,0.35,0.4,11460684
KSL,20200709,233.8,242.3,230,238.45,575749
KTKBANK,20200709,45.9,46.5,45.15,45.5,4493727
KUANTUM,20200709,488,516,477.2,512.3,15217
KWALITY,20200709,4.25,4.25,4.25,4.25,134164
L&TFH,20200709,71.55,72.7,69.35,70.25,26107048
LAKSHVILAS,20200709,22.4,23.45,22.15,22.75,1431908
LALPATHLAB,20200709,1778,1843,1775.05,1815.85,338471
LAMBODHARA,20200709,33,33,30.2,30.6,30354
LAOPALA,20200709,196,205.5,192.2,194.6,142932
LASA,20200709,47.9,48.4,44.7,45.8,62810
LAURUSLABS,20200709,562.5,574.9,556.3,571.9,892830
LAXMIMACH,20200709,2816.5,2869,2815,2820.8,3169
LEMONTREE,20200709,27.3,27.3,25.05,25.65,9317214
LFIC,20200709,83.55,83.55,83.55,83.55,11640
LGBBROSLTD,20200709,233.05,245.65,233,236.85,23962
LGBFORGE,20200709,2.6,2.6,2.5,2.6,17724
LIBAS,20200709,51.2,51.25,49.5,51.2,5482
LIBERTSHOE,20200709,144,144,138.5,139.05,354710
LICHSGFIN,20200709,284,286.65,281.3,282.95,4086476
LICNETFGSC,20200709,22.38,22.5,21.9,22.16,13691
LICNETFN50,20200709,113.9,113.9,109.89,111.24,450
LICNETFSEN,20200709,397.95,397.95,383.01,389.69,78
LICNFNHGP,20200709,116.85,116.85,113.05,113.05,5
LINCOLN,20200709,162.75,166,160.4,162.9,44428
LINCPEN,20200709,178.75,182.9,172.95,176.35,23079
LINDEINDIA,20200709,657.95,667.5,651,653.65,41065
LIQUIDBEES,20200709,1000,1000.01,999.99,1000,832891
LIQUIDETF,20200709,1000,1000.01,999.99,1000,17121
LOKESHMACH,20200709,26.05,26.95,25.25,26.55,128390
LOTUSEYE,20200709,32,33.3,31.55,32.45,13062
LOVABLE,20200709,54.5,56.1,53.6,53.95,30847
LPDC,20200709,1.55,1.6,1.5,1.6,21420
LSIL,20200709,1.15,1.15,1.15,1.15,349838
LT,20200709,945,952,940,944.95,3777810
LTI,20200709,2041,2098,2035.65,2082,229165
LTTS,20200709,1399,1430,1397,1406.3,240767
LUMAXIND,20200709,1261.05,1314,1261.05,1297.6,6475
LUMAXTECH,20200709,94,95.95,90.8,92,75680
LUPIN,20200709,871.4,882,862.5,867.05,2106003
LUXIND,20200709,1245,1255,1220,1232.05,40733
LYKALABS,20200709,20.1,20.85,19.9,20,8116
LYPSAGEMS,20200709,3.15,3.2,3.05,3.15,109668
M&M,20200709,554,564.3,548.05,560.3,4123903
M&MFIN,20200709,203,210.65,203,208.55,25411387
M100,20200709,16.32,16.32,15.91,15.99,64198
M50,20200709,109,114.3,104.2,106.95,3714
MAANALU,20200709,57.35,60.75,55.4,57.9,24425
MADHAV,20200709,24,25.45,23.2,24,8819
MADRASFERT,20200709,19.5,19.75,19.35,19.4,83599
MAGADSUGAR,20200709,129.2,129.2,126,127.4,11402
MAGMA,20200709,25.6,25.6,23.85,25.6,3831883
MAGNUM,20200709,6.1,6.1,6.1,6.1,17412
MAHABANK,20200709,11.8,12,11.6,11.7,3694393
MAHASTEEL,20200709,73.1,76.25,73.1,75,7510
MAHEPC,20200709,152.65,163.85,150.05,160.4,621794
MAHESHWARI,20200709,169.85,175.5,167.5,173,67088
MAHINDCIE,20200709,114.2,117,112,114.95,50369
MAHLIFE,20200709,215.2,218.95,212.1,216.1,28626
MAHLOG,20200709,324.5,330,312.55,320.25,118841
MAHSCOOTER,20200709,3189,3301.45,3180,3241,41350
MAHSEAMLES,20200709,234,251.9,233.3,234.7,881056
MAITHANALL,20200709,485,498,472.55,477.45,72239
MAJESCO,20200709,374.25,374.25,360,366.35,9230
MALUPAPER,20200709,30.3,31.15,30,30.7,23198
MAN50ETF,20200709,109.2,110,108.7,110,15586
MANAKALUCO,20200709,8.75,9.2,8.75,8.9,28949
MANAKCOAT,20200709,5.8,5.8,5.65,5.65,200
MANAKSIA,20200709,33.5,34.45,32.55,34.2,22838
MANAKSTEEL,20200709,10.55,11.25,10.55,10.7,17898
MANALIPETC,20200709,23.55,23.55,21.5,21.8,1470173
MANAPPURAM,20200709,158.7,161.4,158,159.5,4549756
MANGALAM,20200709,68.6,68.6,64.1,66.7,18551
MANGCHEFER,20200709,39.1,39.8,35.6,37.05,1313182
MANGLMCEM,20200709,196.7,201.65,196.7,199,73205
MANGTIMBER,20200709,7.75,8.45,7.75,7.8,1317
MANINDS,20200709,47.6,49.3,47.55,47.85,107575
MANINFRA,20200709,18.7,19.3,18.7,18.85,156677
MANUGRAPH,20200709,8.6,9,8.6,8.9,32949
MANXT50,20200709,263.6,263.6,262.6,263.6,1095
MARALOVER,20200709,13.15,13.5,12.85,13.25,4312
MARATHON,20200709,53.9,53.9,50.05,50.7,3852
MARICO,20200709,349.4,351.4,341.95,343.05,2407863
MARKSANS,20200709,33.8,34.2,33.1,33.6,1038190
MARUTI,20200709,6080,6096,5931.35,6002.35,1043433
MASFIN,20200709,684.05,700.35,679,687.5,22681
MASKINVEST,20200709,44.25,46.45,44.25,46.45,10494
MASTEK,20200709,384,395,380,387.2,58930
MATRIMONY,20200709,375.55,384.85,375.1,377.2,258
MAWANASUG,20200709,29.15,29.5,29,29.25,30629
MAXVIL,20200709,34.55,36.2,34.55,35.5,93651
MAYURUNIQ,20200709,219.95,226,217,221.55,52306
MAZDA,20200709,338,346,325,326.65,33272
MBAPL,20200709,69.2,72,69.2,72,101
MBECL,20200709,4.8,5.3,4.8,5.25,36026
MBLINFRA,20200709,6.25,6.4,5.8,6.2,50723
MCDHOLDING,20200709,25.5,25.5,24.25,24.7,39299
MCDOWELL-N,20200709,619.9,633,616.75,625.45,4709177
MCLEODRUSS,20200709,9.05,9.1,8.55,8.75,421969
MCX,20200709,1299,1313.55,1282.1,1302.65,303080
MEGASOFT,20200709,6.9,6.9,6.65,6.75,26781
MEGH,20200709,58.7,59.8,58.1,58.85,3506651
MENONBE,20200709,42.35,43.65,42,42.65,58416
MEP,20200709,23.4,23.45,21.25,21.5,229594
MERCATOR,20200709,1.35,1.35,1.35,1.35,101688
METALFORGE,20200709,5.3,5.3,5.15,5.2,1096
METROPOLIS,20200709,1433.9,1479.5,1420.3,1458.75,127944
MFSL,20200709,547,565.3,547,560.1,953804
MGL,20200709,1007.9,1022.45,996,1012,1965498
MHRIL,20200709,177.1,179.9,172.2,173.15,22546
MIDHANI,20200709,213.85,220.9,212.25,217.25,2299508
MINDACORP,20200709,73.2,76.3,72.7,74.5,1493623
MINDAIND,20200709,306,313,303,306.55,229681
MINDTECK,20200709,25.25,26.1,24.8,24.8,12528
MINDTREE,20200709,988,1004.5,982,988.15,433326
MIRCELECTR,20200709,7.55,7.85,7.4,7.65,225202
MIRZAINT,20200709,52.85,54,51.45,52.3,871816
MITTAL,20200709,91.2,91.2,91.2,91.2,370
MMFL,20200709,190.05,196,189.6,194.45,42827
MMP,20200709,78.1,83,78,81.5,10557
MMTC,20200709,21.55,21.6,19.65,19.95,10792857
MODIRUBBER,20200709,31.85,34.9,31.85,32.25,840
MOHOTAIND,20200709,14,14.65,14,14,6075
MOIL,20200709,147,150.05,145.85,146.6,738567
MOLDTECH,20200709,35.8,36.65,35.5,35.8,19322
MOLDTKPAC,20200709,206,206.05,201.05,202.4,18153
MONTECARLO,20200709,159.6,160.7,158.15,159.6,13946
MORARJEE,20200709,11.6,12.15,11.15,11.7,45432
MOREPENLAB,20200709,23.9,24.2,23.6,23.65,1076578
MOTHERSUMI,20200709,97.05,98.3,96.4,97.65,9566446
MOTILALOFS,20200709,682.5,720,682.5,713.05,365040
MOTOGENFIN,20200709,21,21.2,19.6,20,4074
MPHASIS,20200709,921,921,894.9,903.4,155280
MPSLTD,20200709,295.2,299.95,294.15,297.25,3837
MRF,20200709,65944.9,66200,65050,65335.85,11634
MRO-TEK,20200709,22.4,23.4,22.4,22.8,1606
MRPL,20200709,37.7,37.85,36.85,36.95,746238
MSPL,20200709,6.3,6.85,6.3,6.55,11149
MSTCLTD,20200709,142.4,168.3,139,168.3,2760663
MTEDUCARE,20200709,16.1,16.1,15.1,15.25,117615
MTNL,20200709,12.3,12.4,11.35,11.35,7832600
MUKANDENGG,20200709,9,9.4,9,9.4,3547
MUKANDLTD,20200709,22.4,22.95,21.5,21.8,9236
MUKTAARTS,20200709,23.6,25.4,23.6,23.95,2530
MUNJALAU,20200709,49.4,54.5,49.4,53.15,555709
MUNJALSHOW,20200709,104.9,105,102.15,103.4,21943
MURUDCERA,20200709,18.75,18.8,17.65,18,335132
MUTHOOTCAP,20200709,389.05,395.45,383.1,388.05,9930
MUTHOOTFIN,20200709,1087,1104.95,1076,1088.1,2130294
N100,20200709,781.88,788.8,781.88,786.13,21205
NACLIND,20200709,40.55,41.75,36.75,37.8,115885
NAGAFERT,20200709,5.35,5.75,5.3,5.55,258086
NAGREEKCAP,20200709,5.25,5.25,5.25,5.25,100
NAGREEKEXP,20200709,14,14,13.2,13.5,5582
NAHARCAP,20200709,71.75,71.75,65.1,68.6,37774
NAHARINDUS,20200709,26.6,28,26.55,26.8,12911
NAHARPOLY,20200709,58.5,61.5,58,59.65,29645
NAHARSPING,20200709,36.05,36.2,35.2,35.65,13423
NAM-INDIA,20200709,304.95,305.45,291,294.6,1325626
NATCOPHARM,20200709,691.2,691.2,671.15,677.25,558398
NATHBIOGEN,20200709,321.25,334,321.25,330.25,15524
NATIONALUM,20200709,36.2,37.5,36,36.65,35900645
NAUKRI,20200709,2870,2934.8,2849.1,2862.55,155089
NAVINFLUOR,20200709,1740.05,1754.9,1711.1,1725.3,58673
NAVKARCORP,20200709,27.35,28.6,27,27.3,601405
NAVNETEDUL,20200709,78.5,78.65,77.2,77.7,23443
NBCC,20200709,27.6,27.8,26.7,26.9,14121220
NBIFIN,20200709,1609.95,1609.95,1545,1562.2,18
NBVENTURES,20200709,52.5,53.5,52.05,52.15,219731
NCC,20200709,33.5,34.4,33.15,33.75,46727815
NCLIND,20200709,84,84,77.35,79.85,681989
NDGL,20200709,585.05,585.05,545,546.85,141
NDL,20200709,22.2,22.9,21,21.7,81248
NDTV,20200709,35.4,36.95,35.4,36.4,8903
NECCLTD,20200709,15.65,15.9,15.3,15.9,358776
NECLIFE,20200709,22.85,22.95,20.3,22,623859
NELCAST,20200709,49.35,54,48,52.1,585336
NELCO,20200709,208,212.95,207,208.7,55355
NEOGEN,20200709,561,566.8,553.8,563.15,36274
NESCO,20200709,434,439,431,433.05,33152
NESTLEIND,20200709,16840,16965.95,16681,16759.1,91896
NETF,20200709,110,110.5,106.51,107.03,419
NETFCONSUM,20200709,51,52.95,51,52.6,2798
NETFDIVOPP,20200709,27.83,27.94,24.2,25.48,14134
NETFIT,20200709,15.5,15.62,15.5,15.55,3476
NETFLTGILT,20200709,25,25,21.86,21.96,13273
NETFMID150,20200709,58.8,59.24,58.41,58.64,27006
NETFNIF100,20200709,116,116.8,108.3,113.97,3275
NETFNV20,20200709,54.06,55.45,54.06,55,2406
NETWORK18,20200709,40.15,41,39.3,39.5,1255071
NEULANDLAB,20200709,529,562.75,529,553.65,206330
NEWGEN,20200709,176,188.9,165,172.75,231818
NEXTMEDIA,20200709,5.85,6.05,5.85,5.85,2955
NFL,20200709,36.55,37.5,36.1,36.45,1724582
NH,20200709,281.2,282.5,277.55,282.05,104227
NHPC,20200709,20.5,20.7,20.35,20.5,4720798
NIACL,20200709,120.9,120.9,116.25,116.9,644646
NIFTYBEES,20200709,113.85,115.2,113.85,115.07,1791188
NIITLTD,20200709,94,95.6,93.2,94.4,280376
NIITTECH,20200709,1540,1617,1540,1567.5,1328636
NILAINFRA,20200709,4.35,4.6,4.3,4.5,399816
NILASPACES,20200709,1.2,1.2,1.2,1.2,149316
NILKAMAL,20200709,1156.8,1244,1140.8,1218.5,109479
NIPPOBATRY,20200709,549.95,563.9,548.1,552.25,2062
NITCO,20200709,17.5,18.35,17.4,17.65,67740
NITINSPIN,20200709,38.35,39.6,37.35,39.25,94995
NKIND,20200709,26.5,26.5,26.5,26.5,150
NLCINDIA,20200709,47.6,47.6,46.6,46.75,813590
NMDC,20200709,85.1,87.45,84.9,85.65,6956658
NOCIL,20200709,100,105.35,97.5,104.3,5321542
NOIDATOLL,20200709,3.8,3.8,3.6,3.65,34971
NORBTEAEXP,20200709,2.95,3.05,2.95,3.05,201
NPBET,20200709,126,126,123,125,312
NRAIL,20200709,228,234.85,226,228.55,99032
NRBBEARING,20200709,84.55,85.8,83.6,83.8,94133
NSIL,20200709,676.95,678.5,661,667.85,73
NTL,20200709,0.9,0.9,0.9,0.9,90
NTPC,20200709,91.3,92,90.8,91.2,11910945
NUCLEUS,20200709,284.7,289,280.2,281.7,54420
NXTDIGITAL,20200709,396,402,387,388.4,934
OAL,20200709,269,272.1,260,263.8,38237
OBEROIRLTY,20200709,371,375.8,366.75,367.4,73710
OCCL,20200709,804.7,818.85,790.1,798,4083
OFSS,20200709,2899.9,2899.9,2762.75,2793.1,31368
OIL,20200709,100.7,102,100.1,101.55,898825
OILCOUNTUB,20200709,5.05,5.05,4.85,4.85,374512
OISL,20200709,3.45,3.5,3.35,3.35,67580
OLECTRA,20200709,65.9,68.4,65.9,66.45,61093
OMAXAUTO,20200709,34.1,35.7,34.1,34.45,16437
OMAXE,20200709,83.95,83.95,83.95,83.95,34211
OMKARCHEM,20200709,5.3,5.3,5.3,5.3,9382
OMMETALS,20200709,15.7,16.85,15.7,16.35,35283
ONELIFECAP,20200709,5.9,6.4,5.9,6.2,2377
ONEPOINT,20200709,12.85,13,12,12.3,11718
ONGC,20200709,81.6,82.25,79.9,80.2,17348338
ONMOBILE,20200709,29.25,29.25,28.45,28.8,64325
ONWARDTEC,20200709,61.5,61.5,59.05,59.9,7204
OPTIEMUS,20200709,23.55,23.55,21.85,22.8,7715
OPTOCIRCUI,20200709,14.6,14.6,14.6,14.6,99084
ORBTEXP,20200709,67.8,67.8,64.55,65,5844
ORICONENT,20200709,17.5,20.3,17.5,20.3,2203192
ORIENTABRA,20200709,18.8,19.3,18.5,19.15,63337
ORIENTALTL,20200709,17.9,17.9,17.7,17.75,211764
ORIENTBELL,20200709,81.8,81.8,80,80.3,22741
ORIENTCEM,20200709,68.8,69.65,66.25,66.9,529373
ORIENTELEC,20200709,179.55,184.85,176.7,177.5,723558
ORIENTHOT,20200709,22,22,21,21.7,18102
ORIENTLTD,20200709,76,79.8,73,74.15,209
ORIENTPPR,20200709,20.2,20.5,20.05,20.1,595604
ORIENTREF,20200709,168.3,172.3,168.3,170.65,10060
ORISSAMINE,20200709,1685,1739.9,1685,1707.75,10514
ORTINLABSS,20200709,15.35,16,15,15.9,20755
OSWALAGRO,20200709,9.9,9.9,9.9,9.9,32642
PAEL,20200709,2.3,2.3,2.3,2.3,3850
PAGEIND,20200709,20250.85,20379,19880,19993.6,99543
PAISALO,20200709,212.5,214.6,208,208.15,1060
PALASHSECU,20200709,25.05,26.3,25.05,26.3,49
PALREDTEC,20200709,25.8,25.8,23.5,25.8,22315
PANACEABIO,20200709,196,198,191.65,194.7,86136
PANACHE,20200709,47.15,47.15,47,47.15,11779
PANAMAPET,20200709,49.9,52.15,47.55,48.15,126173
PAPERPROD,20200709,206,208.7,205.65,206.05,59254
PARACABLES,20200709,7.85,7.95,7.4,7.5,164735
PARAGMILK,20200709,93.4,94.5,91.8,92.05,308215
PARSVNATH,20200709,3.1,3.25,3.1,3.25,234770
PATELENG,20200709,15.85,16.2,15.75,15.85,210529
PATINTLOG,20200709,22.95,23,22,22.75,18595
PATSPINLTD,20200709,6.45,6.5,6.45,6.5,2933
PCJEWELLER,20200709,16.3,16.6,16.1,16.15,2085490
PDMJEPAPER,20200709,14.85,16.1,14.8,15.5,278472
PDSMFL,20200709,283.45,288.5,282.75,282.75,16
PEARLPOLY,20200709,16.05,16.8,15.3,16.45,23296
PEL,20200709,1440.7,1467.8,1440.25,1446.4,868728
PENIND,20200709,18,18.2,17.55,17.9,151579
PENINLAND,20200709,4.15,4.25,3.9,3.9,453261
PERSISTENT,20200709,722.55,751,715.85,742.5,172991
PETRONET,20200709,264.2,266.55,261,265,3547406
PFC,20200709,85.3,85.9,84.1,84.65,4929794
PFIZER,20200709,4091,4149,4070,4119.6,31617
PFOCUS,20200709,25.45,26.7,24.9,26.05,25241
PFS,20200709,14.5,14.7,13.65,13.85,1334772
PGEL,20200709,44.25,44.45,42.6,43,28219
PGHH,20200709,10688,10790.15,10538,10622.9,7292
PGHL,20200709,4200,4240,4155.2,4165.2,16185
PGIL,20200709,101.05,103.7,99.3,100.45,9172
PHILIPCARB,20200709,113.5,113.75,109.25,110,1334742
PHOENIXLTD,20200709,588,594.05,571,585.95,112527
PIDILITIND,20200709,1389.7,1400.9,1371.05,1379.9,775901
PIIND,20200709,1673.85,1738.9,1650,1726.5,203569
PILANIINVS,20200709,1394.05,1419,1380,1391,1070
PILITA,20200709,5.75,5.85,5.45,5.5,104371
PIONDIST,20200709,118.95,122,115.15,119.9,27666
PIONEEREMB,20200709,25.5,25.5,23.4,23.6,16907
PITTIENG,20200709,31.7,31.7,30.6,30.7,19937
PKTEA,20200709,106.1,112,103.55,103.95,985
PLASTIBLEN,20200709,170.65,172.15,169.8,170.2,3274
PNB,20200709,37.8,38,36.85,37.1,38094386
PNBGILTS,20200709,37.45,38,36.4,36.65,674947
PNBHOUSING,20200709,218.6,222.05,217.3,217.95,494005
PNC,20200709,14.9,15.75,14.5,14.65,4321
PNCINFRA,20200709,146.4,150,146,147.95,163740
PODDARHOUS,20200709,194.2,198.4,190,194,156
PODDARMENT,20200709,167.5,167.5,159.85,161.6,5569
POKARNA,20200709,158.35,158.35,143.35,148.25,241307
POLYCAB,20200709,853.1,859,844.05,846.45,199069
POLYMED,20200709,311,316.95,308,310.25,40649
POLYPLEX,20200709,540.6,564.5,539.05,556.95,252508
PONNIERODE,20200709,152.45,153.95,150.1,151.05,11917
POWERGRID,20200709,170.5,172.5,169.5,171.55,9061924
POWERINDIA,20200709,844.2,848.5,840.05,844.15,116807
POWERMECH,20200709,484.7,495.55,477.2,479.7,39959
PPAP,20200709,169,171.4,166.2,168.65,48602
PPL,20200709,58.7,60.25,57.25,59.8,78716
PRABHAT,20200709,70.15,70.9,70.05,70.6,17174
PRADIP,20200709,0.75,0.75,0.75,0.75,3442
PRAENG,20200709,6.1,6.15,5.9,6,56799
PRAJIND,20200709,67,71.35,66.2,69.2,7798143
PRAKASH,20200709,36.2,38.35,36.05,37.15,1101706
PRAKASHSTL,20200709,1.65,1.65,1.65,1.65,41921
PRAXIS,20200709,33.9,36.95,33.9,33.9,5272
PRECAM,20200709,32.85,37.75,32.85,36.75,4015466
PRECOT,20200709,25.5,25.65,23.75,24.15,735
PRECWIRE,20200709,104.95,107.8,103.4,104.1,17364
PREMEXPLN,20200709,132.7,132.7,132.7,132.7,62100
PREMIER,20200709,1.9,1.9,1.9,1.9,1601
PREMIERPOL,20200709,25.9,25.95,24.35,24.35,6870
PRESSMN,20200709,20.6,20.65,19.7,20,17440
PRESTIGE,20200709,204.3,206.45,197.05,199.45,683250
PRICOLLTD,20200709,39.7,39.85,39,39.1,33222
PRIMESECU,20200709,48.8,50.5,47.55,49.45,50334
PRINCEPIPE,20200709,114.5,114.5,110.55,112.1,99949
PROZONINTU,20200709,19.95,20,18.95,19.05,146003
PRSMJOHNSN,20200709,50.75,52.9,49.7,52.05,484561
PSB,20200709,14.25,14.25,14,14.1,274335
PSPPROJECT,20200709,406.5,428.95,399.05,411.1,42151
PSUBNKBEES,20200709,16.77,17.11,16.5,16.93,137205
PTC,20200709,49.35,51.8,49.25,50.4,4569825
PTL,20200709,38,43.65,37.15,43.65,353018
PUNJABCHEM,20200709,484.95,485,468.05,477.3,2130
PURVA,20200709,45.7,46.3,44.7,45.15,127488
PVR,20200709,1060.5,1067.45,1038.05,1042.65,769950
QGOLDHALF,20200709,2147,2154,2146,2147.15,787
QNIFTY,20200709,1103,1109.55,1103,1109,49
QUESS,20200709,338.2,348.5,330,342.65,360877
QUICKHEAL,20200709,117.55,118.45,115,115.4,173317
RADAAN,20200709,1.25,1.25,1.25,1.25,2697
RADICO,20200709,372.8,381,372.8,378.2,486968
RADIOCITY,20200709,17.2,17.65,17.15,17.4,774956
RAIN,20200709,95.7,95.7,92.45,93.65,1882208
RAJESHEXPO,20200709,487.95,487.95,477.5,479.35,74462
RAJRATAN,20200709,276.9,276.9,254,261.1,4035
RAJSREESUG,20200709,15.4,16,15.4,15.9,1870
RAJTV,20200709,34.5,35.3,34.2,34.55,3976
RALLIS,20200709,262.5,270.35,262,264.9,494557
RAMANEWS,20200709,15.75,16.2,15.05,15.2,89796
RAMASTEEL,20200709,36.25,36.25,33.5,34.8,6644
RAMCOCEM,20200709,649.85,657.4,643.15,655.2,504904
RAMCOIND,20200709,173.9,176.9,167.9,175.65,137466
RAMCOSYS,20200709,119.45,119.45,112,113.05,382589
RAMKY,20200709,34.5,41.7,34.5,41.2,847651
RANASUG,20200709,4.2,4.35,4.15,4.2,197394
RANEENGINE,20200709,214.95,224,208.7,211.1,5203
RANEHOLDIN,20200709,449.95,481.9,445,467.55,43976
RATNAMANI,20200709,1054.5,1054.5,1033,1034.6,4138
RAYMOND,20200709,272.7,273.9,268.1,271.95,474590
RBL,20200709,561,581.95,556.45,560.3,55272
RBLBANK,20200709,189,192.4,186.1,188.15,27866808
RCF,20200709,50.5,50.9,50.1,50.55,1718835
RCOM,20200709,1.9,1.9,1.9,1.9,15921492
RECLTD,20200709,108.8,108.8,105.8,106.7,4571841
REDINGTON,20200709,93,95.75,90.6,91.55,1333583
REFEX,20200709,48.35,51.8,47.6,51.4,693269
RELAXO,20200709,650.9,650.9,638.2,643,271700
RELCAPITAL,20200709,10.7,11.8,10.7,11.8,4627886
RELIANCE,20200709,1809,1835,1786.25,1824.25,16807403
RELIGARE,20200709,41,41,39.25,39.7,251568
RELINFRA,20200709,33.1,36.5,33.1,36.5,26725134
REMSONSIND,20200709,66.15,67.5,66.15,66.35,573
RENUKA,20200709,9.55,9.55,9.55,9.55,394573
REPCOHOME,20200709,129.9,132.9,128.05,131.6,368988
REPRO,20200709,391.65,397.95,383.4,388.45,3205
RESPONIND,20200709,88.5,91.9,87,89.4,146437
REVATHI,20200709,402.05,404,385.5,387.4,1126
RGL,20200709,230,230,220,220.05,1244
RHFL,20200709,2.3,2.5,2.3,2.5,4613024
RICOAUTO,20200709,32,32.85,31.7,32.5,512965
RIIL,20200709,415,419.7,411.1,414,254309
RITES,20200709,260.35,263.35,257.15,258.55,454248
RKDL,20200709,8.4,8.4,7.95,8,12235
RKFORGE,20200709,167.7,172.05,165.85,166.65,119999
RMCL,20200709,3.95,4.05,3.95,3.95,120014
RML,20200709,225.8,238,225.75,230.1,35761
RNAVAL,20200709,2.65,2.85,2.65,2.85,6766559
ROHITFERRO,20200709,1.3,1.35,1.3,1.35,8117
ROHLTD,20200709,64.15,64.9,61.1,61.7,115575
ROLLT,20200709,2.15,2.15,2,2.1,19637
ROLTA,20200709,6.2,6.2,6.2,6.2,146971
ROSSELLIND,20200709,78.95,78.95,76.05,78,27201
RPGLIFE,20200709,274,281.45,268.5,270.4,53098
RPOWER,20200709,3.7,4,3.7,4,133161550
RPPINFRA,20200709,66,66,62.55,63.4,83804
RSSOFTWARE,20200709,18.25,18.25,16.9,16.95,17859
RSWM,20200709,80,80.3,77.4,77.85,11926
RSYSTEMS,20200709,100.15,103,99,100.55,22488
RTNINFRA,20200709,2.95,2.95,2.95,2.95,112906
RTNPOWER,20200709,2.2,2.2,2.2,2.2,759260
RUBYMILLS,20200709,165,165,161,161.45,626
RUCHI,20200709,957.9,957.9,957.9,957.9,4956
RUCHINFRA,20200709,18.2,18.2,18.2,18.2,60712
RUCHIRA,20200709,56.45,56.45,51.15,51.6,226939
RUPA,20200709,169.7,171.45,165,166.35,29166
RUSHIL,20200709,112.1,112.9,108.5,109.55,10473
RVNL,20200709,20,20.3,19.9,20,2743566
S&SPOWER,20200709,14.35,15.15,13.75,14.3,5613
SABEVENTS,20200709,1.1,1.1,1.1,1.1,6426
SADBHAV,20200709,49.9,50.95,47.95,48.45,388033
SADBHIN,20200709,18.1,18.25,16.9,16.9,371342
SAFARI,20200709,371.75,382,362.5,375.15,5340
SAGARDEEP,20200709,120.65,126.95,119.8,126.95,35144
SAGCEM,20200709,367.2,386.7,367.2,373.45,12097
SAIL,20200709,36,37.45,36,36.7,70832368
SAKAR,20200709,59.2,63.9,59,61.05,13277
SAKHTISUG,20200709,9.5,9.95,9.5,9.55,31720
SAKSOFT,20200709,195,200,193,194.6,11465
SAKUMA,20200709,6.7,6.85,6.55,6.85,229924
SALASAR,20200709,182,184,175.65,176.55,55765
SALONA,20200709,59.8,60.35,56,58.6,1075
SALSTEEL,20200709,3.4,3.4,3.4,3.4,8778
SALZERELEC,20200709,95,96.05,92.75,93.7,22969
SAMBHAAV,20200709,2.6,2.7,2.5,2.55,41200
SANCO,20200709,10.45,10.5,9.95,10.25,23446
SANDESH,20200709,528,528,491,499.15,762
SANDHAR,20200709,217,224,210.1,219.8,11709
SANGAMIND,20200709,47.05,48.95,45.1,46.2,9923
SANGHIIND,20200709,25.15,25.45,24.9,25.1,389816
SANGHVIFOR,20200709,15.95,16.6,15.25,16.6,2319
SANGHVIMOV,20200709,68.95,70,65.25,66.85,32046
SANGINITA,20200709,89,93,86,91.9,48730
SANOFI,20200709,7560,7678.95,7485.05,7596.95,18447
SANWARIA,20200709,2.8,2.8,2.8,2.8,851995
SARDAEN,20200709,173.6,180.95,172.6,175.25,101768
SAREGAMA,20200709,435,435,426,430.1,5219
SARLAPOLY,20200709,18.75,18.9,18.2,18.25,40204
SASKEN,20200709,471.65,477.45,468,471.25,7439
SASTASUNDR,20200709,73.4,79.95,73.4,77,1482
SATHAISPAT,20200709,2.15,2.25,2.15,2.15,2300
SATIA,20200709,86.5,89.9,78.7,81.15,81234
SATIN,20200709,97.05,97.05,88.05,93.3,280919
SBICARD,20200709,702,704.85,693.2,698.15,1550433
SBIETFQLTY,20200709,96.49,97,94.75,96.27,3779
SBILIFE,20200709,851,853.9,835.05,840.25,1180400
SBIN,20200709,192.8,201,192.55,199.1,89540860
SCAPDVR,20200709,1.5,1.5,1.5,1.5,135661
SCHAEFFLER,20200709,3657.1,3665.65,3550,3594.85,1238
SCHAND,20200709,52.5,53.2,52.5,53.2,57040
SCHNEIDER,20200709,83.8,84.7,82.9,83.35,211722
SCI,20200709,58.8,60.75,58.4,60.3,2584938
SDBL,20200709,71.6,71.6,67.8,68.9,46156
SEAMECLTD,20200709,379.9,384.2,363.05,372,29433
SELAN,20200709,110,120.65,108.5,120.65,244708
SEPOWER,20200709,2.95,3,2.85,3,16996
SEQUENT,20200709,94,94.8,93.1,93.55,382928
SESHAPAPER,20200709,152.85,155.9,152.85,153.35,44105
SETCO,20200709,10.4,10.55,10.15,10.25,36152
SETF10GILT,20200709,198.7,201.1,197.05,197.12,169
SETFGOLD,20200709,4400,4429.8,4399.5,4425.55,19350
SETFNIF50,20200709,110.5,111.7,110.5,111.56,117854
SETFNIFBK,20200709,225,228.8,225,228.08,55026
SETFNN50,20200709,273.98,273.98,268.35,270.06,4888
SETUINFRA,20200709,1.15,1.15,1.15,1.15,186461
SEYAIND,20200709,91.7,92.5,85.2,90.7,125673
SFL,20200709,1411,1442.95,1410.05,1426.35,11101
SGL,20200709,8.45,8.6,8.4,8.5,5714
SHAHALLOYS,20200709,8.05,8.05,7.35,8,454
SHAKTIPUMP,20200709,187,192,185.5,188.2,45294
SHALBY,20200709,76.55,77.4,74.5,74.7,106107
SHALPAINTS,20200709,62.15,62.2,60.05,60.35,64250
SHANKARA,20200709,367,375,357,364.15,106488
SHANTIGEAR,20200709,86.4,88,85.1,85.65,15669
SHARDACROP,20200709,296.95,296.95,273.1,278,58063
SHARDAMOTR,20200709,807.05,807.05,785.85,789.85,1266
SHARIABEES,20200709,256,259.9,252.05,254.28,131
SHEMAROO,20200709,62.95,65,62.9,65,160092
SHIL,20200709,80,80,77.7,77.85,81608
SHILPAMED,20200709,490.2,524,482.95,515.05,291724
SHIRPUR-G,20200709,7.8,8.15,7.65,8.05,33872
SHIVAMAUTO,20200709,16.15,16.15,15.55,15.7,19121
SHIVAMILLS,20200709,24.5,25.95,24.3,25.35,8055
SHIVATEX,20200709,89,93,89,90.7,7485
SHK,20200709,70.65,71.25,69.2,69.7,539467
SHOPERSTOP,20200709,174.15,177.95,171.75,173.5,66531
SHREDIGCEM,20200709,49.25,54.8,47.2,53.25,2350808
SHREECEM,20200709,22622,22915,22380.2,22803.6,48256
SHREEPUSHK,20200709,96.8,100.75,96.5,97.8,40663
SHREERAMA,20200709,5.1,5.1,4.75,4.85,7569
SHRENIK,20200709,45.5,45.75,44.15,44.6,39708
SHREYANIND,20200709,80.05,81.8,78.15,79.2,19367
SHREYAS,20200709,65.6,65.8,62.35,62.95,19072
SHRIPISTON,20200709,575,602,575,582.05,2085
SHRIRAMCIT,20200709,705,724.95,705,707.95,99881
SHRIRAMEPC,20200709,4.3,4.3,4.3,4.3,255936
SHYAMCENT,20200709,3.75,3.8,3.5,3.75,32211
SICAGEN,20200709,13.4,13.8,13.3,13.55,4590
SICAL,20200709,10.5,10.8,10.05,10.45,295375
SIEMENS,20200709,1166,1169.5,1140.6,1144.6,606310
SIGIND,20200709,23.25,23.25,22.3,22.7,12302
SIL,20200709,9.6,9.8,9.2,9.75,1813
SILINV,20200709,143.95,143.95,137.85,142.35,973
SILLYMONKS,20200709,28.2,28.2,28.2,28.2,150
SIMBHALS,20200709,7.2,7.5,7,7.5,5313
SIMPLEXINF,20200709,30.7,32.6,30.7,32.6,279774
SINTEX,20200709,2.55,2.55,2.55,2.55,2422701
SIRCA,20200709,217.75,222,210,217.05,29652
SIS,20200709,387.5,389.45,381.35,382.3,21842
SITINET,20200709,1.85,1.85,1.85,1.85,76502
SIYSIL,20200709,137.8,137.8,135.5,135.95,24260
SJVN,20200709,22.55,22.6,22.15,22.3,1649032
SKFINDIA,20200709,1782,1782,1752.1,1760.2,62383
SKIL,20200709,4.8,4.8,4.4,4.7,14527
SKIPPER,20200709,40,40.45,39.05,39.75,79439
SKMEGGPROD,20200709,35.1,36,34.4,35.55,20315
SMARTLINK,20200709,70.35,71.65,69.55,70.75,2381
SMLISUZU,20200709,412.15,449,411.05,436.7,1508785
SMSLIFE,20200709,298.45,307.85,296.15,298.8,5698
SMSPHARMA,20200709,61.85,65.5,60.3,63.4,303590
SNOWMAN,20200709,33.45,34,32.7,32.9,667867
SOBHA,20200709,244.5,244.65,237.65,239.9,254078
SOLARA,20200709,642,645,630,635.15,68233
SOLARINDS,20200709,982.5,999.2,982.5,993.15,4574
SOMANYCERA,20200709,123,124,117.5,119.25,84147
SOMATEX,20200709,2.8,2.8,2.8,2.8,1001
SOMICONVEY,20200709,17.75,18.85,17.05,18.8,39680
SONATSOFTW,20200709,230.05,237.15,230.05,235.65,248572
SORILINFRA,20200709,63.65,64.9,60.7,60.7,109540
SOTL,20200709,699,700,690.5,691.65,1067
SOUTHBANK,20200709,8.3,8.3,8.15,8.3,20282453
SOUTHWEST,20200709,20.75,20.85,20.75,20.85,348
SPAL,20200709,79.5,80,77.7,79,15550
SPANDANA,20200709,636.65,636.65,636.65,636.65,2508
SPARC,20200709,163.6,164.7,161.7,162.75,579439
SPECIALITY,20200709,36.15,37.2,35,35.35,84868
SPENCERS,20200709,98.8,101.4,98.25,98.8,1434873
SPENTEX,20200709,0.85,0.85,0.85,0.85,8694
SPIC,20200709,23.6,23.8,22.1,22.25,450259
SPICEJET,20200709,51.4,51.5,50.2,50.55,2449247
SPLIL,20200709,30.5,30.85,29.1,29.7,24034
SPMLINFRA,20200709,9,9.5,8.8,8.9,20066
SPTL,20200709,2.85,2.85,2.85,2.85,2789705
SREEL,20200709,134.65,135,129.4,130.3,4270
SREINFRA,20200709,7.8,8.1,7.75,7.9,1603706
SRF,20200709,3910,3960,3840,3890.65,218709
SRHHYPOLTD,20200709,140,154.35,135.35,152.9,82528
SRIPIPES,20200709,207.6,211.65,204.25,209.65,108073
SRTRANSFIN,20200709,748,769,714,721.4,6184973
SSWL,20200709,444.8,454.1,440.05,443.75,40065
STAR,20200709,414.9,432,413,420.8,1597384
STARCEMENT,20200709,89.5,90.25,88.6,89.6,81633
STARPAPER,20200709,105.65,108.8,105.65,107,129377
STCINDIA,20200709,53,53.05,50.8,51.15,45218
STEELCITY,20200709,29.9,31.45,29.9,31.25,5042
STEELXIND,20200709,26.1,28.35,26.1,27.95,98452
STEL,20200709,63.45,66,62.05,65.7,68098
STERTOOLS,20200709,182.95,187,181.2,184.05,19744
STINDIA,20200709,3.5,3.65,3.5,3.65,236
STRTECH,20200709,135.55,137.8,134.1,136.4,907672
SUBCAPCITY,20200709,7.2,7.2,7.2,7.2,1
SUBEX,20200709,7.75,7.95,7.45,7.8,756403
SUBROS,20200709,173.6,174.75,169.05,170.8,108396
SUDARSCHEM,20200709,416.15,421.5,407,410.7,187052
SUMEETINDS,20200709,2.3,2.3,2.3,2.3,39646
SUMICHEM,20200709,276.85,278.35,273.35,275.15,200012
SUMIT,20200709,11.65,12.05,11.45,11.45,356
SUMMITSEC,20200709,341.1,373,341.1,345.15,6832
SUNCLAYLTD,20200709,1661.7,1722.55,1652.6,1678.85,3212
SUNDARAM,20200709,1.45,1.45,1.45,1.45,61013
SUNDARMFIN,20200709,1346,1368.9,1310.55,1318.2,23993
SUNDARMHLD,20200709,49.85,52.55,49.5,49.8,522688
SUNDRMBRAK,20200709,234.7,241.5,232.1,234.85,1118
SUNDRMFAST,20200709,382,388,378.65,381.85,39100
SUNFLAG,20200709,39.5,43.9,39.1,42.3,1348503
SUNPHARMA,20200709,484.55,487.2,480.35,481.95,3184423
SUNTECK,20200709,182.9,194.9,179.5,192.55,1546046
SUNTV,20200709,392,402,390.65,400.85,2916418
SUPERHOUSE,20200709,90,90,86.15,87.6,47020
SUPERSPIN,20200709,4.45,4.45,4.1,4.4,20656
SUPPETRO,20200709,182,190,176.55,188.95,215589
SUPRAJIT,20200709,158,162,153,159.5,225541
SUPREMEIND,20200709,1136.95,1145.05,1102,1108.75,32546
SURANASOL,20200709,7.65,7.8,7.4,7.55,14781
SURANAT&P,20200709,5,5,4.65,4.7,72454
SURYALAXMI,20200709,18,18.05,17.25,17.65,2551
SURYAROSNI,20200709,121.1,124.45,120.25,120.55,53097
SUTLEJTEX,20200709,22.4,22.4,21.75,21.95,26331
SUVEN,20200709,38.5,39.9,38.4,39.05,463303
SUVENPHAR,20200709,497,501.35,480.55,488.4,89852
SUZLON,20200709,4.8,5.3,4.8,5.3,152568245
SWANENERGY,20200709,143.75,147,142.6,143.55,83673
SWARAJENG,20200709,1410,1439,1406,1427.35,7625
SWELECTES,20200709,115.3,116.1,110,112.05,37105
SWSOLAR,20200709,254,254,244.75,244.75,137720
SYMPHONY,20200709,904.8,904.8,888,897.9,53026
SYNCOM,20200709,2.85,2.85,2.85,2.85,51935
SYNGENE,20200709,430.4,436.6,416,430.05,1014696
TAINWALCHM,20200709,49.55,51.85,48.8,51.85,13487
TAJGVK,20200709,151.25,152.65,150.1,150.9,82475
TAKE,20200709,47.45,47.45,45.2,45.35,418901
TALBROAUTO,20200709,105.9,108.95,104,106.15,15337
TANLA,20200709,77,80.35,76.3,79.2,668446
TANTIACONS,20200709,1.9,1.9,1.9,1.9,4649
TARMAT,20200709,28,28.65,25.6,27.7,23623
TASTYBITE,20200709,12900,13099,12580,12681.2,1542
TATACHEM,20200709,313,316,306.2,307.1,3272247
TATACOFFEE,20200709,88.4,89.25,87,87.25,802920
TATACOMM,20200709,635,635,621.25,625.7,28507
TATACONSUM,20200709,433.05,437.3,428.85,433.35,2808388
TATAELXSI,20200709,927.9,934,922,926.45,283613
TATAINVEST,20200709,765.2,768.3,760,762.8,11067
TATAMETALI,20200709,516,535,516,524.6,82969
TATAMOTORS,20200709,106.3,108.95,104.65,106.95,54492889
TATAMTRDVR,20200709,42.2,43.05,41.75,42.45,4750719
TATAPOWER,20200709,52.45,53.2,52.1,52.5,26307686
TATASTEEL,20200709,337,348.5,336.5,344.5,24403806
TATASTLBSL,20200709,21.4,21.8,21.1,21.6,3404962
TATASTLLP,20200709,265.75,274,265.7,268.45,120037
TBZ,20200709,31.9,32,31,31.2,391326
TCI,20200709,171.55,178.95,171.55,175.4,49765
TCIDEVELOP,20200709,274.15,285.95,274.15,279,662
TCIEXP,20200709,664,687.8,657.55,680.4,30729
TCIFINANCE,20200709,6.9,6.9,6.35,6.9,8607
TCNSBRANDS,20200709,344.95,358.4,344,358.4,21481
TCPLPACK,20200709,297.5,316.4,295.15,316.4,102081
TCS,20200709,2229,2244.5,2191.05,2204.35,3443998
TDPOWERSYS,20200709,110.5,113.85,110.5,111.5,25594
TEAMLEASE,20200709,1834,1844.8,1770,1787.3,13973
TECHIN,20200709,3.45,3.45,3.45,3.45,690
TECHM,20200709,583.45,587.7,572.05,577.3,2498149
TECHNOE,20200709,188.85,188.85,181.1,182.85,8469
TECHNOFAB,20200709,9.8,9.8,9.8,9.8,7925
TEJASNET,20200709,51.8,51.8,51,51.8,1342998
TERASOFT,20200709,30.8,31.5,29,29.75,122526
TEXINFRA,20200709,41.5,41.5,39.3,39.55,17873
TEXMOPIPES,20200709,16.3,16.3,14.95,15.05,49298
TEXRAIL,20200709,28.6,29.3,28.35,28.45,295749
TFCILTD,20200709,39.05,41.15,39,39.5,216471
TFL,20200709,3.2,3.2,3.2,3.2,45
TGBHOTELS,20200709,4,4,3.8,3.85,19858
THANGAMAYL,20200709,266.3,273,266.3,269.2,10360
THEINVEST,20200709,106.35,106.9,100,103.05,4052
THEMISMED,20200709,374.3,375,359.6,374.5,1617
THERMAX,20200709,765.8,774.7,758,765.1,31564
THOMASCOOK,20200709,30.9,31.9,30.45,31.9,445224
THOMASCOTT,20200709,6.85,6.85,6.75,6.75,1010
THYROCARE,20200709,527,542.6,521.1,535.7,106056
TI,20200709,18.3,18.6,17.7,17.85,99916
TIDEWATER,20200709,4198.8,4473.85,4198.8,4223.25,2217
TIIL,20200709,257,273,256.3,258.4,4219
TIINDIA,20200709,437.1,446,437,445.05,52027
TIJARIA,20200709,6.5,7,6.4,7,35422
TIL,20200709,148.65,155,146.25,149.7,14117
TIMESGTY,20200709,23.45,25.8,21.65,23.3,7570
TIMETECHNO,20200709,40.6,40.6,39.1,39.35,233003
TIMKEN,20200709,984,1010,980,996,29513
TINPLATE,20200709,132,144.35,132,142.1,5242012
TIPSINDLTD,20200709,145.45,145.45,138.15,142,7857
TIRUMALCHM,20200709,66.75,66.75,60.45,62.2,3672867
TITAN,20200709,995,1002.5,978.35,991.6,3585898
TMRVL,20200709,11.3,11.3,11.3,11.3,50503
TNPETRO,20200709,42.8,42.8,39.2,40.1,814648
TNPL,20200709,116.6,121.35,116.55,119.25,1213746
TNTELE,20200709,1.85,1.85,1.85,1.85,170
TOKYOPLAST,20200709,62.45,63.95,61.1,62.3,10986
TORNTPHARM,20200709,2360,2404,2350,2363.3,435776
TORNTPOWER,20200709,334,336.5,329.1,330.45,537231
TOUCHWOOD,20200709,44.1,44.1,43.8,43.85,86
TPLPLASTEH,20200709,109.55,118.35,109,114.9,12286
TREEHOUSE,20200709,4.6,4.75,4.55,4.7,40155
TREJHARA,20200709,11.6,11.65,11.2,11.65,188971
TRENT,20200709,626.6,633,618.5,621.7,184662
TRF,20200709,79.3,81.4,78.2,78.75,17830
TRIDENT,20200709,6.75,6.75,6.6,6.6,5792340
TRIGYN,20200709,34.45,35.2,33.85,34.2,40942
TRIL,20200709,11.85,12,11.6,11.7,194395
TRITURBINE,20200709,75.25,76.5,71.8,72.4,168118
TRIVENI,20200709,57,57.4,56.1,56.35,282241
TTKHLTCARE,20200709,445.4,453.2,440,442,1209
TTKPRESTIG,20200709,5471.2,5498,5380,5402.95,2307
TTL,20200709,31,31,29.55,29.75,11520
TTML,20200709,3.95,3.95,3.75,3.8,1662541
TV18BRDCST,20200709,34.45,34.8,33.8,33.95,3449276
TVSELECT,20200709,100.8,103,98.5,99.35,14644
TVSMOTOR,20200709,390,390.85,381.5,389.7,2337807
TVSSRICHAK,20200709,1405,1505,1383,1481.05,57160
TVTODAY,20200709,209.95,211,205.1,206.25,42398
TVVISION,20200709,1.9,1.9,1.9,1.9,10973
TWL,20200709,42,43.15,40.1,42.2,544899
UBL,20200709,1070,1089,1055,1070.15,740889
UCALFUEL,20200709,116,116,113.1,113.45,15630
UCOBANK,20200709,14.15,14.35,14,14.15,2304374
UFLEX,20200709,237.8,253,235,249.1,278232
UFO,20200709,77.6,78.4,76.4,76.7,85207
UGARSUGAR,20200709,14.05,14.45,14.05,14.25,104594
UJAAS,20200709,6.75,6.75,6.75,6.75,263706
UJJIVAN,20200709,257,265.8,257,262.95,5293796
UJJIVANSFB,20200709,40,42.5,40,40.85,8449636
ULTRACEMCO,20200709,3802,3858.75,3767.05,3843.45,524030
UMANGDAIRY,20200709,46,47.5,46,46.65,7991
UNICHEMLAB,20200709,188.7,193,182.5,184.45,216688
UNIENTER,20200709,59.35,63,59.1,60.15,2379
UNIONBANK,20200709,32.8,33.15,32.5,32.7,3650680
UNIPLY,20200709,6.75,6.75,6.2,6.35,1035736
UNITEDTEA,20200709,271.5,271.5,253,260.7,181
UNIVASTU,20200709,30.3,31.6,30.15,30.8,2976
UNIVCABLES,20200709,122,127.6,120.45,123.15,28782
UNIVPHOTO,20200709,93,99.6,93,97.2,1369
UPL,20200709,447,447.9,437.15,442.55,5160583
URJA,20200709,3.7,3.7,3.7,3.7,826160
USHAMART,20200709,19.95,20.65,19.6,19.8,602557
UTINEXT50,20200709,270.15,272.5,266.01,267.7,1084
UTINIFTETF,20200709,1140,1150.75,1140,1148.13,9181
UTISENSETF,20200709,391.01,398.99,384,386.56,294
UTISXN50,20200709,292.25,292.58,291.01,292.57,84
UTTAMSTL,20200709,6.6,6.6,6.6,6.6,64295
UTTAMSUGAR,20200709,79,79.35,77,77.35,19806
UVSL,20200709,0.6,0.6,0.6,0.6,27836827
V2RETAIL,20200709,55,55.35,53.3,53.7,44326
VADILALIND,20200709,515.05,519.35,515,516.85,3265
VAIBHAVGBL,20200709,1333,1339,1320,1330.2,11561
VAISHALI,20200709,50.95,50.95,48.8,49.55,58458
VAKRANGEE,20200709,31.65,33,31.35,31.95,1764449
VARDHACRLC,20200709,31.15,32.4,30.4,31.3,29830
VARDMNPOLY,20200709,10.4,10.4,9.95,10.4,21648
VARROC,20200709,222.35,222.35,217.65,222.35,370606
VASCONEQ,20200709,9.55,9.9,9.5,9.6,90403
VASWANI,20200709,5.4,5.85,5.4,5.7,6057
VBL,20200709,683,698.75,680.1,688.65,144015
VEDL,20200709,111.8,114.45,111.25,112,20519184
VENKEYS,20200709,1119.8,1125.7,1101,1106.4,50751
VENUSREM,20200709,61.35,61.35,58.25,58.5,7139
VERTOZ,20200709,109,113.4,107.25,111.15,218584
VESUVIUS,20200709,906,914.95,896,899.85,1093
VETO,20200709,46.15,48.6,46.15,46.7,17394
VGUARD,20200709,173.5,176.9,170.75,174.65,485855
VHL,20200709,1189,1189,1160.4,1172.45,103
VICEROY,20200709,2.65,2.65,2.65,2.65,23028
VIDHIING,20200709,75.95,75.95,72.05,72.95,28377
VIJIFIN,20200709,0.8,0.8,0.8,0.8,65433
VIKASECO,20200709,3.95,4,3.85,3.85,637105
VIKASMCORP,20200709,6.7,6.7,6.5,6.5,4197127
VIKASPROP,20200709,3.8,3.8,3.8,3.8,1431537
VIKASWSP,20200709,6.6,6.85,6.6,6.75,116168
VIMTALABS,20200709,87,92.9,86.95,89.4,327507
VINATIORGA,20200709,1010.35,1030,1010,1017.85,110490
VINDHYATEL,20200709,740.95,740.95,715.05,721.6,4739
VINYLINDIA,20200709,96.8,96.8,94,94.6,52234
VIPCLOTHNG,20200709,8.1,8.5,7.9,7.95,50881
VIPIND,20200709,258.1,259.9,254,254.85,335911
VIPULLTD,20200709,14.95,15.4,14.55,15.15,3726
VISAKAIND,20200709,256,258,246,246.85,25172
VISASTEEL,20200709,5.95,5.95,5.95,5.95,12333
VISHAL,20200709,256,267.6,256,260,30957
VISHNU,20200709,143,145,137,137.45,19887
VISHWARAJ,20200709,83.8,85.2,83.4,84.05,18684
VIVIDHA,20200709,0.35,0.35,0.35,0.35,399703
VIVIMEDLAB,20200709,12.65,12.75,12.25,12.3,74381
VLSFINANCE,20200709,52,53,51.8,52.4,103538
VMART,20200709,1920,1959.25,1842,1876.45,24780
VOLTAMP,20200709,1140,1140,1113,1120.9,8589
VOLTAS,20200709,563,565,556.2,560.75,969170
VRLLOG,20200709,160.55,161,158.5,158.9,83326
VSSL,20200709,60.35,61,58.65,59.75,2101
VSTIND,20200709,3235,3249,3205.1,3228.9,9770
VSTTILLERS,20200709,1333.4,1336.45,1316.4,1327.1,7944
VTL,20200709,683.6,689.55,670,674.6,10975
WABAG,20200709,115.9,118.2,110.85,111.95,273683
WABCOINDIA,20200709,6910,6925,6910,6912,970
WALCHANNAG,20200709,56.15,56.15,56.15,56.15,48958
WANBURY,20200709,24.85,24.85,24.8,24.85,23774
WATERBASE,20200709,102.7,103.4,101.5,101.8,104444
WEBELSOLAR,20200709,20.1,21.25,19.55,20.65,38426
WEIZMANIND,20200709,24,27,24,25,8084
WELCORP,20200709,86,89.6,85.65,88.45,3958509
WELENT,20200709,66.8,67.4,65.5,65.9,146721
WELINV,20200709,216.1,230,216.1,222,121
WELSPUNIND,20200709,34.9,34.9,33.65,33.95,904361
WENDT,20200709,2834,2834,2675,2724.45,505
WESTLIFE,20200709,336,338.9,318.65,328.1,603180
WHEELS,20200709,453.9,462,443,445.7,24708
WHIRLPOOL,20200709,2235,2249.95,2205.2,2224.1,17727
WILLAMAGOR,20200709,17.45,17.95,17,17.75,5924
WINDMACHIN,20200709,14.8,14.8,13.9,13.95,161121
WIPL,20200709,50,50,47.5,50,1322
WIPRO,20200709,224.25,224.6,219.65,221.6,6709048
WOCKPHARMA,20200709,266,275.4,263,265.35,913837
WONDERLA,20200709,137,139.2,135.5,136.75,12373
WSI,20200709,1.5,1.5,1.5,1.5,1666
WSTCSTPAPR,20200709,185.75,191.3,185,187.95,132021
XCHANGING,20200709,44.85,44.85,43.5,43.55,49349
XELPMOC,20200709,68.05,74,68.05,72.9,1596
XPROINDIA,20200709,25.8,26,24.65,24.95,2590
YESBANK,20200709,27.5,27.5,26.2,26.65,42188239
ZEEL,20200709,174.65,174.65,169.75,171.9,18344508
ZEELEARN,20200709,15.4,16.25,14.95,15.15,1519371
ZEEMEDIA,20200709,6.45,6.45,6.05,6.05,2091058
ZENITHEXPO,20200709,38.5,38.5,36.6,37.9,1295
ZENSARTECH,20200709,128.6,132,128.3,129,76876
ZENTEC,20200709,52.4,54.7,51.35,52.35,228632
ZICOM,20200709,2.9,2.9,2.8,2.8,1622
ZODIACLOTH,20200709,127.3,128.1,125.3,126.1,2721
ZODJRDMKJ,20200709,34.35,35.7,33.05,35.7,50238
ZOTA,20200709,141.45,144.9,140.3,143.65,6401
ZUARI,20200709,102.05,103.95,99,99.45,94472
ZUARIGLOB,20200709,56.8,56.9,55,55.6,16825
ZYDUSWELL,20200709,1375,1403,1331,1381.65,84592
NSENIFTY,20200709,10755.55,10836.85,10733.00,10813.45,618652409,0
NIFTYJUNIOR,20200709,26377.45,26494.65,26202.00,26268.60,214554440,0
NIFTYMIDCAPLIQ15,20200709,3612.15,3619.55,3585.75,3604.50,137708565,0
NSE100,20200709,10918.85,10984.60,10898.85,10962.70,833206849,0
NIFTY200,20200709,5573.10,5603.50,5562.85,5592.80,1729257635,0
NSE500,20200709,8823.75,8867.30,8808.00,8851.50,2300310833,0
NSEMIDCAP150,20200709,5848.95,5860.00,5819.10,5835.75,918783391,0
MIDCAP50,20200709,4306.70,4321.30,4287.10,4308.10,850542536,0
NSEMIDCAP,20200709,15368.45,15415.10,15299.65,15362.45,896050786,0
NSESMLCAP100,20200709,4858.40,4886.35,4851.85,4880.15,-,0
NIFTYLARGEMIDCAP250,20200709,-,-,-,5494.33,1751990240,0
NIFTYAUTO,20200709,7101.90,7112.05,7022.20,7085.60,102206411,0
BANKNIFTY,20200709,22753.15,22998.30,22673.40,22907.20,355982560,0
NIFTYFINSERVICE,20200709,11174.05,11338.05,11153.80,11305.30,250692832,0
NIFTYFMGC,20200709,30785.70,30891.40,30581.45,30671.75,39786405,0
NSEIT,20200709,15572.35,15663.45,15468.40,15535.95,26614822,0
NIFTYMEDIA,20200709,1379.65,1382.40,1364.80,1374.55,35498416,0
NIFTYMETAL,20200709,2072.10,2121.75,2071.35,2094.30,271245984,0
NIFTYPHARMA,20200709,10000.90,10039.70,9955.35,9987.55,23680920,0
NIFTYPVTBANK,20200709,12558.45,12655.60,12495.75,12606.55,194481701,0
NIFTYPSUBANK,20200709,1524.35,1544.90,1508.95,1530.55,231190476,0
NIFTYREALTY,20200709,206.50,207.80,203.05,204.75,26948514,0
NIFTYCOMMODITIES,20200709,2913.55,2932.90,2906.10,2920.15,279823580,0
NIFTYCONSUMPTION,20200709,4913.65,4917.75,4879.75,4906.60,110635297,0
NIFTYCPSE,20200709,1449.05,1455.10,1433.50,1436.60,106606632,0
NIFTYENERGY,20200709,14639.05,14682.25,14565.35,14620.85,137463053,0
NIFTY100ESG,20200709,-,-,-,2099.47,677662834,0
NIFTY100ENHESG,20200709,-,-,-,2114.07,651978732,0
NIFTYINFRA,20200709,3076.80,3087.40,3066.05,3081.90,231463170,0
NIFTYMNC,20200709,13507.10,13519.20,13408.55,13443.05,428331373,0
NIFTYPSE,20200709,2522.30,2531.20,2495.90,2500.60,322604939,0
NIFTYSMEEMERGE,20200709,-,-,-,1227.51,1093273,0
NIFTYSERVSECTOR,20200709,14386.35,14526.70,14369.75,14495.05,404060715,0
NIFTYSHARIAH25,20200709,-,-,-,4234.89,106456655,0
NIFTY50SHARIAH,20200709,-,-,-,2515.54,134584431,0
NIFTY500SHARIAH,20200709,-,-,-,2980.35,468195180,0
NIFTYABGROUP,20200709,-,-,-,2610.97,411264105,0
NIFTYMAHINDRA,20200709,-,-,-,8421.55,32261446,0
NIFTYTATA,20200709,-,-,-,6735.71,129575096,0
NIFTYTATA25CAP,20200709,-,-,-,4331.12,117883478,0
NIFTYABGROUP,20200709,-,-,-,2610.97,411264105,0
NIFTYLIQ15,20200709,2706.50,2742.15,2703.05,2733.70,346668738,0
NIFTY500VALUE50,20200709,-,-,-,3033.08,565844202,0
NIFTYALPHALOWVOL30,20200709,-,-,-,10963.50,92494489,0
NIFTYQUALLOWVOL30,20200709,-,-,-,8069.28,99651174,0
NIFTYALPHAQUALLOWVOL30,20200709,-,-,-,9215.61,119871145,0
NIFTYALPHAQUALVALLOWVOL30,20200709,-,-,-,7016.36,129467204,0
NIFTY50EQUALWEIGHT,20200709,11005.70,11059.00,10984.25,11035.25,618652409,0
NIFTY100EQUALWEIGHT,20200709,12193.95,12223.80,12128.80,12171.75,833206849,0
NIFTY100LOWVOL30,20200709,8527.45,8541.25,8493.40,8524.80,148386341,0
NSEDEFTY,20200709,-,-,-,4995.93,-,0
NIFTY50DIVPOINT,20200709,28.65,28.65,28.65,28.65,-,0
NIFTYDIVOPPS50,20200709,2325.55,2329.30,2309.75,2313.30,425416642,0
NIFTYALPHA50,20200709,14112.10,14168.60,14072.75,14146.70,117537701,0
NIFTY50ARBITRAGE,20200709,-,-,-,1899.08,-,0
NIFTY50FUTINDEX,20200709,-,-,-,3621.43,-,0
NIFTY50FUTTRINDEX,20200709,-,-,-,11152.91,-,0
NIFTYHIGHBETA50,20200709,-,-,-,1104.67,1204884449,0
NIFTYLOWVOL50,20200709,-,-,-,10388.03,140274164,0
NIFTY50VALUE20,20200709,5169.65,5179.00,5142.15,5151.95,231618911,0
NIFTYGROWSECT15,20200709,5443.65,5488.10,5430.05,5473.70,156024686,0
NIFTY50TR2XLEV,20200709,4860.05,4932.80,4840.35,4912.05,-,0
NIFTY50PR2XLEV,20200709,3692.05,3747.40,3677.05,3731.65,-,0
NIFTY50TR1XINV,20200709,355.30,356.00,352.60,353.35,-,0
NIFTY50PR1XINV,20200709,407.35,408.20,404.25,405.15,-,0
NIFTY-GS-COMPSITE,20200709,2245.53,2247.05,2243.55,2246.89,-,0
NIFTY-GS-4-8YR,20200709,2345.41,2346.96,2343.81,2346.52,-,0
NIFTY-GS-8-13YR,20200709,2201.46,2203.00,2199.19,2202.90,-,0
NIFTY-GS-10YR,20200709,2003.60,2005.19,2001.42,2004.40,-,0
NIFTY-GS-10YR-CLN,20200709,980.64,981.42,979.56,981.03,-,0
NIFTY-GS-11-15YR,20200709,2370.30,2370.68,2366.61,2370.53,-,0
NIFTY-GS-15YRPLUS,20200709,2608.68,2611.01,2608.68,2611.01,-,0
VIX,20200709,26.10,27.66,24.74,24.91,0,0
