20MICRONS,20210812,58.6,61.8,58.55,61.15,67303
21STCENMGM,20210812,26.75,26.75,26.75,26.75,2176
3IINFOTECH,20210812,8.7,8.7,8.15,8.35,5550909
3MINDIA,20210812,23810,24966.15,23704.85,24596.85,11674
3PLAND,20210812,14.75,14.95,14,14.4,4654
5PAISA,20210812,485,497,480.05,490.65,31793
63MOONS,20210812,98.9,100.9,97.05,99.3,58727
A2ZINFRA,20210812,4.45,4.6,4.35,4.6,372363
AAKASH,20210812,276,276,262,268.75,75399
AAREYDRUGS,20210812,40.4,42,39.45,40.95,61802
AARON,20210812,113,113,105.3,109.45,8238
AARTIDRUGS,20210812,648.15,662,645.2,657.25,145423
AARTIIND,20210812,923,936.75,920.35,926.6,568088
AARTISURF,20210812,1480,1549.75,1470.1,1521.2,77827
AARVEEDEN,20210812,22.9,23.2,21.15,23.2,11945
AARVI,20210812,64.9,67,63.55,66.8,42823
AAVAS,20210812,2571.05,2655,2560,2616.95,55090
ABAN,20210812,43.8,44.9,42.75,43.75,78541
ABB,20210812,1677,1724.4,1666,1718.35,78404
ABBOTINDIA,20210812,18350.4,18656.9,18201.1,18596.8,15607
ABCAPITAL,20210812,115.75,117.45,114.8,116.5,1998445
ABFRL,20210812,209,212.75,208,209.7,2292417
ABSLBANETF,20210812,356.55,357.85,356,357.75,100166
ABSLNN50ET,20210812,399,400.7,397.55,400,117
ACC,20210812,2278.35,2329.95,2255,2292,593594
ACCELYA,20210812,1350,1372.9,1332.9,1344.25,58360
ACCURACY,20210812,112.7,116,105.35,109.4,108648
ACE,20210812,215.7,234.55,215.55,229.35,933115
ACRYSIL,20210812,608,641,602.95,638.95,145750
ADANIENT,20210812,1443.6,1458,1430.25,1442.9,2455443
ADANIGREEN,20210812,890,920,885,913.7,2615374
ADANIPORTS,20210812,701,710.4,700,704.05,5068665
ADANIPOWER,20210812,81.9,86.8,81.1,85,3362033
ADANITRANS,20210812,950,959,918,955.05,58601
ADFFOODS,20210812,779,822,771.95,812.75,33038
ADL,20210812,36.2,38,36.2,37.8,1197
ADORWELD,20210812,680,713.8,679.45,693.5,17630
ADROITINFO,20210812,9.35,9.35,9.35,9.35,1165
ADSL,20210812,59.95,63,58.65,61.75,200265
ADVANIHOTR,20210812,70.4,74.7,70.15,73.8,101271
ADVENZYMES,20210812,386,397.95,385.1,390,252179
AEGISCHEM,20210812,263.5,288,263.35,283.3,953589
AFFLE,20210812,4100,4200,4060.8,4141,239926
AGARIND,20210812,315,321.65,312,321.65,16541
AGCNET,20210812,1090.1,1149.85,1074.1,1131,1134
AGRITECH,20210812,45.75,46.9,44.25,46.65,16169
AGROPHOS,20210812,16.7,18,16.2,17.9,455105
AHLADA,20210812,166.25,183.45,166.25,180.5,260540
AHLEAST,20210812,184,184,176.25,178.4,2068
AHLUCONT,20210812,363.8,381.1,363.8,370.4,126662
AHLWEST,20210812,289.95,292,284,288.65,2458
AIAENG,20210812,1951,2000,1945,1949.1,54800
AIRAN,20210812,22.4,23.8,22.1,23.3,37810
AJANTPHARM,20210812,2262.8,2281.7,2216.25,2253.25,140918
AJMERA,20210812,315,327.7,305,327.7,38647
AJOONI,20210812,59.3,59.95,56.4,57,11469
AKASH,20210812,183.3,185.95,175.55,179.55,42223
AKG,20210812,23.8,25.4,23.8,24.25,10281
AKSHARCHEM,20210812,437.5,464.7,437.5,447.5,66048
AKSHOPTFBR,20210812,9.3,9.85,8.95,9.85,454744
AKZOINDIA,20210812,2133,2177.8,2132.95,2146.45,7600
ALANKIT,20210812,13.8,15.75,13.7,15.4,1477567
ALBERTDAVD,20210812,582,655,582,637.1,382851
ALEMBICLTD,20210812,108.8,113.7,108.5,113,391818
ALICON,20210812,825,910,821.75,897.95,59809
ALKALI,20210812,74.1,80.4,73.55,77.9,50770
ALKEM,20210812,3683,3687.95,3628.2,3645.6,148555
ALKYLAMINE,20210812,4227.8,4274,4180,4235,44644
ALLCARGO,20210812,200,208.7,195.75,204.7,2335469
ALLSEC,20210812,422.1,434.8,417.05,428.9,9670
ALMONDZ,20210812,70.7,70.85,68.05,70.85,54375
ALOKINDS,20210812,22.1,22.6,21.9,22.35,3973827
ALPA,20210812,50.2,56.2,50.2,55.15,88085
ALPHAGEO,20210812,319.05,339,318.65,335.85,48873
ALPSINDUS,20210812,2.8,2.8,2.6,2.6,10001
AMARAJABAT,20210812,724,733,720.7,729.5,637971
AMBER,20210812,2859.7,2942.5,2858.45,2923.9,47887
AMBICAAGAR,20210812,18,19,18,18.65,10823
AMBIKCO,20210812,1600,1625,1540,1577.5,94161
AMBUJACEM,20210812,400.3,408,395.45,399.8,4066743
AMDIND,20210812,26.85,26.85,25.4,26.4,15907
AMJLAND,20210812,33.1,35.25,33.1,33.75,79547
AMRUTANJAN,20210812,679,699,668.5,681.35,78238
ANANTRAJ,20210812,64,64.9,61.8,63.4,296203
ANDHRACEMT,20210812,31.5,33.25,31.25,31.3,373713
ANDHRAPAP,20210812,239,243.9,237,238.95,35219
ANDHRSUGAR,20210812,562,571.9,551.95,562.45,121191
ANDREWYU,20210812,26.4,27.45,26,27.1,154833
ANGELBRKG,20210812,1202.25,1249.95,1196.9,1239.9,295097
ANIKINDS,20210812,19.6,20.45,18.8,20.45,51346
ANKITMETAL,20210812,1.85,1.9,1.85,1.85,33362
ANMOL,20210812,205,209.7,195,199.75,25723
ANSALAPI,20210812,9.3,9.85,9,9.2,306508
ANSALHSG,20210812,7.35,7.55,7.2,7.55,41073
ANUP,20210812,982.95,1040,965,1027.8,65885
ANURAS,20210812,715,748.05,715,736.3,197250
APARINDS,20210812,623,649.9,615.05,629.05,325295
APCL,20210812,475,493,470.3,486.65,54162
APCOTEXIND,20210812,345,347,338.1,341.6,38039
APEX,20210812,325,337.15,322,328.65,247064
APLAPOLLO,20210812,1674.75,1693.7,1655.75,1673.7,124914
APLLTD,20210812,760,766.05,753.55,757.7,275285
APOLLO,20210812,116.4,117.95,115.75,116.7,127452
APOLLOHOSP,20210812,4027,4142.95,3975.35,4133.1,556973
APOLLOPIPE,20210812,1327.7,1345,1302.4,1315.75,32838
APOLLOTYRE,20210812,215.4,225,213.05,224.5,8200307
APOLSINHOT,20210812,972.6,1008.7,786.65,910.85,90581
APTECHT,20210812,246.15,266,246.15,263.8,450289
ARCHIDPLY,20210812,33.55,34.4,32.95,33.1,24678
ARCHIES,20210812,18.4,19.9,18.4,19.7,64954
ARENTERP,20210812,19.65,19.65,19.65,19.65,2023
ARIES,20210812,155,174.4,153.05,165.25,284761
ARIHANT,20210812,27.95,29.8,27.15,29.4,18556
ARIHANTCAP,20210812,132,156.4,131.4,155.9,535158
ARIHANTSUP,20210812,128.95,129,119,122.65,187576
ARMANFIN,20210812,651,727.45,650.8,677,28601
AROGRANITE,20210812,68.8,72.4,68.7,70.15,73623
ARROWGREEN,20210812,154.7,157.15,139.2,154.05,25518
ARSHIYA,20210812,26.05,27.7,26.05,26.75,21840
ARSSINFRA,20210812,28.3,29.95,28,29.55,19081
ARTEMISMED,20210812,320,334.45,320,333.15,6215
ARVEE,20210812,100.15,100.15,97,97.5,594
ARVIND,20210812,98.1,101.5,98,100.05,1276045
ARVINDFASN,20210812,207.45,207.8,195,200.8,543246
ARVSMART,20210812,125.85,125.85,122.25,124.1,56051
ASAHIINDIA,20210812,359,362.4,356.4,359.25,36716
ASAHISONG,20210812,348,372.4,341.9,369.2,70860
ASAL,20210812,58.85,60.8,58.8,59.4,6183
ASALCBR,20210812,462,473.85,459.55,465.55,69365
ASHAPURMIN,20210812,141,146,141,145,116889
ASHIANA,20210812,157,163.35,153.65,160.9,112407
ASHIMASYN,20210812,18.35,19.4,16.8,18.75,59313
ASHOKA,20210812,98.3,101.5,98.2,100.7,796560
ASHOKLEY,20210812,134.4,134.8,132.15,133.6,10595949
ASIANHOTNR,20210812,80.8,83.75,80.8,83.1,3735
ASIANPAINT,20210812,2974,2985.25,2958,2975.5,438552
ASIANTILES,20210812,170,173.5,169,171.7,199992
ASPINWALL,20210812,189.95,204.8,189.75,202.8,18370
ASTEC,20210812,1284.1,1353.6,1270,1347.55,19108
ASTERDM,20210812,158,166.9,150.8,164.3,1654989
ASTRAL,20210812,1995,2015,1951.1,1990.95,543011
ASTRAMICRO,20210812,154,161.75,154,158.2,391730
ASTRAZEN,20210812,3178,3219,3170.75,3200.95,11337
ASTRON,20210812,56.95,58.25,56.5,57.2,245778
ATFL,20210812,1010,1029.9,995,999.15,11117
ATGL,20210812,894.55,911.55,885,908,97646
ATLANTA,20210812,12.2,13.35,12.2,13.35,12811
ATUL,20210812,8892,9000,8850,8896.5,9294
ATULAUTO,20210812,200,202.85,198.75,199.55,125249
AUBANK,20210812,1289.9,1328.8,1282,1323.6,961655
AURIONPRO,20210812,195.6,201.45,182.35,201.45,50205
AUROPHARMA,20210812,862,864.4,822.1,826.2,4086652
AUSOMENT,20210812,76.1,80,76,77.2,7270
AUTOAXLES,20210812,1305,1364,1286.9,1313.75,40392
AUTOIND,20210812,57.7,60.8,55.35,60.8,115301
AVADHSUGAR,20210812,440,454,438.3,445.95,124027
AVANTIFEED,20210812,581.25,612,569.3,592.2,1261882
AVTNPL,20210812,66.5,77.7,66.5,76.65,1408678
AWHCL,20210812,360,390,353.2,372.25,2349724
AXISBANK,20210812,759,763.4,753.35,757.35,3572081
AXISBNKETF,20210812,357.69,359.82,357,359.45,4443
AXISBPSETF,20210812,10.21,10.21,10.19,10.2,4644
AXISCADES,20210812,79.65,82.3,78.65,81.2,76125
AXISGOLD,20210812,46.4,46.4,40.4,40.54,153247
AXISHCETF,20210812,89.4,90.5,89.11,89.71,2294
AXISNIFTY,20210812,169.2,170.9,169.2,170.68,12296
AXISTECETF,20210812,319,324.5,315,324.39,14602
AYMSYNTEX,20210812,86.3,88,83.05,84.85,129580
BAFNAPH,20210812,149.45,149.45,140,144.7,2220
BAGFILMS,20210812,3.4,3.6,3.4,3.55,136164
BAJAJ-AUTO,20210812,3746.8,3777,3736,3769.35,316454
BAJAJCON,20210812,258,271.15,253.3,260.25,1646431
BAJAJELEC,20210812,1051,1084.75,1041.25,1050.5,259490
BAJAJFINSV,20210812,14210,14380,14130,14340.7,160934
BAJAJHIND,20210812,15.95,16.85,15.55,16.8,3550323
BAJAJHLDNG,20210812,3999,4080,3959.15,4036.6,29005
BAJFINANCE,20210812,6181,6254.9,6151.25,6199.5,794602
BALAJITELE,20210812,62.15,66.7,62.1,64.75,589105
BALAMINES,20210812,3326.6,3450,3326.55,3439.55,63242
BALAXI,20210812,565.05,582.5,559.95,567.65,1836
BALKRISIND,20210812,2290,2370,2244.9,2299.85,581279
BALMLAWRIE,20210812,129.4,133.45,129.4,132.9,265299
BALPHARMA,20210812,98.7,102.8,95.05,100.25,110451
BALRAMCHIN,20210812,349,356.2,346.7,353.75,1368294
BANARBEADS,20210812,69.9,75.05,69.9,75.05,49095
BANARISUG,20210812,1829.95,1830,1785,1822.1,4618
BANCOINDIA,20210812,153.5,162.35,153.5,161,230576
BANDHANBNK,20210812,295.2,296.7,292.4,294.95,3762732
BANG,20210812,34.9,35,33.2,34.1,17989
BANKA,20210812,73.65,73.7,70.4,71.75,6614
BANKBARODA,20210812,80.75,82,80.1,81.55,26238192
BANKBEES,20210812,417,417,359.76,361.93,236068
BANKINDIA,20210812,68.35,69.65,67.6,68.85,1943902
BANSWRAS,20210812,195,200.85,190.85,190.85,58155
BARBEQUE,20210812,1086.4,1117.8,1062.35,1070.3,206138
BASF,20210812,3839,3865.5,3692.05,3757.3,112855
BASML,20210812,92.8,95.95,92.75,95.95,63007
BATAINDIA,20210812,1656,1755,1656,1675.05,3829161
BAYERCROP,20210812,5836,5925.25,5836,5882.4,8004
BBL,20210812,1420,1443.8,1392.35,1410.6,14267
BBTC,20210812,1140,1166.35,1140,1158.5,45743
BCG,20210812,37.25,39.2,35.5,39.2,2984089
BCLIND,20210812,240.65,249.95,240.65,248,172423
BCP,20210812,3.75,4.05,3.75,4,602152
BDL,20210812,376.05,386.65,375.1,384.3,103728
BEARDSELL,20210812,13.65,14.75,13.4,14.55,29070
BECTORFOOD,20210812,405,409.4,399.7,405.6,148960
BEDMUTHA,20210812,37.8,38.8,37.3,37.85,6446
BEL,20210812,171.9,174.25,170,173.85,5988887
BEML,20210812,1295,1323.1,1294.55,1317.9,99029
BEPL,20210812,186.9,194.95,186.5,193.4,1257248
BERGEPAINT,20210812,818.5,826.9,805.45,814.95,635482
BESTAGRO,20210812,567,580.1,555,580.1,66446
BFINVEST,20210812,353.1,370.95,353.1,363.25,58316
BFUTILITIE,20210812,434.45,459.85,434.45,450.25,233200
BGRENERGY,20210812,52.1,56.8,52.05,55.8,181943
BHAGERIA,20210812,237,247.85,237,243.75,136612
BHAGYANGR,20210812,50.8,57.7,44,57.6,1571125
BHAGYAPROP,20210812,31.4,32.2,31,31.95,53207
BHANDARI,20210812,3,3.15,2.95,3.15,560537
BHARATFORG,20210812,787,844.8,775.05,827.5,15755004
BHARATGEAR,20210812,119.4,130.85,118.55,129.4,88308
BHARATRAS,20210812,12632,13372.95,12211,13242,8023
BHARATWIRE,20210812,71.75,75.4,71.7,73.6,55292
BHARTIARTL,20210812,623,628.95,617,623.15,8274954
BHEL,20210812,54.65,56.2,54.5,55.85,29271670
BIGBLOC,20210812,116,122,115.5,120.7,50588
BIL,20210812,216.1,232.9,216,227.4,5801
BINDALAGRO,20210812,24.45,25.55,24.3,25.2,190005
BIOCON,20210812,373,375.7,371.15,374.4,876559
BIOFILCHEM,20210812,67,68.45,66.2,67.1,19664
BIRLACABLE,20210812,92.8,93.9,90.1,92.25,68563
BIRLACORPN,20210812,1329.9,1376.5,1301,1369.75,178917
BIRLAMONEY,20210812,68,72,67.6,71,251217
BIRLATYRE,20210812,24.6,26.5,24.2,26.15,349337
BKMINDST,20210812,1.65,1.65,1.65,1.65,56955
BLBLIMITED,20210812,10.3,11.3,10.3,11.3,183428
BLISSGVS,20210812,113.75,116.5,113.4,114,566300
BLKASHYAP,20210812,26.3,29.3,26.3,29.15,1207787
BLS,20210812,154.5,157.65,150.6,152.6,649891
BLUEDART,20210812,5470,5605,5469.75,5572.95,17423
BLUESTARCO,20210812,808,820,790.55,810.9,47706
BODALCHEM,20210812,109,110.5,107.1,108.9,497244
BOMDYEING,20210812,91.35,97.55,91.05,96.6,6335773
BOROLTD,20210812,207.5,219,207.5,218,91871
BORORENEW,20210812,320,328.6,305,319.85,230055
BOSCHLTD,20210812,14313,14499.15,14274,14306.95,22560
BPCL,20210812,452,455.4,442.1,448.15,6283857
BPL,20210812,35.4,36.5,35,35.7,63626
BRFL,20210812,8.1,8.1,7.8,7.95,167740
BRIGADE,20210812,325.4,341.2,324.8,337.6,730239
BRITANNIA,20210812,3634.4,3642.95,3607.5,3620.8,232971
BRNL,20210812,32.4,32.85,31.55,32.6,37925
BROOKS,20210812,112,118.55,112,118.55,158083
BSE,20210812,1126.5,1168.7,1121.45,1151.6,522796
BSHSL,20210812,321.95,323.4,302.5,323.4,1300
BSL,20210812,61.7,63.45,60.5,61.35,39295
BSLGOLDETF,20210812,4289.95,4297.85,4242.8,4266.75,217
BSLNIFTY,20210812,181.03,181.3,180.39,181.3,594
BSOFT,20210812,410,427.9,408.7,423.25,4756366
BURGERKING,20210812,165.5,172.75,165.5,171.95,2407712
BURNPUR,20210812,2.75,2.75,2.55,2.7,107908
BUTTERFLY,20210812,741,766,726.05,760.95,14020
BVCL,20210812,27.7,28,25.8,26.35,10443
BYKE,20210812,27,29.25,27,28.3,39596
CADILAHC,20210812,560.95,560.95,542.1,544,4953491
CAMLINFINE,20210812,179,186.95,176.55,184.35,904283
CAMS,20210812,3137.8,3166,3055,3072.95,296987
CANBK,20210812,154.15,156.4,153.55,155.7,5788144
CANFINHOME,20210812,524.95,536,523.5,529,275121
CANTABIL,20210812,390.5,394.8,385,386.9,6455
CAPACITE,20210812,206.4,220,206.4,213.9,344073
CAPLIPOINT,20210812,837,870,837,851.6,267027
CAPTRUST,20210812,86.1,91,83.1,91,34120
CARBORUNIV,20210812,710,733.7,700,712.35,219265
CAREERP,20210812,152.3,158.2,151.05,156.2,68203
CARERATING,20210812,684,694.2,679.35,685.55,120024
CASTROLIND,20210812,136.4,137,135.4,136.35,434397
CCHHL,20210812,7,7.15,6.6,6.95,56113
CCL,20210812,407.75,417.45,404.15,414.3,477066
CDSL,20210812,1260,1278.8,1235,1241.25,315098
CEATLTD,20210812,1298,1325,1286.5,1318.6,114662
CEBBCO,20210812,36.4,36.6,35.6,36.6,370109
CELEBRITY,20210812,11.2,11.7,10.6,11.4,101960
CENTENKA,20210812,442.05,463,442.05,453.35,96518
CENTEXT,20210812,11.35,12.2,11.15,12.2,1639751
CENTRALBK,20210812,20.35,21.9,20.2,21.35,14827927
CENTRUM,20210812,42.4,44.15,42.1,43.9,1420013
CENTUM,20210812,499,504.95,481.6,489.25,16474
CENTURYPLY,20210812,425,426,409.3,410.3,199684
CENTURYTEX,20210812,769.9,776.85,761.5,765.4,798268
CERA,20210812,4626,4690,4606.55,4651.65,6562
CEREBRAINT,20210812,57.5,59.8,56.2,56.7,765888
CESC,20210812,762.3,775,748.1,756.35,800748
CGCL,20210812,522,528,436.85,517.7,70145
CGPOWER,20210812,77,79.25,75.5,79.25,2418091
CHALET,20210812,166.95,177.9,166.95,175.25,777871
CHAMBLFERT,20210812,327.4,327.5,320.15,324,846686
CHEMBOND,20210812,224.6,241.6,223.8,239.55,76702
CHEMCON,20210812,462,487.4,461.2,472.65,561872
CHEMFAB,20210812,157.95,164.45,156.2,160.2,5599
CHENNPETRO,20210812,109.3,114.4,109.1,112.6,556993
CHOLAFIN,20210812,503,516.5,498.35,512,1556728
CHOLAHLDNG,20210812,646.05,662,646.05,649.6,140299
CIGNITITEC,20210812,548.5,559.7,534.4,538.25,89637
CINELINE,20210812,87.9,91.45,86.45,91,161085
CINEVISTA,20210812,13,13.7,12.7,13.7,21375
CIPLA,20210812,912,916.2,903.7,905.3,2127392
CLEAN,20210812,1580,1598,1557.4,1576.95,153642
CLEDUCATE,20210812,132.15,139,132.15,135.05,24894
CLNINDIA,20210812,578.95,614,577,602.3,139648
CLSEL,20210812,118.15,125,118.15,123.9,77368
CMICABLES,20210812,52.05,55,52.05,53.55,221086
COALINDIA,20210812,144.05,146.7,143.7,144.4,7685737
COCHINSHIP,20210812,359.9,363.1,359,361.85,171155
COFFEEDAY,20210812,34.3,36,34,35.35,612779
COFORGE,20210812,4730,4856.95,4720.05,4847.1,376225
COLPAL,20210812,1655,1667,1638.8,1641.3,802666
COMPINFO,20210812,28.5,30.75,28.4,29.85,416534
COMPUSOFT,20210812,12.2,13.4,12.1,13.4,62405
CONCOR,20210812,660.95,683.55,657,673,3531889
CONFIPET,20210812,57.3,62.45,57.3,61.7,1119352
CONSOFINVT,20210812,117.85,117.9,113.5,113.95,14629
CONTROLPR,20210812,350,365,348.05,364.3,24681
CORALFINAC,20210812,43,47,42.65,43.3,37457
CORDSCABLE,20210812,56.95,58.35,55,57.65,115888
COROMANDEL,20210812,819.8,837.8,815.1,823.95,418391
COSMOFILMS,20210812,1320,1445,1304.15,1419.5,252403
COUNCODOS,20210812,2.9,3.1,2.85,3.05,100381
CPSEETF,20210812,26,26.26,25.72,26.22,3603051
CRAFTSMAN,20210812,1989,2050,1952,1980.65,15046
CREATIVE,20210812,232,244.1,225,236.85,36715
CREATIVEYE,20210812,3.4,3.4,3.25,3.25,585
CREDITACC,20210812,620,637,606.6,610.85,542882
CREST,20210812,116.25,121.8,116.25,119.95,11415
CRISIL,20210812,2597.25,2636.85,2560,2568.7,70515
CROMPTON,20210812,471.7,477.75,454.5,463.1,1176667
CSBBANK,20210812,321.95,326.1,318.55,320.05,223321
CTE,20210812,62.55,69.05,62.55,62.55,416108
CUB,20210812,152.85,153.55,151.05,151.95,773468
CUBEXTUB,20210812,23.5,24.35,22.5,23,76733
CUMMINSIND,20210812,924,972,918.2,948.9,3816364
CUPID,20210812,233,243.65,232.25,242.6,59647
CYBERMEDIA,20210812,12,12,11.45,11.45,6531
CYBERTECH,20210812,166,177.5,160.45,174.7,256061
CYIENT,20210812,950,975,938.4,969.6,172984
DAAWAT,20210812,65.5,68.5,65.5,68,1086701
DABUR,20210812,576,584.8,574.05,575.4,2474432
DALBHARAT,20210812,1905,1949.95,1870.1,1893.1,99548
DALMIASUG,20210812,413.8,434.65,413,431.05,357154
DAMODARIND,20210812,46.35,46.35,44,46,11452
DANGEE,20210812,189.45,189.45,184,184.75,10090
DATAMATICS,20210812,269.7,290,269.65,286.3,294959
DBCORP,20210812,93.25,94.9,89.95,93.05,319578
DBL,20210812,547,553.35,532.25,539.45,298727
DBREALTY,20210812,23.45,24.5,23,23.9,285423
DBSTOCKBRO,20210812,22.95,22.95,22.95,22.95,13825
DCAL,20210812,189.7,212.5,189,206.15,1850366
DCBBANK,20210812,92.8,92.8,91.1,91.95,884692
DCM,20210812,53.9,53.9,49.7,49.75,15376
DCMFINSERV,20210812,2.7,2.8,2.7,2.8,10487
DCMNVL,20210812,219,231.1,219,231.1,100230
DCMSHRIRAM,20210812,943.95,970,926.85,957,191399
DCW,20210812,34.35,36.85,34.35,36.5,1409364
DECCANCE,20210812,738.85,783.9,735.25,780.7,146796
DEEPAKFERT,20210812,428.9,446.6,406,446.6,246473
DEEPAKNTR,20210812,2108.8,2152.8,2102.15,2146.4,822816
DEEPENR,20210812,41.8,43.85,41.8,43.85,12260
DEEPINDS,20210812,109,115,109,113.2,97459
DELTACORP,20210812,172.8,178.9,172.75,177.85,1223638
DELTAMAGNT,20210812,54.8,55,52.4,54.75,4108
DEN,20210812,49.4,52.55,49.25,51.9,1827668
DENORA,20210812,317.9,337,317.25,331.75,36682
DFMFOODS,20210812,346.05,353.3,340.3,351.5,62332
DGCONTENT,20210812,13.4,13.45,12.25,12.75,58106
DHAMPURSUG,20210812,293,302.2,291.8,302.2,378706
DHANBANK,20210812,16.25,16.45,15.8,16.2,533018
DHANI,20210812,202.5,215.9,196.6,212.75,2538195
DHANUKA,20210812,875,899,875,895.05,35374
DHARSUGAR,20210812,16.3,16.3,15.25,15.45,114527
DHUNINV,20210812,585.05,640.65,585.05,640.65,10616
DIAMONDYD,20210812,680,715,680,713,37471
DICIND,20210812,477.95,492.8,467.05,477.3,20025
DIGISPICE,20210812,68.05,69.9,67.55,68.6,157086
DISHTV,20210812,12,14.2,11.95,14,28967736
DIVISLAB,20210812,4929.95,4929.95,4872,4908.85,200081
DIXON,20210812,4209.65,4238.95,4156.15,4197.3,173368
DLF,20210812,332.75,338.35,329,334.05,6584207
DLINKINDIA,20210812,137.8,143.5,135,142.35,452340
DMART,20210812,3573.8,3589,3546.6,3561,114737
DNAMEDIA,20210812,2.2,2.45,2.15,2.3,122146
DODLA,20210812,589.5,601,589.1,596.9,47562
DOLAT,20210812,110.8,121,110.8,119.05,838914
DOLLAR,20210812,365,380,365,371.1,208073
DONEAR,20210812,52,55.4,52,53.85,143348
DPABHUSHAN,20210812,194.6,221.9,194.6,212.3,50362
DPSCLTD,20210812,15.5,15.5,14.9,15.25,25599
DPWIRES,20210812,217.2,232.25,210.2,232.25,69949
DRCSYSTEMS,20210812,304.85,320,300.15,305.65,1461
DREDGECORP,20210812,354.7,366.8,354.7,364.3,71164
DRREDDY,20210812,4749.4,4753.3,4690.5,4716.4,621418
DSSL,20210812,125.6,137.3,124.95,136.75,41476
DTIL,20210812,319.85,332.95,319.85,332.95,9033
DUCON,20210812,12.75,12.85,12,12.85,33648
DVL,20210812,280,307.8,276.2,303,446260
DWARKESH,20210812,68.9,70.65,67.8,69.9,1862009
DYNAMATECH,20210812,2166,2285,2150,2216.45,183297
DYNPRO,20210812,565.55,590,565.05,568,81315
EASEMYTRIP,20210812,452,488.8,445.2,484.5,2117075
EASTSILK,20210812,3.35,3.7,3.35,3.6,51268
EBBETF0423,20210812,1143.08,1144.5,1141.55,1142.43,17472
EBBETF0425,20210812,1054.7,1056,1054.5,1055.99,11095
EBBETF0430,20210812,1165,1165,1160.12,1163.77,4715
EBBETF0431,20210812,1043,1044.95,1041.5,1043.79,2376
EBIXFOREX,20210812,594.35,629.25,594.35,621,2554
ECLERX,20210812,1965,2149,1951.05,2120.15,53716
EDELWEISS,20210812,80.45,85.5,80.15,84.6,3516529
EICHERMOT,20210812,2734,2739.9,2601,2616.55,2248827
EIDPARRY,20210812,389,408.9,389,407.45,316826
EIHAHOTELS,20210812,310,322.8,310,318.55,12368
EIHOTEL,20210812,103.8,106,103.7,105.15,299311
EIMCOELECO,20210812,417.95,432.75,417.8,425.2,7287
EKC,20210812,96.4,96.4,92,95.35,134832
ELECON,20210812,146.5,152.95,146,151.3,844305
ELECTCAST,20210812,35.35,36.4,35.3,35.8,462417
ELECTHERM,20210812,130.65,137.9,129.5,135.75,29579
ELGIEQUIP,20210812,204.9,212.45,204.45,208.9,1213543
ELGIRUBCO,20210812,37.9,39.1,37.5,38.75,41079
EMAMILTD,20210812,553.15,564.45,552,555.3,475369
EMAMIPAP,20210812,170.1,178.8,170.1,174.4,279890
EMAMIREAL,20210812,68.3,72.35,68.3,71.85,69443
EMKAY,20210812,117.2,125.5,116.7,119.7,155353
EMMBI,20210812,104.9,116.8,100.95,110.25,207385
ENDURANCE,20210812,1705,1750,1675.75,1716.4,187173
ENERGYDEV,20210812,10.15,10.35,9.85,10.15,48918
ENGINERSIN,20210812,73.1,73.4,71.8,71.95,2800247
ENIL,20210812,204.9,205.9,197.25,199.05,64419
EPL,20210812,237.4,241.95,237.4,239,80969
EQ30,20210812,389,393,389,391.03,248
EQUITAS,20210812,116,126,116,123.6,958176
EQUITASBNK,20210812,57,60.85,56.9,60.35,1837899
ERIS,20210812,730,743.65,729.55,738.15,66034
EROSMEDIA,20210812,19,19.8,19,19.8,518162
ESABINDIA,20210812,1897,1931.65,1889.45,1903.6,3781
ESCORTS,20210812,1261.9,1274.2,1251.9,1265.15,1085972
ESSARSHPNG,20210812,10,10.4,9.8,10.25,60200
ESTER,20210812,144.5,152.8,144,151.2,423603
EVEREADY,20210812,363.5,372,359.4,362.25,265999
EVERESTIND,20210812,447.85,455.05,445.25,448.6,67398
EXCEL,20210812,3.1,3.35,3.1,3.3,40027
EXCELINDUS,20210812,1085.9,1132.1,1085.9,1112,23544
EXIDEIND,20210812,169.85,170.8,167.5,167.8,3867000
EXPLEOSOL,20210812,1040,1071.05,969.4,1064.55,20578
FACT,20210812,126.6,133,123.5,131.15,1616520
FAIRCHEMOR,20210812,1909,1997.6,1909,1997.6,22495
FCL,20210812,106.35,110.85,106.15,108.75,1111146
FCONSUMER,20210812,7.3,7.65,7,7.3,6657513
FCSSOFT,20210812,1.8,1.9,1.8,1.9,4176639
FDC,20210812,351,368,350,365.35,269698
FEDERALBNK,20210812,85.2,86.25,85.1,85.6,10443600
FEL,20210812,9.1,9.35,8.75,9.05,813284
FELDVR,20210812,12.65,12.8,11.8,12.15,162471
FIEMIND,20210812,724,764,722.3,758.15,48914
FILATEX,20210812,96,100.5,96,100,589941
FINCABLES,20210812,488.4,510,488.35,498.75,645967
FINEORG,20210812,2910,2927.45,2856.15,2871.65,35063
FINPIPE,20210812,169.8,169.8,164.5,165.55,428452
FLEXITUFF,20210812,18.15,18.7,17.15,17.2,81617
FLFL,20210812,53.75,57.3,53.75,55.95,324285
FLUOROCHEM,20210812,1638,1710,1618,1695.55,83947
FMGOETZE,20210812,280.8,291.95,279.05,290.05,102357
FMNL,20210812,10.05,10.75,9.95,9.95,878752
FORCEMOT,20210812,1428,1458,1401.5,1416.65,190794
FORTIS,20210812,236.85,244.3,233.45,241.25,2101244
FOSECOIND,20210812,1492.15,1574.9,1481.9,1551.9,3178
FRETAIL,20210812,49.6,51.6,48.65,49.95,2273946
FSC,20210812,68.8,72.7,67.65,69.5,106885
FSL,20210812,181,205,180.5,202.1,16037826
GABRIEL,20210812,140,153.3,140,149.9,3002518
GAEL,20210812,176.25,188,175.6,185.15,531648
GAIL,20210812,147.75,151,146.55,150.65,15379819
GAL,20210812,2.8,3.05,2.7,3.05,1702946
GALAXYSURF,20210812,3075,3099,3051.95,3062.95,44707
GALLANTT,20210812,70.7,75.4,70.6,73,117130
GALLISPAT,20210812,59,60.85,58.75,59.5,75886
GAMMNINFRA,20210812,1.75,1.85,1.75,1.85,1925899
GANDHITUBE,20210812,477.9,499.7,477.9,491.9,65010
GANECOS,20210812,521.95,533.95,516.95,530.4,20070
GANESHHOUC,20210812,115.7,117.85,114.05,116.5,17856
GANGAFORGE,20210812,115.2,121.8,115.2,121.25,69744
GANGESSECU,20210812,81.95,84.9,77.9,83.7,8125
GARFIBRES,20210812,3265,3312,3187.3,3289.85,30647
GATI,20210812,147.5,153.75,146.5,151.4,1054075
GAYAPROJ,20210812,39.6,43.1,39.35,41.65,1888601
GDL,20210812,272,277.9,260.2,272.2,33444
GEECEE,20210812,144,156.9,142.7,148.15,46493
GEEKAYWIRE,20210812,90.3,93.05,87.55,88.35,47338
GENCON,20210812,45.55,46.85,44.3,45.6,18135
GENESYS,20210812,145.9,148.85,140.05,145.1,15349
GENUSPAPER,20210812,10.3,10.55,9.6,10.55,338911
GENUSPOWER,20210812,56.9,66.3,56.7,63,2510262
GEOJITFSL,20210812,84.95,85.9,82,84.95,649981
GEPIL,20210812,298.6,307.4,285.1,304.8,577196
GESHIP,20210812,307.9,314.3,307.1,313.05,418713
GET&D,20210812,135,139,134.55,137.2,140811
GFLLIMITED,20210812,68,70,68,69.65,66022
GFSTEELS,20210812,2.95,2.95,2.85,2.85,45
GHCL,20210812,351.05,365,350.05,354.4,245837
GICHSGFIN,20210812,158.15,161.85,151.9,155.7,1843717
GICRE,20210812,165,167.95,164.1,166.45,385269
GILLANDERS,20210812,46,48.95,45,48.95,7571
GILLETTE,20210812,5899,5936.05,5860.05,5892.2,12926
GINNIFILA,20210812,32.05,33.7,31.55,32.4,178322
GIPCL,20210812,88.35,89.9,87.7,89.3,424404
GKWLIMITED,20210812,698.4,709.8,682.05,701.45,389
GLAND,20210812,4154.9,4350,4092.15,4316.25,446729
GLAXO,20210812,1610.1,1637.95,1605,1607.95,32837
GLENMARK,20210812,580.9,583.3,567.6,570.6,1232132
GLFL,20210812,2.75,2.8,2.75,2.8,791
GLOBAL,20210812,45,48.25,45,47.1,7450
GLOBALVECT,20210812,51.1,55.85,51.1,55.35,29183
GLOBE,20210812,12.25,12.25,12.25,12.25,61400
GLOBUSSPR,20210812,896.2,896.2,885.4,896.2,247729
GLS,20210812,751.75,767.1,748,751.95,502395
GMBREW,20210812,540.1,585,540.1,576.75,142621
GMDCLTD,20210812,64.15,67.65,64.1,66.65,899718
GMMPFAUDLR,20210812,4572,4685,4568,4667.15,26534
GMRINFRA,20210812,28,28.45,27.95,28.15,7524472
GNA,20210812,681,719.7,680.95,707.65,204656
GNFC,20210812,349.9,359.65,349.5,357.25,309933
GOACARBON,20210812,394.9,408.8,394.9,403.3,52172
GOCLCORP,20210812,296,315.95,294.3,309.3,521671
GODFRYPHLP,20210812,988.1,1020,980,1014.65,47176
GODHA,20210812,39.25,39.25,37.3,37.3,37
GODREJAGRO,20210812,648.1,677.35,648.1,663.35,284960
GODREJCP,20210812,978.85,992.45,974.7,990.8,612459
GODREJIND,20210812,566,577.8,560.6,566.15,245484
GODREJPROP,20210812,1530,1568.5,1520.95,1557,463899
GOKEX,20210812,220,226.1,216,220.3,194098
GOKUL,20210812,28.05,34.35,28.05,31.4,683388
GOKULAGRO,20210812,41.3,43.5,40.5,42.8,854906
GOLDBEES,20210812,40.94,40.94,39.88,40.56,3244252
GOLDENTOBC,20210812,109.9,114.8,109.4,109.4,97184
GOLDIAM,20210812,687.95,725,687.95,696.75,201186
GOLDSHARE,20210812,40.75,41.1,40.55,40.95,183859
GOLDTECH,20210812,13.95,14.6,13.95,14.6,65052
GOODLUCK,20210812,290,298.35,287,290.9,189812
GOODYEAR,20210812,1050,1103.1,1048.4,1093.45,42300
GPIL,20210812,1415,1420,1360,1396,60956
GPPL,20210812,101.3,105,101.25,104.4,300654
GPTINFRA,20210812,90,92.95,86.1,88.85,30141
GRANULES,20210812,369.7,378.05,364.25,372.5,1959215
GRAPHITE,20210812,667.1,683.95,667.05,677.15,467428
GRASIM,20210812,1499.8,1515,1488.65,1492.3,506910
GRAUWEIL,20210812,63.7,66.55,61,65.15,283000
GRAVITA,20210812,174.4,182.5,173.05,179.8,201227
GREAVESCOT,20210812,144.2,151.9,142.85,143.6,4087306
GREENLAM,20210812,1320,1342.95,1301.25,1316.2,5952
GREENPANEL,20210812,240,252,238,249.85,180457
GREENPLY,20210812,174.8,185,174.5,181.3,444031
GREENPOWER,20210812,3.1,3.2,3.05,3.2,3197150
GRINDWELL,20210812,1219.85,1244,1218,1237.5,38240
GRINFRA,20210812,1620.25,1661.95,1620.25,1650.1,71501
GROBTEA,20210812,1148.05,1229,1130.95,1200.4,4188
GRPLTD,20210812,979.5,1011.9,961.45,994.85,2283
GRSE,20210812,187,194,187,192.5,148467
GSCLCEMENT,20210812,55.9,57.65,54.55,55.3,657496
GSFC,20210812,114,114.4,109.35,109.75,4063465
GSPL,20210812,341,355,339.15,350.9,2500848
GSS,20210812,64.9,68,64.9,66.5,120303
GTL,20210812,15.85,16.85,15.85,15.95,541792
GTLINFRA,20210812,2.55,2.75,2.55,2.65,48036632
GTNTEX,20210812,7.8,7.8,7.8,7.8,300
GTPL,20210812,213.5,228.5,213.5,221.5,271949
GUFICBIO,20210812,201,224.4,195,217.8,5044432
GUJALKALI,20210812,487,506.5,486.75,495.2,745744
GUJAPOLLO,20210812,231.7,234.1,225.1,226.9,15854
GUJGASLTD,20210812,727,746.7,725,742.55,1885627
GUJRAFFIA,20210812,36.25,38.2,36.25,37.55,7151
GULFOILLUB,20210812,621,630,611,613,43662
GULFPETRO,20210812,58.95,63,56.1,61.05,75716
GULPOLY,20210812,240,247.95,226,247.95,37336
HAL,20210812,1082.1,1113.95,1075,1104.5,291074
HAPPSTMNDS,20210812,1378.8,1425,1378.4,1390.35,976678
HARRMALAYA,20210812,194,220.5,193.95,213.35,634228
HATHWAY,20210812,24.85,25.45,24.65,25.35,3475027
HATSUN,20210812,933.5,965,927.55,940.1,69446
HAVELLS,20210812,1254,1255.6,1226.05,1231.9,2264764
HAVISHA,20210812,1.5,1.5,1.5,1.5,27509
HBANKETF,20210812,359.4,359.94,356.61,357.99,581
HBLPOWER,20210812,43.05,51.45,43.05,51.35,3400800
HBSL,20210812,45.05,45.05,43.75,45.05,34112
HCC,20210812,9.3,9.7,9.3,9.7,2140870
HCG,20210812,248.3,258,248.3,253.4,376240
HCL-INSYS,20210812,12.95,13.65,12.45,13.65,1991792
HCLTECH,20210812,1071,1101.15,1068,1096.5,6540144
HDFC,20210812,2656.6,2675.25,2646.6,2668.75,1702479
HDFCAMC,20210812,2939,2973.95,2925.05,2970.6,181456
HDFCBANK,20210812,1497,1507.6,1489.3,1501.4,4298837
HDFCLIFE,20210812,666.5,675.9,665.4,674.95,1822952
HDFCMFGETF,20210812,41.85,41.85,41.36,41.63,401494
HDFCNIFETF,20210812,174.1,174.2,172.8,173.91,7945
HDFCSENETF,20210812,574.15,587.99,574.15,585.52,1971
HEG,20210812,2286.75,2326.75,2259,2278.35,203282
HEIDELBERG,20210812,260.9,266.5,260.9,265.9,190442
HEMIPROP,20210812,135,141.85,135,138.5,807245
HERANBA,20210812,800,853.3,793,844.95,1270491
HERCULES,20210812,147,155.25,146.9,152.3,129030
HERITGFOOD,20210812,474.75,490,474.7,485.3,72799
HEROMOTOCO,20210812,2800,2801.25,2775,2782.95,410605
HESTERBIO,20210812,2229,2547,2229,2415.05,501846
HEXATRADEX,20210812,183.55,183.55,183.55,183.55,47824
HFCL,20210812,65.8,68.55,65,68.25,3002807
HGINFRA,20210812,550,558.5,536.25,542.45,154297
HGS,20210812,3555,3555,3250,3485.9,160685
HIKAL,20210812,654,710,650.85,701.3,2072942
HIL,20210812,5578.6,5809.2,5545,5701.55,29046
HILTON,20210812,12.15,12.95,11.85,12.95,12319
HIMATSEIDE,20210812,244.4,252.65,237.85,252.65,152950
HINDALCO,20210812,436.9,444.3,433.85,437.25,8349354
HINDCOMPOS,20210812,309.8,335,299.35,326.3,61620
HINDCON,20210812,64.9,66.8,63.65,66.8,25820
HINDCOPPER,20210812,130,134.6,129.1,133.45,2677180
HINDMOTORS,20210812,8.8,8.85,8.25,8.55,397771
HINDNATGLS,20210812,39.9,42,39,42,12322
HINDOILEXP,20210812,152.5,158.5,151.45,154.05,656778
HINDPETRO,20210812,258.5,260.7,253.55,255.2,4073140
HINDUNILVR,20210812,2395,2413.5,2377.45,2392.3,1226064
HINDZINC,20210812,319,321.95,315.7,319.8,893026
HIRECT,20210812,150.25,167.1,148,159.25,112959
HISARMETAL,20210812,131.95,137.7,127.7,136.2,43927
HITECH,20210812,595,603,578.05,589.8,60546
HITECHCORP,20210812,215.95,222,215.1,219.3,9000
HITECHGEAR,20210812,268,295.6,268,290.85,31137
HLEGLAS,20210812,3170,3235.05,3170,3220.15,4479
HLVLTD,20210812,8.55,9.1,8.55,8.9,249403
HMVL,20210812,78.4,80.9,78.1,80.5,109251
HNDFDS,20210812,1900,1980,1870,1940.55,4949
HNGSNGBEES,20210812,315,334.46,315,330.63,1625
HOMEFIRST,20210812,564.75,582.9,563.7,576.3,114167
HONAUT,20210812,40700,40800,40289.1,40426.35,1071
HONDAPOWER,20210812,1240,1295,1235,1264.8,51479
HOVS,20210812,69.45,72.9,69,72.9,5867
HPL,20210812,71.8,74.85,71.8,74.85,173256
HSCL,20210812,48,50.45,47.85,49.85,5352444
HSIL,20210812,225,239,222.95,237.2,253620
HTMEDIA,20210812,26.2,27.8,26.2,27.55,399828
HUBTOWN,20210812,40.1,40.1,37.8,38.95,41773
HUDCO,20210812,43.8,44.45,43.6,44.15,1431570
HUHTAMAKI,20210812,278.6,284,276.5,281.15,139129
IBMFNIFTY,20210812,157.66,162.5,157.66,161.37,722
IBREALEST,20210812,150.25,155.5,148.65,152.95,12146492
IBULHSGFIN,20210812,248.55,254.3,246,248.35,10777678
ICDSLTD,20210812,58.1,58.1,58.1,58.1,5270
ICEMAKE,20210812,76,79.15,74.5,76.75,25503
ICICI500,20210812,231.2,231.2,227,230.56,1915
ICICIALPLV,20210812,164.1,165.58,163.1,164.59,3077
ICICIB22,20210812,40.45,40.75,39.87,40.66,305244
ICICIBANK,20210812,693.5,702.95,693.3,701.35,8840339
ICICIBANKN,20210812,354.1,358.47,354.1,358.41,7474
ICICIBANKP,20210812,183.9,185,183.15,184.06,2875
ICICIFMCG,20210812,370.89,374,361.53,366.84,10552
ICICIGI,20210812,1446,1459.5,1426.5,1450.05,923594
ICICIGOLD,20210812,41.28,41.69,41.28,41.58,457489
ICICILIQ,20210812,999.95,1000,999.95,999.99,163953
ICICILOVOL,20210812,129.49,134.47,128.27,133.02,45387
ICICIM150,20210812,104.9,105.47,103.11,105.4,8132
ICICIMCAP,20210812,96.35,96.49,95.7,96.42,2393
ICICINF100,20210812,175,179.79,175,179.2,2581
ICICINIFTY,20210812,184.9,184.9,173.7,175.06,221224
ICICINV20,20210812,89.29,89.6,88.2,89.54,11658
ICICINXT50,20210812,40.59,40.64,39.97,39.99,47984
ICICIPHARM,20210812,89.5,90,88.07,89.11,5020
ICICIPRULI,20210812,652,672.3,645,669.6,815791
ICICISENSX,20210812,592.99,596,590.95,595.46,612
ICICITECH,20210812,324,328.12,315.95,326.74,13861
ICIL,20210812,247.55,264.9,247.55,263.9,302566
ICRA,20210812,3502.9,3698.65,3500,3660.95,8279
IDBI,20210812,37.3,38.4,37.3,38.15,7388828
IDBIGOLD,20210812,4266.35,4330.35,4266,4311.7,66
IDEA,20210812,6.7,6.75,6.45,6.5,121102582
IDFC,20210812,51.2,51.75,50.4,51,5164744
IDFCFIRSTB,20210812,46.65,46.8,45.65,45.9,31912922
IDFNIFTYET,20210812,170.87,171.6,170.87,171.59,30
IEX,20210812,400.4,411.7,400,405.55,3255335
IFBAGRO,20210812,612.35,632.7,608,613.6,29056
IFBIND,20210812,954,960.35,917,921.05,42651
IFCI,20210812,12.4,13.1,12.4,12.8,3960247
IFGLEXPOR,20210812,405,411.9,392.3,408.25,24740
IGARASHI,20210812,489.4,500,485,489.65,119733
IGL,20210812,524.6,537.75,511.25,536.65,3258057
IGPL,20210812,619,635,618.65,630.65,86150
IIFL,20210812,300,305,294,295.6,96434
IIFLSEC,20210812,96.8,102.4,96.8,101.6,754574
IIFLWAM,20210812,1547.75,1576.25,1515,1529.95,48492
IITL,20210812,64.25,66.7,62.4,65.8,3467
IMAGICAA,20210812,8.35,8.7,8.35,8.6,60973
IMFA,20210812,820,830,780,820.75,28074
IMPAL,20210812,834,834,776.65,789.6,4628
INCREDIBLE,20210812,32.3,32.4,30.1,30.95,6407
INDBANK,20210812,25.95,27.5,25.95,26.85,218350
INDHOTEL,20210812,142.1,145.45,141.7,143.15,3405381
INDIACEM,20210812,178.6,182.35,176.35,177.65,2534389
INDIAGLYCO,20210812,673,698.3,672.65,681.05,195079
INDIAMART,20210812,7200,7267.95,7150,7166.85,20792
INDIANB,20210812,128.5,132.95,128.5,130.95,2151476
INDIANCARD,20210812,187,192,181.1,191.4,2654
INDIANHUME,20210812,209.3,229,209.05,224.5,157663
INDIGO,20210812,1643,1678.9,1637,1669.3,307770
INDIGOPNTS,20210812,2421,2449.4,2385,2422,26471
INDLMETER,20210812,12.9,13.3,12.5,13.05,22868
INDNIPPON,20210812,357.75,368.9,355,365.2,55543
INDOCO,20210812,455.4,530.25,455.4,519.65,8219543
INDORAMA,20210812,50,52.35,50,52.35,26352
INDOSTAR,20210812,345.15,348,338.35,343.3,76182
INDOTECH,20210812,197.6,207.9,197.6,197.6,31162
INDOTHAI,20210812,71.6,74.1,70.1,70.7,110545
INDOWIND,20210812,7,7.15,6.8,7.05,101992
INDRAMEDCO,20210812,75.6,78.7,75.6,78,273635
INDSWFTLAB,20210812,72.45,76.2,72.25,75,239723
INDSWFTLTD,20210812,9.1,9.95,9.05,9.1,205912
INDTERRAIN,20210812,38.4,41.9,38.35,41.85,819266
INDUSINDBK,20210812,1046.45,1047.15,1027.25,1035.35,2453701
INDUSTOWER,20210812,213.2,215.5,212.15,214.1,1689583
INEOSSTYRO,20210812,1374.5,1440,1374.45,1408.4,92399
INFIBEAM,20210812,42.2,42.9,42.1,42.55,1580358
INFOBEAN,20210812,360,396.55,360,396.55,61871
INFRABEES,20210812,468,473.12,464.55,467.43,1928
INFY,20210812,1679.15,1696.5,1674,1689.6,5659579
INGERRAND,20210812,955,996,950.05,986.25,19617
INOXLEISUR,20210812,315,328.15,315,325.55,669169
INOXWIND,20210812,124.1,129.3,124,127.15,300401
INSECTICID,20210812,768,785,755.3,762.6,39373
INSPIRISYS,20210812,54.2,55.9,54.15,54.15,61618
INTELLECT,20210812,660,685.3,653,681.5,630490
INTENTECH,20210812,81.4,84.55,79.4,79.4,320504
INVENTURE,20210812,3.15,3.25,3.1,3.2,2332793
IOB,20210812,19.3,21.65,19.25,21.3,21370560
IOC,20210812,104.65,105.5,103.75,104.1,8961763
IOLCP,20210812,648.4,664.6,645,656.05,348322
IPCALAB,20210812,2399.95,2409.9,2379.4,2387.2,149422
IPL,20210812,322.5,329.75,320.05,327.45,465933
IRB,20210812,154.1,165.8,152.5,164.45,4270611
IRCON,20210812,42.55,44.85,42.45,44.1,6164774
IRCTC,20210812,2593.95,2728.85,2572.25,2689.8,6068398
IRFC,20210812,23.15,24.1,23.05,23.95,13674855
IRISDOREME,20210812,167.5,167.5,159.15,160.45,5658
ISEC,20210812,695.1,713.4,686.3,707.9,623711
ISFT,20210812,117.35,127.4,116.55,123.9,113463
ISGEC,20210812,715,737.4,696,709.1,264404
ISMTLTD,20210812,26,26.5,25,25.6,73879
ITC,20210812,210.25,214.2,208.35,208.9,27692208
ITDC,20210812,367.7,379.95,365.55,368.55,37372
ITDCEM,20210812,84.95,87.3,83.45,84.85,1058541
ITI,20210812,123.2,125.9,122.5,124.4,435678
IVC,20210812,6.7,6.85,6.3,6.85,590556
IVP,20210812,122.6,122.8,118.25,119.85,31703
IVZINGOLD,20210812,4238,4238,4201.3,4237.95,18
IVZINNIFTY,20210812,1770,1770,1769.25,1769.25,14
IWEL,20210812,761,833,761,792.35,23046
IZMO,20210812,103.9,108.85,101.8,108.85,234248
J&KBANK,20210812,35.4,37.25,35.05,36.9,3033755
JAGRAN,20210812,62.3,65.9,61.95,65.6,690021
JAGSNPHARM,20210812,179.75,184.9,178.3,181.5,57284
JAIBALAJI,20210812,63.6,64.1,62,62.9,209890
JAICORPLTD,20210812,125.95,141.75,125.95,139.85,3397811
JAMNAAUTO,20210812,86.4,88.25,85.5,86,319380
JASH,20210812,526.9,549.45,522.55,532.7,35173
JAYAGROGN,20210812,249.95,254.45,244.65,251.3,115196
JAYBARMARU,20210812,198,209,195.1,199.2,50021
JAYNECOIND,20210812,23,23.45,22.2,23,292068
JAYSREETEA,20210812,109.6,121,109.5,119,551654
JBCHEPHARM,20210812,1760,1800,1742.5,1783,85374
JBFIND,20210812,29.7,32,29.7,30.5,1465133
JBMA,20210812,489,495,480,482.2,53180
JCHAC,20210812,2178,2204.95,2178,2184.1,6931
JHS,20210812,29.7,29.75,28.3,29.15,524141
JINDALPHOT,20210812,84.4,93.3,84.4,93.3,31724
JINDALPOLY,20210812,1041,1099,1030.55,1091.45,368872
JINDALSAW,20210812,130.4,131.75,128.2,129.8,2256765
JINDALSTEL,20210812,423,426.7,419.05,424.25,6466461
JINDRILL,20210812,127.1,132.75,126.05,129.75,39217
JINDWORLD,20210812,67.5,69.5,66.65,67.95,307675
JISLDVREQS,20210812,18.5,19.3,18.5,19.1,50526
JISLJALEQS,20210812,31.25,32.5,31,31.7,2713483
JITFINFRA,20210812,39.9,39.9,39.9,39.9,39734
JIYAECO,20210812,5.6,5.6,5.1,5.35,43889
JKCEMENT,20210812,3219.9,3244,3055.55,3124.25,66017
JKIL,20210812,211.1,221.95,211.1,215.3,549870
JKLAKSHMI,20210812,681.9,684.6,670.35,677.85,719240
JKPAPER,20210812,248.2,265.95,245.2,261.9,3616266
JKTYRE,20210812,145.6,161,145.6,157.45,4615566
JMA,20210812,64.8,65.6,62.65,65.1,51534
JMCPROJECT,20210812,110.5,112.8,107,109.05,243999
JMFINANCIL,20210812,95.15,98,94.65,97.4,2107127
JMTAUTOLTD,20210812,2.55,2.65,2.55,2.6,536505
JOCIL,20210812,236,243.55,233.8,241.85,49861
JPASSOCIAT,20210812,9.4,10.25,9.35,10.15,10585848
JPINFRATEC,20210812,2.1,2.15,2.05,2.15,7203102
JPPOWER,20210812,4.3,4.6,4.2,4.6,141282222
JSL,20210812,152.3,158.4,150,155.05,2184589
JSLHISAR,20210812,279,287.8,278.5,282,693424
JSWENERGY,20210812,231,239.75,230,239.45,2455798
JSWHL,20210812,4800.1,5133.25,4800.1,5026.65,765
JSWISPL,20210812,35,36.9,34.7,36.5,1771859
JSWSTEEL,20210812,753.05,754.3,741.4,748.9,3506281
JTEKTINDIA,20210812,106,114.05,106,111.15,993491
JUBLFOOD,20210812,3675.25,3747.9,3615.8,3741.05,453419
JUBLINDS,20210812,555,565.05,551,565.05,46979
JUBLINGREA,20210812,710,717.4,681.2,689.05,2519799
JUBLPHARMA,20210812,670,674,652,659.65,261108
JUMPNET,20210812,9,9.1,8.75,8.95,804947
JUNIORBEES,20210812,413,414.74,407,413.47,110726
JUSTDIAL,20210812,959.95,964,955.05,958.1,502986
JYOTHYLAB,20210812,167.2,169.9,165.3,168.6,289640
KABRAEXTRU,20210812,201,215,200.15,213.85,206611
KAJARIACER,20210812,1021.25,1035,1011,1030.95,134746
KAKATCEM,20210812,260.9,265.95,258.75,261.95,15927
KALPATPOWR,20210812,442,443,432,434.1,105288
KALYANIFRG,20210812,197,216.3,197,216.1,1908
KALYANKJIL,20210812,68.15,68.15,66.6,67.1,1196316
KAMATHOTEL,20210812,46.45,48.2,45.1,47.85,254377
KAMDHENU,20210812,166,176.9,166,176.2,97751
KANANIIND,20210812,10.5,10.95,10.05,10.25,18222
KANORICHEM,20210812,163.05,168.45,162.75,163.55,101988
KANPRPLA,20210812,243,253.65,235.05,251.9,35381
KANSAINER,20210812,621,628,618.9,625.25,77288
KAPSTON,20210812,81.55,88,81.55,82.5,13
KARDA,20210812,21.1,21.1,21.1,21.1,730
KARMAENG,20210812,27.1,27.1,27.1,27.1,7019
KARURVYSYA,20210812,44.25,44.9,44.05,44.65,1291516
KAUSHALYA,20210812,2.9,2.9,2.9,2.9,18157
KAVVERITEL,20210812,3.6,3.6,3.6,3.6,144
KAYA,20210812,439.85,464.9,439.85,457.1,24370
KCP,20210812,150,159.75,148.4,158.5,401010
KCPSUGIND,20210812,23.8,24.6,23,24,431266
KDDL,20210812,331.55,352.9,331.55,351.3,8188
KEC,20210812,397,405,393,395,140940
KECL,20210812,19,19.15,17.8,18.1,219879
KEERTI,20210812,18.45,19.2,17.8,18.3,9357
KEI,20210812,730.4,783.7,724.55,752.55,1945229
KELLTONTEC,20210812,51.1,54.2,51.05,53.7,704576
KENNAMET,20210812,1213.2,1260,1213.2,1248.5,4203
KERNEX,20210812,76.2,78.4,71.25,75.7,16812
KESORAMIND,20210812,86.5,91.35,85.7,89.45,2471521
KEYFINSERV,20210812,76.8,78,71.25,76.8,20217
KHADIM,20210812,250,270,245,265.85,70872
KHAICHEM,20210812,67,68.65,65.9,68.65,211623
KHANDSE,20210812,18.5,19.65,18.5,19.45,3771
KICL,20210812,2286.1,2384,2261.25,2324.05,6266
KILITCH,20210812,194,205,193.65,200.75,5803
KIMS,20210812,1276.1,1319,1255.5,1299.7,968900
KINGFA,20210812,1279.7,1285,1223,1248.15,32903
KIOCL,20210812,271,283,271,276.9,94544
KIRIINDUS,20210812,495,539.85,490.05,530.8,578403
KIRLFER,20210812,286.25,290,283.05,286.65,132687
KIRLOSBROS,20210812,386,399,376.1,395.05,34070
KIRLOSENG,20210812,216,236.9,216,234.95,320295
KIRLOSIND,20210812,1480,1520.7,1391.35,1406.3,46200
KITEX,20210812,170,174.6,165,166,839485
KKCL,20210812,823.95,851.65,814.95,843.25,3986
KMSUGAR,20210812,28.1,28.5,27.7,28.15,686484
KNRCON,20210812,285,286.9,275.05,280.15,663082
KOKUYOCMLN,20210812,65.7,69.9,65.25,67.8,236881
KOLTEPATIL,20210812,236.35,250.4,233.5,243.65,1553404
KOPRAN,20210812,220,222,215,220.6,56927
KOTAKBANK,20210812,1775.1,1791,1762,1787.7,1641690
KOTAKBKETF,20210812,364.4,364.4,360.67,363.23,86383
KOTAKGOLD,20210812,40.79,40.85,40.57,40.71,251989
KOTAKIT,20210812,31.25,32.52,31.22,32.39,13507
KOTAKNIFTY,20210812,172,172.16,171.25,172.01,9456
KOTAKNV20,20210812,91,91.35,90.2,91.26,11062
KOTAKPSUBK,20210812,233.34,233.9,229,232.23,20786
KOTARISUG,20210812,34.4,34.9,33.75,34.4,81737
KOTHARIPET,20210812,56.45,57.8,53.2,55.5,296958
KOTHARIPRO,20210812,101,107.8,101,106.3,6092
KOVAI,20210812,1505,1612.1,1499.05,1596.45,9592
KPIGLOBAL,20210812,133,134.55,124.85,128.85,248251
KPITTECH,20210812,310.05,324.7,306.25,314.9,3039844
KPRMILL,20210812,1793.5,1871,1780,1829.55,69378
KRBL,20210812,260,265.55,258.15,264.15,287732
KREBSBIO,20210812,130.5,139.5,130,133.6,245613
KRIDHANINF,20210812,4.65,4.85,4.65,4.85,40487
KRISHANA,20210812,138.45,144,137.9,142.3,14802
KSB,20210812,1199,1209.1,1176.7,1196.55,35185
KSCL,20210812,708.95,717.75,698,715.7,125757
KSL,20210812,409.8,426,409.8,418.65,77813
KTKBANK,20210812,58.9,59.25,58.5,58.75,732866
KUANTUM,20210812,93.4,95.65,89.05,91.5,97000
L&TFH,20210812,84.7,85.6,84.15,85.35,5004060
LALPATHLAB,20210812,3825,3860,3760.2,3833.5,181836
LAMBODHARA,20210812,89,93.2,86,93.2,5589
LAOPALA,20210812,270.05,277,270.05,276.1,93877
LASA,20210812,69.7,70.7,69.1,70.1,71912
LAURUSLABS,20210812,704.8,723.75,697.6,708.7,3099023
LAXMIMACH,20210812,8051,8410,8045.55,8263.35,7059
LCCINFOTEC,20210812,1.85,1.9,1.75,1.8,210321
LEMONTREE,20210812,37,42,37,40.6,4613151
LFIC,20210812,81.85,87,79.5,84.55,5410
LGBBROSLTD,20210812,487.4,496,470,492.85,135974
LGBFORGE,20210812,8.5,8.9,8.4,8.8,233593
LIBAS,20210812,68.5,71,68.5,70.15,323948
LIBERTSHOE,20210812,166,169.95,163,168.85,260126
LICHSGFIN,20210812,395,402.05,393.35,400.45,1988927
LICNETFGSC,20210812,22,22.1,21.9,22,1086
LICNETFN50,20210812,171.2,173.99,171.2,173.25,1456
LICNETFSEN,20210812,588,588,581,586.85,116
LICNFNHGP,20210812,163.49,163.49,161.37,162.89,139
LIKHITHA,20210812,379,396.55,379,389.25,124486
LINCOLN,20210812,324.8,339,323,334.65,157417
LINCPEN,20210812,195.5,201.55,191.65,198,4851
LINDEINDIA,20210812,1795,1832.6,1793.45,1799,68832
LIQUIDBEES,20210812,1003.4,1003.4,998.45,1000,927066
LIQUIDETF,20210812,1000.04,1000.04,999.99,999.99,290980
LODHA,20210812,840,869.9,825.45,852.15,394709
LOKESHMACH,20210812,42,42,39.3,40.1,26483
LOTUSEYE,20210812,43.4,45.7,43.4,44.8,4772
LOVABLE,20210812,109.95,113,108.4,111.95,45122
LPDC,20210812,4.55,4.75,4.55,4.6,57068
LSIL,20210812,3,3.2,3,3.1,1212904
LT,20210812,1590,1627,1582,1623.45,1645811
LTI,20210812,4760,4912,4760,4877.05,502105
LTTS,20210812,3662.5,3733,3640.4,3659.3,269765
LUMAXIND,20210812,1483.3,1507.3,1460.3,1464.35,2522
LUMAXTECH,20210812,155.45,158.4,154.45,156,73016
LUPIN,20210812,1030,1033,973.1,975.95,9765212
LUXIND,20210812,4125,4220,4125,4193.85,129189
LXCHEM,20210812,294.95,324.95,292.6,319.85,17180068
LYKALABS,20210812,84.25,86.7,84.25,84.25,284705
LYPSAGEMS,20210812,4.8,4.8,4.55,4.6,37083
M&M,20210812,781,794.65,773.75,776.2,3551026
M&MFIN,20210812,153.6,156.2,152,155.25,4457687
MAANALU,20210812,177.7,196.4,177.7,194.2,35768
MACPOWER,20210812,189.25,208.15,189.25,208.15,27225
MADHAV,20210812,54,64.4,54,61.25,140892
MADHUCON,20210812,6,6.05,5.6,6,13945
MADRASFERT,20210812,29.95,31.9,29.4,31.25,889253
MAESGETF,20210812,27.85,27.96,27.77,27.93,7312
MAFANG,20210812,53.9,53.9,53,53.09,125133
MAFSETF,20210812,17.5,17.5,17.12,17.22,54920
MAGADSUGAR,20210812,258,265.05,255,265.05,36788
MAGNUM,20210812,10,11,10,10.85,297425
MAHABANK,20210812,18.6,19.7,18.5,19.2,7912092
MAHAPEXLTD,20210812,107.5,112,106,112,832
MAHASTEEL,20210812,99.95,104.45,99.25,103.05,45393
MAHEPC,20210812,132.5,137.3,132,135.55,122096
MAHESHWARI,20210812,114,125,113.95,123.95,104848
MAHINDCIE,20210812,251,254.85,246.05,248,128098
MAHLIFE,20210812,750,759.25,731.5,741.25,73112
MAHLOG,20210812,662,690,662,677.5,118504
MAHSCOOTER,20210812,3830,4564.95,3830,4486.95,219424
MAHSEAMLES,20210812,305.8,313,300.35,306.9,80409
MAITHANALL,20210812,1158,1229.7,1134,1143.9,818252
MAJESCO,20210812,82,84.95,82,84.25,146071
MALUPAPER,20210812,36.4,37.5,35.55,37.05,58423
MAN50ETF,20210812,168.89,168.89,164.45,168.5,3773
MANAKALUCO,20210812,18.5,18.5,17.8,18.35,104500
MANAKCOAT,20210812,12,13.05,12,12.75,51746
MANAKSIA,20210812,71,72.7,69.3,71.8,543758
MANAKSTEEL,20210812,34.35,34.35,34.35,34.35,41380
MANALIPETC,20210812,98,101.5,98,101.2,802832
MANAPPURAM,20210812,170,170.6,166.3,166.8,14174302
MANGALAM,20210812,147.95,165,145.1,159.15,776260
MANGCHEFER,20210812,72,74.9,72,74.6,256095
MANGLMCEM,20210812,494,510,491.65,505.95,134382
MANINDS,20210812,124.75,125,115,122.1,368482
MANINFRA,20210812,66.1,73.7,66.1,69.9,4700865
MANUGRAPH,20210812,11.8,12.95,11.75,12.95,17738
MANXT50,20210812,391.3,393.69,390.95,393.69,260
MARALOVER,20210812,81.25,89.75,81.25,89.45,221539
MARATHON,20210812,83.8,85.8,82.2,83.4,47282
MARICO,20210812,518,522.55,514.35,515.95,1741264
MARINE,20210812,43.6,47.45,42,45.95,2871618
MARKSANS,20210812,72.95,79,72.5,78.2,3057813
MARUTI,20210812,7022,7084.8,6985,7012,330283
MASFIN,20210812,766,779.8,760.55,770.3,24579
MASKINVEST,20210812,33,33,32,33,483
MASTEK,20210812,2335,2456.95,2325.65,2442.15,159035
MATRIMONY,20210812,1084.7,1183.5,1045,1129.35,250355
MAWANASUG,20210812,87,89.4,82.2,88,42631
MAXHEALTH,20210812,303.15,333.05,301.45,329.55,9476823
MAXIND,20210812,70.9,72.3,70.5,71.4,257444
MAXVIL,20210812,88.7,95.65,87.45,94.35,459238
MAYURUNIQ,20210812,488,515.5,488,505.45,81072
MAZDA,20210812,570,607,570,594.1,8333
MAZDOCK,20210812,240.2,260,240.1,251.65,3511617
MBAPL,20210812,138.85,145,137.55,144.1,5733
MBECL,20210812,8.5,8.5,8.5,8.5,208653
MBLINFRA,20210812,19.9,21.1,19.25,21.1,82076
MCDHOLDING,20210812,43.2,46.9,43.2,44.1,120912
MCDOWELL-N,20210812,651.4,659,645.35,655.95,1769937
MCL,20210812,40,40.75,39.4,40.75,49542
MCLEODRUSS,20210812,24.15,26.05,23.8,26.05,3275218
MCX,20210812,1528,1535,1503.1,1509.95,316793
MEGASOFT,20210812,13.5,14.15,12.85,14.15,49082
MENONBE,20210812,71.9,83,71.55,79.15,202484
MEP,20210812,19.5,20.8,18.5,20.35,237237
MERCATOR,20210812,2,2.2,2,2.1,2772203
METROPOLIS,20210812,2690.9,2693.55,2608.8,2630.7,176590
MFSL,20210812,1057.8,1109,1032.8,1078.9,1144931
MGEL,20210812,51.05,54,51,53.65,4346
MGL,20210812,1120.9,1151,1117.9,1146.8,461786
MHRIL,20210812,300.95,305.9,295.5,297.8,231556
MIDHANI,20210812,188,193,186.9,188.75,515321
MINDACORP,20210812,131.05,138.4,130.55,131.55,879682
MINDAIND,20210812,707.35,723,706.85,719.2,169243
MINDTECK,20210812,106.5,116.2,106.25,113.65,113234
MINDTREE,20210812,2806.5,2935,2804.55,2925.7,1187926
MIRCELECTR,20210812,17.3,18.2,17.3,17.95,844538
MIRZAINT,20210812,55.8,59.95,55.8,59.45,892850
MITTAL,20210812,10.9,11.1,10.5,10.75,36447
MMFL,20210812,739.5,774,735.65,766.95,54652
MMP,20210812,149.5,166.1,149.5,164.75,70395
MMTC,20210812,42.95,47.4,42.85,46.7,5479318
MODIRUBBER,20210812,65.8,67.95,65.25,67.7,1559
MODISNME,20210812,76,79.5,75.85,79.05,264747
MOGSEC,20210812,48.36,48.45,48.36,48.45,1307
MOHITIND,20210812,13.35,14.1,13,13.8,7528
MOHOTAIND,20210812,8.3,8.4,7.6,8.35,34437
MOIL,20210812,173.05,176.8,172.8,175.65,343444
MOKSH,20210812,31.3,31.5,30.9,31.5,1192472
MOLDTECH,20210812,77.75,81.05,73.8,81.05,37816
MOLDTKPAC,20210812,502.9,503.95,496.4,498.2,42693
MOM100,20210812,28.89,29.09,28.66,28.94,61017
MOM50,20210812,162,162.5,161.23,162.05,436
MON100,20210812,111.5,111.5,110.22,110.32,1973472
MONTECARLO,20210812,346.6,354.35,345,347.5,35154
MORARJEE,20210812,16.05,17.4,16.05,17.05,11024
MOREPENLAB,20210812,54.2,58.25,54,56.55,2723924
MOTHERSUMI,20210812,225.85,226.15,221.7,223.7,9122794
MOTILALOFS,20210812,800,855,800,848.05,1046336
MOTOGENFIN,20210812,27,29.5,26.55,28.5,43889
MPHASIS,20210812,2679,2770,2678.95,2764.45,652280
MPSLTD,20210812,702,714,692.5,702.75,12790
MRF,20210812,78199,78709.95,77605,78236.05,13737
MRO-TEK,20210812,32.95,32.95,31.05,32.6,6241
MRPL,20210812,40.7,43.95,40.6,43,2439982
MSPL,20210812,10.9,11.25,10.6,11,281329
MSTCLTD,20210812,261.1,271,261.1,266.4,385734
MTARTECH,20210812,1259.7,1327,1257.25,1314.05,323719
MTEDUCARE,20210812,8.1,8.5,7.6,8.45,222883
MTNL,20210812,19.45,19.8,18.75,19.4,1066222
MUKANDLTD,20210812,141,145,141,145,14267
MUKTAARTS,20210812,41.2,41.2,39.7,40,45334
MUNJALAU,20210812,61.5,63.85,61.5,63.15,174939
MUNJALSHOW,20210812,140.25,144,135.6,141.8,192743
MURUDCERA,20210812,27.15,28.9,27.15,28.6,90290
MUTHOOTCAP,20210812,406,412.15,400,408.15,35613
MUTHOOTFIN,20210812,1455,1463,1432.55,1448.45,790749
NACLIND,20210812,66,68.5,65,67.55,581723
NAGAFERT,20210812,13,14.3,13,14.3,1475554
NAGREEKCAP,20210812,8.6,8.6,8.6,8.6,9
NAGREEKEXP,20210812,41.15,43.3,41.15,41.95,54670
NAHARCAP,20210812,263.1,285.95,263.1,285.95,51719
NAHARINDUS,20210812,110.3,119.95,110.3,119.95,126539
NAHARPOLY,20210812,223.4,238.9,217.15,238.9,265233
NAHARSPING,20210812,393,412.8,376,412.75,181854
NAM-INDIA,20210812,383,387.1,382.05,384.3,890815
NATCOPHARM,20210812,1016.65,1049,994.5,1041.45,1087733
NATHBIOGEN,20210812,374,374.45,363.8,368.05,31001
NATIONALUM,20210812,82.65,84.8,82.15,84.55,25485206
NATNLSTEEL,20210812,4.3,4.3,4,4.05,37801
NAUKRI,20210812,5384,5438.7,5335,5426.65,191711
NAVINFLUOR,20210812,3779.2,3814.65,3716,3729.95,166442
NAVKARCORP,20210812,44.7,46,44.7,45.35,903927
NAVNETEDUL,20210812,102,105.75,100.45,101.95,681380
NAZARA,20210812,1651.7,1691.15,1645,1664.45,106771
NBCC,20210812,45.2,47.3,45.15,46.9,5190251
NBIFIN,20210812,2548,2548,2450,2490.1,1006
NBVENTURES,20210812,104.4,113.35,104.4,111.15,1230655
NCC,20210812,84.2,86.1,83.8,85.15,1797495
NCLIND,20210812,268.9,280.5,267.15,278.8,186780
NCPSESDL24,20210812,105.78,105.8,105.73,105.77,10410
NDGL,20210812,1310.5,1418,1310.5,1414.5,852
NDL,20210812,76.55,81.9,76.55,80.2,140551
NDRAUTO,20210812,351.5,372.8,351.5,369.45,5753
NDTV,20210812,78.05,83.9,78.05,80.65,137818
NECCLTD,20210812,17.65,17.9,17.55,17.6,61905
NECLIFE,20210812,30,32.65,30,32.15,839106
NELCAST,20210812,82.7,90.15,82.7,87.65,851555
NELCO,20210812,470.45,470.45,450,470.45,1213844
NEOGEN,20210812,923.3,994,921.8,954.75,387499
NESCO,20210812,605,616.5,600.55,602.75,84712
NESTLEIND,20210812,18180.8,18247.95,18080,18133.85,24494
NETF,20210812,201.1,201.48,196.5,199.55,889
NETFCONSUM,20210812,70.02,70.7,69.05,70.22,11484
NETFDIVOPP,20210812,43.48,43.48,40.16,42.01,11147
NETFGILT5Y,20210812,48.35,48.4,48.35,48.4,1002
NETFIT,20210812,32.2,32.75,31.91,32.72,499296
NETFLTGILT,20210812,22.45,22.49,22.4,22.42,7570
NETFMID150,20210812,106,110.5,104.08,105.03,47790
NETFNIF100,20210812,168,170.94,166,170.08,1245
NETFNV20,20210812,92.6,92.89,91.36,92.48,2997
NETFPHARMA,20210812,14.6,14.6,14.19,14.2,414815
NETFSDL26,20210812,104.44,104.44,104.39,104.44,27
NETWORK18,20210812,50.5,52.6,50.15,50.6,2314948
NEULANDLAB,20210812,1620,1684.1,1602.5,1684.1,42238
NEWGEN,20210812,610,610,595,604.9,39530
NEXTMEDIA,20210812,4.7,5.05,4.5,4.9,16261
NFL,20210812,56.25,58.2,56.25,57.9,687754
NH,20210812,511,519.9,502,503.75,285286
NHPC,20210812,26.15,26.15,25.9,26,2300752
NIACL,20210812,146,151.6,145.2,148.65,721700
NIBL,20210812,19.85,20,19.1,19.75,30960
NIFTYBEES,20210812,176.7,176.7,174.55,176.17,793639
NIFTYEES,20210812,21125,21328,21125,21328,3
NIITLTD,20210812,312,330,311,327.9,1415479
NILAINFRA,20210812,6.15,6.65,6,6.65,968200
NILASPACES,20210812,1.95,2.1,1.95,2.05,308654
NILKAMAL,20210812,2582.35,2648.2,2575,2609.05,22031
NIPPOBATRY,20210812,942,1060,937.5,1017.1,42607
NIRAJ,20210812,51.2,51.2,47.85,49.25,39782
NITCO,20210812,21.25,22.95,21.25,22.95,52282
NITINSPIN,20210812,194,212.45,194,212.45,239441
NITIRAJ,20210812,52,52,48.1,50.85,695
NKIND,20210812,35.45,35.45,35.45,35.45,2046
NLCINDIA,20210812,54.65,56,54.65,55.85,1215478
NMDC,20210812,172.75,175,170.25,173.45,9256188
NOCIL,20210812,272,276.95,270,271.9,1453482
NOIDATOLL,20210812,5.85,6.05,5.65,5.85,138401
NORBTEAEXP,20210812,7.2,7.2,6.35,6.85,2287
NOVARTIND,20210812,852.6,852.7,820,827.1,68275
NPBET,20210812,185.79,187.63,181.95,187.59,224
NRAIL,20210812,311.6,319,310.65,314.1,54576
NRBBEARING,20210812,121.3,127.55,121.3,126.1,209119
NSIL,20210812,1878,1884.8,1794.95,1855.75,1409
NTL,20210812,2.9,2.9,2.9,2.9,10010
NTPC,20210812,116.95,119.4,116.5,119.15,8640167
NUCLEUS,20210812,670,695,665.3,684.15,85918
NURECA,20210812,1638.7,1691.95,1620,1691.95,9538
NXTDIGITAL,20210812,464.25,483.05,464.25,480.65,3780
OAL,20210812,866.65,895.85,860.95,883,13072
OBEROIRLTY,20210812,685.85,697.25,681.35,690.15,231200
OCCL,20210812,1077,1102.95,1053.75,1079.5,26823
OFSS,20210812,4468,4709.9,4454.3,4671.25,277121
OIL,20210812,164,171,162.7,164.5,3331089
OILCOUNTUB,20210812,7,7.1,6.6,6.7,4332
OLECTRA,20210812,290.1,312.9,290.1,312.9,253674
OMAXAUTO,20210812,53.35,53.7,49.7,52,23955
OMAXE,20210812,75.3,80.5,75.3,80.05,60475
OMINFRAL,20210812,31.25,33.6,30.95,32.65,220921
OMKARCHEM,20210812,16.85,18.5,16.85,17,425721
ONELIFECAP,20210812,18,18.6,17.2,18.6,37426
ONEPOINT,20210812,39.85,41.8,37.9,41.65,43794
ONGC,20210812,116.1,117.9,115.3,116.25,13519139
ONMOBILE,20210812,122.05,129.35,122,126.8,484904
ONWARDTEC,20210812,250,252.75,245,248.6,26436
OPTIEMUS,20210812,147.6,150,141,149.35,100172
OPTOCIRCUI,20210812,3.85,4,3.85,4,247456
ORBTEXP,20210812,80,84,78.6,82.2,32914
ORCHPHARMA,20210812,427,444.9,417.5,442.35,10002
ORICONENT,20210812,33.05,33.05,32.65,33.05,88410
ORIENTABRA,20210812,30.35,31.5,30,31.25,235901
ORIENTALTL,20210812,9.25,10.25,8.95,9.55,82139
ORIENTBELL,20210812,336.4,350,322.65,332.45,48222
ORIENTCEM,20210812,155.6,163.5,155.55,162.35,637872
ORIENTELEC,20210812,322.6,331.1,316.5,327.75,304675
ORIENTHOT,20210812,35.7,38.3,35.7,36.95,241486
ORIENTLTD,20210812,77.7,77.7,74.4,75.35,2611
ORIENTPPR,20210812,28.95,30.35,28.9,30,1223651
ORISSAMINE,20210812,2858.35,2942.35,2790,2928.75,14472
ORTINLAB,20210812,30.2,31.8,29.7,31.55,72082
OSWALAGRO,20210812,15.75,16.55,15.15,16.45,99201
PAGEIND,20210812,32998.25,32998.25,31800,32373.6,16354
PAISALO,20210812,611.8,619,598.05,608.8,53554
PALASHSECU,20210812,62.95,64.9,60.2,64.9,33993
PALREDTEC,20210812,112,118.6,108.25,114,57164
PANACEABIO,20210812,325,335,325,328.2,69827
PANACHE,20210812,62.75,63.8,61,63.2,7485
PANAMAPET,20210812,281.9,299.4,275.25,295.9,267257
PARACABLES,20210812,13.7,15.1,13.7,15.1,369799
PARAGMILK,20210812,127,129.85,126.45,128.7,341699
PARSVNATH,20210812,14.05,15.05,13.85,15.05,412357
PATELENG,20210812,18,18.75,17.9,18.25,4576149
PATINTLOG,20210812,21.95,22.7,21.9,22.7,19873
PATSPINLTD,20210812,9.75,10.25,9.75,9.85,24544
PBAINFRA,20210812,11.25,12.3,11.25,12.3,10568
PCJEWELLER,20210812,23,23.45,22.85,23.25,1269550
PDMJEPAPER,20210812,40.6,43.2,40.05,41.85,557776
PDSMFL,20210812,1360.05,1420,1343.05,1397.95,13714
PEARLPOLY,20210812,15.95,16.5,15.9,16.2,11974
PEL,20210812,2729.5,2782,2688.75,2718.8,639553
PENIND,20210812,33.75,35.5,33.1,33.8,1456039
PENINLAND,20210812,11.95,13.15,11.95,13.05,307111
PERSISTENT,20210812,3111.05,3178,3098.65,3167.45,129752
PETRONET,20210812,215,216,213.6,214.3,2314425
PFC,20210812,129.3,132.4,128.65,129.65,9907419
PFIZER,20210812,5759.85,5881.45,5722.3,5819.75,46206
PFOCUS,20210812,52.95,54.95,50.95,54.1,29200
PFS,20210812,19.25,20.3,19,19.6,1445367
PGEL,20210812,354.1,354.1,339,348.65,17583
PGHH,20210812,12400,12684.95,12350,12586.2,2641
PGHL,20210812,5346.2,5448.5,5310.05,5426.65,4959
PGIL,20210812,372,396.45,362.05,374.25,66152
PHILIPCARB,20210812,241.9,254.7,241.9,253.05,1987718
PHOENIXLTD,20210812,855,873.15,843,860.8,405954
PIDILITIND,20210812,2288,2288,2202.3,2220.8,940284
PIIND,20210812,3083,3153.15,3080.05,3123.2,316308
PILANIINVS,20210812,1915,1948.5,1887.25,1906.6,2570
PILITA,20210812,6.65,7.3,6.65,6.8,3707561
PIONDIST,20210812,127.3,131.8,127.3,129.25,13002
PIONEEREMB,20210812,65.95,71.35,65.15,70.25,359231
PITTIENG,20210812,175,189.5,173,189.5,326035
PKTEA,20210812,321.75,327.95,300,327.95,2069
PLASTIBLEN,20210812,262,270.7,261.95,266.6,51509
PNB,20210812,37.45,37.95,37.4,37.8,32721153
PNBGILTS,20210812,66,67.8,65.3,67.15,259849
PNBHOUSING,20210812,692.1,703,669,695.85,47818
PNC,20210812,35.85,38.55,34.45,37.65,77857
PNCINFRA,20210812,292,311.3,292,309.85,568942
PODDARHOUS,20210812,188.4,192.55,182.1,192.55,6825
PODDARMENT,20210812,346.85,360.55,346.85,354.8,28817
POKARNA,20210812,459,475,456.1,464.15,217781
POLYCAB,20210812,1819.4,1836.5,1804.05,1809.65,161242
POLYMED,20210812,908,937.95,891.05,918.25,79851
POLYPLEX,20210812,1478,1550,1471.5,1546.1,293942
PONNIERODE,20210812,262.4,264.8,248,260.9,13171
POONAWALLA,20210812,176.9,177.7,171.05,177,1074082
POWERGRID,20210812,177,187.7,176.3,187,43580817
POWERINDIA,20210812,1801,1816.55,1781,1798.95,29096
POWERMECH,20210812,804,823.6,797.05,815.25,121965
PPAP,20210812,249,259.9,249,256.6,35101
PPL,20210812,168.95,168.95,164.35,165.4,226344
PRAENG,20210812,22.9,25.3,22.9,25.3,456252
PRAJIND,20210812,330.05,353.6,324.1,343.6,1121426
PRAKASH,20210812,73.2,76,73.2,75.6,1081365
PRAKASHSTL,20210812,2,2,2,2,187934
PRAXIS,20210812,45.75,47.45,44.25,47.45,13202
PRECAM,20210812,90,97.8,90,95.6,390031
PRECOT,20210812,269,278.6,266,278.6,31971
PRECWIRE,20210812,216.4,232.95,216.4,230,108322
PREMEXPLN,20210812,246.95,248.55,235,247.55,27703
PREMIER,20210812,5.15,5.15,5.15,5.15,11809
PREMIERPOL,20210812,82,82,79,82,19096
PRESSMN,20210812,30,32.9,29.65,31.55,125214
PRESTIGE,20210812,362,367.4,350.55,355,610965
PRICOLLTD,20210812,83.85,89.2,83.5,87.7,869674
PRIMESECU,20210812,87.15,94,86.9,91.75,164859
PRINCEPIPE,20210812,642.9,669.8,640,659.45,256143
PRITIKAUTO,20210812,18.25,18.6,18,18.2,62493
PRIVISCL,20210812,1620,1700,1605.85,1673.9,55096
PROINDIA,20210812,19.65,19.65,19.65,19.65,454
PROZONINTU,20210812,32.8,32.8,31.5,32.05,277319
PRSMJOHNSN,20210812,135,138.25,133.4,136.7,527748
PSB,20210812,16.8,17.85,16.55,17.5,924663
PSPPROJECT,20210812,431.95,454.9,428.25,448.65,63267
PSUBNKBEES,20210812,26.09,26.11,25.61,25.99,220457
PTC,20210812,99.7,102.4,98.25,99.4,2119816
PTL,20210812,47,50.55,47,49.2,125035
PUNJABCHEM,20210812,1385.95,1485.05,1360.1,1485.05,211102
PURVA,20210812,100.85,104.4,99.55,100.9,437310
PVP,20210812,6.8,6.95,6.5,6.5,211562
PVR,20210812,1375,1431,1370,1408.9,1120776
QGOLDHALF,20210812,2008,2018,2005.85,2017,297
QNIFTY,20210812,1696,1702,1696,1702,30
QUESS,20210812,828.95,867,828.9,863.3,307844
QUICKHEAL,20210812,226,238,226,235.2,527377
RADAAN,20210812,1.05,1.05,1.05,1.05,4173
RADICO,20210812,905,945,905,935.25,1921038
RADIOCITY,20210812,24.5,24.8,23.9,24.5,311567
RAILTEL,20210812,131.8,135.75,131.75,134.75,604666
RAIN,20210812,234,237.75,229.45,235.3,3009944
RAJESHEXPO,20210812,612.5,622,607.05,608.5,234638
RAJMET,20210812,185,189,185,187.05,8819
RAJRATAN,20210812,1834.8,2027.9,1834.8,2027.9,39577
RAJSREESUG,20210812,24.95,25.45,24.1,25.1,25174
RAJTV,20210812,38.3,39.85,37.4,39.5,8630
RALLIS,20210812,300.9,306.35,296,296.7,597527
RAMANEWS,20210812,20.5,21.6,20.5,20.85,158650
RAMASTEEL,20210812,244,253.85,241.85,253.85,99670
RAMCOCEM,20210812,1006.95,1022.6,987,989.25,455786
RAMCOIND,20210812,295,315.5,295,313.1,248568
RAMCOSYS,20210812,488,496.5,473.9,479.3,241826
RAMKY,20210812,182.8,190.4,178.95,181.25,56670
RANASUG,20210812,25.35,26.7,24.4,26.5,484778
RANEENGINE,20210812,306.4,321.9,306.4,313.2,18760
RANEHOLDIN,20210812,673,700,670.8,691.25,39218
RATNAMANI,20210812,2155,2166.8,2100,2104.9,14017
RAYMOND,20210812,416.2,421,413,417.25,362567
RBL,20210812,920,984,910.8,969.1,8832
RBLBANK,20210812,178,179.25,175.2,176.25,4875673
RCF,20210812,74.85,77.2,74.8,75.9,2314354
RCOM,20210812,3,3.05,2.95,3.05,23238276
RECLTD,20210812,148.75,151.6,148.2,151,4379982
REDINGTON,20210812,325,332.2,325,330.2,733195
REFEX,20210812,123.25,135.25,123.25,133.9,126919
RELAXO,20210812,1155,1168,1150,1162.4,109435
RELCAPITAL,20210812,15.2,15.9,15.05,15.9,1380271
RELIANCE,20210812,2124.9,2126.2,2105,2110.5,3755507
RELIGARE,20210812,152.4,158.8,151,154.55,1369514
RELINFRA,20210812,71.4,72.45,70.25,71.55,596198
REMSONSIND,20210812,222,231.5,214.65,230.95,1377
RENUKA,20210812,27.1,28,26.1,27.75,6169968
REPCOHOME,20210812,324,330.75,320.3,329.8,62220
REPL,20210812,244.2,244.2,234.05,241.85,26417
REPRO,20210812,485.1,485.1,451.9,470.8,100563
RESPONIND,20210812,127,129.55,126,127.15,10750
REVATHI,20210812,617.45,646.55,617.45,620.2,2929
RGL,20210812,687.95,726,680.3,716.5,62891
RHFL,20210812,3.9,3.95,3.7,3.75,987755
RHIM,20210812,376.45,376.45,355.15,363.2,132761
RICOAUTO,20210812,51.95,55.7,51.4,54.85,2071147
RIIL,20210812,618,673.75,617.65,667.55,361745
RITES,20210812,266.5,272.4,266.1,267.85,667464
RKDL,20210812,13.2,13.5,12.9,13.5,13099
RKEC,20210812,82.95,87.5,79.95,85.5,97046
RKFORGE,20210812,926.05,972.2,926.05,941.9,119636
RML,20210812,392,397,385.3,392.65,24595
ROHLTD,20210812,72.8,76.25,70.3,72.85,99841
ROLEXRINGS,20210812,1128.35,1169,1115.1,1153,549865
ROLLT,20210812,2.7,2.85,2.65,2.8,554243
ROLTA,20210812,5.8,6.25,5.75,6.2,591817
ROML,20210812,69,74.75,65.95,73.15,15550
ROSSARI,20210812,1332,1376.05,1332,1363.9,104546
ROSSELLIND,20210812,166,174.7,151.8,172.6,910142
ROUTE,20210812,1924.5,2014,1910,1987.05,289941
RPGLIFE,20210812,546.3,561.7,526,544.2,501100
RPOWER,20210812,11.5,12.05,11.1,11.95,9908038
RPPINFRA,20210812,80.45,84.95,80,84.4,190654
RPSGVENT,20210812,640,694,633.35,686,174524
RSSOFTWARE,20210812,29.9,32,28.7,32,43280
RSWM,20210812,347,374.4,347,358.25,130153
RSYSTEMS,20210812,192.95,200.9,191,197.1,243565
RTNINDIA,20210812,56.7,57.5,56.05,57.5,941926
RTNPOWER,20210812,6.05,6.35,6,6.35,3175141
RUBYMILLS,20210812,289,308.8,288.95,293.85,83193
RUCHI,20210812,1058,1127,1054.95,1101.95,42514
RUCHINFRA,20210812,7.7,7.9,7.5,7.8,50987
RUCHIRA,20210812,87.95,91.3,87.95,89.45,72914
RUPA,20210812,464.5,474,455.4,464.3,657728
RUSHIL,20210812,288,291,276.35,286.6,21094
RVHL,20210812,19.65,20.5,19.1,19.95,21163
RVNL,20210812,29.3,29.8,29.2,29.6,1771008
S&SPOWER,20210812,21.25,21.25,20.5,20.75,1560
SABEVENTS,20210812,3.15,3.3,3,3.15,1387
SADBHAV,20210812,63.65,71.25,63.3,69.3,1364547
SADBHIN,20210812,20.6,22.45,20.45,22.4,2001413
SAFARI,20210812,742.05,782,725,754.7,54367
SAGARDEEP,20210812,73.25,74.2,70.3,72.2,33252
SAGCEM,20210812,1534,1550,1501,1523.8,27358
SAIL,20210812,136,137.7,133.7,135,44524216
SAKAR,20210812,179.95,183.9,174.5,176.75,152056
SAKHTISUG,20210812,16.25,16.9,15.65,16.6,97149
SAKSOFT,20210812,695,719.95,670,682.2,172556
SAKUMA,20210812,11.25,12.25,11.25,11.9,128111
SALASAR,20210812,309.9,322,302.8,316.2,63920
SALONA,20210812,185,204,185,202.85,15180
SALSTEEL,20210812,13.3,13.3,13.3,13.3,275772
SALZERELEC,20210812,165,170.75,163.05,166.45,125234
SAMBHAAV,20210812,3.1,3.4,3.1,3.25,23203
SANCO,20210812,9.1,9.15,8.3,8.85,36348
SANDESH,20210812,889.85,895,882.1,889.35,1850
SANDHAR,20210812,278,279.45,272,272.5,61961
SANGAMIND,20210812,147.15,152.9,146.05,146.2,120426
SANGHIIND,20210812,74.9,78.4,74.5,76.5,972870
SANGHVIMOV,20210812,193.75,197.25,190.25,194.95,116156
SANGINITA,20210812,27.9,28.9,26.65,28.7,166620
SANOFI,20210812,8780.05,8895,8780.05,8827.4,21608
SARDAEN,20210812,748,779,740,770.5,37169
SAREGAMA,20210812,3401,3499,3401,3485.15,3653
SARLAPOLY,20210812,45.95,48.4,44.8,46.5,934343
SASKEN,20210812,1229.7,1272,1229.7,1268.5,25448
SASTASUNDR,20210812,309,312.5,285.45,296.3,53434
SATIA,20210812,96.85,101.55,95.05,100.25,492810
SATIN,20210812,80.25,81,79.05,79.75,102143
SBCL,20210812,167,177.2,165.25,167,59440
SBICARD,20210812,1032,1038.9,1019,1030.85,645518
SBIETFCON,20210812,65.09,65.09,63.34,64.82,6702
SBIETFIT,20210812,324.99,331.68,319,328.54,3086
SBIETFPB,20210812,186.6,187.2,185.47,186.1,589
SBIETFQLTY,20210812,144,144.8,141.44,143.77,1313
SBILIFE,20210812,1136.3,1150.95,1128.55,1134.05,1054244
SBIN,20210812,430,430.45,425,427.15,16847144
SCAPDVR,20210812,3.6,3.6,3.6,3.6,30177
SCHAEFFLER,20210812,6818,6820.1,6650,6712.2,8750
SCHAND,20210812,126,131.35,125.05,126.35,131977
SCHNEIDER,20210812,122.85,129.5,122.85,127.8,755300
SCI,20210812,105.55,106.65,104.5,105.8,944655
SDBL,20210812,41.2,44.1,40.3,43.3,229807
SEAMECLTD,20210812,663.45,702,663.45,692.15,70228
SECURKLOUD,20210812,87.7,105.8,87.7,103.5,305770
SELAN,20210812,143.5,147.95,141.25,147.05,47322
SEPOWER,20210812,8.4,8.45,7.7,8.45,41165
SEQUENT,20210812,235.15,269.9,235.15,265.7,7544162
SESHAPAPER,20210812,189,193.8,188.6,191.75,51925
SETCO,20210812,19.35,19.4,18.05,18.6,385117
SETF10GILT,20210812,203.1,204.8,203.1,204.79,3
SETFGOLD,20210812,4160.45,4172,4150.1,4166.35,3975
SETFNIF50,20210812,168.9,168.9,165.51,166.58,104173
SETFNIFBK,20210812,358,360,357,359.43,193910
SETFNN50,20210812,408,411.9,406.95,409.6,2129
SETUINFRA,20210812,1.3,1.4,1.3,1.35,351916
SEYAIND,20210812,65,66.95,65,66.95,30438
SFL,20210812,2311.5,2322.4,2295.1,2316.2,4591
SGIL,20210812,165.05,179,165.05,177.95,17660
SGL,20210812,14.45,15.25,13.15,13.95,144121
SHAKTIPUMP,20210812,690.7,738.15,684.2,734.8,85834
SHALBY,20210812,186.05,198.35,186.05,197.15,622868
SHALPAINTS,20210812,102,105.5,102,104.6,102092
SHANKARA,20210812,589,616.95,587.8,602.2,270133
SHANTIGEAR,20210812,176.85,193.05,176.8,190,417143
SHARDACROP,20210812,315.3,322.1,313,315.1,186041
SHARDAMOTR,20210812,638,660,620,643.7,18407
SHAREINDIA,20210812,540,558,534.2,546.9,61600
SHARIABEES,20210812,426.42,426.42,416,422.94,314
SHEMAROO,20210812,119.7,121.6,117.05,118.85,56335
SHIL,20210812,376.8,387,370.95,379.55,44960
SHILPAMED,20210812,587.45,615,583.65,607.4,450005
SHIVAMAUTO,20210812,24.2,25,23.5,24.4,47921
SHIVAMILLS,20210812,87.2,96.3,87.2,91.45,147920
SHIVATEX,20210812,187.95,210,184.9,204.3,38905
SHK,20210812,154.8,155.5,150.15,152.2,686243
SHOPERSTOP,20210812,236.7,255.45,235.25,248.1,913321
SHRADHA,20210812,52.1,54.95,52.1,52.65,246
SHREDIGCEM,20210812,80.7,86,80.45,85.4,583979
SHREECEM,20210812,26700,27062.15,26500.05,26593,75502
SHREEPUSHK,20210812,164.75,174.35,162.1,171.35,82314
SHREERAMA,20210812,13.7,13.95,13.05,13.7,87874
SHRENIK,20210812,1.45,1.65,1.45,1.65,3077877
SHREYANIND,20210812,130,134,123.35,131.7,79561
SHREYAS,20210812,216,216,216,216,10895
SHRIPISTON,20210812,984,984,935,969,1091
SHRIRAMCIT,20210812,1780,1874,1777.5,1810.25,27099
SHRIRAMEPC,20210812,5.15,5.4,5.1,5.35,770688
SHYAMCENT,20210812,16.1,16.1,15.55,15.65,1501636
SHYAMMETL,20210812,408.55,419.7,405.95,417.3,790842
SHYAMTEL,20210812,12.2,12.2,12.2,12.2,200
SICAL,20210812,11.85,12.65,11.5,12.55,510075
SIEMENS,20210812,2170.9,2207,2140.1,2191.95,812617
SIGIND,20210812,51.25,53.55,50.05,53.35,28811
SIL,20210812,16.35,16.8,16.35,16.4,8682
SILGO,20210812,35.05,37.45,34.5,35.45,28743
SILINV,20210812,282.1,306.4,280,306.4,5312
SILLYMONKS,20210812,20.3,20.3,19.7,20.1,1714
SIMBHALS,20210812,32.45,32.45,29.45,30.65,31593
SIMPLEXINF,20210812,39,40.6,39,40.6,92142
SINTERCOM,20210812,85,90,84.35,89.75,24703
SINTEX,20210812,4,4.3,3.95,4.05,3619820
SIRCA,20210812,329,344.9,324.9,340,152359
SIS,20210812,440.05,472,440.05,467.55,342133
SITINET,20210812,1.6,1.7,1.6,1.65,8923645
SIYSIL,20210812,369.5,394.9,368,386.5,110679
SJVN,20210812,26.9,27.1,26.75,26.9,1500406
SKFINDIA,20210812,2838,2838,2795,2808.4,32635
SKIL,20210812,3.55,3.75,3.5,3.75,101258
SKIPPER,20210812,86.75,88,84.95,85.65,326950
SKMEGGPROD,20210812,80.45,83,80,82.25,104546
SMARTLINK,20210812,112.25,116.7,108.5,113.45,71530
SMCGLOBAL,20210812,83.55,84.35,79.75,83,532499
SMLISUZU,20210812,584.95,598.95,581.05,590.2,26370
SMSLIFE,20210812,755.05,763,731.85,747.75,11218
SMSPHARMA,20210812,179.4,183.55,178.4,181.75,72664
SNOWMAN,20210812,45.5,46.9,45.5,46.45,674049
SOBHA,20210812,588,611.55,588,608.5,158411
SOLARA,20210812,1765,1765.55,1689.7,1738.15,61452
SOLARINDS,20210812,1690,1740,1690,1725.65,30821
SOMANYCERA,20210812,676,680,650,665.25,27163
SOMATEX,20210812,7,7.45,6.6,7.2,9325
SOMICONVEY,20210812,46.2,49.05,44.85,49.05,16709
SONACOMS,20210812,503.7,508.75,486.85,491.25,1918516
SONATSOFTW,20210812,835,863.95,833.35,843.55,211592
SORILINFRA,20210812,113.95,121.5,112.45,119.05,65315
SOTL,20210812,1646.2,1699,1641,1677.15,29867
SOUTHBANK,20210812,9.9,10.15,9.85,10.1,8190895
SOUTHWEST,20210812,80.65,84.65,76.65,84.45,161695
SPAL,20210812,332,334.9,322.95,331.15,51572
SPANDANA,20210812,648,659.7,646.5,649.85,95076
SPARC,20210812,277.7,284,273.8,281.9,877169
SPECIALITY,20210812,71.95,74.5,69.4,71.95,526040
SPENCERS,20210812,95,98.3,95,96.9,894235
SPIC,20210812,54.25,59.5,54.25,57.7,1606966
SPICEJET,20210812,68.45,72.5,68.05,71.3,7139526
SPLIL,20210812,52,54.15,51,53.15,89363
SPMLINFRA,20210812,14.6,14.9,13.85,14.35,29884
SPTL,20210812,4,4.2,4,4.2,433483
SREEL,20210812,154.1,167.9,154.1,165.4,46057
SREINFRA,20210812,9.05,9.4,8.6,9.3,626698
SRF,20210812,8740,8911.85,8610,8804.1,185907
SRHHYPOLTD,20210812,322,328,319.4,325,14117
SRIPIPES,20210812,212,217.85,211.3,214.7,129412
SRPL,20210812,32.15,32.35,30.55,32.35,1493
SRTRANSFIN,20210812,1301.5,1319.5,1287.25,1309.4,828802
SSWL,20210812,1596,1607.8,1547.6,1589.55,32783
STAR,20210812,677.35,683,665.25,669.5,608308
STARCEMENT,20210812,108.9,113,107.8,108.7,1143275
STARPAPER,20210812,154.8,162.5,154.15,158.5,250354
STCINDIA,20210812,111.1,115.8,110.25,114.1,83866
STEELCITY,20210812,65,67.45,64.2,67.45,56907
STEELXIND,20210812,77,85.95,74.9,81.55,1783222
STEL,20210812,111.4,118.95,111.1,113.35,67163
STERTOOLS,20210812,211,224.1,210.45,223.85,65350
STLTECH,20210812,277.85,299.4,277.85,297.05,761625
STOVEKRAFT,20210812,773.95,809,773.95,797.55,205561
STYLAMIND,20210812,1090,1164.6,1090,1142.35,8539
SUBCAPCITY,20210812,25,25,25,25,200
SUBEXLTD,20210812,49.5,56.8,49.35,55.6,23518848
SUBROS,20210812,307,327.7,307,323.95,93444
SUDARSCHEM,20210812,650,672,650,666.3,352112
SUMEETINDS,20210812,7.3,7.95,7.25,7.85,196217
SUMICHEM,20210812,408.95,419.7,408.95,415.8,566298
SUMIT,20210812,13.65,14.95,13.6,13.95,74387
SUMMITSEC,20210812,717.05,727.95,706.05,710.6,6758
SUNCLAYLTD,20210812,3501.3,3566.95,3460,3492,9580
SUNDARAM,20210812,2.1,2.25,2.1,2.15,181824
SUNDARMFIN,20210812,2553.4,2567.35,2476,2490.1,13232
SUNDARMHLD,20210812,83.9,86.5,83.25,85.5,295108
SUNDRMBRAK,20210812,395,436,395,414.4,25233
SUNDRMFAST,20210812,744.9,819,740,807,665972
SUNFLAG,20210812,86.25,87.9,85.4,86.75,791134
SUNPHARMA,20210812,780,781.25,773.15,778.65,2821380
SUNTECK,20210812,371,384.7,368,379.3,466117
SUNTV,20210812,525.4,531,524,527.35,763355
SUPERHOUSE,20210812,154.4,156.5,151.9,154.75,12526
SUPERSPIN,20210812,11.3,11.8,11.3,11.3,111401
SUPPETRO,20210812,681.95,695,670.5,691.15,14230
SUPRAJIT,20210812,315,325.5,312.6,315.75,279916
SUPREMEENG,20210812,31,34.6,31,32.2,39567
SUPREMEIND,20210812,2050,2050,2016,2040.85,42847
SURANASOL,20210812,13.9,13.9,12.95,13.6,98647
SURANAT&P,20210812,6.55,6.95,6.45,6.95,162234
SURYALAXMI,20210812,62.65,65,61,64.25,9784
SURYAROSNI,20210812,554.7,581.95,546.05,578.15,170506
SURYODAY,20210812,183.45,188.7,183.45,187.45,86254
SUTLEJTEX,20210812,63.7,65,62.45,63.7,233279
SUULD,20210812,586.65,586.65,530.85,530.85,220892
SUVEN,20210812,78.2,83.45,78.2,82.55,430484
SUVENPHAR,20210812,537.7,552.1,530.2,542.45,322538
SUVIDHAA,20210812,21.3,23.4,19.3,22.8,330930
SUZLON,20210812,6.3,6.55,6.25,6.55,27908552
SVPGLOB,20210812,109.85,110.25,106,107.1,39494
SWANENERGY,20210812,125.8,129.5,124.8,128.1,114990
SWARAJENG,20210812,1804,1806.65,1746,1773.4,26524
SWELECTES,20210812,225.6,262.9,216,262.9,189505
SWSOLAR,20210812,269.05,280,269.05,278.2,1102735
SYMPHONY,20210812,935,935,915.05,920.95,35785
SYNGENE,20210812,629.6,630.95,620.1,622.35,169789
TAINWALCHM,20210812,81.1,88.35,81.1,88.35,12888
TAJGVK,20210812,123.9,128.9,123.9,127,162584
TAKE,20210812,58.4,61.35,58.3,59.65,1657353
TALBROAUTO,20210812,309,322,297,318.4,207311
TANLA,20210812,890,927,840,894.15,108262
TARAPUR,20210812,5.1,5.15,4.95,5.05,5663
TARC,20210812,38.5,40,38.5,39.5,156740
TARMAT,20210812,80.05,80.05,76.5,77.45,125197
TASTYBITE,20210812,16970,18078.9,16754.35,17755.8,3212
TATACHEM,20210812,863.9,886.4,860.15,875.85,5941940
TATACOFFEE,20210812,197.8,205.6,195.25,203.65,4233668
TATACOMM,20210812,1400.9,1420.05,1356.65,1367.75,387289
TATACONSUM,20210812,765.65,776.2,763,774.25,880420
TATAELXSI,20210812,4208.2,4329,4203.1,4293.6,118095
TATAINVEST,20210812,1237.05,1296.5,1233.05,1285.1,319062
TATAMETALI,20210812,1202.7,1225,1197.5,1218.65,124406
TATAMOTORS,20210812,297.3,307.4,297.3,306,33652880
TATAMTRDVR,20210812,137,144.45,137,143.75,2481359
TATAPOWER,20210812,130.25,134.2,129.85,133.65,31898731
TATASTEEL,20210812,1436,1444.7,1416.55,1435.35,10943108
TATASTLBSL,20210812,95.4,95.5,93,94.85,1594045
TATASTLLP,20210812,1025,1046,1012.1,1017.85,27587
TATVA,20210812,2034,2164.85,2017.05,2124.35,382918
TBZ,20210812,72.05,76.4,72.05,75.9,470930
TCI,20210812,427,441,426,439.55,33357
TCIDEVELOP,20210812,313.95,326,310,320.25,1445
TCIEXP,20210812,1384.2,1430.05,1381.05,1418.3,56861
TCIFINANCE,20210812,5.1,5.1,4.8,5.1,3004
TCNSBRANDS,20210812,557,567.2,532.35,562.65,40775
TCPLPACK,20210812,511,539,508.35,523.75,35680
TCS,20210812,3326,3368,3326,3351.75,1310205
TDPOWERSYS,20210812,190,199,183,187.1,146603
TEAMLEASE,20210812,3825,3977,3810.5,3893,13502
TECHIN,20210812,5.1,5.1,4.7,4.75,8583
TECHM,20210812,1323,1394.8,1317.75,1386.55,8613315
TECHNOE,20210812,290.9,297,290,292.55,77556
TEJASNET,20210812,375,397.65,362.25,397.65,498515
TEMBO,20210812,229.7,239,225.45,236.05,218466
TERASOFT,20210812,57.5,60.35,54.85,60.35,30404
TEXINFRA,20210812,63.9,64.9,62.65,64.3,70209
TEXMOPIPES,20210812,54.5,54.9,52.7,54.6,140893
TEXRAIL,20210812,34.2,35.4,34.05,35,876032
TFCILTD,20210812,66.4,66.7,65,65.6,338187
TFL,20210812,4.95,5.15,4.9,5,2652
TGBHOTELS,20210812,7.5,8.05,7.25,8.05,28757
THANGAMAYL,20210812,831.55,860,816,819,29874
THEINVEST,20210812,109.45,116.9,104.6,115,20579
THEMISMED,20210812,950.05,1031.4,950.05,1031.4,62286
THERMAX,20210812,1341.9,1395,1320.05,1360.6,74568
THOMASCOOK,20210812,58.55,60.35,58.15,58.85,218608
THOMASCOTT,20210812,18.2,18.3,16.7,17.25,2432
THYROCARE,20210812,1312.65,1351.95,1312.5,1347.85,179973
TI,20210812,39.45,42.75,39.45,41.4,113119
TIDEWATER,20210812,2165,2344.3,2165,2229.15,58558
TIIL,20210812,690,733.75,690,724.45,55531
TIINDIA,20210812,1185,1197.8,1162.95,1185.1,286925
TIJARIA,20210812,7.25,7.25,6.7,6.95,6724
TIL,20210812,172.1,180.8,171.1,177.4,14316
TIMESGTY,20210812,45,48.7,45,46.9,13323
TIMETECHNO,20210812,79.9,83.4,79.9,82.65,414995
TIMKEN,20210812,1560,1590,1550,1552.7,55807
TINPLATE,20210812,240.05,247.55,240.05,244.55,416496
TIPSINDLTD,20210812,1180,1182.85,1071.05,1180.65,6584
TIRUMALCHM,20210812,189.15,202.3,189.15,200.55,1029456
TIRUPATIFL,20210812,90.2,90.2,90.2,90.2,4111
TITAN,20210812,1798,1829.6,1781,1823.6,889082
TMRVL,20210812,17.95,18.55,16.15,17.8,97317
TNPETRO,20210812,127.4,131.85,126.6,128.6,617826
TNPL,20210812,143.5,147.5,142.7,145.05,249467
TNTELE,20210812,14.8,14.8,14.8,14.8,1971
TOKYOPLAST,20210812,100.5,104.9,99.95,103.2,12692
TORNTPHARM,20210812,2915,2942.15,2868.9,2911.85,287152
TORNTPOWER,20210812,457,473.35,457,468.35,1602107
TOTAL,20210812,57.85,58.6,53,55.85,28884
TOUCHWOOD,20210812,138.25,138.25,125.5,128.3,14389
TPLPLASTEH,20210812,320,351.25,316.7,346.95,98744
TREEHOUSE,20210812,10.75,10.8,10.15,10.7,11213
TREJHARA,20210812,59.75,63.95,58.5,61.65,78702
TRENT,20210812,905.5,913.4,880.1,896.7,592714
TRF,20210812,117.9,117.9,113.5,115.6,8848
TRIDENT,20210812,19.5,20.5,19.1,20.45,25303457
TRIGYN,20210812,128.15,138.75,128.15,138.4,284136
TRIL,20210812,30.2,31,29.35,30.05,315168
TRITURBINE,20210812,112.1,117,112.1,114.95,149693
TRIVENI,20210812,174.5,178,171.45,173.9,686053
TTKHLTCARE,20210812,713.3,726,705.4,717.9,13335
TTKPRESTIG,20210812,8790,9150,8750,9107.5,11295
TTL,20210812,71.8,74,70.1,70.7,38844
TTML,20210812,41.9,41.9,39.2,39.85,1709467
TV18BRDCST,20210812,38.4,39.05,37.65,38.3,4513563
TVSELECT,20210812,177,184.05,175.55,184.05,58082
TVSMOTOR,20210812,561,565.35,551.1,552,1066784
TVSSRICHAK,20210812,2136.95,2200,2136.9,2173,8390
TVTODAY,20210812,292,296.35,285.75,287.5,54710
TVVISION,20210812,2.6,2.6,2.4,2.6,37780
TWL,20210812,83,88.7,82.75,87.55,1587442
UBL,20210812,1389.3,1415.25,1381,1389.65,271644
UCALFUEL,20210812,140.9,147.5,140.9,145.2,66661
UCOBANK,20210812,12.6,13.4,12.6,13.25,6107851
UFLEX,20210812,521,539,519,536.25,402767
UFO,20210812,96.25,98.95,96.25,98.4,254076
UGARSUGAR,20210812,29.25,30.2,28.8,29.2,475058
UGROCAP,20210812,109.1,122.3,109.1,120.75,109530
UJAAS,20210812,2.65,2.9,2.6,2.85,869429
UJJIVAN,20210812,213,215.4,209.05,212.15,243461
UJJIVANSFB,20210812,25.75,26.3,25.6,26.15,2608448
ULTRACEMCO,20210812,7457,7580,7432.85,7468.7,206051
UMANGDAIRY,20210812,79.4,81.85,78.25,80.75,110748
UMESLTD,20210812,4.3,4.55,4.2,4.4,16511
UNICHEMLAB,20210812,275.35,313.75,275.35,299.25,190322
UNIDT,20210812,339.1,367,337.05,361.45,126486
UNIENTER,20210812,117.5,125,117.5,122.35,18006
UNIONBANK,20210812,34.7,35.4,34.6,35.05,5593592
UNITEDTEA,20210812,408.8,424.05,400.15,413,5567
UNIVASTU,20210812,46.4,48.2,40.7,43.95,43824
UNIVCABLES,20210812,175.95,177.5,171.95,175.2,33900
UNIVPHOTO,20210812,290.05,293.45,290,290,7193
UPL,20210812,773,785.65,772.05,777.1,2248810
URJA,20210812,6.55,6.85,6.55,6.85,4027328
USHAMART,20210812,68.6,70.3,68.4,69.55,1423627
UTIAMC,20210812,1035,1100,1012.8,1081.55,774584
UTIBANKETF,20210812,36.05,36.12,35.55,35.99,4244
UTINEXT50,20210812,41.97,41.97,40.93,41.03,4429
UTINIFTETF,20210812,1720,1721.6,1705.9,1720.53,1586
UTISENSETF,20210812,571.99,574.95,568.57,572.79,448
UTISXN50,20210812,45.5,45.95,44.1,45.33,1252
UTTAMSTL,20210812,4.6,4.8,4.45,4.75,348239
UTTAMSUGAR,20210812,194,201.95,185.2,199.45,34557
V2RETAIL,20210812,117.95,118.8,113.45,115.35,15647
VADILALIND,20210812,1159,1231,1138.95,1194.45,110655
VAIBHAVGBL,20210812,772,781.9,764,769.45,61856
VAISHALI,20210812,39.9,39.9,38.35,38.85,25011
VAKRANGEE,20210812,31.5,36.15,31.5,36.15,16747270
VALIANTORG,20210812,1395.25,1448,1388.15,1411.3,57059
VARDHACRLC,20210812,71.6,72.7,70,71.3,292423
VARDMNPOLY,20210812,22.25,23.85,22.25,23.75,46368
VARROC,20210812,317.2,328.65,315.1,320.15,336875
VASCONEQ,20210812,24.75,25.7,23.85,25.7,1556009
VASWANI,20210812,12.9,13.75,12.6,13.65,41685
VBL,20210812,779,781.95,760.55,774.15,256036
VEDL,20210812,326,327.4,319.35,323.55,11383091
VENKEYS,20210812,2799.1,2849.8,2775,2827.45,52146
VENUSREM,20210812,525,561.45,525,534.85,91699
VERTOZ,20210812,131.25,137.25,129.6,131.75,152597
VESUVIUS,20210812,1238.8,1270.6,1211.95,1254.1,15448
VETO,20210812,106.8,113,101.75,104.6,572198
VGUARD,20210812,233.55,238.85,233.55,237.45,313049
VHL,20210812,3225.15,3250,3102.95,3136.15,1134
VIDHIING,20210812,306.9,327,302.8,315.55,176631
VIJIFIN,20210812,1.55,1.55,1.55,1.55,41917
VIKASECO,20210812,2.15,2.3,2.15,2.3,4724357
VIKASLIFE,20210812,3.95,3.95,3.75,3.85,3868442
VIKASPROP,20210812,2.2,2.4,2.2,2.3,1202094
VIKASWSP,20210812,5,5.1,4.75,4.8,1142971
VIMTALABS,20210812,292,336.2,284.95,331.8,584245
VINATIORGA,20210812,1900,1928.55,1899.8,1921.85,50463
VINDHYATEL,20210812,1232,1260.6,1226.3,1236.05,30809
VINEETLAB,20210812,92.05,97.85,92,97.1,46355
VINYLINDIA,20210812,179.7,211.7,178.65,203.85,2344165
VIPCLOTHNG,20210812,18.6,20.5,18.6,20.25,411360
VIPIND,20210812,410.95,462.95,409.05,462.95,12541406
VIPULLTD,20210812,31.5,34.1,30.9,32.8,102638
VISAKAIND,20210812,737.45,779.9,735,775.75,41665
VISASTEEL,20210812,10.4,10.65,10,10.2,82367
VISHAL,20210812,104.75,113,104.75,110.25,2043898
VISHNU,20210812,618,618,598.7,606.7,4439
VISHWARAJ,20210812,156,157,151.55,156.05,172327
VIVIDHA,20210812,0.8,0.85,0.75,0.85,2487974
VIVIMEDLAB,20210812,22.5,23.3,22.15,22.9,216063
VLSFINANCE,20210812,198,211.75,197.95,211.75,117409
VMART,20210812,3555,3599.95,3451.85,3556.1,56345
VOLTAMP,20210812,1586.9,1625,1555.95,1601.65,11927
VOLTAS,20210812,1005.1,1008.65,982,986.15,988482
VRLLOG,20210812,307.5,332.7,306.5,326.95,995108
VSSL,20210812,283.1,286.9,270.15,272.95,430265
VSTIND,20210812,3325,3398,3325,3374.05,3963
VSTTILLERS,20210812,1912,1942.85,1899,1909.3,19171
VTL,20210812,1758,1829,1750.05,1758.85,145231
WABAG,20210812,349,362.95,349,356.3,954203
WABCOINDIA,20210812,7300.05,7850,7300.05,7541.5,31006
WALCHANNAG,20210812,63.15,67.35,63.15,66.55,189708
WANBURY,20210812,78.3,83.85,78.3,83.85,10268
WATERBASE,20210812,112.85,128.9,112.85,125.45,1130650
WEALTH,20210812,219.95,219.95,200,210,198
WEBELSOLAR,20210812,64,70.25,64,70.25,443613
WEIZMANIND,20210812,49.5,50.65,48.65,50.3,13434
WELCORP,20210812,127.55,130.85,127.55,129.75,1071366
WELENT,20210812,96,99.3,96,98.65,119527
WELINV,20210812,351.1,355,343.95,349.75,488
WELSPUNIND,20210812,127.45,134,127.2,132.95,1338353
WENDT,20210812,4181.05,4300,4160,4276.35,1344
WESTLIFE,20210812,505,527,505,522.75,126147
WHEELS,20210812,831.4,847.4,816,823.45,11812
WHIRLPOOL,20210812,2032.6,2054.85,1995.3,2000.7,699233
WILLAMAGOR,20210812,22.8,23.65,21.5,23.25,51108
WINDMACHIN,20210812,29.7,30.9,29.7,30.9,38493
WIPL,20210812,61.75,65,61.75,62.15,1263
WIPRO,20210812,602,608.9,600.65,605.85,3952508
WOCKPHARMA,20210812,480,493.35,478.15,489,326321
WONDERLA,20210812,234.7,237,228,235.4,283615
WORTH,20210812,94.4,103.8,94.4,102.35,60163
WSI,20210812,4.7,4.7,4.7,4.7,1
WSTCSTPAPR,20210812,253.5,264.9,253.5,260.9,281221
XCHANGING,20210812,115.25,120.7,112.7,118.5,625405
XELPMOC,20210812,390,390,371.5,387.55,10199
XPROINDIA,20210812,270.05,277.7,270.05,277.7,24193
YAARII,20210812,95.85,100.65,95,100.65,26308
YESBANK,20210812,12,12.15,11.9,11.95,75856427
ZEEL,20210812,182.6,186.4,182,184.9,11685849
ZEELEARN,20210812,13.75,14.75,13.5,14.65,1720067
ZEEMEDIA,20210812,10.4,10.9,10.4,10.85,2957682
ZENITHEXPO,20210812,86,86,78.05,85.3,3701
ZENSARTECH,20210812,396.65,419.9,395.6,417.7,1484019
ZENTEC,20210812,85.05,87.85,85.05,86.8,135400
ZODIACLOTH,20210812,117,121.45,116.7,119.8,46378
ZODJRDMKJ,20210812,30.75,32.55,30.7,32.35,1988
ZOMATO,20210812,135.65,137.4,132.05,135.45,51256670
ZOTA,20210812,351.85,355,333.1,337.95,83656
ZUARI,20210812,133.85,139.55,133.5,139.35,61796
ZUARIGLOB,20210812,139,147,139,146.6,25572
ZYDUSWELL,20210812,2196,2255,2196,2236.85,14126
NSENIFTY,20210812,16303.65,16375.50,16286.90,16364.40,280181324,0
NIFTYJUNIOR,20210812,39389.60,39488.45,39188.05,39451.80,215165402,0
NIFTYMIDCAPLIQ15,20210812,6237.60,6282.95,6210.10,6271.90,70938207,0
NSE100,20210812,16512.00,16577.80,16485.70,16569.30,495346726,0
NIFTY200,20210812,8596.45,8635.80,8583.65,8631.00,1009891244,0
NSE500,20210812,13901.10,13979.85,13884.05,13971.95,1493031479,0
NSEMIDCAP150,20210812,10365.75,10452.45,10355.15,10443.10,545763875,0
MIDCAP50,20210812,7491.65,7573.25,7483.75,7560.65,467645498,0
NSEMIDCAP,20210812,27470.95,27710.25,27447.40,27684.00,514544518,0
NSESMLCAP100,20210812,10072.65,10257.55,10072.35,10240.30,-,0
NIFTYAUTO,20210812,10177.35,10223.75,10137.10,10180.55,73337284,0
BANKNIFTY,20210812,35825.40,35998.15,35702.90,35937.05,122331527,0
NIFTYFINSERVICE,20210812,17151.50,17251.15,17108.40,17233.50,65217063,0
NIFTYFMGC,20210812,36537.00,36696.05,36457.00,36521.85,38916024,0
NSEIT,20210812,31667.35,32289.85,31667.35,32245.10,29071408,0
NIFTYMEDIA,20210812,1683.90,1726.10,1682.85,1721.85,51099705,0
NIFTYMETAL,20210812,5775.95,5793.20,5728.60,5769.25,132501852,0
NIFTYPHARMA,20210812,14291.50,14291.50,14120.05,14133.05,25887892,0
NIFTYPVTBANK,20210812,18618.85,18693.65,18557.15,18660.60,147658002,0
NIFTYPSUBANK,20210812,2360.55,2390.80,2350.90,2383.45,145460451,0
NIFTYREALTY,20210812,393.90,399.10,393.05,398.20,22604729,0
NIFTYCOMMODITIES,20210812,5366.90,5393.95,5347.90,5367.15,150338340,0
NIFTYCONSUMPTION,20210812,6509.95,6520.15,6487.50,6503.00,72901620,0
NIFTYCPSE,20210812,2027.60,2067.30,2023.45,2064.35,102380066,0
NIFTYENERGY,20210812,19415.65,19629.90,19384.75,19599.05,138708314,0
NIFTY100ESG,20210812,-,-,-,3325.08,315191840,0
NIFTY100ENHESG,20210812,-,-,-,3347.26,289636684,0
NIFTYINFRA,20210812,4500.20,4533.15,4494.35,4528.75,191100442,0
NIFTYMNC,20210812,18019.10,18095.40,18004.75,18073.55,163382269,0
NIFTYPSE,20210812,3587.50,3640.80,3584.90,3635.80,252461209,0
NIFTYSMEEMERGE,20210812,-,-,-,2810.01,1267433,0
NIFTYSERVSECTOR,20210812,22873.60,23056.35,22851.30,23037.65,173462191,0
NIFTYSHARIAH25,20210812,-,-,-,6165.73,85049117,0
NIFTY50SHARIAH,20210812,-,-,-,4053.08,53134918,0
NIFTY500SHARIAH,20210812,-,-,-,5013.77,290528820,0
NIFTYABGROUP,20210812,-,-,-,5158.78,134706976,0
NIFTYMAHINDRA,20210812,-,-,-,15056.30,17321918,0
NIFTYTATA,20210812,-,-,-,11816.01,102388260,0
NIFTYTATA25CAP,20210812,-,-,-,9307.43,90502943,0
NIFTYABGROUP,20210812,-,-,-,5158.78,134706976,0
NIFTYLIQ15,20210812,4187.90,4206.80,4184.85,4202.95,122653582,0
NIFTY500VALUE50,20210812,-,-,-,5609.92,421370813,0
NIFTYQUALLOWVOL30,20210812,-,-,-,11753.45,88712552,0
NIFTYALPHAQUALLOWVOL30,20210812,-,-,-,13629.75,76600128,0
NIFTYALPHAQUALVALLOWVOL30,20210812,-,-,-,10365.61,91579640,0
NIFTY50EQUALWEIGHT,20210812,18246.35,18322.40,18229.45,18311.10,280181324,0
NIFTY100EQUALWEIGHT,20210812,19306.55,19376.90,19252.00,19364.30,495346726,0
NIFTY100LOWVOL30,20210812,12539.00,12604.10,12524.40,12594.55,148106036,0
NSEDEFTY,20210812,-,-,-,7636.20,-,0
NIFTY50DIVPOINT,20210812,106.07,106.07,106.07,106.07,-,0
NIFTYDIVOPPS50,20210812,3457.25,3491.15,3455.60,3488.05,279444410,0
NIFTYALPHA50,20210812,28016.45,28411.10,27957.75,28388.10,202272110,0
NIFTY50ARBITRAGE,20210812,-,-,-,1982.88,-,0
NIFTY50FUTINDEX,20210812,-,-,-,5299.18,-,0
NIFTY50FUTTRINDEX,20210812,-,-,-,16994.67,-,0
NIFTYHIGHBETA50,20210812,-,-,-,1993.13,535526865,0
NIFTYLOWVOL50,20210812,-,-,-,15657.47,173778389,0
NIFTY50VALUE20,20210812,8380.60,8455.85,8375.40,8449.10,150679189,0
NIFTYGROWSECT15,20210812,7526.15,7543.25,7489.10,7496.90,53995753,0
NIFTY50TR2XLEV,20210812,10756.05,10850.05,10734.30,10836.05,-,0
NIFTY50PR2XLEV,20210812,7950.90,8020.40,7934.85,8010.10,-,0
NIFTY50TR1XINV,20210812,232.65,232.90,231.65,231.80,-,0
NIFTY50PR1XINV,20210812,270.50,270.75,269.30,269.50,-,0
NIFTY-GS-COMPSITE,20210812,2315.34,2317.58,2315.34,2317.36,-,0
NIFTY-GS-4-8YR,20210812,2437.53,2439.60,2437.53,2439.06,-,0
NIFTY-GS-8-13YR,20210812,2263.83,2264.89,2263.83,2264.50,-,0
NIFTY-GS-10YR,20210812,2040.61,2043.07,2040.61,2042.05,-,0
NIFTY-GS-10YR-CLN,20210812,936.91,938.05,936.91,937.58,-,0
NIFTY-GS-11-15YR,20210812,2408.19,2411.40,2407.72,2411.43,-,0
NIFTY-GS-15YRPLUS,20210812,2580.28,2581.34,2580.28,2581.57,-,0
VIX,20210812,12.71,12.82,11.36,12.37,0,0
