20MICRONS,20210412,37,37.05,35,35.2,42057
21STCENMGM,20210412,12.9,13.2,12.7,12.7,3343
3IINFOTECH,20210412,7.9,7.95,7.65,7.65,9401908
3MINDIA,20210412,26602,27368,25251.95,25556.45,7743
3PLAND,20210412,9.8,10.2,8.7,10.2,196025
5PAISA,20210412,300.8,300.8,277.1,280.35,39732
63MOONS,20210412,84.9,84.9,76.4,79.15,214644
A2ZINFRA,20210412,4.2,4.2,3.75,3.85,757961
AAKASH,20210412,130.4,133.8,130.4,131.95,9813
AARON,20210412,57.65,57.65,54.25,54.95,1267
AARTIDRUGS,20210412,729.9,729.9,691.05,696.05,720928
AARTIIND,20210412,1411,1414.5,1332.55,1347.6,382214
AARTISURF,20210412,1526.8,1563.4,1390,1427.85,63017
AARVEEDEN,20210412,23.55,26.75,23.25,24.8,773069
AARVI,20210412,50,50.05,46,47.2,6721
AAVAS,20210412,2339,2339.4,2124.15,2171.55,505937
ABAN,20210412,31.05,31.05,30.35,30.35,36663
ABB,20210412,1378,1378,1298.55,1309.45,69205
ABBOTINDIA,20210412,15233,15233,14920,15049.7,17883
ABCAPITAL,20210412,120.5,120.95,112.8,113.5,4777532
ABFRL,20210412,185,185,171.25,172.9,3018176
ABMINTLTD,20210412,49,51.5,49,49.55,595
ABSLBANETF,20210412,322,322,304.52,306.86,2788
ABSLNN50ET,20210412,360,362.09,347,362.09,542
ACC,20210412,1934.95,1934.95,1860.35,1885.7,810830
ACCELYA,20210412,900,901.95,865,867.8,2805
ACCURACY,20210412,54,54.05,51.5,53.9,21462
ACE,20210412,163.7,163.7,149.35,150.2,450077
ACRYSIL,20210412,350.2,358.8,328.25,336,150072
ADANIENT,20210412,1177.4,1177.4,1061.4,1074.4,13690016
ADANIGREEN,20210412,1129.95,1129.95,1085.65,1085.65,313902
ADANIPORTS,20210412,809.9,809.9,735,744.65,28112240
ADANIPOWER,20210412,94.4,94.4,92.8,92.8,15853703
ADANITRANS,20210412,949.2,949.2,924.9,924.9,451486
ADFFOODS,20210412,941,941,880,892.65,53151
ADHUNIKIND,20210412,25.4,25.4,22.1,22.65,331100
ADL,20210412,30.5,30.5,27.8,28.2,7382
ADORWELD,20210412,331.65,331.65,312.2,319.5,31342
ADROITINFO,20210412,8.35,8.7,8.35,8.35,420
ADSL,20210412,49.3,51.35,46.7,46.95,368572
ADVANIHOTR,20210412,54.3,55.8,53.75,54.5,9323
ADVENZYMES,20210412,367,367.3,347.7,358.2,215641
AEGISCHEM,20210412,288,290,281.25,288.25,287088
AFFLE,20210412,5460,5460,5145.9,5238.35,61694
AGARIND,20210412,154.5,154.5,150.1,151.45,5540
AGCNET,20210412,1472.05,1475.05,1464.6,1464.6,3679
AGRITECH,20210412,45.25,45.25,42.45,42.45,39048
AGROPHOS,20210412,11.85,11.85,11.35,11.35,34048
AHLADA,20210412,106.85,106.85,98.5,100.8,10768
AHLEAST,20210412,159.9,159.9,156.15,156.55,3509
AHLUCONT,20210412,292,293.5,278.25,285.95,18164
AHLWEST,20210412,210.05,214.8,200.1,207.7,3105
AIAENG,20210412,1955,1966.85,1884.65,1902,25342
AIRAN,20210412,16.7,16.7,15.5,15.6,42597
AJANTPHARM,20210412,1737.95,1782,1690,1708.9,247825
AJMERA,20210412,116.4,116.4,109.65,110.85,81412
AKASH,20210412,230,230,186.25,192.6,55608
AKG,20210412,46.55,46.55,46.55,46.55,1254
AKSHARCHEM,20210412,244.5,248.1,232.5,236.85,17008
AKSHOPTFBR,20210412,7.15,7.15,6.1,6.2,748202
AKZOINDIA,20210412,2337.5,2337.5,2255,2259.55,13004
ALANKIT,20210412,16.3,16.5,15.1,15.4,181311
ALBERTDAVD,20210412,432,436.75,410.15,412.45,30440
ALEMBICLTD,20210412,104.2,108.9,101,101.4,1069035
ALICON,20210412,455.5,455.5,417.7,421.3,9322
ALKALI,20210412,55.25,55.25,51.8,52.4,49690
ALKEM,20210412,2829.9,2889,2721,2745.55,449475
ALKYLAMINE,20210412,5959.9,6100,5778.05,5891.65,53841
ALLCARGO,20210412,126,127,122.55,123.1,150418
ALLSEC,20210412,323.45,325.75,296,304.3,8539
ALMONDZ,20210412,28.7,28.7,27.1,27.2,5581
ALOKINDS,20210412,21.5,21.5,20.6,20.75,13904215
ALPA,20210412,53.45,53.45,43.5,48.65,517163
ALPHAGEO,20210412,196,200.1,182.1,183.7,29465
ALPSINDUS,20210412,1.65,1.65,1.6,1.65,18848
AMARAJABAT,20210412,810,813.8,795,799.45,1591677
AMBER,20210412,3215,3229.85,3026.55,3135.4,89544
AMBIKCO,20210412,925,925,860.05,876.25,14673
AMBUJACEM,20210412,310.9,312.2,299.55,304.3,10520709
AMDIND,20210412,19.25,19.25,18.3,18.3,1745
AMJLAND,20210412,23,23.5,22.1,23.35,9382
AMRUTANJAN,20210412,617,617,569.45,582.6,113655
ANANTRAJ,20210412,51.35,52.2,50.6,50.6,475351
ANDHRACEMT,20210412,6.2,6.2,5.55,5.55,655108
ANDHRAPAP,20210412,220,220,210.5,213.05,29627
ANDHRSUGAR,20210412,314.85,314.85,295.05,297.2,56294
ANGELBRKG,20210412,301.9,301.9,286.35,295.05,114414
ANIKINDS,20210412,14.85,15.65,13.85,14.1,22910
ANKITMETAL,20210412,0.95,1,0.9,1,154505
ANSALAPI,20210412,6.85,6.85,6.4,6.4,38877
ANSALHSG,20210412,5.7,5.7,5.1,5.15,29420
ANTGRAPHIC,20210412,0.45,0.45,0.45,0.45,29080
ANUP,20210412,585.1,585.1,552.95,558.55,21547
ANURAS,20210412,548,586,516.35,553.65,1187225
APARINDS,20210412,465.5,465.5,442,453.6,76555
APCL,20210412,216.9,216.9,205,208,42076
APCOTEXIND,20210412,183,183,172,174.25,83759
APEX,20210412,210.9,210.9,200.1,201.9,117246
APLAPOLLO,20210412,1295,1295.65,1215,1230.3,203703
APLLTD,20210412,1021,1024.15,955,960.45,465871
APOLLO,20210412,94,94,86.5,87.75,148752
APOLLOHOSP,20210412,3119,3119,2979.05,3004.75,961549
APOLLOPIPE,20210412,1053,1053,973.1,977.8,68989
APOLLOTYRE,20210412,219.9,219.9,202.5,203.5,6217829
APOLSINHOT,20210412,620,678,580,590,19905
APTECHT,20210412,209.75,209.75,192.55,194.4,222951
ARCHIDPLY,20210412,32,32,29.45,30.1,22783
ARCHIES,20210412,11.8,11.8,10.5,10.7,37958
ARENTERP,20210412,12.1,12.1,10.85,10.95,183
ARIES,20210412,85.75,86.5,80.65,81.75,42485
ARIHANT,20210412,19.5,19.5,18.75,18.75,622
ARIHANTSUP,20210412,42.4,43.45,40,41.35,113866
ARMANFIN,20210412,607,607.25,573.55,582.95,35121
AROGRANITE,20210412,40.15,40.3,37.85,38.2,39965
ARROWGREEN,20210412,74.35,74.35,70.75,70.85,3991
ARSHIYA,20210412,30.05,31.65,29.8,30.05,31935
ARSSINFRA,20210412,24.8,24.85,21.4,21.75,34368
ARTEMISMED,20210412,211,211,201.1,202.35,1455
ARVEE,20210412,77.85,77.85,74.15,77.85,4711
ARVIND,20210412,64.8,65.4,60,61.05,1803473
ARVINDFASN,20210412,139,139,131.3,131.75,169449
ARVSMART,20210412,97,98.75,95,95.7,107339
ASAHIINDIA,20210412,324.85,324.85,306.05,313.65,57106
ASAHISONG,20210412,327,337.55,311.1,316.25,24448
ASAL,20210412,34.85,34.85,32.45,32.5,3018
ASALCBR,20210412,430,433,406,408.85,79042
ASHAPURMIN,20210412,124,124,102.35,115.55,432423
ASHIANA,20210412,140.05,140.15,130.05,133.1,126969
ASHIMASYN,20210412,16.5,16.5,15.95,15.95,153264
ASHOKA,20210412,94.2,95,85.05,87.35,1776375
ASHOKLEY,20210412,117.35,117.35,110.75,112.15,36108789
ASIANHOTNR,20210412,69.75,69.75,62.1,64.55,10055
ASIANPAINT,20210412,2578.2,2610,2555,2602.2,1427691
ASIANTILES,20210412,165.25,169.85,156.1,159.25,473053
ASPINWALL,20210412,185,185,170,173,1059
ASTEC,20210412,1080,1114.95,1033,1043,37806
ASTERDM,20210412,147.4,147.4,141,142.95,2215340
ASTRAL,20210412,1564.85,1564.85,1505.55,1514.9,222394
ASTRAMICRO,20210412,121.25,121.35,114,114.9,344619
ASTRAZEN,20210412,3317,3470,3199.55,3389.95,138127
ASTRON,20210412,40.1,41.8,38.1,39.2,76787
ATFL,20210412,844.6,844.95,800.1,818.5,7399
ATGL,20210412,1070,1070,984.1,990.25,3008046
ATLANTA,20210412,7.45,7.55,6.75,7,49391
ATUL,20210412,7950,7950,7345,7769.25,34735
ATULAUTO,20210412,176.5,176.5,169,170.25,79157
AUBANK,20210412,1153,1153,1025.45,1076.5,2390990
AURIONPRO,20210412,170,187.7,170,177.55,814869
AUROPHARMA,20210412,940.7,949.25,906,915.2,2974446
AUSOMENT,20210412,56.3,56.3,50.45,52.4,16138
AUTOAXLES,20210412,1050.5,1050.5,986.65,995.95,14387
AUTOIND,20210412,37.25,38.8,37.1,37.1,17940
AVADHSUGAR,20210412,201.6,201.6,180.65,184.6,112812
AVANTIFEED,20210412,475,475,444,451.95,393700
AVTNPL,20210412,45,45.5,43.6,44,197010
AWHCL,20210412,258,258,245.65,247,62570
AXISBANK,20210412,651,655,626.65,635.6,14649541
AXISBNKETF,20210412,323,323,305.65,307.54,6966
AXISCADES,20210412,52.05,55.4,48.15,52.85,350527
AXISGOLD,20210412,40.69,40.69,40.2,40.42,164988
AXISNIFTY,20210412,156.98,156.98,148.7,149.29,24396
AXISTECETF,20210412,260.6,279.99,260.6,271.14,2132
AYMSYNTEX,20210412,47.05,47.75,44.8,44.8,18225
BAFNAPH,20210412,130.4,130.4,130.4,130.4,3237
BAGFILMS,20210412,1.95,2,1.9,1.95,104020
BAJAJ-AUTO,20210412,3579.5,3599,3480.05,3541,724230
BAJAJCON,20210412,280,280,267.65,269.95,1107938
BAJAJELEC,20210412,1049,1070,1014.95,1049.25,146823
BAJAJFINSV,20210412,9419.95,9459.8,9035.85,9163.15,566836
BAJAJHIND,20210412,6.5,6.55,6.1,6.2,5733493
BAJAJHLDNG,20210412,3325,3366.85,3225.15,3279.95,38914
BAJFINANCE,20210412,4740,4740,4400,4511,4500046
BALAJITELE,20210412,57.5,57.5,54.3,54.8,110051
BALAMINES,20210412,1930,1931.25,1830.5,1854,206054
BALAXI,20210412,594.65,604.95,564.95,597.55,4759
BALKRISHNA,20210412,21.1,21.1,20.15,20.15,2611
BALKRISIND,20210412,1622,1637.65,1552,1606.2,793227
BALMLAWRIE,20210412,127.9,127.9,120,120.95,591420
BALPHARMA,20210412,67.5,67.5,61.05,62.6,165692
BALRAMCHIN,20210412,234.55,239.35,222.2,226.95,3321317
BANARBEADS,20210412,50,50.5,46,46.25,4952
BANARISUG,20210412,1780,1780,1586.9,1609.85,2530
BANCOINDIA,20210412,144.7,145.5,136,142.45,240232
BANDHANBNK,20210412,349.9,349.9,317.45,327.55,10476624
BANG,20210412,27.95,27.95,25.4,25.8,8921
BANKA,20210412,65.5,65.5,58.05,58.85,4670
BANKBARODA,20210412,72,72,63.25,66.1,77084143
BANKBEES,20210412,326.5,326.5,307,309.68,3328197
BANKINDIA,20210412,71.1,71.85,63.65,66.65,14200290
BANSWRAS,20210412,103.3,103.3,93.1,94.55,11678
BARBEQUE,20210412,670,721.8,645,688.35,1205691
BASF,20210412,2044.55,2044.55,1922.25,1940.4,35284
BASML,20210412,67.35,67.35,61.55,61.9,20437
BATAINDIA,20210412,1378,1384.95,1298,1305.9,824030
BAYERCROP,20210412,5227,5247.95,5070.15,5114.65,14911
BBL,20210412,1105,1115,1090.05,1101.75,21157
BBTC,20210412,1249.9,1249.9,1175.6,1185.45,95494
BCG,20210412,7.9,8,7.6,7.6,3112445
BCLIND,20210412,122.9,125.75,108,109.4,306628
BCP,20210412,3.5,3.5,3.35,3.35,433320
BDL,20210412,338,340,325.5,333.85,258328
BEARDSELL,20210412,9.8,10.3,9.35,9.55,14914
BECTORFOOD,20210412,341,352.25,338.05,347.05,415229
BEDMUTHA,20210412,25.55,26.9,23.7,24.5,39189
BEL,20210412,127.9,128.5,120.5,121.9,11833034
BEML,20210412,1215,1236.75,1155.55,1169.65,457096
BEPL,20210412,160,160.5,147.6,149.7,1581875
BERGEPAINT,20210412,746.9,746.9,713.75,728.2,659253
BESTAGRO,20210412,415,415,392.65,401.65,8806
BFINVEST,20210412,293.1,293.1,272,275,21920
BFUTILITIE,20210412,256.8,256.8,235,239.05,181893
BGLOBAL,20210412,1.05,1.05,1.05,1.05,53107
BGRENERGY,20210412,47.65,47.65,44,44.35,218336
BHAGERIA,20210412,163.1,163.15,136.3,153.95,101619
BHAGYANGR,20210412,50.5,50.5,48.45,48.45,24734
BHAGYAPROP,20210412,29.4,31.4,28.45,28.8,86025
BHANDARI,20210412,2.2,2.25,2.1,2.1,137254
BHARATFORG,20210412,600,600,574.3,581,1534224
BHARATGEAR,20210412,77,82.85,75.15,76.2,31034
BHARATRAS,20210412,10089,10250,9435.1,9666.6,4066
BHARATWIRE,20210412,43.2,44.5,41.05,41.5,61643
BHARTIARTL,20210412,537.55,538.85,518.5,522.45,9687846
BHEL,20210412,50,50,44.3,45.05,87601428
BIGBLOC,20210412,93,93.2,88.1,88.1,2397
BIL,20210412,219,219,200,200.45,25605
BINDALAGRO,20210412,17.9,17.9,16.6,16.65,98721
BIOCON,20210412,418.7,420.5,401,404.3,3599430
BIOFILCHEM,20210412,70.85,70.85,67.45,67.5,33505
BIRLACABLE,20210412,60.3,60.7,57,57.4,77108
BIRLACORPN,20210412,976,976,911.15,922.1,201186
BIRLAMONEY,20210412,41.5,41.8,39.7,40,113233
BIRLATYRE,20210412,24.05,24.45,22.3,22.4,468636
BKMINDST,20210412,1,1,0.95,0.95,3888
BLBLIMITED,20210412,6,6.25,5.7,5.8,4815
BLISSGVS,20210412,101.65,102,94,96,338334
BLKASHYAP,20210412,18.55,18.55,18.1,18.1,54229
BLS,20210412,94.05,94.7,84.1,88.25,213940
BLUECHIP,20210412,0.25,0.25,0.25,0.25,10252
BLUEDART,20210412,5292.25,5348.95,5121,5234.1,26248
BLUESTARCO,20210412,912.15,912.15,847.05,867.9,153284
BODALCHEM,20210412,97.9,97.9,86.1,87.9,3564476
BOMDYEING,20210412,71.75,71.75,67.25,68.2,1444798
BOROLTD,20210412,186.5,186.5,178.15,181.55,137420
BORORENEW,20210412,240,241,220,223.65,809763
BOSCHLTD,20210412,14085,14380,13620.5,13681.95,47149
BPCL,20210412,417.95,419.4,402,403.95,6184047
BPL,20210412,23.2,23.2,21.55,21.85,77731
BRFL,20210412,7.45,7.45,6.6,6.85,185100
BRIGADE,20210412,263.95,263.95,250.25,255.8,1904626
BRITANNIA,20210412,3777.95,3850,3750,3812.75,1108910
BRNL,20210412,30.05,30.1,28.3,28.5,39223
BROOKS,20210412,73.4,73.4,69.9,69.95,91641
BSE,20210412,595.6,595.65,570.5,575.3,396440
BSELINFRA,20210412,0.9,0.9,0.9,0.9,3880
BSHSL,20210412,140,142.8,132.1,134,1196
BSL,20210412,37.55,37.55,33.9,34.35,21639
BSLGOLDETF,20210412,4288,4300,4186.5,4254.4,640
BSLNIFTY,20210412,163,195.2,157,157.94,3842
BSOFT,20210412,268.35,268.35,252.2,256.85,1271455
BURGERKING,20210412,134,134.4,130.55,132.55,2257521
BURNPUR,20210412,2.25,2.45,2.25,2.25,185610
BUTTERFLY,20210412,623,623,575,582.6,246158
BVCL,20210412,18.75,18.75,17.3,18.1,7580
BYKE,20210412,20.2,20.2,16.4,18.35,121792
CADILAHC,20210412,517.75,532,494.35,499.7,26881035
CALSOFT,20210412,10.2,10.45,8.7,9.2,101858
CAMLINFINE,20210412,144.4,144.4,133,133.95,373711
CAMS,20210412,1835,1835,1771.5,1797.5,71001
CANBK,20210412,143.95,143.95,130.35,132.2,27939947
CANFINHOME,20210412,544,546,494.25,512.15,686602
CANTABIL,20210412,378.5,378.5,370.5,372.55,93358
CAPACITE,20210412,193.05,197,182.55,184.2,126137
CAPLIPOINT,20210412,474.05,474.05,448,450.55,173183
CAPTRUST,20210412,86,86,81.25,81.25,7715
CARBORUNIV,20210412,515,517,495.7,500.75,94285
CAREERP,20210412,133.05,137.9,126.6,133.2,38800
CARERATING,20210412,465,470.9,434.8,446.65,268790
CASTEXTECH,20210412,0.4,0.4,0.4,0.4,34232
CASTROLIND,20210412,124.8,128.9,118.4,122.7,1490922
CCCL,20210412,0.55,0.55,0.55,0.55,1000
CCHHL,20210412,4.45,4.45,3.6,4.15,92128
CCL,20210412,244.7,244.7,229.6,232.7,189837
CDSL,20210412,739.95,739.95,691.25,706.15,986310
CEATLTD,20210412,1534,1534,1421.55,1445.75,176722
CEBBCO,20210412,17.5,17.6,16.55,17.15,211859
CELEBRITY,20210412,5.7,5.7,5.3,5.45,43095
CENTENKA,20210412,259.1,260.85,245.2,247,48509
CENTEXT,20210412,4.85,4.85,4.3,4.4,264095
CENTRALBK,20210412,18.25,18.85,16.65,16.9,19786439
CENTRUM,20210412,27.2,27.2,24.6,24.95,2423889
CENTUM,20210412,417,417,381.55,383.7,3060
CENTURYPLY,20210412,321,324,286.3,292.15,218543
CENTURYTEX,20210412,477.1,477.1,445.6,455.35,592524
CERA,20210412,3789.9,3800,3700.85,3757.65,4948
CEREBRAINT,20210412,52.75,52.75,49.7,50.1,527081
CESC,20210412,604,608.95,588.1,590.15,670794
CGCL,20210412,394,398.4,393,393.75,117365
CGPOWER,20210412,78.4,78.4,74.65,74.65,1723360
CHALET,20210412,143.35,144.8,136.7,137.75,289899
CHAMBLFERT,20210412,229.6,230,221.35,225.35,502538
CHEMBOND,20210412,189,189,182.6,183.1,12731
CHEMCON,20210412,429,429,409,410.65,201483
CHEMFAB,20210412,144.95,145.05,132.5,136.3,35080
CHENNPETRO,20210412,100,100.05,93.05,93.55,663838
CHOLAFIN,20210412,544.7,545,503.7,510.85,5822507
CHOLAHLDNG,20210412,583.95,584.5,562.8,567.5,36897
CIGNITITEC,20210412,416.3,421.2,401.15,403.55,137251
CINELINE,20210412,32.5,32.9,29.25,30.65,55941
CINEVISTA,20210412,9.5,10.6,7.2,10.15,312221
CIPLA,20210412,890,940,879.15,902.4,30141861
CLEDUCATE,20210412,88.05,88.4,84,84,97255
CLNINDIA,20210412,388,391.8,377,388.3,97730
CMICABLES,20210412,47.7,47.7,44.65,44.65,7519
COALINDIA,20210412,128,128.3,123.6,124.7,11334755
COCHINSHIP,20210412,365,369.65,353.95,356.65,220172
COFORGE,20210412,3153.8,3195.45,3040,3118.3,686244
COLPAL,20210412,1590,1602,1554,1559.2,398803
COMPINFO,20210412,16.6,17.05,15.4,15.6,521664
COMPUSOFT,20210412,9.1,9.5,8.6,8.85,107511
CONCOR,20210412,575,575.65,552,565.25,1875008
CONFIPET,20210412,41.8,41.95,38.3,39.65,730192
CONSOFINVT,20210412,59,59,55.05,55.35,7639
CONTROLPR,20210412,244,244,230.1,234,8584
CORALFINAC,20210412,21.8,22.45,19.7,20.35,26925
CORDSCABLE,20210412,41.4,41.4,39.75,40,28635
COROMANDEL,20210412,770,770,740.7,756.9,337626
COSMOFILMS,20210412,676.1,676.1,621.3,630.2,127102
COUNCODOS,20210412,2.55,2.6,2.45,2.45,28976
CPSEETF,20210412,23,23,21.3,21.36,9011438
CRAFTSMAN,20210412,1423,1430,1351.1,1366,76484
CREATIVE,20210412,103.25,105.5,98.5,99.25,21740
CREATIVEYE,20210412,3,3,3,3,1
CREDITACC,20210412,615,615,554.45,562.05,219086
CREST,20210412,84.2,84.2,77.3,78.1,4221
CRISIL,20210412,1847,1847,1759.25,1812.65,23909
CROMPTON,20210412,385.9,390.5,378.6,381.75,1828956
CSBBANK,20210412,261.05,266.3,249,253.55,596663
CTE,20210412,30.25,30.75,28.15,29.45,30323
CUB,20210412,163,163.75,157.1,159.6,3582250
CUBEXTUB,20210412,19.4,19.65,17.4,17.55,11204
CUMMINSIND,20210412,868.25,868.9,814,818.45,592537
CUPID,20210412,220.6,230.35,213.05,214.8,154267
CURATECH,20210412,1.6,1.6,1.6,1.6,50
CYBERMEDIA,20210412,12.45,12.45,12.45,12.45,29257
CYBERTECH,20210412,135,135.05,121,122.65,356364
CYIENT,20210412,691.9,691.9,656.15,662.55,150105
DAAWAT,20210412,67.7,67.7,62.1,63.3,4719423
DABUR,20210412,556,561.45,549.5,554.75,2061407
DALBHARAT,20210412,1540,1540,1438.9,1479.75,51296
DALMIASUG,20210412,198.8,198.8,185.8,188.75,296294
DAMODARIND,20210412,25,25,23,23.3,17507
DANGEE,20210412,133.85,133.85,129.5,129.7,31651
DATAMATICS,20210412,118.85,119.75,113,114.65,223255
DBCORP,20210412,90.9,91.45,85,85.8,317774
DBL,20210412,577,577,542.25,558.45,323817
DBREALTY,20210412,22.85,23.15,22.2,22.2,142385
DBSTOCKBRO,20210412,8.7,8.85,8.5,8.55,4660
DCAL,20210412,119.95,119.95,110,111.1,594356
DCBBANK,20210412,98,98.9,92,92.3,2880165
DCM,20210412,26.5,26.6,24.15,24.5,16349
DCMFINSERV,20210412,1.5,1.5,1.4,1.5,2115
DCMNVL,20210412,82.1,83,80.2,81.65,11788
DCMSHRIRAM,20210412,563.8,563.8,520.9,528.25,110688
DCW,20210412,30.9,30.95,28.3,28.8,4252743
DECCANCE,20210412,435.6,438,413.3,416.05,58354
DEEPAKFERT,20210412,250,251.5,235.55,240.6,648019
DEEPAKNTR,20210412,1670,1670,1573.35,1582.8,815976
DEEPENR,20210412,33.2,35,33.2,34.25,35654
DELTACORP,20210412,162,162,150.1,151.6,3493910
DELTAMAGNT,20210412,28.75,28.9,28.45,28.55,1613
DEN,20210412,48,48,46,46.2,1154066
DENORA,20210412,246.2,253.05,240.05,248.5,15322
DFMFOODS,20210412,354.25,354.25,334,340.85,44134
DGCONTENT,20210412,7.8,8.85,7.7,8.1,27670
DHAMPURSUG,20210412,190.4,190.4,180.45,181.05,443859
DHANBANK,20210412,14.8,14.85,14,14.15,1272503
DHANI,20210412,214.8,214.8,211.35,211.35,3842907
DHANUKA,20210412,726,741.35,704.25,719.75,97586
DHARSUGAR,20210412,6.4,6.7,6.1,6.1,37600
DHFL,20210412,15.3,15.35,14.6,14.6,1169292
DHUNINV,20210412,284.65,285.7,272,279.9,2337
DIAMONDYD,20210412,579.6,579.6,545,555.9,6562
DICIND,20210412,396,396,389.15,390.65,2934
DIGISPICE,20210412,42.8,42.8,42.8,42.8,15663
DISHTV,20210412,9.65,9.85,9,9.25,5999157
DIVISLAB,20210412,3760,3898,3675.2,3779.65,1959252
DIXON,20210412,3636.6,3640,3500,3557.55,374246
DLF,20210412,271,272.85,244,246.6,18657763
DLINKINDIA,20210412,102.5,102.55,99,99.55,185312
DMART,20210412,2861.1,2889,2790.1,2814.9,475661
DNAMEDIA,20210412,0.75,0.75,0.7,0.75,13829
DOLAT,20210412,67.35,67.35,62,62.95,428964
DOLLAR,20210412,257.5,257.5,240.4,245.8,86699
DONEAR,20210412,30.9,30.9,28.65,29,38238
DPABHUSHAN,20210412,126.8,126.8,114,119.85,3614
DPSCLTD,20210412,13.05,13.2,12.1,12.25,39839
DPWIRES,20210412,109.45,109.45,101.8,103.9,5596
DRCSYSTEMS,20210412,304.95,304.95,304.95,304.95,78
DREDGECORP,20210412,370,370,344,347.15,126648
DRREDDY,20210412,4775,5120,4695,4996.95,3513765
DSSL,20210412,81.7,81.7,73.05,73.7,93033
DTIL,20210412,255.05,255.9,245.05,247.2,5445
DUCON,20210412,6.8,6.8,6.15,6.25,116378
DVL,20210412,94.05,95.75,89.25,91.55,29350
DWARKESH,20210412,32.6,32.6,30.6,30.65,1658069
DYNAMATECH,20210412,1039.8,1039.8,965.8,975.15,12755
DYNPRO,20210412,500,500,455.55,459.6,88621
EASEMYTRIP,20210412,192,198.8,185.8,187.95,1463547
EASTSILK,20210412,1.85,1.85,1.85,1.85,56520
EBANK,20210412,3640,3640,3640,3640,1
EBBETF0423,20210412,1120.07,1121.5,1120.06,1120.7,2333
EBBETF0425,20210412,1033.08,1035.5,1032.09,1032.87,5932
EBBETF0430,20210412,1147.93,1147.99,1142,1143.67,15384
EBBETF0431,20210412,1027,1027,1022,1022.49,18562
EBIXFOREX,20210412,465.1,476.9,451.95,458.1,2332
ECLERX,20210412,1201,1243.8,1160,1205,103637
EDELWEISS,20210412,65.9,66.7,64.6,64.6,875060
EICHERMOT,20210412,2490,2510,2395.15,2427.2,1050225
EIDPARRY,20210412,327,327.9,308.85,311.05,370987
EIHAHOTELS,20210412,238,238,224,224.65,11457
EIHOTEL,20210412,90,90.95,87,87.25,985816
EIMCOELECO,20210412,341.25,343.25,321,326.7,2566
EKC,20210412,73.7,74.4,69.3,70.8,482641
ELECON,20210412,70,70,62,63,495395
ELECTCAST,20210412,30,30,28.1,29.2,2110623
ELECTHERM,20210412,109.9,109.9,102.45,103.05,23189
ELGIEQUIP,20210412,190,199.45,190,191.6,91072
ELGIRUBCO,20210412,28.55,28.65,26.6,26.9,31350
EMAMILTD,20210412,519.8,519.8,496.05,505.9,428569
EMAMIPAP,20210412,110.65,111.35,98.05,99.85,53666
EMAMIREAL,20210412,48.1,49.9,44,44.05,61852
EMKAY,20210412,66.05,66.45,61.5,63.25,33617
EMMBI,20210412,83,83,76.5,77.8,62622
ENDURANCE,20210412,1363,1369.95,1280.05,1295.2,367649
ENERGYDEV,20210412,9.25,9.4,8.8,8.9,19941
ENGINERSIN,20210412,75,75,71,71.45,2618268
ENIL,20210412,148,149.55,140.1,141.4,90346
EPL,20210412,223,223.7,209.95,212.6,340667
EQ30,20210412,433.61,433.61,420.7,431.6,184
EQUITAS,20210412,82,82,75.2,77.55,2008895
EQUITASBNK,20210412,55.05,55.7,51,52.05,2797051
ERIS,20210412,604.75,620,587.75,592.05,216025
EROSMEDIA,20210412,24.1,25.1,22,22.35,244486
ESABINDIA,20210412,1850,1850,1790.15,1803.2,8218
ESCORTS,20210412,1249,1254.45,1193,1216,1068953
ESSARSHPNG,20210412,7.95,8.15,7.45,7.65,75650
ESTER,20210412,127.9,127.9,112.55,115.1,769015
EVEREADY,20210412,287.2,288,267.8,270.8,508544
EVERESTIND,20210412,309.5,309.5,290.7,293.85,34993
EXCEL,20210412,2.7,2.7,2.55,2.55,83392
EXCELINDUS,20210412,863.75,863.75,775.7,799.7,34303
EXIDEIND,20210412,183.5,185,175.1,176.3,3261485
EXPLEOSOL,20210412,624.8,624.8,556.5,563.05,58395
FACT,20210412,110,110,101.25,104.85,495020
FAIRCHEMOR,20210412,792.45,792.45,732.25,759.25,29922
FCL,20210412,65,65.1,61.25,62,310512
FCONSUMER,20210412,7.1,7.1,6.65,6.75,5196641
FCSSOFT,20210412,0.65,0.7,0.65,0.65,2311344
FDC,20210412,308,320,296,302.55,1408224
FEDERALBNK,20210412,75,76.1,70.35,71.2,33673976
FEL,20210412,9.6,9.6,9.2,9.2,890183
FELDVR,20210412,13.2,13.2,11.65,11.8,69672
FIEMIND,20210412,569,570,545.25,549.15,20254
FILATEX,20210412,73,73.9,67.95,69.2,1404875
FINCABLES,20210412,375,379.9,358.6,359.8,129717
FINEORG,20210412,2502,2574.85,2400.5,2449.65,61852
FINPIPE,20210412,696,699,670.15,676.1,269870
FLEXITUFF,20210412,24.75,24.75,24.75,24.75,14056
FLFL,20210412,59.4,60.7,56.55,56.55,140343
FLUOROCHEM,20210412,700,765,662,707.7,1026682
FMGOETZE,20210412,298,300.25,290.1,291.15,15807
FMNL,20210412,15.75,15.95,14.65,14.65,22252
FORCEMOT,20210412,1168,1170,1118.05,1123.55,19467
FORTIS,20210412,204,216,201,205.95,6623960
FOSECOIND,20210412,1238.9,1238.9,1181.8,1191.65,1561
FRETAIL,20210412,50.35,50.4,47.15,47.15,2906893
FSC,20210412,82.2,82.2,75.5,75.75,96198
FSL,20210412,118.75,119.35,109.3,111.8,5584577
G5,20210412,47.68,47.76,47.67,47.72,1894
GABRIEL,20210412,108.95,108.95,100.55,102.85,816875
GAEL,20210412,138,138.05,130,131.75,336600
GAIL,20210412,134.4,135.65,130.55,132.75,15943354
GAL,20210412,2.3,2.45,2.1,2.2,309993
GALAXYSURF,20210412,2632,2657.8,2555.9,2592.9,31931
GALLANTT,20210412,50.5,51.8,46.45,47.9,51417
GALLISPAT,20210412,42,42,37,39.4,113762
GAMMNINFRA,20210412,0.7,0.75,0.65,0.7,866119
GANDHITUBE,20210412,276,276.25,264.65,265.65,4026
GANECOS,20210412,590,590,538,542,31419
GANESHHOUC,20210412,82.75,88,73.55,77.8,306285
GANGESSECU,20210412,61.35,61.35,58.1,58.85,3129
GANGOTRI,20210412,0.75,0.75,0.7,0.7,11818
GARFIBRES,20210412,2673.2,2690.7,2565.25,2592.5,25751
GATI,20210412,104.55,105,95.25,97.4,1431040
GAYAHWS,20210412,0.55,0.65,0.55,0.55,76834
GAYAPROJ,20210412,31,31.15,28.4,28.9,599643
GBGLOBAL,20210412,6.8,6.8,6.5,6.5,1785
GDL,20210412,178,178.55,166.55,168.9,67062
GEECEE,20210412,105.3,109.4,100.2,101.9,15597
GEEKAYWIRE,20210412,80.95,81.4,78.15,79.9,4330
GENCON,20210412,45.95,46.6,43.05,43.95,7516
GENESYS,20210412,106.15,106.15,98.1,98.3,6186
GENUSPAPER,20210412,8,8,7,7.45,223960
GENUSPOWER,20210412,49.55,49.95,45.5,46.15,432719
GEOJITFSL,20210412,50,50.4,46.7,47.35,424091
GEPIL,20210412,271,271.3,260,261.6,80918
GESHIP,20210412,300.5,303.05,262.8,281.2,203422
GET&D,20210412,118,119.1,110.5,111.1,91328
GFLLIMITED,20210412,70.2,71.7,70.15,70.15,23567
GFSTEELS,20210412,1.85,1.85,1.85,1.85,1210
GHCL,20210412,235.95,235.95,220.1,221.1,240799
GICHSGFIN,20210412,116.05,117.75,109.25,109.75,255651
GICRE,20210412,204,207.4,195.25,196.35,701682
GILLANDERS,20210412,42.6,44.45,42.1,42.1,1012
GILLETTE,20210412,5499,5524.95,5410.5,5425.8,6408
GINNIFILA,20210412,20.5,20.5,19.1,19.3,125994
GIPCL,20210412,76.25,77,73.85,74.35,301019
GISOLUTION,20210412,2.4,2.4,2.3,2.3,100
GKWLIMITED,20210412,518,618,505.35,573.75,2211
GLAND,20210412,2518,2655,2446.15,2582.1,677157
GLAXO,20210412,1444,1469.95,1431,1455.15,70780
GLENMARK,20210412,532,537,492.8,497.95,4992051
GLFL,20210412,2.55,2.75,2.55,2.7,2002
GLOBAL,20210412,43.2,44.9,41.05,41.4,20899
GLOBE,20210412,48.2,48.2,48.2,48.2,385
GLOBUSSPR,20210412,330,330.1,315.05,315.4,95016
GMBREW,20210412,427.8,427.8,401,402.5,61644
GMDCLTD,20210412,58,58,54.95,55.25,1628262
GMMPFAUDLR,20210412,4251,4254.95,4020,4058.35,76204
GMRINFRA,20210412,24.35,24.4,22.8,23.4,26240837
GNA,20210412,372,372,350.1,351.95,67695
GNFC,20210412,308.2,310,294.25,296.95,836271
GOACARBON,20210412,325.6,328,318.7,318.7,30054
GOCLCORP,20210412,216.65,216.65,201.1,205.95,10782
GODFRYPHLP,20210412,900,902,880.1,883.15,26878
GODHA,20210412,45.6,45.6,43.1,43.35,800
GODREJAGRO,20210412,508,510,498.6,504.05,159521
GODREJCP,20210412,739,740.95,706.6,715.4,2106505
GODREJIND,20210412,521.05,540.4,501.7,510,189809
GODREJPROP,20210412,1305,1321.7,1244.55,1269.45,1024560
GOKEX,20210412,77.8,78.95,77.2,77.75,187750
GOKUL,20210412,19,19.3,18,18.1,28513
GOKULAGRO,20210412,21.6,21.6,19.45,20,95153
GOLDBEES,20210412,40.42,40.56,40.26,40.49,4546153
GOLDENTOBC,20210412,41,41,36.3,37.5,4484
GOLDIAM,20210412,372.45,372.45,330,332.85,173670
GOLDSHARE,20210412,41.35,41.5,41,41.4,247258
GOLDTECH,20210412,10.5,11,10.5,10.7,30559
GOODLUCK,20210412,76,77,65,66.7,356533
GOODYEAR,20210412,900,905.45,883,894.8,21559
GPIL,20210412,790,796,748.9,751.1,208917
GPPL,20210412,99.5,100,93.8,94.9,480168
GPTINFRA,20210412,39,39,35,36.4,55152
GRANULES,20210412,340,340,315,316.8,4174168
GRAPHITE,20210412,646,648.4,570,583.95,4077496
GRASIM,20210412,1417.95,1424.95,1367.55,1376.6,1323690
GRAVITA,20210412,99,99,88,89.65,311093
GREAVESCOT,20210412,130.9,130.9,120.5,122.15,1433665
GREENLAM,20210412,994.95,1004,960.95,963.45,12520
GREENPANEL,20210412,195,195.65,186.15,186.15,727359
GREENPLY,20210412,190,190,176.5,182,461669
GREENPOWER,20210412,2,2,1.9,1.9,1962591
GRINDWELL,20210412,897.1,910,860,869.75,23025
GROBTEA,20210412,820.05,828.4,781.5,790.15,3190
GRPLTD,20210412,853,922.45,853,890.05,3511
GRSE,20210412,184,184.4,178.2,179.05,148306
GSCLCEMENT,20210412,36.2,36.4,33.55,33.8,298618
GSFC,20210412,87.6,87.6,81.9,83.3,1461151
GSPL,20210412,270,270,252.6,255.45,1174973
GSS,20210412,55,61.5,52.55,53.35,734954
GTL,20210412,5.85,5.85,5.25,5.3,117470
GTLINFRA,20210412,0.7,0.7,0.65,0.65,7506568
GTNTEX,20210412,4.95,5.1,4.95,5.1,226
GTPL,20210412,128.4,128.4,119,121.4,169656
GUFICBIO,20210412,112.5,114.5,107.65,108.2,136321
GUJALKALI,20210412,414,437.35,388,401.95,6556146
GUJAPOLLO,20210412,208.7,211.65,204.3,206.05,3060
GUJGASLTD,20210412,556.1,559.75,527.05,535.05,1387888
GUJRAFFIA,20210412,50.25,50.25,45.7,45.75,3863
GULFOILLUB,20210412,725,727.1,695,699.6,14230
GULFPETRO,20210412,38.25,38.25,34.8,35.2,53599
GULPOLY,20210412,110,113.5,102,105.9,267782
HAL,20210412,993,993,948.05,957.4,217863
HAPPSTMNDS,20210412,640,657.95,610.05,621.65,3252648
HARRMALAYA,20210412,150,150,138.05,139.2,173697
HATHWAY,20210412,24.1,24.1,22.15,22.25,1376105
HATSUN,20210412,755,755,725,747.8,267313
HAVELLS,20210412,1048,1050.8,990,993.7,1484884
HAVISHA,20210412,0.75,0.75,0.65,0.7,34008
HBANKETF,20210412,321.1,321.1,308,311.72,16861
HBLPOWER,20210412,33.7,33.7,30.1,31.35,539811
HBSL,20210412,17.75,17.75,16.85,17.1,4979
HCC,20210412,8,8,7.5,7.55,3201073
HCG,20210412,177.95,177.95,166.1,168.4,103826
HCL-INSYS,20210412,8.85,8.9,8.3,8.3,574155
HCLTECH,20210412,1042.95,1042.95,1001.2,1009.4,5976427
HDFC,20210412,2450,2454.45,2405,2419.85,3772771
HDFCAMC,20210412,2880,2915,2756,2844.7,330160
HDFCBANK,20210412,1393,1399,1353,1367.05,11274564
HDFCLIFE,20210412,685,690,679.6,687.3,3457470
HDFCMFGETF,20210412,41.4,41.69,41.33,41.48,899699
HDFCNIFETF,20210412,152.45,159.88,152.15,154.25,63105
HDFCSENETF,20210412,543.99,548.8,521,543.17,7821
HEG,20210412,2189,2190,2044.8,2044.8,641353
HEIDELBERG,20210412,239.4,239.4,224.25,231.6,283418
HEMIPROP,20210412,139,140.8,136.2,136.3,443058
HERANBA,20210412,640,657.4,627.1,637.75,416594
HERCULES,20210412,124,124,113,114.65,97768
HERITGFOOD,20210412,335,335,314,320.25,176197
HEROMOTOCO,20210412,2874,2889.95,2741.1,2786.1,859305
HESTERBIO,20210412,2145,2180.85,1966,1991.6,23338
HEXATRADEX,20210412,93.15,93.15,86.6,88.2,52268
HFCL,20210412,24.9,24.9,23,23.95,5652182
HGINFRA,20210412,282,282,252,254.45,157104
HGS,20210412,1856.15,1869,1682.45,1700.7,91828
HIKAL,20210412,166,169.75,158.6,159.9,905877
HIL,20210412,3398,3398,3122.25,3165.75,22220
HILTON,20210412,11.5,11.55,9.6,11.55,69975
HIMATSEIDE,20210412,145,145,137.95,141.7,158428
HINDALCO,20210412,352.1,354,331.6,336.2,16096812
HINDCOMPOS,20210412,275.1,275.1,256.1,257.8,7041
HINDCOPPER,20210412,138.1,140.7,130.2,131.25,4342376
HINDMOTORS,20210412,6.75,6.75,6.45,6.45,69703
HINDNATGLS,20210412,32.1,33,31.8,31.8,17700
HINDOILEXP,20210412,97.05,98,90.85,91.65,450749
HINDPETRO,20210412,230,232.75,222.8,226.4,6712891
HINDUNILVR,20210412,2441.5,2488.25,2437.6,2462,2261945
HINDZINC,20210412,303,303,288,294.15,1570309
HIRECT,20210412,124.25,127.15,120.35,123.15,22307
HISARMETAL,20210412,120.4,122,112.8,113.45,33132
HITECH,20210412,395.8,395.8,344.1,368.3,79329
HITECHCORP,20210412,139.8,142.05,128,129.2,6802
HITECHGEAR,20210412,166,166,151.3,156.1,3355
HLEGLAS,20210412,2424.9,2424.9,2328.2,2328.2,11106
HLVLTD,20210412,5.85,5.9,5.55,5.65,299234
HMVL,20210412,62.35,63.7,58.1,58.75,53933
HNDFDS,20210412,1990.2,2020,1975,1981.4,15206
HNGSNGBEES,20210412,376.07,376.07,357.08,363.46,3879
HOMEFIRST,20210412,479,479,440,442.6,210201
HONAUT,20210412,42999,43990,40720,43261.05,10571
HONDAPOWER,20210412,984.75,984.75,940.3,963.1,5031
HOTELRUGBY,20210412,1.05,1.05,1,1,1200
HOVS,20210412,50.65,52,50.2,50.5,6113
HPL,20210412,49.9,52.35,48,52.05,383659
HSCL,20210412,43.2,43.55,41.6,41.9,8948957
HSIL,20210412,162,163.65,154,154.3,292491
HTMEDIA,20210412,22.7,22.7,21,21.5,95605
HUBTOWN,20210412,15.65,16.5,15.4,15.6,15755
HUDCO,20210412,44.1,44.3,39.85,40.1,4037923
HUHTAMAKI,20210412,275,275,268.25,271.4,61636
IBMFNIFTY,20210412,151.97,151.97,141.35,145.97,1124
IBREALEST,20210412,82.75,82.75,74.7,77.1,10877902
IBULHSGFIN,20210412,186.5,186.9,166.55,168.6,23457223
ICEMAKE,20210412,71.55,71.55,66.25,67.2,11080
ICICI500,20210412,209.69,209.69,197.9,198.4,13011
ICICIALPLV,20210412,154.7,154.7,145.06,145.79,35754
ICICIB22,20210412,35,35,33.33,33.8,322695
ICICIBANK,20210412,551.4,551.95,531.15,538.55,26601702
ICICIBANKN,20210412,329,329,303.74,306.47,32025
ICICIBANKP,20210412,175,175,161.4,162.13,82056
ICICIGI,20210412,1419.6,1419.6,1329.9,1351.05,902033
ICICIGOLD,20210412,41,42,41,41.34,562197
ICICILIQ,20210412,1005,1005,999.5,999.99,31372
ICICILOVOL,20210412,117.27,123.7,113.7,118.3,1715187
ICICIM150,20210412,94,98.24,88.25,88.6,37864
ICICIMCAP,20210412,81.7,88.6,80,83.98,42006
ICICINF100,20210412,162.49,163.94,154.7,155.69,93957
ICICINIFTY,20210412,156.6,158,148.2,156.02,225785
ICICINV20,20210412,81.85,95.15,74.2,78.69,34866
ICICINXT50,20210412,33.5,40.7,31.3,34.36,232640
ICICIPRULI,20210412,448.15,450,431.3,443.7,1903602
ICICISENSX,20210412,534.95,534.95,516,516.95,17209
ICICITECH,20210412,269.7,275.6,266.95,269.02,36666
ICIL,20210412,129.1,129.75,123.65,125.5,135766
ICRA,20210412,3494.9,3494.9,3232.5,3278.45,12306
IDBI,20210412,35.75,35.8,33.3,33.8,21173349
IDBIGOLD,20210412,4240.05,4367.25,4225.25,4239.4,106
IDEA,20210412,9.3,9.3,8.6,8.75,230871743
IDFC,20210412,48.1,50.1,44.7,48.25,11030413
IDFCFIRSTB,20210412,53,53.9,47.5,50.55,86053992
IDFNIFTYET,20210412,155.3,155.3,149,150.23,1343
IEX,20210412,344,345,322.55,337.85,2250162
IFBAGRO,20210412,425,425,391.65,402.05,13999
IFBIND,20210412,1140,1170,1010.05,1080.3,104330
IFCI,20210412,11.55,11.55,11.15,11.15,1024270
IFGLEXPOR,20210412,370,370,333.75,340.65,110355
IGARASHI,20210412,328,329.4,307.45,319.55,205351
IGL,20210412,529.95,530.3,499,516.65,2774898
IGPL,20210412,454,456.15,432,434.25,54616
IIFL,20210412,269.85,272.65,264.3,264.3,167745
IIFLSEC,20210412,50.25,51.9,47,47.55,576348
IIFLWAM,20210412,1234.95,1234.95,1165,1178.75,9583
IITL,20210412,54,57.35,52.35,52.75,4578
IMAGICAA,20210412,5.9,6,5.65,5.75,59651
IMFA,20210412,535,540,476.65,484.25,89063
IMPAL,20210412,660.05,679.35,632,640.1,1566
IMPEXFERRO,20210412,0.95,1,0.95,1,5000
INDBANK,20210412,15.4,15.4,13.1,13.7,555479
INDHOTEL,20210412,106.25,107.95,104,104.6,1936521
INDIACEM,20210412,184.6,184.6,167.65,169.85,4360122
INDIAGLYCO,20210412,432,433,396.05,401.5,143909
INDIAMART,20210412,8220.05,8299.85,7800,7885.05,115446
INDIANB,20210412,113.95,114.35,103.45,104.7,4699208
INDIANCARD,20210412,133.05,133.05,127.7,127.95,363
INDIANHUME,20210412,183,183,169.2,170.05,73307
INDIGO,20210412,1609.95,1612.95,1529.2,1593.8,1367498
INDIGOPNTS,20210412,2320,2320,2270,2275.95,29630
INDLMETER,20210412,13.05,13.15,12.2,12.2,13061
INDNIPPON,20210412,380,380,350,353.55,30819
INDOCO,20210412,318.7,318.7,302.7,304.95,87548
INDORAMA,20210412,37.95,37.95,36.5,36.6,24427
INDOSTAR,20210412,318.05,325,307,315.2,16929
INDOTECH,20210412,90.2,91.05,80.2,84.25,10463
INDOTHAI,20210412,59,60,56.25,56.25,940
INDOWIND,20210412,3.8,4,3.8,3.8,39814
INDRAMEDCO,20210412,58.85,58.85,54.55,54.85,375418
INDSWFTLAB,20210412,77.5,77.5,72.45,73.6,85005
INDSWFTLTD,20210412,4.1,4.1,4.1,4.1,4400
INDTERRAIN,20210412,30.7,30.7,29.35,29.35,30674
INDUSINDBK,20210412,884,890,841,844.4,10674765
INDUSTOWER,20210412,252,253,241,242.9,2177265
INEOSSTYRO,20210412,1029.9,1029.9,972.1,983.5,25958
INFIBEAM,20210412,44.3,44.4,41,42.75,2845412
INFOBEAN,20210412,153.5,155.5,148.05,151.25,36848
INFOMEDIA,20210412,3.6,3.6,3.35,3.35,6057
INFRABEES,20210412,448.4,461.3,406.63,414.11,5551
INFY,20210412,1474,1477.55,1415,1425.75,20384532
INGERRAND,20210412,720,720,690,694.75,21407
INOXLEISUR,20210412,265,270,256.05,263.6,729669
INOXWIND,20210412,69.9,70.05,63.45,64.05,241302
INSECTICID,20210412,470,470,442.7,450.4,43298
INSPIRISYS,20210412,44.3,45.15,41.35,42.15,9288
INTEGRA,20210412,4.4,4.4,4.4,4.4,19288
INTELLECT,20210412,695,695.9,635,651.8,434865
INTENTECH,20210412,33.95,36,31.85,34.6,88757
INVENTURE,20210412,30,30.15,27,28.05,71534
IOB,20210412,17.2,17.3,15.5,16.1,39488761
IOC,20210412,90.1,90.45,86.75,87,19962491
IOLCP,20210412,625.9,626,576.7,583.95,1207397
IPCALAB,20210412,2090,2215,2035.05,2152.95,914304
IRB,20210412,106.6,108.05,100.6,104.15,1165839
IRCON,20210412,88.75,88.75,86.15,86.9,2480237
IRCTC,20210412,1680.2,1697.7,1573.45,1582,2807259
IRFC,20210412,21.85,21.85,20.8,20.85,25942981
IRISDOREME,20210412,84.65,90.5,81.65,90.4,21570
ISEC,20210412,389.5,396,380,390.15,697680
ISFT,20210412,72.3,72.3,67.95,68.35,46683
ISMTLTD,20210412,11,11,10,10.2,70868
ITC,20210412,210,211,205,205.3,34511670
ITDC,20210412,353,367.5,334.75,337.1,99692
ITDCEM,20210412,79,79,72.05,73.05,524431
ITI,20210412,114,114,107.1,107.95,423187
IVC,20210412,4.05,4.1,3.75,3.85,169967
IVP,20210412,108.95,108.95,103.55,105.05,378
IVZINGOLD,20210412,4222.9,4410.3,4180.05,4289,332
IVZINNIFTY,20210412,1588.95,1699.99,1521.3,1549.92,82
IZMO,20210412,71.5,72.1,62.7,66.2,301549
J&KBANK,20210412,26.05,26.3,24.55,24.65,2669740
JAGRAN,20210412,59.2,59.6,56.05,58.85,1528535
JAGSNPHARM,20210412,82.8,82.8,76.55,77.7,349012
JAIBALAJI,20210412,35.9,36.75,35.65,35.65,17783
JAICORPLTD,20210412,89,89.05,82.55,83.3,1066398
JAMNAAUTO,20210412,70.5,70.75,67.05,68.25,1082412
JASH,20210412,318.75,321.05,300.5,308.85,36221
JAYAGROGN,20210412,135.9,135.9,128.25,128.75,13663
JAYBARMARU,20210412,221.2,221.2,212,213,10359
JAYNECOIND,20210412,14.05,14.65,13.35,13.85,1210002
JAYSREETEA,20210412,69.9,70.95,66,66.6,222785
JBCHEPHARM,20210412,1258,1305,1210.2,1217.75,181563
JBFIND,20210412,17,17,15.7,17,1818351
JBMA,20210412,396,399.95,375,379.65,36494
JCHAC,20210412,2595,2608.3,2474.55,2498.05,10112
JHS,20210412,20.55,21.3,20.55,21.1,25434
JIKIND,20210412,0.55,0.55,0.5,0.5,13366
JINDALPHOT,20210412,69.2,73.8,69.15,69.15,8112
JINDALPOLY,20210412,809,809,766.65,766.65,54747
JINDALSAW,20210412,76.6,76.6,70.6,71.45,1309099
JINDALSTEL,20210412,404.9,409.65,386.15,389,11886755
JINDCOT,20210412,1.8,1.8,1.8,1.8,138607
JINDRILL,20210412,97.3,97.3,88.1,91.05,40918
JINDWORLD,20210412,48.9,49,45,45.2,198864
JISLDVREQS,20210412,12.2,12.25,12.1,12.1,11565
JISLJALEQS,20210412,18.9,18.9,18.25,18.25,1558679
JITFINFRA,20210412,8.65,9.2,8.55,8.55,4882
JIYAECO,20210412,5.85,5.85,5.7,5.7,12124
JKCEMENT,20210412,2988.9,2988.9,2805.55,2815.8,24680
JKIL,20210412,180,180.1,166.45,171.3,303508
JKLAKSHMI,20210412,439,440,398.7,407.05,525096
JKPAPER,20210412,143.05,143.65,132,132.95,1165234
JKTYRE,20210412,113.5,116,107.4,107.8,1118485
JMA,20210412,40.5,42.2,35.5,38.25,102947
JMCPROJECT,20210412,85,85.5,77,77.85,431022
JMFINANCIL,20210412,83.1,83.5,78.65,79.9,1313014
JMTAUTOLTD,20210412,2.55,2.6,2.45,2.45,181886
JOCIL,20210412,157.05,157.05,148,149.4,7268
JPASSOCIAT,20210412,7.65,7.8,7.05,7.2,13757404
JPINFRATEC,20210412,1.65,1.65,1.65,1.65,1159583
JPOLYINVST,20210412,32.2,33.8,32.2,33.8,522
JPPOWER,20210412,3.15,3.15,2.9,2.95,36876691
JSL,20210412,77.85,77.85,70.5,71.5,1778998
JSLHISAR,20210412,133.8,134.45,123,131,1117351
JSWENERGY,20210412,97.85,98.8,86.7,92.9,23168073
JSWHL,20210412,3906.05,3932.95,3701.05,3772.75,2682
JSWISPL,20210412,36.5,36.5,33.25,33.3,3420192
JSWSTEEL,20210412,609,621.75,597.4,604.15,27047004
JTEKTINDIA,20210412,84,85.5,81.6,82.25,218954
JUBLFOOD,20210412,2846,2846,2705,2729.4,596669
JUBLINDS,20210412,210,210,192,196.05,27565
JUBLINGREA,20210412,323,327.2,302.55,309,603548
JUBLPHARMA,20210412,751,793.05,706.7,734.7,671464
JUMPNET,20210412,10.85,11.05,10.05,10.05,1551494
JUNIORBEES,20210412,374,374,352,353.62,288216
JUSTDIAL,20210412,925,925,853.7,860,2015657
JYOTHYLAB,20210412,142,144.55,140,140.5,272883
KABRAEXTRU,20210412,176,176,161,163.15,172724
KAJARIACER,20210412,950,950,882.25,899,247374
KAKATCEM,20210412,182.05,185.65,172.3,175.4,18446
KALPATPOWR,20210412,375.1,376.95,362,366.45,196677
KALYANIFRG,20210412,180,187.9,178.6,180.5,1052
KALYANKJIL,20210412,70.9,70.9,68,68.35,2042113
KAMATHOTEL,20210412,30.05,30.05,28.3,28.8,49727
KAMDHENU,20210412,153,153,140,140.35,150982
KANANIIND,20210412,4.9,4.9,4.25,4.35,19934
KANORICHEM,20210412,117,123.95,112.15,112.35,147321
KANPRPLA,20210412,147.5,147.5,135.25,138.35,26332
KANSAINER,20210412,590,590.6,551.85,578.15,97791
KAPSTON,20210412,103.95,103.95,95.05,95.05,229
KARDA,20210412,124.65,124.95,119.7,120.15,37939
KARMAENG,20210412,13.15,13.75,13.15,13.6,904
KARURVYSYA,20210412,58.65,58.95,54,54.15,1692649
KAUSHALYA,20210412,1.55,1.55,1.55,1.55,3630
KAVVERITEL,20210412,1.85,1.85,1.85,1.85,20
KAYA,20210412,276.5,276.5,260.15,263.85,19699
KCP,20210412,94.1,94.1,85.2,86.55,478507
KCPSUGIND,20210412,15.55,15.55,14.6,14.7,232669
KDDL,20210412,268,310.95,268,275,18616
KDDL-RE,20210412,82.85,82.85,82.85,82.85,10122
KEC,20210412,415.6,423.2,395.5,398.35,423001
KECL,20210412,13.4,13.4,12.55,12.8,50790
KEERTI,20210412,23.95,24.25,23,23.45,22688
KEI,20210412,536,537.6,510.55,524.1,211616
KELLTONTEC,20210412,70.1,70.95,66.5,67.2,432133
KENNAMET,20210412,1084.95,1125.95,1066.55,1087.35,3334
KERNEX,20210412,56,56.65,53.85,53.85,4651
KESORAMIND,20210412,76,76,68.6,69.8,1261297
KEYFINSERV,20210412,57.35,57.35,54.75,55,1609
KHADIM,20210412,151.4,151.4,136.35,137.4,78016
KHAICHEM,20210412,24,24,22.25,22.6,131402
KHAITANLTD,20210412,15.75,15.75,15.75,15.75,595
KHANDSE,20210412,15.5,15.5,13.8,13.85,1288
KICL,20210412,1521.75,1527.85,1470.35,1489.55,656
KILITCH,20210412,117.1,119.4,105.75,105.75,134194
KINGFA,20210412,605,605,569.9,577.35,12905
KIOCL,20210412,156,156.05,145.1,147.25,84639
KIRIINDUS,20210412,431.95,432.5,415,416.2,69282
KIRLFER,20210412,190,192.55,178,180.3,165287
KIRLOSBROS,20210412,237,241,225,227.65,91159
KIRLOSENG,20210412,169.6,169.6,156.45,157.4,152733
KIRLOSIND,20210412,1380,1390,1255,1284.75,4057
KITEX,20210412,100,100.35,91.15,96.45,140628
KKCL,20210412,860,860,801.6,814.7,1126
KMSUGAR,20210412,12.4,12.4,11.55,11.6,214274
KNRCON,20210412,205.1,208.75,195.7,199.7,640414
KOKUYOCMLN,20210412,56,56.65,53,53.4,165570
KOLTEPATIL,20210412,240.1,240.1,227.05,230.3,116115
KOPRAN,20210412,119,119,110,111.3,400882
KOTAKBANK,20210412,1757.25,1768,1723.3,1742.5,3328336
KOTAKBKETF,20210412,324.31,324.31,307.9,311.27,305014
KOTAKGOLD,20210412,408.95,408.95,405.1,406.15,153649
KOTAKIT,20210412,28,28.17,26,27.05,18094
KOTAKNIFTY,20210412,154.91,154.91,150.1,151.74,223880
KOTAKNV20,20210412,83,84,79.5,81.29,17308
KOTAKPSUBK,20210412,208.45,213,193.01,196.86,37044
KOTARISUG,20210412,26.3,28.45,25.5,25.95,929856
KOTHARIPET,20210412,26.65,26.65,24.8,25.05,53083
KOTHARIPRO,20210412,64.7,64.75,62.05,62.35,3281
KPITTECH,20210412,190,193,180.05,187.1,1186123
KPRMILL,20210412,1089.9,1099.8,1065.25,1076.95,35199
KRBL,20210412,189.5,189.5,179,181.85,482335
KREBSBIO,20210412,115,117,97.2,100.85,58064
KRIDHANINF,20210412,3.75,3.85,3.55,3.55,98541
KRISHANA,20210412,89.25,92.35,86,89.4,2530
KSB,20210412,930,954,877,885.15,142570
KSCL,20210412,555.55,555.55,525.55,533.15,239924
KSL,20210412,345.1,348.75,330.1,336.3,215221
KTKBANK,20210412,64.2,64.2,60.45,61.4,2922186
KUANTUM,20210412,63,65.5,62,62.9,65272
L&TFH,20210412,95,95.1,86,88.6,28915144
LALPATHLAB,20210412,3154,3399.3,3120,3336.55,2043208
LAMBODHARA,20210412,53.8,54.95,50.75,51.9,40868
LAOPALA,20210412,216.7,216.7,207.25,208.85,82005
LASA,20210412,66.1,66.1,60.85,61.9,98232
LAURUSLABS,20210412,417.4,437.9,405,416.5,7673237
LAXMIMACH,20210412,6698,6698,6406.3,6449.1,7377
LCCINFOTEC,20210412,3.95,3.95,3.95,3.95,19467
LEMONTREE,20210412,34,34.5,31.8,32,2143226
LFIC,20210412,80,81.95,78.8,78.85,290
LGBBROSLTD,20210412,308.1,316.9,291.25,293.3,100630
LGBFORGE,20210412,3.85,3.9,3.7,3.7,41727
LIBAS,20210412,46,46.5,44,44.75,27441
LIBERTSHOE,20210412,128,128,122.45,123.25,44162
LICHSGFIN,20210412,408,409.85,377.75,383.15,7149229
LICNETFGSC,20210412,22.42,22.6,21.6,21.68,6938
LICNETFN50,20210412,162,162,155,158.14,2378
LICNETFSEN,20210412,558,574.73,522.1,536.12,1082
LICNFNHGP,20210412,168,168,154.04,156.03,412
LIKHITHA,20210412,389.8,389.8,358.6,365.1,317878
LINCOLN,20210412,237.1,237.6,225.5,226.9,97130
LINCPEN,20210412,152.85,152.85,143,145,8447
LINDEINDIA,20210412,1847,1847,1741,1761.7,44561
LIQUIDBEES,20210412,1000.87,1000.87,999.98,1000,1837272
LIQUIDETF,20210412,999.99,1000.01,999.99,1000,21489
LOKESHMACH,20210412,43.5,43.5,41.7,43.5,114139
LOTUSEYE,20210412,45,45,41.8,43.1,20864
LOVABLE,20210412,83.15,86.95,81,82.3,36835
LPDC,20210412,2,2.1,1.9,1.95,4547
LSIL,20210412,1.2,1.2,1.15,1.15,2083754
LT,20210412,1393.95,1393.95,1332,1345.15,3755497
LTI,20210412,4380,4389,4124.15,4257.75,294617
LTTS,20210412,2909.85,2909.85,2737,2838.7,450892
LUMAXIND,20210412,1620,1648,1550,1603.7,9026
LUMAXTECH,20210412,165,166.95,152.1,154.4,159456
LUPIN,20210412,1078,1099.95,1036,1045.15,3872497
LUXIND,20210412,1910,1953.2,1862.6,1897.35,43682
LXCHEM,20210412,186,187.85,175.65,181.25,2826111
LYKALABS,20210412,27,27,26,26,16584
LYPSAGEMS,20210412,4.35,4.55,4.15,4.3,13724
M&M,20210412,779,779,738.55,751.5,4628388
M&MFIN,20210412,186.4,189,164.05,170.95,19936218
M100,20210412,25.79,25.79,24.5,24.9,256003
M50,20210412,148.9,148.9,137.05,140.44,8187
MAANALU,20210412,159.2,162,145.1,146.45,82025
MACPOWER,20210412,86.05,88.65,85.1,85.4,433
MADHAV,20210412,50,50,45.75,46.35,10020
MADHUCON,20210412,5.1,5.1,4.95,5,22774
MADRASFERT,20210412,25.05,25.5,25,25,37439
MAESGETF,20210412,26.35,26.35,24.72,24.77,35923
MAGADSUGAR,20210412,107.5,108,101.5,103.65,25309
MAGMA,20210412,114.9,117,111.5,111.5,285022
MAGNUM,20210412,4.8,4.8,4.55,4.65,5077
MAHABANK,20210412,23.8,24.25,22.3,22.85,27436858
MAHAPEXLTD,20210412,66.6,69.5,66.5,66.5,3606
MAHASTEEL,20210412,86,86,79,79.6,29913
MAHEPC,20210412,145.7,145.7,140.5,141.35,73490
MAHESHWARI,20210412,88,92.75,83,87.2,108474
MAHINDCIE,20210412,162,162,157.05,158.15,155218
MAHLIFE,20210412,525.85,525.85,485.5,496.55,61616
MAHLOG,20210412,537.9,537.9,508.15,519.75,105368
MAHSCOOTER,20210412,3527.1,3527.1,3310,3359.15,7668
MAHSEAMLES,20210412,280,280,269.6,270,95827
MAITHANALL,20210412,717.05,719.95,664,672.1,174262
MAJESCO,20210412,67.1,67.3,65.1,66.25,474016
MALUPAPER,20210412,26,26,24.3,24.55,19116
MAN50ETF,20210412,149.36,149.36,145.56,146.42,32778
MANAKALUCO,20210412,9.5,11.15,8.65,10.1,201746
MANAKCOAT,20210412,13,13,11.95,11.95,388471
MANAKSIA,20210412,57,57,50.15,50.9,119542
MANAKSTEEL,20210412,25,25,24.3,24.3,24887
MANALIPETC,20210412,73.75,73.75,67.75,68.2,1996968
MANAPPURAM,20210412,154.1,155.8,143.2,145.45,7095948
MANGALAM,20210412,116,116,108.8,109.95,76473
MANGCHEFER,20210412,78.5,78.5,72.25,73,539019
MANGLMCEM,20210412,285,285,270.5,273.7,31861
MANGTIMBER,20210412,11.85,11.85,10.75,11.15,3552
MANINDS,20210412,85,85,75.1,80.2,678626
MANINFRA,20210412,39.3,39.45,37.5,37.75,624420
MANUGRAPH,20210412,11.95,11.95,11.4,11.45,2307
MANXT50,20210412,350,350.48,335,336.11,17351
MARALOVER,20210412,31.15,32.3,30.75,30.75,25259
MARATHON,20210412,47.6,47.6,46.5,46.5,48438
MARICO,20210412,415,419.95,406,407.4,1469250
MARINE,20210412,62.2,63.1,55.15,57.9,242124
MARKSANS,20210412,55.5,55.8,52.35,52.75,3735009
MARUTI,20210412,6739.85,6739.85,6502.15,6520.6,1020746
MASFIN,20210412,820,820,780,785.85,19657
MASKINVEST,20210412,32.6,32.6,32.6,32.6,5
MASTEK,20210412,1378,1378,1276,1296.4,180359
MATRIMONY,20210412,1026,1044,930,938.8,25761
MAWANASUG,20210412,39,39,37.3,37.3,45665
MAXHEALTH,20210412,216.7,227,212,220.85,1623189
MAXIND,20210412,65.55,65.75,64.5,65.15,201832
MAXVIL,20210412,56.9,57.35,55.3,56.15,481890
MAYURUNIQ,20210412,410,410,383,389.5,101277
MAZDA,20210412,460,460,432.95,438.5,9619
MAZDOCK,20210412,207.15,208,200.1,201.35,534590
MBAPL,20210412,91.45,91.45,85.3,85.3,2032
MBECL,20210412,7.6,8,7.4,7.4,32950
MBLINFRA,20210412,18.65,18.65,17.5,17.65,61984
MCDHOLDING,20210412,38.3,41,38.05,39.95,39796
MCDOWELL-N,20210412,531.6,532.4,508.1,515.65,2201004
MCL,20210412,83.8,105,83.8,101.1,394763
MCLEODRUSS,20210412,21.5,21.5,20.55,20.55,103488
MCX,20210412,1505.1,1510,1438,1489.4,247001
MEGASOFT,20210412,10.15,10.15,9.25,9.9,47059
MEGH,20210412,129.5,129.5,116,118.35,4348961
MENONBE,20210412,59.9,59.9,54,54.25,24232
MEP,20210412,16.15,16.25,14,15.35,262252
MERCATOR,20210412,0.85,0.85,0.8,0.8,204220
METALFORGE,20210412,5.25,5.4,5.1,5.25,5242
METROPOLIS,20210412,2539,2605,2432.25,2474.95,686950
MFSL,20210412,875,876,838.15,849.3,516691
MGEL,20210412,47,47,44.85,44.85,11345
MGL,20210412,1126,1126.55,1075,1080.85,730986
MHRIL,20210412,205.05,214,202.5,204.35,92060
MIC,20210412,0.75,0.75,0.65,0.7,157867
MIDHANI,20210412,187.8,187.8,178.9,180.5,496844
MINDACORP,20210412,100,100.9,92.2,94.15,571682
MINDAIND,20210412,536.2,539.9,515.1,519.2,226179
MINDTECK,20210412,48.8,48.8,43.15,45.55,45834
MINDTREE,20210412,2221.85,2275.95,2101,2142.5,1873748
MIRCELECTR,20210412,14.4,14.4,13.8,13.8,235508
MIRZAINT,20210412,47.45,47.7,45.5,45.85,266664
MITTAL,20210412,10.3,10.3,9.5,10,43334
MMFL,20210412,474.8,474.8,451.75,454.2,7491
MMP,20210412,80.1,83.5,80.1,81.3,4640
MMTC,20210412,43,43,39.8,40.25,3069399
MODIRUBBER,20210412,99.9,99.9,99.9,99.9,4636
MOHITIND,20210412,7.75,7.75,7.5,7.5,6083
MOHOTAIND,20210412,7.15,7.15,6.7,6.9,13107
MOIL,20210412,155,155,148.05,148.5,503737
MOLDTECH,20210412,43.05,43.1,40.3,40.8,13181
MOLDTKPAC,20210412,410.8,428,389.35,413.15,71996
MONTECARLO,20210412,234.5,235,218.1,219.65,100887
MORARJEE,20210412,14.7,14.7,14.15,14.15,6373
MOREPENLAB,20210412,38.2,38.7,35.05,35.8,12484618
MOTHERSUMI,20210412,204.8,207.65,195.6,200.7,13253467
MOTILALOFS,20210412,654,654,611.1,615.65,102724
MOTOGENFIN,20210412,20.35,21.15,20.1,20.1,4910
MPHASIS,20210412,1799.8,1837.45,1716.05,1740.1,625677
MPSLTD,20210412,606.9,606.9,561.1,583.1,30527
MRF,20210412,81300,81400,78900,79227.85,24417
MRO-TEK,20210412,28.35,28.35,28.35,28.35,75
MRPL,20210412,38.55,38.55,35.75,36,1545378
MSPL,20210412,10.65,11.2,9.7,10.15,211581
MSTCLTD,20210412,285,285.45,264.1,266.5,470847
MTARTECH,20210412,1018,1019.2,957.05,967.15,220266
MTEDUCARE,20210412,6.85,6.85,6.4,6.45,96552
MTNL,20210412,17,17.25,15.9,15.9,2409662
MUKANDENGG,20210412,18.25,20.1,18.2,18.45,17283
MUKANDLTD,20210412,92,92,85.3,85.55,667248
MUKTAARTS,20210412,30.8,30.8,27.15,28.15,9027
MUNJALAU,20210412,54.25,55,51.9,52.15,122059
MUNJALSHOW,20210412,139.95,139.95,134.6,135.35,25987
MURUDCERA,20210412,19.25,19.35,17.3,18.1,136251
MUTHOOTCAP,20210412,383,384.05,365,367.1,34717
MUTHOOTFIN,20210412,1209.75,1209.75,1138.35,1159.95,1411088
N100,20210412,1017,1022.62,1012,1021.01,55058
NACLIND,20210412,41,41,39,39.15,51768
NAGAFERT,20210412,5.85,6,5.8,5.85,279668
NAGREEKCAP,20210412,5.35,5.6,5.15,5.6,5006
NAGREEKEXP,20210412,18.95,18.95,17.5,17.65,8294
NAHARCAP,20210412,100.45,102.7,95.1,96.15,24227
NAHARINDUS,20210412,44.8,44.95,41.2,41.5,5324
NAHARPOLY,20210412,114.25,117,104.85,108.45,125392
NAHARSPING,20210412,100,103.9,98.85,98.85,59545
NAM-INDIA,20210412,345.15,347.7,320.1,326.7,936372
NATCOPHARM,20210412,935,948.85,897.7,917.95,834851
NATHBIOGEN,20210412,369,372.15,330.25,334.25,35741
NATIONALUM,20210412,57.85,57.85,52.75,53.7,27358620
NATNLSTEEL,20210412,4.8,4.8,4.8,4.8,64424
NAUKRI,20210412,4650,4776.05,4503,4751.1,863443
NAVINFLUOR,20210412,3015.1,3029.8,2820,2939.55,265603
NAVKARCORP,20210412,34.1,34.2,32.65,33.05,482525
NAVNETEDUL,20210412,81.95,81.95,78,78.35,98675
NAZARA,20210412,1573,1575,1455.55,1493.75,370035
NBCC,20210412,44.7,45,39.8,41.3,20724770
NBIFIN,20210412,1670,1735.5,1670,1701.05,149
NBVENTURES,20210412,74.3,74.7,70.3,73.5,2759418
NCC,20210412,76.35,77,72.15,73.85,7056485
NCLIND,20210412,181,183.8,172.9,173.35,363514
NCPSESDL24,20210412,103.9,103.9,103.6,103.6,9510
NDGL,20210412,732.95,793,680.5,742.5,374
NDL,20210412,33.6,33.6,29.4,30.35,56618
NDRAUTO,20210412,213.5,213.95,192.4,193.65,10709
NDTV,20210412,57.95,60,56.1,57.8,34242
NECCLTD,20210412,8.4,8.45,8,8.05,17953
NECLIFE,20210412,19.3,20.3,18.8,18.95,698378
NELCAST,20210412,67.5,67.55,63.3,65.35,107070
NELCO,20210412,197,197,183.1,184.8,77535
NEOGEN,20210412,925.05,927.95,854.75,866.7,55884
NESCO,20210412,517.35,519.95,484,506.5,137740
NESTLEIND,20210412,17375.15,17620,17341.1,17501.7,57532
NETF,20210412,183.06,183.06,180.65,180.97,1475
NETFCONSUM,20210412,65.99,67,63.75,65.01,16864
NETFDIVOPP,20210412,38.5,38.5,36.85,36.9,976
NETFGILT5Y,20210412,47.73,47.75,47.72,47.72,75
NETFIT,20210412,26.6,27.8,26.56,26.87,1126423
NETFLTGILT,20210412,22.45,22.59,22.23,22.28,20672
NETFMID150,20210412,93,96.88,88.6,93.25,397112
NETFNIF100,20210412,158.72,159,148.65,148.74,53761
NETFNV20,20210412,84.99,85,80.09,81.53,61439
NETFSDL26,20210412,102.7,102.95,102.7,102.75,4941
NETWORK18,20210412,36.55,36.55,34.5,34.95,810971
NEULANDLAB,20210412,2396.55,2544.5,2275,2420.65,123304
NEWGEN,20210412,313.9,314.85,296.3,300.4,86376
NEXTMEDIA,20210412,4.15,4.2,3.9,3.95,7885
NFL,20210412,55.6,56.95,51.7,53.2,2896448
NH,20210412,429.5,431.65,410,411.95,115252
NHPC,20210412,24.05,24.05,23.4,23.45,3465786
NIACL,20210412,156.5,156.5,145,145.75,845044
NIBL,20210412,26.7,26.75,24.25,24.25,115116
NIFTYBEES,20210412,179.88,179.88,150.1,154.08,6958023
NIITLTD,20210412,176,176,165.1,168.9,564886
NILAINFRA,20210412,5,5,4.75,4.75,50143
NILASPACES,20210412,1.6,1.7,1.6,1.6,104447
NILKAMAL,20210412,1950,1950,1830.55,1869.8,31353
NIPPOBATRY,20210412,730,730,702.05,703.75,982
NIRAJ,20210412,43.1,43.1,40.5,41.15,2652
NITCO,20210412,19.95,19.95,17.8,17.8,177064
NITINSPIN,20210412,89,89.65,80,81.45,132668
NKIND,20210412,22.2,22.3,20.15,20.5,1064
NLCINDIA,20210412,49.15,49.4,47.5,47.95,1463465
NMDC,20210412,142,142,133.25,134.25,11342053
NOCIL,20210412,177,177.15,161.9,167.4,886010
NOIDATOLL,20210412,6.9,7,6.65,6.65,25892
NORBTEAEXP,20210412,5.65,5.65,5.65,5.65,436
NOVARTIND,20210412,588.6,609.3,576.3,580,21250
NPBET,20210412,177,180.87,167,170.9,4198
NRAIL,20210412,239,239,219.55,220.25,41169
NRBBEARING,20210412,109,109,103,104.45,222564
NSIL,20210412,1367.4,1367.4,1260.05,1279.5,1589
NTL,20210412,0.75,0.75,0.75,0.75,6730
NTPC,20210412,101.5,101.5,98.05,99.05,20221362
NUCLEUS,20210412,553.9,553.9,522.05,533.4,73663
NURECA,20210412,890,933.4,856.5,931.5,297114
NXTDIGITAL,20210412,481.2,481.2,459.5,460.8,1527
OAL,20210412,736.2,736.2,659.2,675.55,37953
OBEROIRLTY,20210412,585,588,545.05,558.65,245691
OCCL,20210412,925,925,881,899.4,13775
OFSS,20210412,3485,3498.45,3294.45,3336.85,138072
OIL,20210412,118.8,118.9,112,112.65,760450
OILCOUNTUB,20210412,5.25,5.5,5,5.4,4195
OLECTRA,20210412,216,216,208.85,208.85,218867
OMAXAUTO,20210412,42.45,42.5,39.55,40.45,32919
OMAXE,20210412,67.35,67.5,66.3,66.6,84804
OMINFRAL,20210412,23.5,23.5,22.05,22.45,82275
OMKARCHEM,20210412,13.4,13.4,12.75,12.75,25822
ONELIFECAP,20210412,6.15,6.35,6,6.35,70
ONEPOINT,20210412,12.15,12.15,11.5,11.65,26431
ONGC,20210412,100.85,102.25,97.45,98.05,27005598
ONMOBILE,20210412,108,108.85,99,101.2,992119
ONWARDTEC,20210412,120,121.3,113.8,116.3,48709
OPTIEMUS,20210412,128.7,128.7,119.5,119.5,86096
OPTOCIRCUI,20210412,3.85,3.85,3.6,3.6,931369
ORBTEXP,20210412,59.95,61,58,59.7,15502
ORCHPHARMA,20210412,1858.35,1858.35,1858.35,1858.35,453
ORICONENT,20210412,19.75,19.75,18.6,18.6,32111
ORIENTABRA,20210412,23.35,23.35,21.5,21.65,93878
ORIENTALTL,20210412,6.1,7.5,5.05,7.15,414885
ORIENTBELL,20210412,227,227,210.8,213.95,54512
ORIENTCEM,20210412,104.05,104.5,96.2,96.6,1427025
ORIENTELEC,20210412,301.9,301.9,288.4,291.35,493215
ORIENTHOT,20210412,25.05,25.05,22.65,23,83196
ORIENTLTD,20210412,86.6,89.4,76.45,77.95,2813
ORIENTPPR,20210412,24.85,24.85,22.4,22.9,1007698
ORIENTREF,20210412,299.55,299.55,278,281.2,442840
ORISSAMINE,20210412,2568,2597.6,2394.05,2430.55,28362
ORTINLAB,20210412,23.15,23.5,22.8,22.8,7693
OSWALAGRO,20210412,9.8,9.9,9,9.2,89310
PAGEIND,20210412,29122,29198.55,28052.6,28195.6,28586
PAISALO,20210412,746,746,690,698.25,28764
PALASHSECU,20210412,50.05,52.65,48.7,52.6,1960
PALREDTEC,20210412,124.1,124.1,116,116,3278
PANACEABIO,20210412,232,280.1,216.2,258.25,3266962
PANACHE,20210412,60.1,63.7,57.6,57.75,80047
PANAMAPET,20210412,165.05,167,135,150.2,367975
PARACABLES,20210412,9.3,9.3,8.3,8.35,267806
PARAGMILK,20210412,113.5,114,102,104.4,1241621
PARSVNATH,20210412,8.5,8.55,8.35,8.35,50991
PATELENG,20210412,12.35,12.35,11.5,11.6,590461
PATINTLOG,20210412,18.8,18.9,17,18.6,265104
PATSPINLTD,20210412,4.9,4.9,4.3,4.7,4721
PCJEWELLER,20210412,26.1,26.1,23.25,24.1,1876682
PDMJEPAPER,20210412,23.5,23.85,22.5,22.7,46503
PDPL,20210412,3.45,3.45,3.45,3.45,5254
PDSMFL,20210412,671.15,690,668,674.65,7405
PEARLPOLY,20210412,14.7,14.7,13.5,14.05,1901
PEL,20210412,1768,1768,1607.1,1630.1,1423645
PENIND,20210412,18,18.35,17.1,17.1,377289
PENINLAND,20210412,7.45,7.45,7.3,7.3,58962
PERSISTENT,20210412,2044,2044,1964,2022.85,192050
PETRONET,20210412,223.15,226,218.15,221.75,5237740
PFC,20210412,112,112,104.1,104.75,12912590
PFIZER,20210412,4859,4940,4704.05,4776.1,198296
PFOCUS,20210412,67.55,67.8,62.35,63.75,119026
PFS,20210412,18.2,18.35,16.7,17.05,1271705
PGEL,20210412,363.15,390.1,360.9,360.9,18622
PGHH,20210412,13299,13323.9,12901,13179.7,5728
PGHL,20210412,6355.45,6360,6166.55,6198.05,6479
PGIL,20210412,193.15,193.15,175,178.25,2588
PHILIPCARB,20210412,198.85,198.85,183.25,185.3,1086685
PHOENIXLTD,20210412,730.1,736.35,716.5,719.8,160804
PIDILITIND,20210412,1900,1902.3,1840.3,1849.3,726331
PIIND,20210412,2500.1,2522.45,2355.5,2465.55,369897
PILANIINVS,20210412,1726.9,1726.9,1616,1630.9,3455
PILITA,20210412,16.15,16.45,15,15.55,103219
PIONDIST,20210412,106.05,106.05,100.25,101.85,25055
PIONEEREMB,20210412,40.8,40.8,38.75,38.8,22879
PITTIENG,20210412,65,66.5,63.5,64.65,209505
PKTEA,20210412,210,210,210,210,28
PLASTIBLEN,20210412,231,231,222.1,226.9,2976
PNB,20210412,36.75,36.85,33.3,33.95,184407237
PNBGILTS,20210412,52.9,53,49.5,49.85,606751
PNBHOUSING,20210412,394.8,394.8,362.1,365.3,266768
PNC,20210412,41,43.55,40.5,43.55,204314
PNCINFRA,20210412,251.6,253.9,237.2,239.2,527907
PODDARHOUS,20210412,170,173.9,167.6,168,610
PODDARMENT,20210412,197.05,197.3,188.15,189.5,6896
POKARNA,20210412,255,255,230.85,235.8,119009
POLYCAB,20210412,1381,1385,1323.2,1347.7,419634
POLYMED,20210412,869.9,878.9,820,845.75,78169
POLYPLEX,20210412,863.8,863.8,795,800.1,84203
PONNIERODE,20210412,151.2,153,145.3,147,3257
POWERGRID,20210412,206.65,206.65,198.5,201.15,10431180
POWERINDIA,20210412,1505,1543.45,1450,1454.7,41957
POWERMECH,20210412,571,574.8,541.55,547.2,49317
PPAP,20210412,192.1,193.1,180.75,181.6,59380
PPL,20210412,127.4,127.4,115.65,116.55,162208
PRABHAT,20210412,98.2,99.6,98.2,99.2,479686
PRADIP,20210412,0.95,0.95,0.95,0.95,1000
PRAENG,20210412,8.05,8.05,7.3,7.8,14752
PRAJIND,20210412,197.05,198,187.75,191.95,2403954
PRAKASH,20210412,85.8,85.8,78.5,79.45,3422184
PRAKASHSTL,20210412,0.8,0.8,0.75,0.75,83845
PRAXIS,20210412,37.1,37.1,35.25,35.35,1118
PRECAM,20210412,46,46.65,42.7,43.35,439667
PRECOT,20210412,113.15,116.7,107.4,107.6,4674
PRECWIRE,20210412,189.05,191.05,184.2,185.05,45217
PREMEXPLN,20210412,147.5,154,146.4,152.65,26785
PREMIER,20210412,2.6,2.65,2.45,2.5,8539
PREMIERPOL,20210412,37.85,37.85,34,35.3,9956
PRESSMN,20210412,23.7,23.7,21.5,21.8,26637
PRESTIGE,20210412,307.5,307.5,287.85,300.9,336990
PRICOLLTD,20210412,75.5,75.5,70,72.95,792295
PRIMESECU,20210412,45.05,46.6,45,45,2880
PRINCEPIPE,20210412,505,509.65,462.25,474.5,517226
PRIVISCL,20210412,909,909,860.05,864.1,27082
PROZONINTU,20210412,17.45,17.45,16.5,16.6,199573
PRSMJOHNSN,20210412,129,129,116.7,119.5,484486
PSB,20210412,18.5,18.5,17.35,17.35,2320426
PSPPROJECT,20210412,431,435.25,408.15,419,42849
PSUBNKBEES,20210412,23.7,24.4,21.66,21.84,3455450
PTC,20210412,88,88.5,82.4,83.05,2225446
PTL,20210412,37.85,38,36.3,36.5,93059
PUNJABCHEM,20210412,911.65,911.65,862,881.9,6426
PURVA,20210412,71.9,71.9,67,67.5,101926
PVR,20210412,1102,1116.9,1051.75,1087.35,2716941
QGOLDHALF,20210412,2000.95,2036,2000.95,2009.95,1424
QNIFTY,20210412,1540,1540,1484,1484,705
QUESS,20210412,648,648,601,606.15,89036
QUICKHEAL,20210412,190.15,191.35,183,184.1,310316
QUINTEGRA,20210412,0.95,1,0.9,0.9,3216
RADAAN,20210412,0.75,0.85,0.75,0.8,8773
RADICO,20210412,539.9,539.9,495.65,511.05,293666
RADIOCITY,20210412,24.3,24.45,23.6,24.05,421969
RAILTEL,20210412,120,120,111,114.2,3095710
RAIN,20210412,160.3,161.9,147.25,150.75,5464104
RAJESHEXPO,20210412,509.9,509.95,485.9,494.25,131025
RAJMET,20210412,86,86,86,86,44
RAJRATAN,20210412,805.05,809,766,781.4,8520
RAJSREESUG,20210412,18.75,18.75,17.35,17.7,3481
RAJTV,20210412,32,32,31.1,31.6,2371
RALLIS,20210412,266.6,266.6,251.9,256.6,408900
RAMANEWS,20210412,15.4,15.5,14.95,15.05,22291
RAMASTEEL,20210412,75.2,82,75.15,75.2,72069
RAMCOCEM,20210412,1063,1064.85,1015,1053.5,489870
RAMCOIND,20210412,262.4,269.9,251,252,60772
RAMCOSYS,20210412,580,582,542,544.8,119540
RAMKY,20210412,69.45,69.45,67.05,67.05,55725
RANASUG,20210412,9.95,9.95,8.9,9.1,1046961
RANEENGINE,20210412,269.75,269.75,253.8,257.1,4876
RANEHOLDIN,20210412,595,595,556.5,568.1,15107
RATNAMANI,20210412,2009,2144.95,1967.25,1998.1,66494
RAYMOND,20210412,351.25,351.7,327.1,334.05,689401
RBL,20210412,805,815,792.2,811.05,11710
RBLBANK,20210412,205,205.8,183,188.65,41805861
RCF,20210412,74.15,75.75,71.05,71.75,4285909
RCOM,20210412,1.75,1.75,1.6,1.6,12349476
RECLTD,20210412,130.45,130.45,122.15,125.05,9144656
REDINGTON,20210412,175.1,175.8,158.3,167.35,329210
REFEX,20210412,101,101,90,91.25,325794
RELAXO,20210412,934.7,934.7,876.05,891.85,261916
RELCAPITAL,20210412,10.6,10.75,10.45,10.45,917374
RELIANCE,20210412,1959,1961.4,1900.25,1911.15,9646031
RELIGARE,20210412,100,100.7,89.15,90.6,1718628
RELINFRA,20210412,36.55,36.95,34.05,34.25,5649544
REMSONSIND,20210412,143.55,149.8,136.9,147.45,4309
RENUKA,20210412,10.2,10.3,9.7,9.7,6329465
REPCOHOME,20210412,313,314,275.4,288.95,149380
REPL,20210412,221.5,221.5,204.05,209.85,35640
REPRO,20210412,360.05,360.05,340,341.85,7074
RESPONIND,20210412,172,172.35,165.25,168.3,25233
REVATHI,20210412,513.05,525,489.9,497.5,2641
RGL,20210412,381,386.9,351.5,359,81646
RHFL,20210412,2.4,2.45,2.35,2.35,746022
RICOAUTO,20210412,39.85,39.85,37,37.2,546184
RIIL,20210412,378.7,378.7,360.1,362.9,148129
RITES,20210412,240.5,241,235,235.75,299506
RKDL,20210412,8.1,8.1,7.55,7.75,20067
RKEC,20210412,58,61.85,55.45,56.65,14413
RKFORGE,20210412,545,552.3,508.8,511.7,34655
RMCL,20210412,2.4,2.4,2.3,2.35,41453
RML,20210412,368.8,368.8,332,336.75,18853
ROHITFERRO,20210412,1.6,1.6,1.55,1.55,16036
ROHLTD,20210412,65.05,65.5,59.3,59.9,78183
ROLLT,20210412,2.85,2.85,2.7,2.85,12024
ROLTA,20210412,4.25,4.25,3.8,3.9,2017431
ROML,20210412,98.4,99.45,96.4,99.4,1347
ROSSARI,20210412,1109.95,1109.95,1015.25,1045.05,143495
ROSSELLIND,20210412,113.4,113.4,103.6,105.1,15420
ROUTE,20210412,1660,1660,1525.1,1539.05,632688
RPGLIFE,20210412,408.15,464.3,406.7,424.45,646114
RPOWER,20210412,4.6,4.65,4.35,4.35,37129855
RPPINFRA,20210412,59.4,59.4,54.9,55.45,28695
RPSGVENT,20210412,345,354,332,334.7,53293
RSSOFTWARE,20210412,28,29,26,26.1,68698
RSWM,20210412,195.9,195.9,176.65,178.85,29664
RSYSTEMS,20210412,111.05,115.2,109.1,110.8,31966
RTNINDIA,20210412,5.9,5.9,5.9,5.9,395276
RTNPOWER,20210412,2.65,2.7,2.65,2.65,1572260
RUBYMILLS,20210412,172,176.8,160.85,162.5,4841
RUCHI,20210412,695,695,654,656.45,27513
RUCHINFRA,20210412,6,6,5.75,5.75,145269
RUCHIRA,20210412,64.5,64.5,60,60.4,69486
RUPA,20210412,306,306,293.45,295.95,62955
RUSHIL,20210412,215,215,193.05,193.2,39756
RVHL,20210412,17.85,17.85,16.95,17,16998
RVNL,20210412,28.4,28.5,27,27.05,7631551
S&SPOWER,20210412,19.8,21,19,20.15,1354
SABEVENTS,20210412,1.35,1.35,1.35,1.35,46
SABTN,20210412,2.1,2.1,2.1,2.1,48259
SADBHAV,20210412,63.15,63.5,57,58,692797
SADBHIN,20210412,20.7,20.7,19,19.1,240730
SAFARI,20210412,615,615,570,588.45,21925
SAGARDEEP,20210412,35.3,35.3,32.95,33.05,7012
SAGCEM,20210412,778.9,778.9,720,727,47410
SAIL,20210412,91.9,91.95,83.45,84.7,97082396
SAKAR,20210412,115.2,115.2,105.5,108.8,52131
SAKHTISUG,20210412,10,10,9.2,9.3,112383
SAKSOFT,20210412,429.95,467,421.45,437.1,244724
SAKUMA,20210412,4.9,4.95,4.7,4.85,237337
SALASAR,20210412,446.9,446.9,415.25,427.15,98222
SALONA,20210412,95.9,95.9,83.3,85.65,2669
SALSTEEL,20210412,4.3,4.65,3.9,3.95,417495
SALZERELEC,20210412,128,128,120.25,121.6,42827
SAMBHAAV,20210412,2.35,2.35,2.15,2.15,52186
SANCO,20210412,9,9.6,9,9,36810
SANDESH,20210412,681.8,681.8,636.6,641.85,709
SANDHAR,20210412,214,214,201.2,202.5,23689
SANGAMIND,20210412,78.8,82,75.6,78.3,40265
SANGHIIND,20210412,44,44,41.5,42.05,2066326
SANGHVIFOR,20210412,18.95,20.4,18.95,19.4,5091
SANGHVIMOV,20210412,114,114,105,106.2,68951
SANGINITA,20210412,24.8,24.8,23.6,23.6,18773
SANOFI,20210412,8249,8259.95,8070,8094.2,47478
SARDAEN,20210412,444.4,444.45,415.25,417.05,81660
SAREGAMA,20210412,1682,1757.2,1644.5,1691.75,32565
SARLAPOLY,20210412,26,26,24.7,24.8,93957
SASKEN,20210412,1005.95,1026,956.25,970.25,102654
SASTASUNDR,20210412,113.8,119.65,112.9,115,51086
SATHAISPAT,20210412,3.3,3.3,3.15,3.2,6300
SATIA,20210412,84,84.05,79.65,80.1,28456
SATIN,20210412,98,99.8,96.9,96.9,153519
SBICARD,20210412,931,944.85,885,890.45,2550147
SBIETFIT,20210412,273.95,281,268,268.58,10707
SBIETFPB,20210412,200,200,164.45,165.67,23734
SBIETFQLTY,20210412,131.07,133,126.34,126.61,4650
SBILIFE,20210412,900.65,905.4,868.5,872.45,1485108
SBIN,20210412,344,344,322.55,328.85,75501713
SCAPDVR,20210412,2.1,2.1,2.1,2.1,32981
SCHAEFFLER,20210412,5297.2,5305,5067.2,5126.95,15601
SCHAND,20210412,100.1,102.9,98.4,98.4,60289
SCHNEIDER,20210412,94.55,94.6,88.45,89.6,701469
SCI,20210412,109,109,100,101.2,4158600
SDBL,20210412,32,32.05,29,29.9,158122
SEAMECLTD,20210412,440,440,408.8,421.3,16164
SECURKLOUD,20210412,97.55,97.55,93.45,93.45,29967
SELAN,20210412,125,126,121,121.45,33659
SEPOWER,20210412,3.95,3.95,3.8,3.8,6238
SEQUENT,20210412,263,267,243.8,245.15,1009003
SESHAPAPER,20210412,162,162,151.85,155.55,67994
SETCO,20210412,15.1,15.1,13.8,14.1,169560
SETF10GILT,20210412,204,204,203,203.6,166
SETFGOLD,20210412,4169.95,4169.95,4131.65,4143.85,21796
SETFNIF50,20210412,146.11,150,145.36,147.04,974223
SETFNIFBK,20210412,323.8,323.8,308,309.44,609806
SETFNN50,20210412,364.5,364.5,348.85,351.46,44657
SETUINFRA,20210412,0.7,0.8,0.7,0.7,520461
SEYAIND,20210412,51.75,52.2,49.55,49.85,20820
SFL,20210412,2108,2108,1932.75,1983.7,12046
SGL,20210412,8.6,8.85,8.3,8.3,40857
SHAHALLOYS,20210412,8.7,9.45,8.7,9.05,8990
SHAKTIPUMP,20210412,534,534,482.1,490.45,139377
SHALBY,20210412,111,114.8,105.65,106.75,466738
SHALPAINTS,20210412,93,94,90.05,90.4,84109
SHANKARA,20210412,434.9,434.9,386.3,400.4,83083
SHANTIGEAR,20210412,133.5,133.5,124.5,127.05,66954
SHARDACROP,20210412,296.35,301.85,281.5,284.35,145840
SHARDAMOTR,20210412,2019.1,2045,1835,1892.5,12026
SHAREINDIA,20210412,311,318.8,298.95,301.5,18652
SHARIABEES,20210412,384.4,422,377,380.21,3293
SHEMAROO,20210412,71,73.1,66.65,70.05,79444
SHIL,20210412,290.5,296.8,283.75,283.75,39532
SHILPAMED,20210412,382,382.5,354.1,368.3,391997
SHIVAMAUTO,20210412,17,17,16,16.4,72470
SHIVAMILLS,20210412,42.85,44,42.8,42.8,2928
SHIVATEX,20210412,156.3,156.3,145.6,146.45,3386
SHK,20210412,125.8,125.9,118,119.8,804360
SHOPERSTOP,20210412,200.4,200.4,188,188.6,208696
SHREDIGCEM,20210412,69,69.2,63.55,64,901174
SHREECEM,20210412,31200,31497.4,29757.85,29881.05,114698
SHREEPUSHK,20210412,159,159,139.5,143.6,194368
SHREERAMA,20210412,10.35,10.35,9.3,9.75,88320
SHRENIK,20210412,1.8,1.8,1.75,1.75,1487659
SHREYANIND,20210412,99,99.85,89.15,90.05,27268
SHREYAS,20210412,79.05,79.65,72.85,73.9,99755
SHRIPISTON,20210412,770,790,770,770.1,456
SHRIRAMCIT,20210412,1475.1,1478,1385,1400.1,28766
SHRIRAMEPC,20210412,4.05,4.1,3.9,3.95,255416
SHYAMCENT,20210412,6.25,6.25,5.35,5.6,71322
SICAGEN,20210412,18.4,18.4,16.2,16.95,57892
SICAL,20210412,14.4,14.4,13.15,13.9,1312632
SIEMENS,20210412,1809.1,1836,1717.8,1729.75,363580
SIGIND,20210412,30.75,30.75,28.35,28.8,36198
SIL,20210412,20.8,20.8,18.95,18.95,54073
SILGO,20210412,52.8,53.4,49.4,50.5,32642
SILINV,20210412,188,188,182.3,183.25,894
SILLYMONKS,20210412,24.4,24.4,22.25,22.25,787
SIMBHALS,20210412,7.65,7.65,7.3,7.3,20353
SIMPLEXINF,20210412,33,33.75,30.55,30.55,205627
SINTERCOM,20210412,79.3,82.6,74.7,77.35,900
SINTEX,20210412,3.6,3.7,3.55,3.55,816402
SIRCA,20210412,360,365,353.9,353.9,26368
SIS,20210412,386,388.45,369.1,370.85,161167
SITINET,20210412,0.85,0.85,0.8,0.8,5032357
SIYSIL,20210412,200,200,185.35,189.25,112760
SJVN,20210412,25.15,25.15,24.5,24.65,1673639
SKFINDIA,20210412,2180.4,2180.4,2091.15,2148.1,16418
SKIL,20210412,2.5,2.6,2.5,2.5,15456
SKIPPER,20210412,60,60,49.5,55.85,133876
SKMEGGPROD,20210412,49,50.55,46.1,47.15,54140
SMARTLINK,20210412,85.35,85.35,84.15,84.2,6458
SMCGLOBAL,20210412,70,70.55,66.8,67.3,53929
SMLISUZU,20210412,452.3,455.65,430,434.95,17302
SMSLIFE,20210412,591.9,594,551.1,558.5,13221
SMSPHARMA,20210412,146.9,148,135.65,142.15,341526
SNOWMAN,20210412,48.75,49.75,45.2,47.75,2999643
SOBHA,20210412,506,506.05,461.55,466.5,366224
SOLARA,20210412,1454,1529.95,1401,1440.1,1079610
SOLARINDS,20210412,1345,1345,1250,1258.8,10892
SOMANYCERA,20210412,454.4,456.7,410.15,419.1,99729
SOMATEX,20210412,4.7,4.95,4.55,4.75,14084
SOMICONVEY,20210412,38.55,38.55,34.95,34.95,31260
SONATSOFTW,20210412,584.6,584.95,562.25,573,386503
SORILINFRA,20210412,147.1,148,135.95,136.7,48993
SOTL,20210412,1000.5,1013,985.5,993.2,13050
SOUTHBANK,20210412,8.5,8.5,8,8.1,19836261
SOUTHWEST,20210412,49.5,49.5,45.9,47.35,28435
SPAL,20210412,155.2,155.2,146.5,149.75,20865
SPANDANA,20210412,593.05,593.05,565.25,567.85,89558
SPARC,20210412,167.6,167.6,155.05,157.1,1048124
SPECIALITY,20210412,38.5,38.5,36.45,37.6,114548
SPENCERS,20210412,71,71.5,67.05,68.85,325091
SPIC,20210412,30.5,30.5,28.3,29.1,558498
SPICEJET,20210412,68,69,65.2,66.35,4129554
SPLIL,20210412,33.25,33.6,31.2,31.7,33951
SPMLINFRA,20210412,10.75,11.25,9.5,10.15,534760
SPTL,20210412,3.4,3.45,3.15,3.15,3286260
SPYL,20210412,0.4,0.4,0.35,0.4,677681
SREEL,20210412,143,144.75,140,140.6,15757
SREINFRA,20210412,7.6,8.15,7,7.65,19732424
SRF,20210412,6200,6219.95,5905,6122.95,186751
SRHHYPOLTD,20210412,257.1,257.1,242.15,244.55,23477
SRIPIPES,20210412,177.9,177.9,165.6,166.7,68833
SRPL,20210412,31.4,31.4,31.4,31.4,153
SRTRANSFIN,20210412,1410,1415.9,1292.95,1300.9,4857960
SSWL,20210412,730.95,730.95,665,692.7,89095
STAMPEDE,20210412,0.75,0.8,0.7,0.8,389750
STAR,20210412,849,891.9,814.05,872.4,2669805
STARCEMENT,20210412,98.15,99.75,95.5,97.35,400918
STARPAPER,20210412,120,121.35,113.1,114.25,107874
STCINDIA,20210412,81,81,72.25,73,54612
STEELCITY,20210412,37.5,37.5,35,35.35,13965
STEELXIND,20210412,62,62,55.45,56.65,195494
STEL,20210412,81,81,78.1,78.45,9082
STERTOOLS,20210412,193.1,195.7,185,188.35,17796
STLTECH,20210412,230,230.6,211,215.4,791673
STOVEKRAFT,20210412,509.9,509.9,474.3,478.1,151866
SUBCAPCITY,20210412,16.25,16.25,16.25,16.25,200
SUBEXLTD,20210412,44,44.7,40.1,43.5,36733137
SUBROS,20210412,310,314.25,298.4,299.45,42041
SUDARSCHEM,20210412,540,542,520,526.3,256622
SUMEETINDS,20210412,6.05,6.35,5.75,6.3,323847
SUMICHEM,20210412,288,289.45,278.1,279.6,463440
SUMIT,20210412,13.2,13.2,11.1,11.45,131492
SUMMITSEC,20210412,534,536.75,505,511.45,4011
SUNCLAYLTD,20210412,3152.8,3152.8,2902,2944.95,5103
SUNDARAM,20210412,1.3,1.3,1.2,1.2,309587
SUNDARMFIN,20210412,2510,2510,2406.5,2437.1,27730
SUNDARMHLD,20210412,79.5,79.5,72.2,73.95,99495
SUNDRMBRAK,20210412,353.55,356.35,330.05,335.15,2739
SUNDRMFAST,20210412,723,723,680.05,697.35,95559
SUNFLAG,20210412,69.9,69.9,62,62.65,1344866
SUNPHARMA,20210412,639,645.85,615.2,619.35,15229597
SUNTECK,20210412,282.5,282.85,267.4,271.35,311065
SUNTV,20210412,486.65,486.65,450,453.9,2947544
SUPERHOUSE,20210412,126,126,111.05,113.9,57942
SUPERSPIN,20210412,5,5,4.5,4.65,9994
SUPPETRO,20210412,491.55,538.5,480,484.95,386910
SUPRAJIT,20210412,274.35,281.7,268,271.6,294306
SUPREMEENG,20210412,24,25.4,23.65,24.45,16183
SUPREMEIND,20210412,1990,2006.95,1943.75,1971.1,56128
SURANASOL,20210412,9.6,9.6,9.15,9.15,14202
SURANAT&P,20210412,4.3,4.45,4.1,4.1,46447
SURYALAXMI,20210412,31.3,31.85,30.95,31.4,9893
SURYAROSNI,20210412,372,377,350.6,353.45,392882
SURYODAY,20210412,260,263.8,247.6,250,172777
SUTLEJTEX,20210412,42.4,42.9,38.5,38.95,102861
SUULD,20210412,197.05,206,196.5,199.95,65828
SUVEN,20210412,80.6,89.7,77.25,83.75,3176221
SUVENPHAR,20210412,495,520,478.95,480.55,392359
SUVIDHAA,20210412,73.35,73.35,73.35,73.35,1292
SUZLON,20210412,4.95,5,4.6,4.7,23358282
SWANENERGY,20210412,134.05,137.5,127.85,130.95,173654
SWARAJENG,20210412,1350,1350,1305.65,1326.15,15676
SWELECTES,20210412,216,216,195,195.75,22832
SWSOLAR,20210412,318,318,291.55,302.55,2789321
SYMPHONY,20210412,1290,1290,1162.7,1177.05,96372
SYNGENE,20210412,558,562.15,542.2,550.35,410150
TAINWALCHM,20210412,59.8,59.8,56.05,57,3238
TAJGVK,20210412,111.1,111.9,107,107.7,98360
TAKE,20210412,49.2,50.6,46.5,47,2160981
TALBROAUTO,20210412,217.6,221.8,204.05,205.5,37600
TANLA,20210412,978,984.8,936.3,936.45,373132
TARAPUR,20210412,3.4,3.7,3.4,3.4,3638
TARC,20210412,29.2,29.3,26.8,27.05,604498
TARMAT,20210412,49,49,45.6,46.65,16219
TASTYBITE,20210412,14815.05,14837.75,14220,14445.35,1694
TATACHEM,20210412,790,790,744.65,750.3,6113675
TATACOFFEE,20210412,123,123.1,116.05,117.45,2128682
TATACOMM,20210412,1110,1110.85,1066,1074.55,931318
TATACONSUM,20210412,675,675.6,650,655.6,4201041
TATAELXSI,20210412,3107.05,3115,2896,2916.75,538437
TATAINVEST,20210412,1021.55,1021.55,985.3,1004.75,40353
TATAMETALI,20210412,919,919,848,874.65,410394
TATAMOTORS,20210412,307.85,307.85,282.9,286.55,105342538
TATAMTRDVR,20210412,133.65,134.5,124,127.15,5174261
TATAPOWER,20210412,101,101,89.9,92.2,125893617
TATASTEEL,20210412,876.55,893.2,843.35,851.55,22135504
TATASTLBSL,20210412,57.05,57.65,53.9,54.5,13876415
TATASTLLP,20210412,799,800,777.85,777.85,74459
TBZ,20210412,64.1,67,60,61.8,134333
TCI,20210412,273.95,273.95,263,269.9,85474
TCIDEVELOP,20210412,301.2,309.85,297,306.85,1067
TCIEXP,20210412,867,871,837.05,842.8,24092
TCIFINANCE,20210412,6.35,6.35,6.05,6.05,7400
TCNSBRANDS,20210412,495,495,470.45,480,56239
TCPLPACK,20210412,415.4,415.4,395,397.8,12110
TCS,20210412,3322.25,3338.1,3213.2,3246.55,3791828
TDPOWERSYS,20210412,159.95,159.95,150.05,153.8,55006
TEAMLEASE,20210412,3600,3600,3289.05,3349.8,30284
TECHIN,20210412,2.8,2.8,2.8,2.8,1009
TECHM,20210412,1051,1059.05,1016.8,1039.85,7896295
TECHNOE,20210412,305.5,308.55,285.1,298.15,241527
TEJASNET,20210412,176.6,176.6,170.4,170.4,145819
TERASOFT,20210412,38,38.4,35.6,36.15,25825
TEXINFRA,20210412,70.2,71.35,69.3,71,100191
TEXMOPIPES,20210412,27,27,24.7,25.25,119156
TEXRAIL,20210412,26.45,26.6,25.15,25.3,691104
TFCILTD,20210412,58.95,58.95,53.75,54.15,255196
TFL,20210412,2.35,2.45,2.35,2.45,3574
TGBHOTELS,20210412,5.05,5.05,4.25,4.35,22323
THANGAMAYL,20210412,618.95,618.95,590.2,606.2,24727
THEINVEST,20210412,90.4,90.45,84.05,85.8,6383
THEMISMED,20210412,320.45,320.45,304.5,307.2,6752
THERMAX,20210412,1357.1,1390,1311.05,1339.5,62929
THOMASCOOK,20210412,47.15,47.15,45.1,45.55,517665
THYROCARE,20210412,1047.2,1100,1002.95,1055.3,1598997
TI,20210412,36.25,36.4,33.65,34.15,410785
TIDEWATER,20210412,4450,4460.5,4338,4353.1,2780
TIIL,20210412,388.05,388.05,366.5,369.25,35887
TIINDIA,20210412,1152.5,1176,1103,1135.65,50707
TIJARIA,20210412,7.05,7.05,6.6,6.95,1146
TIL,20210412,164,164.05,150.65,158.5,9413
TIMESGTY,20210412,25.6,25.75,23.4,23.95,1059
TIMETECHNO,20210412,68.95,68.95,64,64.9,1465869
TIMKEN,20210412,1400,1410,1321,1366.7,78586
TINPLATE,20210412,172.5,172.5,161.25,162.9,651098
TIPSINDLTD,20210412,508,508,484.25,484.25,5462
TIRUMALCHM,20210412,90.25,91.85,86.6,87,488146
TIRUPATIFL,20210412,23.75,26,23.75,26,35051
TITAN,20210412,1571,1572.65,1502.25,1510.45,1889829
TMRVL,20210412,12.5,12.95,12.05,12.05,54145
TNPETRO,20210412,51,55.3,47.55,54.4,2429250
TNPL,20210412,144.95,144.95,135.5,136.8,388973
TNTELE,20210412,4.8,4.8,4.6,4.6,2149
TOKYOPLAST,20210412,73.1,73.1,69.55,70.1,10660
TORNTPHARM,20210412,2580,2682,2528.85,2555.8,873365
TORNTPOWER,20210412,418,418,393.85,400,841355
TOTAL,20210412,44.4,45.2,41.3,43,77884
TOUCHWOOD,20210412,108.8,115.95,105.5,105.5,514
TPLPLASTEH,20210412,178,178,161.95,167.85,19167
TREEHOUSE,20210412,8.8,8.8,8.35,8.35,37564
TREJHARA,20210412,33.45,38.15,32,32.75,53334
TRENT,20210412,709.05,719.8,689,710.75,921660
TRF,20210412,95.6,95.7,88.05,88.55,33558
TRIDENT,20210412,13.9,13.9,13.3,13.4,14817300
TRIGYN,20210412,70,70.9,64.1,65.6,72604
TRIL,20210412,18.45,18.45,17.1,17.15,183849
TRITURBINE,20210412,101,101.2,96,97.3,161108
TRIVENI,20210412,90.75,90.75,85.05,89.05,786986
TTKHLTCARE,20210412,517,517,499.15,500.6,2445
TTKPRESTIG,20210412,7438.9,7438.9,7273.55,7314.05,33554
TTL,20210412,47.9,48,44.5,44.8,7739
TTML,20210412,12.8,12.85,12.35,12.35,688171
TV18BRDCST,20210412,28.1,28.35,26.25,26.55,8835482
TVSELECT,20210412,136,136.75,130.05,130.05,10721
TVSMOTOR,20210412,559.8,559.8,532.7,538.9,1066608
TVSSRICHAK,20210412,1792.6,1792.6,1690,1694.9,12776
TVTODAY,20210412,291.25,291.25,265.1,268.35,83997
TVVISION,20210412,2.6,2.6,2.6,2.6,8780
TWL,20210412,48.75,48.9,45.2,47.05,1101859
UBL,20210412,1094,1096.4,1051.4,1084.15,846907
UCALFUEL,20210412,140.1,142.95,135.75,138,32242
UCOBANK,20210412,11.65,11.65,11,11.15,11054408
UFLEX,20210412,377.9,378,354.3,357.5,136031
UFO,20210412,74,74,68.4,70.4,141798
UGARSUGAR,20210412,18.1,18.1,16.5,16.7,251307
UJAAS,20210412,2.55,2.6,2.5,2.5,534876
UJJIVAN,20210412,208.85,209.95,194,201.15,842702
UJJIVANSFB,20210412,30.15,30.2,29,29.1,2695992
ULTRACEMCO,20210412,6763.3,6763.3,6467,6509.4,585717
UMANGDAIRY,20210412,57.75,57.75,55.15,55.55,18936
UMESLTD,20210412,3.15,3.35,3.1,3.25,5579
UNICHEMLAB,20210412,324,339.5,308.85,311.45,275743
UNIDT,20210412,316,323.65,305,312.95,12718
UNIENTER,20210412,83,83,72.25,74.05,33208
UNIONBANK,20210412,36.8,36.85,33.6,34.4,12529240
UNITEDTEA,20210412,302.85,302.85,290.5,293.45,915
UNIVASTU,20210412,36.85,37.95,35.05,37.6,784
UNIVCABLES,20210412,144.8,144.8,135.4,136.2,30362
UNIVPHOTO,20210412,182.85,182.85,165.6,170.85,2812
UPL,20210412,625,627.65,581.5,589.55,5954644
URJA,20210412,6.1,6.35,6.05,6.05,1417608
USHAMART,20210412,39.1,39.6,36.45,37.3,2806501
UTIAMC,20210412,571.05,581,538,545.4,180323
UTIBANKETF,20210412,31.86,31.86,30.65,30.74,54499
UTINEXT50,20210412,38,38,34.9,35.95,28504
UTINIFTETF,20210412,1489.6,1582.75,1412,1516.7,5093
UTISENSETF,20210412,525,525,500,502.45,5368
UTISXN50,20210412,40.05,40.1,38.63,39.18,1626
UTTAMSTL,20210412,7.9,7.95,7.6,7.6,79101
UTTAMSUGAR,20210412,97.5,98.9,92,92.55,71982
V2RETAIL,20210412,127.8,127.8,121.45,121.45,39172
VADILALIND,20210412,935,935,895.6,913.8,39496
VAIBHAVGBL,20210412,4420,4420,4190.8,4225.9,46670
VAISHALI,20210412,33.5,33.5,32.15,32.4,21370
VAKRANGEE,20210412,65,65.35,62.7,62.7,4156154
VALIANTORG,20210412,1499,1499,1375,1386.2,52199
VARDHACRLC,20210412,37.2,37.2,35,35.75,34698
VARDMNPOLY,20210412,17.9,18.2,16.3,17,106553
VARROC,20210412,371.1,371.35,353.25,355.55,77200
VASCONEQ,20210412,17.5,17.5,16.4,16.9,327535
VASWANI,20210412,10,11.1,9.45,9.7,11731
VBL,20210412,993.4,1010,985.3,988.9,430160
VEDL,20210412,225.9,225.9,209.75,213.2,14765942
VENKEYS,20210412,1611,1611,1514,1542.3,80015
VENUSREM,20210412,279,284.9,274,275.9,73116
VERTOZ,20210412,270,270,252.65,253.9,98782
VESUVIUS,20210412,1065,1071.55,1005,1015,9907
VETO,20210412,140,140,129.3,129.3,47650
VGUARD,20210412,238.85,238.85,221.15,231.6,787198
VHL,20210412,1780,1799.75,1620,1651.65,1451
VICEROY,20210412,2.3,2.3,2.2,2.2,2137
VIDHIING,20210412,209.7,209.7,192,192,261020
VIJIFIN,20210412,0.7,0.7,0.6,0.65,86011
VIKASECO,20210412,2.15,2.15,2,2,1968456
VIKASMCORP,20210412,3,3,2.85,2.85,5120673
VIKASPROP,20210412,2.55,2.55,2.35,2.4,2030388
VIKASWSP,20210412,6,6,5.4,5.6,527482
VIMTALABS,20210412,207,223,205,211.25,847945
VINATIORGA,20210412,1545,1664.95,1505,1609.3,449699
VINDHYATEL,20210412,853,853,802,810.45,14822
VINYLINDIA,20210412,121.2,121.2,115,115.7,63092
VIPCLOTHNG,20210412,13.65,13.65,12.8,12.8,69511
VIPIND,20210412,339.45,342.95,321.9,337.05,370875
VIPULLTD,20210412,28.15,30.75,28.1,28.5,10462
VISAKAIND,20210412,512,512,472.1,478.4,78395
VISASTEEL,20210412,7.35,7.65,7,7,43088
VISESHINFO,20210412,0.1,0.1,0.05,0.1,4529523
VISHAL,20210412,59.8,60.35,54.65,54.65,145783
VISHNU,20210412,300,300,291.05,291.4,24713
VISHWARAJ,20210412,119.7,121.95,113.1,120.05,36811
VIVIDHA,20210412,0.75,0.75,0.65,0.65,391061
VIVIMEDLAB,20210412,17.1,17.1,15.85,16.2,262907
VLSFINANCE,20210412,88.35,88.35,80.25,81.05,45134
VMART,20210412,2790,2825,2690,2762.15,15707
VOLTAMP,20210412,1097.45,1105.25,1026.1,1032.3,11495
VOLTAS,20210412,998,998,940.6,950.3,2490045
VRLLOG,20210412,225.55,229.85,220,222.9,133421
VSSL,20210412,152,156,135.2,152.15,279760
VSTIND,20210412,3370.7,3393.55,3300,3321.9,5641
VSTTILLERS,20210412,1842,1858.45,1756.95,1791.1,15188
VTL,20210412,1250.05,1250.65,1183,1199.6,41193
WABAG,20210412,251.2,253,239,241.35,543491
WABCOINDIA,20210412,6155.5,6198.8,6032,6045.1,4204
WALCHANNAG,20210412,62.6,64.2,58.45,59,585839
WANBURY,20210412,97,100.95,96.95,96.95,36089
WATERBASE,20210412,107,107.05,100.3,101,160674
WEALTH,20210412,140,140,121.4,122.95,190
WEBELSOLAR,20210412,44.5,44.5,41.6,42.15,129117
WEIZMANIND,20210412,44.7,44.7,42,42.35,10301
WELCORP,20210412,155,155.3,146.8,148,4057138
WELENT,20210412,110.05,111.3,103.9,104.55,312189
WELINV,20210412,393.8,399.75,380,380.3,412
WELSPUNIND,20210412,81,82.6,76.9,77.75,2460342
WENDT,20210412,3191.9,3203,3100.9,3122.2,557
WESTLIFE,20210412,423.7,423.7,400,403.9,254954
WHEELS,20210412,454.9,454.9,431.5,433.5,13395
WHIRLPOOL,20210412,2175,2182.9,2129.95,2155.8,60949
WILLAMAGOR,20210412,18.7,20.75,17.95,19.1,10747
WINDMACHIN,20210412,29.2,29.45,28.6,28.6,32553
WIPL,20210412,57.9,58,57.9,58,299
WIPRO,20210412,450,450.1,429.4,432.6,15086267
WOCKPHARMA,20210412,473,473.2,435.05,439.6,1097341
WONDERLA,20210412,194,194,180.05,180.85,103695
WORTH,20210412,50,50,47.05,47.5,5752
WSTCSTPAPR,20210412,224.4,225.6,207.6,208.6,234321
XCHANGING,20210412,66.65,66.65,61.4,63.6,125548
XELPMOC,20210412,320,321,289,291.25,77112
XPROINDIA,20210412,88.05,88.05,82.1,88,70700
YAARII,20210412,119,119,116.7,116.7,64695
YESBANK,20210412,15.2,15.25,14.4,14.45,123708161
ZEEL,20210412,201.2,201.25,176.1,181.1,24875466
ZEELEARN,20210412,10.2,10.2,9.75,9.9,840000
ZEEMEDIA,20210412,6.3,6.35,5.9,6,1461323
ZENITHEXPO,20210412,69.9,70.3,65,65.45,1944
ZENITHSTL,20210412,0.85,0.85,0.75,0.8,106271
ZENSARTECH,20210412,279,279,267,269.45,198992
ZENTEC,20210412,79.8,79.8,75,76.1,135056
ZODIACLOTH,20210412,97,97,88.25,89.95,44018
ZODJRDMKJ,20210412,25,25.6,24,24.1,1577
ZOTA,20210412,145,147.95,143.6,143.95,15032
ZUARI,20210412,91.95,91.95,82.1,87.85,106630
ZUARIGLOB,20210412,85,85.75,81.9,81.9,29349
ZYDUSWELL,20210412,2120,2145.05,2050,2115.1,131462
NSENIFTY,20210412,14644.65,14652.50,14248.70,14310.80,638475842,0
NIFTYJUNIOR,20210412,34813.95,34829.55,33562.50,33713.95,499426713,0
NIFTYMIDCAPLIQ15,20210412,5677.35,5680.75,5348.30,5391.25,181370919,0
NSE100,20210412,14805.95,14812.00,14390.10,14450.05,1137902555,0
NIFTY200,20210412,7686.85,7689.50,7455.60,7486.15,2332121003,0
NSE500,20210412,12357.35,12361.40,11978.45,12024.10,2853601038,0
NSEMIDCAP150,20210412,9103.10,9104.45,8695.90,8762.30,1231879749,0
MIDCAP50,20210412,6765.20,6769.05,6364.70,6417.65,1107296169,0
NSEMIDCAP,20210412,24094.45,24097.95,22934.20,23114.15,1194218448,0
NSESMLCAP100,20210412,8422.80,8428.65,8024.05,8084.15,-,0
NIFTYLARGEMIDCAP250,20210412,-,-,-,7739.27,2369782304,0
NIFTYAUTO,20210412,9738.35,9738.35,9345.20,9415.65,171306475,0
BANKNIFTY,20210412,31637.90,31698.05,30520.30,30792.00,500839301,0
NIFTYFINSERVICE,20210412,15054.65,15068.00,14600.65,14711.00,203782546,0
NIFTYFMGC,20210412,34865.10,34979.90,34472.90,34561.35,52686100,0
NSEIT,20210412,27504.40,27524.60,26545.65,26727.80,56753707,0
NIFTYMEDIA,20210412,1519.30,1521.95,1411.05,1430.85,48845536,0
NIFTYMETAL,20210412,4372.65,4378.45,4166.45,4196.00,259141238,0
NIFTYPHARMA,20210412,13026.30,13301.60,12758.65,12961.85,89494723,0
NIFTYPVTBANK,20210412,16937.40,16980.65,16343.75,16481.95,362247522,0
NIFTYPSUBANK,20210412,2127.75,2127.75,1954.15,1988.30,499118410,0
NIFTYREALTY,20210412,322.75,324.25,305.70,307.15,34328683,0
NIFTYCOMMODITIES,20210412,4597.65,4601.30,4430.95,4448.00,354662685,0
NIFTYCONSUMPTION,20210412,5973.70,5981.65,5838.95,5869.05,108219997,0
NIFTYCPSE,20210412,1737.70,1739.10,1676.85,1683.00,120476264,0
NIFTYENERGY,20210412,17796.95,17811.55,17215.25,17279.45,242314473,0
NIFTY100ESG,20210412,-,-,-,2866.57,701456389,0
NIFTY100ENHESG,20210412,-,-,-,2885.59,620201549,0
NIFTYINFRA,20210412,4088.25,4089.45,3937.55,3955.40,371004887,0
NIFTYMNC,20210412,16269.60,16289.55,15869.15,15929.20,305450732,0
NIFTYPSE,20210412,3055.25,3057.30,2939.15,2951.35,384196821,0
NIFTYSMEEMERGE,20210412,-,-,-,1966.69,466000,0
NIFTYSERVSECTOR,20210412,20421.10,20430.70,19817.65,19907.30,343250614,0
NIFTYSHARIAH25,20210412,-,-,-,5550.68,147434064,0
NIFTY50SHARIAH,20210412,-,-,-,3659.24,131088900,0
NIFTY500SHARIAH,20210412,-,-,-,4373.15,447787149,0
NIFTYABGROUP,20210412,-,-,-,4557.91,256786903,0
NIFTYMAHINDRA,20210412,-,-,-,12737.33,32964329,0
NIFTYTATA,20210412,-,-,-,10549.07,299836053,0
NIFTYTATA25CAP,20210412,-,-,-,7603.15,274716258,0
NIFTYABGROUP,20210412,-,-,-,4557.91,256786903,0
NIFTYLIQ15,20210412,3547.90,3549.25,3409.70,3431.55,259537723,0
NIFTY500VALUE50,20210412,-,-,-,4541.25,1075196346,0
NIFTYQUALLOWVOL30,20210412,-,-,-,10479.16,140855413,0
NIFTYALPHAQUALLOWVOL30,20210412,-,-,-,12158.93,172669208,0
NIFTYALPHAQUALVALLOWVOL30,20210412,-,-,-,9165.25,165568690,0
NIFTY50EQUALWEIGHT,20210412,16206.85,16218.75,15739.85,15812.35,638475842,0
NIFTY100EQUALWEIGHT,20210412,17126.85,17133.40,16587.40,16650.35,1137902555,0
NIFTY100LOWVOL30,20210412,11426.05,11435.45,11215.15,11255.20,224245436,0
NSEDEFTY,20210412,-,-,-,6606.08,-,0
NIFTY50DIVPOINT,20210412,1.92,1.92,1.92,1.92,-,0
NIFTYDIVOPPS50,20210412,3103.85,3107.70,3021.05,3033.20,451662808,0
NIFTYALPHA50,20210412,24328.00,24330.20,23260.75,23387.55,740098300,0
NIFTY50ARBITRAGE,20210412,-,-,-,1950.93,-,0
NIFTY50FUTINDEX,20210412,-,-,-,4696.63,-,0
NIFTY50FUTTRINDEX,20210412,-,-,-,14880.31,-,0
NIFTYHIGHBETA50,20210412,-,-,-,1678.01,1293875407,0
NIFTYLOWVOL50,20210412,-,-,-,13684.28,245303609,0
NIFTY50VALUE20,20210412,7646.05,7653.60,7436.40,7459.20,240567403,0
NIFTYGROWSECT15,20210412,7206.50,7221.95,7081.90,7136.30,91655098,0
NIFTY50TR2XLEV,20210412,8706.70,8706.70,8230.25,8304.35,-,0
NIFTY50PR2XLEV,20210412,6521.75,6521.75,6164.85,6220.40,-,0
NIFTY50TR1XINV,20210412,259.30,266.10,259.30,265.05,-,0
NIFTY50PR1XINV,20210412,299.45,307.30,299.45,306.10,-,0
NIFTY-GS-COMPSITE,20210412,2290.48,2291.12,2290.04,2290.38,-,0
NIFTY-GS-4-8YR,20210412,2393.43,2394.14,2392.85,2393.18,-,0
NIFTY-GS-8-13YR,20210412,2243.97,2245.68,2243.97,2245.55,-,0
NIFTY-GS-10YR,20210412,2041.29,2044.16,2041.29,2043.58,-,0
NIFTY-GS-10YR-CLN,20210412,955.91,957.28,955.91,957.01,-,0
NIFTY-GS-11-15YR,20210412,2411.42,2411.42,2408.01,2408.84,-,0
NIFTY-GS-15YRPLUS,20210412,2657.14,2659.99,2651.93,2651.24,-,0
VIX,20210412,19.79,23.30,19.79,23.00,0,0
