20MICRONS,20210106,41.8,41.85,40.5,40.9,256628
21STCENMGM,20210106,10.85,10.85,10.5,10.7,6280
3IINFOTECH,20210106,7.75,7.75,7.75,7.75,1109387
3MINDIA,20210106,21775,22100,21200,21458.4,8558
3PLAND,20210106,11.45,11.5,10.65,11.35,9485
5PAISA,20210106,302.65,308.5,302.65,307.9,16456
63MOONS,20210106,82.95,82.95,79.85,80.7,63645
8KMILES,20210106,78.05,81,78.05,78.75,42406
A2ZINFRA,20210106,5.95,5.95,5.25,5.5,1705664
AAKASH,20210106,76.5,78,74.9,77.75,61669
AARON,20210106,54.95,54.95,52.8,53.65,8400
AARTIDRUGS,20210106,713,735,713,719.65,572821
AARTIIND,20210106,1337.2,1349.9,1280,1290.55,411809
AARTISURF,20210106,1030,1048,1000,1014.05,18481
AARVEEDEN,20210106,18.3,18.4,17.3,17.6,37735
AARVI,20210106,49.85,49.85,44.5,46.25,42513
AAVAS,20210106,2040.9,2053,1886.1,1910.3,226683
ABAN,20210106,29,30.05,28.65,29.7,157520
ABB,20210106,1295,1316,1291,1297.65,108081
ABBOTINDIA,20210106,15689.25,15800,15483.55,15550.95,15681
ABCAPITAL,20210106,89.6,90.5,87.3,88.55,2915411
ABFRL,20210106,167.65,168.85,164.6,166.7,1567365
ABMINTLTD,20210106,26.05,26.05,24.85,24.85,107
ABSLBANETF,20210106,320,320,314.11,318.24,49
ABSLNN50ET,20210106,327,328,315,327.29,376
ACC,20210106,1658,1679,1641,1674.45,1755315
ACCELYA,20210106,967.85,991.4,953.8,961,7194
ACCURACY,20210106,37.45,37.5,36.5,37.15,46341
ACE,20210106,146.65,147.8,140,142.75,488780
ADANIENT,20210106,496,500.65,484.25,490.9,3295461
ADANIGAS,20210106,375.4,377,365.6,369.4,1210896
ADANIGREEN,20210106,1100,1111,1080,1107.25,427847
ADANIPORTS,20210106,501.8,504.95,489.5,496.8,5203982
ADANIPOWER,20210106,50,51.85,49,50.7,10891911
ADANITRANS,20210106,441,459.8,437.7,454.25,1594908
ADFFOODS,20210106,642,652.3,623,632.6,45069
ADHUNIKIND,20210106,25.3,26.15,24.9,25.85,20186
ADL,20210106,35.1,36.9,35.1,35.1,3360
ADORWELD,20210106,317,320,301,304.75,230590
ADROITINFO,20210106,11.45,11.45,10.95,11.3,8500
ADSL,20210106,42.2,44,40.4,40.65,458081
ADVANIHOTR,20210106,51.9,51.9,49,49.25,15683
ADVENZYMES,20210106,328,334.7,325,327.8,199027
AEGISCHEM,20210106,256,259,251,252.9,167369
AFFLE,20210106,4036,4038,3905,3944.55,48697
AGARIND,20210106,105.8,105.8,100.2,103,12683
AGCNET,20210106,763,794.9,750,755.25,4007
AGRITECH,20210106,40.4,41,38.25,40.35,6171
AGROPHOS,20210106,16.75,16.75,15.75,16.05,150519
AHLEAST,20210106,165.85,169.75,164.45,165.25,909
AHLUCONT,20210106,264.95,266.2,260.35,261.55,118284
AHLWEST,20210106,258.95,268,257.05,260.8,1089
AIAENG,20210106,2021,2021.55,1968.05,1987.7,34882
AIRAN,20210106,18,19.35,18,18.65,48289
AJANTPHARM,20210106,1676.5,1710,1665,1702.55,204496
AJMERA,20210106,139.5,141.3,136,136.75,104696
AKASH,20210106,232.5,233.9,222,224.35,11209
AKSHARCHEM,20210106,264,272.5,263,270.45,47703
AKSHOPTFBR,20210106,7.5,8.1,7.45,8.1,1891853
AKZOINDIA,20210106,2460.1,2506.25,2415,2439,29467
ALANKIT,20210106,19.5,19.6,18.7,18.8,152017
ALBERTDAVD,20210106,449,483.4,449,465.45,145531
ALEMBICLTD,20210106,109.9,110.5,104.8,106.35,712206
ALICON,20210106,375,385.05,352.6,375.9,14064
ALKALI,20210106,50.95,54.8,49.25,53.85,281868
ALKEM,20210106,2999.95,3017.95,2972,2984.5,110942
ALKYLAMINE,20210106,5200,5610,4952,5095.3,1059873
ALLCARGO,20210106,133.7,134.6,132.2,133.05,224915
ALLSEC,20210106,285.9,294.65,281,283.55,15754
ALMONDZ,20210106,20.9,21.35,20.5,20.55,19043
ALOKINDS,20210106,22.95,23.15,22.45,22.65,8068284
ALPA,20210106,38.95,39.9,38.2,39,49815
ALPHAGEO,20210106,202.95,207.6,200.05,202.1,14522
ALPSINDUS,20210106,1.7,1.7,1.6,1.7,13572
AMARAJABAT,20210106,985,993.75,966.4,978.65,723136
AMBER,20210106,2449.95,2699,2440.25,2632.15,1263603
AMBIKCO,20210106,861,924,861,894.2,60817
AMBUJACEM,20210106,255.4,262,253.25,261.1,8653520
AMDIND,20210106,22.7,23.05,21.35,21.9,85246
AMJLAND,20210106,26.4,29.5,26.15,27.8,128075
AMRUTANJAN,20210106,566,571.2,539.1,547.45,157064
ANANTRAJ,20210106,27.15,27.3,26.25,26.7,725241
ANDHRACEMT,20210106,6.35,6.5,6.1,6.2,748283
ANDHRAPAP,20210106,217,219.7,210.55,214.05,46962
ANDHRSUGAR,20210106,323.95,334.6,320.2,331.5,244813
ANGELBRKG,20210106,355.5,361,348.7,352.95,344067
ANIKINDS,20210106,18.15,19.05,17.5,19,89716
ANKITMETAL,20210106,1.85,1.85,1.85,1.85,40736
ANSALAPI,20210106,13.55,13.55,12.35,12.35,674580
ANSALHSG,20210106,8.45,8.45,7.65,7.7,459351
ANUP,20210106,717.9,722.9,708.25,711.7,13971
APARINDS,20210106,359,359.35,350,353.35,30920
APCL,20210106,216,218.5,200.25,209.8,148764
APCOTEXIND,20210106,164,166.45,161.3,163.2,50823
APEX,20210106,308.8,313,303.1,304.8,115566
APLAPOLLO,20210106,888.95,899,879.5,891.65,762569
APLLTD,20210106,1104.4,1108,1054.8,1070.3,237232
APOLLO,20210106,122.8,123.9,121.3,121.95,84539
APOLLOHOSP,20210106,2522,2538.85,2481,2502.15,1108589
APOLLOPIPE,20210106,708,727.65,693,700.1,38570
APOLLOTYRE,20210106,187.5,189.7,183.75,186.4,6428061
APOLSINHOT,20210106,600.3,600.75,585,587.9,916
APTECHT,20210106,153.3,157.7,149,152.55,617094
ARCHIDPLY,20210106,43.7,44.7,39.4,40.15,508082
ARCHIES,20210106,14.45,14.55,14.1,14.45,170211
ARENTERP,20210106,12.95,13.3,12.15,12.2,11025
ARIES,20210106,107.6,107.6,102.55,103.45,79433
ARIHANT,20210106,24.95,26.45,23.5,24.65,4869
ARIHANTSUP,20210106,32.45,34.05,32.4,34.05,145338
ARMANFIN,20210106,715,744,695.85,708.3,14391
AROGRANITE,20210106,49.85,50.9,48.35,49,67191
ARROWGREEN,20210106,63.7,66.85,61.6,62.65,25854
ARSHIYA,20210106,23.45,23.45,23.45,23.45,17482
ARSSINFRA,20210106,32.65,32.75,30.6,31.9,162100
ARTEMISMED,20210106,217,220.95,216.1,217.1,496
ARVIND,20210106,49.6,52.45,49.25,50.95,3980543
ARVINDFASN,20210106,166.45,173.6,165.05,171.2,1619740
ARVSMART,20210106,113.95,114.7,109.45,110.95,118517
ASAHIINDIA,20210106,290,294,281,285,81422
ASAHISONG,20210106,257.9,258.7,248.6,250.05,26743
ASAL,20210106,27.45,28.1,27.25,27.25,8502
ASALCBR,20210106,330,330,315.4,321.95,68443
ASHAPURMIN,20210106,131.95,132,125.75,132,1166132
ASHIANA,20210106,105.25,107.25,103.5,104.6,121564
ASHIMASYN,20210106,13.3,13.55,12.65,12.8,134425
ASHOKA,20210106,94,95.1,92.05,93.65,1283103
ASHOKLEY,20210106,104.95,106.75,103.45,105.1,30608984
ASIANHOTNR,20210106,77,77,74,75.55,15208
ASIANPAINT,20210106,2801.3,2822.45,2780,2805.35,1697884
ASIANTILES,20210106,294.95,297.9,289.15,290.85,177524
ASPINWALL,20210106,167.05,172.05,163.45,165.4,3713
ASTEC,20210106,1296.8,1328.2,1259,1280.65,141000
ASTERDM,20210106,170.35,173.35,166.1,167.3,131426
ASTRAL,20210106,1783.5,1798,1702.05,1726.5,140067
ASTRAMICRO,20210106,126.8,127.95,123.15,123.9,410387
ASTRAZEN,20210106,4564.05,4597.65,4460,4467.95,88085
ASTRON,20210106,53.3,54.25,52.3,52.5,65108
ATFL,20210106,852,864,845.05,852.1,14898
ATLANTA,20210106,10.35,10.4,10.05,10.4,113422
ATUL,20210106,6640,6681.65,6554.8,6578.25,38716
ATULAUTO,20210106,185,189.7,183.5,186.05,135841
AUBANK,20210106,893,897,873,889.55,1308275
AURIONPRO,20210106,92.45,92.45,86.2,88.3,44148
AUROPHARMA,20210106,979.9,983.6,954.45,968.85,2720088
AUSOMENT,20210106,51.3,52.7,51,51.35,6348
AUTOAXLES,20210106,1070,1079.9,1030,1056.55,14401
AUTOIND,20210106,35.5,35.5,33.1,35,43265
AUTOLITIND,20210106,25.15,25.6,24.1,24.4,12398
AVADHSUGAR,20210106,217.2,224,216,219.9,157284
AVANTIFEED,20210106,525,530,515.05,518.75,399632
AVTNPL,20210106,50.05,54,49.85,52.85,1031080
AWHCL,20210106,361,373.5,358.05,361.2,1143788
AXISBANK,20210106,662,667.15,649.15,654.25,20829645
AXISBNKETF,20210106,314,319.45,314,317.22,4537
AXISCADES,20210106,59.8,60.3,57.7,58.15,94072
AXISGOLD,20210106,44.68,45.09,44.68,44.91,136559
AXISNIFTY,20210106,147.32,147.56,145.98,146.89,3415
AYMSYNTEX,20210106,43.9,45.25,43,43.25,34111
BAFNAPH,20210106,177.7,177.7,168.9,169.4,5646
BAGFILMS,20210106,3.25,3.4,3.15,3.15,176528
BAJAJ-AUTO,20210106,3492.65,3527,3435.9,3462.7,591620
BAJAJCON,20210106,230,231.3,216.55,224.45,334577
BAJAJELEC,20210106,624.4,646.8,621.95,629.55,300936
BAJAJFINSV,20210106,8900,8900,8636,8786.35,599193
BAJAJHIND,20210106,6.25,7.1,6.25,6.95,27690130
BAJAJHLDNG,20210106,3067,3137,3067,3108.75,31359
BAJFINANCE,20210106,5130,5168.35,4990.3,5030.3,3607923
BALAJITELE,20210106,70.9,71.65,68.5,69.2,221973
BALAMINES,20210106,1077.9,1277.75,1074.05,1221.05,1258354
BALAXI,20210106,652,652,609,616.75,3114
BALKRISHNA,20210106,20.5,21.15,20.2,21,20207
BALKRISIND,20210106,1681.95,1693.5,1656.1,1679.3,386405
BALMLAWRIE,20210106,129.5,129.75,125.05,126.25,456492
BALPHARMA,20210106,56.7,57.7,56.2,56.65,19606
BALRAMCHIN,20210106,170.2,176.2,169.75,174.2,2058925
BANARBEADS,20210106,57.25,63.9,57.25,59.95,173499
BANARISUG,20210106,1463,1574.85,1401.2,1498.45,8712
BANCOINDIA,20210106,142.9,146.7,140.6,142.6,274494
BANDHANBNK,20210106,403.95,409.25,394.6,396,9455430
BANG,20210106,31.45,31.45,29.5,29.7,10731
BANKA,20210106,62.55,62.55,57.25,62.55,23394
BANKBARODA,20210106,66,67.7,64.7,65.5,47643226
BANKBEES,20210106,320.64,321.26,317.4,319.67,608840
BANKINDIA,20210106,51,52.45,50.6,51.2,7617139
BANSWRAS,20210106,140.05,141.9,135,137.5,53345
BASF,20210106,1670,1773.95,1670,1695.6,306198
BASML,20210106,144.95,149,140.1,144.5,26135
BATAINDIA,20210106,1618,1681.95,1610,1658.3,3377267
BAYERCROP,20210106,5554,5774.25,5520.85,5678.5,76687
BBL,20210106,900.05,914,881.3,895,21406
BBTC,20210106,1299.95,1354.7,1292,1302.95,265264
BCG,20210106,8.25,8.5,8.25,8.25,4313119
BCP,20210106,7.15,7.15,6.75,6.95,393147
BDL,20210106,354.15,360.6,350.05,355.25,1290056
BEARDSELL,20210106,10.3,10.45,9.65,9.8,48881
BECTORFOOD,20210106,476,481.7,461.7,464.15,1166890
BEDMUTHA,20210106,28,28.55,26.7,26.95,28764
BEL,20210106,132,135.4,129.65,133.15,24699603
BEML,20210106,1010,1040,975.25,993.9,1438147
BEPL,20210106,148.15,159,147.15,151.7,2080224
BERGEPAINT,20210106,791.5,794.35,775.6,783,1007682
BFINVEST,20210106,300.9,302.4,293,293.75,25507
BFUTILITIE,20210106,296.95,298.5,283.9,287.55,341986
BGRENERGY,20210106,44.9,48,44.9,46.85,68317
BHAGERIA,20210106,167,168.3,162.5,163.6,60977
BHAGYANGR,20210106,36.9,36.9,34.6,35.85,65474
BHAGYAPROP,20210106,25.35,25.35,23.4,23.7,19601
BHANDARI,20210106,3,3,3,3,184386
BHARATFORG,20210106,557,559,542.1,548.3,1600465
BHARATGEAR,20210106,78.15,79.05,76.55,77.45,8633
BHARATRAS,20210106,9540,9617.95,9440,9486.8,3574
BHARATWIRE,20210106,38.55,38.6,36.6,37.45,27036
BHARTIARTL,20210106,515,531.75,513.1,525.3,30269288
BHEL,20210106,40.35,40.65,38.25,39.4,78478570
BIGBLOC,20210106,96.05,96.05,96.05,96.05,1521
BIL,20210106,153.95,156.3,149.7,152.25,4179
BINDALAGRO,20210106,20.4,22.7,20.3,21.05,692532
BIOCON,20210106,467.35,469.25,453.8,459.75,2960254
BIOFILCHEM,20210106,211.8,211.8,191.7,191.7,206995
BIRLACABLE,20210106,67.15,74.2,63.45,69.2,2207656
BIRLACORPN,20210106,733.9,747.1,728,743.9,478946
BIRLAMONEY,20210106,46.4,46.9,45.55,45.95,337911
BIRLATYRE,20210106,29.3,30.1,29.1,29.25,399103
BKMINDST,20210106,1.3,1.3,1.3,1.3,26343
BLBLIMITED,20210106,6.1,6.1,5.75,5.95,22443
BLISSGVS,20210106,200.7,207,194.7,203.2,1379569
BLKASHYAP,20210106,12.45,12.7,11.5,11.5,838062
BLS,20210106,95.7,95.7,90,94.25,445958
BLUEDART,20210106,4040,4069,3970,4005,48393
BLUESTARCO,20210106,820,823,791.55,807.95,134448
BODALCHEM,20210106,82,82.65,78.1,79.45,633239
BOMDYEING,20210106,77.15,80.2,76.6,78.4,4882590
BOROLTD,20210106,235.45,239.75,223.95,226.5,314230
BORORENEW,20210106,290,295.75,272,273.3,1435602
BOSCHLTD,20210106,13400,13620,13173.35,13302.9,65687
BPCL,20210106,392.6,396.95,382.55,387.3,8072360
BPL,20210106,23.7,23.9,23.1,23.5,139321
BRFL,20210106,12.75,12.8,12.05,12.15,253943
BRIGADE,20210106,258.6,258.6,250,251.45,153202
BRITANNIA,20210106,3568,3602,3510,3539.7,1099588
BRNL,20210106,36.55,36.95,35.1,35.55,154304
BROOKS,20210106,75,75,70.55,70.55,51976
BSE,20210106,641,650,631.2,639.9,499879
BSELINFRA,20210106,1.4,1.4,1.4,1.4,19485
BSHSL,20210106,90.55,95.75,90,92.85,790
BSL,20210106,35.7,36.7,35,36.05,18245
BSLGOLDETF,20210106,4702.6,5051.3,4680.1,4751.2,969
BSLNIFTY,20210106,158.5,158.5,153,156.26,94
BSOFT,20210106,268.7,272.3,255.5,259.35,1887601
BURGERKING,20210106,171.15,171.9,167,168.2,2756322
BURNPUR,20210106,2.85,2.85,2.85,2.85,42904
BUTTERFLY,20210106,464.95,489.8,460.25,481.8,83900
BVCL,20210106,18.6,19.3,17.5,18.95,13289
BYKE,20210106,22.5,23,21.15,22.3,66214
CADILAHC,20210106,486,487.7,475.35,481.6,1926225
CALSOFT,20210106,10.6,11.3,10.5,10.85,79414
CAMLINFINE,20210106,127,128.8,122.1,124.25,354954
CAMS,20210106,1811.95,1822.05,1761.1,1783.9,101368
CANBK,20210106,136,137.3,128.1,132.1,39737720
CANFINHOME,20210106,488.9,499,480.3,482.7,560531
CANTABIL,20210106,382.1,387.65,378.5,379.2,142666
CAPACITE,20210106,185.15,185.15,178.05,179.65,121986
CAPLIPOINT,20210106,506,510,499.1,503.35,123683
CAPTRUST,20210106,100,104,98.05,100.15,13578
CARBORUNIV,20210106,411.4,414.2,400.3,405.05,176239
CAREERP,20210106,160.3,166.1,158.8,161.75,71557
CARERATING,20210106,531,534,509,514.15,416914
CASTEXTECH,20210106,0.7,0.7,0.65,0.7,404618
CASTROLIND,20210106,124.95,127.3,124.95,125.85,2909512
CCHHL,20210106,5.35,5.55,5.05,5.5,101061
CCL,20210106,266.6,267.95,260,260.7,246106
CDSL,20210106,529.9,533,518.05,522.25,564689
CEATLTD,20210106,1156,1174.55,1124.8,1146.05,194989
CEBBCO,20210106,23.5,23.8,21.7,22.4,224977
CELEBRITY,20210106,6.85,6.85,6.85,6.85,182736
CENTENKA,20210106,213.35,215.4,206.7,207.4,45878
CENTEXT,20210106,5.4,5.45,5.2,5.3,116524
CENTRALBK,20210106,14.1,14.2,13.9,14,5126864
CENTRUM,20210106,17,18,16.6,17.65,2034902
CENTUM,20210106,445,459.7,439.2,450.2,26057
CENTURYPLY,20210106,241.9,246,240.7,244.4,264246
CENTURYTEX,20210106,428.4,431.7,413.2,417.95,1315239
CERA,20210106,3565,3595,3421.35,3472.95,14962
CEREBRAINT,20210106,35.9,37.35,34.8,35.35,284476
CESC,20210106,632,639,620,622.55,627152
CESCVENT,20210106,334,334,314,319.05,82800
CGCL,20210106,313.3,317,309.05,315.05,55407
CGPOWER,20210106,44.3,44.6,43.05,43.25,2089386
CHALET,20210106,187.15,194.8,184.5,185.7,240710
CHAMBLFERT,20210106,242,247,238,244.95,812545
CHEMBOND,20210106,176.9,179.8,171.85,174.1,12859
CHEMCON,20210106,483,488.9,466.75,471.4,521311
CHEMFAB,20210106,152.3,153.5,145.25,147.95,10448
CHENNPETRO,20210106,110.9,113.3,107.45,108.95,1393422
CHOLAFIN,20210106,438.95,446.4,430.45,434.85,5684264
CHOLAHLDNG,20210106,594.95,597.5,574.55,586.5,508077
CIGNITITEC,20210106,388.8,395,380,381.9,48244
CINELINE,20210106,43,43.65,39.55,41.55,250440
CINEVISTA,20210106,7.6,7.6,7,7.15,23574
CIPLA,20210106,829,834.4,815.25,824.8,3318460
CLEDUCATE,20210106,66.1,70.2,64.9,69.2,132146
CLNINDIA,20210106,374.85,385,372.4,377.35,109850
CMICABLES,20210106,43.45,43.45,41.15,41.6,13468
CNOVAPETRO,20210106,7.3,7.95,7.3,7.45,3677
COALINDIA,20210106,135.4,137.3,133.8,135.1,14133415
COCHINSHIP,20210106,389.5,392.25,381,384.45,507498
COFORGE,20210106,2885,2909.55,2761,2801.55,436993
COLPAL,20210106,1605,1615,1585.3,1597.6,498253
COMPINFO,20210106,16.3,17.4,16.1,17.15,942750
COMPUSOFT,20210106,9.8,10.15,9.25,9.85,205540
CONCOR,20210106,420,444.9,417,433.95,11715662
CONFIPET,20210106,39.4,43,38.5,39.7,1886397
CONSOFINVT,20210106,48.95,48.95,40.7,45.3,28234
CONTROLPR,20210106,253.75,257,245.05,249.6,14037
CORALFINAC,20210106,23.25,23.85,23.1,23.6,38563
CORDSCABLE,20210106,48.95,50,47.3,47.75,151791
COROMANDEL,20210106,826.75,826.75,808,815.7,564177
COSMOFILMS,20210106,442.1,455,440,443.65,55849
COUNCODOS,20210106,4,4,3.9,4,142785
CPSEETF,20210106,20.88,21.11,20.62,20.92,3986407
CREATIVE,20210106,115.95,116.95,111,113.3,32348
CREATIVEYE,20210106,4.2,4.2,3.9,3.95,76466
CREDITACC,20210106,767,774.1,757.55,764.7,57619
CREST,20210106,103.55,109.5,99.6,103.85,153374
CRISIL,20210106,1944.1,1949.95,1900,1913.75,34330
CROMPTON,20210106,374.4,385.35,373.1,383.9,984770
CSBBANK,20210106,226.5,231.3,225.9,227.5,1006860
CTE,20210106,52,52.9,48.5,48.85,28315
CUB,20210106,183.95,185.95,181.2,182.65,2519586
CUBEXTUB,20210106,19.4,19.5,18.5,18.8,12312
CUMMINSIND,20210106,616,623.7,602.15,610.35,1426472
CUPID,20210106,246.6,246.85,239,240,72362
CYBERTECH,20210106,158,159,149.7,149.85,423356
CYIENT,20210106,550,551.45,523,537.45,353262
DAAWAT,20210106,58.7,59,57,57.35,1610225
DABUR,20210106,539,541.7,529.6,534.1,4825471
DALBHARAT,20210106,1124,1210,1117,1171.5,418606
DALMIASUG,20210106,143,150,142,146.85,434993
DAMODARIND,20210106,38,38,36,36.1,15715
DANGEE,20210106,129.65,131.85,127.3,128.15,10666
DATAMATICS,20210106,127,127,119.6,122.25,539269
DBCORP,20210106,84.1,85.2,82.75,83.8,265988
DBL,20210106,394.9,398.7,388.5,391.95,125433
DBREALTY,20210106,15.7,15.7,14.8,15.15,266856
DBSTOCKBRO,20210106,10.6,10.85,10.35,10.7,11801
DCAL,20210106,140.9,141.6,138,139.8,388144
DCBBANK,20210106,125.5,126.5,122,124,1954098
DCM,20210106,29.45,29.45,27.8,27.9,27742
DCMFINSERV,20210106,1.9,1.9,1.8,1.9,16351
DCMNVL,20210106,66.2,66.2,64,64.3,83505
DCMSHRIRAM,20210106,393,396.8,385.65,389.75,40758
DCW,20210106,19.2,19.25,18.7,18.9,781902
DECCANCE,20210106,369.2,380,365,371.6,76970
DEEPAKFERT,20210106,160,162.8,157.6,159,419474
DEEPAKNTR,20210106,1015.3,1041.7,1007.1,1033.1,863571
DEEPENR,20210106,46.75,46.75,45,45.65,85734
DELTACORP,20210106,158.4,161.3,155,156,3421754
DELTAMAGNT,20210106,28.2,29.4,27.5,28.95,5026
DEN,20210106,64.3,68.2,63.3,65.65,2553208
DENORA,20210106,276,288.8,265,268.7,47692
DFMFOODS,20210106,410,421,402.85,404.3,59298
DGCONTENT,20210106,15.7,15.75,14.75,15.35,80480
DHAMPURSUG,20210106,173,177,170.55,173.3,682209
DHANBANK,20210106,14.5,14.5,14.15,14.15,1252958
DHANI,20210106,317.7,320,306,309.85,617135
DHANUKA,20210106,788,815.95,784.8,793.4,175486
DHARSUGAR,20210106,5.8,6.05,5.8,6,28710
DHFL,20210106,27.1,27.1,27.1,27.1,798426
DHUNINV,20210106,266.2,273.6,258,268.2,3262
DIAMONDYD,20210106,663,675.15,660.15,666.45,3583
DICIND,20210106,404.75,409.15,396.4,403.6,10125
DIGISPICE,20210106,27.8,27.8,27.8,27.8,15070
DISHTV,20210106,13,13.3,12.5,12.75,19524647
DIVISLAB,20210106,3847,3889.3,3815.55,3879.85,486212
DIXON,20210106,14101,14874.95,14050.1,14445.35,66820
DLF,20210106,241.7,244.4,234.65,241.05,12995777
DLINKINDIA,20210106,115.7,117.5,114.35,114.85,225448
DMART,20210106,3006.45,3100,2832.8,2914.95,1112886
DNAMEDIA,20210106,0.7,0.7,0.65,0.65,15151
DOLAT,20210106,61.8,62.85,59.05,61.25,567242
DOLLAR,20210106,237,239.7,229.1,233.55,194511
DONEAR,20210106,35.1,41.75,34.85,40.6,2307431
DPABHUSHAN,20210106,90,99.4,87.05,94.15,23176
DPSCLTD,20210106,15,16.35,14.5,16.35,2413880
DPWIRES,20210106,83.15,85.9,82.35,84.8,10972
DREDGECORP,20210106,323.9,332,316.65,319.05,164472
DRREDDY,20210106,5286.9,5315,5226,5288.3,542678
DSSL,20210106,72,72,65.7,66.6,97310
DTIL,20210106,261.05,267.85,258.1,260.7,5892
DUCON,20210106,8.1,8.1,7.65,7.65,102784
DVL,20210106,71.55,78.55,71.5,72.8,56069
DWARKESH,20210106,31.3,33.85,31.3,32.25,4121793
DYNAMATECH,20210106,825.95,835,804.95,810.35,15154
DYNPRO,20210106,260.95,265,250.65,253.75,122057
EASTSILK,20210106,1.35,1.45,1.35,1.45,6125
EBANK,20210106,3266.56,3461,3266.56,3461,2
EBBETF0423,20210106,1113,1113.5,1112.52,1112.67,17524
EBBETF0425,20210106,1027.62,1028.95,1027.15,1028.41,1379
EBBETF0430,20210106,1137.6,1138.48,1137.01,1138.07,2638
EBBETF0431,20210106,1020,1022,1018.09,1021.89,34283
EBIXFOREX,20210106,507.15,516.7,501.5,504.4,7169
ECLERX,20210106,913.8,933.7,887,903.8,102531
EDELWEISS,20210106,72,72.35,70.1,70.7,1326088
EICHERMOT,20210106,2668,2672,2610,2645.35,949386
EIDPARRY,20210106,346.5,348.2,333.05,335.2,426061
EIHAHOTELS,20210106,288.7,293.7,284.6,286.75,10424
EIHOTEL,20210106,96.85,98.45,95.25,96.45,823757
EIMCOELECO,20210106,389.1,392,362.65,378.7,13916
EKC,20210106,54.1,55.85,52.5,55.25,455967
ELECON,20210106,55.85,55.9,50.8,53,1333405
ELECTCAST,20210106,23.75,23.9,22.75,23.05,1226769
ELECTHERM,20210106,124.7,126,122.1,122.85,31175
ELGIEQUIP,20210106,159.6,160,156.3,158.85,74364
ELGIRUBCO,20210106,25.2,25.9,22.8,23.3,134075
EMAMILTD,20210106,428,454.55,426.7,450.3,2684476
EMAMIPAP,20210106,105.35,108.9,104,105.1,27883
EMAMIREAL,20210106,60.35,60.35,55.1,59.35,107956
EMKAY,20210106,76.45,80.7,69.75,73.55,98900
EMMBI,20210106,85.2,86.95,82.1,82.85,46726
ENDURANCE,20210106,1415,1450,1414,1439.95,173919
ENERGYDEV,20210106,11.35,11.4,10.75,11.35,149003
ENGINERSIN,20210106,78.25,79.25,77.2,77.55,1946818
ENIL,20210106,183,185.65,170.65,176.45,320839
EPL,20210106,257.5,260.55,256.6,259.15,238863
EQ30,20210106,422,422,421,421,10
EQUITAS,20210106,68.45,69.2,67.9,68.1,1220493
EQUITASBNK,20210106,37.75,37.95,37.45,37.65,936322
ERIS,20210106,594,627,592.25,597.95,558324
EROSMEDIA,20210106,23.9,24.35,23.6,23.7,316097
ESABINDIA,20210106,1872,1940.05,1872,1893.7,12582
ESCORTS,20210106,1311.85,1325.1,1277.5,1294.4,2806134
ESSARSHPNG,20210106,10.05,10.2,9.95,10,55504
ESTER,20210106,121.8,129.2,118.95,125.15,969569
EVEREADY,20210106,213,214.95,203,207.2,448548
EVERESTIND,20210106,336.15,349,327.45,331.35,193290
EXCEL,20210106,3.3,3.35,3.05,3.05,236294
EXCELINDUS,20210106,835.2,858.7,835.2,844.85,26368
EXIDEIND,20210106,196.1,198.25,191.45,193.8,4490658
EXPLEOSOL,20210106,575,580,535.2,543.4,72926
FACT,20210106,62.65,64.25,61.1,62,393556
FAIRCHEMOR,20210106,633,647,605,628.05,18063
FCL,20210106,64.95,66,61.8,62.3,998411
FCONSUMER,20210106,8.4,8.45,8.2,8.25,6573470
FCSSOFT,20210106,1.1,1.1,1.1,1.1,2570179
FDC,20210106,332.6,335.4,329,330.15,93738
FEDERALBNK,20210106,73.1,74.2,71.45,72.7,42551006
FEL,20210106,11.4,11.45,11.1,11.2,1068873
FELDVR,20210106,14,14.5,13.8,14,81581
FIEMIND,20210106,559.95,574,554,558.5,54525
FILATEX,20210106,59.25,69.4,59.05,67.15,6105774
FINCABLES,20210106,364.8,370,363.9,368.1,485450
FINEORG,20210106,2555,2650,2537.3,2550.85,103323
FINPIPE,20210106,655,659.9,645.7,648.1,60160
FLEXITUFF,20210106,18.05,18.1,17.15,17.5,9392
FLFL,20210106,86.5,86.5,82.75,83.1,337374
FLUOROCHEM,20210106,637.9,650,611.8,620.1,368885
FMGOETZE,20210106,320,320,310,312.15,17843
FMNL,20210106,18.15,18.8,17.5,17.65,68136
FORCEMOT,20210106,1387.2,1420,1370,1382.8,67123
FORTIS,20210106,160,168.9,158.55,162.1,14196916
FOSECOIND,20210106,1322.45,1378.8,1314.85,1338.7,4804
FRETAIL,20210106,76.9,77.55,76,76.2,1758388
FSC,20210106,101.15,101.35,99.45,99.95,94662
FSL,20210106,101.9,105.7,100.55,101.8,5658423
G5,20210106,48.02,48.02,47.92,47.94,14779
GABRIEL,20210106,108.2,117,107.4,114.65,1135281
GAEL,20210106,132.5,140.05,131.7,138.35,1550048
GAIL,20210106,130.8,136,130.5,134,45548182
GAL,20210106,3.35,3.5,3.2,3.4,103450
GALAXYSURF,20210106,2218.9,2250,2185,2242.2,74141
GALLANTT,20210106,41.8,41.8,39.55,40.35,34717
GALLISPAT,20210106,37.85,38.5,36,36.55,63465
GAMMNINFRA,20210106,0.85,0.85,0.75,0.85,9706016
GANDHITUBE,20210106,272,272.95,257.95,262.1,11299
GANECOS,20210106,468.8,468.8,435.25,444.85,102039
GANESHHOUC,20210106,36.45,36.5,33.6,34.2,94895
GANGESSECU,20210106,63.95,66,61,61.75,7087
GARDENSILK,20210106,11.1,11.1,11.1,11.1,59045
GARFIBRES,20210106,2315,2340,2250,2276.55,7812
GATI,20210106,97.5,98.6,95,95.85,514885
GAYAHWS,20210106,0.8,0.8,0.75,0.8,1091273
GAYAPROJ,20210106,44.15,44.15,43,44.15,1954318
GBGLOBAL,20210106,8.05,8.1,7.9,7.9,3899
GDL,20210106,125,128.1,122.05,126.05,192764
GEECEE,20210106,86.5,88,83.95,84.55,7213
GEEKAYWIRE,20210106,70.35,70.35,66.55,67.3,11771
GENESYS,20210106,78.35,78.35,78.35,78.35,9555
GENUSPAPER,20210106,7.7,7.85,7.3,7.6,348389
GENUSPOWER,20210106,39.75,39.9,38.1,38.45,256863
GEOJITFSL,20210106,57.8,59.5,56.15,57.65,542568
GEPIL,20210106,290.15,294.4,287.1,288.5,130577
GESHIP,20210106,280.6,283,275.05,279,289814
GET&D,20210106,133,134.55,126,129.3,218713
GFLLIMITED,20210106,96.8,101.7,92.7,95.8,284801
GHCL,20210106,214.3,219,211.1,214.25,756880
GICHSGFIN,20210106,121.8,126,120.7,122.5,1854001
GICRE,20210106,142.5,143.1,138.6,139.85,418932
GILLANDERS,20210106,48.45,49.9,46.25,47.85,25569
GILLETTE,20210106,5883,5939.95,5815.15,5855.5,11782
GINNIFILA,20210106,23.6,24.2,22.85,23.2,133864
GIPCL,20210106,84.3,86,83.65,85.4,584661
GISOLUTION,20210106,3.3,3.3,3,3.15,3086
GKWLIMITED,20210106,544,570,540,561,208
GLAND,20210106,2480,2486.95,2400.15,2408.45,238280
GLAXO,20210106,1595,1605.5,1580,1600.1,31045
GLENMARK,20210106,518,525.6,511.15,520.25,2171228
GLFL,20210106,2.7,2.7,2.7,2.7,28759
GLOBAL,20210106,69,69,65,65.15,11337
GLOBE,20210106,66.5,67.5,63,63,19337
GLOBOFFS,20210106,9.8,9.85,9.2,9.7,52110
GLOBUSSPR,20210106,323,329,315,318.2,177735
GMDCLTD,20210106,61.7,62.15,58.5,59.35,3771097
GMMPFAUDLR,20210106,3772,4050,3750,3861.6,276700
GMRINFRA,20210106,27.2,27.35,26.4,26.75,15535397
GNA,20210106,303,308.5,292.55,297.95,175849
GNFC,20210106,229,230.8,222.45,224.15,648808
GOACARBON,20210106,277.9,277.9,271.3,272.8,9976
GOCLCORP,20210106,205.5,208.75,199,200.85,13414
GODFRYPHLP,20210106,978,992.5,957,965.9,105200
GODHA,20210106,43,43,39.95,40.2,3796
GODREJAGRO,20210106,541,543.5,531.3,535.05,175560
GODREJCP,20210106,763,763,738.55,744.7,2741990
GODREJIND,20210106,423.5,427.25,421.5,422.75,200672
GODREJPROP,20210106,1418,1472.85,1408.05,1460.6,1804361
GOKEX,20210106,93,94.2,90.2,91.8,269831
GOKUL,20210106,18.2,18.85,17.6,18.15,67528
GOKULAGRO,20210106,24.2,26.65,24.15,25.5,2138574
GOLDBEES,20210106,44.98,45.19,44.8,45.16,5091194
GOLDENTOBC,20210106,52,52.55,49.5,50.1,31882
GOLDIAM,20210106,233.5,252.8,230.45,233,531358
GOLDSHARE,20210106,5012.3,5012.3,4590.2,4622.75,1433
GOLDTECH,20210106,11.1,11.45,11,11.1,76062
GOODLUCK,20210106,58.45,69.5,57.6,69.5,3062019
GOODYEAR,20210106,994,994,964.2,976.95,13674
GPIL,20210106,540,541.7,510.2,517.75,193371
GPPL,20210106,95.2,95.75,91.8,92.4,714064
GPTINFRA,20210106,46.3,46.3,43.8,44.4,95917
GRANULES,20210106,357,363,353,357.95,1062823
GRAPHITE,20210106,313.95,315,303,307.6,1040019
GRASIM,20210106,960,989.5,955.05,984.6,2162883
GRAVITA,20210106,85,87,81.8,83.3,361239
GREAVESCOT,20210106,100,102,94.75,96.85,3776170
GREENLAM,20210106,840,857.4,820.3,847.15,24345
GREENPANEL,20210106,131.55,135.35,129.2,135.35,328431
GREENPLY,20210106,128.85,131.5,127,128.85,780777
GREENPOWER,20210106,3.15,3.15,3.05,3.15,12245972
GRINDWELL,20210106,772,785,722.55,746.2,130157
GROBTEA,20210106,937,960,918.05,926.15,869
GRPLTD,20210106,916.05,935,890.25,903.5,1717
GRSE,20210106,197.45,202.65,193.5,196.05,302024
GSCLCEMENT,20210106,37.45,37.85,36.55,37.55,411741
GSFC,20210106,83,84.35,81.25,82.1,2701788
GSPL,20210106,218.15,219.2,212.1,213.15,1638511
GSS,20210106,69.65,69.65,56.5,57.3,1845833
GTL,20210106,7.35,7.35,7.35,7.35,42748
GTLINFRA,20210106,0.9,0.9,0.9,0.9,7512526
GTNIND,20210106,13.25,14.2,13.25,13.55,6308
GTNTEX,20210106,6.95,7,6.8,6.8,19071
GTPL,20210106,131,152.5,130.25,143.15,1231574
GUFICBIO,20210106,134.2,134.45,125.55,127.3,351127
GUJALKALI,20210106,347.25,351.3,343,344.45,162362
GUJAPOLLO,20210106,204.55,205,200,200.2,5445
GUJGASLTD,20210106,393.3,396.95,380,386.3,919295
GUJRAFFIA,20210106,15.45,16.8,15.45,16.15,2725
GULFOILLUB,20210106,735,735,713.1,719.55,29683
GULFPETRO,20210106,47,47.75,45.5,45.75,156508
GULPOLY,20210106,86.7,88,84,84.25,132678
HAL,20210106,934,960.45,930,943.8,1650561
HAPPSTMNDS,20210106,345,348.9,333.25,338.2,1672790
HARITASEAT,20210106,475,480.05,472.05,475,3234
HARRMALAYA,20210106,120.8,121.7,116.3,116.6,139139
HATHWAY,20210106,33.2,34.35,32.5,33.3,1615612
HATSUN,20210106,728.95,728.95,717,718.05,39738
HAVELLS,20210106,945,953.65,934.05,945.9,2633011
HAVISHA,20210106,1,1,1,1,58220
HBANKETF,20210106,317.1,318.5,315.41,317.6,6005
HBLPOWER,20210106,39.45,39.45,36.9,37.85,1231743
HBSL,20210106,6.85,6.9,6.85,6.9,503
HCC,20210106,9.25,9.6,9.1,9.45,16641006
HCG,20210106,164.6,164.6,160,160.5,60945
HCL-INSYS,20210106,9.85,9.95,9.25,9.75,2722701
HCLTECH,20210106,997.9,998,966.1,978.2,5995748
HDFC,20210106,2664.7,2665,2619,2638.85,3401085
HDFCAMC,20210106,3119.1,3138.95,3052.5,3099.8,366690
HDFCBANK,20210106,1435,1440,1413.1,1420.55,11067025
HDFCLIFE,20210106,713,720.5,705.4,719.05,3582162
HDFCMFGETF,20210106,4604.4,4649.9,4592,4624.9,14883
HDFCNIFETF,20210106,1496,1498.63,1482.31,1494.03,1273
HDFCSENETF,20210106,5115,5163.86,5105,5134.24,141
HEG,20210106,948,955.5,925,930.85,480227
HEIDELBERG,20210106,229.9,231.75,225,228.8,303519
HEMIPROP,20210106,92.4,92.85,88.4,89.95,2925371
HERCULES,20210106,121.45,138.6,121.1,136.45,2363657
HERITGFOOD,20210106,296,318,291.7,297.6,136201
HEROMOTOCO,20210106,3081.3,3123.6,3046,3083.55,1370394
HESTERBIO,20210106,1698.75,1733,1672,1680.4,16509
HEXATRADEX,20210106,39,39,39,39,9666
HFCL,20210106,27.3,27.65,25.9,26.75,12116337
HGINFRA,20210106,241.9,247,236,238.55,181223
HGS,20210106,1154,1200,1143.5,1168.85,49774
HIKAL,20210106,177,181.95,174,177.3,1001922
HIL,20210106,2252.05,2299.05,2189.95,2261.1,9877
HILTON,20210106,13.1,13.1,13.1,13.1,57887
HIMATSEIDE,20210106,150,153.8,145,150.8,460827
HINDALCO,20210106,250.75,260,247.75,259.05,18029077
HINDCOMPOS,20210106,228.15,234.5,226.7,231.3,26070
HINDCOPPER,20210106,62.25,63,59.4,62,3069513
HINDMOTORS,20210106,7.55,8.2,7.45,7.85,1223302
HINDNATGLS,20210106,35.05,35.25,33.25,34.25,22838
HINDOILEXP,20210106,88.25,89.4,85.95,86.75,1051848
HINDPETRO,20210106,224,226,217.25,220.95,7500657
HINDUNILVR,20210106,2445.8,2450,2401.6,2417.3,1641627
HINDZINC,20210106,257.25,279.9,256.95,275.1,8436991
HIRECT,20210106,160,180.15,158.95,173.1,1576854
HISARMETAL,20210106,87.25,90.25,83.5,84.85,101859
HITECH,20210106,199.1,219.6,198.85,212.9,171243
HITECHCORP,20210106,116.75,123.05,113.85,119.2,12160
HITECHGEAR,20210106,160.9,164.9,158.5,161.5,10467
HLVLTD,20210106,5.55,6.6,5.4,6.6,2746246
HMVL,20210106,59.65,61,57.2,58.9,166155
HNDFDS,20210106,1589,1590,1542.3,1552.85,15023
HNGSNGBEES,20210106,369.9,390,341.5,356.58,2080
HONAUT,20210106,37450,38250,37233,37804.3,6432
HONDAPOWER,20210106,1042.2,1068.65,1042.2,1050.05,15001
HOTELRUGBY,20210106,1.15,1.2,1.15,1.2,1200
HOVS,20210106,45.45,46.3,45,45.85,26687
HPL,20210106,44,46.7,43,44.85,699624
HSCL,20210106,46.35,48.5,45.85,47.7,15430150
HSIL,20210106,121.25,123.15,117.5,118.8,187767
HTMEDIA,20210106,16.4,18.2,15.85,18.2,1853822
HUBTOWN,20210106,20.05,20.05,18.9,20.05,261887
HUDCO,20210106,43.15,45.3,42.5,43.35,9427009
HUHTAMAKI,20210106,323,325.75,311.3,316.85,113647
IBMFNIFTY,20210106,142.75,142.75,137.18,138.95,968
IBREALEST,20210106,79,80.85,77.2,78.4,5918487
IBULHSGFIN,20210106,220,227,215.85,220,27782084
ICEMAKE,20210106,105.8,105.8,99,100.15,28922
ICICI500,20210106,198,199.89,189,192.22,2863
ICICIALPLV,20210106,149.25,158,137.15,140.65,12047
ICICIB22,20210106,32.6,32.94,32.31,32.71,410211
ICICIBANK,20210106,538.75,550.6,535.85,546.7,28178838
ICICIBANKN,20210106,327.7,327.7,314.15,315.92,4944
ICICIBANKP,20210106,172.65,173.9,171.45,172.4,13446
ICICIGI,20210106,1589,1626.45,1575.55,1611.7,1321608
ICICIGOLD,20210106,45.74,46.49,45.66,46.01,140987
ICICILIQ,20210106,1000,1000,999.99,999.99,28629
ICICILOVOL,20210106,103.7,137,103.7,115.35,31810
ICICIM150,20210106,97,97,81.05,82,20394
ICICIMCAP,20210106,82.8,82.8,81.5,81.94,7904
ICICINF100,20210106,168.3,168.3,153.01,154.07,5129
ICICINIFTY,20210106,157.45,157.45,149,150.3,72029
ICICINV20,20210106,77.7,87,72.2,73.3,33772
ICICINXT50,20210106,35.2,35.2,34,34.22,38435
ICICIPRULI,20210106,512,518.85,504.15,510.4,2500109
ICICISENSX,20210106,522.9,523.6,515,520,2259
ICICITECH,20210106,259,268,253.54,255.38,25326
ICIL,20210106,149.5,151.7,144.15,147.15,197228
ICRA,20210106,2943.65,2969.55,2881,2903.55,4244
IDBI,20210106,32,32.15,31.55,31.7,6173139
IDBIGOLD,20210106,4701.85,4709,4670,4704.25,254
IDEA,20210106,12,12.25,11.5,11.85,374712576
IDFC,20210106,38.25,38.7,36.9,38.25,12577233
IDFCFIRSTB,20210106,39.75,42.85,38.5,41.4,80681106
IDFNIFTYET,20210106,151,159,143.6,147.27,2787
IEX,20210106,220,224.5,220,222,649643
IFBAGRO,20210106,474.55,475.75,457,458.1,31296
IFBIND,20210106,1210,1215.75,1150,1160.6,61679
IFCI,20210106,9.55,9.8,9.35,9.45,9908252
IFGLEXPOR,20210106,265,290,265,269.6,98443
IGARASHI,20210106,380,387.15,353.8,364.15,364803
IGL,20210106,522.85,545.3,521,542.4,7179407
IGPL,20210106,420,423.1,403.15,409.35,71109
IIFL,20210106,116.35,118.8,114.65,115.8,995585
IIFLSEC,20210106,50.35,51.45,48.15,49,1334092
IIFLWAM,20210106,1079,1080,1022,1027.95,25376
IITL,20210106,73.75,73.75,70.6,72.7,386
IMAGICAA,20210106,6.35,6.35,6.05,6.15,124910
IMFA,20210106,298,298,284.45,289.6,47023
IMPAL,20210106,574.85,590,571.2,574.3,2487
INDBANK,20210106,12.25,12.35,11.7,11.9,210096
INDHOTEL,20210106,124.15,125.3,122.5,123.35,1061107
INDIACEM,20210106,175.7,175.95,168,172.7,3882156
INDIAGLYCO,20210106,327.8,343.35,324.85,338.15,542159
INDIAMART,20210106,7250.4,7599,7010,7084.55,222682
INDIANB,20210106,88.4,89.85,87,87.75,2423058
INDIANCARD,20210106,141.5,150.05,141.3,142.95,14036
INDIANHUME,20210106,198,209.6,198,202.05,607930
INDIGO,20210106,1731.45,1743,1708.85,1732.5,1039152
INDLMETER,20210106,17.45,19.1,17.45,19,3133
INDNIPPON,20210106,355.4,360.7,346.65,348.95,18407
INDOCO,20210106,320,326.5,314,322.55,317984
INDORAMA,20210106,44,44.35,42.4,42.4,135423
INDOSTAR,20210106,337.6,341.15,326.15,328.7,39124
INDOTECH,20210106,114.55,117.8,109,111.05,24282
INDOTHAI,20210106,31,31.85,30.45,31.8,22479
INDOWIND,20210106,5.25,5.25,5.25,5.25,33216
INDRAMEDCO,20210106,60.55,60.6,58.25,58.75,377407
INDSWFTLAB,20210106,72,75.6,72,75.6,174949
INDTERRAIN,20210106,43.5,44.4,40.2,41.5,1539847
INDUSINDBK,20210106,924.95,936.75,909.4,922.35,9768197
INDUSTOWER,20210106,256.5,270.75,255.15,261.35,9036353
INEOSSTYRO,20210106,829.8,848,821,836.55,35790
INFIBEAM,20210106,86,86.95,82,82.75,839837
INFOBEAN,20210106,158.75,159,145.9,146.1,43870
INFRABEES,20210106,388.95,388.95,383.94,387.04,587
INFY,20210106,1300,1302,1268.05,1282.1,7161715
INGERRAND,20210106,647.05,651.9,635.95,638.8,20101
INOXLEISUR,20210106,317.9,340.85,317,333.55,5010108
INOXWIND,20210106,67.9,68.55,64.2,64.95,346399
INSECTICID,20210106,470,481.95,466,467.25,43995
INSPIRISYS,20210106,34.2,35.05,33.05,33.6,24353
INTEGRA,20210106,1.5,1.5,1.4,1.4,7726
INTELLECT,20210106,333,342.5,321.5,324.1,729416
INTENTECH,20210106,43.55,45.5,42.5,43.05,69876
INVENTURE,20210106,16.75,17.15,16.5,16.85,14376
IOB,20210106,11.45,11.45,11.1,11.15,3841684
IOC,20210106,93.35,95.6,93.2,94.1,24710986
IOLCP,20210106,744.95,763.8,736,744.2,394114
IPCALAB,20210106,2163.15,2186,2133.75,2147.55,280992
IRB,20210106,115.25,117,113.2,114,797846
IRCON,20210106,92.1,94.1,91.05,92.15,10991792
IRCTC,20210106,1461.95,1514.9,1449,1483.45,4244765
ISEC,20210106,459.95,468.4,450.5,453.45,436116
ISFT,20210106,82.05,83.75,81.05,83.75,34184
ISMTLTD,20210106,11.55,11.9,11.3,11.5,368024
ITC,20210106,211.45,211.5,204.5,205.4,49067837
ITDC,20210106,330,333.35,320,323.9,73308
ITDCEM,20210106,66.75,67.35,62.2,64.1,850729
ITI,20210106,128.4,130.3,126,128.3,533522
IVC,20210106,5.55,5.55,5.15,5.4,256784
IVP,20210106,79,82.35,76.3,78,1612
IVZINGOLD,20210106,4725,4725,4655,4699.75,134
IVZINNIFTY,20210106,1537,1537,1528.55,1534.35,4
IZMO,20210106,48.3,48.3,46.5,46.9,21680
J&KBANK,20210106,24.7,25.2,23.8,23.9,5263834
JAGRAN,20210106,46.1,46.45,44.6,45.2,773552
JAGSNPHARM,20210106,83.5,88.85,79.15,83.55,228940
JAIBALAJI,20210106,21.5,22.55,20.45,20.55,89807
JAICORPLTD,20210106,94.65,96,91.7,93.4,1096909
JAMNAAUTO,20210106,62,62.2,59.8,60.15,861737
JASH,20210106,242,242,225,227.6,8131
JAYAGROGN,20210106,116,120.95,116,119.35,19876
JAYBARMARU,20210106,254.65,261.8,249,251.4,127790
JAYNECOIND,20210106,6.3,6.35,5.95,6.35,260747
JAYSREETEA,20210106,72.9,73.2,70.6,71.3,107488
JBCHEPHARM,20210106,1067,1067,1051,1056.55,124727
JBFIND,20210106,14,14,13.6,13.6,88680
JBMA,20210106,288.85,322.9,287.4,313.05,391527
JCHAC,20210106,2805,2842.5,2656.85,2709.05,26462
JHS,20210106,23.45,24.15,22.7,22.95,76388
JINDALPHOT,20210106,24.3,26.45,24.3,25.1,6292
JINDALPOLY,20210106,465.7,468,451.2,453.2,20703
JINDALSAW,20210106,82.75,84.25,79.2,82.3,3610696
JINDALSTEL,20210106,285.95,290.6,278.15,284.2,12378749
JINDRILL,20210106,89.8,92.6,88.6,89.5,87213
JINDWORLD,20210106,63.5,64,59.35,60.35,267697
JISLDVREQS,20210106,13.45,14.3,13.45,14.3,603608
JISLJALEQS,20210106,21.35,21.35,21.35,21.35,1633150
JITFINFRA,20210106,12.5,12.8,11.9,12,2695
JIYAECO,20210106,7.2,7.35,7.15,7.25,148303
JKCEMENT,20210106,2100,2210,2050,2186.75,183987
JKIL,20210106,145.9,147.35,138.15,142,409937
JKLAKSHMI,20210106,344.9,346.95,337,341.65,552133
JKPAPER,20210106,128.7,132,123.6,125.35,4052295
JKTYRE,20210106,77.75,78.3,75.9,76.3,1680599
JMA,20210106,32.1,32.6,30.45,32.05,21001
JMCPROJECT,20210106,67.35,71.4,66.85,68.4,751698
JMFINANCIL,20210106,86.9,92.9,86.4,91.3,10553487
JMTAUTOLTD,20210106,3.55,3.55,3.55,3.55,151247
JOCIL,20210106,182.95,182.95,176.2,178.35,8503
JPASSOCIAT,20210106,7.9,8.05,7.8,8.05,31618116
JPINFRATEC,20210106,2.05,2.1,2,2,1925242
JPOLYINVST,20210106,22.9,24.4,22.4,23.95,1084
JPPOWER,20210106,3.35,3.4,3.15,3.25,42471546
JSL,20210106,88.8,92,85.7,87.5,4061972
JSLHISAR,20210106,152.65,159,148.05,153.7,1329471
JSWENERGY,20210106,68,68.5,66.8,67.3,2832539
JSWHL,20210106,3824.75,3849.95,3700,3736.05,1443
JSWISPL,20210106,32.95,33.5,31.5,33.5,1260315
JSWSTEEL,20210106,397.2,407.35,395.75,401.7,7910567
JTEKTINDIA,20210106,95.9,96.85,88.15,91.45,963706
JUBILANT,20210106,876,920,866.25,908.8,1269814
JUBLFOOD,20210106,2800,2856.05,2747.1,2788.6,1028625
JUBLINDS,20210106,272,272,244,251.55,136840
JUMPNET,20210106,14.25,14.25,14.25,14.25,49072
JUNIORBEES,20210106,359,359,347.95,353.29,87070
JUSTDIAL,20210106,744.85,765.85,695,722.6,4278323
JYOTHYLAB,20210106,149.95,151.5,146.6,147.4,322999
KABRAEXTRU,20210106,99.25,102.4,97.2,98.65,61319
KAJARIACER,20210106,709,715.45,705,710.75,203117
KAKATCEM,20210106,197,198.45,191.1,193.65,27757
KALPATPOWR,20210106,321,333.9,318,327.05,929063
KALYANIFRG,20210106,165,165,157.25,161.95,677
KAMATHOTEL,20210106,39.4,39.4,37.65,38,60595
KAMDHENU,20210106,131.85,137.8,128.75,131.55,157410
KANANIIND,20210106,4,4.1,3.8,4.1,61531
KANORICHEM,20210106,65,72.95,65,69.2,2119560
KANPRPLA,20210106,133.95,133.95,128,129.95,13766
KANSAINER,20210106,625.1,632,609,612.75,254479
KAPSTON,20210106,111.8,111.8,106,110,932
KARDA,20210106,126.8,127,122.5,123.1,12460
KARMAENG,20210106,14.3,16.65,13.8,16.65,28620
KARURVYSYA,20210106,48.2,48.9,47,47.7,2311230
KAUSHALYA,20210106,1.8,1.8,1.8,1.8,4561
KAYA,20210106,271.1,274,267.05,270.4,33331
KCP,20210106,74.85,75.75,72.25,73.25,280152
KCPSUGIND,20210106,17.35,17.95,17.3,17.8,906411
KDDL,20210106,227.45,270,213.4,254.25,38038
KEC,20210106,380,382,370,370.65,341791
KECL,20210106,16.4,16.7,15.7,16.1,231487
KEERTI,20210106,24.6,26.5,24.5,25.5,8324
KEI,20210106,467.05,490,467.05,479.55,363530
KELLTONTEC,20210106,72,72.85,67.25,68.3,1741610
KENNAMET,20210106,878.45,879.4,852,862.35,4913
KERNEX,20210106,32.5,32.5,29.55,29.55,16986
KESORAMIND,20210106,64.3,65.9,63,64.55,688877
KEYFINSERV,20210106,82.95,82.95,77.15,78.9,7465
KHADIM,20210106,125,128.9,123.15,124.8,239550
KHAICHEM,20210106,28,28.45,26.85,27.1,244393
KHANDSE,20210106,20.8,20.9,20.8,20.8,23331
KICL,20210106,1469.45,1508.95,1458.85,1464.7,1270
KILITCH,20210106,97.5,99,94.15,96.9,8265
KINGFA,20210106,641,654.85,625.3,629.85,6897
KIOCL,20210106,139.9,139.9,134.15,134.8,106066
KIRIINDUS,20210106,530.5,533.6,518,522.65,122970
KIRLFER,20210106,146.6,151,141.55,143.7,86343
KIRLOSBROS,20210106,136,144,134.55,139.45,528177
KIRLOSENG,20210106,131,132.75,126.75,129.65,279087
KIRLOSIND,20210106,796.25,807.95,784.95,791,4623
KITEX,20210106,112,116.8,111.75,113.7,580209
KKCL,20210106,955,979,902,936.5,4596
KMSUGAR,20210106,11.9,12.45,11.8,12.05,716633
KNRCON,20210106,339.5,341.5,333,336.8,283132
KOKUYOCMLN,20210106,69.75,69.75,66.2,67.75,259253
KOLTEPATIL,20210106,253.75,270,252.05,257.8,789564
KOPRAN,20210106,139,141.75,135,137.1,210592
KOTAKBANK,20210106,1973.9,1979,1948.4,1970.4,3452515
KOTAKBKETF,20210106,320.52,322.89,318.13,321.47,20425
KOTAKGOLD,20210106,450.5,453,448.25,452.3,48598
KOTAKNIFTY,20210106,147.82,148.59,146.9,147.5,143047
KOTAKNV20,20210106,76,76,74.75,75.71,4305
KOTAKPSUBK,20210106,179.73,182.6,177,178.65,31076
KOTARISUG,20210106,18.8,19.45,18.6,18.95,124073
KOTHARIPET,20210106,24.7,25.5,23.35,23.95,210516
KOTHARIPRO,20210106,75.55,77.6,72.3,72.9,13392
KPITTECH,20210106,144.25,145.45,133.3,136.4,1817053
KPRMILL,20210106,877.2,880,848.8,866.25,60507
KRBL,20210106,248,252,242.1,243.6,599613
KREBSBIO,20210106,126.3,126.3,114.35,116.8,78431
KRIDHANINF,20210106,4.65,4.7,4.35,4.4,196454
KRISHANA,20210106,73.15,76.7,70,70.1,2069
KSB,20210106,651.9,658,640,643.1,18246
KSCL,20210106,531.9,539.9,518.7,527.2,471218
KSL,20210106,286,287.9,277.15,282,171752
KTKBANK,20210106,62.15,63.85,62.05,62.75,11051025
KUANTUM,20210106,55.75,57.3,54.95,55.85,25539
KWALITY,20210106,3.55,3.6,3.5,3.6,826853
L&TFH,20210106,102.45,106.35,100.55,102.75,28864010
LALPATHLAB,20210106,2387,2405.05,2327,2352,182407
LAMBODHARA,20210106,48.25,49.2,47.5,48.05,21140
LAOPALA,20210106,235,242.8,234.95,238.95,404233
LASA,20210106,88.7,88.7,85.25,86.3,105299
LAURUSLABS,20210106,360.4,363.9,353,355.7,2428903
LAXMIMACH,20210106,4812.6,4895,4654.5,4754.6,7721
LEMONTREE,20210106,44.25,45,42.8,43.45,2293235
LFIC,20210106,73,75.65,73,74.25,1195
LGBBROSLTD,20210106,303.5,305,293,297.6,61724
LGBFORGE,20210106,3.85,3.95,3.7,3.75,76888
LIBAS,20210106,34.9,34.95,33.5,33.95,54975
LIBERTSHOE,20210106,149.95,155.4,149,150.55,335875
LICHSGFIN,20210106,395.95,417.85,394.95,408.3,11763166
LICNETFGSC,20210106,22.14,22.16,21.94,22.05,7032
LICNETFN50,20210106,145.63,145.63,142.01,142.62,885
LICNETFSEN,20210106,511.79,511.79,485.6,507.58,346
LICNFNHGP,20210106,140.1,143.5,140.1,141,487
LIKHITHA,20210106,205.1,206.5,195,200.35,464784
LINCOLN,20210106,246,250.9,241.45,245.25,216736
LINCPEN,20210106,178.25,181.3,177.55,177.95,6815
LINDEINDIA,20210106,982,1019.75,978,1005.5,202687
LIQUIDBEES,20210106,1002.3,1002.3,999.15,999.99,845047
LIQUIDETF,20210106,1000.04,1000.04,999.99,1000,3932
LOKESHMACH,20210106,36,43.1,35.9,42.95,997713
LOTUSEYE,20210106,33.4,35,33.4,34.05,22029
LOVABLE,20210106,94.05,95.55,91,92.9,23110
LPDC,20210106,1.8,1.8,1.75,1.8,8616
LSIL,20210106,1.1,1.1,1,1,4989520
LT,20210106,1308,1330,1300,1314,4615963
LTI,20210106,4147,4159,3935,3956.9,597076
LTTS,20210106,2528,2620,2415,2492.35,335490
LUMAXIND,20210106,1402.05,1414.9,1385,1395.4,7350
LUMAXTECH,20210106,134.9,138.9,131.25,133.75,297980
LUPIN,20210106,1039.95,1039.95,991,1000.6,5558602
LUXIND,20210106,1662.8,1709.7,1645.25,1650.4,47763
LYKALABS,20210106,34.6,34.8,32.45,32.45,88977
LYPSAGEMS,20210106,5,5.25,5,5.25,16444
M&M,20210106,741,746.45,730.45,736.1,3601608
M&MFIN,20210106,185.4,191,184.7,188.55,11360129
M100,20210106,26,26,22.53,23.25,1065953
M50,20210106,138.95,139,137.75,138.48,2416
MAANALU,20210106,127.6,127.6,118.55,120.05,51995
MACPOWER,20210106,111.5,119.1,111,115.6,16663
MADHAV,20210106,42.5,46,42.5,44.8,258592
MADHUCON,20210106,6,6,5.7,5.75,45539
MADRASFERT,20210106,21.95,21.95,20.8,21.1,402696
MAESGETF,20210106,25.27,25.27,24.3,24.44,4176
MAGADSUGAR,20210106,115.6,120.75,115.6,118.45,38468
MAGMA,20210106,42.5,43.35,41.85,42.15,880125
MAGNUM,20210106,4.95,5.05,4.75,5,35560
MAHABANK,20210106,13.5,13.7,13.2,13.35,2206217
MAHAPEXLTD,20210106,105,106.95,98.5,99.7,9145
MAHASTEEL,20210106,109,109,102,106.6,92962
MAHEPC,20210106,160.6,161.55,154.85,157.4,138693
MAHESHWARI,20210106,94.2,94.2,90.05,92.85,59667
MAHINDCIE,20210106,174,174.65,169.05,171.6,104434
MAHLIFE,20210106,370,375,367.05,372.3,111571
MAHLOG,20210106,420,424.95,420,422.15,23086
MAHSCOOTER,20210106,3778,3815,3725,3739.75,4277
MAHSEAMLES,20210106,323.9,329.9,319.85,325,88647
MAITHANALL,20210106,643.65,659.9,625.1,642.25,135385
MAJESCO,20210106,18.7,18.7,18.7,18.7,109569
MALUPAPER,20210106,30.6,30.6,29.05,30.1,22253
MAN50ETF,20210106,144.93,145.21,143.5,144.41,6858
MANAKALUCO,20210106,9.5,10.25,9.5,9.9,104876
MANAKCOAT,20210106,8,8.45,7.9,7.95,33710
MANAKSIA,20210106,59.95,59.95,56.5,57.55,67619
MANAKSTEEL,20210106,29.6,29.6,28,28.65,376443
MANALIPETC,20210106,35.5,36.5,35.2,35.4,674878
MANAPPURAM,20210106,175,175.75,171.25,173.95,5773730
MANGALAM,20210106,140.5,141.5,138.1,139.25,44411
MANGCHEFER,20210106,56,58,53.15,55.15,3157658
MANGLMCEM,20210106,263.45,269.4,259,263.45,120449
MANGTIMBER,20210106,10.7,10.7,10,10.4,10644
MANINDS,20210106,86.9,87.9,81.9,84.75,607225
MANINFRA,20210106,34.35,36.9,34,35.55,3735598
MANUGRAPH,20210106,15.05,15.05,13.65,14.8,53712
MANXT50,20210106,335.18,338.75,331.44,334.69,9310
MARALOVER,20210106,28.15,30.5,28.15,29,43747
MARATHON,20210106,98.2,100.9,97.15,98.1,221207
MARICO,20210106,423,424.9,415.05,418.65,3156306
MARINE,20210106,221.65,222,210,211.35,69211
MARKSANS,20210106,60.45,61.5,59.6,60.15,1630187
MARUTI,20210106,7654,7749,7555.5,7628.6,840678
MASFIN,20210106,942.75,942.75,910,927.8,41433
MASTEK,20210106,1324.05,1384.8,1295,1364,340981
MATRIMONY,20210106,907.65,914,852.15,870.55,40196
MAWANASUG,20210106,35.75,36.4,33.9,35.85,67393
MAXHEALTH,20210106,142,144.9,141.2,143.65,331190
MAXIND,20210106,65.7,66.8,64.05,65.1,585655
MAXVIL,20210106,48.95,49.75,46.65,47.05,295128
MAYURUNIQ,20210106,313.85,317.6,308.1,313.55,94100
MAZDA,20210106,517.5,523.1,508.25,509.35,3275
MAZDOCK,20210106,226.5,227.05,216,219.3,1720088
MBAPL,20210106,67.5,71,67.5,71,9418
MBECL,20210106,6.1,6.1,5.8,6.05,72509
MBLINFRA,20210106,20.9,23,20.9,20.9,1075322
MCDHOLDING,20210106,32.5,33.3,32.2,32.5,20083
MCDOWELL-N,20210106,584,595.8,577.8,586.15,2493024
MCL,20210106,98.9,100.5,96.3,98,5981
MCLEODRUSS,20210106,23.3,23.3,22.2,22.45,274116
MCX,20210106,1773,1782.5,1710,1739.8,172471
MEGASOFT,20210106,13.4,13.6,12.4,12.4,503222
MEGH,20210106,87.1,87.95,82.5,83.4,1982648
MENONBE,20210106,51.2,53.45,51.2,53.4,126482
MEP,20210106,19.45,19.5,17.7,18.4,456513
MERCATOR,20210106,1.25,1.25,1.2,1.25,1524650
METALFORGE,20210106,6.45,6.45,6.25,6.45,29070
METROPOLIS,20210106,2112,2149,2063,2086.6,114242
MFSL,20210106,707.55,716.5,697.2,709.4,1966993
MGEL,20210106,49.35,49.4,45.35,45.65,4843
MGL,20210106,1109.9,1132.7,1100,1129.5,1462556
MHRIL,20210106,213.65,221.95,213,217.15,255854
MIDHANI,20210106,202.4,203.9,198.75,200.1,426910
MINDACORP,20210106,95.45,98.5,93.2,94.65,1860021
MINDAIND,20210106,409.95,412,390.3,395.95,143681
MINDTECK,20210106,54.2,55.9,51.75,52.6,46757
MINDTREE,20210106,1720,1724,1668,1694.85,842883
MIRCELECTR,20210106,14.15,14.15,13.8,14.15,922335
MIRZAINT,20210106,56.3,58.85,56.3,57.1,1018734
MITTAL,20210106,13.65,13.65,13.65,13.65,69610
MMFL,20210106,435,440,414.05,424.95,23048
MMP,20210106,85,89.7,84.15,85.05,34381
MMTC,20210106,30.2,30.7,28.8,29.4,4351168
MODIRUBBER,20210106,34.55,36.25,34.55,34.55,566
MOHITIND,20210106,6,6,6,6,200
MOHOTAIND,20210106,13.2,13.2,12.15,12.45,219974
MOIL,20210106,150.5,154.4,149.45,151.55,1148328
MOLDTECH,20210106,52.75,54,50.1,50.7,66756
MOLDTKPAC,20210106,289,337,285.65,319.5,487974
MONTECARLO,20210106,254.8,256.4,248.75,250.2,50514
MORARJEE,20210106,13.8,14.35,13.8,14.05,14077
MOREPENLAB,20210106,30.2,31.1,29.75,29.9,2806388
MOTHERSUMI,20210106,168.25,170.35,163.8,166.4,8255109
MOTILALOFS,20210106,613,614.9,598.55,600.75,152360
MOTOGENFIN,20210106,21.9,21.9,20.25,21.5,1709
MPHASIS,20210106,1595.55,1697.4,1586,1615.75,973000
MPSLTD,20210106,374,374,363,364.95,7640
MRF,20210106,79053,79800,77619.2,78752.25,30427
MRPL,20210106,39.85,40.3,38.35,39.25,6525603
MSPL,20210106,7.5,7.7,7,7.05,455843
MSTCLTD,20210106,173.5,191,171.55,183.8,2235295
MTEDUCARE,20210106,9.35,9.35,9,9.15,573402
MTNL,20210106,13.65,15.25,13.6,14.7,15302326
MUKANDENGG,20210106,14.05,14.75,14,14.75,20092
MUKANDLTD,20210106,71.5,76,70.5,75,1459715
MUKTAARTS,20210106,33.15,33.6,32.55,33.1,22792
MUNJALAU,20210106,61.35,63,60.25,61.05,658751
MUNJALSHOW,20210106,143.85,145.5,140.1,141.25,52614
MURUDCERA,20210106,22.65,22.85,21.7,22,207644
MUTHOOTCAP,20210106,414,414,404.45,408.2,27872
MUTHOOTFIN,20210106,1299.8,1311.05,1258.05,1280.9,2359748
N100,20210106,921.9,921.9,902.55,907.16,168023
NACLIND,20210106,45.8,47.5,44,44.35,107892
NAGAFERT,20210106,5.3,5.4,4.95,5,960542
NAGREEKCAP,20210106,5.9,6.5,5.9,6.5,2024
NAGREEKEXP,20210106,24.45,24.9,22.75,22.9,28924
NAHARCAP,20210106,94.6,94.6,90.1,91.8,8836
NAHARINDUS,20210106,53.35,53.45,50,52.75,63272
NAHARPOLY,20210106,95,95.85,92.25,94.05,56424
NAHARSPING,20210106,85,88.2,84.3,86.95,150956
NAM-INDIA,20210106,313,314.45,302.25,305.65,728278
NATCOPHARM,20210106,970,979,936.95,953.05,315429
NATHBIOGEN,20210106,268,272.5,266,270.8,64079
NATIONALUM,20210106,46.3,47.55,45.7,47.1,28977403
NATNLSTEEL,20210106,3.6,3.6,3.6,3.6,5413
NAUKRI,20210106,5500,5880,5181.05,5259.8,4159539
NAVINFLUOR,20210106,2640,2822,2623,2747.45,444372
NAVKARCORP,20210106,47.05,47.95,44.7,45.75,1521061
NAVNETEDUL,20210106,84.95,85.95,83.1,83.6,234853
NBCC,20210106,32.95,33.7,31.5,32.4,30614196
NBIFIN,20210106,1633.05,1689.65,1626,1647.15,1550
NBVENTURES,20210106,63,64.75,61.35,62.05,1549333
NCC,20210106,63.25,63.7,59.65,61.65,9829427
NCLIND,20210106,147.65,149.6,145.25,147.7,249297
NCPSESDL24,20210106,103.23,103.3,103.2,103.21,13487
NDGL,20210106,866.05,913,852,862.5,511
NDL,20210106,28.5,29.3,27.55,28.2,122685
NDRAUTO,20210106,245,250,232.5,234.8,10508
NDTV,20210106,40.75,41.6,40.2,40.85,32089
NECCLTD,20210106,10.1,10.15,9.7,9.9,27301
NECLIFE,20210106,22.65,23.45,22.35,22.6,528751
NELCAST,20210106,65.1,65.25,62.05,62.55,123641
NELCO,20210106,196.6,200,190.55,193.05,110476
NEOGEN,20210106,731.2,737,710.6,715.6,69137
NESCO,20210106,552.65,564.9,546.05,558.85,200555
NESTLEIND,20210106,18510.05,18600,18430,18515.25,57706
NETF,20210106,166.9,173.48,166.9,173.48,32
NETFCONSUM,20210106,65.88,65.88,64,64.67,3213
NETFDIVOPP,20210106,35.66,35.66,33.5,34.61,3087
NETFIT,20210106,26,26.27,25.4,25.63,1214454
NETFLTGILT,20210106,23.24,23.24,22,22.47,14914
NETFMID150,20210106,82.51,83.45,81.38,82.45,77858
NETFNIF100,20210106,147.79,148,145.35,146.49,732
NETFNV20,20210106,80,80.95,75.5,76.07,109264
NETWORK18,20210106,36.5,37.05,35.8,36.15,3105249
NEULANDLAB,20210106,1140,1164.9,1115,1139.8,66525
NEWGEN,20210106,276.95,293.8,276.95,288.3,363110
NEXTMEDIA,20210106,6.8,6.95,6.4,6.9,8046
NFL,20210106,40.65,40.85,39.25,39.45,1888500
NH,20210106,452,455,445.8,452.35,121080
NHPC,20210106,24.75,25,24.1,24.4,9786844
NIACL,20210106,129.7,129.7,126.4,126.75,323736
NIFTYBEES,20210106,159.7,159.7,145.58,151.22,1890161
NIFTYEES,20210106,17800.01,18393.38,17800.01,18393.38,5
NIITLTD,20210106,203.25,210.7,202.5,205.25,1316219
NILAINFRA,20210106,6.3,6.9,6.15,6.85,1952857
NILASPACES,20210106,1.9,1.9,1.9,1.9,175384
NILKAMAL,20210106,1548,1554.95,1520.6,1526.6,17398
NIPPOBATRY,20210106,729,729,700.95,704.05,1795
NIRAJ,20210106,45.9,48.1,45.9,47.55,14230
NITCO,20210106,26.4,26.4,25.55,25.65,58352
NITINSPIN,20210106,82.6,83.25,79,83.25,155520
NKIND,20210106,20.5,22.05,19.95,22,3939
NLCINDIA,20210106,56.45,56.65,55.25,55.6,1001817
NMDC,20210106,122,126.4,121.25,123.25,19998927
NOCIL,20210106,158.4,159.4,150.65,152.65,1607852
NOIDATOLL,20210106,6.65,7.2,6.65,7.15,125494
NORBTEAEXP,20210106,9.15,9.25,8.75,8.95,7894
NOVARTIND,20210106,691.05,694.65,680,682.65,9846
NPBET,20210106,170.06,175,170,170.36,710
NRAIL,20210106,235.9,242,225.05,228.45,40295
NRBBEARING,20210106,115,119.8,112.4,113.9,6975243
NSIL,20210106,987.05,994.95,973.05,979.85,1382
NTL,20210106,1.25,1.35,1.25,1.25,51665
NTPC,20210106,98,99,97.25,97.85,21952878
NUCLEUS,20210106,624,638,604.5,610.5,98381
NXTDIGITAL,20210106,586.85,598,570.2,573.8,3258
OAL,20210106,560,562.8,551.05,554.6,14604
OBEROIRLTY,20210106,585.6,592.95,575.05,587.55,215113
OCCL,20210106,849.95,869.95,819.5,835.35,23538
OFSS,20210106,3448.5,3480,3333.3,3364.95,65935
OIL,20210106,114.9,115.9,112.3,113,3071778
OLECTRA,20210106,138.3,140.15,134.25,139.75,1148901
OMAXAUTO,20210106,45.25,46.7,43.2,43.9,40496
OMAXE,20210106,82.55,82.55,80.05,80.8,34909
OMMETALS,20210106,21.9,22.25,21.15,21.8,147126
ONELIFECAP,20210106,7.2,7.2,7.2,7.2,211
ONEPOINT,20210106,20.45,21.05,19.05,19.35,8303
ONGC,20210106,98.9,99.3,96.25,96.95,50306161
ONMOBILE,20210106,67.6,68,64.25,64.25,427975
ONWARDTEC,20210106,106.15,108,101,102.5,149505
OPTIEMUS,20210106,92.1,92.1,89.6,90,63863
OPTOCIRCUI,20210106,5.6,5.75,5.5,5.75,569976
ORBTEXP,20210106,72.7,74.4,71.1,73.75,33750
ORCHPHARMA,20210106,149.7,149.7,149.7,149.7,57
ORICONENT,20210106,27.65,28.55,26.1,27.35,915169
ORIENTABRA,20210106,24.35,24.8,23.25,23.6,127810
ORIENTALTL,20210106,11.2,11.45,11,11,177720
ORIENTBELL,20210106,212.95,213.45,199.05,208.1,70768
ORIENTCEM,20210106,89.15,90.25,83.8,87.85,598495
ORIENTELEC,20210106,242.75,244.7,235.9,240.55,181880
ORIENTHOT,20210106,25.2,26.3,25.1,26,55495
ORIENTLTD,20210106,82.05,82.55,78,79.7,1606
ORIENTPPR,20210106,23.15,23.4,22.2,22.6,1448911
ORIENTREF,20210106,239.3,245.9,239.05,244.25,123773
ORISSAMINE,20210106,2634,2640,2535.55,2596.9,12774
ORTINLABSS,20210106,32.25,32.25,30.4,30.75,162091
OSWALAGRO,20210106,11.7,12.85,11.6,12.5,457666
PAGEIND,20210106,28790,29422.45,28407.7,28748.75,61303
PAISALO,20210106,700,712.25,690,698.8,254301
PALREDTEC,20210106,41.75,42.5,39.65,42.15,7399
PANACEABIO,20210106,236.1,238.8,229.85,230.8,191622
PANACHE,20210106,41.35,41.35,40.45,40.45,11990
PANAMAPET,20210106,103.9,105.6,99.5,100.7,115736
PARACABLES,20210106,7.75,9,7.7,8.9,1693796
PARAGMILK,20210106,113.8,114.5,110.7,111.6,441843
PARSVNATH,20210106,5.95,5.95,5.5,5.9,255746
PATELENG,20210106,14.65,14.9,14.35,14.4,584909
PATINTLOG,20210106,31.55,31.9,31,31.3,62155
PATSPINLTD,20210106,7.8,7.8,7.15,7.4,2428
PCJEWELLER,20210106,26.8,29.2,26.4,28.55,13775154
PDMJEPAPER,20210106,24,24,22.2,22.85,242402
PDSMFL,20210106,509.05,520,509,519.15,4402
PEARLPOLY,20210106,20.05,20.7,20.05,20.15,3468
PEL,20210106,1449.4,1454.5,1382,1415.45,1789303
PENIND,20210106,23.8,24.3,23.15,23.85,543887
PENINLAND,20210106,6.5,6.7,6.4,6.7,429008
PERSISTENT,20210106,1579.3,1599,1512.65,1540.85,149093
PETRONET,20210106,258.95,259.4,252.55,256.1,3053234
PFC,20210106,119.7,120.3,117.2,118.75,5847952
PFIZER,20210106,5207.4,5225,5155,5165.4,57899
PFOCUS,20210106,51.25,51.25,48.5,48.85,156689
PFS,20210106,21,21,19.75,20.15,1243362
PGEL,20210106,132.95,138.75,132.5,138.75,156517
PGHH,20210106,11042,11266.05,11042,11236.5,9145
PGHL,20210106,7020,7155.95,6902.15,6932.9,8207
PGIL,20210106,195.1,195.25,188.25,190.15,5123
PHILIPCARB,20210106,179,179.85,169.2,170.35,2090788
PHOENIXLTD,20210106,765,777,759,767.35,227096
PIDILITIND,20210106,1800.55,1800.55,1770,1795.4,588130
PIIND,20210106,2260.35,2290,2216.2,2229.15,640965
PILANIINVS,20210106,1931.2,2021,1931.2,1961.55,11487
PILITA,20210106,11.4,11.9,10.75,11.55,807667
PIONDIST,20210106,115.75,116.05,113.05,114.2,10450
PIONEEREMB,20210106,39.3,39.9,38.1,38.6,56211
PITTIENG,20210106,57.5,57.65,55.1,55.55,211919
PKTEA,20210106,208.5,215,208.5,214,146
PLASTIBLEN,20210106,258,261.1,250.55,251.7,13467
PNB,20210106,35.8,36.4,34.75,35.2,202327890
PNBGILTS,20210106,44.4,48.9,44.1,47.75,6293421
PNBHOUSING,20210106,370.9,378,364.05,366.3,241176
PNC,20210106,23.95,24.45,22.25,22.85,49389
PNCINFRA,20210106,186,186.9,170.15,175.65,11791210
PODDARHOUS,20210106,255,268.7,235.15,240.9,123317
PODDARMENT,20210106,197.45,202,192,192.9,11895
POLYCAB,20210106,1150.4,1204.95,1145,1176.1,1614440
POLYMED,20210106,519.4,527.6,505.85,512.05,91171
POLYPLEX,20210106,708.4,713.8,695,705.3,89957
PONNIERODE,20210106,165.9,169.3,165.05,165.55,5865
POWERGRID,20210106,188,197.6,187,196.15,30524202
POWERINDIA,20210106,1299.2,1311.6,1253,1265.9,49557
POWERMECH,20210106,430.1,434.45,421,427.5,34935
PPAP,20210106,263.65,270.75,258.1,262.5,41280
PPL,20210106,115.8,116,109,110.45,260534
PRABHAT,20210106,73.4,74,72.1,72.85,54062
PRADIP,20210106,0.85,0.85,0.85,0.85,436
PRAENG,20210106,10.9,10.9,10.35,10.6,36982
PRAJIND,20210106,124.2,125.75,118.6,121.95,2521982
PRAKASH,20210106,60.95,62.7,58.6,60.4,1673550
PRAKASHSTL,20210106,1.05,1.05,0.95,0.95,582853
PRAXIS,20210106,54.5,55.8,49.1,50.25,189295
PRECAM,20210106,45.75,47,44.4,45.1,278237
PRECOT,20210106,94.75,94.8,91,93.55,23108
PRECWIRE,20210106,155.05,163.2,154.25,161.2,100825
PREMEXPLN,20210106,159.8,159.8,154,155.65,22277
PREMIER,20210106,5.25,5.25,5.25,5.25,22638
PREMIERPOL,20210106,43.95,43.95,41,42.2,31072
PRESSMN,20210106,28.55,28.55,25.4,26.1,176873
PRESTIGE,20210106,276.8,286,275.3,280.9,1263689
PRICOLLTD,20210106,52.7,52.8,49.75,50.2,1090860
PRIMESECU,20210106,46.8,46.9,44.55,45.1,139534
PRINCEPIPE,20210106,301.45,302.8,291.35,294.95,360732
PRIVISCL,20210106,555,556,536,553.9,33164
PROZONINTU,20210106,22.55,23.1,21.6,22.2,501598
PRSMJOHNSN,20210106,92.5,93.75,87,88.5,1327496
PSB,20210106,13.45,13.55,13.25,13.3,418018
PSPPROJECT,20210106,420.9,421.25,410,412.75,130908
PSUBNKBEES,20210106,20.78,20.78,19.8,19.97,458651
PTC,20210106,60.45,61.15,59.75,60.2,1123245
PTL,20210106,43.9,46.65,43.9,45.5,339844
PUNJABCHEM,20210106,821,831,785.45,796.8,11044
PURVA,20210106,92,93,90.1,91.05,394244
PVR,20210106,1426,1467.9,1418.35,1438.1,2653676
QGOLDHALF,20210106,2234,2240,2225,2239.9,1149
QNIFTY,20210106,1466,1469,1459,1459,18
QUESS,20210106,528.9,542.9,520.5,525.6,174459
QUICKHEAL,20210106,172,177.3,168.8,171.15,670893
RADAAN,20210106,1.3,1.3,1.3,1.3,4836
RADICO,20210106,466,484.25,461.95,481.2,1466153
RADIOCITY,20210106,23.5,24.4,23.1,24.4,517905
RAIN,20210106,145.75,146.6,138.8,141.7,1820114
RAJESHEXPO,20210106,486.3,490,468.35,479.05,241195
RAJRATAN,20210106,446.5,447,443.55,444.15,5929
RAJSREESUG,20210106,18.25,18.65,17.3,17.65,74041
RAJTV,20210106,38.55,38.55,36.15,36.35,33826
RALLIS,20210106,292.7,299,291,297.05,1216636
RAMANEWS,20210106,15.8,16.1,15.4,15.55,94116
RAMASTEEL,20210106,61.2,61.2,61.2,61.2,12673
RAMCOCEM,20210106,796,805,786.15,802.45,972642
RAMCOIND,20210106,236,238,230.1,235.9,69472
RAMCOSYS,20210106,738,756.9,696,715.2,663052
RAMKY,20210106,53.3,54.85,50.5,50.65,103120
RANASUG,20210106,7.25,7.4,7.1,7.2,539657
RANEENGINE,20210106,277,280.7,270.05,271.9,4758
RANEHOLDIN,20210106,665.2,680.2,644,649,31428
RATNAMANI,20210106,1630,1640,1562.65,1582.2,13424
RAYMOND,20210106,349.5,355.55,342.3,346.9,1323326
RBL,20210106,785.6,785.9,774.2,776,12013
RBLBANK,20210106,252.95,270.55,252.05,264.2,49424461
RCF,20210106,55.15,55.95,53.9,54.3,2567170
RCOM,20210106,2.3,2.3,2.2,2.2,22417597
RECLTD,20210106,139.55,142.4,138.6,141.05,7154837
REDINGTON,20210106,132,133.8,130.45,131,309030
RELAXO,20210106,919,928,865,898.85,767088
RELCAPITAL,20210106,12.3,12.5,11.85,11.95,1729132
RELIANCE,20210106,1965.9,1966,1905.15,1914.25,21414270
RELIGARE,20210106,71,71.65,67.5,68.3,548802
RELINFRA,20210106,30.3,30.65,29.15,29.65,5065730
REMSONSIND,20210106,119.9,122.5,114.35,116.75,12134
RENUKA,20210106,11.85,12.9,11.85,12.5,10050128
REPCOHOME,20210106,243.5,246.9,235,239.8,542640
REPL,20210106,122.45,122.95,118.7,121.95,33440
REPRO,20210106,407.75,408.9,396.05,401.4,6852
RESPONIND,20210106,190,190.55,183.4,185.5,81689
REVATHI,20210106,640.1,652,611.6,617.2,57120
RGL,20210106,318,329.8,307,320.85,31812
RHFL,20210106,2.9,2.9,2.7,2.7,1659691
RICOAUTO,20210106,39.3,39.8,37.35,38.25,914682
RIIL,20210106,401.45,408,391,396.1,200734
RITES,20210106,280.15,285,278.2,280.55,1172179
RKDL,20210106,9.4,9.5,9.15,9.2,21294
RKEC,20210106,46.8,47.7,45.5,45.9,20477
RKFORGE,20210106,494.65,518,491.05,510.95,57782
RMCL,20210106,3.75,3.75,3.75,3.75,47302
RML,20210106,269.95,272.2,259.85,262.3,19499
RNAVAL,20210106,3.4,3.45,3.25,3.25,4317989
ROHITFERRO,20210106,1.65,1.65,1.65,1.65,4489
ROHLTD,20210106,77.3,77.85,74.3,75.6,75366
ROLLT,20210106,4.4,4.4,4.4,4.4,130722
ROLTA,20210106,6.7,6.7,6.1,6.25,1126264
ROML,20210106,58.5,58.5,58.5,58.5,2630
ROSSARI,20210106,896.6,910.15,875,881.9,211644
ROSSELLIND,20210106,127,130,125,125.25,13235
ROUTE,20210106,1180,1252,1166,1199.35,1232889
RPGLIFE,20210106,379.65,379.65,370.65,372.15,43483
RPOWER,20210106,3.95,3.95,3.65,3.7,20108536
RPPINFRA,20210106,67,70.5,65.7,66.55,189190
RSSOFTWARE,20210106,34.25,34.25,33.3,34.25,526754
RSWM,20210106,144.8,152,137.6,151.65,62331
RSYSTEMS,20210106,122,122.3,117.5,119.55,47271
RTNINFRA,20210106,7.6,7.75,7.45,7.75,705285
RTNPOWER,20210106,3.55,4,3.5,4,245932659
RUBYMILLS,20210106,198.95,213,197.2,204.1,45847
RUCHI,20210106,688,690,669,674.9,11697
RUCHINFRA,20210106,7.7,7.75,7.45,7.65,151755
RUCHIRA,20210106,66.4,68,64,66.75,75802
RUPA,20210106,303.65,315.25,297.55,302.3,235607
RUSHIL,20210106,166,182.3,156.95,181.85,206224
RVHL,20210106,27.65,29.05,26.25,27.95,188697
RVNL,20210106,27.75,29.8,26.75,28.1,66776302
S&SPOWER,20210106,9,9,9,9,200
SABEVENTS,20210106,1.05,1.05,1.05,1.05,639
SADBHAV,20210106,65,66.1,62.3,63.55,880158
SADBHIN,20210106,21.4,21.5,20.8,21.05,530466
SAFARI,20210106,528.95,595,526.3,560.6,61583
SAGARDEEP,20210106,38.15,38.15,36.95,37.2,7998
SAGCEM,20210106,663.7,674,655,666.8,88449
SAIL,20210106,78.3,79.15,75.2,76.2,56609755
SAKAR,20210106,117,117.9,110.3,113.75,78234
SAKHTISUG,20210106,10.25,10.8,10.2,10.55,175814
SAKSOFT,20210106,384.5,384.5,359.05,364.45,63991
SAKUMA,20210106,7.85,8.15,7.4,7.55,1314193
SALASAR,20210106,255,255.95,252.05,254.05,100795
SALONA,20210106,75.5,82.4,74.8,80.65,5195
SALSTEEL,20210106,4.7,4.75,4.45,4.5,84551
SALZERELEC,20210106,132.95,136.35,128.3,132.25,142991
SAMBHAAV,20210106,2.3,2.35,2.25,2.35,19269
SANCO,20210106,13.75,13.75,13.35,13.55,40544
SANDESH,20210106,645,667.95,630,635.2,2037
SANDHAR,20210106,233,234.45,226,227.5,52157
SANGAMIND,20210106,92,104,89.5,100.8,441112
SANGHIIND,20210106,34.4,34.85,32.1,32.95,2817813
SANGHVIFOR,20210106,21.7,21.7,21.7,21.7,1534
SANGHVIMOV,20210106,122.35,124.95,119.3,119.9,122752
SANGINITA,20210106,28.5,28.5,27.7,27.9,60324
SANOFI,20210106,8180,8215,8113,8139.4,13395
SARDAEN,20210106,385,390.85,368.15,377.45,102944
SAREGAMA,20210106,895,898.5,851,856.25,53231
SARLAPOLY,20210106,27.2,29.2,27.1,27.85,890560
SASKEN,20210106,827,885.9,822.7,836.35,196383
SASTASUNDR,20210106,127.7,127.7,122.15,123.35,19467
SATIA,20210106,97.85,100.85,94.35,94.7,530078
SATIN,20210106,77.5,81,75.5,81,1045113
SBICARD,20210106,918.2,975,918.2,969,7456425
SBIETFIT,20210106,265,265,253,256.15,5404
SBIETFPB,20210106,180.87,180.87,173.55,175.51,874
SBIETFQLTY,20210106,129.9,129.9,126.9,127.88,1729
SBILIFE,20210106,906.55,915,901,910.3,1214878
SBIN,20210106,283,289.15,281.4,285.05,40765708
SCAPDVR,20210106,1.55,1.6,1.45,1.5,192923
SCHAEFFLER,20210106,4632.85,4635,4536.35,4600.95,10877
SCHAND,20210106,71.35,72.5,68.55,69.1,190476
SCHNEIDER,20210106,89.5,89.5,84.6,85.65,494379
SCI,20210106,90,90.2,88.1,88.5,1951800
SDBL,20210106,32.7,33.6,31.75,31.95,249073
SEAMECLTD,20210106,489.25,501.85,474.4,477.25,127099
SELAN,20210106,129.95,141.35,129.15,134,676692
SEPOWER,20210106,3.85,3.85,3.85,3.85,24701
SEQUENT,20210106,181.8,188.8,176.5,184.05,1685352
SESHAPAPER,20210106,158.1,161.5,155.2,156.35,74097
SETCO,20210106,12.05,12.4,11.8,12.4,181815
SETF10GILT,20210106,206,206,202.55,202.6,659
SETFGOLD,20210106,4605,4629.95,4592,4625.65,19327
SETFNIF50,20210106,147.89,149.99,146,146.94,136439
SETFNIFBK,20210106,315,318.5,314.59,316.8,64190
SETFNN50,20210106,381.5,381.5,344.8,347.21,19413
SETUINFRA,20210106,1.3,1.3,1.2,1.2,474107
SEYAIND,20210106,67.45,67.75,66,66.35,23215
SFL,20210106,1894,1989,1891.55,1925.65,46086
SGL,20210106,10.5,10.5,9.8,9.9,84083
SHAHALLOYS,20210106,10.3,10.3,9.55,10.3,31182
SHAKTIPUMP,20210106,343,348.6,316,348.6,122079
SHALBY,20210106,118,129,118,127.55,4827549
SHALPAINTS,20210106,95,99,92.2,96.95,822054
SHANKARA,20210106,351.7,352,341.95,345.3,50989
SHANTIGEAR,20210106,124.6,124.6,121.5,121.6,56892
SHARDACROP,20210106,277.15,281,272.4,274.65,40979
SHARDAMOTR,20210106,2099,2164,2055,2110.25,11796
SHAREINDIA,20210106,196,204,195.95,200.95,45268
SHARIABEES,20210106,374.7,385,360.25,362.8,14334
SHEMAROO,20210106,79,80,76.1,77.55,46201
SHIL,20210106,192,194.7,175,182.2,482692
SHILPAMED,20210106,453.05,453.4,441.5,443.5,244401
SHIVAMAUTO,20210106,21.35,21.35,20,20.45,144291
SHIVAMILLS,20210106,34.65,38.7,34.55,37.25,254369
SHIVATEX,20210106,126.9,131.55,126.9,131.55,14611
SHK,20210106,123.15,124.75,120.05,121.35,262180
SHOPERSTOP,20210106,205.3,209.2,200,202.3,180572
SHRADHA,20210106,66.95,66.95,64.5,64.75,3047
SHREDIGCEM,20210106,62.5,63.1,60.5,61.8,740180
SHREECEM,20210106,24084,24947.4,23850,24824.35,73142
SHREEPUSHK,20210106,143.8,147,135.7,139.6,166972
SHREERAMA,20210106,8.85,9.4,8.7,8.8,120838
SHRENIK,20210106,4.15,4.15,4,4,5069466
SHREYANIND,20210106,92.65,92.65,87,88.4,45351
SHREYAS,20210106,74.4,75.9,73,75.85,342095
SHRIPISTON,20210106,607.9,607.9,580,600.25,619
SHRIRAMCIT,20210106,1068,1096.5,1068,1076.2,46918
SHRIRAMEPC,20210106,4.8,5.1,4.75,4.85,943513
SHYAMCENT,20210106,7.35,7.35,7.15,7.35,108598
SHYAMTEL,20210106,6.15,6.45,6.15,6.45,3648
SICAGEN,20210106,17.95,17.95,16.45,16.8,70796
SICAL,20210106,18.5,19.3,17.95,18.65,240784
SIEMENS,20210106,1617.7,1635.45,1602.15,1618.55,399518
SIGIND,20210106,28.5,32.3,26.5,32.3,644361
SIL,20210106,9.9,10.65,9.9,10.15,20398
SILINV,20210106,215.05,224.8,213.15,215.9,26734
SILLYMONKS,20210106,24.95,24.95,24.9,24.95,5304
SIMBHALS,20210106,8,8.1,7.7,8,35653
SIMPLEXINF,20210106,41.8,42,39.3,40.15,177384
SINTERCOM,20210106,82.4,82.4,78,81.5,11887
SINTEX,20210106,5.1,5.1,5.1,5.1,888760
SIRCA,20210106,347,347,320,332.6,114130
SIS,20210106,421.35,429,421,425,203634
SITINET,20210106,1.65,1.65,1.65,1.65,614369
SIYSIL,20210106,210.1,210.7,200.05,202.7,124867
SJVN,20210106,25.9,26.15,25.5,25.65,2603559
SKFINDIA,20210106,1762,1775,1735.25,1760.05,35481
SKIL,20210106,3.8,3.8,3.5,3.5,1017498
SKIPPER,20210106,67.2,68.3,63.5,65.15,97511
SKMEGGPROD,20210106,62.5,63.35,58.5,59.65,375470
SMARTLINK,20210106,88.25,89.65,88.25,88.5,5676
SMLISUZU,20210106,482.9,488,464.95,470.45,42495
SMSLIFE,20210106,621.9,630,607,608.4,7407
SMSPHARMA,20210106,127.65,128.45,121,122.95,373168
SNOWMAN,20210106,61.95,62.3,58.5,59.8,3857667
SOBHA,20210106,415.05,425.75,408.15,410.65,523526
SOLARA,20210106,1206,1250,1203.05,1228.4,116692
SOLARINDS,20210106,1119,1129.6,1110.45,1124.85,36399
SOMANYCERA,20210106,342.6,346.9,335,340.4,58565
SOMICONVEY,20210106,29,30.05,28,28.55,15102
SONATSOFTW,20210106,410,412.1,388,400.55,318304
SORILINFRA,20210106,135,150.1,128.1,136.45,613208
SOTL,20210106,729.5,729.9,716.45,719.8,9147
SOUTHBANK,20210106,9.35,9.5,9.15,9.3,23915408
SOUTHWEST,20210106,44.6,44.85,41.55,41.85,37339
SPAL,20210106,175,177,168.55,171.7,49196
SPANDANA,20210106,775,776.8,755.9,760.05,23639
SPARC,20210106,203.8,205.25,191.5,195.4,1847901
SPECIALITY,20210106,49,49,46.65,47.45,109265
SPENCERS,20210106,86.1,88.25,84.15,85.4,951558
SPIC,20210106,24.65,24.75,23.8,24.05,405973
SPICEJET,20210106,94.35,95.5,92.5,93.6,4951975
SPLIL,20210106,38.85,39,36,38.3,123147
SPMLINFRA,20210106,14.8,15.1,14.15,14.7,20544
SPTL,20210106,3.5,3.7,3.5,3.7,1078969
SREEL,20210106,147.6,148.9,146.85,147.15,8084
SREINFRA,20210106,8.7,8.9,8.2,8.4,3593003
SRF,20210106,5701,5794.7,5646,5701.45,190537
SRHHYPOLTD,20210106,254,261.9,250,252.05,55532
SRIPIPES,20210106,160,162,154,156.3,249612
SRPL,20210106,33,33.45,31.95,32.35,8045
SRTRANSFIN,20210106,1117.95,1208.5,1116.5,1197.2,8907705
SSWL,20210106,581.4,586,572,580.05,42049
STAR,20210106,969.8,983.5,925,948.9,977814
STARCEMENT,20210106,107,108,104.4,106.25,1046915
STARPAPER,20210106,123,125.5,118.65,120.25,280764
STCINDIA,20210106,83,83.15,80.35,80.5,40657
STEELCITY,20210106,38.95,39.35,37,37.65,14173
STEELXIND,20210106,52.5,53.9,51,52.9,284526
STEL,20210106,74,75.8,69.1,70.85,48087
STERTOOLS,20210106,198.65,199.8,195.05,197.6,20009
STLTECH,20210106,197.5,197.5,188.5,193.65,1430822
SUBCAPCITY,20210106,24.35,24.35,24.35,24.35,160
SUBEXLTD,20210106,28.6,28.8,27.15,27.65,4773461
SUBROS,20210106,348,352.05,342.45,351.05,64593
SUDARSCHEM,20210106,488.65,490,484.1,485.1,143390
SUJANAUNI,20210106,0.45,0.5,0.4,0.4,803685
SUMEETINDS,20210106,3.6,3.6,3.6,3.6,24898
SUMICHEM,20210106,325,334.95,313.35,319.05,999356
SUMIT,20210106,10,10,9.95,9.95,39590
SUMMITSEC,20210106,559.6,562.65,544.15,551.1,1831
SUNCLAYLTD,20210106,2699.95,2717,2650,2685.8,8801
SUNDARAM,20210106,1.65,1.65,1.65,1.65,85538
SUNDARMFIN,20210106,1837,1844.95,1820,1830.65,24030
SUNDARMHLD,20210106,76.65,76.65,75,75.5,121510
SUNDRMBRAK,20210106,322,325,311.5,318.5,6584
SUNDRMFAST,20210106,558.8,565,535.75,539.95,93646
SUNFLAG,20210106,69.25,70.4,65.4,66.45,1132886
SUNPHARMA,20210106,604.1,610.95,596.15,605.3,6422080
SUNTECK,20210106,356,358,344.05,347.3,250054
SUNTV,20210106,495,502.5,477.25,487,3475134
SUPERHOUSE,20210106,129.5,131.9,126,127.5,78328
SUPERSPIN,20210106,5.5,5.5,5.05,5.5,512079
SUPPETRO,20210106,347.2,354.45,339,340.35,71598
SUPRAJIT,20210106,202.95,223,199.5,218,1449729
SUPREMEENG,20210106,28.5,28.5,28.1,28.5,33783
SUPREMEIND,20210106,1748,1765,1720.3,1756.85,105528
SURANASOL,20210106,13.95,14.7,13.3,13.3,1357273
SURANAT&P,20210106,7.1,7.1,6.35,6.5,734425
SURYALAXMI,20210106,36,36.85,34,36.65,13371
SURYAROSNI,20210106,363,365.75,347.1,352.9,109426
SUTLEJTEX,20210106,50.7,52,48.5,49.3,1633852
SUULD,20210106,151.95,151.95,138.15,140.85,175467
SUVEN,20210106,91.35,91.65,87.5,88.6,617845
SUVENPHAR,20210106,465,465,453.25,461.35,279100
SUZLON,20210106,7.6,7.7,7.6,7.7,11872787
SWANENERGY,20210106,132.1,135.35,131.55,132.5,146775
SWARAJENG,20210106,1455,1458,1425.05,1439.4,11584
SWELECTES,20210106,221,225.7,213.4,215.45,42563
SWSOLAR,20210106,276.75,278.7,258.85,268.05,1203369
SYMPHONY,20210106,1048.8,1066.75,1029,1039.3,91136
SYNGENE,20210106,631,639.9,614,616.95,560456
TAINWALCHM,20210106,80.85,81,77.05,79.85,41327
TAJGVK,20210106,143,143.75,138,139.75,111465
TAKE,20210106,57,57.7,53.6,55.55,3429562
TALBROAUTO,20210106,163.55,169.4,152.55,158.05,158661
TANLA,20210106,706.95,738.25,689,738.25,1164684
TARC,20210106,24.75,25.8,23.5,24.05,331567
TARMAT,20210106,54,54,51,51.45,27481
TASTYBITE,20210106,11799.95,12300,11602,11735.45,2576
TATACHEM,20210106,487,504.6,481.7,491.05,7590353
TATACOFFEE,20210106,108,108.85,106,106.65,788876
TATACOMM,20210106,1118.9,1118.9,1065,1074.05,275505
TATACONSUM,20210106,613,613.8,595.4,604.95,2167700
TATAELXSI,20210106,1967,2018.35,1947.15,1994.6,770176
TATAINVEST,20210106,1026.8,1040,1015,1019.75,19990
TATAMETALI,20210106,645.95,654,630,632.45,144066
TATAMOTORS,20210106,194.45,197.6,190.65,195.4,75621947
TATAMTRDVR,20210106,78.3,79.95,77.2,79.05,9892840
TATAPOWER,20210106,82,83.5,80.75,82.45,46157617
TATASTEEL,20210106,684,696.65,675,683.8,19610522
TATASTLBSL,20210106,42.25,43.25,41.7,42.35,6967834
TATASTLLP,20210106,613.8,628.8,604.45,613.15,153543
TBZ,20210106,73.7,88.7,73,87.5,7295430
TCI,20210106,246.6,250.7,246.55,247.7,30542
TCIDEVELOP,20210106,317.5,335,316.55,318.25,968
TCIEXP,20210106,965,998.7,965,980.1,64024
TCIFINANCE,20210106,4.85,4.85,4.7,4.7,3567
TCNSBRANDS,20210106,444.5,447.55,437,439.9,21645
TCPLPACK,20210106,384.55,388.95,379.45,383.1,2085
TCS,20210106,3100,3113.5,3037.2,3051.5,3726716
TDPOWERSYS,20210106,140.4,144.05,137,139.45,53430
TEAMLEASE,20210106,2770,2799,2715,2778.65,142943
TECHIN,20210106,3.15,3.15,3.15,3.15,670
TECHM,20210106,1004,1026,983.35,997.15,4677359
TECHNOE,20210106,235,238.85,225,230.15,226106
TEJASNET,20210106,140.7,140.8,134,136.3,383460
TERASOFT,20210106,71,72.5,65.6,65.6,603563
TEXINFRA,20210106,47.85,47.85,46.5,47.25,134374
TEXMOPIPES,20210106,26,27.65,25.55,26.2,856642
TEXRAIL,20210106,33.95,34.65,32.7,33.45,2643900
TFCILTD,20210106,51.4,54.25,50.5,51.5,1217961
TFL,20210106,2.75,2.85,2.75,2.75,1424
TGBHOTELS,20210106,5.9,6.15,5.7,6.1,62891
THANGAMAYL,20210106,639.8,653.8,624.45,641.55,102403
THEMISMED,20210106,360,360,353.05,354.65,8840
THERMAX,20210106,956.45,966.45,943,958.3,31544
THOMASCOOK,20210106,49.2,50.2,47.4,48.8,623858
THOMASCOTT,20210106,7.7,7.7,7.7,7.7,105
THYROCARE,20210106,989.9,1005.9,945,958.35,221773
TI,20210106,29.3,29.8,27.2,28.55,402653
TIDEWATER,20210106,4411.05,4727.95,4411.05,4521,22102
TIIL,20210106,376,394.6,362.4,367.7,102077
TIINDIA,20210106,825.05,837,804.7,812.25,58216
TIJARIA,20210106,8.65,8.85,8.05,8.85,180709
TIL,20210106,180.15,191.4,178.2,184.55,45255
TIMESGTY,20210106,28.4,28.4,27.7,27.85,440
TIMETECHNO,20210106,52.5,53.3,50,50.9,1044084
TIMKEN,20210106,1321,1334.9,1315.45,1321.3,46905
TINPLATE,20210106,178.95,179.7,171.1,174.65,1045482
TIPSINDLTD,20210106,418.55,440,407.2,416.6,154182
TIRUMALCHM,20210106,97.5,102.45,97.3,98.6,1919840
TIRUPATIFL,20210106,25.6,25.6,25.6,25.6,55
TITAN,20210106,1578,1621.35,1561.85,1572.6,3312171
TMRVL,20210106,11.55,12.15,11.55,12.05,52444
TNPETRO,20210106,43,45.55,42.8,45.25,1527981
TNPL,20210106,133.65,135.65,127.05,130.55,563054
TNTELE,20210106,2.4,2.4,2.4,2.4,47779
TOKYOPLAST,20210106,81.9,82,74.1,76.9,52711
TORNTPHARM,20210106,2825,2855.95,2768.4,2790.7,261496
TORNTPOWER,20210106,321,333.8,320.55,330.1,2667351
TOTAL,20210106,73.9,76.45,73.9,76.45,168781
TOUCHWOOD,20210106,52.2,62.5,51.55,62.5,50558
TPLPLASTEH,20210106,175.45,178.9,173,175.85,45922
TREEHOUSE,20210106,7,7,6.65,6.7,39731
TREJHARA,20210106,39.3,41.5,37.85,38.35,46208
TRENT,20210106,678.9,684.3,672,676.65,227409
TRF,20210106,101.3,102.85,98.15,99.35,13209
TRIDENT,20210106,16.7,16.95,14.7,16,270244231
TRIGYN,20210106,90.8,92.7,86.15,88.3,260271
TRIL,20210106,20,20.5,19.3,20.15,265357
TRITURBINE,20210106,81.95,85.8,80.8,84.25,258088
TRIVENI,20210106,72.85,74.5,71.3,72.3,832603
TTKHLTCARE,20210106,572,579.4,556.85,564.4,4522
TTKPRESTIG,20210106,6245.1,6323.55,6150,6169.85,3953
TTL,20210106,55.45,56,53.25,53.7,20428
TTML,20210106,8.45,8.5,8.1,8.35,4075549
TV18BRDCST,20210106,30.9,31.4,30.2,30.55,5389097
TVSELECT,20210106,131.85,132,128,129.5,30897
TVSMOTOR,20210106,492.2,495.2,481.8,488.15,1049245
TVSSRICHAK,20210106,1920,1920,1860,1866.45,8054
TVTODAY,20210106,224.7,227.8,221.95,223.25,119263
TVVISION,20210106,2.1,2.2,2,2.1,30170
TWL,20210106,60.25,62.2,59.15,60.6,1600206
UBL,20210106,1193,1237.45,1180.95,1221.05,1205283
UCALFUEL,20210106,133.6,134.45,128.75,129.5,59770
UCOBANK,20210106,13,13.35,12.85,13,2817758
UFLEX,20210106,386.35,386.85,373.2,375.4,148374
UFO,20210106,93.35,93.75,89.3,90.3,336620
UGARSUGAR,20210106,17.75,18.7,17.55,17.9,402366
UJAAS,20210106,3.4,3.4,3.2,3.4,9073539
UJJIVAN,20210106,282,286,278.05,279.6,750611
UJJIVANSFB,20210106,40,40.3,39.6,39.7,1253254
ULTRACEMCO,20210106,5360,5468.5,5300,5448.35,701452
UMANGDAIRY,20210106,63,64.75,61.35,61.9,49953
UMESLTD,20210106,3.15,3.15,3.15,3.15,2886
UNICHEMLAB,20210106,266.85,268,260.1,262.4,50568
UNIDT,20210106,282,298.2,282,285.15,58076
UNIENTER,20210106,69.15,70.7,68.35,68.9,20391
UNIONBANK,20210106,32.35,32.55,31.75,31.85,6726368
UNITEDTEA,20210106,322.75,325.95,319,319.6,1988
UNIVASTU,20210106,34.95,35,32.5,33.35,2367
UNIVCABLES,20210106,154.85,165.3,150.7,158.3,503545
UNIVPHOTO,20210106,163.75,168.4,161.1,162.3,2449
UPL,20210106,471.95,481.9,467.15,472.4,5947103
URJA,20210106,7.6,7.6,7.6,7.6,3196308
USHAMART,20210106,37.95,38.15,34.3,35.8,2118660
UTIAMC,20210106,555.1,557,539.45,542.4,271580
UTIBANKETF,20210106,320.42,320.42,315.55,317.06,299
UTINEXT50,20210106,346.85,357,345,349.07,1544
UTINIFTETF,20210106,1515,1519.63,1500.01,1514.01,251
UTISENSETF,20210106,522.99,522.99,505.27,513.53,546
UTISXN50,20210106,425.89,426.9,388.8,405.4,100
UTTAMSTL,20210106,9.45,9.45,9.45,9.45,39645
UTTAMSUGAR,20210106,109.85,112.4,106.1,108.65,296761
V2RETAIL,20210106,100,101.5,98.5,99.1,19051
VADILALIND,20210106,795,824,784.25,812.6,28674
VAIBHAVGBL,20210106,2850,2879.75,2755,2773,39061
VAISHALI,20210106,64.55,71.25,64.55,64.55,585695
VAKRANGEE,20210106,62.65,63.9,59.5,60.45,5139281
VALIANTORG,20210106,1535,1559.9,1524,1534.4,16038
VARDHACRLC,20210106,41.65,41.65,38.15,38.75,214937
VARDMNPOLY,20210106,16.8,17.2,15.6,16.1,154018
VARROC,20210106,400,411,395.8,399.75,220263
VASCONEQ,20210106,15.3,16.3,15.3,15.55,320925
VASWANI,20210106,6.55,6.65,6.5,6.65,12136
VBL,20210106,968,975,953,960.1,171532
VEDL,20210106,170.75,183.95,170.55,180.3,49999500
VENKEYS,20210106,1625,1625,1550,1559.45,542063
VENUSREM,20210106,174,179,166.15,171.25,53575
VERTOZ,20210106,219.9,224.4,215,216.9,62851
VESUVIUS,20210106,1102.85,1110,1071,1078.9,19630
VETO,20210106,88.2,89.7,85.05,86.3,61140
VGUARD,20210106,196,213.45,195.25,204.8,3642268
VHL,20210106,1486.75,1486.75,1435,1451.95,628
VICEROY,20210106,3.45,3.45,3.25,3.3,38043
VIDHIING,20210106,124,129,122.6,124.6,95455
VIJIFIN,20210106,0.75,0.75,0.7,0.75,255960
VIKASECO,20210106,4.1,4.25,4.1,4.25,4846669
VIKASMCORP,20210106,5.15,5.5,5.15,5.45,28061839
VIKASPROP,20210106,3.2,3.35,3.05,3.35,10806536
VIKASWSP,20210106,4.85,5,4.8,4.95,624580
VIMTALABS,20210106,183,184.95,174.25,176.65,60775
VINATIORGA,20210106,1228,1340,1215,1322,954247
VINDHYATEL,20210106,884.2,894.5,847.85,859.15,29457
VINYLINDIA,20210106,124.45,127.1,122.45,124.05,132646
VIPCLOTHNG,20210106,15.9,15.95,14.65,15.9,829761
VIPIND,20210106,384.9,385.9,375.55,382.15,439909
VIPULLTD,20210106,22.7,22.75,21.5,21.8,16111
VISAKAIND,20210106,394.75,411,393.35,401,213436
VISASTEEL,20210106,7.5,7.5,7.5,7.5,18438
VISHAL,20210106,54.65,54.65,54.65,54.65,15839
VISHNU,20210106,198.2,199.65,188.9,190.6,13909
VISHWARAJ,20210106,120.05,124.15,119,119.45,5991
VIVIDHA,20210106,1.4,1.4,1.35,1.4,2190298
VIVIMEDLAB,20210106,18.6,18.95,17.9,18.15,160614
VLSFINANCE,20210106,87.55,89.5,84.1,86.35,229349
VMART,20210106,2500.5,2504.95,2443.85,2463.7,25273
VOLTAMP,20210106,1280.15,1299.95,1250,1260.6,9543
VOLTAS,20210106,837,877.7,834.3,869.3,3129336
VRLLOG,20210106,205.7,206.95,200.9,204.6,239298
VSSL,20210106,128,131.15,128,131.15,95490
VSTIND,20210106,3730,3730.4,3663.05,3672.6,9465
VSTTILLERS,20210106,1982,2010,1935,1957.25,16594
VTL,20210106,1084.7,1165,1043,1046.95,239866
WABAG,20210106,210.3,213.8,203.1,205.95,345292
WABCOINDIA,20210106,5639.85,5639.9,5551.05,5563.8,3694
WALCHANNAG,20210106,69.8,70.8,68,68.7,192478
WATERBASE,20210106,129.05,130.9,125.6,126.6,249205
WEBELSOLAR,20210106,50,50.95,47.05,47.55,443839
WEIZMANIND,20210106,46,47,44.6,45.1,9485
WELCORP,20210106,134,135,130.15,133.05,791180
WELENT,20210106,85.9,86.9,84.05,84.5,122566
WELINV,20210106,360.4,369.95,360.4,364.6,1300
WELSPUNIND,20210106,73.6,73.95,69.85,70.6,856311
WENDT,20210106,3200,3250,3085,3104.8,356
WESTLIFE,20210106,434.6,440,430,432.7,218171
WHEELS,20210106,502.35,504,493.4,494.4,15169
WHIRLPOOL,20210106,2607.35,2610,2522.1,2543.3,50559
WILLAMAGOR,20210106,21,23.65,20.95,23.25,92199
WINDMACHIN,20210106,19,19.5,18,18.15,29705
WIPL,20210106,49.5,51.9,49.5,51.75,257
WIPRO,20210106,405,417.4,403.3,406.4,22486300
WOCKPHARMA,20210106,529,531.2,511.6,518.6,620018
WONDERLA,20210106,213,213.85,208.1,209.6,105543
WORTH,20210106,53.5,54.9,52.1,52.45,34324
WSI,20210106,4.2,4.2,3.8,4,7525
WSTCSTPAPR,20210106,192.1,196.5,184.5,190.4,428069
XCHANGING,20210106,86.2,87,85,85.75,669033
XELPMOC,20210106,350,358.7,332.75,338.05,95473
XPROINDIA,20210106,36.95,37.9,35.05,37.9,11745
YAARII,20210106,111.1,111.1,100.6,111.1,3514942
YESBANK,20210106,18.2,18.4,17.8,18,196901365
ZEEL,20210106,222.5,225.3,217,221.2,14154683
ZEELEARN,20210106,13.65,13.85,13.45,13.6,582922
ZEEMEDIA,20210106,5.9,5.95,5.65,5.8,6032810
ZENITHEXPO,20210106,78.3,84.75,78.3,79.4,3747
ZENITHSTL,20210106,0.8,0.9,0.8,0.9,197661
ZENSARTECH,20210106,238.5,241.9,234,235.2,124273
ZENTEC,20210106,97,101.35,95.5,98.1,1902994
ZODIACLOTH,20210106,111.95,112.4,106.55,108.15,197050
ZODJRDMKJ,20210106,30.75,30.75,28.5,29.35,4194
ZOTA,20210106,168.05,172.9,163.4,167.2,45074
ZUARI,20210106,106.7,112.4,103.6,106.75,857824
ZUARIGLOB,20210106,87,101.4,83.55,99.15,1207463
ZYDUSWELL,20210106,2113.6,2137,2050,2085.45,53720
NSENIFTY,20210106,14240.95,14244.15,14039.90,14146.25,632323316,0
NIFTYJUNIOR,20210106,33951.20,34068.80,33376.25,33755.50,424441455,0
NIFTYMIDCAPLIQ15,20210106,5365.05,5452.85,5344.15,5419.95,166853988,0
NSE100,20210106,14399.70,14403.05,14191.40,14305.65,1056764771,0
NIFTY200,20210106,7403.40,7408.15,7299.70,7361.75,2397397526,0
NSE500,20210106,11806.75,11817.10,11640.15,11737.90,3205480948,0
NSEMIDCAP150,20210106,8166.30,8215.20,8075.30,8160.60,1380349102,0
MIDCAP50,20210106,6165.10,6233.15,6098.15,6191.70,-,0
NSEMIDCAP,20210106,21625.25,21799.30,21394.30,21651.55,1340632755,0
NSESMLCAP100,20210106,7343.55,7385.75,7227.65,7298.75,-,0
NIFTYLARGEMIDCAP250,20210106,-,-,-,7426.46,2437113873,0
NIFTYAUTO,20210106,9424.50,9484.05,9279.05,9379.55,-,0
BANKNIFTY,20210106,31839.95,31982.30,31548.15,31797.90,-,0
NIFTYFINSERVICE,20210106,15444.20,15451.90,15281.35,15393.95,161662928,0
NIFTYFMGC,20210106,34748.10,34768.20,34091.45,34327.35,72848563,0
NSEIT,20210106,25841.30,26036.70,25240.50,25419.15,51057329,0
NIFTYMEDIA,20210106,1693.90,1719.00,1663.70,1691.10,52981760,0
NIFTYMETAL,20210106,3390.20,3455.10,3368.50,3419.80,192297330,0
NIFTYPHARMA,20210106,13181.00,13205.65,12965.65,13118.10,24307037,0
NIFTYPVTBANK,20210106,17579.00,17649.05,17405.10,17547.05,257927809,0
NIFTYPSUBANK,20210106,1841.25,1869.45,1801.65,1825.45,366497466,0
NIFTYREALTY,20210106,317.15,321.60,312.65,318.60,23386214,0
NIFTYCOMMODITIES,20210106,3901.25,3919.65,3858.50,3913.35,316423679,0
NIFTYCONSUMPTION,20210106,6007.50,6029.40,5934.80,5977.85,137236816,0
NIFTYCPSE,20210106,1673.25,1690.85,1665.10,1679.45,209200878,0
NIFTYENERGY,20210106,17168.40,17272.35,16952.70,17097.85,256615160,0
NIFTY100ESG,20210106,-,-,-,2815.71,667286821,0
NIFTY100ENHESG,20210106,-,-,-,2838.56,615258998,0
NIFTYINFRA,20210106,3720.65,3739.35,3686.80,3728.90,393202647,0
NIFTYMNC,20210106,16029.90,16089.30,15860.85,15973.45,431403393,0
NIFTYPSE,20210106,2881.50,2911.30,2864.75,2893.40,449832840,0
NIFTYSMEEMERGE,20210106,-,-,-,1726.09,714899,0
NIFTYSERVSECTOR,20210106,20130.05,20139.95,19883.55,20027.90,401832515,0
NIFTYSHARIAH25,20210106,-,-,-,5452.27,165597490,0
NIFTY50SHARIAH,20210106,-,-,-,3491.53,153186002,0
NIFTY500SHARIAH,20210106,-,-,-,4098.84,530702765,0
NIFTYABGROUP,20210106,-,-,-,3784.36,400426675,0
NIFTYMAHINDRA,20210106,-,-,-,12498.61,20284318,0
NIFTYTATA,20210106,-,-,-,9725.76,188143057,0
NIFTYTATA25CAP,20210106,-,-,-,6745.43,162604878,0
NIFTYABGROUP,20210106,-,-,-,3784.36,400426675,0
NIFTYLIQ15,20210106,3393.15,3400.65,3351.35,3376.55,276042119,0
NIFTY500VALUE50,20210106,-,-,-,4083.58,1009996070,0
NIFTYQUALLOWVOL30,20210106,-,-,-,10575.69,154035744,0
NIFTYALPHAQUALLOWVOL30,20210106,-,-,-,12197.70,158367728,0
NIFTYALPHAQUALVALLOWVOL30,20210106,-,-,-,9189.27,195981252,0
NIFTY50EQUALWEIGHT,20210106,14939.35,14990.90,14779.80,14937.90,632323316,0
NIFTY100EQUALWEIGHT,20210106,16026.60,16080.65,15833.25,16006.05,1056764771,0
NIFTY100LOWVOL30,20210106,11083.90,11101.40,10952.40,11044.95,250298585,0
NIFTY50DIVPOINT,20210106,82.51,82.51,82.51,82.51,-,0
NIFTYDIVOPPS50,20210106,2956.60,2964.65,2913.45,2938.25,634721549,0
NIFTYALPHA50,20210106,20592.50,20785.80,20347.15,20531.30,452387951,0
NIFTYHIGHBETA50,20210106,-,-,-,1602.64,1287713816,0
NIFTYLOWVOL50,20210106,-,-,-,13375.55,268223404,0
NIFTY50VALUE20,20210106,7069.30,7084.55,6961.00,7016.00,307617944,0
NIFTYGROWSECT15,20210106,7126.10,7130.85,7035.90,7083.20,159439609,0
NIFTY50TR2XLEV,20210106,8358.95,8359.50,8123.80,8248.10,-,0
NIFTY50PR2XLEV,20210106,6291.80,6292.25,6114.85,6208.40,-,0
NIFTY50TR1XINV,20210106,268.05,271.85,268.05,269.85,-,0
NIFTY50PR1XINV,20210106,308.80,313.15,308.80,310.85,-,0
NIFTY-GS-COMPSITE,20210106,2311.27,2311.27,2304.20,2306.52,-,0
NIFTY-GS-4-8YR,20210106,2416.99,2416.99,2411.32,2413.65,-,0
NIFTY-GS-8-13YR,20210106,2264.84,2264.84,2258.12,2259.74,-,0
NIFTY-GS-10YR,20210106,2038.81,2038.81,2032.68,2034.65,-,0
NIFTY-GS-10YR-CLN,20210106,969.82,969.82,966.89,967.83,-,0
NIFTY-GS-11-15YR,20210106,2449.44,2449.44,2443.54,2444.80,-,0
NIFTY-GS-15YRPLUS,20210106,2696.62,2698.21,2694.95,2697.14,-,0
VIX,20210106,20.46,21.63,20.43,21.00,0,0
