20MICRONS,20210729,63.5,64.5,63,64.2,58880
21STCENMGM,20210729,22.15,22.15,22.15,22.15,1232
3IINFOTECH,20210729,9.8,9.9,9.3,9.4,3496216
3MINDIA,20210729,24742.3,24889,24593.75,24842,1094
3PLAND,20210729,16.35,16.7,15.7,16.05,4883
5PAISA,20210729,518.6,521.95,505.1,511.3,25376
63MOONS,20210729,101.25,101.45,97.25,101.45,119695
A2ZINFRA,20210729,5.25,5.4,5.2,5.3,377868
AAKASH,20210729,279.45,279.45,255,258.75,159477
AARON,20210729,136,136,125,127.2,11142
AARTIDRUGS,20210729,682.8,682.8,663,664.9,375690
AARTIIND,20210729,880.7,899.9,880.7,894.4,1059506
AARTISURF,20210729,1510,1550,1485.1,1501.85,21580
AARVEEDEN,20210729,26.15,26.15,25.6,26.15,100918
AARVI,20210729,72.55,72.55,70.25,70.55,26223
AAVAS,20210729,2615,2645.9,2552.25,2575.35,64424
ABAN,20210729,45.65,47.9,45.65,47.15,114239
ABB,20210729,1706,1707,1670.25,1686.5,103286
ABBOTINDIA,20210729,17918.8,18230,17800.05,18193.95,7232
ABCAPITAL,20210729,118.05,118.05,116.25,116.5,1775486
ABFRL,20210729,226.05,231.5,222.55,227.2,4072371
ABSLBANETF,20210729,346,346,344.62,345.19,23
ABSLNN50ET,20210729,407,407,399.45,399.45,23
ACC,20210729,2400,2413,2349.8,2364,677603
ACCELYA,20210729,1385.1,1420,1353.9,1361.9,27410
ACCURACY,20210729,92.85,92.85,88.1,91.3,5698
ACE,20210729,255,262,255,258.2,490361
ACRYSIL,20210729,647,649.6,621.2,627.55,104068
ADANIENT,20210729,1413.95,1425,1397,1400.25,2538248
ADANIGREEN,20210729,950.75,955,910,924.3,95929
ADANIPORTS,20210729,671,671,657.95,659.65,4572153
ADANIPOWER,20210729,98.45,98.5,95.05,95.4,1394213
ADANITRANS,20210729,958,960,894,937.9,83398
ADFFOODS,20210729,963,977.95,938.5,951.45,47609
ADL,20210729,34.8,35.3,32.65,35.3,10630
ADORWELD,20210729,713.95,748.95,690.8,737.4,31592
ADROITINFO,20210729,8.2,8.2,8.2,8.2,375
ADSL,20210729,69.05,70.8,69.05,70.35,267224
ADVANIHOTR,20210729,74.7,74.7,71.9,72.2,25038
ADVENZYMES,20210729,401.55,403.55,398.4,399.5,99502
AEGISCHEM,20210729,307.1,321.8,307.1,320.55,640228
AFFLE,20210729,4190,4201.95,4090,4146.5,66931
AGARIND,20210729,350,350,341.65,342.9,18351
AGCNET,20210729,1209,1209,1150,1174.35,1903
AGRITECH,20210729,44.35,46.2,44.3,45.1,20904
AGROPHOS,20210729,15.3,15.85,15.3,15.5,46520
AHLADA,20210729,201.75,210.2,196.7,206.85,37936
AHLEAST,20210729,203.85,203.95,192.2,193.95,11872
AHLUCONT,20210729,383.9,420,373.55,391.2,98360
AHLWEST,20210729,298.95,298.95,281.6,285.3,12078
AIAENG,20210729,2020,2022.9,1975,1998.7,29985
AIRAN,20210729,24.85,25.5,23.95,24.1,194320
AJANTPHARM,20210729,2331.9,2435,2312,2394.7,216524
AJMERA,20210729,307.05,312,300,307.2,59154
AJOONI,20210729,56.05,58.45,54,58.45,250681
AKASH,20210729,202.5,204.8,190,194.8,30268
AKG,20210729,26,26.45,25.25,25.25,6919
AKSHARCHEM,20210729,450,452.1,435,439.5,22229
AKSHOPTFBR,20210729,11.25,11.5,10.65,11.05,451254
AKZOINDIA,20210729,2251,2265.55,2251,2254.9,2839
ALANKIT,20210729,18.85,19.15,18.5,18.9,2911501
ALBERTDAVD,20210729,551.25,558.45,544,550.25,27609
ALEMBICLTD,20210729,126,126.85,121.45,122.7,509691
ALICON,20210729,835,835,805.15,811.55,7095
ALKALI,20210729,87,91,86.35,89.65,46681
ALKEM,20210729,3385,3425.1,3303.15,3331.65,193316
ALKYLAMINE,20210729,4528.4,4601.6,4270,4290.3,146737
ALLCARGO,20210729,190.05,191.3,186.5,189.5,1830751
ALLSEC,20210729,437.45,439.15,430.05,431.7,11356
ALMONDZ,20210729,60.15,65.55,60.15,65.55,14482
ALOKINDS,20210729,25.45,25.5,24.8,24.85,5506096
ALPA,20210729,49.9,49.9,48.45,48.9,24847
ALPHAGEO,20210729,306.7,316.9,304,306.2,27536
ALPSINDUS,20210729,2.65,2.85,2.65,2.85,68551
AMARAJABAT,20210729,708.75,708.9,693.15,694.85,1991097
AMBER,20210729,3001.1,3009,2960,2980.2,38686
AMBICAAGAR,20210729,18.7,19.1,17.8,18.1,75065
AMBIKCO,20210729,1486,1562,1486,1524,110174
AMBUJACEM,20210729,411.4,413.2,405.05,408.75,3312853
AMDIND,20210729,31.45,31.45,29.5,30.75,42022
AMJLAND,20210729,35.8,35.8,34.1,34.15,58106
AMRUTANJAN,20210729,665.5,676.15,658.5,665.25,26750
ANANTRAJ,20210729,65.5,67.5,64,66.25,131873
ANDHRACEMT,20210729,30.4,30.75,30.4,30.75,830424
ANDHRAPAP,20210729,261.15,271,260.5,262.35,196345
ANDHRSUGAR,20210729,562,585.8,553.25,572.25,283904
ANGELBRKG,20210729,1215,1228.25,1171.25,1191.15,255921
ANIKINDS,20210729,21.85,22.85,21.65,22.65,26493
ANKITMETAL,20210729,2.1,2.1,2.1,2.1,66543
ANMOL,20210729,169,169,162.2,164.7,27337
ANSALAPI,20210729,9.45,9.45,9,9.2,130499
ANSALHSG,20210729,8.95,8.95,8.4,8.45,301293
ANUP,20210729,1059.95,1074.8,1022,1039.6,112515
ANURAS,20210729,724.9,760,720.6,728.6,101826
APARINDS,20210729,682,691.3,660.55,668.85,293812
APCL,20210729,489.35,501,487.05,490.75,61097
APCOTEXIND,20210729,350,355.8,340,341.8,144725
APEX,20210729,386.6,393.85,380.3,383.9,161615
APLAPOLLO,20210729,1802,1810.4,1751,1791.95,132682
APLLTD,20210729,805,805,775,778.1,890239
APOLLO,20210729,114.8,115.55,113.75,114.25,69482
APOLLOHOSP,20210729,4040,4054.55,3993.2,4038.75,449417
APOLLOPIPE,20210729,1184,1200.5,1142.1,1161.3,78034
APOLLOTYRE,20210729,222,223.2,215.6,216.3,5460444
APOLSINHOT,20210729,735,762.45,733.15,741.3,1247
APTECHT,20210729,280.6,286.6,275,278.65,1022635
ARCHIDPLY,20210729,35.1,35.1,33.6,34.65,19010
ARCHIES,20210729,22.95,23.7,22.5,23.55,139421
ARENTERP,20210729,17.1,18.5,17,17.7,3839
ARIES,20210729,168.7,173,168,169.55,72557
ARIHANT,20210729,26.55,26.8,25.4,26.25,14134
ARIHANTCAP,20210729,178,180,173.45,176.15,316295
ARIHANTSUP,20210729,91.8,93.55,91.6,92.3,155260
ARMANFIN,20210729,723.15,744.95,721.35,728.5,2967
AROGRANITE,20210729,73.15,77.4,72.4,75.75,631711
ARROWGREEN,20210729,148.5,149.45,140.05,142.4,14827
ARSHIYA,20210729,30.7,30.7,29.5,29.6,67215
ARSSINFRA,20210729,30.5,32.8,29.7,32.8,72555
ARTEMISMED,20210729,378.25,383,371.25,373.15,11337
ARVEE,20210729,105,108.75,105,108.75,202
ARVIND,20210729,106,115.55,105,106.9,6384310
ARVINDFASN,20210729,212.45,217.5,210.3,215.15,1206092
ARVSMART,20210729,134,139,132.95,134.3,196507
ASAHIINDIA,20210729,364,367.05,357.05,360.5,100044
ASAHISONG,20210729,366.25,379,365,372.3,31833
ASAL,20210729,62.6,62.6,59.5,60.15,19201
ASALCBR,20210729,464.85,469,460.05,468.15,35569
ASHAPURMIN,20210729,134,141.4,132,141.4,89452
ASHIANA,20210729,176.2,182,173.35,175.95,468505
ASHIMASYN,20210729,19,20.5,19,20,122940
ASHOKA,20210729,101.6,106.5,101.55,105.8,1713927
ASHOKLEY,20210729,122.8,125.5,122,125.2,8665627
ASIANHOTNR,20210729,92.5,92.5,90.2,91.65,5668
ASIANPAINT,20210729,3004.1,3039.95,2990.3,2997.45,762683
ASIANTILES,20210729,177.85,178.5,176.1,176.75,154701
ASPINWALL,20210729,231,237.55,223.6,229.35,25236
ASTEC,20210729,1350,1369.9,1322.7,1359.35,73169
ASTERDM,20210729,157.7,158.95,157,158.25,327346
ASTRAL,20210729,2048,2092,2038.1,2072.5,227987
ASTRAMICRO,20210729,169.25,173.7,169.25,170.65,351672
ASTRAZEN,20210729,3380.05,3410,3360.15,3369.85,11416
ASTRON,20210729,67.95,69.85,64,65.25,913687
ATFL,20210729,999.6,1019.15,991,997.6,11236
ATGL,20210729,932,938,904,922.2,163673
ATLANTA,20210729,14.85,14.85,14.15,14.3,37005
ATUL,20210729,9046,9140,9046,9104.75,13532
ATULAUTO,20210729,206.55,218.95,206.55,214.4,268809
AUBANK,20210729,1185.5,1201,1171.65,1193.65,663286
AURIONPRO,20210729,216,224.9,206,215.2,86251
AUROPHARMA,20210729,920,923.1,905.05,908.25,1240670
AUSOMENT,20210729,93,95.7,91.65,92.25,7669
AUTOAXLES,20210729,1476.9,1516.2,1464.8,1478.8,44075
AUTOIND,20210729,65.6,65.75,63.85,65.75,97986
AVADHSUGAR,20210729,485.8,518,485.2,508.05,430189
AVANTIFEED,20210729,623.6,631.35,622.5,627.45,191091
AVTNPL,20210729,76.5,79.55,76.5,77.7,1094691
AWHCL,20210729,347.95,350.3,344,346.25,81963
AXISBANK,20210729,720,728.5,716,717.25,6855673
AXISBNKETF,20210729,344.49,347.88,343.52,347.5,1053
AXISBPSETF,20210729,10.18,10.18,10.17,10.17,14348
AXISCADES,20210729,91.2,93.4,90.3,92.7,78079
AXISGOLD,20210729,41.31,41.64,41.31,41.6,108424
AXISHCETF,20210729,88.79,88.79,87.11,87.58,1713
AXISNIFTY,20210729,165.97,165.97,163.95,164.57,4378
AXISTECETF,20210729,294,305,292.03,304.4,16064
AYMSYNTEX,20210729,80,82.95,80,82.65,38032
BAFNAPH,20210729,158.05,159.7,154.8,156.25,4357
BAGFILMS,20210729,3.75,3.8,3.6,3.65,152666
BAJAJ-AUTO,20210729,3827.8,3827.8,3750,3763.75,355185
BAJAJCON,20210729,283.85,287.4,281.2,283.25,352322
BAJAJELEC,20210729,1112.05,1188,1112.05,1140.55,515938
BAJAJFINSV,20210729,13960,14925,13940.1,14599.05,710514
BAJAJHIND,20210729,18.3,19.2,17.4,19.15,8033581
BAJAJHLDNG,20210729,3900.1,4012,3875.75,3996.35,27374
BAJFINANCE,20210729,6289.95,6430,6264.05,6400.1,1484664
BALAJITELE,20210729,68.8,71.7,68.55,70.55,1233317
BALAMINES,20210729,3360.2,3385,3187,3198.3,128257
BALAXI,20210729,618.6,621.15,597.05,601.45,4082
BALKRISIND,20210729,2368,2389,2297,2307.5,343023
BALMLAWRIE,20210729,134.45,135.7,134.25,134.55,175523
BALPHARMA,20210729,93.15,96.45,93.15,94.8,11537
BALRAMCHIN,20210729,352,386.8,350.85,374.8,6535807
BANARBEADS,20210729,95,95.85,87,90.45,246024
BANARISUG,20210729,1814.3,1853.1,1795.45,1827.75,3269
BANCOINDIA,20210729,161.35,166,161.1,164.35,206001
BANDHANBNK,20210729,298.75,298.75,291.65,292.5,4368038
BANG,20210729,42.9,42.9,40.25,40.85,11845
BANKA,20210729,64.5,67.1,62.5,64.25,23782
BANKBARODA,20210729,78.45,81.15,77.6,80.6,33487296
BANKBEES,20210729,350.9,350.9,347.86,349.21,534485
BANKINDIA,20210729,70.35,72,69.75,71.65,2677815
BANSWRAS,20210729,220.9,223.8,215.65,223.8,23183
BARBEQUE,20210729,871,871,853,857.15,19707
BASF,20210729,2920.25,2934.7,2806.05,2826.35,31553
BASML,20210729,107.8,108.65,102,108.65,208233
BATAINDIA,20210729,1603.8,1622,1591.1,1612.25,448640
BAYERCROP,20210729,5879,5895,5755.05,5778.5,4582
BBL,20210729,1394,1409,1360.1,1370.75,14905
BBTC,20210729,1252.7,1265,1240,1243.55,54224
BCG,20210729,47.9,47.9,47.9,47.9,787743
BCLIND,20210729,264.9,269.05,255.1,257.15,125982
BCP,20210729,3.8,4,3.8,3.95,314693
BDL,20210729,398,407,398,404.8,363328
BEARDSELL,20210729,16.15,16.15,16,16.15,48507
BECTORFOOD,20210729,443.1,443.45,427.5,428.35,260585
BEDMUTHA,20210729,42,42.1,39.15,42.1,59635
BEL,20210729,190.95,191.7,187.95,188.8,9141733
BEML,20210729,1290.95,1298.5,1277.95,1280.85,118242
BEPL,20210729,189.95,190.6,183.7,185.3,869662
BERGEPAINT,20210729,854.2,857.15,844.35,845.5,630617
BESTAGRO,20210729,535.25,535.25,511,535.25,105670
BFINVEST,20210729,389,399,385.6,388.8,70182
BFUTILITIE,20210729,482.75,505.3,479,494.55,355354
BGRENERGY,20210729,64.5,67.45,64.05,65.55,183733
BHAGERIA,20210729,266.1,274.95,266,268.2,104519
BHAGYANGR,20210729,49,50.95,48.05,49.8,54841
BHAGYAPROP,20210729,30.15,30.4,29.1,29.2,14617
BHANDARI,20210729,3.25,3.4,3.15,3.4,707919
BHARATFORG,20210729,780,794.4,774.65,785.2,1155947
BHARATGEAR,20210729,122.9,125.95,120,120.55,62519
BHARATRAS,20210729,13264.95,13310,13025.1,13211.4,1304
BHARATWIRE,20210729,79.45,80.9,75,80.9,88846
BHARTIARTL,20210729,574.1,576.7,565,567.15,15552340
BHEL,20210729,60.5,61.45,59.35,60.2,36237615
BIGBLOC,20210729,110.95,113.85,110,112.8,30436
BIL,20210729,229.75,235.75,228,229.95,2137
BINDALAGRO,20210729,27.3,29.5,27.1,28.6,386107
BIOCON,20210729,397,404.9,380.05,382.55,7709849
BIOFILCHEM,20210729,69.15,73.6,69.15,71.95,136204
BIRLACABLE,20210729,107,108.7,106,108.2,44784
BIRLACORPN,20210729,1486,1500,1454,1492.8,76654
BIRLAMONEY,20210729,72.65,74.5,72,73,203145
BIRLATYRE,20210729,29.5,29.85,28.75,28.85,592097
BKMINDST,20210729,1.35,1.35,1.3,1.35,187148
BLBLIMITED,20210729,12.6,12.6,12.3,12.6,97844
BLISSGVS,20210729,108.85,109.85,108.05,108.5,118803
BLKASHYAP,20210729,23.5,24.65,22.35,24.25,979094
BLS,20210729,153.6,154.7,144.45,152.9,1453205
BLUEDART,20210729,5570,5587.9,5475,5493.7,15182
BLUESTARCO,20210729,835,844.05,828,840.75,36876
BODALCHEM,20210729,120.75,122.85,120.4,121.8,977596
BOMDYEING,20210729,108.8,112.8,105.15,106.45,21446960
BOROLTD,20210729,216.35,221.3,215,216.15,169649
BORORENEW,20210729,328.8,333,314.5,318.05,277828
BOSCHLTD,20210729,15046.4,15114.95,14816.75,14933.3,25122
BPCL,20210729,452,454.15,448.5,449.1,2989610
BPL,20210729,39.75,42,38.65,39.15,215689
BRFL,20210729,9.35,9.35,8.75,8.9,305854
BRIGADE,20210729,328.75,338.95,322.2,324.3,614225
BRITANNIA,20210729,3424.2,3428.95,3402,3405.6,321411
BRNL,20210729,36.45,36.45,35.1,35.65,51748
BROOKS,20210729,90,91,87.7,88.55,11276
BSE,20210729,1230,1268,1211,1240.1,692790
BSHSL,20210729,305,332,305,326.4,3702
BSL,20210729,68,69.6,66.55,69.6,114299
BSLGOLDETF,20210729,4356.35,4390,4356.35,4389.3,105
BSLNIFTY,20210729,175.49,175.49,174.16,174.58,39880
BSOFT,20210729,400,412.5,397.4,405.25,4076345
BURGERKING,20210729,183,184.7,179.05,180.05,2687469
BURNPUR,20210729,2.55,2.55,2.55,2.55,43264
BUTTERFLY,20210729,750,765,725.45,760.7,38170
BVCL,20210729,22.8,23,22.05,22.95,4570
BYKE,20210729,31.5,32.3,31,31.05,66100
CADILAHC,20210729,578.9,582.8,570.45,572,2448180
CALSOFT,20210729,14.2,14.2,14.2,14.2,12928
CAMLINFINE,20210729,185.45,191.25,183.3,186.25,958506
CAMS,20210729,3200,3316,3180.05,3290.55,303864
CANBK,20210729,143.9,151,142.9,149.65,24944354
CANFINHOME,20210729,558.7,558.75,545,547.6,628596
CANTABIL,20210729,401,417.4,401,409.35,28922
CAPACITE,20210729,224.9,234.9,224.4,231.8,237081
CAPLIPOINT,20210729,933,939,897,904.6,348407
CAPTRUST,20210729,111.9,112.75,106.25,111.1,33706
CARBORUNIV,20210729,659.4,684,655.4,659.8,171844
CAREERP,20210729,161.3,184.5,158.55,176.8,3704459
CARERATING,20210729,721,729.65,718,723.1,133249
CASTROLIND,20210729,140.95,141.55,139.9,140.75,685430
CCHHL,20210729,8.2,8.6,8.2,8.2,34078
CCL,20210729,441,459,430.1,440.1,3103978
CDSL,20210729,1330,1349.7,1293,1312.25,275963
CEATLTD,20210729,1331.8,1338.8,1325,1332.05,70956
CEBBCO,20210729,35.7,37.2,35,36.3,121459
CELEBRITY,20210729,13,13,13,13,24682
CENTENKA,20210729,460.6,468,455.6,464.2,237398
CENTEXT,20210729,9.25,9.45,9.05,9.3,214995
CENTRALBK,20210729,24.8,24.9,24.4,24.5,6473080
CENTRUM,20210729,48.75,51.5,48.15,50.55,9278919
CENTUM,20210729,552,557.65,531.05,539.3,12777
CENTURYPLY,20210729,439.3,439.3,424.3,428.65,143292
CENTURYTEX,20210729,807.7,826.8,762.2,770.2,5470341
CERA,20210729,4345.2,4380.5,4249.95,4276.7,11775
CEREBRAINT,20210729,55.6,58.65,55.1,57.45,634806
CESC,20210729,829.85,849,829.05,838,939154
CGCL,20210729,521.35,536.75,516.65,525.9,34531
CGPOWER,20210729,79.3,80,78.35,78.9,1060771
CHALET,20210729,176.75,180.5,175.8,177.75,181597
CHAMBLFERT,20210729,301.65,308.75,299.2,299.85,1098404
CHEMBOND,20210729,234.05,237,230.1,233.9,63337
CHEMCON,20210729,493.5,513,493.5,502.1,258008
CHEMFAB,20210729,184.25,184.25,175.55,180,12459
CHENNPETRO,20210729,117.8,120.8,114.3,115,843792
CHOLAFIN,20210729,484,495.5,481.2,487.15,2689089
CHOLAHLDNG,20210729,640,653.65,640,647.25,84220
CIGNITITEC,20210729,580,592.5,566.35,577.4,122169
CINELINE,20210729,49.35,58.95,49.35,58.9,1580907
CINEVISTA,20210729,13.85,14.55,13.8,14.15,64837
CIPLA,20210729,894.35,899.95,872,883.1,4929314
CLEAN,20210729,1636,1651.1,1600,1622.45,351507
CLEDUCATE,20210729,144.2,154.85,144.2,151.85,128575
CLNINDIA,20210729,586.5,631.8,585.5,617.25,491065
CLSEL,20210729,146.1,154,142.65,148.4,305737
CMICABLES,20210729,53.9,57.4,53.8,56.35,122642
COALINDIA,20210729,144.05,144.65,141.9,142.15,8237916
COCHINSHIP,20210729,370.55,377,370.55,375.85,364461
COFFEEDAY,20210729,42,42.9,41.25,42,632160
COFORGE,20210729,4825,5201,4825,5171.55,1557599
COLPAL,20210729,1795.35,1797.95,1702,1709.5,1057455
COMPINFO,20210729,28.3,29.2,28.3,28.65,196511
COMPUSOFT,20210729,14.1,14.55,13.55,14.15,101981
CONCOR,20210729,646.15,646.15,628.05,630.1,1170610
CONFIPET,20210729,60.8,64.7,60,63.55,1831437
CONSOFINVT,20210729,122.35,129.85,120.4,124.35,17451
CONTROLPR,20210729,391,396.65,391,395.2,25002
CORALFINAC,20210729,49.25,52.5,49.25,50,189793
CORDSCABLE,20210729,63.4,64.5,62,62.25,39903
COROMANDEL,20210729,875,881.45,859.4,864.5,582410
COSMOFILMS,20210729,1180,1196.95,1153.1,1164.1,48080
COUNCODOS,20210729,3.2,3.2,3.2,3.2,119956
CPSEETF,20210729,25.82,25.98,25.61,25.79,15653799
CRAFTSMAN,20210729,1975,2025,1953.7,1988.1,35322
CREATIVE,20210729,216,223,213.3,216.05,60474
CREATIVEYE,20210729,3.7,3.7,3.7,3.7,4499
CREDITACC,20210729,645,674.7,642,667.25,87181
CREST,20210729,121,125.5,117.05,123.35,9134
CRISIL,20210729,2880.6,2920.95,2802.25,2831.35,57965
CROMPTON,20210729,472.4,475.55,466.75,471.15,828116
CSBBANK,20210729,346.5,350,341,343.8,157498
CTE,20210729,84,85.25,81.75,85.25,223771
CUB,20210729,150.5,152,149.7,150.25,1761201
CUBEXTUB,20210729,28.4,28.4,26.1,27.25,6739
CUMMINSIND,20210729,836.6,845.45,831,842.05,557740
CUPID,20210729,248.7,252.95,247.95,250.9,64898
CYBERMEDIA,20210729,11.8,12.35,11.8,12.3,11071
CYBERTECH,20210729,187.2,205,186.25,198.45,609501
CYIENT,20210729,993.55,1006.85,981,999,284054
DAAWAT,20210729,81.8,81.8,80.05,80.3,1215453
DABUR,20210729,588.4,593.45,582.2,584.6,2365089
DALBHARAT,20210729,2175,2202.55,2121.55,2135.4,227804
DALMIASUG,20210729,467,495,460.05,484.25,826760
DAMODARIND,20210729,50.4,50.5,47.1,50.35,22069
DANGEE,20210729,186,187,183.45,185.95,4000
DATAMATICS,20210729,301.7,306,287.2,291.5,287608
DBCORP,20210729,94.4,95.65,92.2,93.5,532138
DBL,20210729,555.5,581,555.1,572.95,262759
DBREALTY,20210729,26.2,27.15,26.05,26.7,912632
DBSTOCKBRO,20210729,14.6,14.6,13.8,14.1,1261
DCAL,20210729,207.4,212.55,205.1,209.05,582736
DCBBANK,20210729,103.35,105.25,102,105.05,1473086
DCM,20210729,52.6,52.6,52.6,52.6,9002
DCMFINSERV,20210729,2.95,2.95,2.85,2.85,8341
DCMNVL,20210729,207.9,208.6,200.25,208.6,137433
DCMSHRIRAM,20210729,907.1,969.7,906.85,920.1,284209
DCW,20210729,39.55,40.4,39.3,39.8,2178106
DECCANCE,20210729,727.35,737.5,725,728.3,52127
DEEPAKFERT,20210729,415.55,419.45,410,413.35,79275
DEEPAKNTR,20210729,1906.8,1914.9,1884.05,1900.85,856479
DEEPENR,20210729,48.9,48.9,45.25,46,77049
DEEPINDS,20210729,100.8,105.8,97.4,101,115015
DELTACORP,20210729,178.05,183.85,177,182.35,2210739
DELTAMAGNT,20210729,52.5,55.25,52.5,54.45,2471
DEN,20210729,50.45,52.4,49.65,51.75,2737927
DENORA,20210729,359.45,374,350.05,367.3,17035
DFMFOODS,20210729,397.55,410.55,395.75,401.05,365562
DGCONTENT,20210729,13.25,13.9,13.25,13.9,14651
DHAMPURSUG,20210729,335,355,333,353.4,920911
DHANBANK,20210729,17.4,18.15,17.15,17.4,2177955
DHANI,20210729,234,242.9,230.7,234.55,1321884
DHANUKA,20210729,1009,1024,992,1002.85,72670
DHARSUGAR,20210729,22.5,23.5,21.6,21.8,67587
DHUNINV,20210729,640.7,654,630,648.9,6117
DIAMONDYD,20210729,755.2,761.65,724.6,728.3,69504
DICIND,20210729,488.15,494.2,485,487.5,3102
DIGISPICE,20210729,75,75,69.85,69.85,361390
DISHTV,20210729,14.2,14.45,14.1,14.35,5029152
DIVISLAB,20210729,4908.9,4934.4,4824.2,4843.8,658995
DIXON,20210729,4428,4448.1,4205,4234.65,269502
DLF,20210729,335.8,341.7,332.2,340.05,13771413
DLINKINDIA,20210729,157.85,163.7,155.7,162.9,1242453
DMART,20210729,3500,3524,3492.25,3502.6,131747
DNAMEDIA,20210729,2.25,2.45,2.25,2.45,256527
DODLA,20210729,615.95,615.95,605.05,609.85,64669
DOLAT,20210729,119,123.6,115.4,116.05,512478
DOLLAR,20210729,347.1,368,332.4,364.75,1569633
DONEAR,20210729,63.75,67.85,62.1,62.75,815345
DPABHUSHAN,20210729,186.05,199.95,183.95,187.65,43634
DPSCLTD,20210729,17,17,16.4,16.65,19834
DPWIRES,20210729,219,229,210,212.05,250330
DRCSYSTEMS,20210729,273.25,281,273.25,277.4,475
DREDGECORP,20210729,386.9,393.9,382.55,385.9,117890
DRREDDY,20210729,4750,4765,4660,4672.65,1086936
DSSL,20210729,144.5,152.9,144.5,148.1,25191
DTIL,20210729,519.8,533.65,515,526.35,20053
DUCON,20210729,15.95,16.3,15.05,15.1,67091
DVL,20210729,302.4,316,297.6,308.2,97279
DWARKESH,20210729,78.15,80.6,77.2,78.4,6662583
DYNAMATECH,20210729,1700,1730,1641.15,1662.5,19594
DYNPRO,20210729,510,535.9,508.25,531.55,75900
EASEMYTRIP,20210729,415.6,421.55,410.25,413.2,572348
EASTSILK,20210729,3.25,3.5,3.25,3.5,24098
EBANK,20210729,3870,3870,3870,3870,3
EBBETF0423,20210729,1141,1142.49,1141,1142.48,2855
EBBETF0425,20210729,1048.55,1050.96,1048.54,1049.27,16841
EBBETF0430,20210729,1158.08,1162.53,1158.08,1162.13,2758
EBBETF0431,20210729,1041,1043.55,1040.3,1042.84,8641
EBIXFOREX,20210729,642,655,625,629.7,2536
ECLERX,20210729,2090,2190,2051.1,2182.5,20586
EDELWEISS,20210729,86.7,92.85,86.7,92.6,12220041
EICHERMOT,20210729,2550,2559.95,2518,2528.15,341346
EIDPARRY,20210729,430.5,444,430.5,437.55,736403
EIHAHOTELS,20210729,333.55,337.85,333.3,335.9,4306
EIHOTEL,20210729,112.5,114.45,111.25,112.7,287993
EIMCOELECO,20210729,482,482,462.25,469.9,11691
EKC,20210729,90.8,92,86.3,90.4,169308
ELECON,20210729,139.8,143.4,138.2,139.95,769338
ELECTCAST,20210729,36.5,39.7,36.2,38.15,2770392
ELECTHERM,20210729,145.95,154,145.15,149.8,36993
ELGIEQUIP,20210729,218.65,220.7,216.55,217.8,1661952
ELGIRUBCO,20210729,39.5,40.45,39.5,39.75,57685
EMAMILTD,20210729,559.9,566,541.25,551.8,4141728
EMAMIPAP,20210729,174.4,186,171,173.7,1036633
EMAMIREAL,20210729,78.4,81,76.1,81,416258
EMKAY,20210729,120,123.4,119.25,119.7,178525
EMMBI,20210729,115.55,118,113.4,114.35,89656
ENDURANCE,20210729,1673.9,1686,1652.5,1681.85,67946
ENERGYDEV,20210729,11.5,11.6,11.15,11.25,47535
ENGINERSIN,20210729,74.35,75.4,74.35,74.65,1192426
ENIL,20210729,188.25,202,185,200.2,319982
EPL,20210729,233.55,243.75,233.55,241.1,200883
EQ30,20210729,387.9,388.7,382.5,387.4,458
EQUITAS,20210729,131.15,133.5,128.8,131.6,1407542
EQUITASBNK,20210729,65.15,65.3,62.8,63.25,1170161
ERIS,20210729,754.7,775,732,771.15,523655
EROSMEDIA,20210729,25.3,25.8,24.75,24.85,299632
ESABINDIA,20210729,1885,1918.75,1880,1882.15,2695
ESCORTS,20210729,1137.45,1152.7,1135,1137.15,604866
ESSARSHPNG,20210729,10.95,10.95,10.45,10.65,81997
ESTER,20210729,143.8,144.5,141.2,141.6,155516
EUROTEXIND,20210729,12.25,12.25,12.25,12.25,20
EVEREADY,20210729,378,386.35,365.85,374.15,1883649
EVERESTIND,20210729,484.9,499,479.3,483.75,150552
EXCEL,20210729,3.65,3.9,3.65,3.7,62901
EXCELINDUS,20210729,1190,1216.9,1180.05,1186.05,18203
EXIDEIND,20210729,177.3,177.8,174,174.2,2412829
EXPLEOSOL,20210729,1149.85,1174.6,1111,1152.85,12735
FACT,20210729,132.55,135.3,132.55,133.15,144498
FAIRCHEMOR,20210729,1739.85,1739.95,1630,1668.6,24343
FCL,20210729,106,108.95,102.4,105.9,1050642
FCONSUMER,20210729,8.15,8.2,7.9,8.05,5471956
FCSSOFT,20210729,1.9,2.1,1.9,2.1,8993788
FDC,20210729,369.7,372,358.5,360.7,171858
FEDERALBNK,20210729,85.95,86.4,85,85.9,12676353
FEL,20210729,10.35,10.65,9.8,9.95,1371017
FELDVR,20210729,12.65,13.6,12.65,13.35,30461
FIEMIND,20210729,805.5,806.85,786.95,795.95,25327
FILATEX,20210729,102.5,102.95,100.1,100.85,834323
FINCABLES,20210729,521.5,529,515.25,522.8,131169
FINEORG,20210729,2958,2966,2915.05,2930.3,12423
FINPIPE,20210729,176.5,180.9,175.7,176.7,1363478
FLEXITUFF,20210729,20.6,21.45,20.55,20.55,13893
FLFL,20210729,69,71.4,67.2,69.35,104305
FLUOROCHEM,20210729,1678,1749.75,1665.75,1732.7,101838
FMGOETZE,20210729,298,310,297.15,308.35,204415
FMNL,20210729,14.65,14.65,13.65,13.7,136731
FORCEMOT,20210729,1481.05,1534,1470.55,1501.05,149052
FORTIS,20210729,251.25,255,246.7,252.55,1925994
FOSECOIND,20210729,1620,1651,1589.95,1602.25,9437
FRETAIL,20210729,59.25,62,59.25,60.45,1596161
FSC,20210729,82.75,83.85,79.25,79.6,172672
FSL,20210729,204.95,212,196.2,201.2,15695715
GABRIEL,20210729,138.95,141.7,136.2,139.05,1372661
GAEL,20210729,186,194.45,185,191.55,1226680
GAIL,20210729,138.9,139.6,136.95,137.5,6963674
GAL,20210729,2.75,2.8,2.7,2.8,2086322
GALAXYSURF,20210729,3046.5,3109,3002.55,3101.75,18415
GALLANTT,20210729,81.7,88,80.2,84.8,1221085
GALLISPAT,20210729,55,66.6,55,66.35,2503842
GAMMNINFRA,20210729,1.9,1.9,1.9,1.9,484216
GANDHITUBE,20210729,473.3,484.9,473.3,480.8,29648
GANECOS,20210729,523,528.95,512,515.8,10265
GANESHHOUC,20210729,108,111.6,103.65,111.6,33626
GANGAFORGE,20210729,111.7,112.6,110.5,112.5,49420
GANGESSECU,20210729,92.1,96,92.05,92.95,10933
GARFIBRES,20210729,3530,3542.7,3428.35,3456.4,16830
GATI,20210729,156,161,156,159.1,622721
GAYAPROJ,20210729,42.8,44.8,42.5,43.65,3405492
GDL,20210729,295.8,295.8,280,286.8,215446
GEECEE,20210729,175.7,178,173.1,174,15089
GEEKAYWIRE,20210729,104.85,107,100.05,101.95,40619
GENCON,20210729,49.85,52,48.5,49.2,71153
GENESYS,20210729,154,154.7,144.15,147.65,21740
GENUSPAPER,20210729,11.75,12,11.25,11.95,530404
GENUSPOWER,20210729,70.95,82,69.7,74.25,6896777
GEOJITFSL,20210729,93,93.7,86.45,87.6,1453173
GEPIL,20210729,333,337,330.1,331.9,226446
GESHIP,20210729,360.25,375.7,335.05,342.95,1713351
GET&D,20210729,136.65,145.65,136.65,143.85,504846
GFLLIMITED,20210729,73.5,77.85,73.5,75.95,402066
GFSTEELS,20210729,4.05,4.25,4.05,4.25,1817
GHCL,20210729,366,398,365.25,388.75,3217160
GICHSGFIN,20210729,179.15,179.8,174.8,175.4,181050
GICRE,20210729,181,183,178.05,179.1,508970
GILLANDERS,20210729,59.75,60.95,57.45,59.8,7402
GILLETTE,20210729,5945,6087.1,5880.05,5933.95,4586
GINNIFILA,20210729,37.8,38,37.4,37.65,191470
GIPCL,20210729,99,100.75,97.6,98.2,635704
GKWLIMITED,20210729,692,693.2,666.05,687.8,2419
GLAND,20210729,3915,4070,3876,3999.3,180714
GLAXO,20210729,1630.1,1650,1602.35,1627,28518
GLENMARK,20210729,590.2,595.1,585.05,591.6,2245219
GLFL,20210729,2.55,2.65,2.55,2.6,11162
GLOBAL,20210729,47.4,48.9,47.2,47.55,9287
GLOBALVECT,20210729,71,71.3,67.95,67.95,80578
GLOBE,20210729,212.45,212.75,202.65,212.7,59853
GLOBUSSPR,20210729,726,735,722.7,727.6,71111
GMBREW,20210729,580,581.9,571.6,576.45,32620
GMDCLTD,20210729,65,73.4,65,71,10039617
GMMPFAUDLR,20210729,4625,4684,4610.55,4635.65,17427
GMRINFRA,20210729,27.75,28.3,27.55,28.05,16865238
GNA,20210729,621.8,693,611.7,655.05,1116702
GNFC,20210729,387.4,387.45,378.25,380.2,413250
GOACARBON,20210729,427,431,411.2,417.5,28364
GOCLCORP,20210729,275.2,296,275.2,291.85,278557
GODFRYPHLP,20210729,1053.75,1053.75,1036.05,1043,26042
GODHA,20210729,40,40,40,40,80
GODREJAGRO,20210729,661,664.2,654.25,658.6,203918
GODREJCP,20210729,1004,1007.85,982.1,986.85,519303
GODREJIND,20210729,545.5,550,539,542.95,84641
GODREJPROP,20210729,1540,1578,1538,1564.05,622122
GOKEX,20210729,204,207.8,198,199.2,161816
GOKUL,20210729,30.7,31.3,30,30.4,101971
GOKULAGRO,20210729,40.65,43.5,40.65,42.05,388830
GOLDBEES,20210729,42.58,42.58,41.41,41.68,2648324
GOLDENTOBC,20210729,72.4,74.8,70.2,74.8,281796
GOLDIAM,20210729,591.95,596.9,588,591.3,22418
GOLDSHARE,20210729,41.7,41.8,41.5,41.75,84545
GOLDTECH,20210729,12.9,13.9,12.9,13.35,31533
GOODLUCK,20210729,266,273.8,266,273.8,640954
GOODYEAR,20210729,1285,1287.4,1256,1263.75,52939
GPIL,20210729,1848,1848,1686,1739.3,115596
GPPL,20210729,105.85,112.35,105.25,109.8,2123928
GPTINFRA,20210729,99.7,99.7,95.55,96.75,70669
GRANULES,20210729,373.9,376.4,369.3,371.2,2548064
GRAPHITE,20210729,687.3,705.95,673,691.25,1135772
GRASIM,20210729,1543,1557.6,1523,1544.6,1218918
GRAVITA,20210729,182.8,187.7,180.85,182.05,513377
GREAVESCOT,20210729,163.2,166.6,162.15,163.15,1195848
GREENLAM,20210729,1393.75,1419.05,1351.25,1362.45,10002
GREENPANEL,20210729,250,259.2,248.1,255.65,490086
GREENPLY,20210729,191.55,191.65,187.65,189.65,710931
GREENPOWER,20210729,3.45,3.45,3.3,3.4,5878491
GRINDWELL,20210729,1300,1315,1265,1275.7,52064
GRINFRA,20210729,1739.95,1779.9,1720.2,1726.6,305632
GROBTEA,20210729,1349.7,1390,1331.15,1371.75,2279
GRPLTD,20210729,945.75,945.75,924,939.25,1063
GRSE,20210729,204.75,204.75,199.25,199.8,216861
GSCLCEMENT,20210729,50.7,51.8,50.3,50.8,303037
GSFC,20210729,116.95,118.8,116.9,118.3,1137262
GSPL,20210729,337.9,358,337.9,354.15,1050482
GSS,20210729,75.25,77.6,74.95,76,74407
GTL,20210729,20.95,20.95,20.95,20.95,116263
GTLINFRA,20210729,3.6,3.6,3.6,3.6,7626751
GTNTEX,20210729,11.8,11.8,11,11,23832
GTPL,20210729,186.95,193.25,186.95,192.8,116923
GUFICBIO,20210729,186.5,187.85,183.6,184.35,111352
GUJALKALI,20210729,469.9,487.95,466.95,483.75,671512
GUJAPOLLO,20210729,229.55,234.95,228.5,230.9,9043
GUJGASLTD,20210729,708.9,716.8,702.4,706.1,719462
GUJRAFFIA,20210729,35.15,35.15,35.15,35.15,3550
GULFOILLUB,20210729,640.6,650,639.35,648.8,36653
GULFPETRO,20210729,61.85,63.5,61.1,61.4,107205
GULPOLY,20210729,276.05,283,265,271,65561
HAL,20210729,1106.95,1119.6,1095,1099.9,256254
HAPPSTMNDS,20210729,1325,1386,1285,1345.5,2278914
HARRMALAYA,20210729,233.3,237.15,226.8,228.25,304248
HATHWAY,20210729,25.5,25.95,25.3,25.75,3452291
HATSUN,20210729,930.85,939.65,929.1,931.3,13383
HAVELLS,20210729,1160,1184.9,1158.05,1178.75,1302792
HAVISHA,20210729,1.7,1.7,1.7,1.7,74726
HBANKETF,20210729,350,350,344.15,345.89,5946
HBLPOWER,20210729,51.9,54.25,51.85,53,1227768
HBSL,20210729,25.85,26.4,24.05,24.35,12416
HCC,20210729,11.5,11.7,11.35,11.4,3036220
HCG,20210729,235,251.8,235,244.75,1070329
HCL-INSYS,20210729,16,16,15.3,15.5,460346
HCLTECH,20210729,985.55,1009,985.55,1007.6,4732101
HDFC,20210729,2424,2433.65,2405.1,2414.8,3288676
HDFCAMC,20210729,2842,2854.95,2810.05,2826.65,161895
HDFCBANK,20210729,1428.25,1429.95,1413.3,1418.25,6851115
HDFCLIFE,20210729,666.05,669.95,661,662.65,1981009
HDFCMFGETF,20210729,42.55,42.79,42.51,42.73,280195
HDFCNIFETF,20210729,169,169,167,168.09,15067
HDFCSENETF,20210729,565.99,569.99,563.4,565.98,763
HEG,20210729,2242,2294,2218.05,2231.2,253219
HEIDELBERG,20210729,255.2,260.9,254.4,260.25,238823
HEMIPROP,20210729,143.25,146.9,142.25,144.6,995589
HERANBA,20210729,818.7,830,811,821.15,240295
HERCULES,20210729,159.6,164.85,158.05,158.95,178147
HERITGFOOD,20210729,511,516.95,490.1,498.05,287534
HEROMOTOCO,20210729,2784.8,2784.8,2740,2745.7,611448
HESTERBIO,20210729,2345,2422.15,2328.4,2377,7170
HEXATRADEX,20210729,117.45,121.45,116.55,121.45,19596
HFCL,20210729,69,71.75,68.35,71.75,4868533
HGINFRA,20210729,517.9,532.85,512,517.6,345710
HGS,20210729,3050,3078,2911,2947.65,17624
HIKAL,20210729,535,535,515,524.7,173758
HIL,20210729,5465.8,5748,5465.8,5720.6,46947
HILTON,20210729,13.45,14.3,13.2,13.4,26161
HIMATSEIDE,20210729,265,272,260.25,270.6,426042
HINDALCO,20210729,420.5,474,416.8,458.1,61414603
HINDCOMPOS,20210729,327.05,337.5,327.05,331.2,7811
HINDCON,20210729,64.7,71.5,64.7,71.5,173656
HINDCOPPER,20210729,150,156.85,148.8,152.45,9091037
HINDMOTORS,20210729,8.5,8.7,8.3,8.45,202908
HINDNATGLS,20210729,43.05,45.85,43.05,44.65,26490
HINDOILEXP,20210729,118.1,121.55,118.1,119.7,654393
HINDPETRO,20210729,267.75,269,261.25,263.6,6456943
HINDUNILVR,20210729,2361.4,2371.4,2330,2334.75,1012663
HINDZINC,20210729,318.45,325.55,317,323.55,1753832
HIRECT,20210729,156.45,164.65,154.9,160.5,38447
HISARMETAL,20210729,141.65,155,141.65,149.5,163943
HITECH,20210729,727,760,720,724.1,286155
HITECHCORP,20210729,244.75,251.85,240,241.85,21457
HITECHGEAR,20210729,335.95,340.3,330.75,333.55,21152
HLEGLAS,20210729,3545,3545,3400,3439.15,4156
HLVLTD,20210729,9.7,9.7,8.8,9.2,443300
HMVL,20210729,86.1,88.15,86.1,87.1,140092
HNDFDS,20210729,1925,1979,1925,1953.95,3513
HNGSNGBEES,20210729,335.28,338.99,328.1,333.39,13038
HOMEFIRST,20210729,561,572.25,557,565.55,235287
HONAUT,20210729,43205.95,43300,42783.05,43018,1673
HONDAPOWER,20210729,1225,1244.65,1207,1214.65,10977
HOTELRUGBY,20210729,4.65,4.65,4.65,4.65,3372
HOVS,20210729,83.95,83.95,79.35,79.35,21287
HPL,20210729,81,83.8,80.1,83.8,314180
HSCL,20210729,52.3,52.8,51.75,52.05,6011977
HSIL,20210729,269,269,250.3,252.45,1057549
HTMEDIA,20210729,29.65,33.4,29.25,32.7,2688439
HUBTOWN,20210729,36.15,36.15,36.15,36.15,73984
HUDCO,20210729,45.45,45.5,45.1,45.4,4758602
HUHTAMAKI,20210729,306.15,311,303.15,304.75,85555
IBMFNIFTY,20210729,160,164.5,158.05,161.81,1189
IBREALEST,20210729,151.4,157.9,151,153.4,9502770
IBULHSGFIN,20210729,275.65,285,271,280.75,23658987
ICDSLTD,20210729,37.1,37.1,37.1,37.1,932
ICEMAKE,20210729,81.6,86,81.2,85.05,17429
ICICI500,20210729,223.65,225.69,222,225.41,1012
ICICIALPLV,20210729,164.45,165,160.9,161.57,11438
ICICIB22,20210729,40.29,40.36,39.5,40.17,17259092
ICICIBANK,20210729,692.5,692.5,683.1,687.5,11043138
ICICIBANKN,20210729,375.4,375.4,344.11,345.52,882
ICICIBANKP,20210729,171.7,181.15,171.7,177.98,1141
ICICIGI,20210729,1499.35,1507.85,1483.3,1495.95,456612
ICICIGOLD,20210729,42.43,42.79,42.35,42.62,246278
ICICILIQ,20210729,1000,1000,999.5,999.99,1220
ICICILOVOL,20210729,132,132,128.14,129.6,94621
ICICIM150,20210729,105.2,105.2,103.5,104.88,3690
ICICIMCAP,20210729,97.4,97.4,96,96.26,2797
ICICINF100,20210729,173.99,174.48,172.1,174,1949
ICICINIFTY,20210729,173,173,158.45,169.19,80776
ICICINV20,20210729,86.25,86.6,77.9,86.39,7790
ICICINXT50,20210729,40,41.28,39.6,40.08,27300
ICICIPHARM,20210729,86.96,88.48,86.6,86.96,6810
ICICIPRULI,20210729,652.5,659.55,633.65,636.35,1739712
ICICISENSX,20210729,572.5,572.9,569.5,570.09,739
ICICITECH,20210729,307,309.09,305,308.54,26060
ICIL,20210729,265,273.9,255.15,267.9,719566
ICRA,20210729,3800,4150,3750,3752.35,71679
IDBI,20210729,38,38.15,37.65,37.8,7156971
IDBIGOLD,20210729,4466,4466,4375,4434.5,216
IDEA,20210729,8.35,8.6,8.15,8.25,208357478
IDFC,20210729,58,58.75,57.65,58.25,4316190
IDFCFIRSTB,20210729,51.1,52.2,50.2,51.95,40156418
IDFNIFTYET,20210729,165.19,165.78,165.19,165.78,16
IEX,20210729,422.9,436.5,418.1,433.85,2014889
IFBAGRO,20210729,596.8,617.45,586.05,605,30917
IFBIND,20210729,1031.6,1044.95,990,1004.3,38897
IFCI,20210729,14,14.15,13.8,13.9,2463939
IFGLEXPOR,20210729,392.3,409.9,391.65,402.45,41040
IGARASHI,20210729,546,547.95,520,524.95,127273
IGL,20210729,549.25,560.95,545,547.6,1860887
IGPL,20210729,691,704.45,682,694.55,44105
IIFL,20210729,299.85,310,292.1,307.9,252273
IIFLSEC,20210729,106.05,114.35,105.6,112.1,1209057
IIFLWAM,20210729,1300,1307.5,1275,1296.3,25963
IITL,20210729,74.9,74.9,69.95,71.7,2148
IMAGICAA,20210729,9.1,9.1,8.55,8.6,88005
IMFA,20210729,764.9,857,758,841.1,519290
IMPAL,20210729,874.85,874.85,839.9,850.15,26263
INCREDIBLE,20210729,35.5,36.2,33.6,35.7,28125
INDBANK,20210729,34,34,32.35,32.8,135690
INDHOTEL,20210729,146.8,148.9,146.45,148,1817073
INDIACEM,20210729,192.65,194,191.4,193.1,1001677
INDIAGLYCO,20210729,687,695.2,684.85,689.6,133637
INDIAMART,20210729,7084.3,7169,7084.25,7145.8,45551
INDIANB,20210729,136.25,139.9,135.6,138.8,2171279
INDIANCARD,20210729,218.8,220,212,212.35,4672
INDIANHUME,20210729,232.15,234.6,228.55,230.65,43074
INDIGO,20210729,1675,1678.2,1640.3,1653.2,551479
INDIGOPNTS,20210729,2581,2598.6,2550.5,2564.95,10829
INDLMETER,20210729,14.2,14.4,13.9,14,69308
INDNIPPON,20210729,425,430,417.75,419.2,70836
INDOCO,20210729,449.3,453.55,438.35,442.25,132350
INDORAMA,20210729,52.35,54,51.9,52.7,61366
INDOSTAR,20210729,340.3,344.5,335.35,336.5,20497
INDOTECH,20210729,247.5,248,227.15,230.35,11802
INDOTHAI,20210729,72,72.9,69.2,70,83271
INDOWIND,20210729,7.35,7.35,7,7.1,75262
INDRAMEDCO,20210729,81.6,82.4,81,81.25,250191
INDSWFTLAB,20210729,109.1,112.2,107.3,111.6,365282
INDSWFTLTD,20210729,6.95,6.95,6.95,6.95,2009
INDTERRAIN,20210729,40.6,44.1,40.6,43.25,331100
INDUSINDBK,20210729,997.95,1003.45,987,992.05,3459503
INDUSTOWER,20210729,233.6,234,220.95,221.95,5134902
INEOSSTYRO,20210729,1425,1426.75,1406,1409.45,18338
INFIBEAM,20210729,45,46.5,43.9,44.05,8206387
INFOBEAN,20210729,489.8,495,470.1,486.1,14220
INFRABEES,20210729,463.69,463.69,453.95,456.07,922
INFY,20210729,1600.1,1620,1600.1,1617,4660873
INGERRAND,20210729,998,1001.75,985.05,993.85,16183
INOXLEISUR,20210729,318.5,333.1,312.5,322.55,1074221
INOXWIND,20210729,130.1,142.7,128,135.65,3050347
INSECTICID,20210729,759.65,769.95,752,756.95,18856
INSPIRISYS,20210729,61.85,68,61.85,67.95,44649
INTELLECT,20210729,755.7,760.95,695.05,705.35,1361790
INTENTECH,20210729,106.2,114.55,106.2,114.55,199508
INVENTURE,20210729,3.65,3.65,3.5,3.55,5201671
IOB,20210729,24.5,24.65,24.2,24.3,6583392
IOC,20210729,104.25,104.5,103.2,103.9,10093200
IOLCP,20210729,675.25,677.85,663,670.3,419058
IPCALAB,20210729,2176.55,2188.55,2124.15,2142.3,63573
IPL,20210729,337.95,338.3,332,333.25,358093
IRB,20210729,163.4,165,154.55,159.75,3835195
IRCON,20210729,44,44.2,43.1,43.75,1869926
IRCTC,20210729,2287.8,2343.5,2286,2321.1,892458
IRFC,20210729,23,23.1,22.85,22.85,6718597
IRISDOREME,20210729,174.9,183.6,174.9,183.6,18169
ISEC,20210729,729,735,721,723.85,350043
ISFT,20210729,107.45,111.1,104.55,111.1,43785
ISGEC,20210729,804.6,817,796.7,801.85,248521
ISMTLTD,20210729,24,26,24,26,57397
ITC,20210729,209.1,210.2,205.65,206.05,15603733
ITDC,20210729,394.9,399.75,392.3,393.55,36715
ITDCEM,20210729,85.25,86.4,85.25,85.65,321709
ITI,20210729,125.25,126.95,124.6,125.35,338779
IVC,20210729,8.15,8.25,8.1,8.25,1771259
IVP,20210729,121.9,124.55,121.85,121.85,65212
IVZINGOLD,20210729,4301,4330,4297.2,4329.8,25
IWEL,20210729,748,785.95,748,785.95,3083
IZMO,20210729,133.3,135.35,131,135.35,191707
J&KBANK,20210729,38.2,38.95,37.5,38.3,3110850
JAGRAN,20210729,66.25,68.5,66.05,66.55,400148
JAGSNPHARM,20210729,177.2,179.15,173.8,174.25,63899
JAIBALAJI,20210729,61.45,64.5,60.9,64.5,103999
JAICORPLTD,20210729,157.6,161.8,155.5,156.05,1671704
JAMNAAUTO,20210729,87,91,85.8,87.3,1740886
JASH,20210729,565.15,574,556,565.5,19950
JAYAGROGN,20210729,283.9,297,282.1,286.6,132523
JAYBARMARU,20210729,215,223.95,215,216.3,81280
JAYNECOIND,20210729,24.8,25.7,23.9,25.25,605933
JAYSREETEA,20210729,136,136.85,125.95,126.65,747931
JBCHEPHARM,20210729,1826.65,1837.75,1780.7,1805.2,159616
JBFIND,20210729,34.2,34.5,31.9,31.9,395925
JBMA,20210729,494.5,494.5,482,484.25,48741
JCHAC,20210729,2284.95,2371.6,2281,2321.2,62113
JHS,20210729,24,26.15,24,26.15,441319
JINDALPHOT,20210729,70.5,74.85,70.5,74.2,4673
JINDALPOLY,20210729,999.55,1009.5,985.5,995.05,89498
JINDALSAW,20210729,142.2,147.6,140.5,142.4,6612787
JINDALSTEL,20210729,421.7,447,419.1,437.6,24314941
JINDRILL,20210729,132.05,135.7,132.05,133.45,39619
JINDWORLD,20210729,75.4,79.85,75.2,76.6,894399
JISLDVREQS,20210729,19.05,20.2,19.05,20.2,93946
JISLJALEQS,20210729,30.65,31.75,30.45,31.75,1582315
JITFINFRA,20210729,27.4,27.4,27.4,27.4,15040
JIYAECO,20210729,5.9,5.9,5.6,5.8,16932
JKCEMENT,20210729,3050,3212,3041,3178.4,117514
JKIL,20210729,214.9,217.7,208.2,210.95,359778
JKLAKSHMI,20210729,731.8,816,721.25,734.95,1947291
JKPAPER,20210729,271,274,258,262.7,12428396
JKTYRE,20210729,140.6,142.2,139.4,140.75,1613720
JMA,20210729,65,65.95,64.25,65.1,19559
JMCPROJECT,20210729,121.8,128.35,118.1,126.65,661746
JMFINANCIL,20210729,107.8,109.25,103.55,104.35,6652487
JMTAUTOLTD,20210729,3.05,3.05,2.9,2.95,448174
JOCIL,20210729,270,287,267.45,276.45,150578
JPASSOCIAT,20210729,12.5,12.6,11.75,12.3,7122174
JPINFRATEC,20210729,2.1,2.2,2.1,2.1,3874989
JPPOWER,20210729,4.85,4.9,4.7,4.7,61294490
JSL,20210729,151.75,164.7,148,158.8,7562359
JSLHISAR,20210729,276,295,272.1,286.2,2444934
JSWENERGY,20210729,243.1,257,242.1,250.05,3872479
JSWHL,20210729,4697.9,5617.95,4629.4,5178.5,15980
JSWISPL,20210729,38.9,40.5,38.25,40.5,4000197
JSWSTEEL,20210729,725.5,758.1,723.05,748.4,18513875
JTEKTINDIA,20210729,112.95,125.5,111.5,123.3,4837878
JUBLFOOD,20210729,3645.15,3740,3630.05,3723.2,557916
JUBLINDS,20210729,407,412,392,396.65,95114
JUBLINGREA,20210729,604.75,611.9,588.65,592.2,927640
JUBLPHARMA,20210729,674.6,689.8,672.1,685.8,209847
JUMPNET,20210729,10.2,10.3,9.9,9.95,385739
JUNIORBEES,20210729,386.55,412.98,386.55,410.78,119488
JUSTDIAL,20210729,961.25,971,955.7,966.75,1071164
JYOTHYLAB,20210729,174.4,177.45,169.45,171.8,1139972
KABRAEXTRU,20210729,216,219.45,207.2,208.75,263829
KAJARIACER,20210729,982.7,989,960,972.2,70935
KAKATCEM,20210729,267.9,275,262.55,271.55,56239
KALPATPOWR,20210729,462.7,475.05,462.5,467.85,158533
KALYANIFRG,20210729,218.95,220,214.15,214.55,498
KALYANKJIL,20210729,70.85,71.6,70.75,70.95,769212
KAMATHOTEL,20210729,49,49.7,48.4,48.6,24869
KAMDHENU,20210729,172,181.95,172,177.25,147862
KANANIIND,20210729,11.7,11.7,11.15,11.2,24915
KANORICHEM,20210729,189.85,195.9,184.85,193.4,145589
KANPRPLA,20210729,264,283,264,276.15,127846
KANSAINER,20210729,614.8,623.3,612.35,619.85,167987
KAPSTON,20210729,89,89,88.3,88.3,44
KARDA,20210729,198,203.05,190.8,194.65,291846
KARMAENG,20210729,27.55,27.55,27.55,27.55,9478
KARURVYSYA,20210729,46.45,49.65,45.45,48.6,8684994
KAUSHALYA,20210729,3.2,3.2,3.2,3.2,14195
KAVVERITEL,20210729,2.4,2.4,2.4,2.4,3394
KAYA,20210729,488.55,502.9,488.55,491.8,41517
KCP,20210729,160.45,164.5,156.55,159.5,439916
KCPSUGIND,20210729,25.85,26.75,25.6,26.3,916292
KDDL,20210729,361.5,370,360.55,365.85,4588
KEC,20210729,428,431.9,423.35,430.05,203907
KECL,20210729,19,19.25,18.65,19,78055
KEERTI,20210729,20.7,21.1,19.85,19.9,14237
KEI,20210729,703,728,703,721.65,100205
KELLTONTEC,20210729,58.25,59.4,56.55,57.5,2022773
KENNAMET,20210729,1285,1300.4,1251.6,1265.45,12458
KERNEX,20210729,74.9,76.95,69.65,75.6,45375
KESORAMIND,20210729,98.6,100.9,97.6,98.1,2433258
KEYFINSERV,20210729,75,76,73.25,74.25,6818
KHADIM,20210729,283.8,287.25,277.6,280.9,31990
KHAICHEM,20210729,73.95,74.5,72,72.2,290797
KHANDSE,20210729,17.65,19.35,17.55,17.75,11295
KICL,20210729,2037.35,2057.7,1999.25,2048.9,3618
KILITCH,20210729,212.2,222.15,212.2,216.9,89993
KIMS,20210729,1200,1234,1197.05,1215.55,642744
KINGFA,20210729,1113,1113.05,1070.1,1079.95,3392
KIOCL,20210729,276,287.55,272.1,287.55,270598
KIRIINDUS,20210729,568.9,569.7,557.5,559.55,137716
KIRLFER,20210729,292,305,285.1,299,1002411
KIRLOSBROS,20210729,429,435,410,429.2,14477
KIRLOSENG,20210729,246.9,252.9,240.2,241.65,256960
KIRLOSIND,20210729,1670,1710,1670,1699.5,7729
KITEX,20210729,175.85,177.9,170.6,172,310218
KKCL,20210729,923,999,923,939.45,144164
KMSUGAR,20210729,31.3,31.8,30.8,31.4,756849
KNRCON,20210729,273,279.05,270.45,277.5,470820
KOKUYOCMLN,20210729,71.3,72.85,71.3,72.1,137325
KOLTEPATIL,20210729,242.9,247.05,237.95,240.4,646713
KOPRAN,20210729,252,253.9,244,247.95,71047
KOTAKBANK,20210729,1664,1664,1635.1,1641.65,2994265
KOTAKBKETF,20210729,352.48,352.48,349,349.94,43092
KOTAKGOLD,20210729,41.65,42,41.65,41.93,173118
KOTAKIT,20210729,33.5,33.5,29.54,30.44,7826
KOTAKNIFTY,20210729,166.1,166.94,165.5,165.96,16441
KOTAKNV20,20210729,88.3,88.4,86.5,87.92,23943
KOTAKPSUBK,20210729,235,239.38,232.03,238.69,7497
KOTARISUG,20210729,38.3,39.4,38.05,38.85,281986
KOTHARIPET,20210729,42.95,43.45,42.1,43.15,88501
KOTHARIPRO,20210729,111.5,115,110,110.4,8971
KPIGLOBAL,20210729,131.5,132.7,127.15,128.1,312237
KPITTECH,20210729,289.45,296.55,287.6,289.2,925736
KPRMILL,20210729,1974,1999,1916.65,1947.15,51031
KRBL,20210729,268.45,282.85,268.45,279.1,927156
KREBSBIO,20210729,123,136,122.45,133.8,135328
KRIDHANINF,20210729,5.75,5.75,5.4,5.5,105590
KRISHANA,20210729,142.1,146.9,135.9,137.8,23414
KSB,20210729,1057,1089,1057,1077.3,22398
KSCL,20210729,708,721,708,718.3,223246
KSL,20210729,444,462,435.2,451.6,620949
KTKBANK,20210729,57.9,64.35,57.7,62.45,8780531
KUANTUM,20210729,92.55,95.75,92.55,93.95,326550
L&TFH,20210729,86.5,86.95,85.4,86.25,7335944
LALPATHLAB,20210729,3660,3755.9,3605.8,3720.95,317041
LAMBODHARA,20210729,95,98,95,98,25551
LAOPALA,20210729,268.05,274.1,267.9,271.6,58845
LASA,20210729,74.9,75,73.6,74.1,163411
LAURUSLABS,20210729,624.65,625.9,595,605.4,6061297
LAXMIMACH,20210729,8045,8324,8045,8240.3,36733
LCCINFOTEC,20210729,1.7,1.75,1.7,1.7,312780
LEMONTREE,20210729,40.9,42.2,40.6,41.9,3520456
LFIC,20210729,79.45,80.15,79.45,79.65,260
LGBBROSLTD,20210729,540,545.75,525,534.4,226869
LGBFORGE,20210729,8.55,8.6,8,8.05,385337
LIBAS,20210729,69.95,71.35,68.9,69.6,332175
LIBERTSHOE,20210729,182.25,183.25,179.5,180.85,291504
LICHSGFIN,20210729,435.2,440.1,412.4,414.9,9397186
LICNETFGSC,20210729,22.33,22.33,22,22.04,2053
LICNETFN50,20210729,200.5,200.83,200.5,200.83,76
LICNETFSEN,20210729,564,564,554.07,554.07,66
LICNFNHGP,20210729,163.9,163.9,161.5,161.75,204
LIKHITHA,20210729,402.2,408.55,402.2,404.15,66744
LINCOLN,20210729,346.55,354.6,342.05,344.2,129579
LINCPEN,20210729,198.45,208.3,198.2,208.3,19427
LINDEINDIA,20210729,1720,1794,1720,1735.8,134558
LIQUIDBEES,20210729,1002.36,1002.36,999.51,999.99,1308801
LIQUIDETF,20210729,1000.04,1000.04,999.99,999.99,144898
LODHA,20210729,860,885.35,851,855.8,224725
LOKESHMACH,20210729,43.5,44.2,40.8,41,34191
LOTUSEYE,20210729,46.1,46.4,44.35,45.45,1851
LOVABLE,20210729,124.5,129.3,124.5,128,331798
LPDC,20210729,5.65,5.65,5.65,5.65,140662
LSIL,20210729,3.1,3.25,3.1,3.25,1992754
LT,20210729,1594,1607.35,1586,1596,1672177
LTI,20210729,4388.25,4659.95,4358,4639.65,1180829
LTTS,20210729,3520,3818,3454.3,3682.7,852256
LUMAXIND,20210729,1486.45,1538.8,1475.05,1531.4,7198
LUMAXTECH,20210729,167,169.9,162.2,167.1,119708
LUPIN,20210729,1103.5,1110,1077.55,1085.9,1395326
LUXIND,20210729,4154,4251.9,4111.7,4172.65,52218
LXCHEM,20210729,258.4,263.7,256.9,257.9,851707
LYKALABS,20210729,75,75.85,73,75.85,368513
LYPSAGEMS,20210729,5.35,5.4,5,5.25,37117
M&M,20210729,730,738.85,726.1,731.45,2489035
M&MFIN,20210729,143.15,149.05,143.1,148.7,12146400
MAANALU,20210729,400,400,389.05,395.1,20077
MACPOWER,20210729,159,162.9,149.2,161.35,68521
MADHAV,20210729,66.65,71.9,65.05,68.6,160658
MADHUCON,20210729,6.75,6.95,6.65,6.95,45311
MADRASFERT,20210729,30.95,31.5,30.75,31,97318
MAESGETF,20210729,27.68,27.68,26.65,26.82,88580
MAFANG,20210729,53.75,53.91,53.66,53.84,184945
MAGADSUGAR,20210729,327,343.75,327,337.15,74509
MAGMA,20210729,177.8,184.05,177.8,180.15,1694813
MAGNUM,20210729,8.85,9.75,8.85,9.55,89162
MAHABANK,20210729,21.5,21.95,21.3,21.4,4739793
MAHAPEXLTD,20210729,123.95,123.95,116.5,119,3016
MAHASTEEL,20210729,108.4,118.1,108.4,114.8,250560
MAHEPC,20210729,145.7,145.75,142.05,143.25,81350
MAHESHWARI,20210729,103.95,104,102,103.75,31590
MAHINDCIE,20210729,270.75,275.3,267.5,273.35,832042
MAHLIFE,20210729,774.6,779.35,735,754,285310
MAHLOG,20210729,615,681,610.3,671.75,2048628
MAHSCOOTER,20210729,4119.9,4254,4065.6,4245.6,17257
MAHSEAMLES,20210729,309.1,323,309.1,317.65,202545
MAITHANALL,20210729,1105,1191,1105,1172.8,558447
MAJESCO,20210729,91,92.15,90.6,90.9,123878
MALUPAPER,20210729,42.05,44,39.8,40.75,669728
MAN50ETF,20210729,162.22,162.72,161.76,162.45,392
MANAKALUCO,20210729,17.8,17.8,17.2,17.35,22997
MANAKCOAT,20210729,12.95,14,12.95,13.9,28038
MANAKSIA,20210729,70.45,71.85,69.15,69.95,118016
MANAKSTEEL,20210729,34.45,35.1,34.05,34.55,135815
MANALIPETC,20210729,82.35,82.8,81,81.45,198188
MANAPPURAM,20210729,209.05,211.65,206.55,208.6,5389488
MANGALAM,20210729,185.45,189.1,181.6,183.55,140136
MANGCHEFER,20210729,85.7,85.7,80.15,81.2,628643
MANGLMCEM,20210729,459.45,473,451.5,465.65,176280
MANINDS,20210729,135.3,136.85,132.1,133.4,699958
MANINFRA,20210729,65.65,69.3,65.65,67.5,1077280
MANUGRAPH,20210729,13.7,14.2,13.6,13.8,11018
MANXT50,20210729,391.13,393.46,389.88,391.28,499
MARALOVER,20210729,76.45,76.45,70.65,73.8,172728
MARATHON,20210729,77.35,77.85,74.9,77.85,78564
MARICO,20210729,532.9,534,527,527.85,654581
MARINE,20210729,51.1,51.95,48.9,49.4,1279092
MARKSANS,20210729,81.9,83.55,81.5,82.4,1597768
MARUTI,20210729,7130,7130,6936,6993.5,1519226
MASFIN,20210729,800,830,799.25,815.15,89799
MASKINVEST,20210729,34.7,34.7,34.7,34.7,3
MASTEK,20210729,2609.95,2640,2576,2613.05,97041
MATRIMONY,20210729,1121.6,1205,1115.65,1183.1,131711
MAWANASUG,20210729,92.55,102.25,92.55,101.45,220273
MAXHEALTH,20210729,274.65,279.55,274.65,276.2,670097
MAXIND,20210729,71.9,72.5,71.1,72.05,102003
MAXVIL,20210729,86.45,93.4,86.25,90.55,1005589
MAYURUNIQ,20210729,522.9,531,516.15,518.55,188784
MAZDA,20210729,607.7,607.7,569.95,577.3,16222
MAZDOCK,20210729,255.7,261.75,255,258,554825
MBAPL,20210729,144.95,150.25,139.55,147.4,20655
MBECL,20210729,11.1,11.65,11,11.35,61856
MBLINFRA,20210729,23.75,23.75,22.65,22.85,70913
MCDHOLDING,20210729,54.45,54.65,51.25,52.25,21724
MCDOWELL-N,20210729,640,643,633.4,638,984828
MCL,20210729,41.5,42.15,38.1,39.1,891226
MCLEODRUSS,20210729,34.8,34.8,34.8,34.8,140201
MCX,20210729,1635,1650,1604.6,1610.25,224067
MEGA-RE,20210729,3,3.2,2.9,2.95,286847
MEGASOFT,20210729,14.2,14.3,13.85,14.25,123742
MENONBE,20210729,80.45,84,80.45,82.9,129320
MEP,20210729,22.75,23.65,22.75,22.9,159923
MERCATOR,20210729,2.75,2.75,2.75,2.75,220948
METROPOLIS,20210729,2950,3112,2949.95,3069.05,224956
MFSL,20210729,1118,1148.05,1110.5,1114.85,1014364
MGEL,20210729,56.4,57,55.25,55.9,5150
MGL,20210729,1185,1185,1102.35,1108.8,2702433
MHRIL,20210729,326,333.5,310,319.5,2120741
MIDHANI,20210729,189,193.45,187.35,188.8,764213
MINDACORP,20210729,133.3,135.65,132.75,133.45,232226
MINDAIND,20210729,735.95,737.5,723.8,735.75,134338
MINDTECK,20210729,124.7,125.5,113.6,113.9,245196
MINDTREE,20210729,2729,2814,2725.3,2795.5,813518
MIRCELECTR,20210729,20.9,21.25,20.1,20.55,203658
MIRZAINT,20210729,62.6,64.8,62.2,63.75,1469329
MITTAL,20210729,12.15,12.15,11.7,11.8,72505
MMFL,20210729,740.9,755.95,721.8,745.55,9653
MMP,20210729,149.8,161,149.75,157.65,165398
MMTC,20210729,50.9,53.45,50.4,50.65,7437402
MODIRUBBER,20210729,74.4,74.4,70.25,72.45,2864
MODISNME,20210729,89.8,94.5,88.25,93,531415
MOGSEC,20210729,48.4,48.4,48.36,48.36,144
MOHITIND,20210729,14.95,15.1,13.7,14.95,41392
MOHOTAIND,20210729,9.65,9.65,9,9.3,37174
MOIL,20210729,188.25,192.8,183,188.9,1119405
MOKSH,20210729,29.4,29.5,28.5,29.5,1096722
MOLDTECH,20210729,94.8,94.8,90.1,91.9,40478
MOLDTKPAC,20210729,516.6,540,515,527.6,170975
MOM100,20210729,29.3,29.3,28.8,28.94,43294
MOM50,20210729,157,157.47,155.69,156.82,685
MON100,20210729,110.9,110.9,110,110.4,2771528
MONTECARLO,20210729,368.55,371,356.7,365.15,99494
MORARJEE,20210729,20.55,20.55,19.2,19.75,34896
MOREPENLAB,20210729,66.75,67.5,65.7,65.9,1587859
MOTHERSUMI,20210729,230.3,240.2,229.55,238.45,10925114
MOTILALOFS,20210729,1050,1073.85,1042.1,1059,585515
MOTOGENFIN,20210729,22.5,22.5,21.1,21.3,8735
MPHASIS,20210729,2591,2677.5,2563,2669.6,868934
MPSLTD,20210729,704,749.95,700,708.1,248365
MRF,20210729,80002.3,80297.8,79451.95,79725.5,5158
MRO-TEK,20210729,33.45,33.5,32.5,32.8,3943
MRPL,20210729,46.75,46.8,45.45,45.7,1355495
MSPL,20210729,10.9,11.35,10.8,11.35,387443
MSTCLTD,20210729,284.4,294.95,283.8,288,243302
MTARTECH,20210729,1418,1445,1410.1,1416.25,115318
MTEDUCARE,20210729,9.5,9.7,9.3,9.7,251947
MTNL,20210729,20.95,21.8,20.75,21.8,2659697
MUKANDLTD,20210729,140,145.75,139.5,141.95,74707
MUKTAARTS,20210729,40,40.7,39.05,39.75,51580
MUNJALAU,20210729,66.15,67.05,65.4,65.8,179196
MUNJALSHOW,20210729,157,160,155,155.55,235052
MURUDCERA,20210729,28.85,31.25,28.45,31,562109
MUTHOOTCAP,20210729,454.9,465,450.65,454.45,48907
MUTHOOTFIN,20210729,1545,1567.2,1540.1,1563.05,540846
NACLIND,20210729,76.75,80,76.5,77.4,98469
NAGAFERT,20210729,15.35,16.95,15.35,16.25,1129126
NAGREEKCAP,20210729,7.6,7.95,7.55,7.55,625
NAGREEKEXP,20210729,37.05,37.8,37.05,37.8,21159
NAHARCAP,20210729,251.6,298,251.6,283.8,293091
NAHARINDUS,20210729,139,141.75,139,141.75,60942
NAHARPOLY,20210729,211.9,229.6,211.9,220.9,290464
NAHARSPING,20210729,386,388.1,377,388.1,33469
NAM-INDIA,20210729,399.5,403.35,392.2,400.75,928318
NATCOPHARM,20210729,1015,1026.3,1013,1018.4,155016
NATHBIOGEN,20210729,366,366,358,360.25,16140
NATIONALUM,20210729,86.5,93.45,85.6,92.95,109597023
NATNLSTEEL,20210729,3.95,4.1,3.95,4.1,8682
NAUKRI,20210729,5258.85,5287.7,5187.35,5208.9,361282
NAVINFLUOR,20210729,3534.4,3598.6,3450,3573.7,368561
NAVKARCORP,20210729,47.4,49.95,47.1,48.45,1330106
NAVNETEDUL,20210729,98.65,98.65,96.1,97.25,315704
NAZARA,20210729,1841,1865,1815.7,1835.15,115390
NBCC,20210729,48.7,52.2,48.35,51.65,15567161
NBIFIN,20210729,2269.85,2280,2252.05,2272.7,1398
NBVENTURES,20210729,117.9,121.65,117.1,119.9,1303489
NCC,20210729,85.8,87.3,85.25,86.75,4885087
NCLIND,20210729,262.35,266.8,258.15,259.3,125105
NCPSESDL24,20210729,106,106,105.49,105.53,1968
NDGL,20210729,1426,1519,1422,1432.3,467
NDL,20210729,76,77,74.05,77,162546
NDRAUTO,20210729,343.35,360.5,330,360,7414
NDTV,20210729,72.55,74.05,70.6,73.8,114505
NECCLTD,20210729,19.25,19.55,17.95,18.45,911459
NECLIFE,20210729,37.15,37.5,34.65,35.35,1178415
NELCAST,20210729,93.15,97.95,91.25,96,1218427
NELCO,20210729,380.95,385.75,372,372.9,110973
NEOGEN,20210729,919.9,919.9,887,892,40440
NESCO,20210729,590.55,599,588.8,593.95,40457
NESTLEIND,20210729,17950,18200,17780,17914.75,135536
NETF,20210729,194.76,194.76,194,194.76,405
NETFCONSUM,20210729,65.59,69.7,65.59,68.8,12312
NETFDIVOPP,20210729,45,45,40.3,41.29,10157
NETFGILT5Y,20210729,48.5,48.5,48.32,48.36,30
NETFIT,20210729,30.53,30.9,30.21,30.85,1158688
NETFLTGILT,20210729,22.51,22.54,22.41,22.46,8283
NETFMID150,20210729,108.7,108.7,104.3,105.25,242779
NETFNIF100,20210729,165.99,166.2,164.02,165.89,586
NETFNV20,20210729,88.7,89.3,88.43,89.14,1439
NETFPHARMA,20210729,14.28,14.28,13.92,13.98,267559
NETFSDL26,20210729,107.27,107.27,104.13,104.13,22059
NETWORK18,20210729,49.05,50.9,46,50.45,1818739
NEULANDLAB,20210729,2015.3,2030,1950.05,1986.95,16356
NEWGEN,20210729,615,625,585,595.5,82577
NEXTMEDIA,20210729,5.65,5.85,5.5,5.7,15683
NFL,20210729,62,62.35,60.65,62.05,1069480
NH,20210729,510.9,513.65,501,504.5,109444
NHPC,20210729,25.8,26.25,25.8,26,3691407
NIACL,20210729,165.3,165.9,162.2,163.15,413057
NIBL,20210729,17.75,18.6,17.75,18.1,18651
NIFTYBEES,20210729,170.25,170.95,168.45,169.95,553884
NIFTYEES,20210729,20648.54,20648.54,20648.54,20648.54,1
NIITLTD,20210729,313,339,309.7,333.85,4562034
NILAINFRA,20210729,6.6,6.7,6.45,6.5,358538
NILASPACES,20210729,2.3,2.3,2.2,2.3,449162
NILKAMAL,20210729,2576.6,2616,2544.75,2584.5,13422
NIPPOBATRY,20210729,1169.9,1282.4,1155.25,1231,254631
NIRAJ,20210729,48.15,48.45,47.1,47.25,9136
NITCO,20210729,25.6,26.4,25.3,25.9,42986
NITINSPIN,20210729,224,241.6,224,239.65,1195907
NITIRAJ,20210729,51.9,51.9,50,50.85,31
NKIND,20210729,26.95,27.1,25.7,26.05,967
NLCINDIA,20210729,56.75,57.95,56.7,57.5,2161248
NMDC,20210729,175.3,184.8,174.4,182.75,42443883
NOCIL,20210729,267.25,268.3,261.5,263.5,719386
NOIDATOLL,20210729,6.25,6.55,6.25,6.4,177902
NORBTEAEXP,20210729,6.65,6.65,6.45,6.65,200
NOVARTIND,20210729,957,957,935,938.25,12550
NPBET,20210729,185.9,198.9,185.9,187.19,1071
NRAIL,20210729,300,302.15,286.2,302.15,328817
NRBBEARING,20210729,140.85,143.4,139.1,140.4,282595
NSIL,20210729,1806.85,2166.65,1777.15,2001.55,26510
NTL,20210729,1.95,1.95,1.95,1.95,5328
NTPC,20210729,117.7,118.25,115.25,116.75,11897018
NUCLEUS,20210729,692,701,681.1,685.75,59642
NURECA,20210729,1578.95,1642.9,1564.05,1642.9,16664
NXTDIGITAL,20210729,481.3,494.95,481.25,487.3,5583
OAL,20210729,949.15,949.15,920,922.45,16228
OBEROIRLTY,20210729,700.35,723.9,686,691.3,435245
OCCL,20210729,1139,1160,1117.45,1131.6,33410
OFSS,20210729,4520,4650,4352.3,4384.8,791581
OIL,20210729,163.9,164.4,161.35,163.5,516820
OILCOUNTUB,20210729,7.85,7.85,7.85,7.85,31401
OLECTRA,20210729,285,291.9,266.6,288.95,479344
OMAXAUTO,20210729,62.9,64.45,60.3,62,24796
OMAXE,20210729,87,88.4,84.65,85.1,64734
OMINFRAL,20210729,32.55,38.75,28.1,34.45,974435
OMKARCHEM,20210729,17.05,17.05,17.05,17.05,50378
ONELIFECAP,20210729,9.7,11.1,9.7,11.1,19291
ONEPOINT,20210729,46,46,41.7,45.6,92630
ONGC,20210729,114.3,115.8,113.3,114.75,14142749
ONMOBILE,20210729,137.6,139.75,136.2,137.3,374828
ONWARDTEC,20210729,245.2,252,240,250.7,41058
OPTIEMUS,20210729,152.8,152.8,144,148.65,48544
OPTOCIRCUI,20210729,4.2,4.2,4.05,4.15,319906
ORBTEXP,20210729,88.35,89.9,84,85.25,77634
ORCHPHARMA,20210729,484.9,484.9,451.95,452.9,44398
ORICONENT,20210729,30.65,31.15,30.15,31.15,276115
ORIENTABRA,20210729,33.4,35.5,33.2,34.05,411968
ORIENTALTL,20210729,10.45,10.8,10.1,10.55,104395
ORIENTBELL,20210729,375,378.8,360.95,363.65,24020
ORIENTCEM,20210729,151.45,158.95,149.5,156.4,2670471
ORIENTELEC,20210729,348.75,352.05,302.55,334.85,3859361
ORIENTHOT,20210729,37.3,37.45,35.5,35.95,94602
ORIENTLTD,20210729,81.1,85,80.45,81.05,11722
ORIENTPPR,20210729,30.85,31.9,30.05,30.4,4111614
ORISSAMINE,20210729,2953,3174,2942.35,3045.8,34291
ORTINLAB,20210729,32.25,33.45,32.1,33.45,52454
OSWALAGRO,20210729,15.85,16.85,15.55,16.35,147798
PAGEIND,20210729,32098.5,32100.35,31353.5,31526.4,21475
PAISALO,20210729,657.95,680,653.7,659.15,49633
PALASHSECU,20210729,76.6,78.55,76.6,78.5,13849
PALREDTEC,20210729,114.6,117.45,112,115.55,38376
PANACEABIO,20210729,299,329.1,297.3,327.35,302065
PANACHE,20210729,74,74,69,69.9,14703
PANAMAPET,20210729,269,278.5,268.1,270.15,777819
PARACABLES,20210729,18,18.4,17.5,17.9,256558
PARAGMILK,20210729,137.6,142.1,136.7,141.25,1283349
PARSVNATH,20210729,15.55,16.3,15.45,15.6,4442405
PATELENG,20210729,16.3,16.65,15.4,15.45,3439747
PATINTLOG,20210729,24.7,25.2,24.1,24.65,64201
PATSPINLTD,20210729,11.95,11.95,11.7,11.95,39870
PBAINFRA,20210729,13.65,14.2,13.3,13.75,3056
PCJEWELLER,20210729,24.05,25.35,23.65,24,4021322
PDMJEPAPER,20210729,43.8,47.45,43.6,45.8,2217378
PDSMFL,20210729,1211,1318.05,1210.05,1278.9,8248
PEARLPOLY,20210729,17,17.4,17,17.4,41028
PEL,20210729,2322.3,2389.8,2287,2317.7,1561725
PENIND,20210729,38.2,42.75,38.15,41.5,13364310
PENINLAND,20210729,15.65,16,15,15.15,511719
PERSISTENT,20210729,3125,3178.85,3090,3123,156704
PETRONET,20210729,217,218.1,214.5,214.9,3141777
PFC,20210729,126.15,128.35,125.65,127.6,3321168
PFIZER,20210729,6024.85,6074.85,5805.1,5846.05,119661
PFOCUS,20210729,60,61.75,58.6,61.05,13477
PFS,20210729,20.4,20.95,20.25,20.35,1093949
PGEL,20210729,380.8,380.8,367.25,372.65,11863
PGHH,20210729,12751,12827.25,12751,12771.05,1962
PGHL,20210729,5390,5465,5386,5402.6,4668
PGIL,20210729,379,386.35,367.4,383.35,178182
PHILIPCARB,20210729,270.9,271.4,260.25,262.7,2789586
PHOENIXLTD,20210729,823.35,846,818.15,834.15,274774
PIDILITIND,20210729,2295.95,2318,2288.85,2296.5,197033
PIIND,20210729,2976,2994.6,2910.8,2947.25,219410
PILANIINVS,20210729,2008.95,2026,1984,2010.3,12759
PILITA,20210729,7.65,8.8,7.4,7.6,4538456
PIONDIST,20210729,124.2,126.75,124.2,125.15,4601
PIONEEREMB,20210729,64.1,70.2,63.65,69.6,2554542
PITTIENG,20210729,193.2,194.95,186.55,190.2,374263
PKTEA,20210729,338.05,353.8,331.35,339.75,1037
PLASTIBLEN,20210729,260.85,274.9,257,273.25,106991
PNB,20210729,38.6,39.7,38.25,39.4,63854550
PNBGILTS,20210729,72.5,73,71.8,71.95,216245
PNBHOUSING,20210729,671.1,693,667,675.8,25089
PNC,20210729,38.45,38.85,37.65,37.8,29345
PNCINFRA,20210729,322.6,322.6,310.9,313,412088
PODDARHOUS,20210729,199.85,204.2,197.1,204.2,7047
PODDARMENT,20210729,410,425,405.45,421.25,53262
POKARNA,20210729,394.7,412.75,390.6,392.4,242613
POLYCAB,20210729,1800,1826.85,1762,1814.75,254104
POLYMED,20210729,1018.65,1044,982.55,994.3,216477
POLYPLEX,20210729,1485,1530,1480.15,1501.75,101311
PONNIERODE,20210729,299.85,307.65,282.6,306.25,16923
POWERGRID,20210729,171,173.55,167.15,167.4,21457249
POWERINDIA,20210729,1940,1945,1898,1912.6,38879
POWERMECH,20210729,782,805,782,794.85,30912
PPAP,20210729,307.25,339.4,307.25,324.8,456587
PPL,20210729,173.25,173.9,169.55,171.15,112382
PRAENG,20210729,25.65,25.65,25.55,25.65,128486
PRAJIND,20210729,362.1,380,362.05,373.65,482502
PRAKASH,20210729,83,88.3,82.5,86,8399176
PRAKASHSTL,20210729,1.5,1.5,1.45,1.5,1131176
PRAXIS,20210729,44.95,45.8,42.1,42.8,17145
PRECAM,20210729,103,106.8,101.8,102.4,294915
PRECOT,20210729,295.95,304,286.05,294,51816
PRECWIRE,20210729,235,242.3,225.2,228.6,126576
PREMEXPLN,20210729,223.45,238,223.45,233.1,14419
PREMIER,20210729,4,4.05,3.8,3.95,15136
PREMIERPOL,20210729,102.9,104,96.5,98.1,93096
PRESSMN,20210729,31.8,32.55,31.55,32.2,30427
PRESTIGE,20210729,334.2,342.5,333.8,340.7,792725
PRICOLLTD,20210729,96.2,97,94,94.9,674427
PRIMESECU,20210729,104.4,106.15,101,105.25,69612
PRINCEPIPE,20210729,678,696.2,678,684.2,406799
PRIVISCL,20210729,1340,1391,1301,1328.2,113897
PROINDIA,20210729,12.25,12.25,12.25,12.25,578
PROZONINTU,20210729,31.4,32.9,30.9,32.9,369798
PRSMJOHNSN,20210729,145.8,149.45,137,137.5,3030964
PSB,20210729,19.8,21.4,19.3,20.3,4023930
PSPPROJECT,20210729,464.85,478.3,455.3,472.5,297857
PSUBNKBEES,20210729,26.4,26.8,25.91,26.69,478242
PTC,20210729,96.6,97.8,95.55,96.65,480328
PTL,20210729,52.5,54,52.3,52.75,85341
PUNJABCHEM,20210729,1399.9,1415.2,1388.75,1403.85,6861
PURVA,20210729,104.5,108,104.25,106.9,457883
PVP,20210729,4.55,4.95,4.55,4.95,636064
PVR,20210729,1339.9,1383,1318.15,1361.3,1019405
QGOLDHALF,20210729,2051,2070,2047,2069.9,256
QUESS,20210729,803,828,801.35,818.75,155843
QUICKHEAL,20210729,292.9,300.9,291.95,297.15,245677
RADAAN,20210729,0.95,1,0.95,0.95,8678
RADICO,20210729,835.55,893.05,835.55,880.45,1623581
RADIOCITY,20210729,24.75,25.35,24.4,24.9,384165
RAILTEL,20210729,140,141.25,139,139.3,574891
RAIN,20210729,255.2,269.5,255.2,265.45,7272103
RAJESHEXPO,20210729,615,619,606.45,617.35,227547
RAJMET,20210729,175.8,178,174.9,177,2308
RAJRATAN,20210729,2269.55,2269.55,2245,2269.55,12013
RAJSREESUG,20210729,29.75,31.35,29.65,30.85,49666
RAJTV,20210729,44,45.95,42.95,43.05,18657
RALLIS,20210729,316.5,322,316.5,318.1,288078
RAMANEWS,20210729,23.25,24.1,22.6,22.75,534487
RAMASTEEL,20210729,171.8,171.8,171.8,171.8,23289
RAMCOCEM,20210729,1051.75,1070,1032,1067.05,672552
RAMCOIND,20210729,347.2,347.2,337.5,339.25,207053
RAMCOSYS,20210729,531.35,579,531.35,549.45,706687
RAMKY,20210729,177.25,180,170.6,174.8,51181
RANASUG,20210729,29.65,32.4,29.5,31.9,861933
RANEENGINE,20210729,323.35,329.45,321,325.15,8943
RANEHOLDIN,20210729,728.5,745,728.5,732.65,55584
RATNAMANI,20210729,2099.9,2117,2060,2082.7,36590
RAYMOND,20210729,466,473,450.1,453.5,1351708
RBL,20210729,995,1011,977,994.35,9150
RBLBANK,20210729,194,194.45,190.6,191.3,7813177
RCF,20210729,81.15,81.4,80.55,80.75,1697247
RCOM,20210729,3.05,3.25,3,3,38421295
RECLTD,20210729,146.25,152,144.55,151.4,6112724
REDINGTON,20210729,323,327,318.3,324.7,817784
REFEX,20210729,135,140.5,135,136.5,107697
RELAXO,20210729,1172,1172,1148,1154.8,101586
RELCAPITAL,20210729,17.7,18.15,17.3,17.35,1678865
RELIANCE,20210729,2054,2074.4,2043.4,2053.25,6352886
RELIGARE,20210729,163,164.9,158.55,159.95,1076169
RELINFRA,20210729,75,75.5,71.1,73.1,728633
REMSONSIND,20210729,239,251.65,232,246.95,1794
RENUKA,20210729,33.15,36.55,33.15,36.05,7643685
REPCOHOME,20210729,347.7,352.8,346,347.4,38651
REPL,20210729,239.95,240.45,232.05,236.85,13707
REPRO,20210729,348.4,354.65,348,353,5598
RESPONIND,20210729,130,139.5,129,136.25,214703
REVATHI,20210729,663.6,679.2,654.55,668.35,2460
RGL,20210729,572.35,623.7,560.1,617.2,269429
RHFL,20210729,4.5,4.55,4.25,4.25,1249493
RHIM,20210729,333,344.1,333,340.65,109842
RICOAUTO,20210729,58.85,60.35,57.65,58.05,1024491
RIIL,20210729,707.7,733,707.05,709.1,193468
RITES,20210729,277.95,282,277.45,279,251459
RKDL,20210729,15.45,15.45,15.45,15.45,15844
RKEC,20210729,98.35,98.35,95,95.4,26433
RKFORGE,20210729,825.05,843,825.05,836.1,182926
RML,20210729,392,398.1,388.05,389.6,21588
ROHLTD,20210729,79.05,80.5,79.05,79.5,21386
ROLLT,20210729,3.1,3.15,3,3,380844
ROLTA,20210729,7.25,7.25,6.7,7.25,385452
ROML,20210729,79.65,81.25,77.6,78.65,6535
ROSSARI,20210729,1234.65,1242,1218.45,1238.25,102557
ROSSELLIND,20210729,199.7,204.5,198.45,202.05,149192
ROUTE,20210729,2115,2138,2062,2074.5,769021
RPGLIFE,20210729,529.8,539,504,508.35,797447
RPOWER,20210729,11.4,11.75,11.1,11.5,10921526
RPPINFRA,20210729,87.25,89.4,86.5,87.05,381106
RPSGVENT,20210729,719,744.25,719,729.2,38508
RSSOFTWARE,20210729,36.05,36.4,35.7,35.95,16203
RSWM,20210729,389.9,406.95,389.9,403.3,246963
RSYSTEMS,20210729,186,187.05,180.15,183.95,66938
RTNINDIA,20210729,63.65,63.65,63.65,63.65,345570
RTNPOWER,20210729,6.25,6.4,6.2,6.2,5515101
RUBYMILLS,20210729,300.5,305.4,292.35,298.1,98772
RUCHI,20210729,1098,1099,1071.95,1079.45,18674
RUCHINFRA,20210729,7.9,8.2,7.8,8.1,80568
RUCHIRA,20210729,101.4,103.8,93.05,93.85,595049
RUPA,20210729,498.5,519.9,495.3,498.6,751992
RUSHIL,20210729,282,288.2,277,288.2,31456
RVHL,20210729,20.1,20.85,20,20.45,22599
RVNL,20210729,30,30.1,29.75,29.8,1507391
S&SPOWER,20210729,19.9,20.85,19.9,20.85,5733
SABEVENTS,20210729,3.45,3.45,3.3,3.45,13358
SADBHAV,20210729,70.45,71.5,68.8,69.2,1000223
SADBHIN,20210729,28.65,29,27.9,28.25,816455
SAFARI,20210729,760,760,736.1,745.65,8155
SAGARDEEP,20210729,73.4,73.4,69.75,71.85,78680
SAGCEM,20210729,1349,1389,1294,1301.2,91525
SAIL,20210729,135.25,143.35,134.3,141.95,146823987
SAKAR,20210729,178,181.8,177,179.2,44788
SAKHTISUG,20210729,18.7,19.65,18.3,19.55,290586
SAKSOFT,20210729,676.05,683.1,655.9,660.7,30425
SAKUMA,20210729,12.4,12.75,12.15,12.3,195486
SALASAR,20210729,329.7,349.95,324.05,344.2,312527
SALONA,20210729,202.7,210,197.25,205.05,35634
SALSTEEL,20210729,15.3,15.3,13.9,13.9,577646
SALZERELEC,20210729,162.65,183.45,162.65,176.6,456870
SAMBHAAV,20210729,3.55,3.7,3.5,3.55,16585
SANCO,20210729,9.6,9.6,9,9,76349
SANDESH,20210729,925,939,903.15,916.15,6261
SANDHAR,20210729,303.5,307.85,295.1,296.45,107277
SANGAMIND,20210729,125.5,132.4,125.5,132.4,34111
SANGHIIND,20210729,64.7,67.25,63.65,65.75,1400844
SANGHVIMOV,20210729,202,205,191.7,194.85,177167
SANGINITA,20210729,32.15,32.2,30.5,30.85,335077
SANOFI,20210729,8179,8199.4,7977,8100.9,45683
SARDAEN,20210729,846.5,846.5,809.5,817.6,150007
SAREGAMA,20210729,3372.4,3427.9,3270,3410.1,5536
SARLAPOLY,20210729,40.15,42.4,39.9,41.65,678017
SASKEN,20210729,1327.25,1340,1301,1310.1,27859
SASTASUNDR,20210729,323,326.85,316.55,319.3,10318
SATIA,20210729,108.95,110.85,105.2,106.25,1255159
SATIN,20210729,86.5,87.7,85.6,85.9,116096
SBCL,20210729,130,133.95,117.6,124.8,56909
SBICARD,20210729,1019,1025.6,1010.05,1017.45,1104932
SBIETFCON,20210729,62,64.99,62,63.99,11726
SBIETFIT,20210729,302.93,307.99,302.93,307.84,1223
SBIETFPB,20210729,180.67,181.78,180.1,180.88,1360
SBIETFQLTY,20210729,143.98,143.98,141,141.35,783
SBILIFE,20210729,1133,1148,1124.05,1128.85,1555904
SBIN,20210729,426,443.6,425.5,441.55,35263606
SCAPDVR,20210729,2.35,2.4,2.3,2.4,230801
SCHAEFFLER,20210729,6850,6900,6699.9,6837.55,7997
SCHAND,20210729,131.9,138.35,127.3,138.35,278285
SCHNEIDER,20210729,126.5,147.15,125.1,142.55,9024159
SCI,20210729,108.9,110.7,108.9,109.55,1017507
SDBL,20210729,50.1,51.4,49.75,49.75,351213
SEAMECLTD,20210729,525,585,521.1,578.3,327587
SECURKLOUD,20210729,90,92,88,88.8,26880
SELAN,20210729,142.5,144,135.6,139.5,114459
SEPOWER,20210729,8.15,8.55,7.75,8.55,125482
SEQUENT,20210729,297.3,303.25,295.05,298.35,792163
SESHAPAPER,20210729,203.5,213,200,205.05,432550
SETCO,20210729,20.2,20.75,19.9,20.75,317936
SETF10GILT,20210729,204.95,204.95,204,204,17
SETFGOLD,20210729,4266.05,4288.4,4242.1,4277.55,9903
SETFNIF50,20210729,160.04,160.99,159.05,160.83,149429
SETFNIFBK,20210729,345.09,347.64,345.09,346.79,334121
SETFNN50,20210729,409.99,409.99,405.05,407.18,4982
SETUINFRA,20210729,1.5,1.55,1.5,1.55,372012
SEYAIND,20210729,75.5,77.45,73,73.5,44184
SFL,20210729,2376.05,2392.2,2363.3,2374.65,29362
SGIL,20210729,192,198.8,152.4,187.25,299214
SGL,20210729,14.9,14.9,14.25,14.35,55829
SHAKTIPUMP,20210729,766,774.95,758.1,760.15,51147
SHALBY,20210729,193.9,194.95,191.6,192.05,137665
SHALPAINTS,20210729,106.65,111.8,106.65,110.3,448025
SHANKARA,20210729,595,668.95,595,637.45,1257183
SHANTIGEAR,20210729,173.3,175.7,165.55,172.55,470863
SHARDACROP,20210729,341,359,341,348.55,463311
SHARDAMOTR,20210729,638.15,638.15,611,632.45,10550
SHAREINDIA,20210729,561,561.1,513.65,549.15,251633
SHARIABEES,20210729,416.3,416.3,405,407.14,231
SHEMAROO,20210729,130.5,133.85,129,130.25,251820
SHIL,20210729,364.95,375,357,360.95,45165
SHILPAMED,20210729,631.65,636.95,622,627.05,306931
SHIVAMAUTO,20210729,25.9,26.1,24.5,26.1,72510
SHIVAMILLS,20210729,107.9,108.9,101.55,108.9,41133
SHIVATEX,20210729,246,275,244.5,248.5,832710
SHK,20210729,165,169.8,163,163.9,163225
SHOPERSTOP,20210729,242.3,290.6,242.2,266.9,4175618
SHRADHA,20210729,53.75,56.4,52,52.85,2021
SHREDIGCEM,20210729,91.6,97.8,91.6,95,3172046
SHREECEM,20210729,27680,27877.45,27500,27638.95,26531
SHREEPUSHK,20210729,173.8,173.8,170.55,172.05,65961
SHREERAMA,20210729,15.2,15.5,14.6,15.1,109118
SHRENIK,20210729,1.7,1.7,1.7,1.7,1135920
SHREYANIND,20210729,141.9,143.55,134.2,137.45,201816
SHREYAS,20210729,219.5,220.1,209.9,214.65,60012
SHRIPISTON,20210729,960.2,1060.75,960.2,1060.75,5758
SHRIRAMCIT,20210729,1712,1838.25,1712,1814.1,71076
SHRIRAMEPC,20210729,5.25,5.25,4.9,5,1188968
SHYAMCENT,20210729,15.2,15.2,15.2,15.2,25074
SHYAMMETL,20210729,420.75,446.2,416.25,436.6,2619010
SICAL,20210729,13.95,14.35,13.55,14.05,338425
SIEMENS,20210729,1952.9,1968.45,1938.65,1953.65,405647
SIGIND,20210729,58.25,59.9,58.1,58.1,97460
SIL,20210729,17.1,18,17.05,17.85,51317
SILGO,20210729,40.85,40.85,38.5,39.7,15152
SILINV,20210729,310,324.95,307,322,2985
SILLYMONKS,20210729,22.15,22.15,21.5,21.5,266
SIMBHALS,20210729,36,37.5,34.6,36.2,53371
SIMPLEXINF,20210729,47.35,47.5,45.3,45.95,113267
SINTERCOM,20210729,88,90,82.3,88.2,140573
SINTEX,20210729,4.55,4.55,4.4,4.45,1597371
SIRCA,20210729,337.95,348,336.8,341.4,26074
SIS,20210729,491,493,480,481.35,420059
SITINET,20210729,1.65,1.7,1.65,1.65,2686887
SIYSIL,20210729,418.35,428,413,414.65,95289
SJVN,20210729,27.35,27.65,27.3,27.4,884268
SKFINDIA,20210729,2900,2900,2851,2867.9,21730
SKIL,20210729,4.1,4.1,4.1,4.1,15256
SKIPPER,20210729,88.8,91.8,88.8,90.75,541805
SKMEGGPROD,20210729,87.35,88.25,85.4,85.7,128318
SMARTLINK,20210729,116.9,128,116,123.7,187618
SMCGLOBAL,20210729,93.5,94.6,91.2,92.05,382569
SMLISUZU,20210729,568.15,584,568.15,572.1,41005
SMSLIFE,20210729,701.35,722.95,701.3,708.8,2776
SMSPHARMA,20210729,177.15,180,177.15,178.35,69613
SNOWMAN,20210729,50.6,51.25,49.8,49.95,1463411
SOBHA,20210729,580,598.9,580,589.85,325042
SOLARA,20210729,1670,1691.2,1602,1631.5,92161
SOLARINDS,20210729,1641.75,1657,1611.9,1627.35,11495
SOMANYCERA,20210729,714.9,714.9,685,710.25,41667
SOMATEX,20210729,8,8.5,8,8.35,91446
SOMICONVEY,20210729,59.3,59.3,57.05,57.4,10220
SONACOMS,20210729,420.75,438.95,416.1,435.4,2548002
SONATSOFTW,20210729,763.1,777.4,762,769.7,278999
SORILINFRA,20210729,136.75,136.75,132.25,132.7,14875
SOTL,20210729,1497.25,1508.4,1474.35,1476.9,16693
SOUTHBANK,20210729,10.9,11.1,10.65,10.7,15624158
SOUTHWEST,20210729,67,68.4,65.25,66.2,126600
SPAL,20210729,328.7,353.25,325.05,337.4,282290
SPANDANA,20210729,652.3,679,650.25,656.65,63333
SPARC,20210729,239.9,249.8,239.85,245.45,1271087
SPECIALITY,20210729,74.5,75.65,73.5,73.7,178821
SPENCERS,20210729,101.35,110.35,100.7,108.3,4968020
SPIC,20210729,61.8,63.4,61.05,61.4,595803
SPICEJET,20210729,75.25,75.95,73.45,74.2,2226049
SPLIL,20210729,53.4,54.5,51.75,53.1,106651
SPMLINFRA,20210729,12.7,12.7,12.1,12.7,136681
SPTL,20210729,5.6,5.7,5.5,5.5,1865109
SREEL,20210729,174.3,175.75,164.75,167.8,192631
SREINFRA,20210729,11,11.2,10.6,11.05,399967
SRF,20210729,7800,8110,7665,7931.65,424080
SRHHYPOLTD,20210729,331.2,340.9,328.55,335.3,18934
SRIPIPES,20210729,226.9,235.8,225.15,232.8,392397
SRPL,20210729,39.9,40,37.9,37.9,1648
SRTRANSFIN,20210729,1364,1383.5,1354,1371,777687
SSWL,20210729,1325,1375.2,1280.5,1361.1,70130
STAR,20210729,743.95,779.9,731.55,774,553767
STARCEMENT,20210729,109,113,109,112.45,446715
STARPAPER,20210729,165.5,178.7,165.15,169.15,1471299
STCINDIA,20210729,113.3,125,111.7,121.05,665767
STEELCITY,20210729,73.8,77.2,68,72.55,115326
STEELXIND,20210729,74,74.85,72,72.15,651355
STEL,20210729,114.9,114.9,111.35,112.1,19655
STERTOOLS,20210729,246,248,234,240.4,418411
STLTECH,20210729,299.5,303,290.15,292.1,541369
STOVEKRAFT,20210729,763.4,777.65,745,769.95,317292
SUBCAPCITY,20210729,24,24,23.25,23.25,512
SUBEXLTD,20210729,60.8,64.8,60.5,63.4,10083426
SUBROS,20210729,328.5,335,320.15,325.1,69033
SUDARSCHEM,20210729,748,752.25,743,744.85,79550
SUMEETINDS,20210729,8.2,9,8.2,9,523317
SUMICHEM,20210729,432.55,434.65,423,425.25,206003
SUMIT,20210729,18.3,18.3,17.1,17.4,58694
SUMMITSEC,20210729,648.05,672.05,646.45,660.7,10216
SUNCLAYLTD,20210729,3764,3800.9,3662.6,3702.4,8900
SUNDARAM,20210729,2.1,2.25,2.1,2.2,189459
SUNDARMFIN,20210729,2640,2640,2614.75,2622.9,7440
SUNDARMHLD,20210729,79.9,82,78.85,79.95,489988
SUNDRMBRAK,20210729,445,445,437.2,438.9,3378
SUNDRMFAST,20210729,740,753.05,733.55,750.4,141959
SUNFLAG,20210729,89.2,96.65,89.2,93.2,8799796
SUNPHARMA,20210729,687.8,705.95,680.7,703,4397443
SUNTECK,20210729,378,398.95,375.7,394.7,2271045
SUNTV,20210729,537,553.4,534.1,545.15,3362554
SUPERHOUSE,20210729,166.5,168.5,161.55,164.2,49567
SUPERSPIN,20210729,13.15,13.5,12.5,13,64405
SUPPETRO,20210729,738,738,713,715.9,16598
SUPRAJIT,20210729,325,358,324.9,340.05,3368970
SUPREMEENG,20210729,32.8,35.7,32.6,35.5,18588
SUPREMEIND,20210729,2084.3,2090,2046.25,2079.15,53087
SURANASOL,20210729,12.7,12.75,12.2,12.3,97225
SURANAT&P,20210729,6.3,6.35,6.2,6.25,112561
SURYALAXMI,20210729,73.2,76,71.25,73.4,37852
SURYAROSNI,20210729,519.5,527.95,515,522.55,100304
SURYODAY,20210729,205.4,206.7,204,204.15,62213
SUTLEJTEX,20210729,78.05,80.7,76.6,77.85,1281591
SUULD,20210729,527,528,491,498.3,58735
SUVEN,20210729,83.7,85.15,83.65,84.3,234944
SUVENPHAR,20210729,501.7,505.8,495,504.05,213589
SUVIDHAA,20210729,24,24.1,23,23.1,51099
SUZLON,20210729,6.5,6.55,6.35,6.35,57005949
SVPGLOB,20210729,109.85,111.5,106.65,108.9,171557
SWANENERGY,20210729,147.8,175.85,147.8,175.4,7041747
SWARAJENG,20210729,1835,1864.3,1821,1830.25,27017
SWELECTES,20210729,257.4,259.85,253.3,254.8,14732
SWSOLAR,20210729,283.5,297.3,280.5,293.15,2488810
SYMPHONY,20210729,955.9,965.95,938,940.7,174783
SYNGENE,20210729,634.1,642.5,621,625.7,398823
TAINWALCHM,20210729,111,112.4,102.8,110.8,28541
TAJGVK,20210729,130.05,131.55,129.6,130.35,66785
TAKE,20210729,59.65,61.4,59.65,60.2,886152
TALBROAUTO,20210729,321,324,314.25,317.5,28255
TANLA,20210729,916.4,935,914.1,927.65,67560
TARAPUR,20210729,5.25,5.25,5,5.2,62954
TARC,20210729,43,43.2,41.35,41.5,419798
TARMAT,20210729,89.8,90.75,86.45,87.35,208636
TASTYBITE,20210729,18399,18485,18133.05,18330,1167
TATACHEM,20210729,738,754.5,737.7,751.7,1614348
TATACOFFEE,20210729,211.7,219.75,206.15,211.5,14463055
TATACOMM,20210729,1433,1467.6,1410.4,1426.6,734063
TATACONSUM,20210729,755,759.9,748.5,751.2,1742057
TATAELXSI,20210729,4216,4288.3,4190.55,4276.95,149624
TATAINVEST,20210729,1139,1161,1135.15,1151.3,26448
TATAMETALI,20210729,1298,1352,1279,1334.75,953561
TATAMOTORS,20210729,287.55,295.4,287.55,292.9,57733359
TATAMTRDVR,20210729,135,139,134.55,137.85,1543477
TATAPOWER,20210729,120.75,124,120.7,122.75,16366211
TATASTEEL,20210729,1375,1481.8,1368,1458.6,30061041
TATASTLBSL,20210729,91.8,98.25,91.4,96.85,40402352
TATASTLLP,20210729,1128,1165.1,1109,1160.8,134046
TATVA,20210729,2111.85,2534.2,2111.85,2312.2,7860870
TBZ,20210729,88.65,89.4,85.6,86.1,470435
TCI,20210729,415.1,418.4,410.35,416.3,22293
TCIDEVELOP,20210729,335.1,360,335.1,350.7,3719
TCIEXP,20210729,1639,1640.05,1538.65,1548.15,117645
TCIFINANCE,20210729,5.95,6,5.95,6,5655
TCNSBRANDS,20210729,593.95,593.95,578,587.7,26196
TCPLPACK,20210729,573.85,579,560.1,561.6,12296
TCS,20210729,3200.25,3225.45,3190.3,3195.8,1731997
TDPOWERSYS,20210729,197,200,193.1,196.2,25652
TEAMLEASE,20210729,3800,3980,3794.1,3929.25,36533
TECHIN,20210729,5.3,5.45,5.05,5.45,47798
TECHM,20210729,1128.7,1141.35,1115.1,1127.8,3821405
TECHNOE,20210729,300.3,315,299.85,307.5,153705
TEJASNET,20210729,244.35,244.35,244.35,244.35,36647
TEMBO,20210729,203,210,203,208.75,37074
TERASOFT,20210729,70,70,65.25,65.9,53753
TEXINFRA,20210729,64,64,62.55,63.45,17185
TEXMOPIPES,20210729,52.25,55.4,52.25,54.4,127036
TEXRAIL,20210729,36.35,36.85,36.15,36.35,808917
TFCILTD,20210729,73.8,75.1,73,73.4,219846
TFL,20210729,5.8,5.8,5.4,5.4,1942
TGBHOTELS,20210729,8.1,8.35,7.9,8,43449
THANGAMAYL,20210729,861,884.3,842,878.4,38624
THEINVEST,20210729,107.4,111.4,103,108.7,60908
THEMISMED,20210729,930,939,915.3,932.35,5326
THERMAX,20210729,1423.9,1432,1405.55,1420.5,24007
THOMASCOOK,20210729,62.9,64.4,61.5,61.85,411938
THOMASCOTT,20210729,18.3,18.35,18.3,18.35,5888
THYROCARE,20210729,1307.1,1310,1300,1309.3,176706
TI,20210729,41.35,41.95,39.55,41.05,119813
TIDEWATER,20210729,3400,3447.6,3275.3,3275.3,24482
TIIL,20210729,639.9,669.6,636.75,659,64132
TIINDIA,20210729,1117,1143.85,1110,1136.5,106748
TIJARIA,20210729,7.9,7.9,7.6,7.65,13060
TIL,20210729,182.85,190.75,182.75,187.2,9566
TIMESGTY,20210729,53.35,55.2,50.9,55.1,8674
TIMETECHNO,20210729,80.2,82.25,79.5,79.8,682694
TIMKEN,20210729,1617,1664,1552.65,1577.6,155229
TINPLATE,20210729,256.3,270,255,268.4,2505852
TIPSINDLTD,20210729,1326,1326.15,1305.1,1326,63611
TIRUMALCHM,20210729,193.8,200.6,190.1,197.55,1556484
TIRUPATIFL,20210729,70.25,70.25,70.25,70.25,550
TITAN,20210729,1739,1756.3,1727.8,1739.15,1346162
TMRVL,20210729,18.5,19.7,18.5,19.45,45021
TNPETRO,20210729,136.55,139.45,134.75,136,379769
TNPL,20210729,154.9,169,151.2,155.5,2664092
TNTELE,20210729,16.55,16.55,16.55,16.55,44027
TOKYOPLAST,20210729,106.5,112,106.5,108.1,20114
TORNTPHARM,20210729,3100,3101.35,3006.2,3037.4,142879
TORNTPOWER,20210729,455.95,456.85,450.5,452.2,331119
TOTAL,20210729,59,60.8,57.5,58.35,42492
TOUCHWOOD,20210729,104.5,108.15,103.55,105.85,16904
TPLPLASTEH,20210729,294.4,308,284.85,300.35,76732
TREEHOUSE,20210729,10.95,11.9,10.95,11.4,29030
TREJHARA,20210729,65.2,67.7,63,64.65,92827
TRENT,20210729,926.5,933.15,910.5,914.9,358868
TRF,20210729,116.9,124,116.9,121.55,6623
TRIDENT,20210729,19.7,19.7,19.35,19.7,41138982
TRIGYN,20210729,151.3,156.9,151.3,156.9,129929
TRIL,20210729,34.3,35.1,33.4,33.9,470765
TRITURBINE,20210729,121.3,126.15,121.3,121.85,185278
TRIVENI,20210729,175.4,192.7,175.4,191.85,2160840
TTKHLTCARE,20210729,805.75,805.75,767.5,774.35,17732
TTKPRESTIG,20210729,8800,8990.75,8750,8788.6,6619
TTL,20210729,65.35,68.6,65.35,66.5,25837
TTML,20210729,32.75,36.15,32.75,36.15,4268096
TV18BRDCST,20210729,38.25,39.2,38.1,38.9,4969121
TVSELECT,20210729,178.7,189.15,178.7,189.15,35886
TVSMOTOR,20210729,577.55,581.5,558.3,561.85,2236686
TVSSRICHAK,20210729,2165.9,2229,2150.05,2193.75,7478
TVTODAY,20210729,292,296,292,292.75,75314
TVVISION,20210729,2,2,2,2,19629
TWL,20210729,79.35,82.4,79,81.2,1264371
UBL,20210729,1460.6,1470,1409,1418.35,1011279
UCALFUEL,20210729,162.8,163.1,160.95,161.85,24212
UCOBANK,20210729,13.8,13.95,13.7,13.8,4588910
UFLEX,20210729,549.5,553.7,536.2,539.65,435885
UFO,20210729,101.3,106.25,99,105.7,1148943
UGARSUGAR,20210729,33.6,35.15,33.1,35.15,722507
UJAAS,20210729,2.8,2.85,2.75,2.85,1216899
UJJIVAN,20210729,241.25,243.15,238,239.35,1398807
UJJIVANSFB,20210729,29.1,29.2,28.8,28.85,2139480
ULTRACEMCO,20210729,7670,7718.9,7636,7700.45,227836
UMANGDAIRY,20210729,87.25,90.9,87.25,88.45,164531
UMESLTD,20210729,3.9,4,3.8,3.9,17892
UNICHEMLAB,20210729,334,340.25,332,332.8,45802
UNIDT,20210729,360,370.95,351.45,362.55,92273
UNIENTER,20210729,132,135.95,132,133.65,25654
UNIONBANK,20210729,35.75,38.8,35.65,37.85,34063723
UNITEDTEA,20210729,449.5,450,420,421.45,23816
UNIVASTU,20210729,49.8,49.8,47.2,47.85,12506
UNIVCABLES,20210729,180.9,186.8,180.4,182.25,57094
UNIVPHOTO,20210729,304.45,304.65,295,295,3576
UPL,20210729,822.95,822.95,810,819.7,1839368
URJA,20210729,6.25,6.6,6.25,6.25,10015407
USHAMART,20210729,67,69.6,65.6,66.6,2519659
UTIAMC,20210729,980,999.95,966.05,991.6,1305708
UTIBANKETF,20210729,35.09,35.14,34.25,34.64,4831
UTINEXT50,20210729,40.5,41,40,40.35,15379
UTINIFTETF,20210729,1648.7,1656,1648,1650.62,51
UTISENSETF,20210729,552.99,552.99,542.3,545.79,8509
UTISXN50,20210729,45.45,46.5,44.2,45.26,879
UTTAMSTL,20210729,5.2,5.2,4.75,4.95,1124876
UTTAMSUGAR,20210729,225,231,222,229.1,31187
V2RETAIL,20210729,123.5,128.7,121.45,126.3,162745
VADILALIND,20210729,1045,1045.6,1023.4,1034.3,5639
VAIBHAVGBL,20210729,803.5,804.6,788.25,798.4,105414
VAISHALI,20210729,40,41,39,40.15,71294
VAKRANGEE,20210729,36.75,37,36.25,36.45,1643364
VALIANTORG,20210729,1392.15,1402,1354.65,1367.6,42082
VARDHACRLC,20210729,65.2,69.45,64.4,68,1726964
VARDMNPOLY,20210729,31.55,31.55,31.55,31.55,23414
VARROC,20210729,330.95,342.7,329.25,340.75,349131
VASCONEQ,20210729,22.15,22.25,21,21.9,508017
VASWANI,20210729,13.95,14,13.55,13.95,16026
VBL,20210729,765,765,748,752.75,220693
VEDL,20210729,271.7,290.9,270.6,288.6,31005496
VENKEYS,20210729,3120,3179,3104,3127.75,48922
VENUSREM,20210729,428,445.35,427.8,445.35,39108
VERTOZ,20210729,142,145.85,141,142.75,149552
VESUVIUS,20210729,1214,1311,1214,1300,64538
VETO,20210729,140.95,147,139.9,144.9,769496
VGUARD,20210729,249.5,253.5,247.7,248.75,411187
VHL,20210729,3257,3510,3209.35,3387.3,5923
VIDHIING,20210729,282.65,284.4,277.5,279.85,74285
VIJIFIN,20210729,1.75,1.75,1.75,1.75,113686
VIKASECO,20210729,2.45,2.5,2.3,2.3,19455449
VIKASLIFE,20210729,4.5,4.5,4.5,4.5,1973083
VIKASPROP,20210729,2.55,2.65,2.5,2.55,2093841
VIKASWSP,20210729,5.55,5.7,5.55,5.65,511386
VIMTALABS,20210729,334.9,335.15,321.1,322.75,113548
VINATIORGA,20210729,1917,1972,1905.05,1955.05,72955
VINDHYATEL,20210729,1345,1363,1327,1356.2,18541
VINEETLAB,20210729,118,118,108.55,109.8,146524
VINYLINDIA,20210729,152,157.65,152,155.9,71377
VIPCLOTHNG,20210729,26.5,26.5,24.6,24.6,581860
VIPIND,20210729,405.7,410,398.4,407.55,160287
VIPULLTD,20210729,37.85,37.85,36.35,36.35,32347
VISAKAIND,20210729,828.95,829.95,800.35,804.65,39852
VISASTEEL,20210729,12.15,12.15,12.15,12.15,25104
VISHAL,20210729,116.4,119.95,115.9,118.9,1588789
VISHNU,20210729,635,645.95,631.25,635.25,8231
VISHWARAJ,20210729,150.5,150.6,145.65,149.7,237511
VIVIDHA,20210729,0.85,0.85,0.8,0.85,7821967
VIVIMEDLAB,20210729,22.5,23.95,22.5,23.25,725556
VLSFINANCE,20210729,248.75,253.65,239.5,241.8,123719
VMART,20210729,3421.7,3988,3410,3853.95,259961
VOLTAMP,20210729,1585.1,1599.7,1561.1,1588.2,11596
VOLTAS,20210729,1022,1033.2,1019.05,1031.25,574940
VRLLOG,20210729,299,303.75,296.7,300.15,121589
VSSL,20210729,261,273.6,258.2,263.7,353145
VSTIND,20210729,3543,3543,3465,3492.7,8002
VSTTILLERS,20210729,2009.9,2055,2008.15,2035.85,8177
VTL,20210729,1895.25,2009.95,1881.1,1902.15,631393
WABAG,20210729,367.4,368.7,361.75,365.4,170276
WABCOINDIA,20210729,7220,7455,7115.2,7202,12517
WALCHANNAG,20210729,70.25,70.8,68.2,68.95,132919
WANBURY,20210729,85,87.75,85,86.45,4778
WATERBASE,20210729,126,127.35,121.5,123.8,192314
WEALTH,20210729,194.3,198.8,193,198.8,8
WEBELSOLAR,20210729,62.3,65.4,62.3,65.4,254024
WEIZMANIND,20210729,55.15,55.3,53.05,54.9,17692
WELCORP,20210729,149.5,151.9,142,142.8,4361717
WELENT,20210729,108.7,109.95,107.25,108,146311
WELINV,20210729,425.3,433.05,393.05,404.15,6754
WELSPUNIND,20210729,141.95,145.4,136,137.95,5253594
WENDT,20210729,4589.95,4589.95,4400,4424.85,1550
WESTLIFE,20210729,560,577,550.05,564.35,899294
WHEELS,20210729,1007,1024.2,911,935.45,136528
WHIRLPOOL,20210729,2179.85,2188.05,2080,2139.9,76412
WILLAMAGOR,20210729,22.55,23.1,22,22.1,33928
WINDMACHIN,20210729,38.65,38.9,37.2,37.85,181148
WIPL,20210729,61.1,63,61.1,62.9,195
WIPRO,20210729,593.6,598,587.9,590.45,5834470
WOCKPHARMA,20210729,517.8,526.55,517.75,519.25,287042
WONDERLA,20210729,244.15,249.85,242.75,248.3,87801
WORTH,20210729,113.95,114,107.6,108.4,56084
WSI,20210729,4.75,4.75,4.75,4.75,100
WSTCSTPAPR,20210729,270,281,260.05,263.95,1317241
XCHANGING,20210729,120.95,125,117.75,118.8,1180309
XELPMOC,20210729,423.2,423.2,406,408.9,13092
XPROINDIA,20210729,303.3,306.6,292,306.6,68521
YAARII,20210729,108,108.4,105.35,106.6,75185
YESBANK,20210729,13,13.05,12.8,12.85,74498391
ZEEL,20210729,201.55,202.15,198.5,199.1,3907940
ZEELEARN,20210729,15.55,15.75,15.15,15.25,1150993
ZEEMEDIA,20210729,11.4,12.2,11.4,12.2,6835447
ZENITHEXPO,20210729,81.85,83.45,80.1,82.2,1246
ZENSARTECH,20210729,406.9,428.4,406,422.9,3001243
ZENTEC,20210729,94.25,95.4,93,93.7,260776
ZODIACLOTH,20210729,140.6,148.3,140.6,141.8,228956
ZODJRDMKJ,20210729,33.35,34.05,33.25,33.95,4670
ZOMATO,20210729,134.95,144,132.2,141.55,117973089
ZOTA,20210729,251.1,255,247.1,248.4,54577
ZUARI,20210729,129.45,134.8,128,130.4,68917
ZUARIGLOB,20210729,150.9,153.5,145.5,150.95,63344
ZYDUSWELL,20210729,2165.05,2179.85,2151.1,2159.25,9080
NSENIFTY,20210729,15762.70,15817.35,15737.80,15778.45,401584915,0
NIFTYJUNIOR,20210729,39346.15,39430.80,39116.30,39196.25,291512783,0
NIFTYMIDCAPLIQ15,20210729,6299.60,6328.80,6274.90,6286.05,65937667,0
NSE100,20210729,16040.50,16082.55,16013.80,16045.20,693097698,0
NIFTY200,20210729,8381.40,8403.55,8367.15,8386.25,1469927883,0
NSE500,20210729,13631.50,13668.90,13608.90,13643.75,2106240301,0
NSEMIDCAP150,20210729,10390.00,10416.65,10369.60,10411.35,802312797,0
MIDCAP50,20210729,7511.45,7567.80,7501.15,7553.85,730293610,0
NSEMIDCAP,20210729,27444.95,27527.60,27369.75,27512.30,776830185,0
NSESMLCAP100,20210729,10411.45,10484.90,10383.95,10475.60,-,0
NIFTYLARGEMIDCAP250,20210729,-,-,-,8891.17,1495410495,0
NIFTYAUTO,20210729,10021.00,10027.95,9945.80,9956.65,79991836,0
BANKNIFTY,20210729,34740.30,34778.15,34495.20,34691.50,195999122,0
NIFTYFINSERVICE,20210729,16517.15,16563.85,16451.25,16513.60,101536422,0
NIFTYFMGC,20210729,36372.60,36469.20,35955.85,35990.05,30330234,0
NSEIT,20210729,30037.20,30406.00,30037.10,30371.40,25993307,0
NIFTYMEDIA,20210729,1750.05,1765.15,1737.40,1761.70,22188732,0
NIFTYMETAL,20210729,5571.90,5852.45,5544.75,5810.75,482355239,0
NIFTYPHARMA,20210729,14032.15,14072.60,13834.85,13920.35,24202908,0
NIFTYPVTBANK,20210729,18139.00,18150.70,17964.85,18005.95,170716071,0
NIFTYPSUBANK,20210729,2383.10,2465.00,2371.00,2449.30,225982578,0
NIFTYREALTY,20210729,393.40,400.15,392.45,397.50,29604950,0
NIFTYCOMMODITIES,20210729,5334.60,5429.45,5313.15,5407.40,296746608,0
NIFTYCONSUMPTION,20210729,6419.85,6432.10,6362.55,6368.40,57050670,0
NIFTYCPSE,20210729,2035.35,2044.15,2019.05,2029.20,130505913,0
NIFTYENERGY,20210729,19101.30,19134.00,18928.20,18975.35,96815469,0
NIFTY100ESG,20210729,-,-,-,3216.57,471289313,0
NIFTY100ENHESG,20210729,-,-,-,3234.88,402521703,0
NIFTYINFRA,20210729,4439.75,4447.55,4415.60,4420.20,162565272,0
NIFTYMNC,20210729,17721.10,17738.65,17643.95,17686.60,261759882,0
NIFTYPSE,20210729,3568.80,3586.45,3551.45,3566.25,442444041,0
NIFTYSMEEMERGE,20210729,-,-,-,2759.79,2135165,0
NIFTYSERVSECTOR,20210729,21967.20,22020.90,21928.25,21961.45,171692071,0
NIFTYSHARIAH25,20210729,-,-,-,6006.70,60428506,0
NIFTY50SHARIAH,20210729,-,-,-,3899.39,52992532,0
NIFTY500SHARIAH,20210729,-,-,-,4907.55,385070106,0
NIFTYABGROUP,20210729,-,-,-,5389.56,277269837,0
NIFTYMAHINDRA,20210729,-,-,-,13407.09,23851928,0
NIFTYTATA,20210729,-,-,-,11395.71,138643755,0
NIFTYTATA25CAP,20210729,-,-,-,9065.19,113346056,0
NIFTYABGROUP,20210729,-,-,-,5389.56,277269837,0
NIFTYLIQ15,20210729,4089.30,4119.25,4075.30,4107.10,158061684,0
NIFTY500VALUE50,20210729,-,-,-,5637.03,811633583,0
NIFTYQUALLOWVOL30,20210729,-,-,-,11495.63,71129581,0
NIFTYALPHAQUALLOWVOL30,20210729,-,-,-,13315.15,64440788,0
NIFTYALPHAQUALVALLOWVOL30,20210729,-,-,-,10142.44,74773994,0
NIFTY50EQUALWEIGHT,20210729,17784.00,17875.55,17747.20,17825.10,401584915,0
NIFTY100EQUALWEIGHT,20210729,19085.25,19115.60,19034.85,19073.80,693097698,0
NIFTY100LOWVOL30,20210729,12333.85,12354.65,12234.70,12241.70,122509503,0
NSEDEFTY,20210729,-,-,-,7359.82,-,0
NIFTY50DIVPOINT,20210729,99.58,99.58,99.58,99.58,-,0
NIFTYDIVOPPS50,20210729,3397.10,3407.30,3393.20,3395.50,376113071,0
NIFTYALPHA50,20210729,28405.90,28481.30,28253.25,28418.85,424703454,0
NIFTY50ARBITRAGE,20210729,-,-,-,1978.81,-,0
NIFTY50FUTINDEX,20210729,-,-,-,5120.29,-,0
NIFTY50FUTTRINDEX,20210729,-,-,-,16398.06,-,0
NIFTYHIGHBETA50,20210729,-,-,-,2001.42,979754045,0
NIFTYLOWVOL50,20210729,-,-,-,15436.83,132485816,0
NIFTY50VALUE20,20210729,8116.55,8166.25,8115.80,8138.30,186614694,0
NIFTYGROWSECT15,20210729,7509.25,7519.50,7415.35,7422.05,34371876,0
NIFTY50TR2XLEV,20210729,10062.40,10131.25,10031.85,10082.45,-,0
NIFTY50PR2XLEV,20210729,7444.10,7495.05,7421.50,7458.95,-,0
NIFTY50TR1XINV,20210729,240.50,240.90,239.70,240.30,-,0
NIFTY50PR1XINV,20210729,279.50,279.95,278.55,279.25,-,0
NIFTY-GS-COMPSITE,20210729,2316.10,2316.86,2313.82,2314.30,-,0
NIFTY-GS-4-8YR,20210729,2434.75,2435.74,2432.85,2433.30,-,0
NIFTY-GS-8-13YR,20210729,2262.55,2262.61,2260.93,2261.19,-,0
NIFTY-GS-10YR,20210729,2043.22,2043.22,2041.22,2041.65,-,0
NIFTY-GS-10YR-CLN,20210729,940.20,940.20,939.28,939.48,-,0
NIFTY-GS-11-15YR,20210729,2417.95,2418.61,2413.75,2413.75,-,0
NIFTY-GS-15YRPLUS,20210729,2587.75,2587.75,2584.34,2584.54,-,0
VIX,20210729,13.69,13.69,12.44,12.95,0,0
