20MICRONS,20211011,61.25,62.5,60.5,60.65,94847
21STCENMGM,20211011,55.25,55.25,53.15,53.15,119995
3MINDIA,20211011,25670,25862,25350,25720,3685
3PLAND,20211011,13.9,13.9,13.25,13.35,8001
5PAISA,20211011,464,495,461,489.65,101120
63MOONS,20211011,104.85,111.35,101.4,107.4,780023
A2ZINFRA,20211011,4.45,4.75,4.3,4.75,2285072
AAKASH,20211011,178.4,197.1,178.4,197.1,87882
AAREYDRUGS,20211011,37.45,37.45,36.6,36.85,29961
AARON,20211011,117.9,117.9,110.05,113.7,6563
AARTIDRUGS,20211011,634.7,634.7,622.8,624.25,170583
AARTIIND,20211011,1114,1131.8,1097.2,1111.45,845051
AARTISURF,20211011,1490,1508.95,1464.1,1471.35,14158
AARVEEDEN,20211011,26.2,27,25.05,25.4,32787
AARVI,20211011,64.1,65.1,62.65,64.15,15067
AAVAS,20211011,2758.3,2840,2725,2755.75,85331
ABAN,20211011,57.5,69.35,55.8,69.35,2711391
ABB,20211011,1846.4,1870.05,1820.55,1830.6,66749
ABBOTINDIA,20211011,21969.5,22171.3,21700,22024.6,17443
ABCAPITAL,20211011,112.05,112.8,108.8,109.1,3947404
ABFRL,20211011,258.9,265,253.7,262.6,4859599
ABMINTLLTD,20211011,137.6,137.6,137.6,137.6,2107
ABSLAMC,20211011,715,722.9,695.35,699.45,7876940
ABSLBANETF,20211011,380,382.67,376.1,380.8,4007
ABSLNN50ET,20211011,443.99,450,435,441.9,2596
ACC,20211011,2250,2274.8,2242.15,2249.85,211576
ACCELYA,20211011,1312.8,1323.9,1302,1315.5,36590
ACCURACY,20211011,145,148.6,141.1,144,126517
ACE,20211011,271,272.4,266.8,268.4,561430
ACRYSIL,20211011,756,779.75,742.35,770.75,257746
ADANIENT,20211011,1553,1563.7,1532.15,1539.75,1910095
ADANIGREEN,20211011,1199.3,1211.2,1159,1162.1,181216
ADANIPORTS,20211011,743.9,746,736.5,737.45,2118247
ADANIPOWER,20211011,103,104.75,101,101.85,6211799
ADANITRANS,20211011,1682,1707,1635,1696.7,70249
ADFFOODS,20211011,920,920,889,897.2,12466
ADL,20211011,43.9,43.9,40.05,43.8,5576
ADORWELD,20211011,712,720,700.85,702.15,5834
ADROITINFO,20211011,10.05,10.05,9.2,10,27736
ADSL,20211011,86.4,86.95,82.5,84.15,331427
ADVANIHOTR,20211011,84.1,85.2,81.45,83.3,44175
ADVENZYMES,20211011,408.7,421.5,404.5,412.9,731286
AEGISCHEM,20211011,230.25,247,229.6,238.9,5349739
AFFLE,20211011,1215,1260,1122.55,1219.25,1496525
AGARIND,20211011,396.5,398.4,375,379.55,95779
AGCNET,20211011,1033,1033,985,1008.55,1871
AGRITECH,20211011,73,76.5,71.5,75,12374
AGROPHOS,20211011,18.65,19,17.8,18.55,141300
AHLADA,20211011,163.15,174.85,160,171.3,47700
AHLEAST,20211011,194,194,185,190.75,8165
AHLUCONT,20211011,362,380,360.1,364.75,55856
AHLWEST,20211011,281.7,281.7,274.9,275.65,1823
AIAENG,20211011,1890.2,1894,1870,1890,89018
AIRAN,20211011,21.4,21.95,21.05,21.4,72894
AIRTEL-RE,20211011,205,208,201,204.2,3107180
AJANTPHARM,20211011,2296.9,2365.8,2272,2301.4,108163
AJMERA,20211011,347,369.85,347,368.85,42536
AJOONI,20211011,62.95,65,61.5,62.5,216792
AJRINFRA,20211011,1.6,1.6,1.55,1.55,2461888
AKASH,20211011,227.7,227.7,213.55,217.85,13939
AKG,20211011,28.75,33.75,28.75,33.75,51655
AKSHARCHEM,20211011,543.8,562.6,513.25,515.9,62169
AKSHOPTFBR,20211011,9.55,9.55,8.9,9.05,281933
AKZOINDIA,20211011,2263.9,2263.9,2225,2227.95,6762
ALANKIT,20211011,18.5,18.8,17.3,17.8,1961215
ALBERTDAVD,20211011,618.15,636,616.1,618.95,30003
ALEMBICLTD,20211011,114,115.5,113,114.45,448328
ALICON,20211011,772,789.5,754.1,761.95,25044
ALKALI,20211011,93.85,96.5,91.05,94.25,106037
ALKEM,20211011,3955.1,3990,3915.05,3933.55,274280
ALKYLAMINE,20211011,4070,4099.95,4000,4008,48106
ALLCARGO,20211011,281.9,289.8,277.95,279.25,526066
ALLSEC,20211011,423.15,504,420,496.1,145887
ALMONDZ,20211011,114.95,114.95,110.2,112.55,10137
ALOKINDS,20211011,24.5,25.1,24.3,24.6,13330130
ALPA,20211011,57.45,57.45,55.5,55.7,33771
ALPHAGEO,20211011,458.5,469,452.5,455.35,56352
ALPSINDUS,20211011,3.8,3.8,3.8,3.8,13074
AMARAJABAT,20211011,761,781.6,760,770.55,1655290
AMBER,20211011,3550,3770.8,3531.45,3639.1,278200
AMBICAAGAR,20211011,22.85,23.2,20.35,21.65,100274
AMBIKCO,20211011,1950,2095,1920.05,2002,162639
AMBUJACEM,20211011,404,406.95,400.3,402.95,3522402
AMDIND,20211011,32.45,32.45,30.1,30.15,23542
AMIORG,20211011,1260,1320,1255.2,1289.5,943054
AMJLAND,20211011,37.3,37.95,35.2,36.55,47628
AMRUTANJAN,20211011,833.4,835.4,822.2,826.35,39780
ANANTRAJ,20211011,77.5,80.4,77.5,78.65,673176
ANDHRACEMT,20211011,15.1,15.8,15.1,15.8,1059510
ANDHRAPAP,20211011,245,245.9,240,243.3,35940
ANDHRSUGAR,20211011,684.4,688.4,672.95,677.5,82141
ANDREWYU,20211011,27.2,27.2,26.05,26.3,206395
ANGELBRKG,20211011,1381,1425,1362.45,1377,529839
ANIKINDS,20211011,23.85,24.05,22.15,24,301720
ANKITMETAL,20211011,2.6,2.6,2.5,2.6,422263
ANMOL,20211011,154.6,155,150,151.5,121382
ANSALAPI,20211011,11.8,11.9,10.5,11.05,988838
ANSALHSG,20211011,6.6,6.7,6.4,6.45,454969
ANTGRAPHIC,20211011,0.8,0.85,0.75,0.8,100660
ANUP,20211011,979.1,1000.2,964.1,967.65,32207
ANURAS,20211011,787,796.9,776.25,789.2,89878
APARINDS,20211011,671.95,729.9,671.95,710.95,797521
APCL,20211011,414,414,397.05,398.9,24859
APCOTEXIND,20211011,437.5,446.45,430.1,436.15,160184
APEX,20211011,311.7,317.95,301.2,306.1,108671
APLAPOLLO,20211011,858,884,857,878.25,456531
APLLTD,20211011,781.1,835,775,820.05,1371722
APOLLO,20211011,121.6,124.8,121.6,122.65,154898
APOLLOHOSP,20211011,4401.1,4422.95,4360,4377.15,331320
APOLLOPIPE,20211011,1959.55,1970,1911.35,1936.15,43824
APOLLOTYRE,20211011,235.95,245.25,234,240.55,10744057
APOLSINHOT,20211011,796.5,826,796.5,815.3,2557
APTECHT,20211011,317.7,317.7,309,309.7,243390
APTUS,20211011,325,330,322,324.7,425755
ARCHIDPLY,20211011,33.5,35.45,32.5,34.05,42840
ARCHIES,20211011,20.1,20.4,19,19.35,96950
ARENTERP,20211011,30,30.85,29,29.2,7235
ARIES,20211011,148.6,148.95,146.3,146.7,24376
ARIHANT,20211011,27.05,27.75,25.85,26.45,22806
ARIHANTCAP,20211011,147.8,147.8,143.6,145.4,59228
ARIHANTSUP,20211011,173,180,171,176.2,161432
ARMANFIN,20211011,937,980,937,961.3,29753
AROGRANITE,20211011,64.95,66.4,63.85,64.8,49180
ARROWGREEN,20211011,123.5,123.9,119.4,119.6,9120
ARSHIYA,20211011,28.75,32.2,28.15,31.7,526721
ARSSINFRA,20211011,27.75,29.25,27.75,28.8,19041
ARTEMISMED,20211011,36.8,37.5,35.85,36,139832
ARVEE,20211011,86,90,86,89,140
ARVIND,20211011,103.5,109.95,103.5,107.8,4037666
ARVINDFASN,20211011,334.7,344.8,325.65,330.55,323684
ARVSMART,20211011,202.9,210,201.55,208.15,287206
ASAHIINDIA,20211011,364.4,370.5,361.1,362.15,190705
ASAHISONG,20211011,370,370,352.7,356.9,21046
ASAL,20211011,71.15,74.4,71.15,74.4,26239
ASALCBR,20211011,550.9,580,548.4,561.55,386858
ASHAPURMIN,20211011,129.6,129.7,121.2,123.85,85902
ASHIANA,20211011,199.9,205,197.75,202.35,125610
ASHIMASYN,20211011,21.15,21.4,18.6,19.7,429967
ASHOKA,20211011,117.65,124.1,116.1,119.6,10874456
ASHOKLEY,20211011,135.9,139.15,135,136.75,14943042
ASIANHOTNR,20211011,92.7,92.7,90.4,91.15,10553
ASIANPAINT,20211011,3326.4,3344.35,3297.75,3306.05,460197
ASIANTILES,20211011,166,167,162,162.55,175747
ASPINWALL,20211011,188,193.95,182.85,188.45,19421
ASTEC,20211011,1287.9,1300,1266.3,1275.6,8067
ASTERDM,20211011,214.3,216.75,211.35,212.7,601577
ASTRAL,20211011,2258,2299,2255,2270.65,197595
ASTRAMICRO,20211011,194.7,209,193.3,203.15,970323
ASTRAZEN,20211011,3139,3160,3120,3146.7,18745
ASTRON,20211011,59.4,60.75,58.05,58.4,84240
ATFL,20211011,1031.2,1040.9,1017.3,1024.85,8736
ATGL,20211011,1367.1,1420,1345,1415.2,121928
ATLANTA,20211011,14.15,14.25,13.55,13.65,13833
ATUL,20211011,10639.4,10969,10438.9,10824.15,25161
ATULAUTO,20211011,235,241,232.5,234.05,237319
AUBANK,20211011,1222,1230.85,1208,1211.85,444647
AURIONPRO,20211011,207.6,215.5,207.6,211.05,25178
AUROPHARMA,20211011,718.7,725,711.1,720.55,1309853
AUSOMENT,20211011,66.25,68.9,66,67.8,4531
AUTOAXLES,20211011,1253.1,1277,1247.35,1264.8,41075
AUTOIND,20211011,65,65,60.9,62.7,71332
AVADHSUGAR,20211011,464.9,479.55,455.65,460.15,130576
AVANTIFEED,20211011,584.95,589.95,574.35,577.35,178535
AVTNPL,20211011,85.6,92.95,85.05,88.9,670473
AWHCL,20211011,359.4,391,354.05,386.55,2048961
AXISBANK,20211011,782,793,779,787.15,4417455
AXISBNKETF,20211011,380,386.61,380,386,446
AXISBPSETF,20211011,10.33,10.37,10.33,10.35,66656
AXISCADES,20211011,85.95,87.4,84,85.05,57131
AXISCETF,20211011,74,74,71.42,71.45,2163
AXISGOLD,20211011,40.52,40.79,40.43,40.66,108701
AXISHCETF,20211011,90.95,90.95,88.07,88.24,6466
AXISNIFTY,20211011,187,190.5,187,188.25,4396
AXISTECETF,20211011,366,366,356,358.13,14402
AYMSYNTEX,20211011,116,116.2,110.3,111,63616
BAFNAPH,20211011,132,132,128.75,128.85,2772
BAGFILMS,20211011,3.15,3.25,3,3.2,321298
BAJAJ-AUTO,20211011,3845,3879.9,3830.35,3852.1,239321
BAJAJCON,20211011,254.3,262.2,253,259.65,879373
BAJAJELEC,20211011,1240,1255,1233,1238.4,100740
BAJAJFINSV,20211011,17665.65,18045,17607,17713.95,234090
BAJAJHIND,20211011,16.7,16.85,15.8,15.8,7371612
BAJAJHLDNG,20211011,4709.1,4780,4672.1,4700.75,29110
BAJFINANCE,20211011,7773.9,7904.4,7752,7817.1,908648
BALAJITELE,20211011,66,68.5,66,66.9,456083
BALAMINES,20211011,4525,4645,4472.6,4506.95,45019
BALAXI,20211011,629.85,630,602.15,611.35,4848
BALKRISHNA,20211011,24.35,24.35,22.05,22.05,5487
BALKRISIND,20211011,2598,2637,2586.15,2603.4,358617
BALMLAWRIE,20211011,130.8,131.4,129.2,129.6,221393
BALPHARMA,20211011,109,110.4,106.85,107.85,62823
BALRAMCHIN,20211011,374,381.65,368,372.85,890535
BANARBEADS,20211011,78.65,80.7,76.5,78.45,30518
BANARISUG,20211011,2298.55,2301.65,2252,2275.45,1179
BANCOINDIA,20211011,203.8,203.8,198.5,199.55,126241
BANDHANBNK,20211011,335,338.9,324.1,326.5,14456522
BANG,20211011,38.5,38.5,36.75,37.85,8136
BANKA,20211011,79.9,79.9,76.2,77.15,7565
BANKBARODA,20211011,89.7,90.2,87.1,87.5,73810234
BANKBEES,20211011,384,386.82,380.25,384.82,502915
BANKINDIA,20211011,57.95,58.8,57.5,57.7,8307657
BANSWRAS,20211011,201.1,207,186.2,190.95,29432
BARBEQUE,20211011,1150,1178.85,1136,1155.35,84053
BASF,20211011,3502,3529,3435,3479.95,23251
BASML,20211011,67,67,64.1,64.75,71357
BATAINDIA,20211011,1984.85,2023.3,1955,1969.2,785210
BAYERCROP,20211011,5220,5237.2,5184,5191.7,9767
BBL,20211011,1342.2,1352,1328,1337.4,23967
BBTC,20211011,1158.9,1180,1142.8,1154.5,83842
BCG,20211011,81.8,81.8,81,81.8,957137
BCLIND,20211011,260,264.35,243.2,251.05,155675
BCP,20211011,4,4.35,3.95,3.95,1481565
BDL,20211011,371.8,379.9,371.8,376.35,395834
BEARDSELL,20211011,14.4,14.45,13.75,14.25,15951
BECTORFOOD,20211011,440,443.1,433,435.2,389862
BEDMUTHA,20211011,36.65,40.8,36.65,40.8,49163
BEL,20211011,200.15,211,200.15,208.6,7249740
BEML,20211011,1529,1587.95,1504.15,1558.65,729658
BEPL,20211011,206.65,210,203.15,205.2,1225304
BERGEPAINT,20211011,839,839,821.75,824,376566
BESTAGRO,20211011,943,971.15,914.2,929.5,121194
BFINVEST,20211011,364.5,384,364,372.85,62155
BFUTILITIE,20211011,432.9,459,431,449.95,567360
BGLOBAL,20211011,2.6,2.6,2.6,2.6,64786
BGRENERGY,20211011,67.75,72.3,67.5,70.6,785008
BHAGERIA,20211011,308.5,315,307,308.6,66106
BHAGYANGR,20211011,52.3,52.3,50.1,50.45,37125
BHAGYAPROP,20211011,32.2,32.4,30.9,31.5,23109
BHANDARI,20211011,3.7,3.75,3.7,3.75,321579
BHARATFORG,20211011,764,796.4,762.55,794,3765565
BHARATGEAR,20211011,163.1,171,162.9,169.2,59722
BHARATRAS,20211011,12499,12499.1,12219.4,12240.1,1726
BHARATWIRE,20211011,64.25,67,63.5,66.35,43938
BHARTIARTL,20211011,693.1,696.05,685,690.85,8792050
BHEL,20211011,65.7,68.3,64.85,66.75,79804445
BIGBLOC,20211011,145.8,149,142,146.4,58431
BIL,20211011,230,230,221.8,223.35,1876
BINDALAGRO,20211011,23.55,25.1,23.3,23.9,384743
BIOCON,20211011,359,362,356.5,360.1,1707523
BIOFILCHEM,20211011,74,75.3,70,71.4,211382
BIRLACABLE,20211011,90.95,92,90.2,91.7,35854
BIRLACORPN,20211011,1400,1412,1385,1391.85,72173
BIRLAMONEY,20211011,67.75,70.5,67.7,68.5,416534
BIRLATYRE,20211011,25.25,27.8,25.25,27.15,2472157
BLBLIMITED,20211011,13.3,13.3,13,13.3,77028
BLISSGVS,20211011,112.95,113.9,112,112.45,255558
BLKASHYAP,20211011,31.5,32.85,30.1,30.65,600635
BLS,20211011,270,272.8,258.8,260.55,153177
BLUECHIP,20211011,0.3,0.3,0.3,0.3,4650
BLUECOAST,20211011,6,6,5.85,5.85,1261
BLUEDART,20211011,6470,6560,6385,6444.8,19448
BLUESTARCO,20211011,884.9,935,877.9,902.55,145695
BODALCHEM,20211011,140.2,144.9,138.75,140.8,1177083
BOMDYEING,20211011,95.45,97.8,94.55,95.65,3146804
BOROLTD,20211011,217.6,233,217.6,225.65,391624
BORORENEW,20211011,331.5,356.45,330.1,356.45,350718
BOSCHLTD,20211011,17765,18320,17752.45,17789.5,80381
BPCL,20211011,450,455.15,449.5,454.4,5916666
BPL,20211011,168.25,168.25,168.25,168.25,32340
BRFL,20211011,7.8,7.8,7.3,7.35,355683
BRIGADE,20211011,465.9,496.9,462.4,475,1247873
BRITANNIA,20211011,3880,3900.75,3831.2,3840.6,253051
BRNL,20211011,30.2,31.25,30.1,30.25,76595
BROOKS,20211011,135,135.9,131.55,133.1,51959
BSE,20211011,1351.3,1450,1350,1434.65,2896864
BSHSL,20211011,288.05,294,281.05,288.05,1598
BSL,20211011,70,77.3,68.45,77.3,118179
BSLGOLDETF,20211011,4282.95,4288.05,4272.6,4280.7,136
BSLNIFTY,20211011,199,200.15,197.71,198.83,1075
BSLSENETFG,20211011,577,583,570,572.84,1188
BSOFT,20211011,435.4,436,423.6,427.1,1498622
BURGERKING,20211011,161.15,162.75,159.75,160.15,1042550
BURNPUR,20211011,3.4,3.4,3.35,3.4,155587
BUTTERFLY,20211011,1050,1070,1021,1036.75,22217
BVCL,20211011,23.4,23.6,21.4,23.6,28938
BYKE,20211011,39.8,40.45,38.15,38.65,297020
CADILAHC,20211011,554,554.2,546.45,548.45,1227493
CALSOFT,20211011,35.85,36,35,36,307480
CAMLINFINE,20211011,194.3,200,190.8,193.05,529552
CAMS,20211011,3150,3179.9,3127,3133.6,215584
CANBK,20211011,179,180.95,175.55,176.65,16526973
CANFINHOME,20211011,684.8,721,680,695.6,2398779
CANTABIL,20211011,625,681,611.3,650.55,101006
CAPACITE,20211011,201.4,208.25,195.5,199.55,710776
CAPLIPOINT,20211011,874,892.2,868.05,873.45,269705
CAPTRUST,20211011,95,95,91.5,92.25,22969
CARBORUNIV,20211011,875.3,889.9,870,884.05,321330
CAREERP,20211011,160,160.8,157.8,158.55,20347
CARERATING,20211011,675,698,675,681.25,140167
CARTRADE,20211011,1423.6,1440,1402,1419.95,216412
CASTROLIND,20211011,142.7,145,140.6,142.25,853168
CCCL,20211011,0.35,0.45,0.35,0.45,21377
CCHHL,20211011,7.35,7.5,7.3,7.5,109382
CCL,20211011,415.9,419.9,408,410.2,316555
CDSL,20211011,1363,1398.95,1313,1385.65,706091
CEATLTD,20211011,1372.05,1421.4,1371.6,1392,596174
CEBBCO,20211011,35,36.2,34.05,34.95,156432
CELEBRITY,20211011,10.9,11.2,10.7,11.2,100600
CENTENKA,20211011,475,477,461.7,465.45,75690
CENTEXT,20211011,9.6,9.7,8.65,9.3,344450
CENTRALBK,20211011,22.9,23.1,22.55,22.65,5143538
CENTRUM,20211011,42.75,42.9,40.5,40.9,1813027
CENTUM,20211011,512.55,565,500.1,543.15,71306
CENTURYPLY,20211011,498,509.4,485.5,505.2,257305
CENTURYTEX,20211011,942.7,979.9,937.45,943.9,820917
CERA,20211011,5290,5639.45,5200,5481.1,25421
CEREBRAINT,20211011,56,56.3,54.75,55,212244
CESC,20211011,88.8,92.1,88.75,90.05,4398920
CGCL,20211011,521.5,528.5,521,521.25,14757
CGPOWER,20211011,116.9,120.65,115,119.65,1716890
CHALET,20211011,241.75,250,240.75,248.4,772516
CHAMBLFERT,20211011,425,427.65,403,404.95,2678371
CHEMBOND,20211011,263.05,269.2,249.25,264.05,97861
CHEMCON,20211011,460,460,447.6,448.35,210390
CHEMFAB,20211011,211,211,203.6,205.4,38503
CHEMPLASTS,20211011,804.95,826,766.15,775.1,1212750
CHENNPETRO,20211011,135.6,138,134.85,135.45,722303
CHOLAFIN,20211011,566,580.1,566,570.35,1104683
CHOLAHLDNG,20211011,721.5,730,701,717,36946
CIGNITITEC,20211011,630.45,646.5,623,634.9,269712
CINELINE,20211011,126.05,126.05,120.3,125.85,96456
CINEVISTA,20211011,18.3,18.6,17,17.25,50925
CIPLA,20211011,922.8,923.15,910,913.75,1449593
CLEAN,20211011,2266,2353.9,2260.8,2311,491905
CLEDUCATE,20211011,76.95,83.3,76.05,83.3,155342
CLNINDIA,20211011,614,622,604.45,606.1,82751
CLSEL,20211011,122.9,122.9,120.4,120.7,52703
CMICABLES,20211011,44.85,45.4,44.75,44.95,89857
COALINDIA,20211011,192,199.7,191.65,196.85,34952223
COASTCORP,20211011,298.5,298.5,285.1,293.65,18670
COCHINSHIP,20211011,363,365.5,360.1,360.9,218612
COFFEEDAY,20211011,32.4,32.4,31.6,31.7,881526
COFORGE,20211011,5600,5600,5159.35,5362.05,500224
COLPAL,20211011,1692.95,1709.9,1684.45,1697.1,289928
COMPINFO,20211011,26.3,30.95,26.05,27.35,1185682
COMPUSOFT,20211011,20.2,20.2,20.2,20.2,124426
CONCOR,20211011,693,705.65,686,687.6,1879221
CONFIPET,20211011,90.3,91.75,89.1,89.35,644012
CONSOFINVT,20211011,175,179.25,171.55,179.25,431124
CONTROLPR,20211011,329.05,333.4,325,326.2,20279
CORALFINAC,20211011,45.5,46,44.1,45.1,158434
CORDSCABLE,20211011,56.35,57.9,56,56.3,29784
COROMANDEL,20211011,859.8,876.75,850.8,856.9,404050
COSMOFILMS,20211011,1534.8,1542.55,1501.05,1509.4,36537
COUNCODOS,20211011,4.1,4.3,4.05,4.3,2317006
CPSEETF,20211011,31.82,32.09,31,31.97,6343951
CRAFTSMAN,20211011,2234,2298.9,2232.4,2253.05,37983
CREATIVE,20211011,247.8,251.3,247.8,251.3,12582
CREATIVEYE,20211011,4.05,4.25,4.05,4.1,10717
CREDITACC,20211011,671,675,659.05,669.95,47171
CREST,20211011,127.75,129.9,124,124.8,13493
CRISIL,20211011,2925,3016.6,2883,2998.6,71403
CROMPTON,20211011,482.95,483.8,475,480.25,1392123
CSBBANK,20211011,314.9,315.25,310.15,311.85,115842
CTE,20211011,70.7,70.7,62,67.7,197748
CUB,20211011,167.1,170.6,165.7,168.85,5111032
CUBEXTUB,20211011,24.7,24.7,23.2,23.9,15904
CUMMINSIND,20211011,889,912,883.6,909.4,1083385
CUPID,20211011,233,241.15,233,237,80017
CYBERMEDIA,20211011,10,10.2,10,10,5011
CYBERTECH,20211011,172,179.7,167.4,172.8,224637
CYIENT,20211011,1125,1125,1083.5,1096,184641
DAAWAT,20211011,69.75,70.1,68.4,68.55,1430599
DABUR,20211011,610,611,607,608.65,1426583
DALALSTCOM,20211011,1.05,1.05,1.05,1.05,3600
DALBHARAT,20211011,2100.1,2118,2067,2077.85,348861
DALMIASUG,20211011,463.5,468,451.65,453.3,143361
DAMODARIND,20211011,46.25,48,45.7,45.8,65605
DANGEE,20211011,190.25,192,189.5,191.25,9179
DATAMATICS,20211011,366.7,366.7,349.7,354.55,513065
DBCORP,20211011,98.35,100.15,98.3,98.55,145406
DBL,20211011,664.5,694,660.5,677.8,1685980
DBREALTY,20211011,33.4,34.05,33.15,34.05,1947281
DBSTOCKBRO,20211011,18,18,17.15,17.95,4551
DCAL,20211011,240.5,248.5,238.25,240,754008
DCBBANK,20211011,90.55,91,90.15,90.45,2016371
DCM,20211011,54.4,54.5,52,52.85,22745
DCMFINSERV,20211011,2.6,2.6,2.6,2.6,1529
DCMNVL,20211011,248,252.3,235,243.75,46232
DCMSHRIRAM,20211011,1220.25,1240,1199,1217.65,96762
DCW,20211011,55.7,56.7,51.65,51.9,5163481
DECCANCE,20211011,769,772.85,743.65,766.05,43805
DEEPAKFERT,20211011,419.8,423.15,411.35,413.35,221656
DEEPAKNTR,20211011,2886,2989.95,2854.3,2866.75,1361327
DEEPENR,20211011,46.45,47.6,46.3,47.45,60628
DEEPINDS,20211011,163,166.9,160.65,161.6,113539
DELPHIFX,20211011,702.6,703.3,658.5,679,2437
DELTACORP,20211011,274.65,281,257.55,272.3,10431885
DELTAMAGNT,20211011,61,61.1,58.85,61.1,21442
DEN,20211011,50.4,50.55,49.75,49.9,577316
DENORA,20211011,340,340,326.75,331.1,6175
DEVYANI,20211011,113.65,117.35,113.65,114.75,3254425
DFMFOODS,20211011,344,346.95,340.3,343.25,43816
DGCONTENT,20211011,13.45,13.45,12.3,13.05,15112
DHAMPURSUG,20211011,319.9,324.7,314,316.4,595343
DHANBANK,20211011,16.85,16.85,16.45,16.5,802005
DHANI,20211011,198.25,203.5,191.75,201.85,3051913
DHANUKA,20211011,820,844.9,820,830.8,187481
DHARSUGAR,20211011,21.8,21.8,20.6,20.75,44774
DHUNINV,20211011,652.4,652.45,639,641.35,1518
DIAMONDYD,20211011,691,702.95,688.2,696.7,26307
DICIND,20211011,460.15,469.8,459,462.3,3102
DIGISPICE,20211011,47.4,49,44.85,46.95,124758
DISHTV,20211011,19.9,20.15,19.35,19.55,9644251
DIVISLAB,20211011,5104,5223.95,5060.5,5143.05,386696
DIXON,20211011,5400,5570,5201.15,5393.7,1391361
DLF,20211011,418,437.9,416,424.85,13587772
DLINKINDIA,20211011,146.6,149.7,146.1,146.5,185439
DMART,20211011,4438,4840,4407,4719.45,1017160
DNAMEDIA,20211011,2.2,2.2,2.05,2.2,33813
DODLA,20211011,597,599.35,589.7,591.05,41127
DOLAT,20211011,92.9,93,88.95,89.35,498539
DOLLAR,20211011,435.1,444.6,423.55,427.55,344232
DONEAR,20211011,58.45,62.55,57.9,61.6,283147
DPABHUSHAN,20211011,221.85,228,215.05,219.6,23579
DPSCLTD,20211011,17.15,17.5,16.75,16.85,169466
DPWIRES,20211011,227.9,227.9,220.05,221.65,22655
DRCSYSTEMS,20211011,424,425,375.4,395.7,40631
DREDGECORP,20211011,364.9,372.6,364.5,365.65,105494
DRREDDY,20211011,4870,4921.5,4827.9,4894.35,688064
DSSL,20211011,163,183,163,170.3,577237
DTIL,20211011,273.7,275.3,268.3,274.9,18432
DUCON,20211011,10.4,10.9,10.3,10.9,96873
DVL,20211011,296.4,296.6,286.1,287.75,45878
DWARKESH,20211011,76.3,77.35,74.5,75.3,2181579
DYNAMATECH,20211011,2959,2987.05,2906,2915.8,11062
DYNPRO,20211011,696.8,710.1,688.15,693.55,46872
EASEMYTRIP,20211011,593.95,608,590.05,593.85,514779
EASTSILK,20211011,5.3,5.3,5.3,5.3,65771
EBANK,20211011,4010,4199.34,4010,4162,160
EBBETF0423,20211011,1147.58,1149.55,1147.58,1148.06,5963
EBBETF0425,20211011,1067.88,1068.5,1066.08,1068.26,3977
EBBETF0430,20211011,1215,1215,1181.02,1182.43,22736
EBBETF0431,20211011,1062.42,1062.5,1057.21,1060.42,37803
ECLERX,20211011,2280,2365,2250,2330.75,72159
EDELWEISS,20211011,79.45,80,78.5,78.85,1839505
EICHERMOT,20211011,2830,2898.65,2828.25,2851.75,622401
EIDPARRY,20211011,437.4,441.9,433.6,436.4,145763
EIHAHOTELS,20211011,435.5,442,427.15,430.9,94042
EIHOTEL,20211011,138.85,147.8,136.3,141.6,2072862
EIMCOELECO,20211011,398,409.25,397.4,400.6,11654
EKC,20211011,126,130,124.05,124.65,307512
ELECON,20211011,171.45,180,170,170.75,635504
ELECTCAST,20211011,37.4,37.4,36.5,36.65,279629
ELECTHERM,20211011,140.6,148,140,142.3,151800
ELGIEQUIP,20211011,201.75,206,201.1,203.05,133747
ELGIRUBCO,20211011,41,41.8,40.5,40.9,61678
EMAMILTD,20211011,551.7,558.8,540.45,545.2,739990
EMAMIPAP,20211011,169.55,170.95,167,167.25,57845
EMAMIREAL,20211011,71.45,72.55,71,71.7,71365
EMKAY,20211011,117.9,119.45,115.35,116.1,66720
EMMBI,20211011,106,108,104.4,104.95,33691
ENDURANCE,20211011,1649,1675,1637,1666.2,143696
ENERGYDEV,20211011,11.45,11.45,11.1,11.35,142182
ENGINERSIN,20211011,78.7,80.5,78.4,78.75,2781092
ENIL,20211011,190.85,193.45,188.55,190.4,13577
EPL,20211011,242.45,244.75,239.35,242.55,314583
EQUITAS,20211011,128,134.25,126,133,2519293
EQUITASBNK,20211011,66,69.9,65,68.65,4200500
ERIS,20211011,800,825,779.5,790.05,206979
EROSMEDIA,20211011,21.35,21.5,20.4,20.75,681410
ESABINDIA,20211011,2223.85,2264,2194.85,2245.1,3742
ESCORTS,20211011,1505,1529.9,1486.6,1491.75,907444
ESSARSHPNG,20211011,12.1,13.95,11.65,13.05,3034150
ESTER,20211011,148,149,145.3,145.95,204885
EUROTEXIND,20211011,11.15,11.25,11.1,11.25,921
EVEREADY,20211011,400,405.3,393.1,394.7,494537
EVERESTIND,20211011,447.4,451,441,441.8,77114
EXCEL,20211011,3.2,3.2,3.1,3.2,125067
EXCELINDUS,20211011,1097.95,1109.7,1080,1084.95,26852
EXIDEIND,20211011,185.5,191.9,185.15,187.05,8029110
EXPLEOSOL,20211011,1093,1140.05,1062.25,1140.05,17177
EXXARO,20211011,152.5,166.3,151.45,160.15,1701489
FACT,20211011,129.95,129.95,128,128.4,143953
FAIRCHEMOR,20211011,2198,2220,2150,2174.75,9967
FCL,20211011,127.9,131.9,126.55,127.25,687000
FCONSUMER,20211011,7.65,7.75,7.45,7.45,12599860
FCSSOFT,20211011,1.45,1.45,1.4,1.45,1687221
FDC,20211011,353.9,355.05,335.55,350.5,216846
FEDERALBNK,20211011,86.5,87.5,85.8,86.25,12822354
FEL,20211011,9.4,9.95,9.25,9.3,948594
FELDVR,20211011,11.85,12.65,11.85,12.2,65904
FIEMIND,20211011,1149,1171.1,1130.2,1133.2,88932
FILATEX,20211011,118.5,122.5,116.75,120.4,3224808
FINCABLES,20211011,505.5,507.8,498.95,503.25,91954
FINEORG,20211011,3424,3424,3285,3332.75,32741
FINPIPE,20211011,231.7,234.95,230.05,232.25,626325
FLEXITUFF,20211011,15,15.1,14.3,14.55,81025
FLFL,20211011,64,64.9,62,62.7,136522
FLUOROCHEM,20211011,2049,2120,2007.3,2093.8,74252
FMGOETZE,20211011,282.4,283,276.8,277.55,70970
FMNL,20211011,10.3,10.6,9.9,10.05,272077
FORCEMOT,20211011,1525,1580,1512.85,1518.15,130941
FORTIS,20211011,272.55,273.8,266.05,268,1188970
FOSECOIND,20211011,1518.95,1520,1485,1488.1,4071
FRETAIL,20211011,55,55.95,53.3,53.45,2573406
FSC,20211011,84.35,85.5,80.25,81.2,126235
FSL,20211011,212,212.75,205,205.4,3516755
GABRIEL,20211011,154,162.5,154,159.3,1445823
GAEL,20211011,171,173.4,170,171.85,301806
GAIL,20211011,158.9,160.7,158.5,158.75,6354241
GAL,20211011,2.4,2.55,2.35,2.5,933394
GALAXYSURF,20211011,3429.8,3429.8,3351,3387.9,18376
GALLANTT,20211011,75.25,75.25,73.05,73.6,54624
GALLISPAT,20211011,51.2,51.95,50.6,51.1,84218
GANDHITUBE,20211011,444.6,451.95,439,440.5,7626
GANECOS,20211011,516.6,528.45,487,492.8,172820
GANESHBE,20211011,94.7,95.1,89.5,91.4,111173
GANESHHOUC,20211011,205,210.95,201.05,206.4,371235
GANGAFORGE,20211011,17.3,17.35,16.6,17.2,1434451
GANGESSECU,20211011,96,96,91.35,91.55,4035
GANGOTRI,20211011,1.1,1.1,1.05,1.1,41852
GARFIBRES,20211011,3538.5,3538.6,3497.95,3514.15,7195
GATI,20211011,150.9,153.55,149.85,150.4,329507
GAYAHWS,20211011,0.7,0.7,0.7,0.7,208586
GAYAPROJ,20211011,52.3,52.3,49.65,50.05,1881627
GDL,20211011,249.9,255,246.5,249.1,81126
GEECEE,20211011,164.5,166.45,159.85,161.25,41100
GEEKAYWIRE,20211011,93.5,93.5,86.4,90.55,13992
GENCON,20211011,44.45,45.1,43.2,43.7,85521
GENESYS,20211011,291.9,291.9,291.9,291.9,84696
GENUSPAPER,20211011,11.7,11.7,11.35,11.4,166240
GENUSPOWER,20211011,77.2,85.45,76.2,82.8,3868584
GEOJITFSL,20211011,80.8,85.35,80.4,83.25,818717
GEPIL,20211011,303.1,309.9,302.85,307.25,69152
GESHIP,20211011,371.7,375.5,368.35,373.45,412047
GET&D,20211011,132.3,133.5,130.9,131.85,106680
GFLLIMITED,20211011,82.8,85.5,79.95,82.85,294671
GFSTEELS,20211011,3.45,3.45,3.45,3.45,534
GHCL,20211011,447.45,453.7,435,437.95,234208
GICHSGFIN,20211011,153.2,155,152,152.95,179134
GICRE,20211011,146.75,147.9,145.4,145.85,717771
GILLANDERS,20211011,65.35,65.5,62.7,65,45155
GILLETTE,20211011,5855,5910.4,5814,5823.95,6517
GINNIFILA,20211011,34.6,35.15,33.45,33.8,86539
GIPCL,20211011,93.95,98.4,93.95,95.4,1507041
GISOLUTION,20211011,3.65,3.65,3.65,3.65,202
GKWLIMITED,20211011,734.4,734.4,700.15,707.1,4860
GLAND,20211011,3889.7,3924.6,3786.05,3809.6,127777
GLAXO,20211011,1494.05,1498.05,1475,1477,58511
GLENMARK,20211011,529.95,538.85,526.3,534,1877006
GLFL,20211011,3,3.3,3,3.3,6839
GLOBAL,20211011,48,48.95,46.35,47.65,23919
GLOBALVECT,20211011,58.8,59.85,58.45,59.35,41150
GLOBE,20211011,12.45,12.45,11.9,11.95,592682
GLOBUSSPR,20211011,1449,1490,1430,1453,75570
GLS,20211011,672.15,674.7,666.85,668.3,138126
GMBREW,20211011,776.65,788.7,766.9,777.45,159136
GMDCLTD,20211011,78.1,80.8,78.1,79,2031858
GMMPFAUDLR,20211011,4655.1,4819.5,4600,4734.6,38105
GMRINFRA,20211011,39.75,45,39.6,43.05,78174022
GNA,20211011,1039,1058.05,1030,1043.05,62672
GNFC,20211011,471.5,475.6,460.2,466.3,1122676
GOACARBON,20211011,401.4,409,395.5,400.05,34395
GOCLCORP,20211011,306,327.8,295.15,327.8,870586
GODFRYPHLP,20211011,1264.8,1286.05,1231.9,1268.75,44152
GODHA,20211011,54.65,54.65,52.3,53.75,3687
GODREJAGRO,20211011,626,631.55,621.1,624.2,67631
GODREJCP,20211011,1025,1028.7,1016.5,1024.65,550846
GODREJIND,20211011,594.65,594.65,574.05,578.4,342097
GODREJPROP,20211011,2373.5,2440,2336.4,2368.95,1867611
GOKEX,20211011,227.8,230.3,221.65,222.85,361962
GOKUL,20211011,27.9,28.3,27.85,27.95,82078
GOKULAGRO,20211011,42.5,44.3,41.8,42.95,209605
GOLDBEES,20211011,40.92,40.92,40.48,40.7,4870323
GOLDENTOBC,20211011,155.9,155.9,155.9,155.9,13330
GOLDIAM,20211011,992,994.55,958,960.5,145491
GOLDSHARE,20211011,41.25,41.25,40.9,40.95,139768
GOLDTECH,20211011,39,42,38.75,40.75,250310
GOODLUCK,20211011,305,306.9,299,304,87754
GOODYEAR,20211011,1055.5,1085,1048,1065.25,112494
GPIL,20211011,1329,1369.05,1302,1365,170821
GPPL,20211011,108.95,112.2,108.4,111.65,1895643
GPTINFRA,20211011,87.9,92.65,85.2,90.9,75023
GRANULES,20211011,327,330.85,326.25,327.9,849879
GRAPHITE,20211011,607,607.8,597.15,599.45,499639
GRASIM,20211011,1607,1665.5,1606.95,1651.75,1697164
GRAUWEIL,20211011,67.95,70.65,67.4,68.35,729312
GRAVITA,20211011,204.45,211.8,200.55,201.35,348072
GREAVESCOT,20211011,138.05,139.7,136,136.5,1104413
GREENLAM,20211011,1397.9,1425,1375.45,1403.8,7009
GREENPANEL,20211011,337,344.5,334.2,337.25,143734
GREENPLY,20211011,181,188.55,179.85,185.2,749649
GREENPOWER,20211011,4.5,4.5,4.5,4.5,735130
GRINDWELL,20211011,1474,1474,1438.6,1465.65,42549
GRINFRA,20211011,1882,1920,1875,1885.65,32506
GROBTEA,20211011,1292.75,1292.8,1176.4,1213.65,2361
GRPLTD,20211011,968.05,1005,950,959.15,1234
GRSE,20211011,208.9,210.75,207.6,208.9,371891
GSCLCEMENT,20211011,50.5,51.25,50,50.2,152113
GSFC,20211011,132,132.8,127.5,128.15,3255181
GSPL,20211011,322.65,326,312,315.35,595635
GSS,20211011,85.5,87.8,83.5,86.05,155008
GTL,20211011,15.35,15.6,15,15.15,125368
GTLINFRA,20211011,1.8,1.8,1.7,1.8,24335068
GTNTEX,20211011,8.15,9,8.15,9,5570
GTPL,20211011,297.7,309.9,292,296.2,350727
GUFICBIO,20211011,199.7,201.75,198,198.7,137262
GUJALKALI,20211011,811.9,841.65,798,810,867329
GUJAPOLLO,20211011,211.75,215.9,211.75,214.85,7495
GUJGASLTD,20211011,625.8,628.95,620.1,621.4,776955
GUJRAFFIA,20211011,38.05,38.9,37.45,37.55,6437
GULFOILLUB,20211011,593.95,593.95,585,585.35,61171
GULFPETRO,20211011,54.1,56,53.75,54.05,124950
GULPOLY,20211011,285.7,293,279.05,281.2,34960
HAL,20211011,1363,1394.55,1351.2,1364.8,560516
HAPPSTMNDS,20211011,1410,1419,1385,1389.3,185013
HARRMALAYA,20211011,191.95,192.75,188,189.15,50740
HATHWAY,20211011,26.5,26.65,25.85,26,3853208
HATSUN,20211011,1445,1489,1443.8,1464.75,39845
HAVELLS,20211011,1382.45,1409.85,1369.35,1382.15,836394
HAVISHA,20211011,1.4,1.4,1.3,1.4,83719
HBANKETF,20211011,373,383,373,382.59,4357
HBLPOWER,20211011,50.55,51.9,50.25,50.9,999304
HBSL,20211011,41.75,43.5,39.4,41.7,20933
HCC,20211011,11.25,11.35,10.45,10.55,18267240
HCG,20211011,243.9,248.1,243,244.45,74513
HCL-INSYS,20211011,14.45,14.5,13.9,14,958285
HCLTECH,20211011,1300,1324.9,1235.65,1302.9,5264998
HDFC,20211011,2739,2769,2726.8,2749.25,1773236
HDFCAMC,20211011,2907.7,2920.95,2894,2914.2,284235
HDFCBANK,20211011,1599.9,1645,1599,1633.8,6540424
HDFCLIFE,20211011,724.9,724.9,714.9,717.3,3007329
HDFCMFGETF,20211011,41.9,41.9,41.36,41.65,728739
HDFCNIFETF,20211011,192.8,192.8,190.09,192.39,15884
HDFCSENETF,20211011,649.99,651.95,636.05,650.2,2912
HEG,20211011,2450,2520,2405,2450.65,118292
HEIDELBERG,20211011,259.85,260,254.1,255.25,177113
HEMIPROP,20211011,140,141.5,138.6,139.15,633304
HERANBA,20211011,805,808,787,790.05,173453
HERCULES,20211011,150.8,155,149.25,152.3,88355
HERITGFOOD,20211011,464.95,474,458.1,464.75,101899
HEROMOTOCO,20211011,2845,2878.55,2843.2,2857.8,658779
HESTERBIO,20211011,2503.45,2525,2479.25,2493.25,4991
HEXATRADEX,20211011,173.65,181.9,166.25,172.3,5195
HFCL,20211011,79.5,80.35,78.3,78.85,5509327
HGINFRA,20211011,703.4,705.4,680,685.25,119152
HGS,20211011,2895,2919,2849,2859.95,11275
HIKAL,20211011,530,537.65,512.5,515.3,739752
HIL,20211011,5328,5375,5250,5258.8,29612
HILTON,20211011,12.75,13.3,12.75,12.95,12323
HIMATSEIDE,20211011,292.5,296,280,282,105639
HINDALCO,20211011,478.5,490,476.25,487.5,5565678
HINDCOMPOS,20211011,328,330,323.05,328.45,1721
HINDCON,20211011,66.1,73,66.1,70.05,37509
HINDCOPPER,20211011,127.8,128,124.8,125.85,3600660
HINDMOTORS,20211011,9.3,11.1,9,10.9,3175471
HINDNATGLS,20211011,36.85,36.85,35,35.4,54918
HINDOILEXP,20211011,204,208.7,200.9,207.55,581293
HINDPETRO,20211011,321.5,325.85,318.05,319.05,2856794
HINDUNILVR,20211011,2642.2,2665.5,2635.5,2645.1,1086252
HINDZINC,20211011,317,318.05,314.7,315.5,629602
HIRECT,20211011,192.5,192.5,187.1,187.25,9494
HISARMETAL,20211011,130.05,132.2,130.05,130.2,11527
HITECH,20211011,578.35,597.55,576,579.7,32919
HITECHCORP,20211011,233.55,236,228.5,234.3,12871
HITECHGEAR,20211011,269.8,270.45,260,261.1,10621
HLEGLAS,20211011,6894.4,6939,6710,6753,15902
HLVLTD,20211011,12.3,12.95,12.2,12.8,3373611
HMVL,20211011,79.5,81.95,78.6,79.4,193270
HNDFDS,20211011,2123.95,2124.8,2015.05,2026.3,10849
HNGSNGBEES,20211011,323.7,327,318.02,321.77,7049
HOMEFIRST,20211011,626,654,625,631.9,748191
HONAUT,20211011,45750,46041.9,45500,45517.05,1053
HONDAPOWER,20211011,1230,1443,1214.3,1418.8,344987
HOTELRUGBY,20211011,2.35,2.55,2.35,2.55,90598
HOVS,20211011,60.75,63.7,59.8,61.05,16839
HPL,20211011,72.4,72.4,70.5,70.85,135400
HSCL,20211011,52.3,52.45,50.9,51.1,4556223
HSIL,20211011,231,231.9,226,227.4,229579
HTMEDIA,20211011,27.25,27.25,26.1,26.25,364783
HUBTOWN,20211011,31.5,31.55,31,31.55,38325
HUDCO,20211011,45.2,45.5,44.75,44.85,2304341
HUHTAMAKI,20211011,267,268.95,265,265.8,66638
IBMFNIFTY,20211011,176.1,181.38,176.1,177.61,361
IBREALEST,20211011,149.3,153.7,148.6,150,7500457
IBULHSGFIN,20211011,241.7,246.4,240.85,241.8,5918018
ICDSLTD,20211011,74.65,74.65,74.65,74.65,3220
ICEMAKE,20211011,72.5,74.65,71.6,73.4,35304
ICICI500,20211011,257.35,257.35,251,254.79,1561
ICICIALPLV,20211011,182.99,182.99,180,181.07,66080
ICICIB22,20211011,46.49,46.9,45.85,46.73,425271
ICICIBANK,20211011,702,719.4,700.3,713.3,9337637
ICICIBANKN,20211011,389.7,389.7,362.7,381.13,4970
ICICIBANKP,20211011,194.67,198.51,194.67,197.26,3800
ICICIFMCG,20211011,399.95,403.2,396.95,402.79,2282
ICICIGI,20211011,1532.8,1543.45,1517.35,1536.6,731875
ICICIGOLD,20211011,41.65,41.97,41.38,41.77,341183
ICICILIQ,20211011,1000,1000,998.51,999.99,3188
ICICILOVOL,20211011,141.71,150,141.71,145.03,93341
ICICIM150,20211011,121.7,121.7,118.4,119.84,14361
ICICIMCAP,20211011,106.9,108.29,105.8,107.88,21530
ICICINF100,20211011,197.99,198.15,196,196.94,10919
ICICINIFTY,20211011,216.3,216.3,179.9,192.04,147504
ICICINV20,20211011,98.8,100,95,97.25,45718
ICICINXT50,20211011,44.6,44.68,43.7,44.4,35781
ICICIPHARM,20211011,90.98,90.98,89.3,90.24,19769
ICICIPRULI,20211011,657,666,650.05,661.5,1380146
ICICISENSX,20211011,657.99,657.99,648.28,653.79,1114
ICICITECH,20211011,370,370,355.51,357.59,123155
ICIL,20211011,303,315,303,309.4,1149963
ICRA,20211011,3549.25,3563,3481,3510.85,2222
IDBI,20211011,48.2,49.4,47.5,48.45,28434935
IDBIGOLD,20211011,4309.95,4330,4284.95,4307,257
IDEA,20211011,11.4,11.4,10.8,10.85,313737218
IDFC,20211011,53.25,54.65,52.7,52.95,4284696
IDFCFIRSTB,20211011,48.25,48.35,47.7,47.8,15812924
IDFNIFTYET,20211011,187.31,188.53,187.31,187.47,1135
IEX,20211011,720,798.7,712,780.9,40851795
IFBAGRO,20211011,623.5,632.7,613.1,622.9,36999
IFBIND,20211011,1188.95,1188.95,1147,1158.25,31763
IFCI,20211011,13.35,13.75,13.2,13.25,8834247
IFGLEXPOR,20211011,316.85,321.85,315,317.4,21556
IGARASHI,20211011,529.25,536.5,525,529.55,154689
IGL,20211011,520,523.9,514,514.45,2762269
IGPL,20211011,912,957,909,913.6,63334
IIFL,20211011,295,306.35,294.55,306.35,1275566
IIFLSEC,20211011,107.2,116.95,107.1,116.95,2535881
IIFLWAM,20211011,1575.75,1585.95,1542.35,1579.45,49493
IITL,20211011,76.05,78,74.5,75.05,5141
IMAGICAA,20211011,12.1,12.1,12.1,12.1,192364
IMFA,20211011,794.9,794.9,770,775.8,18161
IMPAL,20211011,775.6,775.95,761,766.3,886
IMPEXFERRO,20211011,1.2,1.2,1.2,1.2,107724
INCREDIBLE,20211011,26.45,26.85,25.15,26.65,19938
INDBANK,20211011,25.5,26.55,25.5,26.55,162195
INDHOTEL,20211011,204.2,211.5,201,206.8,13499862
INDIACEM,20211011,195.5,197.2,193.75,195.2,1483394
INDIAGLYCO,20211011,962.7,962.7,931.75,935.1,157962
INDIAMART,20211011,8850,9099.5,8781.6,8806.65,217071
INDIANB,20211011,142.65,147.85,141.3,145.8,6786194
INDIANCARD,20211011,180,180,178,178.3,1345
INDIANHUME,20211011,204.2,208.5,203.45,205.4,39337
INDIGO,20211011,1948.9,2136,1930,2048.2,2311543
INDIGOPNTS,20211011,2533.3,2568,2524.25,2543,18585
INDLMETER,20211011,12.55,12.55,12.05,12.45,24582
INDNIPPON,20211011,378.75,404.9,378.75,392.95,107880
INDOCO,20211011,452,453.85,444,446.45,415027
INDORAMA,20211011,52.75,53,51.9,52.15,59413
INDOSTAR,20211011,290.95,293.7,284,286.7,56239
INDOTECH,20211011,179.7,179.7,179.7,179.7,3951
INDOTHAI,20211011,96.95,100.15,96.95,97.3,33490
INDOWIND,20211011,8.55,8.55,8.4,8.55,61929
INDRAMEDCO,20211011,80.7,80.9,79.75,80,146393
INDSWFTLAB,20211011,63.8,64.8,63.1,63.45,95475
INDSWFTLTD,20211011,13.1,13.1,11.9,13.1,36742
INDTERRAIN,20211011,48.15,51.4,45.55,49.75,725365
INDUSINDBK,20211011,1172.65,1194.45,1170,1173.25,2535840
INDUSTOWER,20211011,305,307.8,292.95,303.7,3595497
INEOSSTYRO,20211011,1550,1560,1510,1546.8,92882
INFIBEAM,20211011,46.5,47.25,46.1,46.35,3822492
INFOBEAN,20211011,409.05,426.85,406.55,426.85,45427
INFOMEDIA,20211011,3.35,3.6,3.3,3.6,8676
INFRABEES,20211011,525,538.11,525,534.27,2345
INFY,20211011,1682,1730,1663.7,1690.95,8840633
INGERRAND,20211011,1182.35,1190.3,1155,1163.95,41801
INOXLEISUR,20211011,420.5,424.7,410.55,412.3,494336
INOXWIND,20211011,102,116.45,100.65,114.75,7319998
INSECTICID,20211011,718.95,749.05,715.1,735.45,53939
INSPIRISYS,20211011,50.65,50.65,46.85,48.8,6693
INTEGRA,20211011,4.8,4.8,4.6,4.6,6060
INTELLECT,20211011,690.1,714.75,685.2,695.3,402675
INTENTECH,20211011,81,81,76.8,78.6,105765
INTLCONV,20211011,69.3,71,69,69.7,91227
INVENTURE,20211011,2.8,2.9,2.75,2.85,3712766
IOB,20211011,22.6,22.7,22.15,22.25,6879103
IOC,20211011,132.15,133.95,131.2,131.55,6307813
IOLCP,20211011,610.8,613,595.8,597.85,255928
IPCALAB,20211011,2338,2370,2294.05,2357.65,156717
IPL,20211011,311.75,312.5,308.65,309.2,277301
IRB,20211011,210.3,217.4,210,211.2,4588341
IRCON,20211011,46.55,46.55,45.8,45.95,1767750
IRCTC,20211011,4904.9,4928.5,4750,4772.55,6014937
IRFC,20211011,23.75,23.8,23.55,23.55,7353291
IRISDOREME,20211011,218.8,219.1,202.1,215.1,24389
ISEC,20211011,755.95,823.4,755,816.55,2275233
ISFT,20211011,141,148.6,135.35,146.5,368603
ISGEC,20211011,728,728,713.25,719.1,26017
ISMTLTD,20211011,29.35,30.25,28.85,30.15,280898
ITC,20211011,232,239.5,231.7,238.05,21184428
ITDC,20211011,429.3,429.3,420,421.95,52104
ITDCEM,20211011,88.65,90.05,85.6,86.25,1016340
ITI,20211011,122.35,122.7,121,121.25,217271
IVC,20211011,5.75,5.9,5.7,5.8,240951
IVP,20211011,118.7,122.35,113.6,118.7,35487
IVZINGOLD,20211011,4227.8,4230,4200,4217,38
IVZINNIFTY,20211011,1962.2,1962.2,1962.2,1962.2,2
IWEL,20211011,605,624.35,595,614.95,7765
IZMO,20211011,98.35,99.25,96.05,96.25,62349
J&KBANK,20211011,37.7,37.75,37,37.1,1804849
JAGRAN,20211011,61,62.7,61,61.7,105214
JAGSNPHARM,20211011,152.95,155,152,152.45,38857
JAIBALAJI,20211011,53.65,56.45,53.65,55.85,56381
JAICORPLTD,20211011,138.5,142.4,136.85,137.6,3337770
JAIPURKURT,20211011,60.45,60.45,56.65,57.6,13491
JAMNAAUTO,20211011,94.4,96.25,93.1,94.05,1104943
JASH,20211011,480,499.8,478.75,490.2,6212
JAYAGROGN,20211011,263.9,266.55,259.55,262.75,36796
JAYBARMARU,20211011,207.9,209,202.6,204.8,56092
JAYNECOIND,20211011,25.6,27.65,25.05,27.4,1923654
JAYSREETEA,20211011,111.3,112.8,109.5,110.25,180381
JBCHEPHARM,20211011,1795,1844.05,1769.65,1836.25,90502
JBFIND,20211011,23.7,24.85,23.7,24.85,445258
JBMA,20211011,532.2,547.75,525.55,528.35,115242
JCHAC,20211011,2251,2273.3,2220,2224.8,9492
JHS,20211011,27.35,29.8,27.35,27.85,328177
JIKIND,20211011,0.55,0.6,0.5,0.55,152126
JINDALPHOT,20211011,177.1,177.1,177.1,177.1,5776
JINDALPOLY,20211011,1019.8,1034.4,1009,1011.45,63819
JINDALSAW,20211011,116.4,119.3,115.8,116.2,1324507
JINDALSTEL,20211011,420.05,421.5,412,412.9,5070562
JINDCOT,20211011,3.5,3.65,3.35,3.55,55005
JINDRILL,20211011,154.7,167.85,154,158.05,214673
JINDWORLD,20211011,116.9,119.95,113.2,114.9,367450
JISLDVREQS,20211011,26.85,27.65,26.4,27.65,139713
JISLJALEQS,20211011,44.35,47.95,44.25,47.9,12197648
JITFINFRA,20211011,277.55,277.55,277.55,277.55,23851
JKCEMENT,20211011,3412,3593.9,3370,3448.15,182847
JKIL,20211011,184.05,187.45,183.1,183.85,136220
JKLAKSHMI,20211011,650.85,656.7,643.25,646.7,108999
JKPAPER,20211011,248,248.8,245,246.4,783180
JKTYRE,20211011,153.2,157.6,152.2,153,2464418
JMA,20211011,64.45,64.45,62.1,63.35,41651
JMCPROJECT,20211011,112,114.7,111.15,112.3,177210
JMFINANCIL,20211011,92.3,93.5,91.9,92.7,1404254
JMTAUTOLTD,20211011,2.8,2.8,2.7,2.7,671921
JOCIL,20211011,234.95,237,232.2,234.4,15028
JPASSOCIAT,20211011,9.85,9.9,9.7,9.9,3239463
JPINFRATEC,20211011,2.15,2.3,2.1,2.3,4620379
JPOLYINVST,20211011,108,108,108,108,11977
JPPOWER,20211011,5.7,5.9,5.35,5.4,397804495
JSL,20211011,169.45,172.15,166.5,167.65,1043545
JSLHISAR,20211011,296.75,304.85,295.4,296.45,244580
JSWENERGY,20211011,381.75,393,375.1,389.05,647563
JSWHL,20211011,4704.85,4780,4644.95,4663.55,1003
JSWISPL,20211011,33.7,34,32.5,32.75,2008716
JSWSTEEL,20211011,671.05,678,666.7,672.4,2257738
JTEKTINDIA,20211011,106.6,109.85,106.6,108.25,204640
JUBLFOOD,20211011,4033,4120,4011,4064.15,323259
JUBLINDS,20211011,518,523.55,502,505.15,26595
JUBLINGREA,20211011,774.9,783.85,751.35,764.4,839330
JUBLPHARMA,20211011,635.6,635.95,625,626.2,167998
JUMPNET,20211011,8.4,8.6,8.25,8.3,573580
JUNIORBEES,20211011,459,459,446.05,454.76,93085
JUSTDIAL,20211011,1004,1009.95,976.05,981.55,413472
JYOTHYLAB,20211011,165,167,163.75,165.55,235667
KABRAEXTRU,20211011,250.05,262.75,242,243.6,200347
KAJARIACER,20211011,1246,1298,1244.05,1286.2,408930
KAKATCEM,20211011,252.95,252.95,246.1,247.2,14678
KALPATPOWR,20211011,410.2,418,410.2,414.95,412753
KALYANIFRG,20211011,199,199,194,198.8,1251
KALYANKJIL,20211011,78.5,80.4,77,78.05,3677288
KAMATHOTEL,20211011,61.8,72,59.2,70.3,1781218
KAMDHENU,20211011,252.55,253.5,248.8,251.3,67483
KANANIIND,20211011,9.5,9.55,9.05,9.05,13983
KANORICHEM,20211011,207.95,207.95,200.1,201.9,22385
KANPRPLA,20211011,175,175,168,168.5,23468
KANSAINER,20211011,631,635.75,597.55,606.55,881132
KAPSTON,20211011,83.05,87.95,83.05,83.45,824
KARDA,20211011,19.6,19.6,19.6,19.6,205288
KARMAENG,20211011,22.65,22.65,20.95,22.65,13517
KARURVYSYA,20211011,47,48.4,46.7,47.55,4637685
KAUSHALYA,20211011,3.3,3.3,3.15,3.15,16748
KAVVERITEL,20211011,8.65,8.65,8.65,8.65,34067
KAYA,20211011,508.75,518.65,486,488.3,62938
KCP,20211011,141,145.1,137.1,141.85,327958
KCPSUGIND,20211011,24.2,24.45,23.4,23.55,402203
KDDL,20211011,454.05,468,451.05,461.7,6357
KEC,20211011,464.9,477.5,464.9,474.5,768788
KECL,20211011,23.45,28.1,23.4,28.1,1753901
KEERTI,20211011,19.7,20.4,19.5,19.9,3568
KEI,20211011,983.8,1003.95,963,966.3,364934
KELLTONTEC,20211011,52.3,52.65,51.1,51.3,528795
KENNAMET,20211011,1377.9,1388,1335,1375.1,6580
KERNEX,20211011,76,80.7,75.25,80.5,30058
KESORAMIND,20211011,69.5,70.35,68.4,69.45,554141
KEYFINSERV,20211011,77.6,80.95,77.6,79,5356
KHADIM,20211011,236.5,244,231.15,232.55,253161
KHAICHEM,20211011,69,69.05,64.5,65.1,170248
KHAITANLTD,20211011,39.95,39.95,38.5,39.9,3261
KHANDSE,20211011,17.95,17.95,16.75,17.2,2792
KICL,20211011,2091,2124.95,2083.25,2100.2,2397
KILITCH,20211011,175.25,179.9,175,176.95,7142
KIMS,20211011,1179,1244,1137,1156.8,541242
KINGFA,20211011,983.3,998.75,965.5,986.75,4458
KIOCL,20211011,274.9,319,273.05,299.15,980189
KIRIINDUS,20211011,533.8,539.85,525.3,527.85,152611
KIRLFER,20211011,266.15,270.75,256.25,262.1,197069
KIRLOSBROS,20211011,413.85,414.4,389,391.7,29846
KIRLOSENG,20211011,203.6,218.4,200.05,211.85,778881
KIRLOSIND,20211011,1611,1673.95,1605.55,1622.8,11405
KITEX,20211011,170.7,171.75,167.9,168.9,102161
KKCL,20211011,1165,1198.8,967.15,977.55,2168668
KMSUGAR,20211011,28,28.5,27.5,27.6,253988
KNRCON,20211011,288.75,303.6,287.95,298.35,1297868
KOKUYOCMLN,20211011,67.55,69.35,67.1,68.3,315019
KOLTEPATIL,20211011,322.9,333.7,322.8,325.55,763953
KOPRAN,20211011,197.4,202.4,195.75,197.2,220030
KOTAKBANK,20211011,1949,2005,1945,1975.4,2376167
KOTAKBKETF,20211011,387.7,388,382.22,386.13,104424
KOTAKGOLD,20211011,41.28,41.28,40.72,41.01,298910
KOTAKIT,20211011,36.64,37.65,35,35.59,170877
KOTAKNIFTY,20211011,192,192,187.87,188.41,47275
KOTAKNV20,20211011,99.64,100.98,98.6,99.26,8923
KOTAKPSUBK,20211011,249.03,254,248.02,251.58,33225
KOTARISUG,20211011,33.95,34.4,33.05,33.25,178051
KOTHARIPET,20211011,54.35,54.5,52.65,52.95,109461
KOTHARIPRO,20211011,99.6,99.8,98.35,99,3793
KOVAI,20211011,1725,1725,1660.95,1674.3,3375
KPIGLOBAL,20211011,139.4,150.6,139.05,145.5,211739
KPITTECH,20211011,353.5,353.5,340,346.25,822735
KPRMILL,20211011,461.4,461.4,450,451.65,277866
KRBL,20211011,315,321.95,311.65,315.95,647338
KREBSBIO,20211011,179.7,181.2,173.05,175.2,38367
KRIDHANINF,20211011,6.85,6.85,5.7,5.75,975714
KRISHANA,20211011,186.8,194.55,185,188.25,23047
KRSNAA,20211011,824.7,836.8,787.2,801.3,169368
KSB,20211011,1300,1307.05,1272,1289.05,17986
KSCL,20211011,562,563.75,555.6,557.5,144951
KSL,20211011,391.1,393.9,388,390,28092
KTKBANK,20211011,68.35,68.95,67.7,68,1331300
KUANTUM,20211011,84,87.85,82.5,83.4,26557
L&TFH,20211011,91,92.15,90.65,90.85,5775707
LAGNAM,20211011,54.6,59.85,53.5,54.45,95685
LALPATHLAB,20211011,3683,3738,3650,3696.25,156907
LAMBODHARA,20211011,86.95,90.8,84.15,86.4,5178
LAOPALA,20211011,312.4,320,309.65,312.75,105041
LASA,20211011,77.3,78.1,72,72.65,466061
LAURUSLABS,20211011,650,651.75,634.05,639.1,1778154
LAXMIMACH,20211011,8250,8490,8248,8324.85,5304
LCCINFOTEC,20211011,1.95,1.95,1.9,1.9,138344
LEMONTREE,20211011,55.2,57,53.7,56.2,16428757
LFIC,20211011,80.5,80.5,78.95,79.9,917
LGBBROSLTD,20211011,484,496,476.5,477.8,103354
LGBFORGE,20211011,6.9,7,6.85,6.9,130606
LIBAS,20211011,50.2,53,49.65,50.15,311712
LIBERTSHOE,20211011,181.9,183.75,181,181.45,331853
LICHSGFIN,20211011,443,446.8,440.45,443.65,1424927
LICNETFGSC,20211011,23.33,23.43,22.52,22.97,6531
LICNETFN50,20211011,192.3,192.49,186.7,188.76,4476
LICNETFSEN,20211011,641.7,645,632.6,641.94,229
LICNFNHGP,20211011,184.4,186.17,178,183.33,1984
LIKHITHA,20211011,379.05,383,372,375.9,48045
LINCOLN,20211011,393.7,398.5,385.35,387.95,148182
LINCPEN,20211011,264,266.35,239.6,250,29949
LINDEINDIA,20211011,2650.5,2756.8,2640.6,2705.7,288610
LIQUIDBEES,20211011,1002.3,1002.3,998.98,1000,2016917
LIQUIDETF,20211011,999.99,1000.01,999.99,1000,9466
LODHA,20211011,1180,1210,1170,1189.75,407532
LOKESHMACH,20211011,53,54.8,51.65,52.55,35616
LOTUSEYE,20211011,48.5,48.5,45,45.9,4551
LOVABLE,20211011,125.25,129,122.95,125.3,106513
LPDC,20211011,5.45,5.45,5,5.45,69533
LSIL,20211011,4.3,4.3,4.3,4.3,1060770
LT,20211011,1733.75,1746.85,1715,1716.9,1528151
LTI,20211011,5958.25,5958.25,5610,5879.15,359610
LTTS,20211011,4750,4760,4490,4688.15,365554
LUMAXIND,20211011,1460,1464.15,1441,1451.4,5646
LUMAXTECH,20211011,151.7,154.5,145.15,146,247392
LUPIN,20211011,952,962,945.3,958.5,625803
LUXIND,20211011,3651,3738,3629,3692.75,37890
LXCHEM,20211011,540,550,532,536.7,1157625
LYKALABS,20211011,81.1,83,79.1,79.4,89130
LYPSAGEMS,20211011,5.1,5.5,5.05,5.5,231927
M&M,20211011,879,902.5,879,895.6,5493159
M&MFIN,20211011,184.5,187,183.8,185,1716675
MAANALU,20211011,139.95,139.95,133.1,135.1,19251
MACPOWER,20211011,200,206,194.2,199.15,6664
MADHAV,20211011,63.7,64.25,60.25,63.8,72328
MADHUCON,20211011,5.45,5.5,5,5.05,165638
MADRASFERT,20211011,32,32,31.05,31.1,212353
MAESGETF,20211011,30.43,30.67,30.37,30.39,111039
MAFANG,20211011,53.79,53.79,53.3,53.63,129292
MAFSETF,20211011,18.82,18.9,18.34,18.53,330226
MAGADSUGAR,20211011,320.5,321.1,312,313.9,33458
MAGNUM,20211011,7.9,8.1,7.5,8,54840
MAHABANK,20211011,20.85,21.1,20.5,20.55,6641785
MAHAPEXLTD,20211011,88.4,95.3,88.4,95.3,9374
MAHASTEEL,20211011,92.95,93,91.4,92.3,30485
MAHEPC,20211011,139.8,141.7,137,137.8,71908
MAHESHWARI,20211011,105.15,105.45,101.95,102.95,58385
MAHINDCIE,20211011,248.45,249.15,243,244.25,141546
MAHLIFE,20211011,276.1,285,274.35,280.05,350282
MAHLOG,20211011,751,756.45,736,742.55,67947
MAHSCOOTER,20211011,4700.15,4769,4681.05,4709.75,3770
MAHSEAMLES,20211011,374.9,414,374.6,395.55,1348309
MAITHANALL,20211011,1120.55,1156.6,1120.55,1141.5,107092
MAJESCO,20211011,89.55,93,87.6,91.6,546308
MALUPAPER,20211011,38.5,38.7,36.95,37.5,73645
MAN50ETF,20211011,184.19,185.73,183.8,184.85,8157
MANAKALUCO,20211011,20.7,20.7,19.65,20.15,41979
MANAKCOAT,20211011,16.2,17.4,16,16.2,315817
MANAKSIA,20211011,69.45,69.85,67.8,68.25,46817
MANAKSTEEL,20211011,32,32,31.2,31.4,46526
MANALIPETC,20211011,126.6,128.5,122.3,125.5,317787
MANAPPURAM,20211011,195.2,196.85,192.5,193.45,3272160
MANGALAM,20211011,148.8,148.8,144.25,144.65,35233
MANGCHEFER,20211011,78,78.25,75.45,75.95,174382
MANGLMCEM,20211011,450,453.9,445.5,446.4,23336
MANGTIMBER,20211011,18,18.65,18,18.65,3818
MANINDS,20211011,114.05,116,112.6,113.25,103433
MANINFRA,20211011,106.5,108.5,105.6,107.1,614442
MANUGRAPH,20211011,12,12.9,12,12.5,14561
MANXT50,20211011,432.29,435.35,431.89,433.66,716
MARALOVER,20211011,90.95,90.95,85.75,86.4,71831
MARATHON,20211011,102,103.5,95.35,98.75,80156
MARICO,20211011,565.8,573,561.6,570.35,1424481
MARINE,20211011,37.75,37.75,35.9,36.05,862495
MARKSANS,20211011,71.3,71.7,70.35,70.5,1089333
MARUTI,20211011,7420.2,7814.8,7419.8,7700.8,1069536
MASFIN,20211011,797,800,785.15,788.1,19724
MASKINVEST,20211011,37.05,38.8,36.95,38,160
MASPTOP50,20211011,29.85,29.85,27.8,28.11,39156
MASTEK,20211011,3161.15,3195,3111.15,3169.75,48061
MATRIMONY,20211011,999.55,1005,970,980.7,25148
MAWANASUG,20211011,93.9,93.9,87.3,89.5,48610
MAXHEALTH,20211011,349.95,355.45,345.55,348.35,1131648
MAXIND,20211011,78.1,78.8,76.25,76.5,196694
MAXVIL,20211011,133,139.25,130.8,137.05,472569
MAYURUNIQ,20211011,473,480.2,471.5,475.55,149022
MAZDA,20211011,698.25,698.25,664.05,674.7,11775
MAZDOCK,20211011,261.85,269,261,261.8,721966
MBAPL,20211011,191.95,191.95,186,186.4,17402
MBECL,20211011,7.1,7.1,6.9,6.95,29166
MBLINFRA,20211011,24,24,20,23,197527
MCDHOLDING,20211011,73,73.5,69,69.3,42638
MCDOWELL-N,20211011,910,918.6,893,895.8,1477775
MCL,20211011,39.65,39.65,37.6,38.85,95950
MCLEODRUSS,20211011,30.2,31.25,29.1,30.25,1101958
MCX,20211011,1960,2087.6,1941.2,2032.7,3330243
MEGASOFT,20211011,18.6,20.5,18.6,20.3,277990
MENONBE,20211011,77.85,78.5,76,77.2,64592
MEP,20211011,23,23.9,22.65,22.9,745597
MERCATOR,20211011,1.8,1.8,1.7,1.8,1060979
METROPOLIS,20211011,2844,2895.15,2802.05,2834.85,126473
MFL,20211011,1003,1025,958.25,967,125697
MFSL,20211011,997,1007.75,985.5,994.95,676703
MGEL,20211011,52.3,61.5,50.5,60.35,382516
MGL,20211011,1071.1,1075.5,1066,1070.3,275676
MHRIL,20211011,242,246.1,238.5,241.5,495263
MIDHANI,20211011,195.95,200.35,194.15,196.55,590029
MINDACORP,20211011,133.8,140,133.1,138.8,1996943
MINDAIND,20211011,784,789.95,762.8,775.5,282019
MINDTECK,20211011,107.35,111.9,102.05,109.4,123332
MINDTREE,20211011,4420,4420,4175.5,4275.6,1333799
MIRCELECTR,20211011,23.4,23.5,22.6,23.5,740400
MIRZAINT,20211011,67.45,68.45,64.05,64.7,2459730
MITTAL,20211011,10.2,10.7,10.1,10.2,49794
MMFL,20211011,835,849.9,817.25,828.9,27965
MMP,20211011,150.5,157.7,150.1,153.85,33336
MMTC,20211011,45.05,45.5,44.35,44.9,2257396
MODIRUBBER,20211011,92,92,86.55,88.65,3086
MODISNME,20211011,74,77,71.25,73.85,68202
MOGSEC,20211011,53.85,53.85,48.82,48.9,15523
MOHITIND,20211011,12.25,12.95,12.2,12.45,7328
MOHOTAIND,20211011,10.05,10.05,9.15,9.7,108263
MOIL,20211011,166.6,167.8,165.25,166,482719
MOKSH,20211011,42.5,44.4,42,43.95,1233096
MOL,20211011,125.85,127.35,122.1,122.4,1250025
MOLDTECH,20211011,82.9,83,79.6,80.5,52492
MOLDTKPAC,20211011,764.8,768,723,727.5,222679
MOM100,20211011,33.65,33.65,32.75,33.15,114679
MOM50,20211011,179.9,179.9,177.44,178.49,1652
MON100,20211011,110.9,110.9,108.51,109.38,382025
MONTECARLO,20211011,387.95,397.65,385.55,389.15,183855
MORARJEE,20211011,20.75,20.75,20.75,20.75,9155
MOREPENLAB,20211011,56.3,56.65,54.9,55.2,1770769
MOTHERSUMI,20211011,241.5,249.7,237.5,240.6,17200235
MOTILALOFS,20211011,872,917.5,869.05,908.9,962275
MOTOGENFIN,20211011,25.05,26.55,24.2,24.9,15884
MPHASIS,20211011,3185,3200,2945.55,3104.8,1295172
MPSLTD,20211011,683.2,707.1,679.95,701.4,27832
MRF,20211011,85860,87550,84720.45,84932.9,28671
MRO-TEK,20211011,68.3,69.95,67.45,67.45,32645
MRPL,20211011,50.6,51.75,50.55,50.8,2060084
MSPL,20211011,9.7,9.95,9.65,9.75,169677
MSTCLTD,20211011,370,402.9,370,391.6,6955641
MTARTECH,20211011,1642,1771.8,1642,1748.7,931156
MTEDUCARE,20211011,9.15,9.5,8.9,9.25,237409
MTNL,20211011,19.35,20.1,19.2,19.3,2652499
MUKANDENGG,20211011,26.25,26.25,26.25,26.25,1359
MUKANDLTD,20211011,143,150,143,146.65,34374
MUKTAARTS,20211011,40.5,40.95,39.05,40.05,13390
MUNJALAU,20211011,62.5,62.85,61,61.25,296545
MUNJALSHOW,20211011,139.45,141.45,138.1,139.6,27333
MURUDCERA,20211011,26.6,30.45,25.75,27.95,1244024
MUTHOOTCAP,20211011,406.05,411.95,401,403.35,28118
MUTHOOTFIN,20211011,1536.05,1558.45,1511.9,1533.75,644793
NACLIND,20211011,81,81.2,78.4,79.1,166629
NAGAFERT,20211011,10.4,11,10.4,10.9,333162
NAGREEKCAP,20211011,7.95,7.95,7.95,7.95,525
NAGREEKEXP,20211011,31.1,33.2,31.1,32.05,6449
NAHARCAP,20211011,295,301.9,292.75,296.9,28636
NAHARINDUS,20211011,115,118.4,114.5,115.15,25237
NAHARPOLY,20211011,253.5,254.85,225.35,244.95,53660
NAHARSPING,20211011,430,456.1,424,447.8,42090
NAM-INDIA,20211011,450,454,440.2,444.4,1012771
NATCOPHARM,20211011,910.25,910.25,880.65,893.4,72243
NATHBIOGEN,20211011,325.5,328.8,319.25,324.2,37925
NATIONALUM,20211011,96.9,98.25,96,96.35,15392018
NATNLSTEEL,20211011,4.1,4.1,3.9,4,44523
NAUKRI,20211011,6744,6746.05,6482.5,6632.25,216362
NAVINFLUOR,20211011,4006,4050.95,3908.9,3929.55,190921
NAVKARCORP,20211011,43.3,43.55,42.5,42.55,303498
NAVNETEDUL,20211011,118.3,120.8,117.2,119.3,915811
NAZARA,20211011,3135,3356,3135,3202.25,1131405
NBCC,20211011,47,48.9,46.8,48.6,9829708
NBIFIN,20211011,2649,2678.3,2615,2625,198
NBVENTURES,20211011,124,125.9,122.2,123.05,445053
NCC,20211011,83.7,85.45,83.05,83.55,3248720
NCLIND,20211011,240,270,237.85,260.45,2227723
NCPSESDL24,20211011,106.55,106.65,106.55,106.65,1282
NDGL,20211011,1400,1470,1330,1398.7,388
NDL,20211011,74.65,75,71.3,72.95,69927
NDRAUTO,20211011,405,405,393.4,394.9,993
NDTV,20211011,84.7,86.2,83,83.75,58787
NECCLTD,20211011,19.05,19.35,18.9,18.95,96835
NECLIFE,20211011,32.5,32.55,31.3,31.45,462409
NELCAST,20211011,87.45,90,86.15,88.3,157463
NELCO,20211011,903,903,840,854.7,151113
NEOGEN,20211011,1250,1284,1232,1256.3,62237
NESCO,20211011,655.1,675,651.25,654.5,85420
NESTLEIND,20211011,19021,19195.5,19002.65,19084.65,38802
NETF,20211011,220.2,220.2,215.11,218.32,2653
NETFCONSUM,20211011,80.89,80.89,78.54,79.32,6529
NETFDIVOPP,20211011,46.99,47,46,46.14,2812
NETFGILT5Y,20211011,48.88,48.89,48.81,48.88,460
NETFIT,20211011,37.49,37.49,35.65,35.87,3104578
NETFLTGILT,20211011,22.73,23.37,22.61,22.64,17005
NETFMID150,20211011,114,122,114,119.32,136375
NETFNIF100,20211011,189.49,189.49,184.6,187.04,3344
NETFNV20,20211011,101.99,101.99,99.2,100.32,15586
NETFPHARMA,20211011,14.7,14.7,14.42,14.62,256496
NETFSDL26,20211011,105.92,106,105.87,106,222179
NETWORK18,20211011,61.4,61.75,60.5,61.05,960729
NEULANDLAB,20211011,1502.45,1577.55,1500,1575.2,32403
NEWGEN,20211011,622,627.7,601,606.5,120969
NEXTMEDIA,20211011,5.65,5.8,5.2,5.5,29498
NFL,20211011,59.85,59.95,58.7,58.9,780477
NGIL,20211011,117.3,117.3,111,113.1,24777
NH,20211011,509,509.85,492,495.35,84449
NHPC,20211011,31,31,30.4,30.55,7480325
NIACL,20211011,168.5,170,164.4,164.8,280534
NIBL,20211011,19.35,20.4,19.35,20,20171
NIFTYBEES,20211011,193.12,194,167.5,193.09,980337
NIITLTD,20211011,361.5,361.5,352.65,355,267274
NILAINFRA,20211011,6.25,6.25,5.85,6,561627
NILASPACES,20211011,1.9,1.9,1.85,1.9,277728
NILKAMAL,20211011,2707,2725,2630,2676.25,17063
NIPPOBATRY,20211011,965.6,1052.85,964,1035.95,42308
NIRAJ,20211011,39.4,39.45,38,38.45,71783
NITCO,20211011,28,28.2,25.7,26.1,407352
NITINSPIN,20211011,220.85,225.3,216,222.55,138680
NITIRAJ,20211011,50,54,48.55,50.55,13564
NKIND,20211011,46.3,46.35,42,45.75,4527
NLCINDIA,20211011,70.25,72.9,69.65,70.45,13816939
NMDC,20211011,146.4,154,146,153.05,27537045
NOCIL,20211011,307.95,315.8,307,314.05,1952964
NOIDATOLL,20211011,8.65,8.65,8.65,8.65,96811
NORBTEAEXP,20211011,6.9,6.9,6.9,6.9,502
NOVARTIND,20211011,810.6,817.95,798.4,803,29564
NPBET,20211011,187,192.61,184.95,185.66,10741
NRAIL,20211011,338.7,344.75,336.65,338.9,23564
NRBBEARING,20211011,144.5,146.65,142.55,143.25,314808
NSIL,20211011,1873.95,1873.95,1789.1,1794.25,981
NTL,20211011,2.6,2.6,2.6,2.6,24484
NTPC,20211011,142,146.75,141.45,144.8,17449923
NUCLEUS,20211011,582.4,587,581,582.15,50696
NURECA,20211011,2138,2187.5,2011.65,2066.75,88534
NUVOCO,20211011,544.1,558,541.5,544.95,306492
NXTDIGITAL,20211011,421,505.3,421,505.3,38940
OAL,20211011,916.1,929.95,914,919,9827
OBEROIRLTY,20211011,916,997.4,912.55,962.65,4154112
OCCL,20211011,1079.5,1085,1065.8,1075.05,10007
OFSS,20211011,4780,4780.95,4665.65,4745.05,86184
OIL,20211011,241.6,243.6,238.05,239.4,975925
OILCOUNTUB,20211011,11.75,11.75,11.75,11.75,65092
OLECTRA,20211011,502.1,525.6,502.1,525.6,231358
OMAXAUTO,20211011,46.5,46.5,45.8,46,12095
OMAXE,20211011,80,80,78.35,78.5,46584
OMINFRAL,20211011,32.05,33,31.35,32,241854
OMKARCHEM,20211011,21.45,21.45,21.45,21.45,50234
ONELIFECAP,20211011,20.2,20.2,18.45,19.5,16897
ONEPOINT,20211011,33.8,33.8,32,32.95,4804
ONGC,20211011,163.75,166.2,162.7,165,18143592
ONMOBILE,20211011,119.25,125.25,118,124.05,1625551
ONWARDTEC,20211011,225.25,225.25,215.2,217.55,21185
OPTIEMUS,20211011,361,372.75,347.25,360.9,98386
ORBTEXP,20211011,84,91.9,82.1,87.9,181527
ORCHPHARMA,20211011,432.1,453,425,446.3,6867
ORICONENT,20211011,30.7,30.7,29.2,29.5,132580
ORIENTABRA,20211011,31.9,32.85,31,31.2,77491
ORIENTALTL,20211011,9.35,9.85,9.05,9.65,224071
ORIENTBELL,20211011,359.8,359.8,346.4,351.95,18479
ORIENTCEM,20211011,156.6,160.6,156.6,157.5,863637
ORIENTELEC,20211011,329.95,331.2,326.65,327.5,170498
ORIENTHOT,20211011,40,41.3,39.5,39.85,708146
ORIENTLTD,20211011,78.2,78.2,76,76.5,5630
ORIENTPPR,20211011,30.7,30.85,30.2,30.3,799737
ORISSAMINE,20211011,2856.6,2999,2844.95,2953.45,44809
ORTINLAB,20211011,30.85,30.85,29.55,29.75,75116
OSWALAGRO,20211011,17.6,17.85,17.5,17.5,88028
PAGEIND,20211011,36720,38100,36625.7,37266.8,41176
PAISALO,20211011,1037.75,1055,1025.5,1041.9,185630
PALASHSECU,20211011,91,91,85.05,88.25,3283
PALREDTEC,20211011,116.25,118,113,115,48485
PANACEABIO,20211011,272.35,274.65,270,270.55,142800
PANACHE,20211011,56.5,57.8,55.65,56.9,8504
PANAMAPET,20211011,291,293.4,284,285.4,150723
PAR,20211011,295.85,295.85,295.85,295.85,12722
PARACABLES,20211011,13.2,13.65,13.05,13.2,114234
PARAGMILK,20211011,134.65,139.9,131.7,135.35,1175373
PARAS,20211011,659.8,659.8,659.8,659.8,12686
PARSVNATH,20211011,15.95,16.25,15.75,16.15,412274
PATELENG,20211011,26.2,27.2,25.6,25.75,4069011
PATINTLOG,20211011,23.1,24,22.95,23.2,79533
PATSPINLTD,20211011,9.3,9.3,9.1,9.3,10172
PBAINFRA,20211011,10.75,11.25,10.5,10.8,5844
PCJEWELLER,20211011,28.2,29.4,27.9,28.45,7371351
PDMJEPAPER,20211011,46.5,47,45.1,45.85,353705
PDPL,20211011,2.5,2.65,2.5,2.65,3610
PDSMFL,20211011,1279,1279,1238,1240.5,1483
PEARLPOLY,20211011,15.8,16.5,15.15,15.8,9162
PEL,20211011,2760.3,2782.6,2711,2754.35,712218
PENIND,20211011,29.55,30.75,29.55,30.45,436833
PENINLAND,20211011,13.45,13.8,12.65,12.75,211184
PERSISTENT,20211011,4039.95,4050,3901.05,3947.55,230141
PETRONET,20211011,228.9,231.7,228.4,230.35,1671393
PFC,20211011,140.65,144,140.2,142.05,5918474
PFIZER,20211011,5550,5577.7,5465.25,5491.8,27278
PFOCUS,20211011,71.65,75.45,71.65,75.45,78786
PFS,20211011,20.7,21.35,20.5,21.05,5079805
PGEL,20211011,505,578,500,559.05,677715
PGHH,20211011,13777,13903.45,13665,13686.75,1734
PGHL,20211011,5780,5800,5685.05,5697.8,9596
PGIL,20211011,304.65,304.9,296.1,300,9635
PHILIPCARB,20211011,254.85,257.6,251.7,253.1,1976764
PHOENIXLTD,20211011,976.9,986.5,968,978.45,128535
PIDILITIND,20211011,2441.5,2484.8,2430.75,2462.75,278903
PIIND,20211011,3304,3333.8,3223.1,3254.55,292541
PILANIINVS,20211011,1982.4,2050,1974.6,2021.75,24808
PILITA,20211011,7.65,7.7,7.5,7.55,1056921
PIONDIST,20211011,183.55,186.35,182.1,183.15,57744
PIONEEREMB,20211011,62.1,63.5,62.1,62.25,65393
PITTIENG,20211011,184.9,191.9,183.1,191.25,285524
PKTEA,20211011,330,336,318,335.8,917
PLASTIBLEN,20211011,290,294.8,282,283.85,112328
PNB,20211011,40.5,40.9,40.3,40.45,42779749
PNBGILTS,20211011,66.9,67.4,66,66.75,151081
PNBHOUSING,20211011,655,655,644,646.65,61538
PNC,20211011,41.3,42,40.15,40.9,24248
PNCINFRA,20211011,359.5,373,359.35,368.7,274798
PODDARHOUS,20211011,230,239.45,221.6,221.6,15679
PODDARMENT,20211011,377.5,377.5,362.45,364.05,13056
POKARNA,20211011,492.1,514.9,492.05,506.8,220281
POLYCAB,20211011,2540,2648,2490,2536.05,1039290
POLYMED,20211011,930.1,949.9,930.1,940.4,54104
POLYPLEX,20211011,1836,1868,1821.35,1851.15,95589
PONNIERODE,20211011,258.2,258.4,241.05,247.65,4952
POONAWALLA,20211011,167.9,169.25,162.9,163.65,804692
POWERGRID,20211011,190,195.1,189.3,193.45,9736532
POWERINDIA,20211011,2389.25,2550,2375.3,2415.4,50645
POWERMECH,20211011,1014.5,1077,1014.5,1069.65,144745
PPAP,20211011,245.8,272,245.3,265.5,109777
PPL,20211011,155.1,161.35,155.1,157.95,84744
PRADIP,20211011,1,1.05,1,1,30403
PRAENG,20211011,21.45,22,20.8,21.05,100540
PRAJIND,20211011,340.5,346.75,336.5,338.45,281848
PRAKASH,20211011,74,75.95,73.55,74.1,761851
PRAKASHSTL,20211011,2.1,2.2,2.05,2.1,1184385
PRAXIS,20211011,43.8,44.85,40.8,44.85,24634
PRECAM,20211011,97.45,100.85,97.05,100,318763
PRECOT,20211011,253.15,266.65,253.15,255.6,7558
PRECWIRE,20211011,245,250.95,239,248.05,112112
PREMEXPLN,20211011,240.3,258.05,240.15,253.2,9336
PREMIER,20211011,4.35,4.35,4,4,5514
PREMIERPOL,20211011,72,74,72,73.15,10151
PRESSMN,20211011,28.9,30.45,28.25,29.8,96432
PRESTIGE,20211011,483,502,474.05,484.15,2728409
PRICOLLTD,20211011,106.6,109,101.85,104.75,1575225
PRIMESECU,20211011,100.3,100.3,100.3,100.3,11281
PRINCEPIPE,20211011,775,784,744,751.45,976444
PRITIKAUTO,20211011,19.5,19.8,18.5,18.55,177776
PRIVISCL,20211011,1898.25,1925.95,1868.95,1891.65,20012
PROINDIA,20211011,135.25,135.25,135.25,135.25,28212
PROZONINTU,20211011,29.55,30.4,29.5,29.65,270288
PRSMJOHNSN,20211011,123.9,124.4,122.4,122.6,154205
PSB,20211011,18.65,18.75,18.1,18.15,1019867
PSPPROJECT,20211011,517,529,497,501.5,354649
PSUBNKBEES,20211011,26.2,28.5,26.2,28.1,2219767
PTC,20211011,131,137.75,126,133.8,12547156
PTL,20211011,47.75,51.25,47,49.6,398732
PUNJABCHEM,20211011,1560,1595,1560,1562.85,16087
PURVA,20211011,138.9,141.1,134,134.45,703275
PVP,20211011,5.1,5.1,5,5.1,108959
PVR,20211011,1696,1725,1691,1696.45,478253
QGOLDHALF,20211011,2009.1,2025,2009.1,2023.95,154
QNIFTY,20211011,1872,1876,1872,1874,30
QUESS,20211011,938.35,941.8,915.5,922.35,82843
QUICKHEAL,20211011,233.8,240,233.45,235.35,157603
QUINTEGRA,20211011,1.05,1.1,1,1,83202
RADAAN,20211011,1.45,1.45,1.35,1.4,219147
RADICO,20211011,974.8,1030,970,1022,1356982
RADIOCITY,20211011,24.5,24.65,24.05,24.1,397656
RAILTEL,20211011,138.85,138.85,133.8,134.05,1425830
RAIN,20211011,239.6,246.3,238.7,239.75,1494392
RAJESHEXPO,20211011,619.6,620.6,602.1,608.05,134631
RAJMET,20211011,138.8,142.6,138,141.7,7923
RAJRATAN,20211011,2340,2340,2221.8,2232.05,9117
RAJSREESUG,20211011,29.65,29.65,27.6,28.05,24381
RAJTV,20211011,36.45,36.45,35.55,35.8,3877
RAJVIR,20211011,8.1,8.1,7.4,8.1,171
RALLIS,20211011,310.85,314.25,305,307.7,1394719
RAMANEWS,20211011,20.45,22.15,20.05,21.25,548547
RAMASTEEL,20211011,280.35,280.35,277,280.35,87401
RAMCOCEM,20211011,994.4,1012,991.1,998.85,170009
RAMCOIND,20211011,308.05,310.95,300.1,302,134907
RAMCOSYS,20211011,481,486.8,477.25,480.15,51885
RAMKY,20211011,168.9,168.9,161.5,162.4,17647
RANASUG,20211011,28.8,29,28,28.9,914235
RANEENGINE,20211011,299,299.95,295.05,295.7,6478
RANEHOLDIN,20211011,625,629,614,618.35,24836
RATNAMANI,20211011,2203.25,2245,2181.55,2208.6,10193
RAYMOND,20211011,467.4,470.65,462,465.45,473571
RBL,20211011,866.55,880,866.55,871.5,9369
RBLBANK,20211011,194.85,196,192.5,193.05,3882525
RCF,20211011,83.85,84,82.05,82.3,2253541
RCOM,20211011,3.3,3.5,3.2,3.3,59201486
RECLTD,20211011,160.3,162.55,158.7,159.2,3754214
REDINGTON,20211011,147.85,148.3,144.65,145.35,1254544
REFEX,20211011,150.75,154.45,148.2,150.75,236187
REGENCERAM,20211011,1.85,1.85,1.85,1.85,885
RELAXO,20211011,1350,1381.8,1338.8,1361,618441
RELCAPITAL,20211011,24.2,25.65,23.5,24.7,7841996
RELIANCE,20211011,2701.4,2720,2645.35,2652.65,6815737
RELIGARE,20211011,180.7,182.85,176.05,177.05,1229931
RELINFRA,20211011,104.8,106.7,102,102.7,1201258
REMSONSIND,20211011,235.6,237,226.05,235.45,3902
RENUKA,20211011,30.9,30.9,29.4,29.6,3263638
REPCOHOME,20211011,318,321,312.5,314,148208
REPL,20211011,232.45,233,204.55,208,147356
REPRO,20211011,564.7,568.05,557,564.1,28749
RESPONIND,20211011,127.3,127.7,125.45,126.15,53673
REVATHI,20211011,599,659.9,591.55,639.15,9482
RGL,20211011,872.7,883.35,856.65,873.45,52574
RHFL,20211011,4.4,4.4,4.2,4.25,1725445
RHIM,20211011,368.95,372.95,350,353.5,154577
RICOAUTO,20211011,47.75,48.45,47.35,47.55,449904
RIIL,20211011,738,766,738,743.1,452436
RITES,20211011,282.1,286.75,281.3,281.9,382749
RKDL,20211011,12.55,12.75,12,12.65,35864
RKEC,20211011,76.2,82,75.7,78.7,53959
RKFORGE,20211011,1195.95,1260,1160.25,1185.9,686681
RML,20211011,414.5,419.8,410.1,414.9,47369
ROHITFERRO,20211011,9.7,9.7,9.7,9.7,2240
ROHLTD,20211011,99.9,102.6,98,98.45,202509
ROLEXRINGS,20211011,1069.95,1076.25,1059,1066.2,33716
ROLLT,20211011,2.7,2.75,2.6,2.75,3741602
ROLTA,20211011,6.05,6.05,5.8,5.9,498021
ROML,20211011,99.6,99.65,95.1,95.75,27723
ROSSARI,20211011,1517.5,1590,1502,1571.5,311990
ROSSELLIND,20211011,170.4,177.75,169.1,170,415358
ROUTE,20211011,2164.9,2332,2151,2296.05,1695624
RPGLIFE,20211011,685,698.95,682,685.6,40959
RPOWER,20211011,15.9,16.3,15.75,16.3,21696079
RPP-RE,20211011,27.35,28.5,27.25,27.9,126379
RPPINFRA,20211011,64.55,66.35,64.15,64.25,142561
RPSGVENT,20211011,932,955.6,902.35,914.2,41016
RSSOFTWARE,20211011,37.1,38.95,34.3,38.05,406565
RSWM,20211011,381.6,392.95,371.4,385.25,105275
RSYSTEMS,20211011,215.4,215.4,207.25,210.3,71599
RTNINDIA,20211011,46.65,46.65,44.55,46.1,1756626
RTNPOWER,20211011,4.6,4.75,4.4,4.45,30278878
RUBYMILLS,20211011,301.55,305,296.85,297.85,25100
RUCHI,20211011,1049,1051,1040,1041.2,28765
RUCHINFRA,20211011,7.05,7.1,6.95,7.05,81464
RUCHIRA,20211011,92.1,92.1,88.05,88.5,37373
RUPA,20211011,483.8,495.55,482.4,483.55,270229
RUSHIL,20211011,260.7,265.9,255.05,259.65,46172
RVHL,20211011,27.7,28.2,27.05,27.65,72317
RVNL,20211011,31.1,31.1,30.15,30.3,3637590
S&SPOWER,20211011,28.8,29,27.4,28.5,3535
SABEVENTS,20211011,3.2,3.4,3.1,3.25,8760
SABTN,20211011,2.6,2.6,2.6,2.6,9113
SADBHAV,20211011,48.6,48.6,47.65,47.75,613096
SADBHIN,20211011,16.1,16.25,15.8,15.95,553022
SAFARI,20211011,863.7,865,851.6,855.5,9380
SAGARDEEP,20211011,31,32.75,31,32.35,6523
SAGCEM,20211011,305,306.1,293,294.65,85322
SAIL,20211011,117.5,117.85,116.3,116.6,20380201
SAKAR,20211011,170,175,168,173.25,122617
SAKHTISUG,20211011,17,17,16.2,16.25,101480
SAKSOFT,20211011,1069,1069,1050,1056.25,37694
SAKUMA,20211011,10.5,10.95,10.4,10.65,115729
SALASAR,20211011,268,273.85,261.15,263.8,51422
SALONA,20211011,203,206.9,198.2,203.95,6921
SALSTEEL,20211011,10.25,10.45,9.65,10.2,114710
SALZERELEC,20211011,168.8,172,159.2,164.8,56920
SAMBHAAV,20211011,3,3,2.9,3,21576
SANCO,20211011,9.05,9.6,9,9.15,27177
SANDESH,20211011,834.2,840,803.6,807.9,3109
SANDHAR,20211011,287.65,292.65,284.2,285.4,49944
SANGAMIND,20211011,179.9,182.9,179.9,182.9,19973
SANGHIIND,20211011,72.6,72.6,70.5,70.8,484686
SANGHVIMOV,20211011,203.4,204.75,198.75,199.35,66492
SANGINITA,20211011,39.5,41.3,34.9,37.55,505440
SANOFI,20211011,8079.95,8090,7979.95,8011.75,17831
SANSERA,20211011,803.6,810.85,797,799.05,198366
SARDAEN,20211011,777.6,784,768.15,773.05,36429
SAREGAMA,20211011,4069.95,4216.4,4031,4216.4,6516
SARLAPOLY,20211011,54,56.5,52.9,55,750549
SASKEN,20211011,1353.7,1360,1335,1338.9,13984
SASTASUNDR,20211011,324.8,324.8,324.8,324.8,30883
SATHAISPAT,20211011,3.35,3.35,3.35,3.35,1000
SATIA,20211011,97,97.55,96,96.15,180623
SATIN,20211011,78.85,79.7,78.4,78.6,92975
SBCL,20211011,277,277,258.25,262.85,34703
SBICARD,20211011,1149,1160.1,1120.15,1126.85,1101061
SBIETFCON,20211011,73.5,73.7,72.36,72.92,10138
SBIETFIT,20211011,369.11,369.11,354.95,358.57,22337
SBIETFPB,20211011,198.35,201.07,198.14,200.31,616
SBIETFQLTY,20211011,161,161,158.27,159.29,5282
SBILIFE,20211011,1199.95,1218.5,1199.95,1206.1,822914
SBIN,20211011,460,474.95,458.65,469.25,20686981
SCAPDVR,20211011,16.45,16.45,16.45,16.45,10107
SCHAEFFLER,20211011,7195,7228.75,7101,7211.3,2575
SCHAND,20211011,126.65,134.1,126.65,134.1,360208
SCHNEIDER,20211011,114.35,115.75,113.7,113.85,544514
SCI,20211011,127,140,127,139.05,15499136
SDBL,20211011,47,47,45.3,47,153462
SEAMECLTD,20211011,1248.9,1275,1220,1232.95,52034
SECURKLOUD,20211011,196.35,221.65,188.15,216.35,688246
SELAN,20211011,162.95,166.7,161,163.05,279716
SEPOWER,20211011,9.5,10.5,9.5,9.7,244878
SEQUENT,20211011,213.4,220.7,211.25,218.1,877565
SERVOTECH,20211011,25.8,25.8,23.7,24.2,30052
SESHAPAPER,20211011,186.5,187,183,183.7,21975
SETCO,20211011,20.1,20.45,18.9,19.7,482396
SETF10GILT,20211011,207.5,207.5,204.21,206.29,167
SETFGOLD,20211011,4171.8,4184,4155.05,4171.7,5240
SETFNIF50,20211011,182.17,183.66,181.9,182.63,1807918
SETFNIFBK,20211011,380,383.6,378,381.61,37731
SETFNN50,20211011,452.99,452.99,448.06,451.02,12041
SETUINFRA,20211011,1.3,1.3,1.25,1.3,357278
SEYAIND,20211011,57.95,57.95,55.45,56.55,22734
SFL,20211011,2427.45,2498.3,2371.5,2452,42679
SGIL,20211011,144,156,142,150.8,35176
SGL,20211011,15.45,15.45,15.45,15.45,109045
SHAHALLOYS,20211011,36.8,36.8,36.8,36.8,340
SHAKTIPUMP,20211011,703,706.9,689,694.4,43233
SHALBY,20211011,173.35,181.25,173.35,174.7,346755
SHALPAINTS,20211011,98.45,98.95,96.05,97.05,127977
SHANKARA,20211011,618.95,628,599.4,609,111837
SHANTI,20211011,28.35,28.8,24.2,25.45,65777
SHANTIGEAR,20211011,164.5,169.9,160.7,164.7,516870
SHARDACROP,20211011,326,329.15,322,322.75,79915
SHARDAMOTR,20211011,640,640,605,620.5,5679
SHAREINDIA,20211011,775,805,769.6,794.75,147328
SHARIABEES,20211011,468.9,468.9,447.11,450.07,2645
SHEMAROO,20211011,159.5,159.5,151,154.1,61516
SHIL,20211011,428.4,432,401.85,419.75,92560
SHILPAMED,20211011,599,619,594.1,613.85,1221034
SHIVAMAUTO,20211011,35.3,36.9,33.75,35.4,1893501
SHIVAMILLS,20211011,106.55,111.7,104,106.3,27162
SHIVATEX,20211011,240,242,222.05,223.95,58953
SHK,20211011,157,158.7,155.2,156.2,248297
SHOPERSTOP,20211011,278,286.1,272.2,275,154521
SHRADHA,20211011,56.7,56.7,53.1,54.8,2998
SHREDIGCEM,20211011,79,80.3,78.45,79.3,204231
SHREECEM,20211011,27755,28096.25,27627,28022.45,25350
SHREEPUSHK,20211011,251.75,254.9,245.25,248.35,133256
SHREERAMA,20211011,14.5,15.4,14.3,14.55,78412
SHRENIK,20211011,1.65,1.65,1.6,1.65,1858992
SHREYANIND,20211011,136,136,132.05,132.8,21810
SHREYAS,20211011,408.3,426,397.65,404.3,153126
SHRIPISTON,20211011,954.9,955,925,925.25,696
SHRIRAMCIT,20211011,2199,2199,2161.1,2173.65,15276
SHRIRAMEPC,20211011,8.25,8.25,8,8.25,2128545
SHYAMCENT,20211011,14.3,14.8,13.55,14.15,298485
SHYAMMETL,20211011,366.7,367.05,362.8,363.75,380372
SHYAMTEL,20211011,10.35,10.65,9.65,10.4,8471
SICAL,20211011,12.45,14.4,12.2,14.1,5283934
SIEMENS,20211011,2224,2245.85,2215,2236.75,113597
SIGIND,20211011,44.6,46.4,43.3,46,42498
SIL,20211011,15.75,15.75,15,15.5,22538
SILGO,20211011,42,42.25,40.5,40.8,83451
SILINV,20211011,368.9,375,355.35,355.35,3076
SILLYMONKS,20211011,21.5,21.6,20.55,21.25,6217
SIMBHALS,20211011,31.9,32.35,29.4,31,48211
SIMPLEXINF,20211011,46.9,46.9,44.2,45.3,100692
SINTERCOM,20211011,91.25,91.9,85.1,85.3,11314
SINTEX,20211011,4.95,5.1,4.9,5,5005699
SIRCA,20211011,403.55,430.95,397.85,418.1,63787
SIS,20211011,497,514,497,506.05,176233
SITINET,20211011,2.5,2.5,2.5,2.5,327448
SIYSIL,20211011,419.4,424.9,408,420.3,74026
SJVN,20211011,28.15,28.65,28,28.2,4286918
SKFINDIA,20211011,3346,3400,3325.2,3349.6,74482
SKIL,20211011,5.1,5.1,4.7,4.7,376551
SKIPPER,20211011,84.3,85.15,83.75,84.2,136076
SKMEGGPROD,20211011,82.2,83.45,81.6,82,72112
SMARTLINK,20211011,114.75,116.9,112.25,112.9,21090
SMCGLOBAL,20211011,80,82.9,78.6,79.85,392947
SMLISUZU,20211011,603,621,603,606.85,81533
SMSLIFE,20211011,809.75,819,781,787.6,4572
SMSPHARMA,20211011,156.25,156.5,153.5,154.45,84955
SNOWMAN,20211011,43.4,43.5,42.75,42.85,696443
SOBHA,20211011,859.95,890,840,863.15,435592
SOLARA,20211011,1469,1472.6,1413,1418.9,108315
SOLARINDS,20211011,2584,2847.9,2475,2497.25,402395
SOMANYCERA,20211011,832,863.2,811,825.85,70452
SOMATEX,20211011,8.3,8.3,7.9,8,21605
SOMICONVEY,20211011,52.5,52.5,50.15,52.45,12855
SONACOMS,20211011,632.8,665.95,628.4,651.8,1912860
SONATSOFTW,20211011,930,937.75,920,925.2,155068
SORILINFRA,20211011,122.45,124.95,118.25,119.7,73739
SOTL,20211011,1505,1537,1503.05,1519.5,12716
SOUTHBANK,20211011,10.45,10.55,10.3,10.3,8829783
SOUTHWEST,20211011,131.15,131.15,125.4,131.15,64421
SPAL,20211011,338.1,344.9,328,339.85,41105
SPANDANA,20211011,560,564.85,555.95,558.65,45953
SPARC,20211011,290.8,294,288.8,291.55,438007
SPCENET,20211011,2.1,2.1,2.1,2.1,8591
SPECIALITY,20211011,87.25,88.7,83.05,86.35,623157
SPENCERS,20211011,130.1,132.8,126.7,127.3,740094
SPIC,20211011,54,54.5,53.05,53.25,369548
SPICEJET,20211011,74.85,77.65,74.35,75.65,6441849
SPLIL,20211011,48.15,49,47.55,48.55,58220
SPMLINFRA,20211011,10.25,10.65,9.85,10.35,54067
SPTL,20211011,6.35,6.35,6.35,6.35,685660
SPYL,20211011,0.8,0.8,0.75,0.75,29089
SREEL,20211011,188,191,182,183.75,20077
SREINFRA,20211011,6.75,6.75,6.75,6.75,567211
SRF,20211011,12078.8,12523.9,11940.6,12044,554406
SRHHYPOLTD,20211011,390,391.8,375,379.2,23444
SRIPIPES,20211011,212.5,214.4,209.65,210.6,55771
SRPL,20211011,34.8,34.8,32.7,34.6,410
SRTRANSFIN,20211011,1335.9,1341.9,1325.9,1334.9,494993
SSWL,20211011,1755,1781,1705,1730.15,11442
STAMPEDE,20211011,0.9,0.9,0.9,0.9,33025
STAR,20211011,589.95,595.75,582.6,592.25,741864
STARCEMENT,20211011,108,108.15,107.25,107.75,290441
STARPAPER,20211011,152.95,152.95,150.2,151.15,57630
STCINDIA,20211011,107.45,110.95,106.5,107.6,85895
STEELCITY,20211011,60.9,61.45,59.4,59.65,63724
STEELXIND,20211011,73,74.5,69.2,73.9,571249
STEL,20211011,179.25,182,177.15,180.15,43359
STERTOOLS,20211011,211,213.95,206.1,207.4,38441
STLTECH,20211011,286.8,286.9,277.5,278.6,658534
STOVEKRAFT,20211011,1074,1100,1065,1075.55,120436
STYLAMIND,20211011,1140,1140,1093.8,1110.15,3856
SUBCAPCITY,20211011,21.85,21.85,20.8,21.8,76
SUBEXLTD,20211011,56.2,57.6,55.2,56.3,9927865
SUBROS,20211011,365,365,348,349.5,94426
SUDARSCHEM,20211011,677,680.95,665.6,669.3,178257
SUMEETINDS,20211011,9.7,9.7,8.9,9.15,561794
SUMICHEM,20211011,414.9,417.55,413,414.25,347265
SUMIT,20211011,12.3,12.3,11.8,11.85,33037
SUMMITSEC,20211011,777.65,820,775,779.05,15251
SUNCLAYLTD,20211011,3475.45,3620,3475.45,3554.6,5890
SUNDARAM,20211011,2,2,1.95,2,609925
SUNDARMFIN,20211011,2447.65,2460,2425.05,2439.5,16021
SUNDARMHLD,20211011,75,75.05,74,74.75,73720
SUNDRMBRAK,20211011,404.85,405,398.65,399.65,2618
SUNDRMFAST,20211011,948,960,944.2,950.4,48578
SUNFLAG,20211011,83.4,84.35,82.55,82.75,343718
SUNPHARMA,20211011,826,836.2,817.8,832.55,2988841
SUNTECK,20211011,501.45,524.4,500.1,510.35,1866477
SUNTV,20211011,545.2,545.2,531.3,535.5,996619
SUPERHOUSE,20211011,176.3,176.3,171.55,172.5,15939
SUPERSPIN,20211011,13.55,13.7,12.55,13.55,62321
SUPPETRO,20211011,740,747.95,717.95,724.15,60253
SUPRAJIT,20211011,352.9,369.9,352.9,367.3,585305
SUPREMEENG,20211011,22.1,22.1,21.2,21.8,78711
SUPREMEIND,20211011,2620,2644.3,2566.5,2605.5,43025
SURANASOL,20211011,20.15,20.15,20.15,20.15,53326
SURANAT&P,20211011,9.55,9.7,9.45,9.7,402539
SURYALAXMI,20211011,65.25,65.3,60.55,65.05,19350
SURYAROSNI,20211011,755.15,764.05,692,695.2,347370
SURYODAY,20211011,188.75,189.55,181.75,186.8,92799
SUTLEJTEX,20211011,67.7,70.25,66.55,67.95,391583
SUULD,20211011,500,515,416.4,421,334716
SUVEN,20211011,120.15,120.35,114.95,115.3,1135923
SUVENPHAR,20211011,556.25,565,540.3,543,259000
SUVIDHAA,20211011,17.2,17.65,16.25,16.4,1398622
SUZLON,20211011,7.45,7.65,7.45,7.65,86906474
SVPGLOB,20211011,115.8,116.1,110.25,114.4,227309
SWANENERGY,20211011,131.9,136,130.1,131.25,119447
SWARAJENG,20211011,1691.35,1697.65,1674,1677.25,8086
SWELECTES,20211011,232.95,261.8,230,243.65,203339
SWSOLAR,20211011,445,509.1,444,459.9,18571379
SYMPHONY,20211011,1082,1086,1066,1069.2,29523
SYNGENE,20211011,624,632.4,619.1,622.2,329562
TAINWALCHM,20211011,80.8,80.9,78,78.9,2160
TAJGVK,20211011,147.65,152.8,146.35,147.9,1064693
TAKE,20211011,53.45,53.55,52.1,52.2,818588
TALBROAUTO,20211011,283.55,284.8,278.5,279.5,126777
TANLA,20211011,900,915,889.65,897.05,106016
TARAPUR,20211011,4,4,4,4,21481
TARC,20211011,48.5,48.5,45.7,46.1,411870
TARMAT,20211011,68.2,68.8,65,65.55,37470
TASTYBITE,20211011,18345,18349.95,18000.05,18071.6,942
TATACHEM,20211011,970,987.4,966,968.3,1735386
TATACOFFEE,20211011,219.5,220.4,215.3,216.85,1876687
TATACOMM,20211011,1450.1,1460.7,1420.55,1433.2,221580
TATACONSUM,20211011,821.4,826.5,813,816.25,1772719
TATAELXSI,20211011,6287,6340,6111.1,6232.8,184786
TATAINVEST,20211011,1490.7,1510,1451.3,1458.1,172399
TATAMETALI,20211011,1124.9,1149,1123.15,1136,183163
TATAMOTORS,20211011,390.15,420.9,388,415.75,113404983
TATAMTRDVR,20211011,193,205.4,191.65,200.15,15384018
TATAPOWER,20211011,177.85,193.7,177,191.5,126307288
TATASTEEL,20211011,1305,1327.35,1298,1313.2,6349658
TATASTLBSL,20211011,86.2,86.8,85.5,86.35,1369364
TATASTLLP,20211011,964.1,977.05,951,961.25,49194
TATVA,20211011,2370,2447.9,2370,2400.2,210962
TBZ,20211011,87.15,87.95,85.25,86.05,488582
TCI,20211011,451.3,454,441,448.3,74415
TCIDEVELOP,20211011,376.7,380.85,364.85,369.35,2085
TCIEXP,20211011,1570.25,1615,1560.05,1600.65,55254
TCIFINANCE,20211011,5.45,5.45,5.45,5.45,3163
TCNSBRANDS,20211011,672.8,675,651,653.25,66626
TCPLPACK,20211011,569.85,577,554.1,566.95,16121
TCS,20211011,3755,3757.5,3660,3685.6,11845402
TDPOWERSYS,20211011,335,350,335,341.1,54913
TEAMLEASE,20211011,5030,5550,4950,5280.75,75207
TECHIN,20211011,6.95,6.95,6.65,6.7,9095
TECHM,20211011,1420,1434.45,1385.6,1400.2,3073366
TECHNOE,20211011,285,288.9,279.15,283.1,526096
TEJASNET,20211011,505,505,477.15,479.25,358322
TEMBO,20211011,321.9,323.55,315.8,318.45,68286
TERASOFT,20211011,62.05,62.05,58.95,58.95,26569
TEXINFRA,20211011,60,61,58.15,60.1,70688
TEXMOPIPES,20211011,55,55.7,52.1,52.55,211556
TEXRAIL,20211011,36.35,36.95,35.1,35.4,947863
TFCILTD,20211011,74.9,78,74.5,75.6,1784810
TFL,20211011,6.95,6.95,6.35,6.7,16137
TGBHOTELS,20211011,12.2,12.2,12,12.2,63031
THANGAMAYL,20211011,1260,1260,1185.65,1209,33836
THEINVEST,20211011,114.5,114.5,111.25,111.85,6550
THEMISMED,20211011,940,960,920,930.7,9327
THERMAX,20211011,1400,1440,1382.35,1418.8,45777
THOMASCOOK,20211011,81.65,83.15,79.6,79.85,2493964
THOMASCOTT,20211011,19,19.4,18,18.45,9481
THYROCARE,20211011,1165.5,1170,1151.1,1155.4,79559
TI,20211011,42.85,44.3,42.1,43.9,594013
TIDEWATER,20211011,1848.95,1852.45,1795,1800.5,13033
TIIL,20211011,827,859,827,853.05,15138
TIINDIA,20211011,1390,1405,1350.1,1358.45,170577
TIJARIA,20211011,7.4,7.4,6.9,7.4,90347
TIL,20211011,186.25,209.8,186.25,200.05,158496
TIMESGTY,20211011,45.85,54.65,45.5,54.65,76401
TIMETECHNO,20211011,71.35,71.5,69.35,69.95,543538
TIMKEN,20211011,1720,1725,1700,1702.7,71445
TINPLATE,20211011,318,337.2,316.5,325.55,2577371
TIPSINDLTD,20211011,1259.7,1290.5,1225,1290.5,12637
TIRUMALCHM,20211011,312.75,312.75,296.9,298.25,902452
TIRUPATIFL,20211011,14.1,14.1,14.1,14.1,282982
TITAN,20211011,2377,2406.1,2357.55,2362.4,1056932
TMRVL,20211011,13.95,14,13.5,13.55,368630
TNPETRO,20211011,132,136.4,131.45,134.45,683972
TNPL,20211011,143.2,145,140.2,141.3,127479
TNTELE,20211011,10.15,10.2,9.7,9.9,43803
TOKYOPLAST,20211011,101.2,116,101.2,108.3,223696
TORNTPHARM,20211011,3085,3203,3084.05,3167.2,101490
TORNTPOWER,20211011,512,544.9,502.8,539.3,4867457
TOTAL,20211011,52.35,52.7,51.5,52.4,14192
TOUCHWOOD,20211011,116,123.15,116,123.15,6125
TPLPLASTEH,20211011,178.75,179.85,170.85,174.3,26039
TREEHOUSE,20211011,9.2,9.5,8.95,9.3,20207
TREJHARA,20211011,63,63.45,62.05,63.05,36125
TRENT,20211011,1114.8,1140,1095.65,1103.15,681017
TRF,20211011,168.1,169,158.85,165.05,65073
TRIDENT,20211011,35.7,35.7,35.7,35.7,2756853
TRIGYN,20211011,122.25,129.9,122.25,125.5,289338
TRIL,20211011,31.4,32,30.5,30.65,207950
TRITURBINE,20211011,172.45,175.8,166.15,167.8,121181
TRIVENI,20211011,199,205,196,199.4,974266
TTKHLTCARE,20211011,680,713.2,680,690.15,14301
TTKPRESTIG,20211011,8896,8896,8768,8832.8,1457
TTL,20211011,72.25,74.9,71.8,73.2,25033
TTML,20211011,45.85,45.85,45.8,45.85,3211350
TV18BRDCST,20211011,43.4,43.6,42.65,43,4551678
TVSELECT,20211011,168,171,168,169.6,40524
TVSMOTOR,20211011,561,566.9,556.4,559.05,1680108
TVSSRICHAK,20211011,2385.4,2583.3,2370.05,2538.35,75092
TVTODAY,20211011,287.05,288.5,287,288.2,51066
TVVISION,20211011,1.95,2,1.95,2,10318
TWL,20211011,100.3,102.75,98.1,98.85,578932
UBL,20211011,1650.2,1716.4,1646.75,1700.3,683591
UCALFUEL,20211011,158.75,158.75,154.85,157.3,53934
UCOBANK,20211011,14.8,14.9,14.1,14.25,13634282
UFLEX,20211011,630,658,627,641.75,2586236
UFO,20211011,105.5,107.5,104.3,104.75,346849
UGARSUGAR,20211011,30.5,30.7,29.5,30,197833
UGROCAP,20211011,137,137,127.5,128.65,165163
UJAAS,20211011,3.1,3.6,3.05,3.6,9460746
UJJIVAN,20211011,152.3,155.9,152.3,155.25,702945
UJJIVANSFB,20211011,20.85,21,20.75,20.8,2679630
ULTRACEMCO,20211011,7400,7408.95,7309.7,7330.25,346054
UMANGDAIRY,20211011,73.75,78.65,73.75,75.6,155993
UMESLTD,20211011,4.25,4.25,4,4.05,74230
UNICHEMLAB,20211011,263.25,268.15,260,263.1,68184
UNIDT,20211011,333.1,343.7,333.1,342,15518
UNIENTER,20211011,131.75,133.8,130.2,130.85,8023
UNIONBANK,20211011,38.05,38.8,37.6,38.15,22109704
UNITEDTEA,20211011,392,403.95,390,395.3,2786
UNIVASTU,20211011,46.35,48.4,46.1,47.9,14700
UNIVCABLES,20211011,184.4,185,177.5,178.05,42471
UNIVPHOTO,20211011,385.3,385.3,357.25,373.65,9297
UPL,20211011,740,754.4,740,742.45,3023541
URJA,20211011,7.7,8,7.65,8,7630326
USHAMART,20211011,91.55,91.9,88.15,89.05,683436
UTIAMC,20211011,1036.95,1063.9,1032.65,1053.35,143563
UTIBANKETF,20211011,37.62,38.6,37.25,38.48,22776
UTINEXT50,20211011,45.8,45.8,45,45.35,6131
UTINIFTETF,20211011,1875,1915,1860.9,1883.7,1012
UTISENSETF,20211011,634.99,635.65,629,631.79,799
UTISXN50,20211011,50.99,51.5,49.43,50.44,1998
UTTAMSTL,20211011,4.35,4.35,4.25,4.35,259869
UTTAMSUGAR,20211011,187.8,193.95,186.95,189.7,28017
V2RETAIL,20211011,159,166.85,159,166.85,84812
VADILALIND,20211011,1078.55,1092.3,1060.1,1066.45,7736
VAIBHAVGBL,20211011,756,767.6,720.55,723.75,167813
VAISHALI,20211011,38.15,38.2,37.15,37.2,54983
VAKRANGEE,20211011,47,47.2,43.8,44,19312489
VALIANTORG,20211011,1622.25,1631.25,1540.85,1565.5,77513
VARDHACRLC,20211011,66.9,67.6,65.55,65.9,122124
VARDMNPOLY,20211011,23.5,23.5,22.3,22.55,37227
VARROC,20211011,308.4,310,300.7,303.25,409188
VASCONEQ,20211011,29.9,30.8,28.5,28.65,1111150
VASWANI,20211011,13.05,13.75,13,13.3,49118
VBL,20211011,924.35,924.4,906.8,913.55,465455
VEDL,20211011,293.95,301.8,292.7,297.75,6922845
VENKEYS,20211011,2934,2958.2,2930,2935.6,76266
VENUSREM,20211011,444.9,445.4,420.3,424.7,63482
VERTOZ,20211011,107.3,114.8,107,111.9,287216
VESUVIUS,20211011,1225.9,1225.9,1192.35,1215.6,9801
VETO,20211011,120.9,126,118.55,120.65,146573
VGUARD,20211011,264.95,266.25,260,261.35,319941
VHL,20211011,3057,3144,3020.2,3099.95,1061
VIDHIING,20211011,381.9,382.25,360.9,366.4,122133
VIJAYA,20211011,581,585.85,564,567.4,137082
VIJIFIN,20211011,1.85,1.85,1.85,1.85,57447
VIKASECO,20211011,2.1,2.15,2.1,2.1,2459822
VIKASLIFE,20211011,3.45,3.5,3.45,3.5,5315415
VIKASPROP,20211011,2.05,2.1,2.05,2.1,1240745
VIKASWSP,20211011,6.1,6.1,5.55,5.65,643189
VIMTALABS,20211011,303.8,315,300,309.25,126789
VINATIORGA,20211011,2118.5,2131.8,2073.3,2082.95,95171
VINDHYATEL,20211011,1210,1223.35,1195,1199,15913
VINEETLAB,20211011,76.75,79.55,75.25,75.9,25383
VINYLINDIA,20211011,306.55,315.7,293.35,296.75,179454
VIPCLOTHNG,20211011,18.95,19.1,18.05,18.05,242653
VIPIND,20211011,541.8,573.1,536.45,544.4,1195435
VIPULLTD,20211011,30.8,30.8,29.3,29.75,4746
VISAKAIND,20211011,683.9,684,671.3,676.6,37497
VISASTEEL,20211011,13.05,13.3,12.7,12.9,55369
VISESHINFO,20211011,0.2,0.25,0.2,0.2,62819404
VISHAL,20211011,113,114.9,110.25,111.05,94130
VISHNU,20211011,789,796.95,766.35,769.85,7428
VISHWARAJ,20211011,158.9,158.9,150.15,151.75,175812
VIVIDHA,20211011,0.8,0.8,0.75,0.8,1616547
VIVIMEDLAB,20211011,22.85,22.95,22,22.1,246454
VLSFINANCE,20211011,202.25,204.6,198.95,203.05,65460
VMART,20211011,3825.5,3924.6,3815.6,3873.35,28567
VOLTAMP,20211011,1504.05,1515,1484.7,1493.5,5549
VOLTAS,20211011,1282,1319.15,1274.75,1303.65,987429
VRLLOG,20211011,413.8,430,402.05,404.3,395110
VSSL,20211011,243,243.35,238,238.55,85332
VSTIND,20211011,3485,3550,3437.05,3471.8,7754
VSTTILLERS,20211011,3220,3399.8,3216.1,3354.7,51512
VTL,20211011,1948.95,1995,1925,1953.3,171054
WABAG,20211011,345,349,340.15,341.4,177786
WABCOINDIA,20211011,7170,7250,7150,7188.05,14176
WALCHANNAG,20211011,54.45,55.3,53.05,53.25,612273
WANBURY,20211011,83.55,88.2,82.5,84.15,26355
WATERBASE,20211011,119.2,119.7,117.5,117.95,82837
WEALTH,20211011,249,254,245.5,253.8,4573
WEBELSOLAR,20211011,68,78.6,66.2,78.3,2790259
WEIZMANIND,20211011,56,58,51.1,53.25,23899
WELCORP,20211011,146.95,149.4,145.1,147.55,2146059
WELENT,20211011,105,107,103.7,104.05,336213
WELINV,20211011,338.5,348.4,328,331.6,1672
WELSPUNIND,20211011,162.8,169,161.25,166.25,5737675
WENDT,20211011,4316.3,4366.7,4290,4340.15,717
WESTLIFE,20211011,564,568,552.65,560.6,270605
WHEELS,20211011,779.9,797.85,778.6,782.95,79050
WHIRLPOOL,20211011,2379,2420,2349.8,2408.1,83504
WILLAMAGOR,20211011,24,24,22.2,22.7,28675
WINDLAS,20211011,360.2,362.6,353,354.95,80446
WINDMACHIN,20211011,33.95,33.95,31.7,32.5,107367
WIPL,20211011,62,62,56.7,58.85,2781
WIPRO,20211011,648.95,666.3,635,652.8,10211466
WOCKPHARMA,20211011,508,508,483,487.2,1324833
WONDERLA,20211011,251.45,254,245.35,247.1,77583
WORTH,20211011,96.5,96.5,93.8,94.6,25072
WSI,20211011,6.3,6.3,6.3,6.3,100
WSTCSTPAPR,20211011,278,287,270.05,271.35,192239
XCHANGING,20211011,127,132,125,125.8,1585054
XELPMOC,20211011,409.95,410,390,398.3,13318
XPROINDIA,20211011,721.75,730,690,701,90947
YAARII,20211011,102.8,103.95,101.15,102.2,87757
YESBANK,20211011,13.3,13.35,13.05,13.05,58760797
YUKEN,20211011,588,604,583,590.75,13421
ZEEL,20211011,295,315.4,285.35,306.25,26910318
ZEELEARN,20211011,14.25,15.1,13.9,14.6,2716579
ZEEMEDIA,20211011,13.9,14.45,13.5,14.35,5273818
ZENITHEXPO,20211011,102,102,93.6,95.25,4617
ZENITHSTL,20211011,0.9,0.95,0.85,0.9,30145
ZENSARTECH,20211011,508,508,493.55,496.95,1418220
ZENTEC,20211011,205.1,212,204,204.5,690993
ZODIACLOTH,20211011,117.1,119.7,114.55,115.95,31988
ZOMATO,20211011,137.5,137.5,136.15,136.85,4395523
ZOTA,20211011,425,426.1,417.1,418.7,21886
ZUARI,20211011,130,130,123.55,124.05,91363
ZUARIGLOB,20211011,150.9,153,142,143.85,76089
ZYDUSWELL,20211011,2390,2390,2339,2349.2,22838
NSENIFTY,20211011,17867.55,18041.95,17839.10,17945.95,375756457,0
NIFTYJUNIOR,20211011,43440.50,43630.20,43257.15,43465.15,307567109,0
NIFTYMIDCAPLIQ15,20211011,7285.85,7424.65,7262.80,7405.95,201738824,0
NSE100,20211011,18128.70,18289.45,18100.70,18198.90,683323566,0
NIFTY200,20211011,9494.35,9574.35,9482.10,9529.40,1584209791,0
NSE500,20211011,15374.50,15497.80,15356.55,15428.00,2171060075,0
NSEMIDCAP150,20211011,11819.65,11878.10,11771.20,11835.95,919694713,0
MIDCAP50,20211011,8622.95,8700.20,8574.65,8655.50,779337150,0
NSEMIDCAP,20211011,31550.25,31748.00,31420.30,31630.80,900886225,0
NSESMLCAP100,20211011,11396.25,11486.35,11372.95,11436.45,-,0
NIFTYLARGEMIDCAP250,20211011,-,-,-,10099.70,-,0
NIFTYAUTO,20211011,11136.55,11444.70,11125.05,11375.55,152199540,0
BANKNIFTY,20211011,37782.75,38495.30,37744.65,38293.80,136093225,0
NIFTYFINSERVICE,20211011,18315.75,18621.70,18299.80,18527.65,66847187,0
NIFTYFMGC,20211011,40070.25,40434.05,40061.90,40318.05,32752617,0
NSEIT,20211011,35494.40,35690.40,34768.95,35179.95,43090224,0
NIFTYMEDIA,20211011,2266.40,2309.15,2239.85,2285.80,49027313,0
NIFTYMETAL,20211011,5718.80,5806.70,5707.65,5766.40,133181108,0
NIFTYPHARMA,20211011,14588.50,14651.25,14502.80,14615.35,17779719,0
NIFTYPVTBANK,20211011,19750.70,20092.80,19732.05,19955.75,77292880,0
NIFTYPSUBANK,20211011,2572.65,2609.95,2552.15,2569.95,226130916,0
NIFTYREALTY,20211011,523.85,541.55,520.90,529.90,33924370,0
NIFTYCOMMODITIES,20211011,5885.45,5942.80,5882.25,5911.65,304760048,0
NIFTYCONSUMPTION,20211011,7305.40,7378.20,7304.20,7359.10,83321907,0
NIFTYCPSE,20211011,2434.95,2487.90,2430.00,2481.65,151677482,0
NIFTYENERGY,20211011,24132.25,24334.40,24105.85,24161.55,197283257,0
NIFTY100ESG,20211011,-,-,-,3653.07,412712368,0
NIFTY100ENHESG,20211011,-,-,-,3679.56,401608424,0
NIFTYINFRA,20211011,5152.80,5183.00,5143.10,5147.20,261750142,0
NIFTYMNC,20211011,19461.20,19593.65,19455.30,19482.40,349693567,0
NIFTYPSE,20211011,4253.05,4302.40,4247.60,4291.20,278664845,0
NIFTYSMEEMERGE,20211011,-,-,-,3432.07,1780492,0
NIFTYSERVSECTOR,20211011,24724.10,25008.15,24640.65,24894.25,182047491,0
NIFTYSHARIAH25,20211011,-,-,-,6597.08,75297773,0
NIFTY50SHARIAH,20211011,-,-,-,4331.72,93981126,0
NIFTY500SHARIAH,20211011,-,-,-,5434.91,333504292,0
NIFTYABGROUP,20211011,-,-,-,5519.93,330569651,0
NIFTYMAHINDRA,20211011,-,-,-,16230.78,11418232,0
NIFTYTATA,20211011,-,-,-,13371.63,303846514,0
NIFTYTATA25CAP,20211011,-,-,-,10678.77,264362394,0
NIFTYABGROUP,20211011,-,-,-,5519.93,330569651,0
NIFTYLIQ15,20211011,4649.60,4684.70,4638.15,4668.00,95667328,0
NIFTY500VALUE50,20211011,-,-,-,6409.32,730409117,0
NIFTYQUALLOWVOL30,20211011,-,-,-,12957.62,124259206,0
NIFTYALPHAQUALLOWVOL30,20211011,-,-,-,14970.95,81893199,0
NIFTYALPHAQUALVALLOWVOL30,20211011,-,-,-,11384.24,123394634,0
NIFTY50EQUALWEIGHT,20211011,20047.10,20255.75,20021.65,20177.20,375756457,0
NIFTY100EQUALWEIGHT,20211011,21252.85,21405.25,21227.95,21313.95,683323566,0
NIFTY100LOWVOL30,20211011,13657.80,13751.45,13622.55,13684.45,158809090,0
NSEDEFTY,20211011,-,-,-,8251.70,-,0
NIFTY50DIVPOINT,20211011,116.92,116.92,116.92,116.92,-,0
NIFTYDIVOPPS50,20211011,3779.50,3810.00,3767.70,3792.85,381351030,0
NIFTYALPHA50,20211011,33180.00,33237.45,32879.85,33080.40,260485591,0
NIFTY50ARBITRAGE,20211011,-,-,-,1986.05,-,0
NIFTY50FUTINDEX,20211011,-,-,-,5805.46,-,0
NIFTY50FUTTRINDEX,20211011,-,-,-,18730.15,-,0
NIFTYHIGHBETA50,20211011,-,-,-,2211.43,1005225859,0
NIFTYLOWVOL50,20211011,-,-,-,16760.83,174689060,0
NIFTY50VALUE20,20211011,9131.15,9218.90,9069.25,9157.20,162283868,0
NIFTYGROWSECT15,20211011,7985.10,8080.10,7984.55,8067.70,38218023,0
NIFTY50TR2XLEV,20211011,12844.15,13094.25,12810.10,12957.05,-,0
NIFTY50PR2XLEV,20211011,9482.55,9667.20,9457.40,9565.90,-,0
NIFTY50TR1XINV,20211011,212.95,213.20,210.90,212.00,-,0
NIFTY50PR1XINV,20211011,247.70,248.00,245.30,246.60,-,0
NIFTY-GS-COMPSITE,20211011,2344.40,2345.69,2340.04,2340.79,-,0
NIFTY-GS-4-8YR,20211011,2468.34,2469.22,2466.32,2466.85,-,0
NIFTY-GS-8-13YR,20211011,2288.57,2288.57,2285.93,2283.75,-,0
NIFTY-GS-10YR,20211011,2049.58,2049.58,2045.89,2046.34,-,0
NIFTY-GS-10YR-CLN,20211011,931.59,931.59,929.89,930.10,-,0
NIFTY-GS-11-15YR,20211011,2449.76,2449.76,2445.21,2444.88,-,0
NIFTY-GS-15YRPLUS,20211011,2648.38,2656.01,2636.70,2637.19,-,0
VIX,20211011,15.65,16.41,12.23,16.09,0,0
