20MICRONS,20210506,38.8,40.1,37.65,39.7,165283
21STCENMGM,20210506,12.45,12.45,12.05,12.45,4891
3IINFOTECH,20210506,7.8,7.9,7.4,7.75,17249122
3MINDIA,20210506,25200,25296.55,24687,24741.8,1981
3PLAND,20210506,10.85,12.2,10.5,12.2,75422
5PAISA,20210506,340.1,373.2,333.3,368.95,290951
63MOONS,20210506,88.1,89.8,85,86.55,42531
A2ZINFRA,20210506,4.1,4.1,4,4.05,360870
AAKASH,20210506,145,149,143.55,147.55,34942
AARON,20210506,54,54,51.4,52.9,779
AARTIDRUGS,20210506,719,836.55,716.3,793.65,8227736
AARTIIND,20210506,1737.2,1795,1709.1,1786,1636541
AARTISURF,20210506,1494,1569,1470,1541.45,35159
AARVEEDEN,20210506,19.7,21.5,19.7,21,25576
AARVI,20210506,48.9,49,47.75,48,10362
AAVAS,20210506,2241.15,2249,2202.05,2209.05,32903
ABAN,20210506,31.9,33.65,31.9,33.65,225214
ABB,20210506,1374.7,1385,1374.15,1380.6,27868
ABBOTINDIA,20210506,15390,15525,15347.85,15422.75,8847
ABCAPITAL,20210506,114.7,118.5,113.65,116.15,3411290
ABFRL,20210506,174.8,177,172.1,174.9,2261266
ABMINTLTD,20210506,50,53.95,50,53.55,1100
ABSLBANETF,20210506,335.74,335.74,324.45,326.24,513
ABSLNN50ET,20210506,360,363,360,362.99,398
ACC,20210506,1895,1908.5,1877.2,1896.25,292905
ACCELYA,20210506,930,930,895,902.55,7529
ACCURACY,20210506,61.5,61.5,59.1,60.85,24845
ACE,20210506,146.5,146.5,140.5,140.9,254974
ACRYSIL,20210506,352,354.05,339.9,344.4,73007
ADANIENT,20210506,1272.35,1311.85,1263,1286.75,6240535
ADANIGREEN,20210506,1083.95,1108,1072,1099.6,762063
ADANIPORTS,20210506,745,753.7,735.6,740.8,11926793
ADANIPOWER,20210506,98,98.9,96,96.85,8217422
ADANITRANS,20210506,1097,1139,1096.8,1126.5,1166956
ADFFOODS,20210506,917,917.95,898.05,901.9,17205
ADHUNIKIND,20210506,24.7,24.7,23.2,23.55,25337
ADL,20210506,29.45,29.45,27.7,28,888
ADORWELD,20210506,424.45,430,408.95,410.6,35778
ADROITINFO,20210506,9.9,9.95,9.85,9.85,504
ADSL,20210506,47.4,48.3,46.55,47.5,110925
ADVANIHOTR,20210506,52.3,53,50.85,52.1,4586
ADVENZYMES,20210506,458.95,460.65,444.25,447.3,280399
AEGISCHEM,20210506,330,331.5,321,325.25,342816
AFFLE,20210506,5501,5525,5245,5275.65,179777
AGARIND,20210506,184.3,184.3,184.3,184.3,7360
AGCNET,20210506,1600,1607.8,1482.1,1503.95,7311
AGRITECH,20210506,39.1,40,38.45,38.65,14715
AGROPHOS,20210506,11.5,11.75,11.4,11.6,290783
AHLADA,20210506,100.15,100.55,97.05,99.2,10380
AHLEAST,20210506,146.95,151,145.4,149.5,5299
AHLUCONT,20210506,294.95,298.8,287.65,290.2,9029
AHLWEST,20210506,206.25,208.1,198.75,199.8,3358
AIAENG,20210506,1879.05,1879.35,1834,1843.15,38468
AIRAN,20210506,15.65,16.2,15.65,15.8,47941
AJANTPHARM,20210506,1970,2030,1951.55,2001.1,412978
AJMERA,20210506,113.95,114.5,111.55,113.7,18423
AKASH,20210506,182.05,185.95,175,180.85,20370
AKG,20210506,31.35,31.35,28.5,28.95,13781
AKSHARCHEM,20210506,263.1,266,255.7,259.45,19636
AKSHOPTFBR,20210506,6.35,6.65,6.1,6.25,468133
AKZOINDIA,20210506,2224.95,2224.95,2184.95,2191.65,8096
ALANKIT,20210506,14.35,14.5,14.1,14.45,77213
ALBERTDAVD,20210506,453.05,456.2,445.35,448,9857
ALEMBICLTD,20210506,130.7,135.85,129,134.4,3511111
ALICON,20210506,542,555,529.4,549.7,27484
ALKALI,20210506,55.65,56.5,54.4,55.8,13796
ALKEM,20210506,2925,2925,2850,2861.95,110477
ALKYLAMINE,20210506,7875,8250,7820.05,8138,71492
ALLCARGO,20210506,123.55,124.3,123.1,123.5,121603
ALLSEC,20210506,342.9,342.9,333.25,335.35,13877
ALMONDZ,20210506,27.75,28.5,26.9,27.3,7062
ALOKINDS,20210506,19.1,19.1,18.85,18.85,5655194
ALPA,20210506,60.35,60.35,60.35,60.35,23610
ALPHAGEO,20210506,221.4,223.65,215.3,218.75,17722
ALPSINDUS,20210506,1.6,1.65,1.6,1.6,6076
AMARAJABAT,20210506,770.4,799,770.4,780.4,1753948
AMBER,20210506,3051.95,3087.4,3045,3052.35,27029
AMBICAAGAR,20210506,23.2,23.85,21,23.85,351434
AMBIKCO,20210506,1074.65,1099.9,1051,1072.2,63634
AMBUJACEM,20210506,313,316.2,310.1,314.4,3861134
AMDIND,20210506,19.9,19.95,18.5,18.85,75615
AMJLAND,20210506,23.45,24.35,22.5,23.9,22441
AMRUTANJAN,20210506,629.05,631.8,616.2,625.55,35426
ANANTRAJ,20210506,56,56,52.9,53.3,598855
ANDHRACEMT,20210506,5.5,5.5,5.35,5.45,187634
ANDHRAPAP,20210506,231.85,231.85,225,225.2,21137
ANDHRSUGAR,20210506,426.5,428,405.5,424.45,155429
ANGELBRKG,20210506,440,512.2,432.2,512.2,4552784
ANIKINDS,20210506,12.1,12.9,10.6,12.45,1059677
ANKITMETAL,20210506,1.1,1.1,1.1,1.1,99019
ANSALAPI,20210506,5.7,5.7,5.5,5.5,242136
ANSALHSG,20210506,5.1,5.3,4.9,5,41564
ANUP,20210506,588,605.75,574.6,583,44481
ANURAS,20210506,689.9,716.8,676.5,703.9,1124629
APARINDS,20210506,506.6,515,495.05,498.8,34243
APCL,20210506,214,215.85,211.8,213.3,19769
APCOTEXIND,20210506,246,279,239.4,271.1,1762145
APEX,20210506,232.05,248,230.75,242.5,241242
APLAPOLLO,20210506,1302.85,1323.95,1280.1,1306.15,167616
APLLTD,20210506,968.95,968.95,935,941.25,687899
APOLLO,20210506,106.9,107.75,105.1,105.6,107928
APOLLOHOSP,20210506,3357.85,3385.9,3300.7,3347.15,1124908
APOLLOPIPE,20210506,1117.95,1125,1086,1092.6,37532
APOLLOTYRE,20210506,215.75,217.7,210.35,213.6,6142013
APOLSINHOT,20210506,614.95,620,583.75,586.25,4500
APTECHT,20210506,204.95,208,202.5,203.3,217139
ARCHIDPLY,20210506,34.5,35.8,34.25,34.4,12427
ARCHIES,20210506,12.25,12.35,11.6,11.95,167283
ARENTERP,20210506,11.3,12.05,11.15,11.15,521
ARIES,20210506,97.9,101.5,97.05,99.1,219958
ARIHANT,20210506,18.45,18.45,17.1,17.7,4999
ARIHANTSUP,20210506,57.05,59.95,56.2,58.05,20320
ARMANFIN,20210506,558.8,565.95,546.05,553.75,5325
AROGRANITE,20210506,42.65,43.15,42.05,42.55,17787
ARROWGREEN,20210506,75.15,77.6,73.05,77.6,6234
ARSHIYA,20210506,31.65,32.15,29.25,29.95,41229
ARSSINFRA,20210506,25.05,25.55,24.25,24.65,14570
ARTEMISMED,20210506,216.05,223.5,209.95,213.5,32010
ARVEE,20210506,169.35,169.35,169.35,169.35,192
ARVIND,20210506,73.45,74.9,71.25,73.6,1893922
ARVINDFASN,20210506,139.95,151,138.5,144.7,1415720
ARVSMART,20210506,92.1,94.75,92.1,93.3,49858
ASAHIINDIA,20210506,303.9,305.6,298.8,301.75,33436
ASAHISONG,20210506,389,389,365,369.1,23975
ASAL,20210506,33.9,33.9,32.15,32.8,9971
ASALCBR,20210506,422.85,425,414.5,418.15,29863
ASHAPURMIN,20210506,159.1,164,153,153.95,227645
ASHIANA,20210506,118.85,120.95,118.15,118.7,29799
ASHIMASYN,20210506,16.7,16.8,16.7,16.8,291514
ASHOKA,20210506,79.5,80,78.4,78.65,759701
ASHOKLEY,20210506,112.75,114.5,111.1,114.05,14036598
ASIANHOTNR,20210506,66.95,66.95,65.05,65.65,1404
ASIANPAINT,20210506,2579.85,2581.85,2528,2549.05,1518119
ASIANTILES,20210506,153.9,157.75,152.5,155.55,128222
ASPINWALL,20210506,189.95,190,156.3,182.4,11024
ASTEC,20210506,1150.05,1163.75,1131.2,1140.1,22319
ASTERDM,20210506,153.8,156,151.05,152.35,1420781
ASTRAL,20210506,1581.95,1599.95,1570,1583.65,125796
ASTRAMICRO,20210506,117.95,118.5,115.5,116.7,95237
ASTRAZEN,20210506,3802,3875,3772,3815.7,35355
ASTRON,20210506,41.35,41.4,40.15,40.55,19354
ATFL,20210506,1039.9,1039.9,975,984.4,146452
ATGL,20210506,1269.7,1311,1265.4,1299.05,1150996
ATLANTA,20210506,7.85,7.85,7.35,7.35,12891
ATUL,20210506,8290,8502,8257.75,8442.3,34383
ATULAUTO,20210506,176,176,172.2,172.7,68456
AUBANK,20210506,951,972,934.75,956.95,2354405
AURIONPRO,20210506,165,165,158.05,159.55,89299
AUROPHARMA,20210506,1035,1039,1000,1009.05,4590785
AUSOMENT,20210506,60.35,60.95,58.65,59.9,13365
AUTOAXLES,20210506,1070,1070.05,1046,1061.4,12579
AUTOIND,20210506,35.5,35.5,34.5,35,6313
AVADHSUGAR,20210506,309.4,310.05,291,302.4,190505
AVANTIFEED,20210506,480.5,488.35,476,481.3,175617
AVTNPL,20210506,51.75,54,50.25,52.65,692178
AWHCL,20210506,291.55,314.8,291.1,303.6,336937
AXISBANK,20210506,718,722.85,710.25,715.75,9484934
AXISBNKETF,20210506,328.08,328.88,326.33,328.57,466
AXISCADES,20210506,59.5,60.8,59.5,60.2,76819
AXISGOLD,20210506,40.9,40.9,40.63,40.81,83721
AXISNIFTY,20210506,152.75,152.75,151.4,152.25,3247
AXISTECETF,20210506,260,260,254.16,256.9,491
AYMSYNTEX,20210506,48.5,52.75,48.5,51.25,22514
BAFNAPH,20210506,147.05,147.05,147.05,147.05,2623
BAGFILMS,20210506,2.7,2.75,2.65,2.65,71085
BAJAJ-AUTO,20210506,3852,3970,3852,3941.2,938078
BAJAJCON,20210506,271.9,271.9,264.4,268.15,705528
BAJAJELEC,20210506,1167.65,1175.05,1098.25,1118.05,196112
BAJAJFINSV,20210506,11100,11194.1,10990,11027.95,228840
BAJAJHIND,20210506,9.2,9.35,8.65,8.95,12991192
BAJAJHLDNG,20210506,3432.3,3458.65,3417.35,3442.15,14830
BAJFINANCE,20210506,5568,5619.9,5473.35,5528.8,2223111
BALAJITELE,20210506,57,59.9,56.6,58.4,159401
BALAMINES,20210506,2399,2498,2382.85,2474.95,141590
BALAXI,20210506,599.95,599.95,565,569.55,3293
BALKRISHNA,20210506,20.1,20.1,18.9,19.35,10805
BALKRISIND,20210506,1804,1848,1799.2,1824,418300
BALMLAWRIE,20210506,127.2,128.85,125.25,126.35,344753
BALPHARMA,20210506,104,113,103.95,108.05,72241
BALRAMCHIN,20210506,319.95,320.8,303.35,311,1938894
BANARBEADS,20210506,48.1,58.65,48.1,51.5,111228
BANARISUG,20210506,1981,1990,1880,1972.45,4380
BANCOINDIA,20210506,157.5,159.9,153,153.9,122234
BANDHANBNK,20210506,312.9,312.9,293.6,294.75,23749358
BANG,20210506,28.9,28.95,26.3,27.95,7154
BANKA,20210506,65,65,62.6,62.7,3046
BANKBARODA,20210506,73,73,70.1,70.65,38260232
BANKBEES,20210506,339.1,339.1,326.8,329.13,655060
BANKINDIA,20210506,69.9,70.5,67.85,68.3,6158532
BANSWRAS,20210506,105.15,112.5,104.65,110.9,41116
BARBEQUE,20210506,619,619,590.65,593.85,152506
BASF,20210506,2349.95,2360,2263.25,2294.9,43855
BASML,20210506,63.15,63.15,61.85,62.95,27145
BATAINDIA,20210506,1365,1374,1348,1352.1,252451
BAYERCROP,20210506,5430,5431,5292,5340.8,15612
BBL,20210506,1134.6,1158,1125,1128.6,5505
BBTC,20210506,1177.7,1192.2,1147.95,1164,82114
BCG,20210506,7.55,7.8,7.4,7.8,3345591
BCLIND,20210506,123.6,128,120.25,126,133000
BCP,20210506,3.15,3.15,3.05,3.1,132498
BDL,20210506,336.4,338,332.25,335.05,56020
BEARDSELL,20210506,13.4,15.2,12.3,15.2,692132
BECTORFOOD,20210506,356.1,394.65,355.1,387.95,1625892
BEDMUTHA,20210506,23.9,25.35,23.85,24.15,4134
BEL,20210506,139.7,143.1,137.4,142.4,20521835
BEML,20210506,1196.7,1205,1182,1191,154350
BEPL,20210506,166.3,171.9,165.3,167.7,2950354
BERGEPAINT,20210506,712,718,708.35,716.85,392515
BESTAGRO,20210506,344.2,348,314.65,321.85,54679
BFINVEST,20210506,296.45,301.55,290.6,294.2,29586
BFUTILITIE,20210506,282.25,285,271,272.2,195363
BGRENERGY,20210506,46.3,47.5,45.5,46.8,212655
BHAGERIA,20210506,171.3,172,166.75,170.6,39120
BHAGYANGR,20210506,49,50,48,48.75,26703
BHAGYAPROP,20210506,26.15,27.2,26.1,26.8,15760
BHANDARI,20210506,2.4,2.4,2.3,2.35,88830
BHARATFORG,20210506,640.05,647.8,632.85,642.9,1499277
BHARATGEAR,20210506,83.5,85,82.5,83.7,45135
BHARATRAS,20210506,12131,12200,11751.1,11800.65,1972
BHARATWIRE,20210506,42.9,44.95,42.4,44.95,27619
BHARTIARTL,20210506,559.95,564.4,552.6,558.75,9000753
BHEL,20210506,58.85,59.3,57,58.05,195095327
BIGBLOC,20210506,81.45,84,81.3,81.4,3576
BIL,20210506,195.75,199,190,195.5,1733
BINDALAGRO,20210506,17,17.2,16.1,16.95,124769
BIOCON,20210506,382.95,384.4,377.4,379.7,3004849
BIOFILCHEM,20210506,73.95,73.95,72,72.6,51583
BIRLACABLE,20210506,60.55,64.4,59.7,62.15,131748
BIRLACORPN,20210506,931.1,938.5,921.25,932.1,58494
BIRLAMONEY,20210506,43.5,47.95,42,45.8,2062562
BIRLATYRE,20210506,23.95,24.45,23.6,23.85,126006
BKMINDST,20210506,0.9,0.9,0.85,0.9,3445
BLBLIMITED,20210506,6.2,6.3,5.75,6.1,21788
BLISSGVS,20210506,103.9,106.5,103.2,103.7,627262
BLKASHYAP,20210506,16.1,16.4,15.8,16.3,182819
BLS,20210506,88.4,96.45,87.35,95.55,444366
BLUEDART,20210506,5490,5649.95,5329.05,5405.4,137684
BLUESTARCO,20210506,841,845,819.1,828.75,89643
BODALCHEM,20210506,104.7,104.7,100.3,101.2,810015
BOMDYEING,20210506,67.6,72.95,67.3,71.2,6455524
BOROLTD,20210506,208.6,235,206,227.65,1848958
BORORENEW,20210506,247.5,251.9,245.7,247.8,461433
BOSCHLTD,20210506,13316.05,13646.95,13316.05,13616.65,19525
BPCL,20210506,428,435,424.15,434,6393644
BPL,20210506,28.75,30.85,28.25,30.85,160245
BRFL,20210506,7.2,7.35,6.75,7.25,98252
BRIGADE,20210506,258.65,258.65,253.05,254.25,176405
BRITANNIA,20210506,3452,3491.5,3439.7,3452.05,384450
BRNL,20210506,28.6,29.2,26.95,28.65,62173
BROOKS,20210506,88.8,88.8,84,85.25,53725
BSE,20210506,626,693,623.1,683,3564501
BSELINFRA,20210506,0.9,0.95,0.9,0.95,18731
BSHSL,20210506,138.1,138.1,134.3,136.55,200
BSL,20210506,38.15,45.95,38.1,45.95,583060
BSLGOLDETF,20210506,4280,4300,4275,4291.15,292
BSLNIFTY,20210506,158.85,165,158.85,161.57,125
BSOFT,20210506,246,257,240.95,253.05,2033725
BURGERKING,20210506,127,134.7,126.65,131,4195590
BURNPUR,20210506,2.85,2.85,2.65,2.65,178675
BUTTERFLY,20210506,640,640,610.25,613.05,62978
BVCL,20210506,18.2,18.45,17.8,18.3,1360
BYKE,20210506,20.1,20.35,18.7,19.15,131369
CADILAHC,20210506,607.95,610.85,592.65,601.75,11485502
CALSOFT,20210506,8.2,8.6,7.5,8.15,91478
CAMLINFINE,20210506,167.3,169.9,161.1,165.2,644926
CAMS,20210506,2264,2283.6,2202,2209.5,64896
CANBK,20210506,147,147,142.4,143.45,11113538
CANFINHOME,20210506,532.85,537.55,521,524.3,209855
CANTABIL,20210506,370.05,371.5,369.8,370.35,76104
CAPACITE,20210506,186,191.3,184,187.25,81788
CAPLIPOINT,20210506,535,572,520.45,560.3,2707513
CAPTRUST,20210506,83.4,83.45,79.25,79.95,14714
CARBORUNIV,20210506,556.5,564,540.2,553.2,353591
CAREERP,20210506,124.9,124.95,121,121.4,43897
CARERATING,20210506,531.25,535,524.1,527.65,168196
CASTEXTECH,20210506,0.7,0.75,0.65,0.65,246569
CASTROLIND,20210506,123.6,127.4,123.6,125.4,1835307
CCHHL,20210506,4.6,4.85,3.8,4.5,114047
CCL,20210506,312.4,319,306.8,311.7,997670
CDSL,20210506,793,801,777.75,789.55,578463
CEATLTD,20210506,1377.9,1377.9,1333,1340.15,302484
CEBBCO,20210506,16.75,16.75,16.35,16.5,16073
CELEBRITY,20210506,5.5,5.65,5.5,5.65,37232
CENTENKA,20210506,263,264.85,260,261.3,29329
CENTEXT,20210506,5.7,5.85,5.15,5.4,213578
CENTRALBK,20210506,16.9,17.2,16.25,16.55,4809939
CENTRUM,20210506,30.8,31,29.7,30.15,1088726
CENTUM,20210506,391.9,401.4,388.05,390,4848
CENTURYPLY,20210506,363.4,364.95,346,349.5,122286
CENTURYTEX,20210506,476,483.4,473.15,478,368482
CERA,20210506,4065,4251,3921,3990.15,55033
CEREBRAINT,20210506,49.35,49.75,48.6,48.85,314460
CESC,20210506,633.1,635.5,618.05,623.95,399256
CGCL,20210506,450.6,453.9,442.1,447.65,27059
CGPOWER,20210506,84.35,84.35,80.3,84.35,6816040
CHALET,20210506,141.6,145.9,139.05,143.5,122997
CHAMBLFERT,20210506,217.2,226.7,216.5,221.85,1337092
CHEMBOND,20210506,210.5,221.25,209.05,219,51847
CHEMCON,20210506,430.1,456.6,430.1,448.25,760892
CHEMFAB,20210506,149.7,149.7,145.95,147.05,13856
CHENNPETRO,20210506,112.2,112.5,107,108.75,640094
CHOLAFIN,20210506,563.75,583.9,557.05,580.3,4217519
CHOLAHLDNG,20210506,579,589.95,570.25,573.65,53904
CIGNITITEC,20210506,390,392.65,383.5,386.25,40177
CINELINE,20210506,32.6,32.9,32,32.55,25061
CINEVISTA,20210506,9.85,10.35,9.85,9.95,143718
CIPLA,20210506,907,916.7,880.9,884.3,17973153
CLEDUCATE,20210506,87.15,89.7,83.5,83.9,15853
CLNINDIA,20210506,434.75,434.75,420,422.95,71611
CMICABLES,20210506,42.95,43.35,41.85,42.2,23989
COALINDIA,20210506,134.2,135.45,133.75,134.6,7632817
COCHINSHIP,20210506,378,380.8,372.5,374.1,235934
COFFEEDAY,20210506,30.9,34.1,30.9,33.75,5683634
COFORGE,20210506,2905,3449,2821.85,3396.15,6409969
COLPAL,20210506,1499.4,1514.2,1490.1,1503.15,283759
COMPINFO,20210506,18.1,18.2,17.6,17.7,247586
COMPUSOFT,20210506,8.45,8.7,8.45,8.5,23444
CONCOR,20210506,571,592.8,570,578,2641309
CONFIPET,20210506,59.25,63.55,58.75,62.15,2784808
CONSOFINVT,20210506,60.55,63.9,57.25,59.3,1442
CONTROLPR,20210506,319.7,323.65,310.7,313.45,19364
CORALFINAC,20210506,27.45,27.9,26.6,27.1,103208
CORDSCABLE,20210506,40.7,44.05,40.7,43.75,96523
COROMANDEL,20210506,727.05,734.85,720.55,729.85,452576
COSMOFILMS,20210506,774.9,776.65,738.2,744.8,123096
COUNCODOS,20210506,2.1,2.15,2.05,2.05,71525
CPSEETF,20210506,23.43,23.7,23.32,23.49,1130654
CRAFTSMAN,20210506,1425,1429,1366.15,1406.2,106027
CREATIVE,20210506,96.95,97.5,92.05,94,70652
CREATIVEYE,20210506,2.9,2.95,2.9,2.95,510
CREDITACC,20210506,606.7,623,603.15,608.45,103582
CREST,20210506,82.05,82.5,78.5,78.95,7499
CRISIL,20210506,1905,1905,1875,1883.7,19525
CROMPTON,20210506,378.6,382.75,371.35,377.45,1523678
CSBBANK,20210506,265.45,265.45,258.8,262.55,369280
CTE,20210506,29,29.7,27.5,29.05,31549
CUB,20210506,170.7,173.8,169.2,170.75,2194011
CUBEXTUB,20210506,30.7,31,28.3,29.9,21488
CUMMINSIND,20210506,853.25,859.85,837.05,839.85,543158
CUPID,20210506,232.95,234.5,229,229.65,35064
CYBERMEDIA,20210506,10.4,10.95,10.05,10.2,1998
CYBERTECH,20210506,129.85,153.65,128.3,147.75,1913820
CYIENT,20210506,763.2,776.7,753.25,758.75,278286
DAAWAT,20210506,79.8,80.3,76.9,77.5,2121116
DABUR,20210506,542.85,547.35,539,545.25,2142388
DALALSTCOM,20210506,0.9,0.95,0.85,0.9,73623
DALBHARAT,20210506,1547.8,1585,1540,1567.2,114935
DALMIASUG,20210506,287.9,291,269,278.45,192978
DAMODARIND,20210506,26,26.8,25.6,26.55,25444
DANGEE,20210506,164,173.2,160,164.8,1531
DATAMATICS,20210506,119.6,140.8,118.75,138.7,2309503
DBCORP,20210506,81.9,82.9,81.35,82.55,93003
DBL,20210506,536.3,536.3,526.2,532.9,135273
DBREALTY,20210506,21,21.25,19.65,19.75,260846
DBSTOCKBRO,20210506,8,9.6,8,8.25,99525
DCAL,20210506,164.25,183.5,164.2,179.7,5174779
DCBBANK,20210506,90.6,91.25,90,90.25,1166688
DCM,20210506,24.55,27.65,24.55,27.1,61047
DCMFINSERV,20210506,2,2,1.9,1.95,17143
DCMNVL,20210506,86,89.4,86,89.4,67772
DCMSHRIRAM,20210506,709.9,725,690.3,694.25,397620
DCW,20210506,35.9,36.7,35.1,35.45,3138641
DECCANCE,20210506,421.85,445,421,439.5,117641
DEEPAKFERT,20210506,263.15,284.5,259.2,274.3,1232383
DEEPAKNTR,20210506,1960,1988,1881,1891.2,3165908
DEEPENR,20210506,42.4,43.8,38.95,39.6,307140
DEEPINDS,20210506,49.95,49.95,49.95,49.95,39426
DELTACORP,20210506,148.8,151,146.15,146.9,1785535
DELTAMAGNT,20210506,30.9,31,28.45,28.7,8478
DEN,20210506,44.45,44.75,43.85,44.45,1295777
DENORA,20210506,258.25,279,248.45,274.75,74712
DFMFOODS,20210506,339.6,355,337.2,344.05,104196
DGCONTENT,20210506,8.2,8.7,7.6,8.1,48758
DHAMPURSUG,20210506,267.85,269.5,251.25,265.1,1288230
DHANBANK,20210506,14,14,13.75,13.8,476700
DHANI,20210506,170.45,172.7,167.05,169.05,1438519
DHANUKA,20210506,804,813.95,788.9,807,56435
DHARSUGAR,20210506,7.95,8.2,7.55,7.95,232760
DHFL,20210506,15.05,15.15,14.9,14.95,780890
DHUNINV,20210506,313.6,320,305,308.55,4821
DIAMONDYD,20210506,559.95,564.6,551,553.95,8092
DICIND,20210506,387.05,389.95,384.1,388.15,2156
DIGISPICE,20210506,30.8,31.65,30.2,31.45,163223
DISHTV,20210506,11.7,12.1,11.55,11.8,16600349
DIVISLAB,20210506,4050,4084.4,4018,4063.05,423190
DIXON,20210506,4170,4185,4104.35,4119.5,102790
DLF,20210506,250,251.35,245.15,250.5,3591055
DLINKINDIA,20210506,101.7,104.8,100.3,103.6,345806
DMART,20210506,2874.95,2895,2850.5,2878.15,158581
DNAMEDIA,20210506,1.2,1.2,1.2,1.2,56352
DOLAT,20210506,64,64.85,60.95,63.95,425012
DOLLAR,20210506,254.9,254.9,241.65,243,56503
DONEAR,20210506,28.85,31.8,28.65,31.6,347362
DPABHUSHAN,20210506,115.15,115.15,112.65,114.1,1247
DPSCLTD,20210506,12.6,12.6,12.15,12.15,21111
DPWIRES,20210506,130.15,133.15,130,131.8,5313
DRCSYSTEMS,20210506,218.6,236.5,214.15,216.15,5099
DREDGECORP,20210506,382,401.8,380,388.45,629552
DRREDDY,20210506,5165,5252,5130,5168.45,978375
DSSL,20210506,107.5,111,95,104.9,559435
DTIL,20210506,291.85,294.9,283.85,290.65,5893
DUCON,20210506,6.95,7.25,6.95,7.1,65541
DVL,20210506,115.1,118,112.4,114.25,29613
DWARKESH,20210506,50.1,50.5,47.6,49.6,5071113
DYNAMATECH,20210506,1059.9,1068,1032.5,1041.35,3868
DYNPRO,20210506,507.95,541.9,492.05,518.8,164603
EASEMYTRIP,20210506,198.7,204.1,189.3,190.9,1030393
EASTSILK,20210506,3.15,3.15,3.15,3.15,9946
EBBETF0423,20210506,1124.33,1126.75,1124.33,1126.46,17152
EBBETF0425,20210506,1037.63,1040,1037.51,1038,1502
EBBETF0430,20210506,1149.11,1153.45,1149.11,1152.6,89221
EBBETF0431,20210506,1032.5,1034.96,1032.5,1033.78,12541
EBIXFOREX,20210506,473,475,462,467.3,2562
ECLERX,20210506,1305.7,1310,1265,1273.8,26107
EDELWEISS,20210506,57.3,59.9,56.8,59.9,2888801
EICHERMOT,20210506,2384.8,2447.95,2377,2443.25,628779
EIDPARRY,20210506,420.15,428.9,399.4,419.5,1318359
EIHAHOTELS,20210506,235,237.2,232.75,235.45,3799
EIHOTEL,20210506,88.75,90.3,87.7,90,378426
EIMCOELECO,20210506,354.55,375.7,354.55,367.1,7299
EKC,20210506,111.3,119.45,109.2,119.45,2918713
ELECON,20210506,94.8,94.8,91.05,92,327310
ELECTCAST,20210506,34.3,35.3,33.2,33.45,747444
ELECTHERM,20210506,108.95,114.4,105.2,113.35,30316
ELGIEQUIP,20210506,218.5,221,213.25,215.3,122998
ELGIRUBCO,20210506,28.8,29,27.75,27.85,40648
EMAMILTD,20210506,487.95,488.05,483.05,485.45,202508
EMAMIPAP,20210506,128.95,129.9,121.8,125.25,20103
EMAMIREAL,20210506,45.95,45.95,44.4,44.9,9741
EMKAY,20210506,72.55,76.3,67.3,73,340714
EMMBI,20210506,87.5,99.4,86.15,97.05,829460
ENDURANCE,20210506,1315,1377.4,1293.3,1349.3,85512
ENERGYDEV,20210506,8.95,8.95,8.6,8.8,24412
ENGINERSIN,20210506,74.45,74.8,73.35,73.45,1025538
ENIL,20210506,149.4,149.5,147.05,148.55,58449
EPL,20210506,228,229.2,223.4,225,281791
EQ30,20210506,419.41,419.41,412.05,412.05,8
EQUITAS,20210506,85.5,86.4,84.5,84.75,919677
EQUITASBNK,20210506,59.4,59.4,57.2,57.75,2640904
ERIS,20210506,601.9,609,592.05,602.6,58621
EROSMEDIA,20210506,20.5,20.95,20.1,20.75,215275
ESABINDIA,20210506,1810,1840,1799.95,1809.95,3576
ESCORTS,20210506,1129.85,1142,1115.05,1131.8,1245287
ESSARSHPNG,20210506,10.25,11.3,9.05,11.25,3124009
ESTER,20210506,154.25,155.4,148.5,149.2,513747
EVEREADY,20210506,298.9,302.9,288.25,290.95,536386
EVERESTIND,20210506,365.1,371.7,355,356.2,207724
EXCEL,20210506,2.3,2.3,2.2,2.2,70989
EXCELINDUS,20210506,1049.8,1075,1016.1,1029.25,61573
EXIDEIND,20210506,183.1,185.45,181.55,182.8,2630786
EXPLEOSOL,20210506,602,617.05,578,596.6,54248
FACT,20210506,118.8,124.35,116.4,121.9,1282936
FAIRCHEMOR,20210506,824,849,824,830.4,46957
FCL,20210506,83.85,86.4,81,82.85,902730
FCONSUMER,20210506,6.7,7.1,6.65,6.8,6090350
FCSSOFT,20210506,0.7,0.75,0.65,0.75,3405622
FDC,20210506,322.15,337,319.85,328.3,1910269
FEDERALBNK,20210506,80.5,80.85,78.3,78.6,17472483
FEL,20210506,9.05,9.2,8.95,8.95,852653
FELDVR,20210506,12.35,12.35,11.6,11.9,36542
FIEMIND,20210506,580,581,560,572.65,23835
FILATEX,20210506,89.5,90.4,86.35,87.95,1014649
FINCABLES,20210506,363.45,363.45,354.1,356.95,96807
FINEORG,20210506,2909,3125.8,2880,3033.1,186192
FINPIPE,20210506,159.7,161.9,156.05,157.2,453562
FLEXITUFF,20210506,25.95,25.95,24.5,24.9,21542
FLFL,20210506,53.1,54,52.4,52.45,462748
FLUOROCHEM,20210506,789,819.9,789,813.45,120362
FMGOETZE,20210506,292.1,293.95,287.3,289.6,146596
FMNL,20210506,14.3,14.6,14.2,14.35,64507
FORCEMOT,20210506,1127,1214,1112,1186.95,140225
FORTIS,20210506,222.6,223.5,218.25,219.9,2793784
FOSECOIND,20210506,1427.3,1430.1,1380,1389.6,2924
FRETAIL,20210506,45.85,46.95,45.4,45.55,4902762
FSC,20210506,71.5,73.6,70.6,71,68611
FSL,20210506,128.4,133.9,126.7,131,6626877
G5,20210506,48.27,48.32,48.22,48.3,21274
GABRIEL,20210506,106.85,107.8,105.3,105.55,116263
GAEL,20210506,166,167.05,158.75,161.4,339132
GAIL,20210506,145.9,151.85,145.6,151.15,26512202
GAL,20210506,2.25,2.3,2.2,2.25,64453
GALAXYSURF,20210506,2994.75,2994.75,2837.05,2870.75,45047
GALLANTT,20210506,56.55,59,56.25,56.9,65868
GALLISPAT,20210506,46.8,47,42.8,45.1,57358
GAMMNINFRA,20210506,0.75,0.75,0.65,0.7,1012127
GANDHITUBE,20210506,299,300.15,289.45,296.85,11640
GANECOS,20210506,571,580,563.35,570.3,9232
GANESHHOUC,20210506,74.05,75.5,73,73.65,48181
GANGESSECU,20210506,78.8,79.85,70.5,72.45,49006
GARFIBRES,20210506,2615,2689.25,2611.95,2676.8,7135
GATI,20210506,106.4,111.65,106,108.75,2049773
GAYAHWS,20210506,0.6,0.6,0.55,0.55,95221
GAYAPROJ,20210506,29.1,29.1,27.3,28.25,773258
GBGLOBAL,20210506,7.15,7.15,6.85,6.9,3404
GDL,20210506,257.25,257.4,243.05,250.1,426740
GEECEE,20210506,102.35,117.5,102.35,112.65,230180
GEEKAYWIRE,20210506,89.8,102.3,87.6,100.75,162480
GENCON,20210506,45.7,49.7,43.15,45.1,8990
GENESYS,20210506,101.05,101.95,98.4,99.4,7515
GENUSPAPER,20210506,8.3,8.4,7.9,8.15,490541
GENUSPOWER,20210506,54.85,54.9,51.5,52.65,322248
GEOJITFSL,20210506,58,60.5,55.9,59.6,3931469
GEPIL,20210506,268,272.65,263.5,264.35,112088
GESHIP,20210506,406,418.8,382.1,388.55,3123164
GET&D,20210506,121,128.6,120.5,122.6,455282
GFLLIMITED,20210506,71.9,71.9,69.7,70.55,31589
GHCL,20210506,237.5,242.1,236.1,238.2,211593
GICHSGFIN,20210506,115.25,115.25,112.25,112.95,156780
GICRE,20210506,209.4,210,203.4,204.45,283357
GILLANDERS,20210506,39.25,41,38.95,39.15,22332
GILLETTE,20210506,5669,5670,5545,5568.55,49398
GINNIFILA,20210506,28,28.9,26.2,27.95,1270225
GIPCL,20210506,76,76.35,75.3,75.85,119580
GISOLUTION,20210506,2.3,2.3,2.25,2.3,2201
GKWLIMITED,20210506,530.6,530.6,512,516.2,2029
GLAND,20210506,2650,2719.45,2616.2,2634.25,288778
GLAXO,20210506,1487.5,1490,1462,1464.2,22764
GLENMARK,20210506,577.7,579.25,566.4,570.15,2214108
GLFL,20210506,2,2.1,2,2.1,383
GLOBAL,20210506,45,45.2,44.5,44.8,4797
GLOBE,20210506,49.5,49.5,49.5,49.5,20
GLOBUSSPR,20210506,330,331.25,325.25,330.05,61596
GMBREW,20210506,408.4,408.4,400,400.9,14629
GMDCLTD,20210506,61,61.8,60.15,60.35,1757256
GMMPFAUDLR,20210506,4140,4160,4029,4062.9,37899
GMRINFRA,20210506,23.7,24.5,23.5,24.3,14732558
GNA,20210506,377.85,381.9,368.5,369.55,115832
GNFC,20210506,364.9,379.8,360.15,374.15,1539965
GOACARBON,20210506,313.6,321,308.3,318.55,27879
GOCLCORP,20210506,203.9,205.9,196.2,202.1,47999
GODFRYPHLP,20210506,870,870,860.1,863.95,11438
GODHA,20210506,44,44,40,42.65,303
GODREJAGRO,20210506,518.05,520.5,506,511,88748
GODREJCP,20210506,714.85,720.45,700.6,709.95,840805
GODREJIND,20210506,510.4,510.55,503.4,507,35568
GODREJPROP,20210506,1220,1258.25,1200,1254.5,1625142
GOKEX,20210506,94,104.5,94,103.05,2007117
GOKUL,20210506,19.25,19.45,18.85,19.1,12684
GOKULAGRO,20210506,23.7,23.85,23,23.4,44421
GOLDBEES,20210506,42.59,42.7,40.45,40.82,2154092
GOLDENTOBC,20210506,47.85,47.85,45,45.9,15678
GOLDIAM,20210506,378,403.8,368.5,396,280884
GOLDSHARE,20210506,41.95,42.15,41.8,42.05,100440
GOLDTECH,20210506,9.75,9.75,9,9.2,42086
GOODLUCK,20210506,92.35,95,91.4,92.05,132584
GOODYEAR,20210506,913.3,917,910,910.3,5941
GPIL,20210506,1000,1019.9,980.45,990.2,125357
GPPL,20210506,92.65,94.5,92.65,92.95,475559
GPTINFRA,20210506,38.3,39,37.5,37.95,18331
GRANULES,20210506,355.9,358.3,348.3,351.75,6194082
GRAPHITE,20210506,745.2,752,733.6,738.15,1259643
GRASIM,20210506,1420,1450,1418.1,1447.9,1636815
GRAVITA,20210506,95.5,95.5,92.4,93.55,85529
GREAVESCOT,20210506,139.75,145.9,137.75,144.95,2764141
GREENLAM,20210506,1044.95,1044.95,1005,1008.95,4039
GREENPANEL,20210506,233,237.7,229.5,234.45,298988
GREENPLY,20210506,210.8,210.85,200.9,201.9,350738
GREENPOWER,20210506,2,2,1.9,1.95,1387314
GRINDWELL,20210506,1047,1074,1009.9,1046.8,119638
GROBTEA,20210506,865.05,873,834.95,866.1,668
GRPLTD,20210506,902.05,970,894.75,952.8,5487
GRSE,20210506,176.45,176.45,172.75,174.8,88870
GSCLCEMENT,20210506,35.5,36.6,35.1,35.8,211470
GSFC,20210506,97.4,102.45,97,100.55,8418322
GSPL,20210506,271.1,275,269,271.05,377536
GSS,20210506,70.2,71.3,69.5,70.15,119711
GTL,20210506,7.2,7.3,7.05,7.3,311501
GTLINFRA,20210506,0.65,0.7,0.65,0.65,3940632
GTNTEX,20210506,5.2,5.7,5.2,5.7,15048
GTPL,20210506,136.8,139.35,134.9,136.25,99723
GUFICBIO,20210506,140.75,145.9,137.9,143.95,914155
GUJALKALI,20210506,421.95,444.5,419.5,437.15,1388468
GUJAPOLLO,20210506,212.15,213.5,210.5,210.85,3992
GUJGASLTD,20210506,533,537,528.9,534.95,339031
GUJRAFFIA,20210506,41.95,44,39.9,44,5443
GULFOILLUB,20210506,700.95,704.7,689.65,693.7,10782
GULFPETRO,20210506,44.85,45.75,44.2,44.75,66416
GULPOLY,20210506,154,158.2,153.1,155.25,103689
HAL,20210506,972,974.05,956.1,957.85,109611
HAPPSTMNDS,20210506,750,817,740,810.25,8629623
HARRMALAYA,20210506,178.9,183.25,172.05,173.6,461612
HATHWAY,20210506,22.95,23.55,22.9,23,3517285
HATSUN,20210506,840,840,822.65,826.7,22243
HAVELLS,20210506,998,1010,988.6,1006.75,596924
HAVISHA,20210506,0.8,0.8,0.75,0.75,75992
HBANKETF,20210506,321.1,329.84,321.1,326.85,1929
HBLPOWER,20210506,34.5,35.15,33.9,34.05,351225
HBSL,20210506,16,16.8,15.75,16.45,3621
HCC,20210506,7.6,7.7,7.5,7.6,1025455
HCG,20210506,192.4,196,188,189.55,145729
HCL-INSYS,20210506,8.55,8.6,8.4,8.5,200141
HCLTECH,20210506,912,923.9,901.25,916,6319104
HDFC,20210506,2397.3,2435,2382,2430.1,2401866
HDFCAMC,20210506,2735,2768,2725,2732.15,276736
HDFCBANK,20210506,1407.6,1410.8,1395,1400.9,5738522
HDFCLIFE,20210506,672,679.9,669,671.8,2269126
HDFCMFGETF,20210506,41.65,41.94,41.65,41.86,337174
HDFCNIFETF,20210506,156.14,156.75,155.18,155.9,9961
HDFCSENETF,20210506,525.9,525.9,517.41,522.06,2263
HEG,20210506,2210,2252.85,2190,2204,256662
HEIDELBERG,20210506,243.4,244.4,239.55,244.1,92567
HEMIPROP,20210506,132.25,134.7,131,132.1,260670
HERANBA,20210506,721.05,734,705,706.9,238336
HERCULES,20210506,118.9,119,117,117.4,14205
HERITGFOOD,20210506,360,364.95,357,361.2,166675
HEROMOTOCO,20210506,2818,2922,2802.15,2913.3,2249529
HESTERBIO,20210506,2130,2278,2120.85,2173.2,24330
HEXATRADEX,20210506,105.75,105.75,101,105.75,187636
HFCL,20210506,33.35,34.7,32.65,34,23701284
HGINFRA,20210506,286.95,299,280,281.85,52544
HGS,20210506,1700,1750,1614.8,1677.1,30439
HIKAL,20210506,334.7,345.3,310.6,343.05,4738649
HIL,20210506,3470,3535,3411,3484.2,4890
HILTON,20210506,10.85,10.9,10.5,10.75,5015
HIMATSEIDE,20210506,158,158.65,153,153.6,93756
HINDALCO,20210506,370,388.6,367.8,385.95,31912131
HINDCOMPOS,20210506,292.95,292.95,281.4,283.05,3005
HINDCOPPER,20210506,152.75,160.1,152.1,156.35,8422706
HINDMOTORS,20210506,6.85,6.85,6.55,6.6,63524
HINDNATGLS,20210506,35.4,35.8,33.5,35.5,102834
HINDOILEXP,20210506,105.85,109.4,104.1,104.6,893564
HINDPETRO,20210506,247.4,249.8,244.25,245.4,6375146
HINDUNILVR,20210506,2400,2416.55,2377.05,2390,1377740
HINDZINC,20210506,290.8,300.6,290,296.5,3618674
HIRECT,20210506,132,132,128.1,130.65,29040
HISARMETAL,20210506,117.7,117.7,113.8,114.4,23946
HITECH,20210506,366.85,366.9,360.05,364.75,41127
HITECHCORP,20210506,145.5,162.5,144.05,153.95,158156
HITECHGEAR,20210506,183.55,186.5,181.05,183.55,15687
HLEGLAS,20210506,2978,2978.7,2804.65,2804.65,5217
HLVLTD,20210506,6.1,6.15,5.9,5.95,74592
HMVL,20210506,61.95,63.05,61,62.7,25443
HNDFDS,20210506,2248,2268.7,2118.05,2145.15,15790
HNGSNGBEES,20210506,375,375.1,360,360.85,7405
HOMEFIRST,20210506,535,539,515.15,521.25,182358
HONAUT,20210506,42500,42500,41855.55,42214.1,2581
HONDAPOWER,20210506,1000,1000,980,986.5,6950
HOTELRUGBY,20210506,0.95,0.95,0.95,0.95,200
HOVS,20210506,47.7,48.75,44.75,48.75,16938
HPL,20210506,48.25,48.5,46.5,46.8,146779
HSCL,20210506,46.5,46.6,45.6,45.75,4147042
HSIL,20210506,157,166.5,156.65,159.75,864914
HTMEDIA,20210506,21.35,21.35,20.85,21.1,148949
HUBTOWN,20210506,16.45,16.45,15.45,15.45,25840
HUDCO,20210506,43.4,43.6,42.6,42.75,782538
HUHTAMAKI,20210506,286.75,287.95,280.85,285,53986
IBMFNIFTY,20210506,146.95,149.82,146.01,147.06,233
IBREALEST,20210506,78.2,78.5,75.85,76.8,3072589
IBULHSGFIN,20210506,181.2,181.4,174.65,176.6,7682028
ICEMAKE,20210506,70.4,70.9,69.05,70.65,6365
ICICI500,20210506,206.99,206.99,201,204.25,40680
ICICIALPLV,20210506,146.8,147,145.41,146.88,969
ICICIB22,20210506,36.1,36.2,35.71,36.08,295841
ICICIBANK,20210506,602.8,610.85,599.25,608.2,16949763
ICICIBANKN,20210506,330,330,324.05,325.54,2906
ICICIBANKP,20210506,173,173.38,171.41,172.53,3130
ICICIGI,20210506,1456.4,1481.9,1450,1453.75,286586
ICICIGOLD,20210506,42.3,42.3,41.57,41.8,151430
ICICILIQ,20210506,999.99,1000,999.99,1000,24634
ICICILOVOL,20210506,120.23,120.23,116.8,119.34,119931
ICICIM150,20210506,94.47,94.47,91.96,93.43,6562
ICICIMCAP,20210506,85.67,85.67,84.31,84.77,1666
ICICINF100,20210506,161.9,161.9,159.02,160.33,2741
ICICINIFTY,20210506,165.3,165.3,153,156.55,249785
ICICINV20,20210506,79,79.25,78,78.94,15504
ICICINXT50,20210506,36.78,36.78,35.63,36.19,55430
ICICIPRULI,20210506,560,570,554,564.55,5263339
ICICISENSX,20210506,524,529.96,517.02,524.38,2423
ICICITECH,20210506,257.2,265,257.2,264.19,11734
ICIL,20210506,140.75,142.6,138.5,139.3,256447
ICRA,20210506,3415,3629,3312.55,3388.85,40390
IDBI,20210506,41.3,43.5,40.15,40.55,119271336
IDBIGOLD,20210506,4375,4385,4317.05,4317.55,60
IDEA,20210506,8.4,8.45,8.25,8.3,60140244
IDFC,20210506,52.7,53,51.5,52.6,4839626
IDFCFIRSTB,20210506,56.6,57.1,55.8,56.85,24639694
IDFNIFTYET,20210506,156.4,156.4,151,154.05,215
IEX,20210506,389,405.9,385,395,4120093
IFBAGRO,20210506,416.05,423.8,415.25,416.65,4136
IFBIND,20210506,963.95,973.1,930.05,945.4,85828
IFCI,20210506,11,11.2,10.9,10.95,1325143
IFGLEXPOR,20210506,384.85,389.8,374.1,379.65,41473
IGARASHI,20210506,375.5,446.55,375.5,446.55,1809489
IGL,20210506,514.15,522,507.7,519.85,1430439
IGPL,20210506,467.05,473.95,445,452.75,41939
IIFL,20210506,255.95,264.45,253,264.45,221581
IIFLSEC,20210506,57.5,64,55.1,61.7,8380647
IIFLWAM,20210506,1182,1214.35,1145.95,1165.4,15930
IITL,20210506,57.85,59.5,55.5,57.85,5037
IMAGICAA,20210506,5.35,5.5,5.25,5.5,53892
IMFA,20210506,453,460,436,441.9,75680
IMPAL,20210506,665.95,666,640,653.25,2632
IMPEXFERRO,20210506,0.9,0.9,0.9,0.9,500
INDBANK,20210506,13.75,13.75,13.45,13.55,40910
INDHOTEL,20210506,112.95,113.5,111.3,112.6,1085803
INDIACEM,20210506,166,167.25,163.55,164.45,1028420
INDIAGLYCO,20210506,511.9,517.8,489.8,493.8,262719
INDIAMART,20210506,7560,7749.4,7476.85,7687.05,159389
INDIANB,20210506,114.8,116,112.55,113.85,2039749
INDIANCARD,20210506,132,132.55,128.9,131.25,533
INDIANHUME,20210506,176,176.95,173.55,174.5,16926
INDIGO,20210506,1637.8,1683,1637.8,1662.95,646315
INDIGOPNTS,20210506,2295,2313,2289.7,2295.05,14398
INDLMETER,20210506,14.9,15,14.4,14.85,16118
INDNIPPON,20210506,366.65,366.65,357.05,361.6,7861
INDOCO,20210506,349,377.7,331.75,358.45,1852058
INDORAMA,20210506,43.05,44,41.5,41.7,114625
INDOSTAR,20210506,305.95,306.95,300.75,302.75,10303
INDOTECH,20210506,98.9,98.9,93,95.05,18936
INDOTHAI,20210506,51.05,54.05,51.05,54.05,1342
INDOWIND,20210506,3.95,3.95,3.9,3.95,34454
INDRAMEDCO,20210506,85,95.75,80,90,16338353
INDSWFTLAB,20210506,80.1,81.1,78.25,78.85,131170
INDTERRAIN,20210506,27.55,27.7,26.55,26.95,249436
INDUSINDBK,20210506,937.45,938.65,920,924.95,3705397
INDUSTOWER,20210506,255,259.85,253,259.3,2517332
INEOSSTYRO,20210506,1175,1265.95,1175,1234.55,193693
INFIBEAM,20210506,38,39.2,36.7,38.4,1204574
INFOBEAN,20210506,200.15,205,195.3,204.4,26820
INFOMEDIA,20210506,3.85,4,3.7,3.85,4970
INFRABEES,20210506,424.1,424.45,419.48,423.63,796
INFY,20210506,1345,1364.7,1337.4,1361.6,4810090
INGERRAND,20210506,738,743.75,735.1,739,18576
INOXLEISUR,20210506,268.2,274.9,264.55,272.75,290210
INOXWIND,20210506,76.9,76.9,73.6,74.75,155801
INSECTICID,20210506,512.2,519.8,509.2,517.75,83867
INSPIRISYS,20210506,48.5,49.8,47.35,49.4,27043
INTELLECT,20210506,703,806.9,695.1,794.15,2382352
INTENTECH,20210506,42.85,44.45,42.85,43.8,49018
INVENTURE,20210506,24.4,25.7,23.55,25.15,135562
IOB,20210506,16,16.3,15.75,15.8,7357689
IOC,20210506,92.85,93.15,92,92.6,14722752
IOLCP,20210506,606.4,661.5,602.2,649.5,4782204
IPCALAB,20210506,2112.9,2129.35,2061.85,2095.85,108457
IRB,20210506,103.8,104.4,102.8,103.2,565342
IRCON,20210506,88.1,88.8,87.75,88.1,602521
IRCTC,20210506,1735.5,1744,1716.05,1725.2,477236
IRFC,20210506,21.1,21.15,21,21.1,7525053
IRISDOREME,20210506,124.95,127.45,110.65,116.9,177971
ISEC,20210506,470,490,468.85,486.5,1593518
ISFT,20210506,83.45,86,83.15,84.75,11126
ISGEC,20210506,572.75,572.75,555.85,560.6,54294
ISMTLTD,20210506,14.3,14.3,14.3,14.3,75051
ITC,20210506,202.3,205.95,202.1,202.75,14320889
ITDC,20210506,334,337.45,329.4,334.05,22142
ITDCEM,20210506,72.45,72.8,70.8,71.2,271111
ITI,20210506,112,116.6,111.55,115.35,1082914
IVC,20210506,4.85,4.9,4.8,4.8,95419
IVP,20210506,118.95,119.65,112.95,114.4,4086
IVZINGOLD,20210506,4284,4284,4232,4277.9,32
IVZINNIFTY,20210506,1584.4,1584.4,1584.4,1584.4,27
IZMO,20210506,81.8,82.75,80,82.75,96821
J&KBANK,20210506,25,25.6,24.4,24.8,4826935
JAGRAN,20210506,57.05,57.1,54.5,54.8,425664
JAGSNPHARM,20210506,97.75,98.4,96,96.5,86407
JAIBALAJI,20210506,49.5,50,49.4,49.4,28384
JAICORPLTD,20210506,88,88.7,86.6,86.95,439629
JAMNAAUTO,20210506,70,72.4,69.3,70.95,1234312
JASH,20210506,398,398,386,391.65,8917
JAYAGROGN,20210506,171.1,178.75,167.85,175.45,97642
JAYBARMARU,20210506,304.8,309.95,291.5,293.1,55559
JAYNECOIND,20210506,15.6,16,15.55,15.95,799652
JAYSREETEA,20210506,91,91.15,86.25,87.2,350926
JBCHEPHARM,20210506,1430,1494,1423,1455.2,329351
JBFIND,20210506,16.25,16.95,15.65,16.2,175240
JBMA,20210506,410.55,414.65,399.5,405.95,29678
JCHAC,20210506,2300,2346.7,2270,2273.85,14569
JHS,20210506,19.9,20,19.4,19.55,43818
JIKIND,20210506,0.55,0.6,0.5,0.55,27957
JINDALPHOT,20210506,52.65,56.35,52.65,52.85,7902
JINDALPOLY,20210506,822.4,828.3,790,828.3,263547
JINDALSAW,20210506,89.55,89.95,85.3,86.05,3342620
JINDALSTEL,20210506,441,462.1,439,458.9,16058047
JINDRILL,20210506,99.1,101,94.3,95.45,170636
JINDWORLD,20210506,46.25,51.8,46,50.6,269860
JISLDVREQS,20210506,12.35,12.75,12.35,12.7,16300
JISLJALEQS,20210506,19.1,19.1,18.45,18.7,972064
JITFINFRA,20210506,8.6,9.45,8.6,9.45,9701
JIYAECO,20210506,5,5,4.7,4.9,16744
JKCEMENT,20210506,2775.2,2790,2749,2778.35,60978
JKIL,20210506,177.7,177.9,173,174.6,60852
JKLAKSHMI,20210506,416.6,418.3,406.5,407.55,154754
JKPAPER,20210506,142.65,145.25,141.35,144.25,611874
JKTYRE,20210506,117.75,119.7,114.25,115.8,911271
JMA,20210506,45,49.25,44.1,46.3,398550
JMCPROJECT,20210506,88.35,96.8,88.05,92.85,1729311
JMFINANCIL,20210506,81.7,84.9,80.6,82.4,4205545
JMTAUTOLTD,20210506,2.45,2.5,2.4,2.45,151054
JOCIL,20210506,174.95,176.4,170.7,172.2,63023
JPASSOCIAT,20210506,7.05,7.1,6.9,7,3396075
JPINFRATEC,20210506,1.45,1.5,1.4,1.45,2025280
JPPOWER,20210506,3.05,3.05,2.95,3,9286711
JSL,20210506,92.4,93.2,90,90.35,1347001
JSLHISAR,20210506,165.95,168.85,162.95,164.2,373228
JSWENERGY,20210506,120,120.5,115,116.5,8918722
JSWHL,20210506,4016.35,4060.75,3959.65,4018.4,962
JSWISPL,20210506,55.65,55.65,55.65,55.65,1336128
JSWSTEEL,20210506,721.3,742,718,729.8,18365325
JTEKTINDIA,20210506,81.05,84,81.05,82.3,131009
JUBLFOOD,20210506,2811.5,2834.8,2782.3,2827.75,268758
JUBLINDS,20210506,317.3,335,302,331.95,177893
JUBLINGREA,20210506,420.95,429.9,412.1,418.35,593610
JUBLPHARMA,20210506,840,847.6,821.8,838.3,314793
JUMPNET,20210506,7,7.15,6.65,6.65,3497554
JUNIORBEES,20210506,377.45,377.45,361.05,372.79,63124
JUSTDIAL,20210506,823,840.4,821,825.3,874506
JYOTHYLAB,20210506,142.35,143.85,142.1,143.05,206108
KABRAEXTRU,20210506,169.35,170.25,162.85,163.85,44007
KAJARIACER,20210506,925.35,925.4,905,908.25,78949
KAKATCEM,20210506,235.7,240.7,225.05,235.5,75323
KALPATPOWR,20210506,351.9,369,351.9,354,574531
KALYANIFRG,20210506,185,191.9,185,191.9,771
KALYANKJIL,20210506,58.45,58.8,56.6,56.7,2238052
KAMATHOTEL,20210506,29.15,29.7,29.15,29.4,12784
KAMDHENU,20210506,152.6,154,147.4,148.15,52212
KANANIIND,20210506,4.2,4.25,4,4.15,7192
KANORICHEM,20210506,124,125,121.75,123.7,32150
KANPRPLA,20210506,159.9,166.25,158.45,162.15,81743
KANSAINER,20210506,596.3,596.3,578.55,592.75,150251
KAPSTON,20210506,88.7,94,88.7,89.05,1365
KARDA,20210506,119.45,123.1,116.85,123.1,158495
KARMAENG,20210506,12.9,12.9,12.45,12.65,1293
KARURVYSYA,20210506,54.25,55.2,53.95,54.65,1550434
KAUSHALYA,20210506,1.35,1.35,1.3,1.3,820
KAYA,20210506,266.5,272.35,263.15,264.5,13890
KCP,20210506,105.35,107.05,103,103.7,206252
KCPSUGIND,20210506,23.4,23.7,22.1,22.65,983201
KDDL,20210506,310.6,310.6,300.3,303.15,4418
KEC,20210506,390,391.95,367.8,379.45,835274
KECL,20210506,13,15.6,13,15.3,1149786
KEERTI,20210506,24.45,24.65,24.05,24.45,27019
KEI,20210506,525,533,518.6,522.3,81130
KELLTONTEC,20210506,65.3,65.35,64.35,64.5,136335
KENNAMET,20210506,1030.15,1039.95,1014,1028.25,3663
KERNEX,20210506,41,41,38.1,40.95,7851
KESORAMIND,20210506,73.55,75.25,72.4,72.95,557129
KEYFINSERV,20210506,60.35,60.35,56.1,56.4,5268
KHADIM,20210506,142.3,154.3,140.8,149.75,368298
KHAICHEM,20210506,26.9,26.9,25.5,26,286509
KHANDSE,20210506,13.8,14.25,13.15,13.85,6775
KICL,20210506,1609.95,1635,1603,1627.65,848
KILITCH,20210506,132.4,138.3,132,135.1,151555
KINGFA,20210506,591.45,592.45,581.3,586,2096
KIOCL,20210506,166.7,170.1,163.35,165.3,62212
KIRIINDUS,20210506,446.4,448.3,433.35,435.1,67086
KIRLFER,20210506,226,229.7,222,225.5,586096
KIRLOSBROS,20210506,245.4,245.5,238.1,241.7,32419
KIRLOSENG,20210506,184.5,190.25,180.35,187.2,145299
KIRLOSIND,20210506,1397.2,1397.2,1357.35,1386.5,10282
KITEX,20210506,97.45,98.75,96.9,97.2,115515
KKCL,20210506,872,897.35,872,878.5,1288
KMSUGAR,20210506,18.9,18.9,17.4,17.95,980684
KNRCON,20210506,199,201.8,198.2,199.9,240759
KOKUYOCMLN,20210506,56.4,56.85,55.35,56.15,100419
KOLTEPATIL,20210506,210.35,213.7,208,209.2,93535
KOPRAN,20210506,190.1,202,190,196.55,1344644
KOTAKBANK,20210506,1781.7,1793.7,1763.2,1788.25,2380255
KOTAKBKETF,20210506,331.46,331.47,328,330.02,48509
KOTAKGOLD,20210506,410.1,411.5,409.25,410.45,26020
KOTAKIT,20210506,26.03,26.52,25.55,26.4,3749
KOTAKNIFTY,20210506,153.89,154.17,153,154.01,9081
KOTAKNV20,20210506,80.19,80.5,79.05,80.43,7806
KOTAKPSUBK,20210506,212.98,212.98,206.1,208.87,16143
KOTARISUG,20210506,33.6,33.8,30.1,31.35,1715855
KOTHARIPET,20210506,29.9,29.9,28.4,28.5,37922
KOTHARIPRO,20210506,80.15,80.6,70.1,74.65,92621
KPITTECH,20210506,206,210.35,202.05,204.15,1894171
KPRMILL,20210506,1469,1471,1441.05,1451,58773
KRBL,20210506,212,212.65,201,203.3,472126
KREBSBIO,20210506,121,123.9,120.9,121.7,25359
KRIDHANINF,20210506,3.95,3.95,3.75,3.75,63495
KRISHANA,20210506,80.15,89.6,80.15,85,46713
KSB,20210506,879.6,929.9,871,922.2,330657
KSCL,20210506,608.7,614,597,610.45,174862
KSL,20210506,369.8,377.55,365.05,367.05,79416
KTKBANK,20210506,62.95,63.25,62.1,62.5,811866
KUANTUM,20210506,71.5,72.45,68.15,68.55,51316
L&TFH,20210506,86,86.4,84.65,85.1,12174717
LALPATHLAB,20210506,2857,2864.6,2828,2841.45,251678
LAMBODHARA,20210506,59.9,64,58.35,60.4,157065
LAOPALA,20210506,225,228,220.05,222.15,100446
LASA,20210506,78.75,80.8,77.25,78.05,362447
LAURUSLABS,20210506,495.05,496.05,477,481.25,4092809
LAXMIMACH,20210506,6324.95,6325,6151.15,6164.35,1841
LCCINFOTEC,20210506,1.75,1.75,1.75,1.75,95281
LEMONTREE,20210506,35.85,35.95,35,35.55,567749
LFIC,20210506,78.15,80.95,77,77.05,1116
LGBBROSLTD,20210506,290.55,296.7,284.1,286.65,60613
LGBFORGE,20210506,3.8,3.8,3.6,3.65,104196
LIBAS,20210506,45.4,45.45,44,44.9,20847
LIBERTSHOE,20210506,130.05,139.9,121,134.05,499385
LICHSGFIN,20210506,415,416,409.95,412.2,947350
LICNETFGSC,20210506,22.04,22.04,21.83,21.87,2226
LICNETFN50,20210506,176.67,176.67,169.05,173.81,298
LICNETFSEN,20210506,532.95,539,518.5,522,110
LICNFNHGP,20210506,156.95,156.95,153,154.88,33
LIKHITHA,20210506,364.3,389,361.05,370.8,117919
LINCOLN,20210506,295.45,301.5,290.65,295.05,259385
LINCPEN,20210506,150.45,155.65,150.4,154.35,2734
LINDEINDIA,20210506,1822.85,1858.05,1781,1818.6,67918
LIQUIDBEES,20210506,999.99,1000.87,999,999.99,807385
LIQUIDETF,20210506,1000.01,1000.01,999.99,1000,21315
LODHA,20210506,606,612.25,595.55,601.95,140792
LOKESHMACH,20210506,46.5,46.5,43.55,46.15,16954
LOTUSEYE,20210506,46,46,42.6,43.1,9953
LOVABLE,20210506,89.3,91,88.1,88.9,26355
LPDC,20210506,2.1,2.1,1.9,1.95,30099
LSIL,20210506,1.65,1.65,1.65,1.65,656020
LT,20210506,1344,1356.55,1335.75,1339.9,2333882
LTI,20210506,3905,3905,3794.95,3812.35,517358
LTTS,20210506,2588,2592,2485,2549.15,612140
LUMAXIND,20210506,1521.7,1544.85,1515,1528.9,1926
LUMAXTECH,20210506,139.35,140.4,137.1,138.2,36278
LUPIN,20210506,1209.9,1219.2,1170.5,1198.3,9044946
LUXIND,20210506,1920,1945,1913.45,1941,34631
LXCHEM,20210506,224.9,226,219.1,220.65,1393465
LYKALABS,20210506,41.1,41.1,41.1,41.1,45767
LYPSAGEMS,20210506,4.2,4.2,3.95,4,22433
M&M,20210506,751.5,759.5,746.15,747.4,3662506
M&MFIN,20210506,155,157.3,153.65,155.65,7336488
M100,20210506,26.28,26.28,25.5,25.69,46184
M50,20210506,147,147,143.41,144.72,1536
MAANALU,20210506,185,190.25,176.1,178.65,76441
MACPOWER,20210506,88.85,88.85,82,83.05,4302
MADHAV,20210506,50.55,50.6,48.95,49.15,7610
MADHUCON,20210506,4.85,4.9,4.7,4.85,21179
MADRASFERT,20210506,26.75,27.9,26.2,27.9,401185
MAESGETF,20210506,25.68,25.68,24.9,25.15,63495
MAGADSUGAR,20210506,168,170,154.1,163.5,133810
MAGMA,20210506,135.05,135.05,128.9,134.95,16350271
MAGNUM,20210506,4.45,4.55,4.45,4.55,9813
MAHABANK,20210506,24.25,25.95,24.25,24.6,19579996
MAHAPEXLTD,20210506,65.95,68.1,65,68.1,16372
MAHASTEEL,20210506,90.5,90.55,87.5,88.4,25820
MAHEPC,20210506,146,147.75,142.05,145.45,103131
MAHESHWARI,20210506,103,104.5,100.85,101.95,25078
MAHINDCIE,20210506,175.5,183,174.5,180.7,994340
MAHLIFE,20210506,478,479.2,462.05,467.6,205623
MAHLOG,20210506,528,541,523,536.65,103642
MAHSCOOTER,20210506,3588,3588,3529.95,3537.05,3898
MAHSEAMLES,20210506,299,299.85,286.3,290.75,117568
MAITHANALL,20210506,846,865,805,808.25,271510
MAJESCO,20210506,72.1,72.5,71.8,72,346327
MALUPAPER,20210506,27.35,27.35,26.3,26.65,25586
MAN50ETF,20210506,153.75,153.75,149.55,150.71,25888
MANAKALUCO,20210506,10.7,12.4,10.7,11.2,82080
MANAKCOAT,20210506,16.95,16.95,16.1,16.25,124831
MANAKSIA,20210506,56.15,56.4,53.6,53.8,129455
MANAKSTEEL,20210506,25.25,25.4,24.15,24.5,40764
MANALIPETC,20210506,84.2,86.95,83.15,84,1372102
MANAPPURAM,20210506,150,150.5,147.6,149.35,2561440
MANGALAM,20210506,140.1,143,137.7,138.4,170507
MANGCHEFER,20210506,86.35,91.7,84.65,89.9,4554882
MANGLMCEM,20210506,277.95,281.9,275.5,277.85,41605
MANGTIMBER,20210506,10.5,10.5,10.15,10.35,1262
MANINDS,20210506,92.7,99.5,91.55,97.5,1682911
MANINFRA,20210506,39.4,39.4,38.55,38.8,519195
MANUGRAPH,20210506,11.4,11.4,10.4,10.75,9667
MANXT50,20210506,354.66,355.61,352.33,355.03,4717
MARALOVER,20210506,36.65,37.4,35.75,36.85,48621
MARATHON,20210506,49.2,49.2,47.25,48,23845
MARICO,20210506,457.6,477.4,455.7,475.75,6815727
MARINE,20210506,76.45,76.45,73.4,75.1,125325
MARKSANS,20210506,75.4,75.55,73.25,73.8,6541586
MARUTI,20210506,6590,6709,6575.7,6666.65,520125
MASFIN,20210506,802,824.6,802,817.25,11888
MASKINVEST,20210506,27,27,27,27,34
MASTEK,20210506,1640.2,1925,1630.85,1840.4,967414
MATRIMONY,20210506,961,970,932.4,936.05,14447
MAWANASUG,20210506,50.7,50.7,47.3,48.25,252512
MAXHEALTH,20210506,230,231.7,226.35,228.65,7982132
MAXIND,20210506,66,66.9,65.25,66.8,173351
MAXVIL,20210506,58.45,59,57.5,58.1,57773
MAYURUNIQ,20210506,480,481,458.3,461.05,308120
MAZDA,20210506,471.95,492.2,469.05,473.85,10529
MAZDOCK,20210506,212,212,205.4,208.4,497711
MBAPL,20210506,78.3,81.3,78.25,79.9,1168
MBECL,20210506,7.15,7.2,6.8,6.9,38429
MBLINFRA,20210506,18.3,18.3,17.15,17.25,90435
MCDHOLDING,20210506,37.8,39.7,37.8,39.15,20862
MCDOWELL-N,20210506,545.45,551.8,537.85,543.45,1607023
MCL,20210506,88.7,89.1,85.5,86.2,43774
MCLEODRUSS,20210506,24.9,24.9,23.65,24.15,2970355
MCX,20210506,1489,1489,1465.05,1479.2,90430
MEGASOFT,20210506,12.7,13,12.35,12.35,105650
MEGH,20210506,148.95,149.35,142.7,143.6,1409949
MENONBE,20210506,55.75,58.6,55.3,56.55,45113
MEP,20210506,16.2,16.2,15.6,15.75,59569
MERCATOR,20210506,1,1.05,1,1.05,546237
METROPOLIS,20210506,2338,2389,2330,2340.5,38007
MFSL,20210506,892.9,951.3,891.05,931.45,1282486
MGEL,20210506,47.55,47.55,46.75,46.9,1608
MGL,20210506,1152.95,1158.6,1138.5,1149.1,200518
MHRIL,20210506,209.95,211.95,208,209.4,37871
MIC,20210506,1,1,1,1,318312
MIDHANI,20210506,184.95,197.9,184.6,195.55,3367218
MINDACORP,20210506,103.4,109,101.75,108.4,1726829
MINDAIND,20210506,518,522,512.15,515.3,305808
MINDTECK,20210506,52.15,53.45,50.05,51.3,15869
MINDTREE,20210506,2170,2301.2,2146,2248.35,2728483
MIRCELECTR,20210506,16.05,16.05,16.05,16.05,3077442
MIRZAINT,20210506,46.4,49.8,45.75,47.5,1350044
MITTAL,20210506,10.35,10.35,9.95,10,16730
MMFL,20210506,484.05,484.05,470,472.05,2492
MMP,20210506,90.1,101.5,89.35,93.75,153857
MMTC,20210506,42.9,43.7,42.3,42.65,4448936
MODIRUBBER,20210506,75.5,81.95,75.5,76.65,5227
MODISNME,20210506,60.5,61.35,57.55,58.4,68281
MOHITIND,20210506,7.6,7.6,6.9,7.15,7037
MOHOTAIND,20210506,6.25,6.4,6,6.4,7779
MOIL,20210506,164.9,168.15,162.55,163.45,431230
MOLDTECH,20210506,45.35,48.95,43.3,46.4,74034
MOLDTKPAC,20210506,467.9,469.95,458.05,460.9,22931
MONTECARLO,20210506,236.95,262,236.3,247.7,324146
MORARJEE,20210506,14.6,14.6,13.8,13.95,4564
MOREPENLAB,20210506,58.9,58.9,58.9,58.9,1099756
MOTHERSUMI,20210506,220,225.75,215.9,222.15,18605949
MOTILALOFS,20210506,670,735,668.1,708.25,2278881
MOTOGENFIN,20210506,20.85,20.85,20.1,20.2,820
MPHASIS,20210506,1750,1869.5,1737,1846,1687587
MPSLTD,20210506,631,661,625,642.35,31070
MRF,20210506,78300,79199.95,77756.25,77887.3,17273
MRO-TEK,20210506,22.5,23.75,22.4,22.55,1546
MRPL,20210506,44.1,44.65,43.2,44.15,2879921
MSPL,20210506,13,13,11.9,12,92720
MSTCLTD,20210506,257.4,258,253,255.05,121623
MTARTECH,20210506,923.5,927.6,905,908.4,119867
MTEDUCARE,20210506,6.95,7.2,6.75,6.85,144367
MTNL,20210506,16.95,17.45,16.6,17.05,2052563
MUKANDLTD,20210506,112.8,116,111.25,112.15,110673
MUKTAARTS,20210506,28.3,31.05,28.15,29.5,38506
MUNJALAU,20210506,57.1,61.45,57.1,58.3,2860467
MUNJALSHOW,20210506,138.85,153,137.2,141.8,63853
MURUDCERA,20210506,20.1,20.1,19.75,19.9,37034
MUTHOOTCAP,20210506,378,378,361.7,366.25,26350
MUTHOOTFIN,20210506,1150,1174,1146.4,1170.15,590519
N100,20210506,1009.9,1009.9,985.5,987.74,62877
NACLIND,20210506,40,40.55,39.25,40.25,73077
NAGAFERT,20210506,6.7,6.7,6.6,6.7,249392
NAGREEKCAP,20210506,5.9,5.9,5.9,5.9,720
NAGREEKEXP,20210506,17,18.5,16.95,18.4,20189
NAHARCAP,20210506,104.15,104.15,98.35,101.65,8435
NAHARINDUS,20210506,55.25,55.85,52.35,53.5,30636
NAHARPOLY,20210506,135.85,137.8,132,133.25,103004
NAHARSPING,20210506,114.75,116.1,107,115.15,114590
NAM-INDIA,20210506,341,347.4,337.75,345.55,697298
NATCOPHARM,20210506,940,959,940,944.2,643678
NATHBIOGEN,20210506,337.55,343.9,335,342.65,16460
NATIONALUM,20210506,67,69.75,67,68.55,36206831
NATNLSTEEL,20210506,4.6,4.75,4.4,4.65,16540
NAUKRI,20210506,4879,4879,4722,4758.45,425636
NAVINFLUOR,20210506,3506.2,3641.7,3436.3,3620.25,616970
NAVKARCORP,20210506,34.5,35.3,34.25,34.6,507836
NAVNETEDUL,20210506,74.8,76.05,74.25,75,136222
NAZARA,20210506,1798,1813.25,1758,1771.95,139763
NBCC,20210506,45,45.45,44.3,44.75,9110031
NBVENTURES,20210506,84.05,84.85,82.05,83.25,535934
NCC,20210506,74.75,76.05,73.3,74.15,2047364
NCLIND,20210506,184.9,185.55,180.15,181.45,131789
NCPSESDL24,20210506,104.15,104.19,104.1,104.19,526
NDGL,20210506,794.05,826.6,794.05,809.35,57
NDL,20210506,32.3,38.15,31.75,37.9,543826
NDRAUTO,20210506,189.95,191.05,188.05,189.5,2182
NDTV,20210506,71,72.75,65.85,66.7,257752
NECCLTD,20210506,8.75,8.75,8.25,8.35,18261
NECLIFE,20210506,26.25,26.45,25.6,25.85,877243
NELCAST,20210506,70.15,72.8,68.7,70.8,288941
NELCO,20210506,203,205.5,199.05,199.55,76703
NEOGEN,20210506,872.8,914.5,842,902.9,187398
NESCO,20210506,493.15,495,488.55,491.95,26588
NESTLEIND,20210506,16525.05,16769.8,16525.05,16717.6,70319
NETF,20210506,178.45,178.45,178.45,178.45,77
NETFCONSUM,20210506,64.3,64.48,62.66,64.08,4426
NETFDIVOPP,20210506,37.39,37.57,36.51,37.56,1592
NETFGILT5Y,20210506,48.19,48.25,48.19,48.23,5466
NETFIT,20210506,26.11,26.55,25.85,26.44,717227
NETFLTGILT,20210506,22.43,22.5,22.37,22.46,17456
NETFMID150,20210506,93.11,93.94,92.19,93.9,95205
NETFNIF100,20210506,155.49,155.49,151.63,153.64,777
NETFNV20,20210506,81.2,81.9,80.38,81.05,2828
NETFSDL26,20210506,102.55,102.8,102.55,102.73,5303
NETWORK18,20210506,38.9,41.2,38.35,40.6,2620234
NEULANDLAB,20210506,2635.7,2645,2580.25,2622.25,32195
NEWGEN,20210506,332,350,326.4,339.2,448198
NEXTMEDIA,20210506,4.3,4.3,4.05,4.3,18600
NFL,20210506,59.9,64.45,59,62.6,10004516
NH,20210506,411.15,413.95,398,405.1,266783
NHPC,20210506,24.5,24.5,24.2,24.3,1679686
NIACL,20210506,155,155.5,151.55,152.55,311601
NIBL,20210506,23,23.35,22.25,23.2,25857
NIFTYBEES,20210506,163.5,163.5,156.2,157.54,1048532
NIITLTD,20210506,166.95,175.4,163.3,173.5,1093539
NILAINFRA,20210506,4.35,4.35,4.2,4.2,96707
NILASPACES,20210506,1.35,1.35,1.3,1.3,139161
NILKAMAL,20210506,2001.15,2089.5,1975,2037.35,40565
NIPPOBATRY,20210506,757.35,835,744.95,828.7,14197
NIRAJ,20210506,39.8,40.85,39.5,40,10690
NITCO,20210506,20.35,20.35,19.55,19.9,35369
NITINSPIN,20210506,100.8,104.75,97,98.5,2750399
NITIRAJ,20210506,42.3,42.35,39.05,40.95,85
NKIND,20210506,26.75,26.75,26.75,26.75,205
NLCINDIA,20210506,48.65,49.9,48.3,49.45,1046440
NMDC,20210506,169.75,171.95,167.5,170.4,15314889
NOCIL,20210506,195.55,196.9,187.5,189.95,918152
NOIDATOLL,20210506,6,6,5.8,5.85,40035
NOVARTIND,20210506,646,668,644.1,648.5,19181
NPBET,20210506,175.69,175.69,170.07,174.45,1489
NRAIL,20210506,223.9,226,211.25,214.1,42204
NRBBEARING,20210506,106.6,107.5,105.9,106.3,93130
NSIL,20210506,1506.95,1531.05,1480,1504.85,290
NTL,20210506,0.75,0.75,0.75,0.75,36
NTPC,20210506,105,105.1,102.65,103.05,13547274
NUCLEUS,20210506,523,565,518.8,542.65,205198
NURECA,20210506,1400,1400,1400,1400,12212
NXTDIGITAL,20210506,460,473.15,455.05,459.95,2524
OAL,20210506,915,933.95,887.2,898.45,33053
OBEROIRLTY,20210506,550.25,557,542.55,545.05,382217
OCCL,20210506,923.4,927.1,908.05,912.55,6014
OFSS,20210506,3564,3595,3474,3487.45,189190
OIL,20210506,122.3,123.35,120.65,121.75,574102
OLECTRA,20210506,188.5,190,179,180.1,266123
OMAXAUTO,20210506,40.3,41.4,40.05,40.85,30942
OMAXE,20210506,69.1,69.45,67.35,68.9,182536
OMINFRAL,20210506,19.9,20.4,19.35,20.05,87110
ONELIFECAP,20210506,7.35,7.35,6.8,6.8,1907
ONEPOINT,20210506,16.9,16.9,15.9,15.9,5844
ONGC,20210506,112.3,112.85,109.45,110.25,26083818
ONMOBILE,20210506,105,108.7,102.6,104.1,683360
ONWARDTEC,20210506,115.5,126.7,113.75,124.9,326353
OPTIEMUS,20210506,150,151.9,147,151.9,117206
OPTOCIRCUI,20210506,4.8,4.8,4.4,4.75,1158692
ORBTEXP,20210506,58.95,59,57.45,58.65,5680
ORCHPHARMA,20210506,1600,1667,1560,1593.2,5963
ORICONENT,20210506,22.8,23.45,22.8,23.3,70601
ORIENTABRA,20210506,25.8,25.8,25.1,25.45,156711
ORIENTALTL,20210506,7.7,7.9,6.2,7.15,73283
ORIENTBELL,20210506,227.65,233.7,222.6,225.85,37672
ORIENTCEM,20210506,113,118,111.25,114.75,1992950
ORIENTELEC,20210506,273.1,278.25,272.05,275.75,252077
ORIENTHOT,20210506,25.4,25.4,24.05,24.4,32633
ORIENTLTD,20210506,73.65,79.45,73.4,77.45,1569
ORIENTPPR,20210506,25.9,25.9,24.85,25.1,1090593
ORIENTREF,20210506,321.55,324.5,309.85,314.2,305271
ORISSAMINE,20210506,2399,2420,2362.05,2369.15,12310
ORTINLAB,20210506,28.45,28.45,27.6,28.05,27287
OSWALAGRO,20210506,10.2,10.2,8.95,9.45,509586
PAGEIND,20210506,29690,29777,29411,29547,13088
PAISALO,20210506,618.4,626,612.05,619,23208
PALASHSECU,20210506,56.7,58.6,56.25,58,4436
PALREDTEC,20210506,139.85,140,132.15,134.5,20318
PANACEABIO,20210506,322,335.9,322,335.9,921018
PANACHE,20210506,58.5,62.95,57.3,62.95,114166
PANAMAPET,20210506,184.4,186.3,178.3,180.15,81841
PARACABLES,20210506,9.05,9.4,8.8,9.2,338394
PARAGMILK,20210506,137.5,143.8,132.2,138.9,6033249
PARSVNATH,20210506,7.8,7.8,7.55,7.6,52435
PATELENG,20210506,12.45,12.7,12.4,12.6,184666
PATINTLOG,20210506,19,19.15,18.3,18.7,32738
PATSPINLTD,20210506,4.65,4.75,4.4,4.65,8755
PCJEWELLER,20210506,23.2,23.45,23,23.05,439788
PDMJEPAPER,20210506,23.95,24.2,23.15,23.5,100222
PDSMFL,20210506,689.9,693.95,683,690.45,665
PEARLPOLY,20210506,15.85,15.95,15.65,15.8,538
PEL,20210506,1727.95,1730,1685,1700.1,565645
PENIND,20210506,19.8,19.8,18.8,19.4,563948
PENINLAND,20210506,7.1,7.15,6.8,7.1,167239
PERSISTENT,20210506,2250,2263.5,2182.2,2201.3,224852
PETRONET,20210506,244,245.9,241.75,243.65,2826124
PFC,20210506,109.8,110.45,108.6,108.85,5237830
PFIZER,20210506,5392,5690,5265.1,5326.65,194982
PFOCUS,20210506,63.7,67,63.7,66.45,28806
PFS,20210506,18.2,18.5,17.75,17.85,585847
PGEL,20210506,355,355.05,355,355.05,10043
PGHH,20210506,13600,13707.6,13400,13425.8,5910
PGHL,20210506,6314.2,6367.4,6268.9,6277.15,6067
PGIL,20210506,184.85,184.85,175.1,178.25,2767
PHILIPCARB,20210506,205,205.4,202.15,203.25,583033
PHOENIXLTD,20210506,757.95,774.95,745,757.65,86487
PIDILITIND,20210506,1816,1827.6,1795.15,1799.95,226013
PIIND,20210506,2707,2709.2,2607.25,2664.1,424676
PILANIINVS,20210506,1689.95,1689.95,1675.8,1681.85,58145
PILITA,20210506,14.1,14.3,13.3,13.4,148100
PIONDIST,20210506,109.9,109.95,105.3,108,12301
PIONEEREMB,20210506,46.45,48.5,45.1,46.8,160846
PITTIENG,20210506,66.1,66.7,65.15,65.75,202325
PKTEA,20210506,231.2,231.25,222.05,228.7,770
PLASTIBLEN,20210506,242.35,254.55,236.05,253.15,44307
PNB,20210506,37.5,37.75,36.2,36.4,114302420
PNBGILTS,20210506,53.25,53.4,52.5,52.85,250332
PNBHOUSING,20210506,365.5,370.75,360.05,364,122257
PNC,20210506,38.6,42.6,38.6,42.5,240743
PNCINFRA,20210506,224.35,225.05,217.2,218.95,417456
PODDARHOUS,20210506,168.05,168.8,163,167,606
PODDARMENT,20210506,210.35,217.05,210.3,215,9786
POKARNA,20210506,259.95,260,242.35,246.1,121610
POLYCAB,20210506,1441,1489.8,1430,1477.65,215540
POLYMED,20210506,980.75,1024.9,980.75,1018.75,132618
POLYPLEX,20210506,1165.1,1177,1132.25,1154.4,195066
PONNIERODE,20210506,192.9,197.7,184.4,186.2,29153
POWERGRID,20210506,218.45,219.4,213.6,215.4,10588285
POWERINDIA,20210506,1701.1,1800,1675.6,1721.5,65681
POWERMECH,20210506,580,582.75,566.3,568.25,8479
PPAP,20210506,209.75,209.95,204,205.15,34554
PPL,20210506,139.3,139.3,133.15,135.45,93048
PRAENG,20210506,8.95,9.4,8.4,8.45,67842
PRAJIND,20210506,255.9,257.1,245.3,248.95,3715404
PRAKASH,20210506,92,92.55,87.1,88.3,2797862
PRAKASHSTL,20210506,1,1,1,1,490834
PRAXIS,20210506,36.3,36.3,33.65,35,6057
PRECAM,20210506,45.55,48,45.55,46.75,422603
PRECOT,20210506,118.2,122.9,116,120.3,7033
PRECWIRE,20210506,194.3,199,192,193.7,19500
PREMEXPLN,20210506,154,158.35,149,157.3,37603
PREMIER,20210506,2.5,2.5,2.3,2.3,49408
PREMIERPOL,20210506,38.2,39.55,36.1,38,8237
PRESSMN,20210506,24.25,24.45,24,24.05,19234
PRESTIGE,20210506,273.9,276.45,270.6,274.1,859716
PRICOLLTD,20210506,84.3,85.7,82.1,82.7,1504278
PRIMESECU,20210506,42.65,42.7,41.8,42.15,8246
PRINCEPIPE,20210506,578,591,568,583.7,411451
PRIVISCL,20210506,1015,1015,983.5,994.4,33603
PROZONINTU,20210506,17.45,17.45,16.7,16.8,96901
PRSMJOHNSN,20210506,133.15,135.65,131,132.55,218780
PSB,20210506,18.95,19.15,18.7,18.95,866887
PSPPROJECT,20210506,414.5,422,412,413.7,11237
PSUBNKBEES,20210506,23.6,24.2,22.9,23.15,1189809
PTC,20210506,83.8,84.15,82.8,83.45,573995
PTL,20210506,38.45,38.45,37.75,37.95,159079
PUNJABCHEM,20210506,1043.95,1048.75,1002.35,1040,32263
PURVA,20210506,70,74,69.8,72.5,115698
PVR,20210506,1122.7,1142.85,1098,1138.05,1024070
QGOLDHALF,20210506,2019.95,2032,2005,2029.4,806
QNIFTY,20210506,1516,1528,1512,1527,63
QUESS,20210506,633,644,630,633.7,744319
QUICKHEAL,20210506,182.3,188.35,181.95,186.1,246356
RADAAN,20210506,0.85,0.85,0.75,0.8,124355
RADICO,20210506,557.85,564,556,560.3,92325
RADIOCITY,20210506,23.05,25.45,22.9,24.7,9655266
RAILTEL,20210506,120.7,120.7,118.4,118.85,588884
RAIN,20210506,180.5,182.45,173.9,175.25,3223783
RAJESHEXPO,20210506,508,510.45,500,502.45,72689
RAJMET,20210506,93,93,91.95,92.7,7293
RAJRATAN,20210506,1080.85,1081,1050,1071.1,12361
RAJSREESUG,20210506,21.55,22.2,20.4,20.65,40746
RAJTV,20210506,36.5,36.65,35,35.3,17241
RALLIS,20210506,296.6,297.8,286.5,289.55,742106
RAMANEWS,20210506,16.1,16.15,15.55,15.65,23711
RAMASTEEL,20210506,81,81,77.25,78.85,5304
RAMCOCEM,20210506,977.45,985.45,966.6,976.85,242685
RAMCOIND,20210506,286.1,288,283,283.75,74816
RAMCOSYS,20210506,518.95,518.95,495.1,504.15,291987
RAMKY,20210506,75.95,77.35,72.45,77.35,88845
RANASUG,20210506,14.1,14.4,13.05,13.85,2289023
RANEENGINE,20210506,269.35,269.75,265.7,268.05,1984
RANEHOLDIN,20210506,589,596,573.05,584.5,22991
RATNAMANI,20210506,1949,1960,1925,1930.55,5150
RAYMOND,20210506,327.1,331.6,326,328.25,335386
RBL,20210506,807.55,819,800.8,805.7,3492
RBLBANK,20210506,184.5,186,181.35,185,10939853
RCF,20210506,77.5,81.25,76.65,79.55,13495410
RCOM,20210506,1.65,1.8,1.55,1.7,50649845
RECLTD,20210506,130.15,131.2,129.65,130.6,2448896
REDINGTON,20210506,181.9,181.95,177.15,180.25,260531
REFEX,20210506,134,136.3,132,132.35,130627
RELAXO,20210506,902,902.75,890.2,894.1,67311
RELCAPITAL,20210506,10.55,11.05,10.4,10.9,1978896
RELIANCE,20210506,1921.85,1935,1906.6,1931,6749281
RELIGARE,20210506,90.85,106.2,88.65,101,11308632
RELINFRA,20210506,47.75,48.45,45.55,46.35,6030364
REMSONSIND,20210506,163,167.15,160,161.9,7670
RENUKA,20210506,12.2,12.2,11.4,11.65,16050131
REPCOHOME,20210506,347.95,347.95,328.15,332.1,148964
REPL,20210506,198.05,203.95,189.75,192.4,31338
REPRO,20210506,348.85,353.7,343.2,349.3,2346
RESPONIND,20210506,158.3,160.45,155.3,155.9,24987
REVATHI,20210506,553.85,574.4,541.75,550.35,2862
RGL,20210506,389.55,389.55,380,381.85,26515
RHFL,20210506,2.6,2.7,2.6,2.7,1198130
RICOAUTO,20210506,41.45,41.55,40.45,40.75,492227
RIIL,20210506,377,379.65,371.9,375.7,66055
RITES,20210506,239.95,240.05,237.7,239.35,1057193
RKDL,20210506,9.35,9.35,8.55,8.95,21763
RKEC,20210506,65,66.5,62.5,63.8,22555
RKFORGE,20210506,574,583.05,567.55,575.75,39904
RMCL,20210506,2.1,2.1,2,2.05,141405
RML,20210506,341.5,345.25,335.75,340.85,15398
ROHITFERRO,20210506,1.85,1.85,1.85,1.85,5556
ROHLTD,20210506,61.9,61.95,60.5,60.9,19378
ROLLT,20210506,3,3,2.85,3,14731
ROLTA,20210506,4.15,4.25,4.1,4.2,579413
ROML,20210506,103,107.95,101.95,102.15,5145
ROSSARI,20210506,1212.45,1234.75,1195,1213.05,81937
ROSSELLIND,20210506,122,123.8,119.1,121.9,28565
ROUTE,20210506,1599.7,1629,1562.45,1602.85,254062
RPGLIFE,20210506,453.45,472.7,450,452.1,168345
RPOWER,20210506,5.1,5.55,5.05,5.5,138623193
RPPINFRA,20210506,64.7,65.85,63.3,64.6,230900
RPSGVENT,20210506,374.6,384,368.65,373.6,50413
RSSOFTWARE,20210506,27.3,29.65,26.7,28.75,99356
RSWM,20210506,207,219.65,205.1,211,148782
RSYSTEMS,20210506,128.85,150.75,128.05,150.75,982660
RTNINDIA,20210506,11.75,12,11,11.2,4861447
RTNPOWER,20210506,2.95,2.95,2.8,2.8,9036198
RUBYMILLS,20210506,183.8,183.85,173.9,177.65,7554
RUCHI,20210506,683,686,674,676.3,20037
RUCHINFRA,20210506,5.7,5.7,5.6,5.65,15716
RUCHIRA,20210506,65.45,65.45,63,63.7,38752
RUPA,20210506,295.6,298,293.5,296.2,28531
RUSHIL,20210506,192,207.45,187.4,203.4,85924
RVHL,20210506,16.8,17.35,16.7,17.05,46799
RVNL,20210506,28.4,29.15,28.15,28.4,4084294
S&SPOWER,20210506,21.2,21.2,19.95,20.9,904
SABEVENTS,20210506,1.5,1.55,1.45,1.45,21515
SADBHAV,20210506,62.5,63.25,61.8,61.95,168881
SADBHIN,20210506,20.15,20.25,19.6,19.7,50874
SAFARI,20210506,608.3,623.45,601,609.1,5123
SAGARDEEP,20210506,38.4,38.4,35.35,37.85,58259
SAGCEM,20210506,744.9,758.95,731.85,744.1,28769
SAIL,20210506,130.4,135,129.35,133.65,97680986
SAKAR,20210506,141.95,144,134,135.45,66427
SAKHTISUG,20210506,14.25,14.6,12.8,13.05,1129921
SAKSOFT,20210506,490.05,540,463.85,529.95,237752
SAKUMA,20210506,5.35,5.35,5.2,5.3,84274
SALASAR,20210506,504.85,510,490.95,508.2,100914
SALONA,20210506,86.45,93,86.4,92.8,1392
SALSTEEL,20210506,4.6,4.75,4.6,4.7,26647
SALZERELEC,20210506,123,123,119.55,120.25,121769
SAMBHAAV,20210506,2.25,2.25,2.25,2.25,108676
SANCO,20210506,8.35,8.55,8.3,8.45,9895
SANDESH,20210506,659.8,727,659.8,720.8,2983
SANDHAR,20210506,188.55,191.65,187.5,188.65,18217
SANGAMIND,20210506,88.95,88.95,88.95,88.95,5286
SANGHIIND,20210506,45.8,48.7,45.1,47.5,4089591
SANGHVIMOV,20210506,126.9,129.75,126,126.65,30855
SANGINITA,20210506,23.25,23.25,22.4,22.5,11114
SANOFI,20210506,7713.05,7740,7650,7704.2,15106
SARDAEN,20210506,591,613.9,580,588.95,280789
SAREGAMA,20210506,1954.95,1955,1920,1928.35,12875
SARLAPOLY,20210506,30.4,30.4,29.05,29.6,237593
SASKEN,20210506,905.05,992.05,901.85,970.55,126233
SASTASUNDR,20210506,161.8,162.75,155.1,156.7,36424
SATIA,20210506,87.35,87.35,84.4,84.9,65868
SATIN,20210506,85,85.8,84,84.4,72445
SBICARD,20210506,970.7,989.7,970,975.45,1399816
SBIETFIT,20210506,255.1,264.87,255.1,263.65,1830
SBIETFPB,20210506,175,176.9,174,174.87,600
SBIETFQLTY,20210506,126,128,124.71,126.34,19541
SBILIFE,20210506,977.3,983.45,961.2,969.4,1800692
SBIN,20210506,358,359.35,350.55,355.55,36294427
SCAPDVR,20210506,2.15,2.15,1.95,2.05,46640
SCHAEFFLER,20210506,5151,5194.85,5002.3,5074.9,12152
SCHAND,20210506,93,97.3,90.05,97.05,218581
SCHNEIDER,20210506,92,94,91.7,93.2,319114
SCI,20210506,117.55,121.9,112.7,115.15,9486085
SDBL,20210506,31.9,31.9,30.6,30.9,76693
SEAMECLTD,20210506,437.7,437.7,417,418.6,6883
SECURKLOUD,20210506,84.1,85,80.15,81.45,32081
SELAN,20210506,132.4,133,128.15,129.1,40538
SEPOWER,20210506,4.1,4.3,4,4.3,38330
SEQUENT,20210506,292.55,294.9,288.25,290,449255
SESHAPAPER,20210506,155.65,179.9,154.85,163.9,250666
SETCO,20210506,17.55,18.6,17.55,18.1,800171
SETF10GILT,20210506,205.49,206,204.3,205.95,74
SETFGOLD,20210506,4186.45,4195,4175.4,4190.65,6366
SETFNIF50,20210506,148.89,149.3,148.29,149.16,63579
SETFNIFBK,20210506,326.49,328.4,324.1,326.42,17718
SETFNN50,20210506,369.99,370,365.08,369.65,16282
SETUINFRA,20210506,0.75,0.75,0.7,0.7,160499
SEYAIND,20210506,53.8,55.65,52.85,55,21432
SFHL-RE,20210506,36.45,36.45,18.6,20.65,325187
SFL,20210506,2026,2042.65,2012,2034,14823
SGL,20210506,8.35,8.5,8.1,8.4,43433
SHAKTIPUMP,20210506,551,551,526,531.7,117432
SHALBY,20210506,134,139,130.65,134.85,1867008
SHALPAINTS,20210506,89.7,89.7,85.8,86.4,106007
SHANKARA,20210506,376.2,382,368,371.35,44111
SHANTIGEAR,20210506,154.7,160,147.05,154,494736
SHARDACROP,20210506,314.85,315.85,306.45,308.55,49468
SHARDAMOTR,20210506,334,338,330.35,336.55,23975
SHAREINDIA,20210506,395.95,395.95,376.2,379.65,85132
SHARIABEES,20210506,366.95,373,360.95,368.2,4611
SHEMAROO,20210506,99.75,99.75,93.8,95.25,71556
SHIL,20210506,286,290,280,287,65817
SHILPAMED,20210506,445,446,430.2,438.45,496767
SHIVAMAUTO,20210506,19.6,19.8,19.2,19.55,94250
SHIVAMILLS,20210506,48.55,48.55,45.2,46.5,3422
SHIVATEX,20210506,156.55,160.15,155.5,160,7627
SHK,20210506,147.45,153.35,145.55,151.95,875022
SHOPERSTOP,20210506,194.55,196.6,193.15,193.95,54497
SHRADHA,20210506,38,39.9,36.15,39.9,496
SHREDIGCEM,20210506,69.5,70.4,68.5,69.6,525947
SHREECEM,20210506,27845,27946.25,27500,27736.2,33337
SHREEPUSHK,20210506,159,164,156.1,161.3,106689
SHREERAMA,20210506,13.65,13.95,13,13.1,654336
SHRENIK,20210506,1.8,1.9,1.8,1.9,2023956
SHREYANIND,20210506,95.75,98,92.1,92.55,63607
SHREYAS,20210506,105,114.9,100.55,106.2,1521538
SHRIPISTON,20210506,790.9,792.05,760.05,770,115
SHRIRAMCIT,20210506,1655,1674.9,1587.7,1616.2,53203
SHRIRAMEPC,20210506,4.2,4.25,4,4.05,378056
SHYAMCENT,20210506,5.7,5.95,5.7,5.85,98326
SICAGEN,20210506,20.3,22,20.3,20.55,31571
SICAL,20210506,11.75,11.75,11.25,11.45,207099
SIEMENS,20210506,1847.5,1868.8,1830.15,1862.8,120413
SIGIND,20210506,30.5,32.5,30.5,32.25,38937
SIL,20210506,17,17.55,17,17.15,9975
SILGO,20210506,53,55.85,50.65,53.35,203180
SILINV,20210506,249,258.8,234,239.95,63620
SILLYMONKS,20210506,20.35,21.35,20.35,20.35,1261
SIMBHALS,20210506,10.95,11.1,10.1,10.2,206006
SIMPLEXINF,20210506,29.8,30.1,29.35,29.65,44813
SINTERCOM,20210506,82,82,75.15,79,3725
SINTEX,20210506,3.5,3.5,3.35,3.4,660570
SIRCA,20210506,349.8,355,341,342.85,16595
SIS,20210506,370.9,373,368.95,371.05,251219
SITINET,20210506,0.8,0.85,0.8,0.85,6917192
SIYSIL,20210506,216.2,217.8,208.95,212.25,99834
SJVN,20210506,25.4,25.5,25.3,25.45,536028
SKFINDIA,20210506,2240.7,2259.6,2211.95,2234.5,27636
SKIL,20210506,2.55,2.6,2.5,2.55,15443
SKIPPER,20210506,55.05,56.65,55.05,56,291296
SKMEGGPROD,20210506,54,54.6,52.7,53.45,54636
SMARTLINK,20210506,86.3,88,85.1,87.65,16050
SMCGLOBAL,20210506,68.7,78.6,68.65,74.8,385171
SMLISUZU,20210506,445.15,477.7,443.95,464.8,69317
SMSLIFE,20210506,602.3,618,590.1,592.1,3591
SMSPHARMA,20210506,159,162,155.2,157.95,247175
SNOWMAN,20210506,50.7,50.7,49.5,49.7,3122940
SOBHA,20210506,487.9,488.9,475.05,477.2,70656
SOLARA,20210506,1628,1684.4,1575,1648.75,482090
SOLARINDS,20210506,1234.25,1259.65,1220,1236,18366
SOMANYCERA,20210506,423.65,425,410,415.9,134386
SOMATEX,20210506,5.3,5.7,5.3,5.35,15744
SOMICONVEY,20210506,47.95,47.95,47.95,47.95,4434
SONATSOFTW,20210506,580.9,605,576.1,595.05,322141
SORILINFRA,20210506,125.8,125.8,120.05,122.6,32665
SOTL,20210506,1030,1072,1025,1040.9,16364
SOUTHBANK,20210506,8.25,8.25,8,8.05,5117066
SOUTHWEST,20210506,38.4,38.4,36,36.25,17896
SPAL,20210506,177.4,181.9,172.25,176.15,136136
SPANDANA,20210506,600,611,595.05,596.7,36430
SPARC,20210506,186.65,188.3,180.25,181.55,1703137
SPECIALITY,20210506,40.6,41.4,39.6,40.45,86004
SPENCERS,20210506,69.9,70.4,69,69.15,191793
SPIC,20210506,36.35,37.1,35,36,2349526
SPICEJET,20210506,63.15,63.5,62.25,62.75,1205597
SPLIL,20210506,36.55,36.6,35.1,35.75,22496
SPMLINFRA,20210506,9.9,9.9,9.6,9.65,12012
SPTL,20210506,3.15,3.2,3.15,3.15,712864
SPYL,20210506,0.4,0.5,0.4,0.5,1454703
SREEL,20210506,138.8,145.4,138.6,141.1,27579
SREINFRA,20210506,6.85,7.1,6.85,6.95,1083861
SRF,20210506,6900,6988,6709.25,6863.15,362719
SRHHYPOLTD,20210506,299.7,305.2,295.3,299.55,28466
SRIPIPES,20210506,193,195.4,190,190.6,79521
SRPL,20210506,28.8,28.8,27.75,27.75,176
SRTRANSFIN,20210506,1296,1317,1273,1311.4,2363334
SSWL,20210506,791.9,812,784,793.45,108465
STAR,20210506,861,881.2,848.4,853.05,734367
STARCEMENT,20210506,101.5,102,99.8,100.2,150435
STARPAPER,20210506,128.4,128.5,123.45,125.1,104993
STCINDIA,20210506,82.15,84.5,81.05,81.55,20251
STEELCITY,20210506,39.7,40,37.3,39,30416
STEELXIND,20210506,63.65,63.65,61.2,63,51514
STEL,20210506,79.75,80.75,78.55,79.1,5430
STERTOOLS,20210506,192.3,193,188.2,190,6230
STLTECH,20210506,226.7,230.5,222,223.9,273477
STOVEKRAFT,20210506,496,496,475,479.75,111870
SUBCAPCITY,20210506,16,16.5,16,16.5,52
SUBEXLTD,20210506,54.15,61.8,52.15,60.3,63207319
SUBROS,20210506,302.05,305.2,300.05,302.6,14608
SUDARSCHEM,20210506,641.65,665.15,631.2,634.35,328553
SUMEETINDS,20210506,4.25,4.4,4.25,4.3,26794
SUMICHEM,20210506,301,302,297.05,298.35,128458
SUMIT,20210506,10.2,10.8,10.15,10.3,20095
SUMMITSEC,20210506,522.1,525,515,520.8,545
SUNCLAYLTD,20210506,3142,3155,3028.1,3116.3,38168
SUNDARAM,20210506,1.2,1.2,1.15,1.2,121476
SUNDARMFIN,20210506,2486.2,2494.2,2440,2451.7,4139
SUNDARMHLD,20210506,76.25,77,74.05,74.45,124843
SUNDRMBRAK,20210506,339.2,339.2,326,330.65,1358
SUNDRMFAST,20210506,732.3,767.4,722.8,725.55,530212
SUNFLAG,20210506,77.85,80.8,77.25,78.8,1312054
SUNPHARMA,20210506,689.85,696.7,673.35,679.4,11153908
SUNTECK,20210506,258.8,258.8,250.05,251,254877
SUNTV,20210506,502,508,487,490.35,2434682
SUPERHOUSE,20210506,126.65,134.95,126.5,128.95,107767
SUPERSPIN,20210506,6.5,6.5,6.5,6.5,52411
SUPPETRO,20210506,703,730,702,714.25,231589
SUPRAJIT,20210506,255,257.25,244.65,248.55,142261
SUPREMEENG,20210506,22.9,22.9,20.9,22.25,17939
SUPREMEIND,20210506,2188,2223,2151.3,2177.55,282391
SURANASOL,20210506,9.35,9.55,9.25,9.45,81738
SURANAT&P,20210506,4.25,4.3,4.1,4.2,14925
SURYALAXMI,20210506,32.6,32.6,32.6,32.6,8556
SURYAROSNI,20210506,457.7,466.4,444.15,461.45,246363
SURYODAY,20210506,248.4,248.4,240.6,241.35,92834
SUTLEJTEX,20210506,43.7,50.3,43.7,49.95,1628612
SUULD,20210506,294.5,296.35,283.8,296.35,28950
SUVEN,20210506,98,101.55,96.15,99.5,1601746
SUVENPHAR,20210506,550,550,534.75,542.15,372438
SUVIDHAA,20210506,27.75,27.75,27.75,27.75,24181
SUZLON,20210506,5.1,5.1,4.95,5,9689085
SWANENERGY,20210506,130.3,131.6,129.55,130.25,130451
SWARAJENG,20210506,1555,1568.95,1510.9,1544.7,65123
SWELECTES,20210506,238,243.5,221.25,226.25,41887
SWSOLAR,20210506,312.5,313,303.25,307.7,390628
SYMPHONY,20210506,1144,1144,1090.1,1098.3,262290
SYNGENE,20210506,570.8,593.7,555,588.05,1006259
TAINWALCHM,20210506,68,80.3,66.75,80.3,713803
TAJGVK,20210506,110.55,110.55,108.75,109.55,32701
TAKE,20210506,57.25,59.3,55.6,57,6083893
TALBROAUTO,20210506,212.9,213.35,202.6,205.8,42799
TANLA,20210506,879.75,908.25,865.15,885.35,263601
TARAPUR,20210506,3.4,3.4,3.2,3.4,9294
TARC,20210506,27.9,28.5,26.85,27.1,313895
TARMAT,20210506,49.2,49.25,47.65,48,8543
TASTYBITE,20210506,15799,15799,14766.75,15161.35,3395
TATACHEM,20210506,700,703.95,670.55,676.5,9338596
TATACOFFEE,20210506,145,149.95,143.75,148.55,7699197
TATACOMM,20210506,1088,1122,1086.65,1104.15,484824
TATACONSUM,20210506,652,654.95,638.15,653.1,4000163
TATAELXSI,20210506,3890,3890.3,3567.85,3755.65,398599
TATAINVEST,20210506,1048,1064.55,1034.35,1054.15,26753
TATAMETALI,20210506,1173.9,1216,1121,1162.4,789362
TATAMOTORS,20210506,291.5,302,290.3,301.25,45032502
TATAMTRDVR,20210506,126,132.4,123.5,131.45,2155699
TATAPOWER,20210506,102.55,104.65,101.6,102.9,35150275
TATASTEEL,20210506,1055,1129,1042.5,1100.9,46434537
TATASTLBSL,20210506,90,95.9,85.65,87.25,40505427
TATASTLLP,20210506,989.6,1020.5,951,986.65,492861
TBZ,20210506,64,65.45,62.8,63.45,148901
TCI,20210506,276.95,284,271.25,278.75,43919
TCIDEVELOP,20210506,297.6,301.25,297.6,299.9,624
TCIEXP,20210506,924.85,924.9,895,897.1,15511
TCIFINANCE,20210506,4.7,4.8,4.7,4.75,3037
TCNSBRANDS,20210506,518.4,524.95,490.2,496.35,36972
TCPLPACK,20210506,487.95,497,465,468.9,8417
TCS,20210506,3105.5,3134,3074,3111.45,1791671
TDPOWERSYS,20210506,187.9,197.7,182.4,194.55,137835
TEAMLEASE,20210506,3418,3426.4,3325,3346.6,8322
TECHIN,20210506,3.5,3.5,3.5,3.5,324
TECHM,20210506,965,984.7,957.85,977.95,4620827
TECHNOE,20210506,295,297,291,296.15,29260
TEJASNET,20210506,181.75,188.2,179.55,188.2,348427
TEMBO,20210506,139,143.95,138.65,139.55,91611
TERASOFT,20210506,40.25,40.3,38,39.25,53406
TEXINFRA,20210506,70.5,70.85,70,70.2,78555
TEXMOPIPES,20210506,28.85,29.4,28.5,29.1,82619
TEXRAIL,20210506,25.55,26.3,25.25,25.75,354179
TFCILTD,20210506,56.95,57.2,56.1,56.55,86707
TFL,20210506,2.35,2.5,2.35,2.45,4706
TGBHOTELS,20210506,5,5,4.65,4.65,20187
THANGAMAYL,20210506,607,616.45,605,610.8,6382
THEINVEST,20210506,105.15,105.15,99.05,101,6386
THEMISMED,20210506,377.2,388.05,377.2,385.55,33644
THERMAX,20210506,1514.75,1530.6,1483.2,1519.25,13030
THOMASCOOK,20210506,47.9,47.9,45.6,46.95,173976
THOMASCOTT,20210506,6.95,6.95,6.8,6.8,11981
THYROCARE,20210506,1057.65,1115,1043.6,1082.35,1032312
TI,20210506,42.5,43.5,40.2,41.25,638180
TIDEWATER,20210506,4471.95,4532.25,4429.95,4515.6,1684
TIIL,20210506,405,414,398,402.15,37398
TIINDIA,20210506,1258,1258,1202.35,1218,496342
TIJARIA,20210506,7.25,7.25,6.9,6.9,2864
TIL,20210506,224,228.1,208.15,217.4,170910
TIMESGTY,20210506,50,50.75,46.25,49.45,43508
TIMETECHNO,20210506,77.6,78.4,75,77.55,742166
TIMKEN,20210506,1397.9,1409.95,1379,1398.55,34907
TINPLATE,20210506,205.05,215.5,203.15,213.5,1821277
TIPSINDLTD,20210506,625,648.1,609.45,646.2,13809
TIRUMALCHM,20210506,95.9,96.8,95,95.35,333087
TIRUPATIFL,20210506,24.5,26.15,24.5,26.15,239
TITAN,20210506,1435.8,1448.45,1431,1444.4,1464006
TMRVL,20210506,11.8,12.05,11.4,11.75,42328
TNPETRO,20210506,84.5,87.5,82.65,84.8,2023348
TNPL,20210506,143.95,144.8,140.75,141.95,58594
TNTELE,20210506,5.35,5.45,5.2,5.4,17674
TOKYOPLAST,20210506,70.8,85.05,70.75,84.45,506419
TORNTPHARM,20210506,2634,2675.8,2585.1,2607.05,256430
TORNTPOWER,20210506,412.25,417.95,407.95,412.5,1063819
TOTAL,20210506,42.5,42.5,40.1,40.75,33977
TOUCHWOOD,20210506,84.2,84.2,77.7,78.75,9457
TPLPLASTEH,20210506,233.45,234,215.35,221.9,6486
TREEHOUSE,20210506,8,8.45,7.7,7.95,16225
TREJHARA,20210506,34.95,35.9,33.2,34.45,46490
TRENT,20210506,797,800,763.8,778.15,665468
TRF,20210506,99.05,101.1,95.8,96.3,18237
TRIDENT,20210506,14,14.1,13.8,13.9,6590387
TRIGYN,20210506,80,84.3,79.5,81.45,208546
TRIL,20210506,21.2,22,20.5,21,614772
TRITURBINE,20210506,103,103.45,99.25,99.65,1206552
TRIVENI,20210506,133,137.1,128,135.65,1427933
TTKHLTCARE,20210506,607.9,613.75,585.3,590.85,9139
TTKPRESTIG,20210506,7400.05,7575.6,7354,7418.7,9032
TTL,20210506,45,50.4,44.95,49.6,44715
TTML,20210506,12.5,13.35,12.5,13.35,3437092
TV18BRDCST,20210506,33.4,36.5,33.1,36.25,24650963
TVSELECT,20210506,137.9,137.9,133.2,133.9,29596
TVSMOTOR,20210506,604.45,630.3,604,625.85,4754587
TVSSRICHAK,20210506,1807.25,1812.25,1787.3,1793.95,3141
TVTODAY,20210506,285,286.8,284,285.25,25210
TVVISION,20210506,2.6,2.6,2.6,2.6,14439
TWL,20210506,45.95,47.9,45.6,46.4,326598
UBL,20210506,1205.4,1233,1191.3,1204.85,393929
UCALFUEL,20210506,158.8,159.7,147.15,152.55,201664
UCOBANK,20210506,11.45,11.55,11.3,11.35,2909164
UFLEX,20210506,448,459.9,437.9,447.6,613082
UFO,20210506,71.45,71.7,70.1,70.9,49654
UGARSUGAR,20210506,26.75,26.8,24.3,25.75,897809
UJAAS,20210506,2.45,2.5,2.4,2.45,618826
UJJIVAN,20210506,203.5,204.95,202.2,203,245332
UJJIVANSFB,20210506,30.1,30.1,29.1,29.15,2382118
ULTRACEMCO,20210506,6400,6429.9,6314,6405.45,246632
UMANGDAIRY,20210506,63.55,65,60.1,60.95,105972
UMESLTD,20210506,2.9,3,2.8,2.95,30044
UNICHEMLAB,20210506,332.8,334.5,326.5,329.2,39022
UNIDT,20210506,295.1,295.15,276.95,282.95,13955
UNIENTER,20210506,81.8,88.3,80.1,84.4,48496
UNIONBANK,20210506,36.6,37,35.2,36,6759713
UNITEDTEA,20210506,327.8,330,317.95,321.6,1560
UNIVASTU,20210506,40.65,41,39.5,40.35,4609
UNIVCABLES,20210506,151.3,167.5,149.65,165.5,937148
UNIVPHOTO,20210506,200,200,189.8,192.8,3814
UPL,20210506,640.7,641,626.65,633,5545420
URJA,20210506,5.9,6.05,5.9,6,1178671
USHAMART,20210506,50.2,52.6,50,51.55,3398919
UTIAMC,20210506,640.1,670.4,630.45,665.15,483606
UTIBANKETF,20210506,33,33,32.4,32.66,1738
UTINEXT50,20210506,36.88,36.88,35.61,36.12,4267
UTINIFTETF,20210506,1535,1535,1528,1533.47,47
UTISENSETF,20210506,517.99,517.99,504,508.92,382
UTISXN50,20210506,41.94,41.98,40.02,41.21,903
UTTAMSTL,20210506,8.4,8.7,8.15,8.7,649563
UTTAMSUGAR,20210506,145.5,146.55,133.5,139.35,363257
V2RETAIL,20210506,108,109.05,105.1,107.5,26099
VADILALIND,20210506,1041.6,1048,1013.1,1021.85,23806
VAIBHAVGBL,20210506,4297.95,4398.45,4268,4367,40223
VAISHALI,20210506,42,42,38.05,41.95,304132
VAKRANGEE,20210506,51.35,52,49.8,51.55,3828940
VALIANTORG,20210506,1556.2,1563,1510,1544.55,41080
VARDHACRLC,20210506,41.45,43,41.2,42.05,125910
VARDMNPOLY,20210506,18.55,18.65,17.75,17.85,30620
VARROC,20210506,377.5,388.9,372.1,383.75,52786
VASCONEQ,20210506,16.25,16.3,15.9,16.1,88558
VASWANI,20210506,12.45,13.2,12.4,13.2,84898
VBL,20210506,1006,1009.8,985.4,993.4,235989
VEDL,20210506,266.75,271.5,263.85,268.85,20191746
VENKEYS,20210506,1631.2,1666.9,1610,1631.9,94838
VENUSREM,20210506,338.75,339,323.05,326.9,16730
VERTOZ,20210506,256,260,242,242.65,231852
VESUVIUS,20210506,1049.7,1049.7,1025,1035.3,15547
VETO,20210506,129,129,121.45,122.05,25635
VGUARD,20210506,227.9,230,223.2,224.25,411160
VHL,20210506,1708.05,1738.6,1671.1,1719.4,941
VICEROY,20210506,2.2,2.2,2.1,2.1,19057
VIDHIING,20210506,230,237.5,216.05,219.45,696307
VIJIFIN,20210506,1.25,1.25,1.15,1.15,1206529
VIKASECO,20210506,1.85,1.9,1.8,1.85,3406680
VIKASLIFE,20210506,3,3.05,2.95,3.05,3657227
VIKASPROP,20210506,2.2,2.25,2.1,2.15,973760
VIKASWSP,20210506,5.6,5.6,5.6,5.6,109958
VIMTALABS,20210506,241,244.55,237.55,239.75,83348
VINATIORGA,20210506,1725,1747,1707.05,1716.8,80085
VINDHYATEL,20210506,869.7,880,848,859.95,21525
VINYLINDIA,20210506,138.65,138.65,134.25,136.55,118269
VIPCLOTHNG,20210506,13.5,13.5,13,13.4,56206
VIPIND,20210506,337.85,339.8,332.35,335.25,350479
VIPULLTD,20210506,26,26.6,24.6,25.05,8864
VISAKAIND,20210506,600,639,597.7,626.3,373541
VISASTEEL,20210506,9.3,9.3,9.3,9.3,53162
VISHAL,20210506,47.95,50.25,47.2,49.45,84538
VISHNU,20210506,321,332,318.15,326.95,8142
VISHWARAJ,20210506,125,127.8,123.3,126.7,82754
VIVIDHA,20210506,0.7,0.75,0.65,0.7,331129
VIVIMEDLAB,20210506,27.75,30.4,27.75,28.25,1891760
VLSFINANCE,20210506,89.95,94.95,87.1,92.95,308783
VMART,20210506,2696.7,2705.05,2668.7,2681.95,7497
VOLTAMP,20210506,1100,1118.05,1080,1101.9,25655
VOLTAS,20210506,974.9,989.3,965.35,984.35,1414622
VRLLOG,20210506,218.1,220.05,214.5,215.85,54970
VSSL,20210506,191.95,201.05,188.3,189.95,147247
VSTIND,20210506,3165.85,3196.35,3150,3157.8,6553
VSTTILLERS,20210506,1825.3,1830,1786.65,1809.3,7633
VTL,20210506,1287,1320,1250,1266.7,70568
WABAG,20210506,245.6,246.6,240.5,241.1,189683
WABCOINDIA,20210506,6968.4,6975.5,6860,6938.45,2315
WALCHANNAG,20210506,62,63,61.6,62.3,71685
WANBURY,20210506,106.9,109.8,103.5,106.4,24248
WATERBASE,20210506,117.1,118.7,113,117.4,305270
WEALTH,20210506,116.1,127.85,116.1,127.8,449
WEBELSOLAR,20210506,42.5,42.55,41.05,41.35,67883
WEIZMANIND,20210506,44.9,45,43.05,43.8,1934
WELCORP,20210506,141.9,145.4,141,142.95,1817315
WELENT,20210506,102.45,102.85,100.75,101,96276
WELINV,20210506,397.05,399.8,387,389.9,1361
WELSPUNIND,20210506,83.9,86.15,82.7,84.2,2042135
WENDT,20210506,3251.65,3299,3169.95,3258.1,713
WESTLIFE,20210506,426,436.55,426,431.05,42146
WHEELS,20210506,448.05,459,444.05,455.85,6713
WHIRLPOOL,20210506,2170.2,2183.45,2140,2149.1,37252
WILLAMAGOR,20210506,18.5,18.8,17.55,17.65,15656
WINDMACHIN,20210506,29.8,30.5,29.5,29.65,28582
WIPRO,20210506,493.7,514.8,487.25,512.3,24413544
WOCKPHARMA,20210506,540,602,534,587.8,10151276
WONDERLA,20210506,185,185.6,180,181.65,33245
WORTH,20210506,56.95,57.55,53.35,54.05,34337
WSI,20210506,4.3,4.3,4.3,4.3,2000
WSTCSTPAPR,20210506,211.9,216.2,207,208.55,108968
XCHANGING,20210506,73.3,74.8,67.9,71.85,417892
XELPMOC,20210506,280.5,307.45,277.3,307.45,61959
XPROINDIA,20210506,105.15,116.15,105.15,116.15,65723
YAARII,20210506,87,88,82.1,82.25,567754
YESBANK,20210506,13.9,13.9,13.5,13.55,122661349
ZEEL,20210506,184,184.2,179.6,182.25,7055520
ZEELEARN,20210506,10.5,10.65,10.35,10.4,470152
ZEEMEDIA,20210506,7.05,7.55,7,7.55,7749644
ZENITHEXPO,20210506,69.55,69.55,66.75,68.05,484
ZENITHSTL,20210506,1.15,1.15,1.15,1.15,33237
ZENSARTECH,20210506,268,278.45,264.05,267.95,360804
ZENTEC,20210506,73.8,74.5,72.4,72.85,175084
ZODIACLOTH,20210506,91.95,93.25,90.55,90.9,26957
ZODJRDMKJ,20210506,28,28.15,25.5,26.5,1920
ZOTA,20210506,156.9,156.9,150,151.9,10133
ZUARI,20210506,87.6,92.85,86,91.35,309160
ZUARIGLOB,20210506,77.95,81,76.55,80.35,544558
ZYDUSWELL,20210506,2114.1,2120.3,2073,2076.95,21019
NSENIFTY,20210506,14668.35,14743.90,14611.50,14724.80,445281496,0
NIFTYJUNIOR,20210506,35687.00,35768.80,35437.40,35697.70,423904669,0
NIFTYMIDCAPLIQ15,20210506,5754.90,5799.70,5706.85,5791.55,88465981,0
NSE100,20210506,14878.60,14947.15,14817.65,14928.60,869186165,0
NIFTY200,20210506,7738.05,7773.05,7702.80,7764.30,1598425027,0
NSE500,20210506,12465.70,12514.10,12407.65,12501.90,2191078445,0
NSEMIDCAP150,20210506,9269.75,9289.30,9198.50,9280.05,871162495,0
MIDCAP50,20210506,6781.00,6839.10,6735.35,6830.70,667325422,0
NSEMIDCAP,20210506,24550.60,24662.80,24349.10,24639.00,729238862,0
NSESMLCAP100,20210506,8665.95,8689.40,8621.75,8676.10,-,0
NIFTYLARGEMIDCAP250,20210506,-,-,-,8096.04,1740348660,0
NIFTYAUTO,20210506,9669.20,9826.55,9664.30,9815.10,96767762,0
BANKNIFTY,20210506,32900.75,32956.35,32564.00,32827.80,268011511,0
NIFTYFINSERVICE,20210506,15622.15,15681.95,15526.35,15654.70,108358428,0
NIFTYFMGC,20210506,34003.85,34233.55,33897.70,34048.50,32950357,0
NSEIT,20210506,25868.25,26387.65,25639.60,26258.70,53487823,0
NIFTYMEDIA,20210506,1539.75,1556.05,1519.25,1552.95,55219905,0
NIFTYMETAL,20210506,4980.25,5118.20,4964.60,5095.00,302077829,0
NIFTYPHARMA,20210506,13897.55,13960.80,13651.20,13747.75,59021615,0
NIFTYPVTBANK,20210506,17599.90,17628.55,17408.70,17532.30,237721608,0
NIFTYPSUBANK,20210506,2159.15,2162.90,2108.40,2119.25,255279221,0
NIFTYREALTY,20210506,304.60,305.80,302.55,305.35,10379814,0
NIFTYCOMMODITIES,20210506,4783.35,4834.05,4775.55,4825.50,285124290,0
NIFTYCONSUMPTION,20210506,5901.05,5927.55,5885.95,5913.70,66111171,0
NIFTYCPSE,20210506,1863.30,1866.95,1835.00,1848.75,106871139,0
NIFTYENERGY,20210506,18169.75,18209.80,18031.75,18178.20,146884740,0
NIFTY100ESG,20210506,-,-,-,2950.00,544331011,0
NIFTY100ENHESG,20210506,-,-,-,2964.64,466087779,0
NIFTYINFRA,20210506,4079.20,4086.70,4056.70,4083.40,207698465,0
NIFTYMNC,20210506,16131.95,16206.40,16094.50,16182.85,108338037,0
NIFTYPSE,20210506,3264.20,3270.60,3236.60,3261.90,489844476,0
NIFTYSMEEMERGE,20210506,-,-,-,2085.20,513666,0
NIFTYSERVSECTOR,20210506,20522.85,20613.40,20398.35,20582.85,239898017,0
NIFTYSHARIAH25,20210506,-,-,-,5552.62,144439131,0
NIFTY50SHARIAH,20210506,-,-,-,3559.42,88879606,0
NIFTY500SHARIAH,20210506,-,-,-,4412.81,574634937,0
NIFTYABGROUP,20210506,-,-,-,4692.21,101670940,0
NIFTYMAHINDRA,20210506,-,-,-,12341.21,17129551,0
NIFTYTATA,20210506,-,-,-,10525.32,164562957,0
NIFTYTATA25CAP,20210506,-,-,-,7957.17,146377643,0
NIFTYABGROUP,20210506,-,-,-,4692.21,101670940,0
NIFTYLIQ15,20210506,3712.70,3723.10,3691.90,3715.55,193695646,0
NIFTY500VALUE50,20210506,-,-,-,5000.97,873565015,0
NIFTYQUALLOWVOL30,20210506,-,-,-,10557.15,99015780,0
NIFTYALPHAQUALLOWVOL30,20210506,-,-,-,12272.13,114063756,0
NIFTYALPHAQUALVALLOWVOL30,20210506,-,-,-,9320.47,114334968,0
NIFTY50EQUALWEIGHT,20210506,16480.00,16571.50,16433.90,16550.50,445281496,0
NIFTY100EQUALWEIGHT,20210506,17485.75,17543.25,17404.75,17521.85,869186165,0
NIFTY100LOWVOL30,20210506,11316.25,11370.65,11291.65,11354.50,155596382,0
NSEDEFTY,20210506,-,-,-,6916.53,-,0
NIFTY50DIVPOINT,20210506,6.67,6.67,6.67,6.67,-,0
NIFTYDIVOPPS50,20210506,3069.55,3090.40,3066.35,3086.95,330209991,0
NIFTYALPHA50,20210506,25233.70,25287.90,25047.55,25257.25,402209787,0
NIFTY50ARBITRAGE,20210506,-,-,-,1954.90,-,0
NIFTY50FUTINDEX,20210506,-,-,-,4820.32,-,0
NIFTY50FUTTRINDEX,20210506,-,-,-,15308.75,-,0
NIFTYHIGHBETA50,20210506,-,-,-,1833.53,874253320,0
NIFTYLOWVOL50,20210506,-,-,-,14004.64,169936329,0
NIFTY50VALUE20,20210506,7489.85,7535.40,7460.80,7524.40,193346544,0
NIFTYGROWSECT15,20210506,7242.10,7294.25,7226.25,7253.10,60257736,0
NIFTY50TR2XLEV,20210506,8697.60,8786.25,8630.85,8764.40,-,0
NIFTY50PR2XLEV,20210506,6510.80,6577.15,6460.85,6560.80,-,0
NIFTY50TR1XINV,20210506,258.65,259.65,257.35,257.65,-,0
NIFTY50PR1XINV,20210506,298.85,300.00,297.30,297.65,-,0
NIFTY-GS-COMPSITE,20210506,2305.87,2309.57,2305.71,2308.57,-,0
NIFTY-GS-4-8YR,20210506,2417.07,2419.82,2417.07,2419.15,-,0
NIFTY-GS-8-13YR,20210506,2259.73,2262.31,2259.13,2261.61,-,0
NIFTY-GS-10YR,20210506,2055.44,2056.81,2053.57,2056.00,-,0
NIFTY-GS-10YR-CLN,20210506,958.90,959.56,958.01,959.18,-,0
NIFTY-GS-11-15YR,20210506,2418.90,2426.63,2418.90,2424.81,-,0
NIFTY-GS-15YRPLUS,20210506,2660.36,2662.58,2660.36,2662.00,-,0
VIX,20210506,21.96,22.61,20.12,22.04,0,0
