20MICRONS,20210924,61.2,61.2,59,59.3,155115
21STCENMGM,20210924,44.7,44.7,44.7,44.7,4190
3MINDIA,20210924,25500,25500,24703,24801.15,2174
3PLAND,20210924,13.5,14,13.1,13.75,6820
5PAISA,20210924,449.6,456.25,447,449.35,12564
63MOONS,20210924,93.8,93.9,90.45,92.35,45244
A2ZINFRA,20210924,4.35,4.4,4.25,4.3,331928
AAKASH,20210924,253,255,249,250.95,169106
AAREYDRUGS,20210924,36.6,36.6,35.55,36.4,19554
AARON,20210924,99.05,103.3,99.05,101.8,2228
AARTIDRUGS,20210924,621,623.85,611.6,613.8,116407
AARTIIND,20210924,920,923.25,905.1,915.9,645898
AARTISURF,20210924,1509,1525,1475.55,1477.5,11426
AARVEEDEN,20210924,18.95,19.2,17.8,19.2,112998
AARVI,20210924,58.15,58.7,56.8,57.3,11034
AAVAS,20210924,2582,2649,2525,2573.75,143393
ABAN,20210924,43,44,41.95,42.2,143371
ABB,20210924,1903,1918.25,1871.1,1878.7,56336
ABBOTINDIA,20210924,21699,21728,21075,21204.95,10727
ABCAPITAL,20210924,118,118.8,113.5,115.45,8474523
ABFRL,20210924,220,229.9,219,223.85,10370735
ABMINTLLTD,20210924,79.9,85.55,77.45,85.55,2870
ABSLBANETF,20210924,381.99,381.99,375.23,375.34,648
ABSLNN50ET,20210924,445,445,435.2,439.4,139
ACC,20210924,2368,2372.95,2281,2298.75,434577
ACCELYA,20210924,1352,1369,1315,1330.15,36989
ACCURACY,20210924,138.75,138.75,130.2,132.75,95799
ACE,20210924,270,271.65,257.7,261.05,1001548
ACRYSIL,20210924,780,823.7,740,802.55,273779
ADANIENT,20210924,1483,1516,1455,1461.7,2760295
ADANIGREEN,20210924,1149.2,1159,1125.25,1151.8,3334805
ADANIPORTS,20210924,756,764.9,743,744.8,4445517
ADANIPOWER,20210924,98,98.4,95.5,95.85,3425363
ADANITRANS,20210924,1520,1550,1501.1,1542.15,178331
ADFFOODS,20210924,919.35,929,900,907.15,9203
ADL,20210924,45.65,45.65,41.35,43.35,902
ADORWELD,20210924,688,688.05,671.25,681.45,13833
ADROITINFO,20210924,10.4,10.4,9.55,9.65,11520
ADSL,20210924,69.7,70.15,67.8,68.85,107767
ADVANIHOTR,20210924,86.9,88.9,81.65,82.15,51921
ADVENZYMES,20210924,388.7,391.35,378.05,380.2,188830
AEGISCHEM,20210924,240,245.75,240,244.05,967771
AFFLE,20210924,5198.4,5375,5157,5323.75,154456
AGARIND,20210924,300.05,305,300,301.3,13036
AGCNET,20210924,1088.95,1088.95,1030,1052.05,2989
AGRITECH,20210924,75.95,75.95,70,71.1,16319
AGROPHOS,20210924,15.6,15.6,14.95,15.3,101974
AHLADA,20210924,144,144,136.25,137.45,18751
AHLEAST,20210924,184.8,186,176.8,179,51788
AHLUCONT,20210924,384,388.25,374.25,377.5,161842
AHLWEST,20210924,277.5,282.9,272.7,273.95,981
AIAENG,20210924,2019.85,2034.05,1936,1943.4,80280
AIRAN,20210924,22.4,22.4,21.1,21.8,32816
AJANTPHARM,20210924,2175.4,2183.85,2167.85,2174.75,44266
AJMERA,20210924,378.95,381.3,356,360.9,30625
AJOONI,20210924,51.7,51.75,49.8,49.95,17573
AJRINFRA,20210924,1.55,1.55,1.45,1.45,704027
AKASH,20210924,185.4,185.4,178.8,182.7,24037
AKG,20210924,24,24.25,23.7,24,802
AKSHARCHEM,20210924,421.1,421.55,408.7,409.35,15045
AKSHOPTFBR,20210924,8.55,8.6,8.3,8.4,129361
AKZOINDIA,20210924,2219,2238,2198,2207.05,11463
ALANKIT,20210924,15.75,16.15,15.5,15.7,2866943
ALBERTDAVD,20210924,592.75,602.55,587.75,589.25,14184
ALEMBICLTD,20210924,121.35,121.35,115.05,116.5,498071
ALICON,20210924,791.7,795,770,773.4,10748
ALKALI,20210924,70.45,71.25,68.5,69.85,30005
ALKEM,20210924,3962,4070,3950.1,4003.1,289454
ALKYLAMINE,20210924,3930,3952,3900.75,3937.3,61601
ALLCARGO,20210924,259.4,262.95,252.2,254.15,826592
ALLSEC,20210924,429.35,437.05,421,423.2,16521
ALMONDZ,20210924,96.7,97.25,93.1,97.25,36875
ALOKINDS,20210924,23.1,23.2,22.7,22.75,3819816
ALPA,20210924,53.1,53.1,51.3,51.5,25465
ALPHAGEO,20210924,413.8,413.8,398.1,404.85,107570
ALPSINDUS,20210924,2.55,2.55,2.55,2.55,94332
AMARAJABAT,20210924,740,740,728.35,735.8,594485
AMBER,20210924,3135,3172.05,3093.7,3116.3,54795
AMBICAAGAR,20210924,16.15,16.15,15.6,15.7,11983
AMBIKCO,20210924,1610,1717,1606.15,1656.15,110332
AMBUJACEM,20210924,421,423.5,408.85,410.7,2871092
AMDIND,20210924,27,27.6,26.75,26.9,5377
AMIORG,20210924,1344.6,1364.8,1277.15,1286.45,843222
AMJLAND,20210924,40.25,42.7,39.45,40.1,482278
AMRUTANJAN,20210924,828,852,822,826.8,234786
ANANTRAJ,20210924,72.7,73.45,71,71.05,661850
ANDHRACEMT,20210924,17.15,18.95,17.15,17.15,2187876
ANDHRAPAP,20210924,233.3,235.05,227.5,228.15,51264
ANDHRSUGAR,20210924,581,607.9,581,585.1,299167
ANDREWYU,20210924,25,25.2,24.3,24.55,120038
ANGELBRKG,20210924,1250,1290,1227.5,1253.55,305576
ANIKINDS,20210924,18,18.5,17.45,17.75,37202
ANKITMETAL,20210924,1.9,1.95,1.9,1.95,45313
ANMOL,20210924,171,171,167.5,168.3,72312
ANSALAPI,20210924,9.7,9.7,8.95,9.1,241133
ANSALHSG,20210924,6.55,6.75,6.4,6.4,313203
ANTGRAPHIC,20210924,0.95,0.95,0.95,0.95,2832
ANUP,20210924,985,994.8,954,965.05,18023
ANURAS,20210924,746,767,746,758.85,109732
APARINDS,20210924,664,669.95,645.05,649.3,53435
APCL,20210924,403,407.15,388,393,36409
APCOTEXIND,20210924,415,418.45,403,404.1,110354
APEX,20210924,298.5,302.8,291.05,292.65,99414
APLAPOLLO,20210924,924.95,925,885,894.15,163488
APLLTD,20210924,819.95,823.6,788.2,791.15,422450
APOLLO,20210924,120.5,121.45,116.55,117.15,150143
APOLLOHOSP,20210924,5156.1,5198,4711.55,4731.8,1949974
APOLLOPIPE,20210924,1658,1680,1645.8,1653.5,21336
APOLLOTYRE,20210924,238.2,238.5,225.8,228.8,5274766
APOLSINHOT,20210924,797.7,820,780,792.6,3545
APTECHT,20210924,282,319,281.45,310.85,3150021
APTUS,20210924,342,346.4,337.05,339.7,383835
ARCHIDPLY,20210924,31.5,31.7,30.9,31.3,13527
ARCHIES,20210924,17.5,17.7,17.05,17.15,27177
ARENTERP,20210924,28.25,29.3,27.8,28.05,9507
ARIES,20210924,147.5,152.5,144.55,148.3,96099
ARIHANT,20210924,25.3,27.75,25.3,26.5,30904
ARIHANTCAP,20210924,141,142.85,136.5,137.05,98041
ARIHANTSUP,20210924,149.55,156,142.15,144.1,658726
ARMANFIN,20210924,837.8,846.5,815,821.15,18173
AROGRANITE,20210924,67.2,67.4,64.9,65.1,43489
ARROWGREEN,20210924,121.3,128.95,121.3,126.35,6755
ARSHIYA,20210924,29.95,29.95,28.3,28.5,73793
ARSSINFRA,20210924,27.8,28.6,27.55,27.85,9245
ARTEMISMED,20210924,37.3,38.5,37.3,37.3,393368
ARVEE,20210924,82.55,91.15,82.55,90.85,1359
ARVIND,20210924,98,100.6,95,95.9,1526225
ARVINDFASN,20210924,263,265,252.85,254.45,404284
ARVSMART,20210924,163.5,164,153.9,155.1,285860
ASAHIINDIA,20210924,359.2,365.3,358,358.55,33791
ASAHISONG,20210924,360,360,345,346.5,11003
ASAL,20210924,62.4,62.4,59.3,60.5,6625
ASALCBR,20210924,430,439,419.8,423.35,77147
ASHAPURMIN,20210924,124.65,124.9,118.85,119.9,85725
ASHIANA,20210924,200.75,205,193.3,197.6,594265
ASHIMASYN,20210924,17.5,17.5,16.75,16.75,22280
ASHOKA,20210924,100.4,101.4,96.75,97.15,1644115
ASHOKLEY,20210924,129.7,130,125.3,127.4,11339040
ASIAN-RE,20210924,39.75,40,37,38.9,460495
ASIANHOTNR,20210924,90.4,91.85,86.5,89.7,16283
ASIANPAINT,20210924,3330,3505,3320.85,3448.6,2775975
ASIANTILES,20210924,156.55,164.35,152,153.05,724944
ASPINWALL,20210924,183.5,183.5,178.5,179.4,5164
ASTEC,20210924,1333,1349.95,1306,1311.15,12906
ASTERDM,20210924,212,215.15,206.4,213.45,1033830
ASTRAL,20210924,2128,2178,2098,2124.65,528838
ASTRAMICRO,20210924,204.9,209.7,200.1,203.1,2417945
ASTRAZEN,20210924,3098,3119.9,3075,3082.65,9787
ASTRON,20210924,57.6,58.65,56.8,57,52149
ATFL,20210924,1032.9,1035.05,1007.2,1014,6702
ATGL,20210924,1403,1425.2,1382,1402.7,544273
ATLANTA,20210924,12.5,13.15,12.45,13.05,31693
ATUL,20210924,9700,9711.6,9451,9519.95,5806
ATULAUTO,20210924,202.9,202.9,192.85,195.65,80745
AUBANK,20210924,1114,1124.4,1065.9,1071.75,1030160
AURIONPRO,20210924,192,197.5,190,193.15,23449
AUROPHARMA,20210924,735.7,737.2,717.5,721.55,1962703
AUSOMENT,20210924,69.05,71.35,69.05,69.2,1942
AUTOAXLES,20210924,1237,1242,1219,1222.2,10318
AUTOIND,20210924,56.55,58.3,56,57.6,46475
AVADHSUGAR,20210924,417.5,428.75,414.55,419.05,78451
AVANTIFEED,20210924,551.8,557.05,551.25,554.45,192283
AVTNPL,20210924,81.35,81.35,78.1,78.35,132335
AWHCL,20210924,407.4,408.65,395,397.45,154226
AXISBANK,20210924,812.55,816.95,795.1,798.05,5184626
AXISBNKETF,20210924,380,383.69,377.95,378.34,348
AXISBPSETF,20210924,10.36,10.38,10.36,10.37,12979
AXISCADES,20210924,72.4,72.4,68.9,69.75,44866
AXISCETF,20210924,72.95,77.89,72.5,72.56,17827
AXISGOLD,20210924,40.24,40.24,40.02,40.09,138371
AXISHCETF,20210924,89.83,90.54,89.2,89.56,9380
AXISNIFTY,20210924,188,188,185.14,186.25,2665
AXISTECETF,20210924,372.8,390,372,373.55,6118
AYMSYNTEX,20210924,113.7,113.7,105,106.8,110315
BAFNAPH,20210924,128.5,131.25,127,128.55,6552
BAGFILMS,20210924,3.95,3.95,3.65,3.75,938035
BAJAJ-AUTO,20210924,3800,3849.1,3787.05,3809.8,363519
BAJAJCON,20210924,263,263,256.5,257.3,470152
BAJAJELEC,20210924,1544.75,1548.6,1455,1471.65,270576
BAJAJFINSV,20210924,18599.95,18813,18317.4,18526,373175
BAJAJHIND,20210924,15,15.1,14.6,14.65,1428668
BAJAJHLDNG,20210924,4995,5012.45,4850,4890.65,71950
BAJFINANCE,20210924,7949.85,7949.85,7725.65,7793.4,1129346
BALAJITELE,20210924,69.25,69.4,66.75,67.35,414469
BALAMINES,20210924,4697.35,4697.35,4550,4616,46866
BALAXI,20210924,594.9,594.9,572.55,573.7,1813
BALKRISHNA,20210924,20.7,21,20.7,20.95,1977
BALKRISIND,20210924,2664.8,2669.9,2615,2656.2,268417
BALMLAWRIE,20210924,129.3,130.9,126.9,127.45,336193
BALPHARMA,20210924,107.55,107.55,103,104.3,95296
BALRAMCHIN,20210924,358,369.6,355.45,359.9,2659116
BANARBEADS,20210924,66.3,66.3,63,63.25,9885
BANARISUG,20210924,2199.95,2215,2145,2161.65,4406
BANCOINDIA,20210924,203.5,203.9,198.05,199.45,131926
BANDHANBNK,20210924,290,290.8,281,282.1,4042946
BANG,20210924,33.25,35.75,33.1,35.4,9571
BANKA,20210924,80,80,75,78.55,5779
BANKBARODA,20210924,80.05,80.2,77.7,77.85,23102595
BANKBEES,20210924,399,399,379.12,380.54,472233
BANKINDIA,20210924,55.05,55.15,53.45,53.95,6334580
BANSWRAS,20210924,164.95,164.95,155.15,157.1,15610
BARBEQUE,20210924,1124.75,1128.2,1105,1107.8,25220
BASF,20210924,3468.4,3470,3383.7,3395.25,22151
BASML,20210924,59.5,59.5,55.35,55.95,87999
BASML-RE,20210924,24.45,24.5,21.1,22.25,92455
BATAINDIA,20210924,1804.95,1806,1748.85,1768.25,325662
BAYERCROP,20210924,5425,5430,5335,5354.7,53376
BBL,20210924,1381.6,1381.6,1305,1310.7,23766
BBTC,20210924,1166.95,1184,1150.65,1154.8,39292
BCG,20210924,52,52.65,47.75,48,11023588
BCLIND,20210924,231.1,256.8,230.1,244.15,384569
BCP,20210924,4.05,4.1,3.9,3.95,394023
BDL,20210924,389.65,393.35,382,384.7,228186
BEARDSELL,20210924,13.35,13.4,12.35,12.95,21563
BECTORFOOD,20210924,415,419,408.05,409,198061
BEDMUTHA,20210924,36.35,36.8,36.15,36.15,7391
BEL,20210924,208,210.5,203.6,205.5,5760785
BEML,20210924,1398,1401.55,1372.35,1377.95,114460
BEPL,20210924,189.9,190,183,183.8,645772
BERGEPAINT,20210924,822.1,853,821.05,840.1,2395947
BESTAGRO,20210924,799,799,767,780.5,14964
BFINVEST,20210924,378.8,381.4,367.6,372,66064
BFUTILITIE,20210924,451.95,464,443,447.6,652984
BGRENERGY,20210924,58.65,60.8,57.3,57.65,122731
BHAGERIA,20210924,250.9,257.85,246.6,251.75,254019
BHAGYANGR,20210924,53.75,53.75,48.6,48.85,210454
BHAGYAPROP,20210924,30.35,30.4,29.55,29.95,5910
BHANDARI,20210924,3.25,3.3,3.15,3.2,284993
BHARATFORG,20210924,768,774.9,738.05,749.8,2047990
BHARATGEAR,20210924,143.4,147.75,141.1,142.4,45224
BHARATRAS,20210924,12599.9,12599.9,12300,12331,1264
BHARATWIRE,20210924,65,65.95,63.3,64.05,10379
BHARTIARTL,20210924,729.05,753,728,739.4,70844952
BHEL,20210924,57.15,59.15,55.85,56.25,53416142
BIGBLOC,20210924,115.9,115.9,113.15,114.2,9851
BIL,20210924,237,244.95,211.1,221.3,53954
BINDALAGRO,20210924,24.75,25.5,23.5,24.05,591451
BIOCON,20210924,368.5,369.85,358,360.15,1493295
BIOFILCHEM,20210924,63.65,65,62.5,63.95,25477
BIRLACABLE,20210924,89.1,92,85,86.7,24456
BIRLACORPN,20210924,1310,1316,1293.8,1305.6,125917
BIRLAMONEY,20210924,65,65.9,63.05,63.5,246138
BIRLATYRE,20210924,24,24.4,23.9,23.95,183168
BKMINDST,20210924,1.25,1.25,1.2,1.2,77628
BLBLIMITED,20210924,9.8,9.8,9.35,9.4,20524
BLISSGVS,20210924,112.35,112.35,111,111.2,139144
BLKASHYAP,20210924,24.6,25.55,23.8,23.95,190091
BLS,20210924,236.2,242.2,229.85,230.25,401978
BLUEDART,20210924,6477.35,6494.95,6404,6454.35,12407
BLUESTARCO,20210924,867.85,918,854,897.85,486552
BODALCHEM,20210924,110.8,113.5,107.85,108.7,646243
BOMDYEING,20210924,95.6,95.95,92.95,93.2,2305899
BOROLTD,20210924,221.2,223.9,212.5,214.3,208544
BORORENEW,20210924,310,313,300,302.25,168533
BOSCHLTD,20210924,15400,15439.75,15165,15255.3,30453
BPCL,20210924,421,423.25,412.05,414.8,6337414
BPL,20210924,98.6,98.6,95.85,98.6,593401
BRFL,20210924,7.25,7.25,6.8,7.1,174827
BRIGADE,20210924,421,425.95,409.35,419.1,1181496
BRITANNIA,20210924,4040,4098.95,4030,4042.9,373614
BRNL,20210924,29.6,29.85,28.8,29.15,24771
BROOKS,20210924,142.65,142.65,136.1,136.35,30287
BSE,20210924,1191,1192.7,1163,1171.4,223493
BSHSL,20210924,286,293,286,290.25,537
BSL,20210924,60.7,63.05,60.7,62.2,21766
BSLGOLDETF,20210924,4249.9,4249.9,4205,4226.35,280
BSLNIFTY,20210924,193.94,199.49,193.94,197.34,782
BSOFT,20210924,446.25,457.8,441.3,444.8,3211002
BURGERKING,20210924,160.35,161.4,158.8,159.2,799252
BURNPUR,20210924,3.2,3.2,3,3.1,88282
BUTTERFLY,20210924,970,995.45,932,948.3,46203
BVCL,20210924,24.8,24.8,23.35,24.3,7280
BYKE,20210924,32.4,32.9,30.3,30.85,59092
CADILAHC,20210924,567.05,569.6,558.3,564.05,1734174
CALSOFT,20210924,23.5,25.9,23.5,25.85,1610223
CAMLINFINE,20210924,186.1,188.85,178.55,180.45,906211
CAMS,20210924,3442.25,3464.4,3366.15,3372.85,199385
CANBK,20210924,161,161.7,157.2,157.7,7568187
CANFINHOME,20210924,681.5,686.6,655,657.75,1424233
CANTABIL,20210924,615,646,595.5,603.75,201637
CAPACITE,20210924,173.45,181.05,170.3,172.2,588227
CAPLIPOINT,20210924,899.3,929.5,880.9,888.65,589109
CAPTRUST,20210924,98.1,98.5,94.1,94.85,5965
CARBORUNIV,20210924,878,878,854.15,872.45,75084
CAREERP,20210924,155,169,154.05,166.05,193549
CARERATING,20210924,697.9,697.9,683.15,686,51823
CARTRADE,20210924,1390,1394.7,1320.2,1325.6,302051
CASTROLIND,20210924,142.35,142.35,138.25,139.1,452806
CCHHL,20210924,6.2,6.45,6.2,6.3,30399
CCL,20210924,402,402.9,390,391.4,174769
CDSL,20210924,1285,1300,1256,1267.85,229906
CEATLTD,20210924,1369,1369,1310,1317.4,248643
CEBBCO,20210924,34.85,35,33.9,34.3,112451
CELEBRITY,20210924,9.15,9.4,9.15,9.2,26371
CENTENKA,20210924,450.1,457.9,442,448.2,66127
CENTEXT,20210924,9.15,9.2,8.95,9.05,209058
CENTRALBK,20210924,21.2,21.45,20.85,21,2976322
CENTRUM,20210924,33.05,33.35,32.15,32.4,602500
CENTUM,20210924,504.85,510.4,497.05,498.35,10473
CENTURYPLY,20210924,440,450,431.4,444.9,616093
CENTURYTEX,20210924,941,965,925.4,954.75,699460
CERA,20210924,4610.6,5070,4604.25,4990.4,84015
CEREBRAINT,20210924,57.6,57.6,56.15,56.4,222276
CESC,20210924,86.6,87,83.45,84.1,4508144
CGCL,20210924,517.6,524,505.4,515.3,41833
CGPOWER,20210924,111.65,111.65,107,111.5,3520438
CHALET,20210924,209.5,218.85,202.75,216.55,2506751
CHAMBLFERT,20210924,308.1,358.7,308,341.15,9098456
CHEMBOND,20210924,234.5,240.8,227,238.05,59701
CHEMCON,20210924,442.95,444.6,436.05,437.45,105096
CHEMFAB,20210924,164.15,175,163.55,170.9,70151
CHEMPLASTS,20210924,596.1,611.85,585.1,607.9,1205300
CHENNPETRO,20210924,119.7,119.7,116.15,118.3,640523
CHOLAFIN,20210924,591,597.4,574,576.1,1829086
CHOLAHLDNG,20210924,695,704.35,680.65,697.75,164808
CIGNITITEC,20210924,552.95,562,551.15,553.25,72335
CINELINE,20210924,105,105,102.1,102.4,27126
CINEVISTA,20210924,13,13,12.05,12.1,208560
CIPLA,20210924,969.6,983.4,960.45,967.65,1803409
CLEAN,20210924,2132,2144.6,2028,2049.65,505237
CLEDUCATE,20210924,134.95,139.8,133.7,138.35,39368
CLNINDIA,20210924,572,572.9,561,564.9,36570
CLSEL,20210924,123.1,130,123.1,126.55,221522
CMICABLES,20210924,44.3,45.35,42.9,43.1,89092
COALINDIA,20210924,168.1,169.45,162.9,166.1,17259638
COCHINSHIP,20210924,365.6,365.7,360.3,361.15,93364
COFFEEDAY,20210924,32.5,32.85,30.6,30.9,1046459
COFORGE,20210924,5710.45,5832.95,5580.25,5649,468197
COLPAL,20210924,1706,1716.05,1684,1690.85,413927
COMPINFO,20210924,25,25.55,24.55,24.85,104047
COMPUSOFT,20210924,13.6,13.9,13.55,13.6,47906
CONCOR,20210924,715,721.25,697.8,699.6,1070387
CONFIPET,20210924,77.9,78.65,76.4,76.65,742253
CONSOFINVT,20210924,138.7,139.5,135.2,138.05,13227
CONTROLPR,20210924,345.9,351,337.05,337.9,55595
CORALFINAC,20210924,42.45,47,42.15,44.5,295208
CORDSCABLE,20210924,53.65,55.45,53.2,54.55,35690
COROMANDEL,20210924,807.6,827.75,782.7,807.4,2068309
COSMOFILMS,20210924,1545.4,1551,1490,1502.3,57678
COUNCODOS,20210924,3,3.15,2.9,2.95,253585
CPSEETF,20210924,28.5,28.73,28.08,28.24,2795861
CRAFTSMAN,20210924,2178,2242,2103.05,2116.05,194785
CREATIVE,20210924,220.5,236.25,220.5,235.6,45866
CREATIVEYE,20210924,3,3.15,3,3.1,2445
CREDITACC,20210924,662.9,663.8,645,652.5,99395
CREST,20210924,131,131,124,125.55,2105
CRISIL,20210924,2894.9,2926.25,2841,2862.4,23162
CROMPTON,20210924,488.5,488.5,476.55,478.7,873638
CSBBANK,20210924,306,309.75,302,302.9,288966
CTE,20210924,62.8,64.2,60,62.2,146185
CUB,20210924,152.6,153.65,149.3,149.95,842401
CUBEXTUB,20210924,22.45,22.45,21.5,21.55,2342
CUMMINSIND,20210924,1030,1041.25,990.6,994.8,533414
CUPID,20210924,231,232,227,228.1,50125
CYBERMEDIA,20210924,10,10.75,10,10.2,7462
CYBERTECH,20210924,163,169.75,159.2,165.8,177348
CYIENT,20210924,1071.6,1113.4,1068,1081.8,644492
DAAWAT,20210924,73.25,73.75,71.5,71.75,1629673
DABUR,20210924,649,658.95,649,651.9,2416462
DALBHARAT,20210924,2140,2142.9,2070,2089.55,219321
DALMIASUG,20210924,420,429,410,411.65,152964
DAMODARIND,20210924,47.7,47.7,46,46.4,5270
DANGEE,20210924,194.9,194.9,189.5,192,3759
DATAMATICS,20210924,312,315,304.65,306.8,176365
DBCORP,20210924,96.3,96.6,94,94.35,177688
DBL,20210924,602,602,566.1,572.15,2482200
DBREALTY,20210924,28.95,29.3,27.3,27.55,672956
DBSTOCKBRO,20210924,18.75,19.15,17.6,18.95,12954
DCAL,20210924,205,206.5,198.4,200.75,897921
DCBBANK,20210924,92.95,93.4,91.05,91.25,785292
DCM,20210924,53.5,53.7,48.8,49.05,37278
DCMFINSERV,20210924,2.3,2.3,2.25,2.3,1850
DCMNVL,20210924,209.7,209.9,206,206.35,16470
DCMSHRIRAM,20210924,1039,1060,1001,1023.15,89550
DCW,20210924,40.95,44,40.65,43.05,16892370
DECCANCE,20210924,731.45,732.15,706.25,708.85,30569
DEEPAKFERT,20210924,412,429.25,407.05,423.85,798749
DEEPAKNTR,20210924,2481,2527,2455.65,2485.95,1232658
DEEPENR,20210924,49.8,49.8,47,47.35,109282
DEEPINDS,20210924,149.05,152.5,145,145.95,49678
DELPHIFX,20210924,703.8,714.9,678.35,681.2,5455
DELTACORP,20210924,234.6,244.8,229.2,242.15,10618095
DELTAMAGNT,20210924,54.7,54.7,52.2,53.1,3229
DEN,20210924,48.25,48.5,47.45,47.55,648420
DENORA,20210924,333.45,334.8,322,325,13490
DEVYANI,20210924,120.4,121.05,119,119.7,1843651
DFMFOODS,20210924,360,361,354,357.05,120081
DGCONTENT,20210924,12,12,11.25,11.35,18990
DHAMPURSUG,20210924,301.45,310.2,297.85,300.6,649321
DHANBANK,20210924,16.35,16.45,15.95,16.05,682808
DHANI,20210924,182,184.3,179.1,179.9,932125
DHANUKA,20210924,835,855.45,820,828.05,139251
DHARSUGAR,20210924,18.9,19.4,18,18.5,25954
DHUNINV,20210924,646.45,651.55,631,635.3,1898
DIAMONDYD,20210924,691,699.5,679.95,683,7986
DICIND,20210924,475.8,478,459,462.75,8467
DIGISPICE,20210924,50.75,50.75,48.9,49.9,61434
DISHTV,20210924,21.2,22.65,20.05,22,36401908
DIVISLAB,20210924,5235.35,5254,5092,5108.55,350328
DIXON,20210924,4434,4479.85,4351.55,4380.05,519411
DLF,20210924,404.4,418.3,397.7,410.45,43795780
DLINKINDIA,20210924,140.1,157.75,139.6,149.2,2408577
DMART,20210924,4440,4461,4405,4422.35,198742
DNAMEDIA,20210924,2.2,2.2,2.1,2.2,123625
DODLA,20210924,614,619.95,595.55,599.3,58705
DOLAT,20210924,93.1,93.5,90.1,90.5,122916
DOLLAR,20210924,375.6,381.8,370.7,373.7,120253
DONEAR,20210924,59.1,60.3,58.15,59.2,92224
DPABHUSHAN,20210924,210,213.85,207.15,210.35,5665
DPSCLTD,20210924,15.2,15.2,14.65,14.75,19052
DPWIRES,20210924,221.95,221.95,215.4,217.15,14844
DRCSYSTEMS,20210924,268,273.95,262.7,265,591
DREDGECORP,20210924,356.8,358.15,348.95,350.15,48949
DRREDDY,20210924,4806,4821.1,4778.05,4790.35,251615
DSSL,20210924,148.9,153.8,146,147.5,176869
DTIL,20210924,277,277,265,267.65,12870
DUCON,20210924,10.25,10.7,10,10.45,71197
DVL,20210924,283,287.9,276.2,277.75,34220
DWARKESH,20210924,72.45,72.7,69.5,70,2438458
DYNAMATECH,20210924,3029,3080,2921.95,3010.15,26214
DYNPRO,20210924,534.45,548.05,527.55,536.3,38912
EASEMYTRIP,20210924,585,624,577,592.55,928600
EASTSILK,20210924,3.8,3.8,3.6,3.7,177933
EBANK,20210924,4116,4116.14,3952,4070.56,22
EBBETF0423,20210924,1146.58,1148,1146.53,1147.36,3254
EBBETF0425,20210924,1076,1081,1070.1,1070.93,18076
EBBETF0430,20210924,1186.4,1186.99,1183.15,1183.57,19980
EBBETF0431,20210924,1064,1064,1062,1062.96,11675
ECLERX,20210924,2292.15,2351,2260.05,2280.75,55861
EDELWEISS,20210924,82.15,82.6,78.9,79.45,2441991
EICHERMOT,20210924,2861.5,2948.05,2861.5,2931,806905
EIDPARRY,20210924,439.4,448,425.25,427.2,447282
EIHAHOTELS,20210924,372.3,378.7,353,361.4,49067
EIHOTEL,20210924,124.4,126.45,121.1,125.8,3062767
EIMCOELECO,20210924,409.6,409.9,395,397.6,5468
EKC,20210924,122.8,124,117.5,118.35,250252
ELECON,20210924,173.25,173.85,169,169.75,514499
ELECTCAST,20210924,37.85,38.8,36.5,36.85,798430
ELECTHERM,20210924,121.4,121.5,116.6,117.95,41005
ELGIEQUIP,20210924,215.5,218,206.55,208.5,270591
ELGIRUBCO,20210924,38.7,38.7,37,37.45,50444
EMAMILTD,20210924,589.55,598.15,576.1,585.3,468471
EMAMIPAP,20210924,162,162.5,158.1,159,50049
EMAMIREAL,20210924,76.3,78.5,75,78.1,313657
EMKAY,20210924,118.95,119.95,116.05,116.65,40961
EMMBI,20210924,109,109,105.1,106.35,31620
ENDURANCE,20210924,1570.6,1595,1554.1,1559.05,160791
ENERGYDEV,20210924,9.15,9.3,9,9.15,37294
ENGINERSIN,20210924,74.15,74.45,73.15,73.45,1056735
ENIL,20210924,190.4,193.5,185.05,186.7,30632
EPL,20210924,253.3,253.3,246.75,250.05,634859
EQ30,20210924,433.12,438,426.5,435.38,862
EQUITAS,20210924,119.95,120.2,117.1,119.95,944340
EQUITASBNK,20210924,59.85,60.5,59.1,59.25,273731
ERIS,20210924,754.85,754.85,735,737.05,30598
EROSMEDIA,20210924,21.65,22.1,20.05,20.5,1031024
ESABINDIA,20210924,2215,2249,2170,2176.75,3705
ESCORTS,20210924,1514.8,1514.9,1451,1465.45,1032392
ESSARSHPNG,20210924,9.7,10.1,9.7,9.8,78773
ESTER,20210924,150,155.3,148.2,152,577916
EVEREADY,20210924,376,390,365.55,372.75,1484875
EVERESTIND,20210924,442,459,439.4,442.15,128623
EXCEL,20210924,3.35,3.35,3.1,3.2,44957
EXCELINDUS,20210924,1007.8,1038,1002.4,1007.45,16267
EXIDEIND,20210924,182.45,183.15,178.3,179.2,3783855
EXPLEOSOL,20210924,1055.7,1070,1037,1065.15,14809
EXXARO,20210924,159.1,160.85,153.9,156.75,639423
FACT,20210924,124.2,138.8,123.6,132.25,3367517
FAIRCHEMOR,20210924,1864,1865.8,1752.3,1806.55,17459
FCL,20210924,134.95,137.2,131.4,132.05,542846
FCONSUMER,20210924,7.3,7.45,7.25,7.25,3794518
FCSSOFT,20210924,1.4,1.4,1.35,1.4,4477104
FDC,20210924,353.1,357.6,348.25,353.85,133856
FEDERALBNK,20210924,82.5,82.55,80.55,80.85,9330468
FEL,20210924,8.65,8.75,7.8,8.35,1848387
FELDVR,20210924,11.7,11.95,11.25,11.3,80048
FIEMIND,20210924,1119.4,1131.85,1090.15,1101.65,32293
FILATEX,20210924,102,107.35,101.25,104,1630152
FINCABLES,20210924,500,503,491.1,493.05,159567
FINEORG,20210924,3166,3178.45,3103.2,3134.3,12896
FINPIPE,20210924,194.65,194.65,190.05,191.8,365700
FLEXITUFF,20210924,15.15,15.6,14.7,15,23945
FLFL,20210924,56.1,56.95,55.4,55.7,51335
FLUOROCHEM,20210924,1784.85,1820,1721,1762.95,167693
FMGOETZE,20210924,274.9,276.25,269.35,270.55,65796
FMNL,20210924,9,9.05,8.8,8.95,69943
FORCEMOT,20210924,1491.5,1520,1476.05,1481.95,34436
FORTIS,20210924,271,273.55,269.2,271.55,1635930
FOSECOIND,20210924,1474.15,1486,1463.3,1467.55,1005
FRETAIL,20210924,48,48.45,47.4,47.55,915249
FSC,20210924,71.9,72.35,69.2,69.55,49094
FSL,20210924,201,204.8,197,197.85,3658576
GABRIEL,20210924,147.05,152.2,146.05,148.2,1141853
GAEL,20210924,175.4,176.35,172,172.4,207756
GAIL,20210924,154,154.8,148.55,152.6,15631653
GAL,20210924,2.35,2.35,2.25,2.25,229011
GALAXYSURF,20210924,3394,3404,3285,3319.5,29688
GALLANTT,20210924,73.8,73.8,69.85,70.35,39304
GALLISPAT,20210924,54.6,54.95,52.5,53,37590
GANDHITUBE,20210924,455,464.6,445,452.85,5530
GANECOS,20210924,511.15,515,495.95,500.2,18175
GANESHBE,20210924,83.8,89.7,83.5,85.85,108810
GANESHHOUC,20210924,159.8,165.7,153.4,162.7,109459
GANGAFORGE,20210924,15.5,15.65,15.2,15.4,1327169
GANGESSECU,20210924,89,90.65,88.35,89.5,4864
GARFIBRES,20210924,3366.6,3420,3335,3367.35,6799
GATI,20210924,140.5,140.65,135,136.4,485884
GAYAHWS,20210924,0.6,0.65,0.6,0.6,78481
GAYAPROJ,20210924,52.1,53.75,51.25,52.7,1872827
GDL,20210924,243.35,243.35,229,231.05,96148
GEECEE,20210924,161.35,163.4,154,155.2,123904
GEEKAYWIRE,20210924,84.85,84.85,83.1,84.55,5528
GENCON,20210924,43.6,44.05,42.5,43.55,38156
GENESYS,20210924,170.9,170.9,170.9,170.9,110988
GENUSPAPER,20210924,9.7,9.9,9.4,9.5,142980
GENUSPOWER,20210924,66.8,70.7,65.8,67.8,2011461
GEOJITFSL,20210924,77.1,79.8,76.3,76.55,184631
GEPIL,20210924,307.05,310,302.7,304.55,59316
GESHIP,20210924,367.05,371,359.1,363.15,364578
GET&D,20210924,133.6,133.6,130.35,130.65,86630
GFLLIMITED,20210924,77.85,78.05,73.45,73.95,353546
GFSTEELS,20210924,2.2,2.2,2.2,2.2,2784
GHCL,20210924,399.8,423.9,398.2,419.5,1808357
GICHSGFIN,20210924,151.85,153.2,146.1,147.45,317868
GICRE,20210924,143.35,148.8,143.15,145.95,1197190
GILLANDERS,20210924,44,46.8,44,45.95,7949
GILLETTE,20210924,5973.6,6025.7,5912,5962.4,22749
GINNIFILA,20210924,32.65,32.9,31.5,31.8,78953
GIPCL,20210924,81.45,82.9,80.75,80.85,302599
GISOLUTION,20210924,2.95,2.95,2.75,2.75,11527
GKWLIMITED,20210924,644,671,639.5,655.25,290
GLAND,20210924,3930,3937.6,3832,3844.05,63278
GLAXO,20210924,1509.5,1516.95,1495.25,1498.25,35473
GLENMARK,20210924,512.5,515.45,500.3,508.1,991548
GLFL,20210924,3,3.2,3,3.2,610
GLOBAL,20210924,47,47.5,45.1,45.8,10219
GLOBALVECT,20210924,52.2,52.2,50.1,50.85,12969
GLOBE,20210924,12.25,12.25,11.7,11.95,401540
GLOBUSSPR,20210924,1415,1418.8,1350.15,1389.05,119611
GLS,20210924,693.4,698.95,681.3,684.55,160766
GMBREW,20210924,616.4,625,596,598.8,106036
GMDCLTD,20210924,70.1,71,68.3,68.45,625076
GMMPFAUDLR,20210924,4510,4538,4463.25,4501.1,18352
GMRINFRA,20210924,36.15,38.15,35.95,36.3,53833205
GNA,20210924,923,936.5,893.55,919.45,151206
GNFC,20210924,390.15,410,390.1,405.45,5593056
GOACARBON,20210924,363.75,363.75,354.1,355.2,16081
GOCLCORP,20210924,281.3,285,275.9,282.4,39239
GODFRYPHLP,20210924,1062,1062,1041.85,1043.85,24724
GODHA,20210924,40.9,40.95,37.7,40.9,3761
GODREJAGRO,20210924,656.25,658,644.25,645.8,92452
GODREJCP,20210924,1059,1066.3,1037.2,1041.65,1191536
GODREJIND,20210924,594.8,600.8,573,577.85,614253
GODREJPROP,20210924,2199.85,2273.75,2152.35,2191.45,5607060
GOKEX,20210924,196.4,199,192,192.7,109556
GOKUL,20210924,27.35,30.35,27.1,28.55,415614
GOKULAGRO,20210924,39.2,43.05,39.2,43.05,781646
GOLDBEES,20210924,40.22,40.22,39.99,40.05,6573931
GOLDENTOBC,20210924,123.15,123.15,123.15,123.15,57076
GOLDIAM,20210924,953.8,958,913.35,923.95,74976
GOLDSHARE,20210924,41,41.3,40.9,41.15,106452
GOLDTECH,20210924,39,39.7,36.05,36.05,378260
GOODLUCK,20210924,283.8,287.7,278,285.15,153786
GOODYEAR,20210924,1036.1,1044.75,1020,1036.8,16409
GPIL,20210924,1230,1239,1165,1180.3,73514
GPPL,20210924,103.15,104,100,100.4,407093
GPTINFRA,20210924,86.9,86.9,83.05,84.6,16023
GRANULES,20210924,323.5,329.5,320.6,321.8,1833473
GRAPHITE,20210924,614,614,597,601.05,266065
GRASIM,20210924,1615,1658,1615,1629.75,2001841
GRAUWEIL,20210924,62,62.45,60.5,60.95,108158
GRAVITA,20210924,198.7,201.8,193.55,196,238740
GREAVESCOT,20210924,140.2,141.65,136.55,136.85,1084936
GREENLAM,20210924,1410,1420.95,1391.2,1400.15,2946
GREENPANEL,20210924,318,324,309.25,315.65,107530
GREENPLY,20210924,176.8,185.7,175.9,181.55,978421
GREENPOWER,20210924,3.05,3.1,3,3.05,1823404
GRINDWELL,20210924,1427.25,1449.8,1408.1,1422.2,47350
GRINFRA,20210924,1946,1981.2,1915,1941.1,185427
GROBTEA,20210924,1003.7,1033.15,1000,1021.2,286
GRPLTD,20210924,999,999,935,938.8,3282
GRSE,20210924,193.75,195.5,188.9,189.85,94225
GSCLCEMENT,20210924,49.9,50.8,49.3,49.45,89144
GSFC,20210924,114.4,123.35,113.75,117.85,14279903
GSPL,20210924,321.6,324.1,315.65,319.9,729904
GSS,20210924,82.6,83.85,78.1,79.4,112858
GTL,20210924,15.75,15.75,14.7,15.2,84407
GTLINFRA,20210924,1.8,1.8,1.8,1.8,3582530
GTNTEX,20210924,7.15,7.2,7.15,7.2,387
GTPL,20210924,229.5,229.6,220.55,223.65,60818
GUFICBIO,20210924,200.45,201.95,194.5,195.35,131411
GUJALKALI,20210924,557,617.4,554,604.6,6228825
GUJAPOLLO,20210924,215.95,218.8,214.9,215.2,4494
GUJGASLTD,20210924,630,635.1,617.1,621.25,1090970
GUJRAFFIA,20210924,37.5,38.5,36.5,38.4,6230
GULFOILLUB,20210924,593.7,597.1,587,589,33011
GULFPETRO,20210924,54.45,55.9,53.4,53.55,67410
GULPOLY,20210924,258.8,258.8,241,247.95,37316
HAL,20210924,1366.8,1376.4,1326.65,1341.4,622141
HAPPSTMNDS,20210924,1475,1475,1428,1438.85,239569
HARRMALAYA,20210924,196.7,198.7,193.1,194.15,75764
HATHWAY,20210924,24.75,25.15,23.95,24.1,2729556
HATSUN,20210924,1381,1414.8,1345.45,1396.4,76530
HAVELLS,20210924,1442,1448.9,1398.45,1414.9,972346
HAVISHA,20210924,1.2,1.25,1.2,1.25,45110
HBANKETF,20210924,382.32,382.32,374.88,376.23,1970
HBLPOWER,20210924,48.9,49.2,47.7,48,442872
HBSL,20210924,40.95,41.5,39.1,39.8,14494
HCC,20210924,9.7,9.8,9.6,9.65,2263746
HCG,20210924,253,254.9,247,248.65,157220
HCL-INSYS,20210924,13.75,13.95,13.55,13.7,507459
HCLTECH,20210924,1340,1377.75,1337,1358.2,7951730
HDFC,20210924,2818.6,2850,2800,2839,2433032
HDFCAMC,20210924,3254.1,3264.5,3188.5,3208.2,326338
HDFCBANK,20210924,1579,1607.95,1575,1601.55,10403351
HDFCLIFE,20210924,728.9,731.3,720.75,725.8,2219394
HDFCMFGETF,20210924,41.29,41.29,41.06,41.15,547473
HDFCNIFETF,20210924,198.86,198.86,188,190.34,13484
HDFCSENETF,20210924,645.99,647.74,640,642.42,2841
HEG,20210924,2249,2254,2184.9,2190.45,69339
HEIDELBERG,20210924,259.75,259.75,255.35,257.35,115682
HEMIPROP,20210924,150.45,152.7,140.6,142.65,3026064
HERANBA,20210924,812.8,816.7,784,787.75,197642
HERCULES,20210924,141.8,143,138.85,139.8,45929
HERITGFOOD,20210924,476.5,485.4,462.1,464.25,98046
HEROMOTOCO,20210924,2850,2862.3,2817.35,2833.45,603710
HESTERBIO,20210924,2524.95,2544,2484,2497.5,9374
HEXATRADEX,20210924,162.9,162.9,150.1,152.25,6049
HFCL,20210924,73,73.5,70.6,71.1,1509530
HGINFRA,20210924,648.9,660,625,633.95,148146
HGS,20210924,2899,2905,2821.65,2844.85,9209
HIKAL,20210924,644.7,648.8,625.55,629.9,129127
HIL,20210924,5300,5311.95,5188,5204.75,12217
HILTON,20210924,13.6,13.85,13.3,13.8,10957
HIMATSEIDE,20210924,254.3,266.7,251.5,266.7,562127
HINDALCO,20210924,481,485.65,473.6,478.75,9226843
HINDCOMPOS,20210924,340,341,324.1,326.45,24120
HINDCON,20210924,62.9,63.8,61.5,62.7,14422
HINDCOPPER,20210924,113.75,114,109.65,110.25,2876909
HINDMOTORS,20210924,7.5,7.5,7.3,7.35,117450
HINDNATGLS,20210924,36.5,37,35.55,36.75,24901
HINDOILEXP,20210924,203.75,206.7,196.25,198.7,706111
HINDPETRO,20210924,280.2,282.4,274.1,274.8,2359727
HINDUNILVR,20210924,2770.1,2780,2731.4,2746.65,1635284
HINDZINC,20210924,324,325.5,319.25,322.6,768446
HIRECT,20210924,202.1,205.2,194.2,197.1,38606
HISARMETAL,20210924,126.6,130,122.55,126.9,40216
HITECH,20210924,615,615,593.95,596.95,17906
HITECHCORP,20210924,219.8,225,217.55,220,2892
HITECHGEAR,20210924,271.05,278,260.55,263.2,4636
HLEGLAS,20210924,6600,6660,6225.65,6380.55,33107
HLVLTD,20210924,9.55,9.55,9,9.1,283409
HMVL,20210924,76.85,77.8,75.4,75.7,66555
HNDFDS,20210924,2020,2067.95,1985,1999.2,5754
HNGSNGBEES,20210924,321.99,321.99,313,315.46,4557
HOMEFIRST,20210924,603.4,614.45,585,602.05,214053
HONAUT,20210924,44245,44487,43695.45,44286.75,2965
HONDAPOWER,20210924,1190.4,1190.4,1170.35,1177,2727
HOVS,20210924,60.45,62.35,60,61.35,3507
HPL,20210924,70.5,70.5,67.5,69.25,108240
HSCL,20210924,52.55,55,51.4,52.35,10421298
HSIL,20210924,229.9,237.7,226.3,229.35,222162
HTMEDIA,20210924,25,25.5,24.5,24.8,248508
HUBTOWN,20210924,28.6,29.55,28.6,29,128985
HUDCO,20210924,46.7,46.85,44.5,44.7,4071902
HUHTAMAKI,20210924,270,271,266.05,268.55,51459
IBMFNIFTY,20210924,178.5,180.55,177,178.37,1127
IBREALEST,20210924,154.7,161,149.35,150.65,19096501
IBULHSGFIN,20210924,230.8,238.2,221.5,225.85,17837943
ICDSLTD,20210924,96.95,96.95,96.95,96.95,955
ICEMAKE,20210924,75.8,75.8,74.15,74.45,6388
ICICI500,20210924,254.35,254.35,247.45,250.61,6001
ICICIALPLV,20210924,183.52,185.3,182.12,184.35,12288
ICICIB22,20210924,44.55,44.85,43.85,44,819489
ICICIBANK,20210924,722.6,724.6,716.55,722.95,11780868
ICICIBANKN,20210924,387.7,387.7,361.7,376.58,1887
ICICIBANKP,20210924,188.11,196.78,188.11,195.54,2323
ICICIFMCG,20210924,415.01,419.39,411,411.7,2655
ICICIGI,20210924,1583,1604.85,1578,1587.15,976417
ICICIGOLD,20210924,41.24,41.24,40.8,41.07,248503
ICICILIQ,20210924,1000,1000,999.5,999.99,30362
ICICILOVOL,20210924,140.59,147.55,140.59,145.54,173676
ICICIM150,20210924,116,116.5,114,114.32,20517
ICICIMCAP,20210924,108.7,108.7,105.8,106.04,11555
ICICINF100,20210924,198.48,198.48,194,195.12,13566
ICICINIFTY,20210924,208.3,208.3,179.6,191.04,130598
ICICINV20,20210924,98.55,99.3,97.01,98.23,17957
ICICINXT50,20210924,44.59,44.59,43.82,44.05,53547
ICICIPHARM,20210924,91.15,91.97,89.72,90.08,12356
ICICIPRULI,20210924,686,693.5,670.5,673.5,1497500
ICICISENSX,20210924,653.99,655.2,648,650.43,888
ICICITECH,20210924,377.45,385,371.53,380.14,537019
ICIL,20210924,262.95,284.05,261,273.65,2238359
ICRA,20210924,3673.95,3673.95,3550.05,3572.85,30066
IDBI,20210924,39,39.5,38.6,38.8,8954136
IDBIGOLD,20210924,4244.5,4258.95,4236.6,4240.55,65
IDEA,20210924,10.6,11.65,10.45,11.5,948798242
IDFC,20210924,55.6,56.15,54.55,55.8,10207992
IDFCFIRSTB,20210924,48.7,49.1,46.55,47.1,32377216
IDFNIFTYET,20210924,190.2,190.2,185,186.45,958
IEX,20210924,603,615,588.7,591.35,4144206
IFBAGRO,20210924,577.55,597.5,567.35,588.2,21303
IFBIND,20210924,1217.85,1261.75,1200,1226,117879
IFCI,20210924,12.05,12.35,11.95,12,3481954
IFGLEXPOR,20210924,320,322.95,310,313.05,55895
IGARASHI,20210924,518,534.8,510.15,522.7,120797
IGL,20210924,540,541.5,528.7,530.5,1175774
IGPL,20210924,747.65,747.9,725,728.05,75215
IIFL,20210924,274.8,280,266.65,277.6,642960
IIFLSEC,20210924,93.1,95.5,93.05,93.3,238738
IIFLWAM,20210924,1618.9,1652.15,1597,1641.1,109809
IITL,20210924,68,69.85,66.2,67.75,1247
IMAGICAA,20210924,7.85,8,7.55,7.6,166396
IMFA,20210924,699.65,710,676,702.25,21786
IMPAL,20210924,761,762,760,760.2,3275
INCREDIBLE,20210924,26.7,27.5,26.7,27.4,3013
INDBANK,20210924,23.6,23.6,22.65,22.8,74682
INDHOTEL,20210924,186.65,186.9,174.7,178.8,10933180
INDIACEM,20210924,186.75,192.8,181.4,188.6,4301846
INDIAGLYCO,20210924,684.7,699.9,668.55,678.3,231008
INDIAMART,20210924,8629.2,8730,8462.1,8505.8,131928
INDIANB,20210924,131.95,132.9,125.9,128.3,3482477
INDIANCARD,20210924,172.4,172.4,163.05,164.65,347
INDIANHUME,20210924,199.95,199.95,194.1,194.5,39515
INDIGO,20210924,2217,2221.9,2114.5,2138.7,871505
INDIGOPNTS,20210924,2592.95,2695,2574.05,2587.85,132369
INDLMETER,20210924,12.2,12.2,11.55,11.65,41845
INDNIPPON,20210924,366.35,366.35,356.4,358.4,29414
INDOCO,20210924,464.5,464.5,441,447.05,242430
INDORAMA,20210924,50.05,52.45,50,50.25,52295
INDOSTAR,20210924,296,299.65,289,289.95,125339
INDOTECH,20210924,154.2,154.95,151.15,152.25,2522
INDOTHAI,20210924,87,91,87,90,27277
INDOWIND,20210924,6.4,6.4,6.1,6.1,52730
INDRAMEDCO,20210924,84.4,84.55,81.5,82.7,272074
INDSWFTLAB,20210924,63,64.85,63,63.85,57455
INDSWFTLTD,20210924,9.6,9.75,8.95,9.35,53269
INDTERRAIN,20210924,41.8,41.9,39.3,39.9,179544
INDUSINDBK,20210924,1172.2,1189.35,1141.25,1163.05,4615559
INDUSTOWER,20210924,280.7,324,278.5,317.65,58100771
INEOSSTYRO,20210924,1384.1,1389.9,1340.6,1346.2,7945
INFIBEAM,20210924,43,43.5,42,43,4303070
INFOBEAN,20210924,375,390,370,376.2,13911
INFOMEDIA,20210924,3.65,3.95,3.65,3.65,10720
INFRABEES,20210924,525,530.35,507.03,519.19,3669
INFY,20210924,1758,1788,1752.45,1763.85,8280446
INGERRAND,20210924,986.35,994,974.75,980.3,14825
INOXLEISUR,20210924,350,355.5,337.2,349.5,1212112
INOXWIND,20210924,103.9,104.65,102.05,102.45,1658214
INSECTICID,20210924,713.5,714.35,698,700.7,10076
INSPIRISYS,20210924,48.05,50.5,48.05,49.4,6455
INTELLECT,20210924,697,717.05,682.25,686.2,533329
INTENTECH,20210924,68.5,68.5,66,66.4,31201
INTLCONV,20210924,73.35,73.35,68.1,69.55,64108
INVENTURE,20210924,3,3.05,2.85,2.9,8916109
IOB,20210924,20.75,20.85,20.3,20.4,2521820
IOC,20210924,118,118.95,116,117.25,7922579
IOLCP,20210924,564.65,574,563,570.35,308877
IPCALAB,20210924,2486,2497.5,2392.55,2400.95,166876
IPL,20210924,314.4,315.45,308.5,309.4,220166
IRB,20210924,172.05,176.15,171.75,173.95,2659075
IRCON,20210924,45,46.6,44.6,45.8,9786989
IRCTC,20210924,3720,3736,3640,3689.25,1539638
IRFC,20210924,22.45,22.55,22.25,22.3,10388205
IRISDOREME,20210924,173,180,172.2,173.25,4195
ISEC,20210924,752,768,741,747.75,586796
ISFT,20210924,127.5,127.5,125,125.8,38477
ISGEC,20210924,752.25,762.2,743,746.45,86516
ISMTLTD,20210924,29.75,29.75,27.7,28.15,165222
ITC,20210924,244,244,237.7,238.45,24823291
ITDC,20210924,418.7,419.65,408,409.5,69221
ITDCEM,20210924,79.9,82.3,77.75,77.95,1291185
ITI,20210924,119.1,120.95,117.6,118,383527
IVC,20210924,5.95,6.05,5.8,5.85,184247
IVP,20210924,121,121,113.3,115.4,9299
IVZINGOLD,20210924,4169,4170,4150.05,4157.35,55
IVZINNIFTY,20210924,1938.1,1952.4,1929,1952.4,11
IWEL,20210924,635,674.9,628,628.05,3893
IZMO,20210924,94,96.45,93.05,93.65,19069
J&KBANK,20210924,37.2,37.25,36.4,36.55,1477776
JAGRAN,20210924,61.85,61.85,59.4,59.8,91738
JAGSNPHARM,20210924,155.95,155.95,150,151.45,28102
JAIBALAJI,20210924,54.5,55.9,52.35,52.85,26078
JAICORPLTD,20210924,136.25,140.7,132.9,133.85,6903059
JAIPURKURT,20210924,57.05,62.25,57.05,59.4,44176
JAMNAAUTO,20210924,89.7,91.95,88.8,90.5,1267628
JASH,20210924,521,521,515,519.5,7311
JAYAGROGN,20210924,251,253.65,244.05,248.45,33242
JAYBARMARU,20210924,189.45,194.35,186.05,190.9,56191
JAYNECOIND,20210924,20.95,20.95,19.5,20,125170
JAYSREETEA,20210924,107.4,108.9,105,105.35,71087
JBCHEPHARM,20210924,1765.3,1855,1745.15,1835.8,518397
JBFIND,20210924,27.4,27.4,24.8,26,1130501
JBMA,20210924,524,524,505,510.45,222342
JCHAC,20210924,2190,2199.95,2168,2172.75,8657
JHS,20210924,24.6,25,24.2,24.55,68304
JIKIND,20210924,0.6,0.65,0.55,0.6,64746
JINDALPHOT,20210924,112.15,112.95,110.9,112,15191
JINDALPOLY,20210924,1027.9,1029.85,996,999.1,56799
JINDALSAW,20210924,117.55,117.55,113.25,114.05,923872
JINDALSTEL,20210924,372.9,372.9,357,359.15,7902775
JINDRILL,20210924,139,142.15,135.9,136.95,87480
JINDWORLD,20210924,88.3,92.8,86.8,87.25,556741
JISLDVREQS,20210924,23.55,23.55,22.65,22.8,62282
JISLJALEQS,20210924,36.9,37.75,35.5,35.95,3718457
JITFINFRA,20210924,162.45,162.45,156,162.45,403394
JKCEMENT,20210924,3228,3238.85,3120,3134.75,39573
JKIL,20210924,191.6,193,185.8,187,195849
JKLAKSHMI,20210924,658,665.95,636.15,641.75,405150
JKPAPER,20210924,241.4,244,235,235.6,694022
JKTYRE,20210924,156.7,157.1,152.5,153,655581
JMA,20210924,63.35,64.4,59.3,60.65,21802
JMCPROJECT,20210924,102,102.6,99.2,99.75,100811
JMFINANCIL,20210924,92,93.1,90,92.3,2126452
JMTAUTOLTD,20210924,2.75,2.8,2.7,2.8,455432
JOCIL,20210924,231.1,238.95,227.15,236.25,78222
JPASSOCIAT,20210924,9,9,8.45,8.5,6151545
JPINFRATEC,20210924,1.9,2,1.9,1.95,1395953
JPOLYINVST,20210924,63.4,63.4,63.4,63.4,1092
JPPOWER,20210924,4.2,4.4,4.1,4.3,72280923
JSL,20210924,164.55,164.55,157.3,160.25,1586907
JSLHISAR,20210924,285.8,288.8,276.5,277.8,305669
JSWENERGY,20210924,350.9,352.9,340,350.05,644782
JSWHL,20210924,4702,4830,4702,4762.4,1209
JSWISPL,20210924,32.65,32.9,32.1,32.45,752291
JSWSTEEL,20210924,677.25,679,650.75,659.15,7363339
JTEKTINDIA,20210924,111.4,111.9,106.1,106.6,270233
JUBLFOOD,20210924,4181.15,4198.5,4064.35,4116.95,312468
JUBLINDS,20210924,512,516.6,496.25,499.5,16804
JUBLINGREA,20210924,781.65,782.6,750,763,1232127
JUBLPHARMA,20210924,618.1,627,615,617.6,200909
JUMPNET,20210924,8.8,8.85,8.45,8.5,547130
JUNIORBEES,20210924,521.2,521.2,447,451.34,71876
JUSTDIAL,20210924,990,991.5,986.5,989.45,515121
JYOTHYLAB,20210924,169.2,169.5,164.05,165.55,237191
KABRAEXTRU,20210924,245,257.4,242.8,246.75,280117
KAJARIACER,20210924,1188,1265.8,1174,1242.15,1283982
KAKATCEM,20210924,246.7,248.75,239.6,240.4,21215
KALPATPOWR,20210924,406.15,412.65,394.05,399.35,344174
KALYANIFRG,20210924,193,202.9,193,195.2,758
KALYANKJIL,20210924,70.65,70.65,68.75,69.5,860080
KAMATHOTEL,20210924,53.8,54.65,50.5,51.1,185785
KAMDHENU,20210924,206,208,196.6,201.9,144136
KANANIIND,20210924,8.45,9.1,8.45,8.85,3307
KANORICHEM,20210924,200,205,194.25,194.65,70084
KANPRPLA,20210924,172.9,172.9,164.5,164.8,15844
KANSAINER,20210924,628,634,625.05,628.65,609618
KAPSTON,20210924,82.1,88.9,82.1,88.8,2089
KARDA,20210924,16.95,17,16.45,16.6,1893959
KARMAENG,20210924,18.95,18.95,17.75,18.35,2435
KARURVYSYA,20210924,48.15,49.7,46.1,48.55,7008892
KAUSHALYA,20210924,2.55,2.55,2.4,2.55,32603
KAVVERITEL,20210924,10.95,10.95,10.95,10.95,27392
KAYA,20210924,438.45,439.4,427,434.5,16961
KCP,20210924,142,144,138.9,139.55,187821
KCPSUGIND,20210924,21.85,22.45,21.3,21.6,362832
KDDL,20210924,423.05,432.65,412,420,9177
KEC,20210924,453.55,461.95,445,452.75,426310
KECL,20210924,16.7,17.25,16.7,16.95,65790
KEERTI,20210924,22.1,22.1,20.2,20.8,21446
KEI,20210924,907.1,994.7,902.05,979.2,2488847
KELLTONTEC,20210924,52.45,53.8,51.9,52.35,520973
KENNAMET,20210924,1419.95,1435.85,1385,1407.05,9189
KERNEX,20210924,73.7,73.7,73.7,73.7,11262
KESORAMIND,20210924,73.45,73.45,71.6,71.8,326785
KEYFINSERV,20210924,79.9,79.95,77,77.6,2839
KHADIM,20210924,232.45,233.75,227.8,229.65,30966
KHAICHEM,20210924,58.55,59.95,56.25,59.45,161202
KHAITANLTD,20210924,40.75,40.75,37.05,39.65,6103
KHANDSE,20210924,16.45,16.85,15.9,16.45,7725
KICL,20210924,2147.95,2147.95,2110,2112,424
KILITCH,20210924,171.95,174.9,166.5,167.6,12655
KIMS,20210924,1233,1243,1205,1223.85,96238
KINGFA,20210924,1089.7,1089.7,1013.4,1017.7,5577
KIOCL,20210924,250.55,254.3,235.35,242.65,45913
KIRIINDUS,20210924,534.4,543,511,512.4,335166
KIRLFER,20210924,245.65,246.5,237.6,242.4,110613
KIRLOSBROS,20210924,364,367.9,353.65,356.1,89107
KIRLOSENG,20210924,213.1,216.15,210.05,210.45,92324
KIRLOSIND,20210924,1641,1683.5,1609.5,1616.75,8399
KITEX,20210924,170.5,171.85,168.15,168.5,103572
KKCL,20210924,898.75,960,881.05,898.4,63559
KMSUGAR,20210924,25.65,26.15,25.4,25.65,329286
KNRCON,20210924,295.65,297,290,292.1,345560
KOKUYOCMLN,20210924,67.9,69.9,67.1,67.8,308797
KOLTEPATIL,20210924,345,347.4,328.35,331.2,1774809
KOPRAN,20210924,212,212.9,205.05,205.75,44378
KOTAKBANK,20210924,2030,2052.35,2013.9,2028.1,2114888
KOTAKBKETF,20210924,381.36,384.99,380.22,381.5,96874
KOTAKGOLD,20210924,40.54,40.6,40.08,40.4,590432
KOTAKIT,20210924,37.5,38.2,37.3,38.02,46673
KOTAKNIFTY,20210924,192.78,192.78,187.26,187.77,24810
KOTAKNV20,20210924,100.49,100.99,99.01,100.11,15757
KOTAKPSUBK,20210924,237,238.5,230.5,231.46,13599
KOTARISUG,20210924,31.45,32.8,30.9,31,270480
KOTHARIPET,20210924,53.1,55,51.8,52.4,98369
KOTHARIPRO,20210924,96.55,99.45,96.55,98.8,1655
KOVAI,20210924,1677,1699,1518.3,1690.55,13574
KPIGLOBAL,20210924,134.25,137.6,130,132.95,37453
KPITTECH,20210924,357,375.75,355,369.25,5668307
KPRMILL,20210924,426.3,493.75,425,461.5,1552837
KRBL,20210924,288.9,293.3,283.1,285.55,1194351
KREBSBIO,20210924,189.7,192.45,181.15,183.75,86864
KRIDHANINF,20210924,4.45,4.45,4.1,4.45,208203
KRISHANA,20210924,176.5,182.4,173.45,182.4,22526
KRSNAA,20210924,809,809,788.6,795.05,80339
KSB,20210924,1282,1282,1221.5,1242.5,26511
KSCL,20210924,591.9,593.95,580,580.9,151467
KSL,20210924,393,393,383.1,385.9,32377
KTKBANK,20210924,70.4,70.9,68,68.35,1245666
KUANTUM,20210924,73.15,74,72.5,72.8,12679
L&TFH,20210924,88.25,88.5,84.85,85.45,6654749
LALPATHLAB,20210924,4050,4050,3840,3889.65,325695
LAMBODHARA,20210924,81,82.3,80.2,81.35,5669
LAOPALA,20210924,297.7,300.95,292.5,292.75,84190
LASA,20210924,77.5,78.15,74.05,74.35,230169
LAURUSLABS,20210924,625.3,626.9,608.1,610.15,2093230
LAXMIMACH,20210924,8138,8138.9,7900,7922.5,5102
LCCINFOTEC,20210924,2.1,2.1,1.95,2,302797
LEMONTREE,20210924,43.25,43.35,40,41,6081161
LFIC,20210924,79.2,80.4,78,78.75,388
LGBBROSLTD,20210924,424,433,421.55,426.35,133055
LGBFORGE,20210924,6.6,6.75,6.3,6.4,177271
LIBAS,20210924,51.9,52.6,50.75,52.25,971841
LIBERTSHOE,20210924,172.8,173.45,169.05,169.45,127939
LICHSGFIN,20210924,443.85,443.85,426.75,429.25,3209523
LICNETFGSC,20210924,23.35,23.35,22.75,22.82,8950
LICNETFN50,20210924,189.5,192.36,187.1,191.78,801
LICNETFSEN,20210924,640,647.98,638.65,643.32,98
LICNFNHGP,20210924,177.98,180,177,178.95,314
LIKHITHA,20210924,389.5,389.9,373.05,378.4,56893
LINCOLN,20210924,391.05,395,383,383.75,107011
LINCPEN,20210924,211,219,210.8,215.75,4419
LINDEINDIA,20210924,2820,2834.9,2740,2759.5,178961
LIQUIDBEES,20210924,1002.79,1002.79,999.3,1000.01,1608563
LIQUIDETF,20210924,999.99,1000.01,999.99,1000,10665
LODHA,20210924,1115.7,1122,1033,1062,625154
LOKESHMACH,20210924,54.85,55,50.5,51.55,43606
LOTUSEYE,20210924,47.25,49.05,45,47.2,21699
LOVABLE,20210924,116,116.95,113.1,113.8,49810
LPDC,20210924,4.4,4.7,4.4,4.55,35085
LSIL,20210924,3.1,3.1,3,3,1169701
LT,20210924,1780,1810,1750,1768.75,3612494
LTI,20210924,6170,6498.5,6100,6231.35,1103223
LTTS,20210924,4832,5000,4804.95,4848.5,705428
LUMAXIND,20210924,1469,1473,1450,1452.05,2634
LUMAXTECH,20210924,137.75,140.5,135.5,136.55,62453
LUPIN,20210924,943,947,922.8,926.2,1085830
LUXIND,20210924,3716.55,3716.55,3613.35,3646.75,44861
LXCHEM,20210924,557,563.95,542,545.2,2247089
LYKALABS,20210924,89.1,89.1,84.05,84.55,142266
LYPSAGEMS,20210924,4.4,4.4,4.2,4.25,23003
M&M,20210924,759.5,782.05,752.55,779.45,4967824
M&MFIN,20210924,185.2,186.15,181.2,181.95,5256102
MAANALU,20210924,132.95,132.95,126,126.55,18484
MACPOWER,20210924,179.9,179.9,171.55,173.45,3598
MADHAV,20210924,56.95,57,54.2,54.45,9320
MADHUCON,20210924,4.8,4.8,4.5,4.6,73170
MADRASFERT,20210924,29.65,34,29.2,32.05,3774276
MAESGETF,20210924,31,31,30.44,30.54,3783
MAFANG,20210924,53.59,53.65,53.25,53.34,134445
MAFSETF,20210924,18.56,18.64,18.53,18.61,245050
MAGADSUGAR,20210924,295,300,281.95,284,53123
MAGNUM,20210924,7.55,8,7.35,7.75,46276
MAHABANK,20210924,18.5,18.5,18,18.05,4182781
MAHAPEXLTD,20210924,92.95,93.5,90.55,90.9,3552
MAHASTEEL,20210924,90.3,92.8,90.3,91.15,14476
MAHEPC,20210924,135.65,135.7,132.9,133.45,67700
MAHESHWARI,20210924,101.65,103.9,100.45,102.1,39822
MAHINDCIE,20210924,234.7,234.8,226.5,228.25,135780
MAHLIFE,20210924,292,295,284.4,285.6,1155333
MAHLOG,20210924,730,733.75,719,723.95,40787
MAHSCOOTER,20210924,4798,4799,4670,4680.25,6626
MAHSEAMLES,20210924,317.8,317.8,312.5,314,53835
MAITHANALL,20210924,1003.6,1017.5,971,984.3,101235
MAJESCO,20210924,88.7,88.7,80.25,85.45,209629
MALUPAPER,20210924,32.55,33.6,32.5,33.1,27588
MAN50ETF,20210924,187.25,187.25,183.5,184,4983
MANAKALUCO,20210924,19.6,20.55,19.5,20.05,96886
MANAKCOAT,20210924,14.55,14.85,14.35,14.45,242341
MANAKSIA,20210924,65.05,66.1,64.7,65,28812
MANAKSTEEL,20210924,31.95,32.35,31.35,31.8,33078
MANALIPETC,20210924,105.2,108.4,100.05,106.65,1791781
MANAPPURAM,20210924,175.2,176.7,170.9,173,10644679
MANGALAM,20210924,148.2,148.2,132.5,147.15,103486
MANGCHEFER,20210924,74.35,81.5,73.9,80,3399262
MANGLMCEM,20210924,459.5,462.9,445.55,447.65,64808
MANGTIMBER,20210924,20.2,20.2,18.4,18.4,7321
MANINDS,20210924,112.35,112.35,108.8,109.5,196474
MANINFRA,20210924,92.3,100.15,91.4,99,6969193
MANUGRAPH,20210924,12.15,12.5,11.8,12,8119
MANXT50,20210924,441.85,441.85,428.5,429.88,2899
MARALOVER,20210924,79.45,79.45,76,76.55,43198
MARATHON,20210924,96,104.1,92.1,104.1,780985
MARICO,20210924,569.45,570,556.55,557.35,2833374
MARINE,20210924,37.25,37.25,36,36.2,580449
MARKSANS,20210924,69.7,70.25,68.6,69.05,1570896
MARUTI,20210924,6850,7037.8,6848,6952.25,1649962
MASFIN,20210924,791,800.55,764,769,17956
MASKINVEST,20210924,48.1,48.1,43.6,45,889
MASPTOP50,20210924,28.22,28.32,27.65,28.04,486265
MASTEK,20210924,3154.8,3234.9,3106.85,3136.45,136656
MATRIMONY,20210924,1009,1023.75,992,997.75,18040
MAWANASUG,20210924,84.75,84.75,82,82.25,22443
MAXHEALTH,20210924,373.75,376.85,361,364.95,519024
MAXIND,20210924,73.7,74,72.75,72.9,150508
MAXVIL,20210924,103.7,110,102.4,104.25,998024
MAYURUNIQ,20210924,477,483.6,463.6,467.6,100680
MAZDA,20210924,655,685,650,671.45,29219
MAZDOCK,20210924,253.05,255.75,250.35,252.05,265890
MBAPL,20210924,186,186,177.65,179.9,34180
MBECL,20210924,7.35,7.35,6.95,6.95,242348
MBLINFRA,20210924,18.75,18.75,18.05,18.25,42485
MCDHOLDING,20210924,69.5,69.95,67.6,68.25,241845
MCDOWELL-N,20210924,834.95,853.25,817.75,827.7,4833080
MCL,20210924,40.6,40.6,39.5,39.75,22821
MCLEODRUSS,20210924,30.85,30.85,29.5,30.85,1186890
MCX,20210924,1630,1692.7,1617.8,1659.3,1529465
MEGASOFT,20210924,19.4,19.5,18.1,18.15,193088
MENONBE,20210924,71.7,74,70.85,71.95,27652
MEP,20210924,20.9,21.15,20.25,20.4,204439
MERCATOR,20210924,1.9,1.9,1.85,1.85,457789
METROPOLIS,20210924,3110,3132.4,2976.75,3055.4,212166
MFL,20210924,727.3,737.5,701,708.7,76223
MFSL,20210924,1052,1065,1041,1045.25,748894
MGEL,20210924,51.45,51.45,50.6,51,12880
MGL,20210924,1116.8,1122.8,1090.05,1097.05,561328
MHRIL,20210924,242,246.5,234.7,239.25,430116
MIDHANI,20210924,186,186.6,183.5,185.35,171128
MINDACORP,20210924,129.9,130.5,127,127.5,315202
MINDAIND,20210924,739,739.95,730.3,736.2,287802
MINDTECK,20210924,90.9,92.15,89.05,89.3,55048
MINDTREE,20210924,4587,4733.9,4580,4601,2047220
MIRCELECTR,20210924,17.15,17.6,16.8,17.6,155004
MIRZAINT,20210924,59.7,60.8,58,59.25,465044
MITTAL,20210924,10.05,10.25,10.05,10.2,12786
MMFL,20210924,825,837.8,811.5,828.25,9437
MMP,20210924,152.25,156.9,150.5,152.7,29768
MMTC,20210924,43.95,44.3,43,43.1,863790
MODIRUBBER,20210924,81.85,81.85,81.85,81.85,2119
MODISNME,20210924,72.2,73.4,70.5,70.65,37234
MOGSEC,20210924,54,54,48.78,48.84,11783
MOHITIND,20210924,12.45,12.45,11.6,11.95,8255
MOHOTAIND,20210924,8.95,9,8.25,8.25,28187
MOIL,20210924,162.95,163.45,160.05,160.8,185289
MOKSH,20210924,38.55,38.55,37.9,38.4,428197
MOL,20210924,127.4,128,121.65,122.75,1347748
MOLDTECH,20210924,79.5,79.8,77.5,78.55,10721
MOLDTKPAC,20210924,540.2,549.05,525.55,531.5,71382
MOM100,20210924,32.14,32.14,31.13,31.48,137673
MOM50,20210924,179.45,179.45,176.32,176.78,2726
MON100,20210924,112.5,112.5,110.35,110.63,456501
MONTECARLO,20210924,349.55,349.55,339.1,340.2,14945
MORARJEE,20210924,15.95,15.95,15,15.35,16096
MOREPENLAB,20210924,58.1,58.8,56.55,56.9,1494820
MOTHERSUMI,20210924,227.55,228.15,223.05,224.7,3578000
MOTILALOFS,20210924,878.9,887.6,858.35,871.95,628482
MOTOGENFIN,20210924,25.1,25.8,25.05,25.2,2078
MPHASIS,20210924,3375,3534.6,3322.8,3342.35,1223208
MPSLTD,20210924,718.8,718.95,675.1,683.8,18927
MRF,20210924,80500,80690,79055.05,79456.5,11095
MRO-TEK,20210924,66.4,68,63.1,63.3,29331
MRPL,20210924,44.25,45.15,43.55,44.5,1913512
MSPL,20210924,9.45,9.65,9.15,9.35,297923
MSTCLTD,20210924,315.8,317.6,305,306.65,430194
MTARTECH,20210924,1432.8,1433,1399.55,1414.4,97506
MTEDUCARE,20210924,8.85,9.25,8.45,8.9,186187
MTNL,20210924,18.8,19.2,18.05,18.5,1876090
MUKANDLTD,20210924,137.4,137.4,131.5,132.5,26977
MUKTAARTS,20210924,41,41.35,39.7,39.8,13311
MUNJALAU,20210924,57.6,58.25,57,57.05,92647
MUNJALSHOW,20210924,135.2,135.9,132.8,133.05,37000
MURUDCERA,20210924,26.4,26.4,25.5,25.95,113888
MUTHOOTCAP,20210924,400.35,404.5,395,398.05,25732
MUTHOOTFIN,20210924,1520,1530.7,1496,1505.05,346181
NACLIND,20210924,75.9,77.8,73.6,76.15,261009
NAGAFERT,20210924,11.15,11.95,10.9,11.95,1064035
NAGREEKCAP,20210924,8,8,8,8,500
NAGREEKEXP,20210924,32.95,33.9,30.7,32.45,19156
NAHARCAP,20210924,270,274.15,264.2,264.65,15745
NAHARINDUS,20210924,107.6,108,105.05,106.1,17632
NAHARPOLY,20210924,256.9,258.2,244.9,245.85,42529
NAHARSPING,20210924,399,403.95,376.15,380.95,33025
NAM-INDIA,20210924,448.5,448.75,430.65,437.45,1421046
NATCOPHARM,20210924,890,890,874.1,879.95,172668
NATHBIOGEN,20210924,328.75,336.95,325,326.05,37537
NATIONALUM,20210924,91,91.65,87.1,88.5,29569027
NATNLSTEEL,20210924,4.2,4.2,3.9,4,53107
NAUKRI,20210924,6850,6888,6643,6651.5,310339
NAVINFLUOR,20210924,3935,3950.9,3870,3900.55,98294
NAVKARCORP,20210924,43.2,43.2,41.2,41.5,464417
NAVNETEDUL,20210924,101.1,103.9,100,103.05,676601
NAZARA,20210924,2170.95,2172,2106.85,2142.55,191299
NBCC,20210924,47.6,47.9,46,46.35,11554097
NBIFIN,20210924,2651.65,2717.95,2620,2714.75,13471
NBVENTURES,20210924,118.25,118.9,114.25,115.2,356807
NCC,20210924,83.2,83.65,80.9,81.5,2740906
NCLIND,20210924,230.7,234.9,225.1,227.65,92428
NCPSESDL24,20210924,106.97,106.97,106.88,106.88,4672
NDGL,20210924,1399.9,1399.9,1362.15,1374.75,80
NDL,20210924,69.85,71.95,66.55,68.6,90426
NDRAUTO,20210924,418,418,399.9,408.45,2233
NDTV,20210924,106.4,106.4,96.3,96.3,953438
NECCLTD,20210924,18.7,18.95,18.15,18.35,122053
NECLIFE,20210924,30.2,30.8,29.5,29.65,910173
NELCAST,20210924,85.2,86.35,84,84.2,86868
NELCO,20210924,569.5,592.5,567,592.5,388110
NEOGEN,20210924,1309.7,1309.7,1238,1252.05,118025
NESCO,20210924,620,621.95,605,610.5,81228
NESTLEIND,20210924,19927,19980,19800,19864.25,41894
NETF,20210924,217.2,217.2,212.5,217.2,516
NETFCONSUM,20210924,81.94,81.94,79.2,79.27,13111
NETFDIVOPP,20210924,46.13,49.48,45.5,45.69,25674
NETFGILT5Y,20210924,49,49,48.85,48.92,662
NETFIT,20210924,37.6,38.56,37.6,37.81,1796055
NETFLTGILT,20210924,22.88,22.89,22.73,22.74,15849
NETFMID150,20210924,116.87,116.87,110.9,114.51,316070
NETFNIF100,20210924,189.58,190.57,182.6,186.07,4407
NETFNV20,20210924,101.87,102.3,100.51,101.67,5997
NETFPHARMA,20210924,14.5,14.5,14.23,14.37,192620
NETFSDL26,20210924,106.22,106.29,106.15,106.15,363
NETWORK18,20210924,52.05,52.7,51.25,51.5,714006
NEULANDLAB,20210924,1570,1588,1530.1,1537.4,18382
NEWGEN,20210924,598,610,580.1,600.65,53895
NEXTMEDIA,20210924,6.15,6.15,6.15,6.15,35030
NFL,20210924,55.85,63.3,55.5,59.85,17653231
NGIL,20210924,113,117,107.65,116.2,51481
NH,20210924,555,557,514.5,520.8,283760
NHPC,20210924,27.75,28.2,27.75,27.95,6112661
NIACL,20210924,164.9,165.95,160.25,161.7,427690
NIBL,20210924,19.9,19.9,18.55,18.8,3120
NIFTYBEES,20210924,197.4,197.4,188,192.63,1273255
NIFTYEES,20210924,22830,22830,22830,22830,3
NIITLTD,20210924,327,387.4,326.95,370.6,6406990
NILAINFRA,20210924,5.3,5.45,5.25,5.35,291702
NILASPACES,20210924,1.8,1.8,1.7,1.75,108701
NILKAMAL,20210924,2880,2880,2848.25,2864.2,5474
NIPPOBATRY,20210924,1018,1022.75,981.05,991.9,6215
NIRAJ,20210924,42.65,43.4,40.3,41.3,7551
NITCO,20210924,23.5,23.65,22.5,23.2,54255
NITINSPIN,20210924,201.25,203.9,195,196.55,74624
NITIRAJ,20210924,44.5,45.4,40.6,42.4,6787
NKIND,20210924,30.7,33.9,30.7,33.9,273
NLCINDIA,20210924,57,57.6,55.8,56,1478892
NMDC,20210924,143.6,145.05,139.3,140,10274492
NOCIL,20210924,296.5,301.5,287.4,288.55,1140119
NOIDATOLL,20210924,5.75,5.8,5.5,5.8,401000
NORBTEAEXP,20210924,7,7.05,6.85,6.85,400
NOVARTIND,20210924,833,840.55,816.05,818.5,9394
NPBET,20210924,186.83,191.99,186.83,188.34,1546
NRAIL,20210924,319.5,329,315.1,316.55,32601
NRBBEARING,20210924,142,142,137,138.95,129865
NSIL,20210924,1701.85,1720,1690.65,1697.95,482
NTL,20210924,2.15,2.15,2,2,40436
NTPC,20210924,126.5,126.7,123.95,124.25,8598140
NUCLEUS,20210924,604,623.35,603,608.75,749838
NURECA,20210924,1685.3,1686.75,1612.4,1626.55,11528
NUVOCO,20210924,552.6,562,551.95,553.45,402319
NXTDIGITAL,20210924,429.95,432,420,421.85,1455
OAL,20210924,988,998,950.55,959.45,18617
OBEROIRLTY,20210924,854.9,967,847,932,14671223
OCCL,20210924,1095,1111,1085,1090.15,4300
OFSS,20210924,4715,4849,4680,4710.4,254974
OIL,20210924,216.3,219.45,214.65,217,1672423
OILCOUNTUB,20210924,7.15,7.15,6.55,7.1,43214
OLECTRA,20210924,429.9,429.9,405,418.35,196184
OMAXAUTO,20210924,45,46.9,45,45.05,19986
OMAXE,20210924,79,79,75,75.55,65288
OMINFRAL,20210924,28.15,30.5,27.3,29.15,180908
OMKARCHEM,20210924,18.25,18.4,16.9,17.1,58622
ONELIFECAP,20210924,17.4,17.45,15.9,17.45,18741
ONEPOINT,20210924,31.75,32.65,29.55,32.65,19835
ONGC,20210924,138.9,139.9,134.5,136.1,33667173
ONMOBILE,20210924,116.5,117,113,113.35,292432
ONWARDTEC,20210924,233.45,234.4,229.3,230.65,18205
OPTIEMUS,20210924,316.9,350.2,316.9,337.6,292739
OPTOCIRCUI,20210924,3.6,3.6,3.45,3.5,312260
ORBTEXP,20210924,72,76,70.55,73.15,35917
ORCHPHARMA,20210924,416,428,407,418.35,3447
ORICONENT,20210924,32.7,33.4,31.1,31.55,152862
ORIENTABRA,20210924,30.3,30.5,29.05,29.15,89715
ORIENTALTL,20210924,8.75,8.75,8.35,8.45,26079
ORIENTBELL,20210924,344.25,365,340,356.5,43339
ORIENTCEM,20210924,157.75,159.5,155.5,156.5,676783
ORIENTELEC,20210924,350.85,351.7,339.75,345,227412
ORIENTHOT,20210924,38.45,38.7,36.4,36.65,226197
ORIENTLTD,20210924,69.15,72,67.3,68.25,4745
ORIENTPPR,20210924,29.75,30.1,29.1,29.15,961527
ORISSAMINE,20210924,2991.35,3018.8,2845,2867.85,22394
ORTINLAB,20210924,27.5,27.5,26.65,26.95,12355
OSWALAGRO,20210924,17.9,18.05,17.3,17.4,115837
PAGEIND,20210924,33123.75,34876,33026.65,33631.2,56987
PAISALO,20210924,790.05,853.6,790.05,838.75,307780
PALASHSECU,20210924,78.85,80.75,75.35,78.25,33265
PALREDTEC,20210924,133.95,134.35,125.25,127.3,165272
PANACEABIO,20210924,293,293.95,286,286.55,71056
PANACHE,20210924,58,58.4,55.55,57.05,10013
PANAMAPET,20210924,276.6,278.75,265.5,267,108955
PAR,20210924,173.25,173.25,167,173.25,122682
PARACABLES,20210924,12.5,12.6,12.1,12.15,169501
PARAGMILK,20210924,125.45,126.45,123.7,124,352019
PARSVNATH,20210924,15.75,16.3,15,15,691307
PATELENG,20210924,16.7,16.85,16.3,16.55,1031558
PATINTLOG,20210924,22.5,23.15,21.8,22.5,54919
PATSPINLTD,20210924,9.15,9.7,8.95,9.25,27654
PBAINFRA,20210924,9.85,10.7,9.85,10.65,4122
PCJEWELLER,20210924,25.6,26.3,25.3,25.45,1006602
PDMJEPAPER,20210924,39.1,39.45,37.15,37.95,168910
PDPL,20210924,3.3,3.3,3.3,3.3,422
PDSMFL,20210924,1299.8,1299.8,1225,1229.3,3485
PEARLPOLY,20210924,15.95,15.95,15.35,15.6,9345
PEL,20210924,2798,2830,2731,2767.5,1448440
PENIND,20210924,29,29.1,28,28.3,371412
PENINLAND,20210924,12.75,12.75,12.4,12.75,223425
PERSISTENT,20210924,3825,3833,3725.45,3754.4,246921
PETRONET,20210924,234.5,238,234.25,235.4,4267101
PFC,20210924,138.7,139.9,134.5,135.15,3610642
PFIZER,20210924,5820.05,5890,5686.1,5708.65,30570
PFOCUS,20210924,80.15,81.95,77,77.15,70063
PFS,20210924,17.9,18,17.6,17.65,425675
PGEL,20210924,423.6,427.5,407.7,411.4,20885
PGHH,20210924,14449.8,14449.8,13725.05,14065.45,5615
PGHL,20210924,5400,5418.95,5371.2,5386.7,14917
PGIL,20210924,303,309.95,292.35,297.65,13349
PHILIPCARB,20210924,255.3,262.5,252.55,253.6,1963865
PHOENIXLTD,20210924,935,954.8,914,945.5,1099115
PIDILITIND,20210924,2442,2477.7,2433.3,2451.95,554484
PIIND,20210924,3272.15,3284.6,3151,3203.85,375803
PILANIINVS,20210924,1935,1954.8,1902.45,1912.75,16287
PILITA,20210924,7.35,7.45,7,7.15,2596307
PIONDIST,20210924,171.5,175,166.2,170.1,296519
PIONEEREMB,20210924,67.7,67.7,64.8,66.85,119221
PITTIENG,20210924,146,150.35,136.45,150.35,248106
PKTEA,20210924,348,348,340,345.6,748
PLASTIBLEN,20210924,275,279.95,270.55,275.6,62372
PNB,20210924,39,39,37.75,37.9,33176080
PNBGILTS,20210924,66.4,66.4,64.5,64.9,171090
PNBHOUSING,20210924,671,674.4,653,656.1,55818
PNC,20210924,41,41,37.25,37.95,73132
PNCINFRA,20210924,357.65,370.5,355.4,368.05,424186
PODDARHOUS,20210924,189,193.75,189,193.75,9940
PODDARMENT,20210924,363.95,363.95,353,354.55,8137
POKARNA,20210924,490.6,490.6,470.25,473.9,45427
POLYCAB,20210924,2442,2447.7,2383,2409.65,336516
POLYMED,20210924,958.15,969,932.45,955.9,82724
POLYPLEX,20210924,1747,1747,1701,1705,123585
PONNIERODE,20210924,247,247,239,241.1,2340
POONAWALLA,20210924,169,172.7,165.1,169.35,354106
POWERGRID,20210924,178.3,179.5,175.8,176.15,5320059
POWERINDIA,20210924,2388,2419.65,2295.25,2310.85,20697
POWERMECH,20210924,922,947.9,890.2,906.15,116410
PPAP,20210924,241,245.45,237,240.5,27019
PPL,20210924,165,166.3,160.2,161.3,75670
PRADIP,20210924,1,1,1,1,6940
PRAENG,20210924,19.9,20.55,18.85,19.1,52585
PRAJIND,20210924,350,350,340.2,345.5,299553
PRAKASH,20210924,68.95,69,67,67.15,500989
PRAKASHSTL,20210924,2.1,2.1,2.05,2.05,544618
PRAXIS,20210924,35.4,35.4,32.2,33.95,159282
PRAXIS-RE,20210924,35,35,19.1,21.15,296266
PRECAM,20210924,98.45,98.45,94.85,95.95,231384
PRECOT,20210924,243,243,230.5,231.75,10294
PRECWIRE,20210924,238,241.15,235,237.2,27496
PREMEXPLN,20210924,236.95,237.7,229.5,235,9217
PREMIER,20210924,3.4,3.6,3.4,3.5,12874
PREMIERPOL,20210924,70.65,70.65,68.15,69.7,5979
PRESSMN,20210924,28.5,28.5,27.6,27.75,27658
PRESTIGE,20210924,459,473.9,450.65,459.1,3924263
PRICOLLTD,20210924,92,92.9,87.85,91.95,957209
PRIMESECU,20210924,90.6,90.6,87.15,88.4,17837
PRINCEPIPE,20210924,707,709.45,691,698.6,283175
PRITIKAUTO,20210924,17.9,18,16.8,17.45,139921
PRIVISCL,20210924,1850,1889.8,1791,1819.5,19476
PROINDIA,20210924,79.25,79.25,79.25,79.25,3743
PROZONINTU,20210924,28.7,29.1,27.6,27.95,444589
PRSMJOHNSN,20210924,123.5,125.1,121.3,121.9,105050
PSB,20210924,17.4,17.4,16.45,16.8,487242
PSPPROJECT,20210924,458.9,461.95,440.55,446.75,451086
PSUBNKBEES,20210924,27,27,25.7,25.76,1334709
PTC,20210924,96.9,99,96.9,98.3,874139
PTL,20210924,47,47.3,46.2,46.45,38255
PUNJABCHEM,20210924,1657.05,1670.9,1612.1,1630.6,23632
PURVA,20210924,128.5,136.9,123,126.2,3602172
PVP,20210924,4.9,4.9,4.8,4.85,190185
PVR,20210924,1559,1559,1495.15,1510.9,1310667
QGOLDHALF,20210924,2004.4,2006,1986,1989.1,568
QNIFTY,20210924,1846,1868,1846,1860,20
QUESS,20210924,936,950,911.4,915.65,95110
QUICKHEAL,20210924,238.7,240.85,232.1,233.8,156547
RADAAN,20210924,1.35,1.35,1.35,1.35,13700
RADICO,20210924,904.25,911.5,885.1,893.25,406215
RADIOCITY,20210924,24.8,25,24.05,24.15,257184
RAILTEL,20210924,130,132.3,128.55,128.95,2118464
RAIN,20210924,229.25,234,223.65,226.4,1578803
RAJESHEXPO,20210924,582.1,594.7,582.1,590.05,353070
RAJMET,20210924,137,138.2,136,137.15,6742
RAJRATAN,20210924,2087.85,2090,2020,2030.2,5370
RAJSREESUG,20210924,26.05,26.7,26.05,26.4,27736
RAJTV,20210924,35.6,37.5,35.6,36.95,11471
RALLIS,20210924,288,296.8,285.75,286.8,708933
RAMANEWS,20210924,18.45,18.7,17.9,18.1,95554
RAMASTEEL,20210924,254,254,242,247.25,18490
RAMCOCEM,20210924,973.6,978.65,953.55,969.5,397605
RAMCOIND,20210924,305.95,306.65,292.05,294.85,105619
RAMCOSYS,20210924,504.9,519,491.95,492.95,159804
RAMKY,20210924,145.8,145.8,137,140.7,60483
RANASUG,20210924,25.55,25.9,24.8,25.05,222591
RANEENGINE,20210924,311.95,311.95,301.2,303.05,11900
RANEHOLDIN,20210924,635,640.55,623,626.65,37948
RATNAMANI,20210924,2179.95,2202,2162.25,2186.8,11552
RAYMOND,20210924,450,450,433.8,440.45,901719
RBL,20210924,922,922,877.5,882.6,11843
RBLBANK,20210924,187.15,189,184.55,185.8,13631134
RCF,20210924,74.45,87,74.1,82.5,42494244
RCOM,20210924,3.25,3.3,3.1,3.1,15403445
RECLTD,20210924,155.6,157.25,151.7,152.6,3309615
REDINGTON,20210924,145,145.6,143,144.35,953002
REFEX,20210924,154,154.8,149.2,149.9,110500
RELAXO,20210924,1179.95,1193.3,1156.6,1161.55,274848
RELCAPITAL,20210924,21.35,21.95,20.3,21.4,6916419
RELIANCE,20210924,2503.55,2505.45,2472,2482.7,7011181
RELIGARE,20210924,180.4,194.8,176.2,187.8,5815949
RELINFRA,20210924,104.3,106.7,99.4,105.35,7755268
REMSONSIND,20210924,233.35,233.35,217.1,226.4,3144
RENUKA,20210924,28.9,29,27.2,27.95,2794997
REPCOHOME,20210924,319.65,323.25,312,317.8,180432
REPL,20210924,218.25,218.25,210,210.8,10807
REPRO,20210924,546,590,520.5,580.35,129499
RESPONIND,20210924,125.6,127,124.05,125.3,53505
REVATHI,20210924,605,613,587.25,605,3145
RGL,20210924,734,759,710,747,65033
RHFL,20210924,4.35,4.4,4.2,4.25,578701
RHIM,20210924,361,365.5,356,357.15,90135
RICOAUTO,20210924,47.65,47.85,46.75,47,286297
RIIL,20210924,702.05,720,688.65,693.25,253553
RITES,20210924,275,278.35,273.6,276.2,185321
RKDL,20210924,12.45,12.45,12.1,12.35,21625
RKEC,20210924,81,81,76,77.15,27592
RKFORGE,20210924,1046.85,1046.85,1020,1036.5,144785
RML,20210924,395,398,388,389.45,16756
ROHITFERRO,20210924,5.85,5.85,5.85,5.85,14850
ROHLTD,20210924,106,108,100,100.4,267760
ROLEXRINGS,20210924,1072,1072,1047.35,1052.5,24751
ROLLT,20210924,2.3,2.3,2.15,2.2,578212
ROLTA,20210924,5.9,5.9,5.55,5.7,168353
ROML,20210924,105.65,108,101.15,103.85,26327
ROSSARI,20210924,1481,1496.1,1460,1470.6,70515
ROSSELLIND,20210924,163.8,163.8,158.5,160.15,39335
ROUTE,20210924,1997.7,2034,1981.1,1995.85,243247
RPGLIFE,20210924,713,715.65,690,699.1,100249
RPOWER,20210924,13.55,13.7,12.9,13.1,10959695
RPPINFRA,20210924,72.35,72.35,69.3,69.6,148673
RPSGVENT,20210924,1010,1028.6,960,971.9,69288
RSSOFTWARE,20210924,33.35,33.4,32.15,32.3,54770
RSWM,20210924,319.7,322.8,301.35,305.3,51456
RSYSTEMS,20210924,215.4,218,210,214.35,93252
RTNINDIA,20210924,43.65,45.35,43.5,43.75,681307
RTNPOWER,20210924,4.4,4.5,4.3,4.4,5000464
RUBYMILLS,20210924,290.3,292,279,282.05,23051
RUCHI,20210924,1066.4,1066.4,1040,1040.65,13416
RUCHINFRA,20210924,6.95,7.15,6.75,7,87968
RUCHIRA,20210924,80.2,80.9,78.5,78.95,33247
RUPA,20210924,477.05,481,463.1,469.65,123760
RUSHIL,20210924,258.55,260,253,255.55,9621
RVHL,20210924,24.9,25.2,23.65,25.1,69791
RVNL,20210924,30.25,30.4,30,30.05,1407857
S&SPOWER,20210924,23.1,24.3,22,24.3,1763
SABEVENTS,20210924,3.05,3.3,3.05,3.2,10775
SABTN,20210924,2.2,2.2,2.2,2.2,5520
SADBHAV,20210924,49.5,50.7,47.85,48.75,719585
SADBHIN,20210924,16.55,16.95,15.75,15.9,1255334
SAFARI,20210924,868,868,843,849.65,6978
SAGARDEEP,20210924,32,32.75,30.6,31.8,20346
SAGCEM,20210924,285.8,290,277,287.3,102900
SAIL,20210924,110.7,111.5,106.65,108.15,41761741
SAKAR,20210924,166.9,166.9,162.4,163.7,19328
SAKHTISUG,20210924,15.25,15.55,14.8,15,34504
SAKSOFT,20210924,1027.85,1161.95,1027.8,1089.25,610408
SAKUMA,20210924,11.1,11.1,10.55,10.75,102498
SALASAR,20210924,303.35,308.8,292.3,296.3,115707
SALONA,20210924,207.5,208.2,190,193.2,6528
SALSTEEL,20210924,10.3,10.3,9.8,10,69071
SALZERELEC,20210924,163.65,163.65,158,159.3,35093
SAMBHAAV,20210924,2.85,2.95,2.8,2.9,8656
SANCO,20210924,9.65,9.65,8.8,8.9,37618
SANDESH,20210924,818.95,818.95,786.3,799.45,1521
SANDHAR,20210924,287,288.15,283.5,285.3,31012
SANGAMIND,20210924,167.2,167.2,157.25,159.55,39726
SANGHIIND,20210924,71.15,71.55,68.4,69.25,609850
SANGHVIMOV,20210924,177.55,182.65,174.4,175.25,76282
SANGINITA,20210924,26.4,27.05,26.35,26.45,56050
SANOFI,20210924,8230,8250,8065,8094.35,10603
SANSERA,20210924,811.5,841.95,801,818.55,12520012
SARDAEN,20210924,726,726,669,684.8,44895
SAREGAMA,20210924,3838,3944,3720,3767.8,4782
SARLAPOLY,20210924,48.5,48.6,47.5,47.8,196376
SASKEN,20210924,1371.9,1399.95,1363,1373.95,41602
SASTASUNDR,20210924,290,302,280.2,300.25,55394
SATIA,20210924,97.2,97.7,95.1,95.35,112550
SATIN,20210924,76.75,77.7,74,74.45,184612
SBCL,20210924,277.05,283,275,276.4,57227
SBICARD,20210924,1049.95,1052.7,1007.35,1011.2,6572048
SBIETFCON,20210924,73.39,74.2,73.39,73.8,10041
SBIETFIT,20210924,377.99,384.49,377,378.4,10561
SBIETFPB,20210924,196.5,199.5,196.5,198.99,877
SBIETFQLTY,20210924,164.98,164.98,159.89,160.14,3388
SBILIFE,20210924,1219,1238.55,1207.6,1222.05,1703375
SBIN,20210924,451.1,451.9,440,440.75,10731274
SCAPDVR,20210924,13.1,13.1,13.1,13.1,76939
SCHAEFFLER,20210924,7516.25,7516.25,7240,7258.1,10708
SCHAND,20210924,111.4,117.4,111.25,114.65,84282
SCHNEIDER,20210924,115.5,118.1,114.2,114.6,572866
SCI,20210924,117,117.65,113.25,114.35,1758715
SDBL,20210924,40.85,41.2,39.7,39.9,73128
SEAMECLTD,20210924,1229.8,1249,1205,1222.15,110631
SECURKLOUD,20210924,189,199.9,185.5,189.2,581642
SELAN,20210924,145,148.8,143.35,145.55,150757
SEPOWER,20210924,7.8,8.1,7.8,7.9,11478
SEQUENT,20210924,219.4,224,215.6,216.9,1217098
SERVOTECH,20210924,25.8,25.8,24.05,24.05,25871
SESHAPAPER,20210924,177.15,178.8,172.05,173.15,63164
SETCO,20210924,21.35,21.45,20.1,20.3,155087
SETF10GILT,20210924,205.16,209.7,205.16,208.89,136
SETFGOLD,20210924,4124.45,4124.5,4101,4105.8,15390
SETFNIF50,20210924,182.7,183.68,181.16,181.55,1370777
SETFNIFBK,20210924,376,380,375.99,377.14,164878
SETFNN50,20210924,453.99,453.99,444.09,446.62,9724
SETUINFRA,20210924,1.2,1.2,1.1,1.15,290225
SEYAIND,20210924,58.95,58.95,54.7,55,52595
SFL,20210924,2501.9,2505.8,2410,2443.2,47890
SGIL,20210924,152.9,152.9,145,147.95,7482
SGL,20210924,12.7,13.4,12.7,12.85,33036
SHAHALLOYS,20210924,21.75,21.75,21.75,21.75,4317
SHAKTIPUMP,20210924,719,742,709.1,732.6,92598
SHALBY,20210924,182,184.7,178.55,180.1,208971
SHALPAINTS,20210924,93.05,98.3,93.05,96.85,630382
SHANKARA,20210924,596.7,648.8,580.15,616.4,986265
SHANTI,20210924,20.9,21.1,20,20.4,3817
SHANTIGEAR,20210924,175.75,179.85,170,172.1,120554
SHARDACROP,20210924,338,338,325.2,327.6,71341
SHARDAMOTR,20210924,616,619.4,604.1,606.5,6748
SHAREINDIA,20210924,650,654.95,631.15,647,239811
SHARIABEES,20210924,468.65,469.62,462.82,462.82,1249
SHEMAROO,20210924,171,173.6,161.85,161.85,93106
SHIL,20210924,428,432,418.05,424.9,20774
SHILPAMED,20210924,576.85,583,554.5,559.25,611048
SHIVAMAUTO,20210924,23.2,23.2,22,22.15,47153
SHIVAMILLS,20210924,84.6,86.7,83,85.2,9002
SHIVATEX,20210924,181.05,184.95,181.05,181.75,6151
SHK,20210924,164.5,165.35,159,159.85,198379
SHOPERSTOP,20210924,251.45,257,243.05,244.55,252291
SHRADHA,20210924,54.7,55.15,54.65,54.85,3202
SHREDIGCEM,20210924,78.65,78.65,76.8,76.95,173924
SHREECEM,20210924,29999,30036.35,29120.05,29411.8,45317
SHREEPUSHK,20210924,224.95,232.9,216.85,227.85,271356
SHREERAMA,20210924,11.6,12.1,11.5,12.1,183435
SHRENIK,20210924,1.6,1.65,1.55,1.6,2996644
SHREYANIND,20210924,121.9,121.9,117.25,117.7,17848
SHREYAS,20210924,384.95,403.05,370.55,377.05,182961
SHRIPISTON,20210924,955,971.8,946.4,947.3,667
SHRIRAMCIT,20210924,2216.9,2216.9,2162.45,2199.75,54272
SHRIRAMEPC,20210924,5.7,5.9,5.5,5.55,1175242
SHYAMCENT,20210924,12,12,11.45,11.95,1866630
SHYAMMETL,20210924,381.9,383.15,372,374.55,333034
SHYAMTEL,20210924,10,10.25,9.35,10.2,9813
SICAL,20210924,13.8,14.05,12.8,13.15,869161
SIEMENS,20210924,2170,2171.55,2106.8,2120.25,115582
SIGIND,20210924,45.95,45.95,44.45,44.6,26425
SIL,20210924,15.5,15.9,14.8,14.85,15708
SILGO,20210924,34.5,34.5,33.15,33.3,11082
SILINV,20210924,295,295.45,288.5,295.45,4934
SILLYMONKS,20210924,20.85,20.85,19.7,20.5,10790
SIMBHALS,20210924,26.75,26.75,25.75,26.1,13416
SIMPLEXINF,20210924,43.4,44.8,42.6,44.2,70840
SINTERCOM,20210924,85.7,86.3,84,84.35,8023
SINTEX,20210924,3.8,3.8,3.7,3.75,1116060
SIRCA,20210924,340,348.7,340,344.05,32805
SIS,20210924,476,479,461.3,465.5,140974
SITINET,20210924,1.7,1.7,1.7,1.7,1038399
SIYSIL,20210924,378.7,383,366.3,368,34898
SJVN,20210924,27.05,27.2,26.6,26.9,1249858
SKFINDIA,20210924,3025,3033.2,2935,3005.4,40583
SKIL,20210924,3.65,3.85,3.65,3.75,117661
SKIPPER,20210924,83.75,83.75,80.8,81.5,158525
SKMEGGPROD,20210924,84.6,84.9,82.25,82.5,79217
SMARTLINK,20210924,111,124.65,111,118.4,319775
SMCGLOBAL,20210924,76.9,77.45,74.65,75,143216
SMLISUZU,20210924,539.95,547.95,531.35,535.85,14999
SMSLIFE,20210924,721.35,724.8,710.1,714.6,7319
SMSPHARMA,20210924,155.4,158.95,150.65,152.25,98412
SNOWMAN,20210924,43.5,43.8,42.5,42.65,506931
SOBHA,20210924,819,840,785.55,798.5,899855
SOLARA,20210924,1665,1677.25,1644.95,1662.45,43540
SOLARINDS,20210924,2000,2025,1993.7,2009.45,50238
SOMANYCERA,20210924,709,725,690,717.3,52653
SOMATEX,20210924,8.85,8.85,8.3,8.35,27973
SOMICONVEY,20210924,54,54.8,50.2,50.85,16607
SONACOMS,20210924,576.8,578.75,555.05,558,1243064
SONATSOFTW,20210924,930,960,930,939.1,409891
SORILINFRA,20210924,113.1,113.1,108,108.55,67383
SOTL,20210924,1618.25,1618.25,1580.05,1585.5,12835
SOUTHBANK,20210924,10.15,10.25,10,10.05,7529268
SOUTHWEST,20210924,94.9,96.45,91.65,96.45,58036
SPAL,20210924,327.5,343.8,322.2,336.25,165299
SPANDANA,20210924,592.45,595.95,582.35,587.4,65027
SPARC,20210924,291,292.95,289,290.65,391863
SPECIALITY,20210924,74.6,75.7,72.65,72.9,109235
SPENCERS,20210924,111.65,119.4,108.7,114.85,2730395
SPIC,20210924,53.3,56.25,51.7,52.95,3259096
SPICEJET,20210924,77.85,78.25,75.55,76.15,3134173
SPLIL,20210924,47.9,48.4,46.25,46.4,29014
SPMLINFRA,20210924,11.35,11.7,10.65,11.05,53585
SPTL,20210924,4.1,4.15,4.05,4.05,888000
SREEL,20210924,184.7,186.75,177.1,180.5,12137
SREINFRA,20210924,8.7,8.9,8.2,8.4,819063
SRF,20210924,11060.7,11097.95,10850,11014.05,190158
SRHHYPOLTD,20210924,346.95,346.95,333,335.25,19361
SRIPIPES,20210924,214.5,216.6,211.55,213.35,36848
SRPL,20210924,33.7,36.5,33.7,33.7,2724
SRTRANSFIN,20210924,1395,1406.8,1351.05,1355.7,1131166
SSWL,20210924,1733.3,1769,1690,1719.5,9475
STAR,20210924,615,619.25,593.8,597.5,622470
STARCEMENT,20210924,109,111,107.15,107.85,542077
STARPAPER,20210924,147.5,148.6,145,145.35,54195
STCINDIA,20210924,103.95,104.2,98.65,100.45,40946
STEELCITY,20210924,59.2,60.2,59.1,59.15,20200
STEELXIND,20210924,71.05,72.5,70.5,71.2,67328
STEL,20210924,213.85,216,194,196.65,464083
STERTOOLS,20210924,201.95,202.55,196.25,197.4,33266
STLTECH,20210924,285,299.35,282,291.3,2474649
STOVEKRAFT,20210924,963.9,971.5,948,951.45,72966
STYLAMIND,20210924,1135,1154,1102.15,1147.4,24771
SUBCAPCITY,20210924,23,23,23,23,5
SUBEXLTD,20210924,51.9,54.6,51.5,53.1,12259154
SUBROS,20210924,331,332.95,317.6,325.05,103711
SUDARSCHEM,20210924,667.45,689.8,666,668.25,523469
SUMEETINDS,20210924,6.9,7.1,6.75,6.9,70981
SUMICHEM,20210924,401,404.7,396.55,398.4,300383
SUMIT,20210924,12.4,12.4,11.9,12.15,14508
SUMMITSEC,20210924,813.5,830,803.1,811.2,12619
SUNCLAYLTD,20210924,3395.45,3427,3382.6,3401.15,3986
SUNDARAM,20210924,2,2.1,2,2,175476
SUNDARMFIN,20210924,2444,2445.05,2403.1,2410.3,16952
SUNDARMHLD,20210924,78.7,79,77.1,77.35,130557
SUNDRMBRAK,20210924,400.75,408.65,395,397.95,1930
SUNDRMFAST,20210924,930.3,939.9,900.25,907.5,101944
SUNFLAG,20210924,82.4,82.4,78.2,78.85,478440
SUNPHARMA,20210924,769,776.65,762,770.45,1777859
SUNTECK,20210924,496,507,482.45,489.25,2524505
SUNTV,20210924,531,533.6,507.3,510.95,3956793
SUPERHOUSE,20210924,176.5,176.5,168.05,168.8,34157
SUPERSPIN,20210924,12.2,12.35,11.75,11.8,21748
SUPPETRO,20210924,704,711.05,682.05,686.6,50617
SUPRAJIT,20210924,314.95,318,312,313.05,74456
SUPREMEENG,20210924,25.95,25.95,23.95,24.95,83023
SUPREMEIND,20210924,2270,2274,2245,2261.7,45795
SURANASOL,20210924,12.75,12.8,12.15,12.6,53811
SURANAT&P,20210924,7.35,7.85,7.05,7.65,695071
SURYALAXMI,20210924,56.1,57.45,55.3,56.65,4928
SURYAROSNI,20210924,779.45,786,736.95,750.25,169907
SURYODAY,20210924,186.4,187,180,180.9,102482
SUTLEJTEX,20210924,64.75,64.75,61.65,61.8,217792
SUULD,20210924,575,575,534.3,535.7,57521
SUVEN,20210924,100.5,102.4,98.1,100.1,1283401
SUVENPHAR,20210924,544.95,548.6,527.1,540.45,170995
SUVIDHAA,20210924,17.65,17.95,16.9,17.3,528633
SUZLON,20210924,6.4,6.45,6.3,6.3,15764674
SVPGLOB,20210924,128,129.75,124.75,125.8,176302
SWANENERGY,20210924,129.45,130.6,127.15,128.05,37581
SWARAJENG,20210924,1648.65,1648.65,1601,1618.55,9287
SWELECTES,20210924,224.45,224.45,216.55,218.6,11632
SWSOLAR,20210924,368.05,371.7,353.55,355.25,1134395
SYMPHONY,20210924,1058.9,1064.5,1041,1060.65,210442
SYNGENE,20210924,663,663.95,642.8,644.55,336061
TAINWALCHM,20210924,82.5,82.5,78.7,78.85,3489
TAJGVK,20210924,143.9,144,135,140.3,348798
TAKE,20210924,50.35,52.9,50.35,51.85,1800440
TALBROAUTO,20210924,283.7,285.55,276,276.85,12885
TANLA,20210924,862,862,819.6,825.55,40673
TARAPUR,20210924,4.15,4.15,4,4.15,8406
TARC,20210924,47.95,49,45.8,46.25,760648
TARMAT,20210924,62.1,63.5,60.55,61.55,28256
TASTYBITE,20210924,18351,18550,18350.6,18440.1,970
TATACHEM,20210924,851.9,901.7,851.25,884.95,11074121
TATACOFFEE,20210924,209.5,209.5,202.75,203.4,1120638
TATACOMM,20210924,1467.4,1467.4,1415.05,1435.35,139046
TATACONSUM,20210924,850.65,852,834,836.75,2846056
TATAELXSI,20210924,5764.7,5971.9,5733,5866.95,318392
TATAINVEST,20210924,1295.8,1315.05,1285.05,1291.25,79057
TATAMETALI,20210924,1024,1024.5,1004,1007.75,69566
TATAMOTORS,20210924,325.1,326.95,316.05,317.95,28901243
TATAMTRDVR,20210924,167.25,171.6,160.2,161.3,7077622
TATAPOWER,20210924,145,145.35,138.7,139.1,29040576
TATASTEEL,20210924,1320,1324,1258.45,1272.1,13286616
TATASTLBSL,20210924,87.5,87.5,82.6,83.55,1693321
TATASTLLP,20210924,879,882.75,862.1,865.3,22111
TATVA,20210924,2256.8,2273.95,2197.15,2207.95,55394
TBZ,20210924,76.35,77.25,74.75,75.1,170958
TCI,20210924,429,432,415.1,416.6,22127
TCIDEVELOP,20210924,394.35,394.35,374.15,376.1,6245
TCIEXP,20210924,1530,1539.55,1480.25,1490.3,28883
TCIFINANCE,20210924,5.1,5.6,5.1,5.3,2686
TCNSBRANDS,20210924,634.95,645,620,624.75,26681
TCPLPACK,20210924,535,535,530,530.35,7920
TCS,20210924,3890,3944.4,3855,3871.3,2320754
TDPOWERSYS,20210924,325.95,326.95,310.1,313.75,24297
TEAMLEASE,20210924,4400,4595,4383.4,4483.55,37533
TECHIN,20210924,7.4,7.5,6.95,7.5,36465
TECHM,20210924,1530,1547.85,1511.05,1514.75,3592146
TECHNOE,20210924,276.8,276.8,266.25,268.6,52502
TEJASNET,20210924,434.9,437.3,425,437.3,608820
TEMBO,20210924,298.05,310,297.05,306.65,146351
TERASOFT,20210924,52.85,52.9,50.5,50.85,36382
TEXINFRA,20210924,58.4,59.5,57,58.75,34900
TEXMOPIPES,20210924,49.6,50.25,48.7,48.9,100836
TEXRAIL,20210924,35.1,35.35,34.2,34.35,412040
TFCILTD,20210924,71.05,71.5,69.6,69.95,192149
TFL,20210924,5.6,5.85,5.35,5.8,4201
TGBHOTELS,20210924,8.85,8.95,8.4,8.65,33396
THANGAMAYL,20210924,1040,1094.35,1035,1074.2,21102
THEINVEST,20210924,115,118.8,110,111.25,17794
THEMISMED,20210924,1049.95,1049.95,1005,1019.25,2156
THERMAX,20210924,1409,1415.95,1390,1397.1,11323
THOMASCOOK,20210924,65,66.5,63.7,64.05,390256
THOMASCOTT,20210924,19.75,19.75,17.95,17.95,8186
THYROCARE,20210924,1269,1289.65,1260.55,1269.9,257499
TI,20210924,41.55,41.9,39.8,40.1,67049
TIDEWATER,20210924,1865,1865,1790.05,1796.3,11361
TIIL,20210924,816,828,813,818.7,9330
TIINDIA,20210924,1498,1508.55,1458.5,1478.15,58688
TIJARIA,20210924,5.85,6.1,5.85,6,11494
TIL,20210924,157.1,158.9,155,156.5,3358
TIMESGTY,20210924,44.45,45.05,41.3,42.1,17928
TIMETECHNO,20210924,71.75,72.95,71.45,71.9,702388
TIMKEN,20210924,1783.5,1785,1744.15,1751.4,16861
TINPLATE,20210924,286.7,309.5,286,294.05,3410042
TIPSINDLTD,20210924,1329,1335,1236,1259.9,4269
TIRUMALCHM,20210924,291,294.1,280,284,996700
TIRUPATIFL,20210924,92.75,93.45,89.45,92,33564
TITAN,20210924,2105,2115,2085,2092.9,540771
TMRVL,20210924,14.95,14.95,13.5,13.65,296828
TNPETRO,20210924,121.8,123,118.1,119.45,334771
TNPL,20210924,130.2,131.5,128.8,129.4,172267
TNTELE,20210924,12.5,13.75,12.45,12.45,57749
TOKYOPLAST,20210924,103.5,103.55,101.6,102.1,8194
TORNTPHARM,20210924,3111,3134.5,3070.15,3100.1,79887
TORNTPOWER,20210924,497.8,501.95,488.8,498.55,1028602
TOTAL,20210924,55.5,55.5,52.8,53.05,11636
TOUCHWOOD,20210924,122,124.9,115,123.85,4063
TPLPLASTEH,20210924,203.4,203.4,194.05,195.8,21029
TREEHOUSE,20210924,8.75,9,8.6,8.9,8023
TREJHARA,20210924,62.6,64.5,62.15,62.75,34614
TRENT,20210924,1017.3,1025.35,978,987.55,834581
TRF,20210924,125.8,126.3,121.65,124.45,71394
TRIDENT,20210924,24.75,24.85,24.05,24.2,10031089
TRIGYN,20210924,112.45,113.85,107.55,108.65,105060
TRIL,20210924,27.3,27.7,26.9,26.95,105015
TRITURBINE,20210924,138.15,139.45,133.1,134.75,94045
TRIVENI,20210924,177.3,182,173.75,174.35,563346
TTKHLTCARE,20210924,690.15,693.4,650,667.5,16429
TTKPRESTIG,20210924,9045,9045,8865.15,8889.9,2012
TTL,20210924,66.2,68,65.2,66,22777
TTML,20210924,35.25,35.8,34.3,35.1,1639107
TV18BRDCST,20210924,39.25,39.3,37.85,38.1,4411226
TVSELECT,20210924,168,172,168,169.5,27664
TVSMOTOR,20210924,541.7,543.55,533.05,537.2,1374432
TVSSRICHAK,20210924,2223,2250,2182,2210,11265
TVTODAY,20210924,301.95,302.2,295.05,296.65,50924
TVVISION,20210924,2.1,2.2,2,2.15,8951
TWL,20210924,96.05,99.15,92.7,93.6,1447912
UBL,20210924,1658,1666,1587,1605.85,666533
UCALFUEL,20210924,148.9,150.05,145.85,146.3,22350
UCOBANK,20210924,13.5,13.55,13.3,13.35,2593443
UFLEX,20210924,554,557.95,535.8,537.4,179150
UFO,20210924,107.6,108.1,102.55,103.25,484145
UGARSUGAR,20210924,27.2,27.8,26.8,26.9,127721
UGROCAP,20210924,132,132.9,125.75,127.9,30749
UJAAS,20210924,2.95,2.95,2.85,2.95,718560
UJJIVAN,20210924,153,154.45,150,151.35,493024
UJJIVANSFB,20210924,20,20.05,19.75,19.8,2192716
ULTRACEMCO,20210924,7633,7642.6,7500,7521.5,341258
UMANGDAIRY,20210924,74.3,75.6,73.2,74,19583
UMESLTD,20210924,4,4,3.75,3.85,112434
UNICHEMLAB,20210924,261.25,263.5,253,254.55,62245
UNIDT,20210924,346,346.8,321.1,329.85,114187
UNIENTER,20210924,132.5,134,126.1,127.05,11968
UNIONBANK,20210924,35,35.2,34.5,34.6,4252615
UNITEDTEA,20210924,394.15,399.35,390,392.65,2086
UNIVASTU,20210924,48.9,48.95,47.7,47.8,2032
UNIVCABLES,20210924,173.15,173.9,165,167.6,103728
UNIVPHOTO,20210924,340.95,348.85,333,345.2,6448
UPL,20210924,728,731.9,713.55,718.65,1372681
URJA,20210924,6.4,6.45,6.25,6.3,1578230
USHAMART,20210924,78.5,79,76.25,78.4,1310111
UTIAMC,20210924,1121.95,1128.9,1087.45,1099.45,153214
UTIBANKETF,20210924,38.45,38.49,37.35,38.04,5231
UTINEXT50,20210924,45.7,45.7,44.67,44.78,4203
UTINIFTETF,20210924,1904.5,1904.5,1792.4,1880.28,241
UTISENSETF,20210924,632.99,632.99,627.22,630.12,1017
UTISXN50,20210924,49.5,49.95,48.48,49.35,171
UTTAMSTL,20210924,4.3,4.35,4.2,4.25,355703
UTTAMSUGAR,20210924,188,190,181,187.95,50141
V2RETAIL,20210924,148,153.75,146.55,153.75,1042835
VADILALIND,20210924,1074.8,1075,1051.05,1065.75,8788
VAIBHAVGBL,20210924,726,729,712.25,716.35,78084
VAISHALI,20210924,38,38.25,37.05,37.4,95772
VAKRANGEE,20210924,40.25,42.55,39.25,39.55,19520583
VALIANTORG,20210924,1392,1428.55,1376.95,1408.45,69775
VARDHACRLC,20210924,63.25,63.9,61.5,62.2,106511
VARDMNPOLY,20210924,23.3,23.3,21.75,22.2,23451
VARROC,20210924,296,303,289.5,290.55,328683
VASCONEQ,20210924,26.7,27.25,25.7,27,1664096
VASWANI,20210924,11.55,11.8,11.35,11.65,79267
VBL,20210924,936.2,942,916,928.3,316697
VEDL,20210924,299,299,291.45,293.1,9015535
VENKEYS,20210924,3029.9,3075.05,2970,2983.65,66881
VENUSREM,20210924,468.05,471,458.85,460.75,36496
VERTOZ,20210924,102.5,102.5,100,100.7,66481
VESUVIUS,20210924,1155.95,1169.85,1144,1161.25,9471
VETO,20210924,102,103.9,101,102.2,47010
VGUARD,20210924,259.7,259.85,255.4,257.55,304676
VHL,20210924,3159,3159,3033.05,3042.15,252
VIDHIING,20210924,373.9,374.75,360.5,362.9,100836
VIJAYA,20210924,585,591,568.5,579.75,378162
VIJIFIN,20210924,1.6,1.6,1.55,1.6,93510
VIKASECO,20210924,2.2,2.3,2.2,2.2,7594068
VIKASLIFE,20210924,3.55,3.55,3.55,3.55,4180106
VIKASPROP,20210924,2.25,2.25,2.15,2.2,797516
VIKASWSP,20210924,5,5,4.8,4.85,330647
VIMTALABS,20210924,286,291.85,280,280.6,19684
VINATIORGA,20210924,1888.85,1888.85,1840,1847.9,26128
VINDHYATEL,20210924,1139,1139,1114.55,1120.6,8727
VINEETLAB,20210924,79,79,74.05,75.5,20473
VINYLINDIA,20210924,228,233.45,221.25,222.55,157674
VIPCLOTHNG,20210924,17.95,18,17.15,17.6,70164
VIPIND,20210924,495,509.8,493,505.9,963601
VIPULLTD,20210924,29.95,31.3,29.95,30.05,17507
VISAKAIND,20210924,707,724.8,690.05,698.4,68524
VISASTEEL,20210924,12.35,12.35,12.35,12.35,51866
VISHAL,20210924,119,122.3,114.6,115.3,79086
VISHNU,20210924,774,774,725.15,731.2,12649
VISHWARAJ,20210924,143,147,141.2,144.9,196820
VIVIDHA,20210924,0.75,0.8,0.75,0.8,1770738
VIVIMEDLAB,20210924,21,21.2,20.5,20.6,185318
VLSFINANCE,20210924,200.65,202,196.8,197.15,32305
VMART,20210924,3685,3685,3509,3535.7,32155
VOLTAMP,20210924,1442,1447,1426.05,1437.5,6062
VOLTAS,20210924,1249.25,1256.8,1223.25,1228.75,1267241
VRLLOG,20210924,387.65,401.5,376.05,385.25,663379
VSSL,20210924,241.5,243.6,238,239.9,115787
VSTIND,20210924,3452,3456.35,3385,3394.3,4976
VSTTILLERS,20210924,2700,2745,2665,2684.05,11089
VTL,20210924,1817,1830,1780,1800.75,37080
WABAG,20210924,347,348.3,338.1,340.1,120789
WABCOINDIA,20210924,7099,7264.85,7065,7099.05,11166
WALCHANNAG,20210924,58.95,59.2,56.8,57.05,275647
WANBURY,20210924,81.4,81.4,77.75,78.35,56957
WATERBASE,20210924,115.9,116.25,114.05,114.55,52207
WEALTH,20210924,245.7,245.7,230,244.65,1820
WEBELSOLAR,20210924,65.9,66.1,63.4,63.55,134846
WEIZMANIND,20210924,48.7,48.7,46.9,47.55,5772
WELCORP,20210924,128,129,126.8,127.6,1209123
WELENT,20210924,105.25,107.55,103.15,103.65,211718
WELINV,20210924,328.85,335,324.1,330.35,399
WELSPUNIND,20210924,160,161.35,153.25,155.7,8872285
WENDT,20210924,4464,4464,4310,4318.15,819
WESTLIFE,20210924,573,577.05,561,571.85,216876
WHEELS,20210924,807.4,810,775,780.1,15097
WHIRLPOOL,20210924,2265,2275,2244.55,2250,186300
WILLAMAGOR,20210924,20,20.35,19.5,19.8,10689
WINDLAS,20210924,382.25,387.4,372.95,375.45,157590
WINDMACHIN,20210924,28.35,28.95,27.75,28.05,61612
WIPL,20210924,61,63.5,59,63.4,20330
WIPRO,20210924,680.5,699.15,675,676.5,12126588
WOCKPHARMA,20210924,435.2,435.25,422.8,425.5,351032
WONDERLA,20210924,230.45,230.7,227.65,229.3,68647
WORTH,20210924,88.85,89,85.5,87.8,25823
WSTCSTPAPR,20210924,248.5,258,242.2,244.35,426421
XCHANGING,20210924,108.75,114.9,108.5,110.6,799518
XELPMOC,20210924,376,392,376,380.85,8488
XPROINDIA,20210924,480,512.5,465.6,502.8,173955
YAARII,20210924,101,102.35,99,100.1,78067
YESBANK,20210924,13,13.3,12.8,12.85,71409608
YUKEN,20210924,594.95,594.95,579,582.4,2606
ZEEL,20210924,322,333,306.4,318.9,73023126
ZEELEARN,20210924,15.55,15.7,15.05,15.5,2873629
ZEEMEDIA,20210924,13.5,13.5,12.8,13.5,21457759
ZENITHEXPO,20210924,87.5,87.7,86.55,87.15,1535
ZENSARTECH,20210924,510.8,524.8,505.65,509.25,900329
ZENTEC,20210924,201,204.9,199.15,204.9,1729965
ZODIACLOTH,20210924,117.9,118.35,112.2,115.45,30848
ZOMATO,20210924,137.55,139.5,136.05,136.65,13099391
ZOTA,20210924,381.1,386.1,372,379.65,32074
ZUARI,20210924,116.5,120.75,112,120.65,102213
ZUARIGLOB,20210924,129.7,134.2,125.1,133.25,63000
ZYDUSWELL,20210924,2361.7,2379.4,2322,2352.1,25980
NSENIFTY,20210924,17897.45,17947.65,17819.40,17853.20,360130853,0
NIFTYJUNIOR,20210924,43596.05,43648.35,42959.85,43071.65,301973474,0
NIFTYMIDCAPLIQ15,20210924,7117.70,7132.55,6991.00,7018.15,127769168,0
NSE100,20210924,18159.65,18204.05,18054.60,18090.20,662104327,0
NIFTY200,20210924,9467.60,9488.50,9401.70,9420.00,2164526458,0
NSE500,20210924,15274.10,15305.20,15160.45,15191.95,2678377777,0
NSEMIDCAP150,20210924,11434.40,11451.70,11261.35,11293.15,1529841274,0
MIDCAP50,20210924,8315.85,8332.35,8146.35,8184.10,1411605969,0
NSEMIDCAP,20210924,30543.55,30605.55,30048.50,30143.60,1502422131,0
NSESMLCAP100,20210924,10904.00,10919.60,10775.30,10836.55,-,0
NIFTYLARGEMIDCAP250,20210924,-,-,-,9833.90,-,0
NIFTYAUTO,20210924,10403.40,10473.90,10341.75,10429.05,56801618,0
BANKNIFTY,20210924,37954.00,38112.60,37680.00,37830.30,138418570,0
NIFTYFINSERVICE,20210924,18644.65,18692.10,18521.15,18630.00,67804816,0
NIFTYFMGC,20210924,41614.40,41649.05,41034.60,41090.90,43178302,0
NSEIT,20210924,37128.75,37823.15,37055.00,37103.25,39368486,0
NIFTYMEDIA,20210924,2184.65,2194.65,2118.95,2153.25,121350188,0
NIFTYMETAL,20210924,5621.95,5627.30,5449.70,5498.20,150758199,0
NIFTYPHARMA,20210924,14402.80,14457.70,14247.50,14289.15,10828554,0
NIFTYPVTBANK,20210924,19879.75,19980.65,19744.00,19835.95,164890664,0
NIFTYPSUBANK,20210924,2413.55,2414.40,2351.05,2357.60,102887192,0
NIFTYREALTY,20210924,496.55,510.05,492.25,501.30,95825862,0
NIFTYCOMMODITIES,20210924,5654.75,5655.30,5543.80,5569.70,185731873,0
NIFTYCONSUMPTION,20210924,7354.15,7378.45,7316.55,7329.30,207029030,0
NIFTYCPSE,20210924,2216.50,2224.45,2171.75,2183.55,103041582,0
NIFTYENERGY,20210924,21979.85,21993.65,21664.90,21716.45,119223307,0
NIFTY100ESG,20210924,-,-,-,3669.78,466995835,0
NIFTY100ENHESG,20210924,-,-,-,3697.45,449905622,0
NIFTYINFRA,20210924,5043.20,5049.75,4987.70,4998.65,327632436,0
NIFTYMNC,20210924,19498.65,19528.10,19310.25,19335.25,986445751,0
NIFTYPSE,20210924,3893.70,3905.65,3810.65,3834.60,255816077,0
NIFTYSMEEMERGE,20210924,-,-,-,3036.95,1706683,0
NIFTYSERVSECTOR,20210924,25236.25,25374.10,25164.70,25221.70,280583015,0
NIFTYSHARIAH25,20210924,-,-,-,6733.06,98513305,0
NIFTY50SHARIAH,20210924,-,-,-,4458.13,87128294,0
NIFTY500SHARIAH,20210924,-,-,-,5471.59,341204177,0
NIFTYABGROUP,20210924,-,-,-,5539.85,979459580,0
NIFTYMAHINDRA,20210924,-,-,-,15984.30,15655075,0
NIFTYTATA,20210924,-,-,-,13199.13,116321979,0
NIFTYTATA25CAP,20210924,-,-,-,9941.21,101045139,0
NIFTYABGROUP,20210924,-,-,-,5539.85,979459580,0
NIFTYLIQ15,20210924,4578.70,4586.65,4522.80,4537.95,175398744,0
NIFTY500VALUE50,20210924,-,-,-,5791.25,495826813,0
NIFTYQUALLOWVOL30,20210924,-,-,-,13017.49,114624628,0
NIFTYALPHAQUALLOWVOL30,20210924,-,-,-,15261.47,92922316,0
NIFTYALPHAQUALVALLOWVOL30,20210924,-,-,-,11528.18,109479977,0
NIFTY50EQUALWEIGHT,20210924,19894.30,19930.30,19727.35,19787.30,360130853,0
NIFTY100EQUALWEIGHT,20210924,21168.55,21198.15,20939.40,20988.85,662104327,0
NIFTY100LOWVOL30,20210924,13786.95,13847.50,13718.65,13732.05,138689235,0
NSEDEFTY,20210924,-,-,-,8394.02,-,0
NIFTY50DIVPOINT,20210924,116.92,116.92,116.92,116.92,-,0
NIFTYDIVOPPS50,20210924,3810.90,3830.45,3770.40,3776.95,344310895,0
NIFTYALPHA50,20210924,32049.15,32111.30,31589.20,31750.85,202418029,0
NIFTY50ARBITRAGE,20210924,-,-,-,1986.59,-,0
NIFTY50FUTINDEX,20210924,-,-,-,5774.00,-,0
NIFTY50FUTTRINDEX,20210924,-,-,-,18597.00,-,0
NIFTYHIGHBETA50,20210924,-,-,-,2095.85,1501406084,0
NIFTYLOWVOL50,20210924,-,-,-,16736.52,149626888,0
NIFTY50VALUE20,20210924,9283.95,9352.65,9213.60,9229.45,156513094,0
NIFTYGROWSECT15,20210924,8081.50,8091.40,7991.10,8003.05,45097341,0
NIFTY50TR2XLEV,20210924,12912.10,12983.95,12801.00,12848.50,-,0
NIFTY50PR2XLEV,20210924,9532.70,9585.75,9450.70,9485.75,-,0
NIFTY50TR1XINV,20210924,212.35,213.25,211.75,212.85,-,0
NIFTY50PR1XINV,20210924,247.00,248.05,246.30,247.60,-,0
NIFTY-GS-COMPSITE,20210924,2362.77,2362.77,2355.99,2355.56,-,0
NIFTY-GS-4-8YR,20210924,2474.93,2474.93,2469.61,2468.67,-,0
NIFTY-GS-8-13YR,20210924,2303.16,2303.16,2296.31,2297.00,-,0
NIFTY-GS-10YR,20210924,2069.35,2069.35,2062.38,2062.98,-,0
NIFTY-GS-10YR-CLN,20210924,943.44,943.44,940.22,940.50,-,0
NIFTY-GS-11-15YR,20210924,2476.50,2476.50,2467.28,2467.04,-,0
NIFTY-GS-15YRPLUS,20210924,2702.33,2702.33,2690.64,2690.53,-,0
VIX,20210924,16.60,17.33,12.77,16.92,0,0
