20MICRONS,20211028,59.85,60.9,58.5,59.35,89417
21STCENMGM,20211028,53.3,53.3,53.3,53.3,4936
3IINFOLTD,20211028,37.6,37.6,37.6,37.6,17121
3MINDIA,20211028,26088,26088,25454.65,25907.45,2006
3PLAND,20211028,13.5,13.5,13,13.2,7301
5PAISA,20211028,445.4,450,430.05,446.9,30892
63MOONS,20211028,93,94.65,91.65,92,57668
A2ZINFRA,20211028,5.2,5.2,4.6,4.7,1446937
AAKASH,20211028,190.7,192.75,179.5,179.8,9502
AAREYDRUGS,20211028,33.85,34.2,33.2,33.45,17579
AARON,20211028,111.2,111.2,101.2,106.05,35532
AARTIDRUGS,20211028,610,612.45,590.45,591.4,497450
AARTIIND,20211028,1014,1014,972,980.05,899376
AARTISURF,20211028,1280,1297.05,1250.1,1270.65,18267
AARVEEDEN,20211028,27.65,28,26,26.85,73670
AARVI,20211028,57.9,58.45,56.1,56.5,11352
AAVAS,20211028,2821.25,2834,2651,2771.8,106848
ABAN,20211028,60.25,60.3,57.25,57.5,88268
ABB,20211028,1879.7,1999,1878.8,1983.65,1355503
ABBOTINDIA,20211028,20688,20688,20000,20017.15,9606
ABCAPITAL,20211028,98.85,99.4,98.2,98.75,1396974
ABFRL,20211028,253.05,259.4,246.6,255.55,4604523
ABMINTLLTD,20211028,111,115.8,107.8,109.55,2066
ABSLAMC,20211028,621.1,649.8,616.15,630.05,1491570
ABSLBANETF,20211028,404.95,404.95,391.96,393.43,4047
ABSLNN50ET,20211028,432.8,432.8,428,428,601
ACC,20211028,2252,2324.9,2245,2287.85,889979
ACCELYA,20211028,1247,1268,1200,1207.6,59163
ACCURACY,20211028,174,174,167.05,168.75,33508
ACE,20211028,245,245,238.5,239.85,305944
ACRYSIL,20211028,746.9,766,730,737.5,118514
ADANIENT,20211028,1550,1566.9,1367.7,1398.55,7093354
ADANIGREEN,20211028,1204.5,1208.6,1145.8,1147.15,314777
ADANIPORTS,20211028,724.35,734.5,681.15,688.1,18160551
ADANIPOWER,20211028,109,109.95,103.35,103.45,5060983
ADANITRANS,20211028,1836.8,1874.45,1780.55,1793,77690
ADFFOODS,20211028,891,898,860.35,867.8,7713
ADL,20211028,44.15,46.35,44.15,46.35,1207
ADORWELD,20211028,655,672,645,655.3,7229
ADROITINFO,20211028,11.55,11.75,10.65,11.25,33524
ADSL,20211028,86.95,90.15,85.3,87.3,455313
ADVANIHOTR,20211028,76.4,76.7,74.45,75.25,8401
ADVENZYMES,20211028,382.05,383.45,370,379.1,135305
AEGISCHEM,20211028,221,230,215.5,220.45,1920430
AFFLE,20211028,1067,1082.9,1037,1039.95,310661
AGARIND,20211028,320.05,324.7,315.05,319.8,18457
AGCNET,20211028,1000,1000,966.1,974.4,1490
AGRITECH,20211028,68.95,70.9,66.8,67.65,4627
AGROPHOS,20211028,16.05,16.15,15.1,15.35,61606
AHLADA,20211028,151.45,151.5,145.7,147.35,9452
AHLEAST,20211028,187.05,187.95,180.55,182.4,22074
AHLUCONT,20211028,383.95,385.95,366.55,369.1,34513
AIAENG,20211028,1931.2,1963,1912.9,1949.2,37747
AIRAN,20211028,21.05,21.05,19.75,19.9,103580
AIROLAM,20211028,72.9,72.9,66,67.65,11797
AJANTPHARM,20211028,2085,2180,2081.1,2135.25,62067
AJMERA,20211028,327,335.7,314.5,319,17517
AJOONI,20211028,61.5,64.9,57.8,60.25,41813
AJRINFRA,20211028,1.45,1.45,1.35,1.35,2658362
AKASH,20211028,231,239.85,223.55,232.45,98892
AKG,20211028,42.05,42.7,39.7,41.15,44160
AKSHARCHEM,20211028,534,535.1,511.35,517.4,57483
AKSHOPTFBR,20211028,8.65,8.7,8.35,8.45,198410
AKZOINDIA,20211028,2146,2146,2121,2130.1,4590
ALANKIT,20211028,18.15,18.15,17.4,17.65,1850948
ALBERTDAVD,20211028,574.65,584.85,571,574.3,4721
ALEMBICLTD,20211028,106.05,106.85,104.45,104.7,163030
ALICON,20211028,818.95,818.95,770.05,779.95,11186
ALKALI,20211028,86.6,88.8,82.15,83.85,47000
ALKEM,20211028,3730.8,3746.1,3670,3693.75,45464
ALKYLAMINE,20211028,3750.4,3770,3665,3672.85,26827
ALLCARGO,20211028,283.7,285,261.25,264.7,769254
ALLSEC,20211028,490.2,490.2,470.55,477.7,11450
ALMONDZ,20211028,125.7,127,123,123.45,28268
ALOKINDS,20211028,22.8,22.85,22.05,22.15,7006243
ALPA,20211028,51.4,51.4,50.3,50.55,13313
ALPHAGEO,20211028,439,440.35,411.15,419.5,34993
ALPSINDUS,20211028,3.6,3.9,3.6,3.7,119236
AMARAJABAT,20211028,699.35,700.9,682.7,685.35,717854
AMBER,20211028,3300,3467.4,3300,3432.35,65138
AMBICAAGAR,20211028,18.45,18.9,18,18.25,15914
AMBIKCO,20211028,2190,2190,2110,2145.35,54743
AMBUJACEM,20211028,383.6,392.5,380.8,390.05,7419992
AMDIND,20211028,34.05,35.9,34.05,35.35,28911
AMIORG,20211028,1112,1115.45,1041.1,1051.05,219900
AMJLAND,20211028,33.9,35,33,33.55,55587
AMRUTANJAN,20211028,921.9,923.55,901,907.6,49849
ANANTRAJ,20211028,66,66,62,62.3,207251
ANDHRACEMT,20211028,19.6,19.6,18.7,19.6,4915365
ANDHRAPAP,20211028,237,237,228.1,230.95,9637
ANDHRSUGAR,20211028,662,666.5,640,643.5,43713
ANDREWYU,20211028,25.15,25.15,24.05,24.35,192973
ANGELBRKG,20211028,1253,1277.75,1230,1271.3,327474
ANIKINDS,20211028,20.3,21,19.9,20.15,5141
ANKITMETAL,20211028,4.25,4.25,4.25,4.25,287763
ANMOL,20211028,149.9,151.6,135,146.65,55775
ANSALAPI,20211028,12.65,12.9,11.8,12.3,493773
ANSALHSG,20211028,6.4,6.6,6.3,6.35,341337
ANTGRAPHIC,20211028,0.65,0.7,0.65,0.7,22761
ANUP,20211028,1045.35,1065,991.05,1007.6,57045
ANURAS,20211028,819,821.85,802,811.1,37711
APARINDS,20211028,691.95,691.95,667,670.7,22717
APCL,20211028,381.5,384.45,374.9,377.95,17103
APCOTEXIND,20211028,391.1,404.5,385.55,390.05,199930
APEX,20211028,268.4,272.35,265.15,266.75,77868
APLAPOLLO,20211028,795.15,818.7,781.15,805.3,909001
APLLTD,20211028,754.9,754.9,739.1,744.7,180491
APOLLO,20211028,119,119,112.8,115.35,89969
APOLLOHOSP,20211028,4277.8,4314,4225,4289.5,537955
APOLLOPIPE,20211028,1681.2,1731,1643.4,1674.65,38919
APOLLOTYRE,20211028,217.35,217.6,212,212.95,2964778
APOLSINHOT,20211028,805,839,793,800.75,1083
APTECHT,20211028,342.75,374.8,342.75,367.2,1402045
APTUS,20211028,320.1,329.8,320.1,324.8,480804
ARCHIDPLY,20211028,31.8,32.35,31,31.35,7433
ARCHIES,20211028,17.2,17.35,16.85,17.05,23171
ARENTERP,20211028,26.95,26.95,25.75,26,1047
ARIES,20211028,141.35,141.35,138.05,139.05,20871
ARIHANT,20211028,64.65,64.65,64.65,64.65,15508
ARIHANTCAP,20211028,143.9,143.9,137.05,138.05,13287
ARIHANTSUP,20211028,181.05,181.05,171.95,176.25,244934
ARMANFIN,20211028,983.45,998.55,925.15,934.3,19687
AROGRANITE,20211028,65.65,66.05,62.8,63.35,42812
ARROWGREEN,20211028,122.65,127,118.3,122.35,99506
ARSHIYA,20211028,29.55,29.8,28.2,28.6,116766
ARSSINFRA,20211028,28.35,28.35,26.25,26.5,8945
ARTEMISMED,20211028,37,37,34.4,34.8,98298
ARTNIRMAN,20211028,43.65,43.65,43.65,43.65,10067
ARVEE,20211028,74.95,75,71.2,72.45,463
ARVIND,20211028,132,134.5,128.6,130.95,3041270
ARVINDFASN,20211028,309.15,312.1,300,301.3,162464
ARVSMART,20211028,192.8,193,184.75,186.1,20112
ASAHIINDIA,20211028,387.5,429,381.5,417.7,3930056
ASAHISONG,20211028,310,312.3,305,306.75,22736
ASAL,20211028,87.75,87.75,85,87.75,44498
ASALCBR,20211028,536.5,554.4,532,537.65,102311
ASHAPURMIN,20211028,111.15,113.7,106,108.3,92139
ASHIANA,20211028,181,181.9,177.3,180.1,55415
ASHIMASYN,20211028,17.95,17.95,15.15,16.3,184668
ASHOKA,20211028,107,108.45,103.2,105.35,847816
ASHOKLEY,20211028,141.75,144.5,140.2,141.3,19233759
ASIANHOTNR,20211028,87,87,82.7,83.45,9701
ASIANPAINT,20211028,3103,3147.6,3062,3116.3,1791065
ASIANTILES,20211028,138.95,138.95,133.7,134.55,421113
ASPINWALL,20211028,173.85,174.05,168.75,172.8,3706
ASTEC,20211028,1155,1257,1115.05,1251.65,65857
ASTERDM,20211028,189,191.5,180.8,183.65,239281
ASTRAL,20211028,2171,2209.75,2154.05,2189.65,374902
ASTRAMICRO,20211028,235,238.3,221.7,226.4,1817230
ASTRAZEN,20211028,3026.4,3045.8,2980.25,3012,15763
ASTRON,20211028,52.65,52.7,50.2,51,64955
ATFL,20211028,999.15,1003.9,980.3,990.3,6242
ATGL,20211028,1475.1,1480,1401.35,1408.9,487533
ATLANTA,20211028,14.05,14.15,14,14.15,99121
ATUL,20211028,9700,9944.8,9611.15,9845.45,38990
ATULAUTO,20211028,237.4,239.5,225.8,227.55,202806
AUBANK,20211028,1271,1299.5,1215.85,1227.6,1395405
AURIONPRO,20211028,220,225.25,212.75,224.2,179821
AUROPHARMA,20211028,706,706.5,675.2,678.65,1919106
AURUM,20211028,85,86,82.75,83.1,78949
AUSOMENT,20211028,63.3,63.3,60.05,61.1,2017
AUTOAXLES,20211028,1367,1379.7,1301.1,1310.35,21370
AUTOIND,20211028,54.65,57.95,54.2,55,33281
AVADHSUGAR,20211028,417.3,417.5,406.4,408.1,62176
AVANTIFEED,20211028,553.95,560.4,536,552.4,136083
AVTNPL,20211028,87.75,87.75,85.15,86,179899
AWHCL,20211028,308.8,312.35,297.45,299.85,229816
AXISBANK,20211028,787.5,789,754.65,758.35,19320926
AXISBNKETF,20211028,407.81,407.81,394.14,396.71,1793
AXISBPSETF,20211028,10.36,10.39,10.36,10.38,4826800
AXISCADES,20211028,81.8,81.8,79,79.5,63757
AXISCETF,20211028,71.45,72.5,68.55,70.97,2410
AXISGOLD,20211028,41.28,41.55,41.28,41.42,94744
AXISHCETF,20211028,87.5,88,86.6,86.9,6431
AXISNIFTY,20211028,192,192,187.5,188.33,8050
AXISTECETF,20211028,355.01,358.98,349.1,350.57,2884
AYMSYNTEX,20211028,108.65,108.7,104.35,105,6263
BAFNAPH,20211028,126,129.65,122.7,124.8,3882
BAGFILMS,20211028,3,3,2.8,2.8,146854
BAJAJ-AUTO,20211028,3854.95,3860,3688.85,3700.7,706705
BAJAJCON,20211028,234.7,234.7,230.4,231.4,209299
BAJAJELEC,20211028,1134.95,1143.95,1116.35,1124.4,86457
BAJAJFINSV,20211028,18012,18372.05,17802,17987.7,342550
BAJAJHIND,20211028,13.9,13.9,13.5,13.6,2983513
BAJAJHLDNG,20211028,4770,4785,4730,4771.85,16493
BAJFINANCE,20211028,7540,7596,7353.4,7484.25,1572302
BALAJITELE,20211028,63.45,63.7,61.8,62.1,164981
BALAMINES,20211028,3737,3737,3520,3558.95,175488
BALAXI,20211028,556.25,590,511.7,543.6,5703
BALKRISHNA,20211028,23.25,24.85,23.25,24.8,7809
BALKRISIND,20211028,2498.9,2509,2455.1,2490.65,468321
BALMLAWRIE,20211028,129.05,129.35,125.2,125.95,296176
BALPHARMA,20211028,98.95,100.35,96,96.1,25072
BALRAMCHIN,20211028,329.85,330.55,313,325.3,931925
BANARBEADS,20211028,79.1,79.1,73.1,75.25,19770
BANARISUG,20211028,2285,2285,2211,2236.5,4500
BANCOINDIA,20211028,186,187.3,181.5,182.6,36642
BANDHANBNK,20211028,297.15,310.25,294.05,298.3,15471570
BANG,20211028,35.4,35.4,34.1,34.85,6581
BANKA,20211028,72.1,75.8,72.1,72.7,6041
BANKBARODA,20211028,100.2,101.45,97.4,97.8,62486211
BANKBEES,20211028,420,420,396.36,398,973640
BANKINDIA,20211028,62.6,62.6,59,59.45,10323547
BANSWRAS,20211028,195.65,199,184.35,196.15,42789
BARBEQUE,20211028,1240,1245.95,1211.45,1220.25,58243
BASF,20211028,3316,3365,3200.35,3246.7,51320
BASML,20211028,64.2,65.4,61.45,62.15,94797
BATAINDIA,20211028,1993.4,2005.4,1950,1965.25,235839
BAYERCROP,20211028,4998,5058.95,4975.05,5006.3,8342
BBL,20211028,1377.2,1390,1331.25,1342.85,8590
BBTC,20211028,1112,1117,1082,1092.25,34037
BCG,20211028,76.45,76.45,76.45,76.45,1042359
BCLIND,20211028,239,239,230,231.5,72137
BCP,20211028,4,4,3.65,3.75,424866
BDL,20211028,418,423.85,413,416.75,136072
BEARDSELL,20211028,15.1,15.1,14.5,14.7,7126
BECTORFOOD,20211028,405,405,399,400.7,90504
BEDMUTHA,20211028,47.55,50.5,47,47.45,21787
BEL,20211028,207.05,207.85,199.9,200.3,3809902
BEML,20211028,1605,1644.7,1594,1612.25,299525
BEPL,20211028,182.5,182.5,176.5,177.4,637698
BERGEPAINT,20211028,740,747,722.05,737.7,941600
BESTAGRO,20211028,1264,1268.45,1163.35,1192.65,18611
BFINVEST,20211028,341,341,327.15,329.9,13252
BFUTILITIE,20211028,420.75,422.45,408.5,411.3,103477
BGRENERGY,20211028,65.5,67.4,63.05,63.35,359703
BHAGCHEM,20211028,801.4,803,767.05,775.65,1390
BHAGERIA,20211028,286.7,286.7,273.05,275,28453
BHAGYANGR,20211028,47.55,48.55,47.2,47.9,32170
BHAGYAPROP,20211028,32.6,34.85,30.7,33.15,144842
BHANDARI,20211028,3.55,3.55,3.4,3.45,216900
BHARATFORG,20211028,772,784.4,762.2,765.3,972969
BHARATGEAR,20211028,167,167,160,160.6,74394
BHARATRAS,20211028,11123.9,11181,10510,10576.3,4477
BHARATWIRE,20211028,59,60,57,57.65,10924
BHARTIARTL,20211028,702.75,706.05,684.4,689.75,8884507
BHEL,20211028,70.85,70.85,67.35,67.95,45480814
BIGBLOC,20211028,147,148,141.8,144.35,25823
BIL,20211028,208.25,210.75,202.2,206.25,5044
BINDALAGRO,20211028,20.8,20.9,20.05,20.1,141769
BIOCON,20211028,338,340.95,335,337.85,3263752
BIOFILCHEM,20211028,63.9,64.95,62.2,63,18224
BIRLACABLE,20211028,91.2,91.2,84,84.85,42706
BIRLACORPN,20211028,1407.95,1450,1381.25,1440.65,99588
BIRLAMONEY,20211028,61.65,62.8,61.1,61.25,69914
BIRLATYRE,20211028,24.6,24.7,23.85,24.05,262231
BLBLIMITED,20211028,11.6,11.6,10.6,10.7,49491
BLISSGVS,20211028,106.4,113.45,104.2,112.15,930726
BLKASHYAP,20211028,27.25,27.25,24.7,25.2,214298
BLS,20211028,209,215.7,202.1,215.7,158426
BLUEDART,20211028,6650,6737,6510.35,6578.6,32338
BLUESTARCO,20211028,950,960,915.5,936.65,147302
BODALCHEM,20211028,128.7,129.85,122.95,124.2,444056
BOMDYEING,20211028,97.5,97.6,92.7,93.45,2121889
BOROLTD,20211028,278.05,284.6,269.05,273.35,273165
BORORENEW,20211028,465.45,469.55,443,444.7,492932
BOSCHLTD,20211028,16919.9,17002.95,16600,16712.15,27756
BPCL,20211028,429,431,419.05,420.8,3621241
BPL,20211028,104.1,104.1,100.7,100.7,167680
BRIGADE,20211028,463.9,463.9,438.15,442.25,239373
BRITANNIA,20211028,3725,3728.7,3654,3681.9,193658
BRNL,20211028,28.85,29.2,28.2,28.6,18592
BROOKS,20211028,121.5,122.4,115.75,117.7,44381
BSE,20211028,1363.2,1363.2,1305,1318.9,374253
BSHSL,20211028,286.9,286.9,277.9,281.5,2634
BSL,20211028,77.85,81.95,77,80.1,25512
BSLGOLDETF,20211028,4368.7,4384.95,4350.05,4360.65,171
BSLNIFTY,20211028,203.99,203.99,198,198.46,2071
BSLSENETFG,20211028,588,588,567.5,570.55,654
BSOFT,20211028,409.15,424.55,407.55,419.45,3111512
BURGERKING,20211028,158.5,158.5,149.55,150.85,1590129
BURNPUR,20211028,2.9,3.15,2.85,2.85,30074
BUTTERFLY,20211028,1056.75,1056.75,1010,1030.65,162184
BVCL,20211028,22,22.75,21.05,21.25,15946
BYKE,20211028,36.95,37,34.35,34.9,68977
CADILAHC,20211028,511,511,489.6,491.7,1987837
CALSOFT,20211028,32.1,32.1,30,30,65590
CAMLINFINE,20211028,173.4,175.6,169.2,170.45,210562
CAMS,20211028,3004.95,3050,2990.2,3017.85,148850
CANBK,20211028,200.95,202.8,194.5,195.4,28219533
CANFINHOME,20211028,642,649.45,621.45,628.15,953292
CANTABIL,20211028,598.4,598.45,576.3,580.75,6092
CAPACITE,20211028,168.6,168.6,162.6,163.85,144586
CAPLIPOINT,20211028,856,856.9,822,828.15,108242
CAPTRUST,20211028,91,92.45,86.3,88.4,25407
CARBORUNIV,20211028,855.3,864.9,830,846.05,79150
CAREERP,20211028,143.5,143.5,139.1,139.65,26964
CARERATING,20211028,692.8,694.8,674.4,680.25,56039
CARTRADE,20211028,1259,1259,1230,1235.8,71589
CASTROLIND,20211028,140.75,142,138.15,139.75,534592
CCCL,20211028,0.8,0.8,0.7,0.8,427426
CCHHL,20211028,7.1,7.1,6.6,6.9,65534
CCL,20211028,368.8,371.15,360.55,366.3,151703
CDSL,20211028,1386,1386,1328.1,1336.9,304656
CEATLTD,20211028,1281,1298,1259.4,1265.5,206227
CEBBCO,20211028,34.85,34.85,32.4,33.1,319223
CELEBRITY,20211028,10.25,10.25,9.7,9.8,71520
CENTENKA,20211028,441.25,457,441.25,443.85,50095
CENTEXT,20211028,8.9,8.95,8.35,8.6,284273
CENTRALBK,20211028,22.8,23,21.95,22.1,6429921
CENTRUM,20211028,42.5,42.7,40.85,41.15,433493
CENTUM,20211028,539.4,539.4,531.15,535.7,5811
CENTURYPLY,20211028,550.1,550.1,538,546.25,212417
CENTURYTEX,20211028,810.25,810.25,789,790.9,183241
CERA,20211028,5550,5574.8,5281,5347.75,9764
CEREBRAINT,20211028,52.1,53.65,52,52.15,125402
CESC,20211028,90,90.55,89,89.25,3335094
CGCL,20211028,532.2,560,519.8,537.05,25835
CGPOWER,20211028,158.65,158.65,150.35,150.4,1459163
CHALET,20211028,246,246.2,232.55,241.85,264177
CHAMBLFERT,20211028,343.9,363.25,335.55,358.25,2173400
CHEMBOND,20211028,214,214.55,208.55,209.8,31257
CHEMCON,20211028,418,418.4,410,411.3,90079
CHEMFAB,20211028,191.3,191.45,182.05,188.55,7352
CHEMPLASTS,20211028,688.3,703,661.7,667.1,345885
CHENNPETRO,20211028,130,131.5,125,126.05,284738
CHOLAFIN,20211028,622,630,603.5,609,1790909
CHOLAHLDNG,20211028,696.5,717.4,696.5,709.6,329369
CIGNITITEC,20211028,595,599.35,582.5,587.45,115003
CINELINE,20211028,114,119.2,113.45,114.25,76248
CINEVISTA,20211028,14.85,15.1,14.05,14.95,66550
CIPLA,20211028,922.4,928.55,886.3,891.75,2224983
CLEAN,20211028,2145,2194.05,2076,2096.8,316297
CLEDUCATE,20211028,94,94.95,90.9,91,19559
CLNINDIA,20211028,564.9,569,555.5,556.7,28654
CLSEL,20211028,114.95,118,113,114.4,56298
CMICABLES,20211028,44.45,44.45,42.5,42.7,22307
COALINDIA,20211028,173,173,165.95,166.55,24509136
COASTCORP,20211028,268.9,273.9,265.1,268.2,3456
COCHINSHIP,20211028,352.7,355.7,350.1,351.3,152082
COFFEEDAY,20211028,36.75,37.1,35.15,35.6,1011283
COFORGE,20211028,5064,5128.25,4950.1,5033.25,444979
COLPAL,20211028,1537,1540.65,1510.75,1517.2,522816
COMPINFO,20211028,25.15,25.5,24.4,24.65,107578
COMPUSOFT,20211028,16.95,16.95,15.6,15.7,190471
CONCOR,20211028,678,682.5,655.2,659.8,1059481
CONFIPET,20211028,90.15,93.65,86.4,88.95,2131980
CONSOFINVT,20211028,157.2,159,147.3,148.9,5023
CONTROLPR,20211028,320.5,320.5,310.7,312.4,12219
CORALFINAC,20211028,43.2,43.2,40.5,40.9,45620
CORDSCABLE,20211028,54.45,54.6,52.9,53.05,23103
COROMANDEL,20211028,803.3,808.45,774.05,796.9,756578
COSMOFILMS,20211028,1535,1545,1482.3,1534,140795
COUNCODOS,20211028,3.3,3.35,3.15,3.2,116128
CPSEETF,20211028,30.68,30.68,29.63,29.72,1324183
CRAFTSMAN,20211028,2590,2598,2535.15,2568,16068
CREATIVE,20211028,362.9,362.9,335.1,350.3,247233
CREATIVEYE,20211028,3.85,3.85,3.85,3.85,1
CREDITACC,20211028,633.35,633.35,612.45,618.15,61406
CREST,20211028,121.4,123.4,120.5,121.65,15598
CRISIL,20211028,2833.3,2889.2,2772,2794.3,9467
CROMPTON,20211028,476,485,460.05,465.75,3554246
CSBBANK,20211028,301,301.5,294.45,296.3,168401
CTE,20211028,66,66,60.1,60.7,142938
CUB,20211028,176.6,176.6,168.65,169.7,1963648
CUBEXTUB,20211028,23.45,23.45,21.8,22.05,9709
CUMMINSIND,20211028,927.8,950,884,894.9,4091480
CUPID,20211028,230.4,230.4,225,225.65,20639
CYBERMEDIA,20211028,9.4,9.4,8.6,9.15,7657
CYBERTECH,20211028,165,165,159,159.95,62366
CYIENT,20211028,1092,1104,1065,1069.3,241584
DAAWAT,20211028,72.45,72.85,70.5,71.55,1649178
DABUR,20211028,594,594.35,586.45,589.7,1105554
DALBHARAT,20211028,1930,2008,1886.3,1991.35,396504
DALMIASUG,20211028,416.45,416.45,398.45,401.95,88254
DAMODARIND,20211028,42.55,44.25,42,42,11943
DANGEE,20211028,191.25,191.4,185.1,188.6,7426
DATAMATICS,20211028,325.75,325.75,308.4,313.85,174753
DBCORP,20211028,102.5,106.2,99.2,100.85,1535588
DBL,20211028,627.35,628.7,598.25,607.45,339691
DBREALTY,20211028,37.7,38.5,36.7,36.7,768673
DBSTOCKBRO,20211028,17.1,17.35,16.35,16.7,15775
DCAL,20211028,216.55,222.95,207.5,210.3,678300
DCBBANK,20211028,94.4,94.75,92,92.35,915098
DCM,20211028,73.35,73.35,66.65,69.75,194269
DCMFINSERV,20211028,3.6,3.6,3.6,3.6,9572
DCMNVL,20211028,265,268.75,256.6,260.2,146787
DCMSHRIRAM,20211028,991,999.05,970.05,980.25,78600
DCW,20211028,48.1,48.5,45.6,45.6,714326
DECCANCE,20211028,713.2,714.9,691,698.85,20966
DEEPAKFERT,20211028,416.7,418,406.1,408.85,221552
DEEPAKNTR,20211028,2350,2350,2183.65,2247.05,2556972
DEEPENR,20211028,42.95,42.95,41.6,41.95,24596
DEEPINDS,20211028,138,138,131.3,132.6,39462
DELPHIFX,20211028,638.8,638.8,601,606.7,1943
DELTACORP,20211028,266.7,271.3,257.8,259.55,3308952
DELTAMAGNT,20211028,63,66.8,62.05,62.85,3952
DEN,20211028,47.5,47.5,46,46.25,654710
DENORA,20211028,347,347,330.35,332.75,8544
DEVYANI,20211028,119.85,122.45,117.85,119.2,2735570
DFMFOODS,20211028,352.95,352.95,334.25,337.3,64944
DGCONTENT,20211028,13.45,13.45,13.45,13.45,13759
DHAMPURSUG,20211028,303.8,303.8,295,295.9,252834
DHANBANK,20211028,15.8,15.8,15.5,15.55,706601
DHANI,20211028,187.25,193.7,179.15,181.15,2357422
DHANUKA,20211028,757,757,731.65,735.4,41568
DHARSUGAR,20211028,19.3,19.55,18.1,18.65,43140
DHUNINV,20211028,627.9,627.9,598.3,599,6028
DIAMONDYD,20211028,695.35,705.55,678.2,684.1,12106
DICIND,20211028,474,474,428,431.3,9955
DIGISPICE,20211028,48.2,48.2,46,46.9,251617
DIGJAMLMTD,20211028,25.25,25.25,25.25,25.25,42
DISHTV,20211028,17.25,17.25,16.4,16.45,5242561
DIVISLAB,20211028,5161.9,5210.3,5102.6,5121.15,410588
DIXON,20211028,5163.9,5276.95,5044.05,5160.45,366271
DLF,20211028,414.5,415,394.2,396.55,7192680
DLINKINDIA,20211028,143.25,143.25,138.5,139.4,182955
DMART,20211028,4748,4776.85,4620,4675.65,375073
DNAMEDIA,20211028,2.6,2.6,2.4,2.4,260162
DODLA,20211028,595.6,602,575.1,582.6,38946
DOLAT,20211028,85,86.85,82.1,83.9,196284
DOLLAR,20211028,448,456.9,430.05,433.05,98800
DONEAR,20211028,55.6,56.3,54.4,54.55,19735
DPABHUSHAN,20211028,234.75,234.75,225.5,227.4,13721
DPSCLTD,20211028,16,16.25,15.2,15.55,27043
DPWIRES,20211028,215.5,229.3,212.35,222,31371
DRCSYSTEMS,20211028,384,400,383,396.5,450
DREDGECORP,20211028,350.8,350.8,338.2,339.7,57331
DRREDDY,20211028,4675,4689.7,4551.05,4569.95,268395
DSSL,20211028,146.5,149.3,141.5,141.95,26268
DTIL,20211028,263.5,269.8,260,260.5,8537
DUCON,20211028,10.55,10.75,10.3,10.3,122200
DVL,20211028,278.95,279,261.4,265.95,31364
DWARKESH,20211028,72.55,72.9,70.1,70.65,1063731
DYNAMATECH,20211028,2645.85,2735,2600,2621.8,4052
DYNPRO,20211028,645,647.65,620,623.95,39446
EASEMYTRIP,20211028,466,488.55,466,488.55,214181
EASTSILK,20211028,4.75,4.75,4.65,4.75,81392
EBANK,20211028,4301.4,4301.4,3981.3,4095,52
EBBETF0423,20211028,1150.58,1153,1150.58,1152.78,10346
EBBETF0425,20211028,1074.81,1080,1069,1070.12,6647
EBBETF0430,20211028,1178,1188.05,1178,1184.07,7373
EBBETF0431,20211028,1058.5,1061.89,1057.29,1061.62,20978
ECLERX,20211028,2268,2268,2161.3,2189.45,59015
EDELWEISS,20211028,78.1,78.3,75.75,76.15,777966
EICHERMOT,20211028,2583.9,2589.95,2518.75,2527.5,1332301
EIDPARRY,20211028,458.9,464.45,450.55,453.95,251998
EIFFL,20211028,138.85,139.1,127,128.1,12230
EIHAHOTELS,20211028,390.5,390.5,382.2,383.9,5092
EIHOTEL,20211028,141.15,143.5,136.6,137.5,643982
EIMCOELECO,20211028,398.5,398.5,389.25,391.8,19231
EKC,20211028,113.5,113.5,108.85,110.8,152776
ELECON,20211028,158,158,152.45,153.9,163818
ELECTCAST,20211028,34.8,34.8,33.05,33.4,381271
ELECTHERM,20211028,128.6,128.65,117.65,120.05,27922
ELGIEQUIP,20211028,199,201,198,199.85,73998
ELGIRUBCO,20211028,37.45,37.85,37.05,37.35,16902
EMAMILTD,20211028,530.5,537,525,529.6,154617
EMAMIPAP,20211028,159.75,162.9,156,157.85,216826
EMAMIREAL,20211028,67.5,67.9,64.5,65.6,35988
EMKAY,20211028,119.25,124.95,116.1,117.75,127802
EMMBI,20211028,101.3,105.6,101.3,104.25,66921
ENDURANCE,20211028,1834.95,1834.95,1771,1816.05,37909
ENERGYDEV,20211028,10.7,10.7,10.05,10.05,64760
ENGINERSIN,20211028,73.75,73.95,72.5,72.75,1357492
ENIL,20211028,189.95,189.95,181.25,182.5,23536
EPL,20211028,217.6,218,213.2,216.1,105372
EQUITAS,20211028,128,128.95,125,126.8,663315
EQUITASBNK,20211028,66.9,67,64,64.75,711966
ERIS,20211028,819,819,772.35,783.9,393519
EROSMEDIA,20211028,19.3,19.3,18.7,18.75,283233
ESABINDIA,20211028,2308.9,2330,2255,2265.25,2257
ESCORTS,20211028,1550,1563.75,1510,1532.35,994523
ESSARSHPNG,20211028,10.2,10.2,9.85,9.9,168664
ESTER,20211028,139,139,132,133.45,98973
EUROTEXIND,20211028,11.95,11.95,11.95,11.95,250
EVEREADY,20211028,367,370.55,353.2,356.5,344542
EVERESTIND,20211028,435.05,450.45,434.05,437.15,128518
EXCEL,20211028,3.05,3.2,3,3.05,49306
EXCELINDUS,20211028,984,984,959.4,961.45,12476
EXIDEIND,20211028,176,176.45,171.5,172,2962063
EXPLEOSOL,20211028,1171.15,1182,1101.1,1113.8,16020
EXXARO,20211028,153.4,153.4,148.3,149.1,191112
FACT,20211028,119.8,119.8,114.95,115.95,88533
FAIRCHEMOR,20211028,1908.7,1908.7,1815,1833.95,9361
FCL,20211028,121.5,121.5,116.3,117.85,337242
FCONSUMER,20211028,7.05,7.1,6.95,6.95,6280699
FCSSOFT,20211028,1.4,1.4,1.3,1.35,4370579
FDC,20211028,324,325,315.5,318.45,88970
FEDERALBNK,20211028,100.35,101.6,97.05,97.8,21384254
FEL,20211028,8.85,8.95,8.6,8.65,459681
FELDVR,20211028,11.6,11.85,11.4,11.4,13098
FIEMIND,20211028,1272.85,1292.95,1232,1247.75,65007
FILATEX,20211028,102.25,103.7,97,97.5,2529853
FINCABLES,20211028,459.05,480,453.6,473.9,305084
FINEORG,20211028,3460,3460,3332,3366.5,13803
FINPIPE,20211028,226.3,226.35,218,219.1,366964
FLEXITUFF,20211028,15.15,15.4,14.1,14.5,25643
FLFL,20211028,56.1,57.9,55.05,55.3,77428
FLUOROCHEM,20211028,1876,1945,1795,1846.85,155577
FMGOETZE,20211028,262.45,263,258,258.7,29217
FMNL,20211028,8.95,8.95,8.35,8.45,251790
FORCEMOT,20211028,1455,1474.9,1421.1,1435.4,30088
FORTIS,20211028,254.2,254.9,244.25,248.8,1864471
FOSECOIND,20211028,1431,1440.65,1405.9,1419.6,981
FRETAIL,20211028,49.45,49.95,48,48.25,1424579
FSC,20211028,71.25,73.7,68.5,69.15,47391
FSL,20211028,207.2,209.75,202.25,204.7,3058073
GABRIEL,20211028,162.7,163.5,154.45,156.55,676109
GAEL,20211028,174.2,174.2,166.1,166.7,317297
GAIL,20211028,150.5,151,146.2,147.45,9873408
GAL,20211028,2.2,2.25,2.2,2.2,257434
GALAXYSURF,20211028,3231.9,3231.9,3121,3158.2,18185
GALLANTT,20211028,73.6,73.6,71.4,71.75,16441
GALLISPAT,20211028,52.25,52.25,50.1,50.3,17528
GANDHITUBE,20211028,439.8,439.8,426,430.6,4097
GANECOS,20211028,504.85,521,495.6,501.2,58110
GANESHBE,20211028,89.05,89.95,84.25,85.4,55498
GANESHHOUC,20211028,210.4,210.4,201.5,203.2,34281
GANGAFORGE,20211028,16.8,17.3,16.4,17.05,1101386
GANGESSECU,20211028,88.45,88.45,84.1,84.3,2126
GARFIBRES,20211028,3484,3503,3334,3374.15,10480
GATI,20211028,140.05,142.5,136.8,138.25,293232
GAYAHWS,20211028,0.9,0.9,0.9,0.9,24300
GAYAPROJ,20211028,40,40.15,37.7,38.2,949231
GDL,20211028,269.8,272.3,260,268.85,396909
GEECEE,20211028,149.35,153.8,144.5,145.35,18358
GEEKAYWIRE,20211028,91.45,92,87.65,90.55,6689
GENCON,20211028,41.05,41.15,39.05,39.5,50899
GENESYS,20211028,222.5,241.45,222.5,228.85,54244
GENUSPAPER,20211028,11.25,11.25,10.8,10.9,112238
GENUSPOWER,20211028,69.4,69.45,65.5,66.05,1033057
GEOJITFSL,20211028,84.7,85,81.4,81.85,226882
GEPIL,20211028,302,302.05,290,294.4,101967
GESHIP,20211028,327.55,327.6,315,316.65,132831
GET&D,20211028,128.1,128.15,125.5,126.85,100771
GFLLIMITED,20211028,81.4,82.5,77.6,78.6,137264
GFSTEELS,20211028,3.7,3.7,3.7,3.7,100
GHCL,20211028,429.1,435.4,405,418.7,293659
GICHSGFIN,20211028,165.4,168,158.15,160.6,428348
GICRE,20211028,137.2,137.9,134,134.8,526363
GILLANDERS,20211028,48.2,51.3,48.2,50.1,3466
GILLETTE,20211028,5746,5774,5621,5682.65,6585
GINNIFILA,20211028,33.2,33.2,31.5,31.7,74564
GIPCL,20211028,88.5,89.25,85.9,87.4,366338
GKWLIMITED,20211028,652.5,661.15,638.45,641.45,925
GLAND,20211028,3530,3644.95,3465.55,3593.4,141206
GLAXO,20211028,1480,1489.9,1458.3,1481.7,51298
GLENMARK,20211028,503.7,504.7,489.2,494.5,1493336
GLFL,20211028,2.85,2.85,2.85,2.85,610
GLOBAL,20211028,43.65,43.65,40.6,41.8,11364
GLOBALVECT,20211028,56.15,59.9,54.2,56.25,16145
GLOBE,20211028,14.1,14.25,13.85,14,931941
GLOBUSSPR,20211028,1313.2,1313.2,1216.3,1245,273491
GLS,20211028,636,643.9,625.1,630.25,59964
GMBREW,20211028,762,775.55,725.2,732.2,110839
GMDCLTD,20211028,75.5,75.6,72.35,73,798532
GMMPFAUDLR,20211028,4832.15,4869.4,4601.15,4643.8,30029
GMRINFRA,20211028,40.55,41.05,39.5,39.75,17082320
GNA,20211028,945,950.3,900,907.75,51404
GNFC,20211028,466.15,471.45,450,454.1,957401
GOACARBON,20211028,377.1,382,369.15,371.25,21563
GOCLCORP,20211028,320.75,336,312.35,316.55,16811
GODFRYPHLP,20211028,1365,1408.75,1339.95,1369.85,130903
GODHA,20211028,53.2,53.2,51.45,52.4,2089
GODREJAGRO,20211028,595.15,600,590,593.45,46794
GODREJCP,20211028,1008.15,1012.75,981,984.85,594357
GODREJIND,20211028,575,579.3,562.95,565.4,151002
GODREJPROP,20211028,2389.05,2389.85,2255,2270.45,1247808
GOKEX,20211028,208.6,209.7,198.8,205.2,223507
GOKUL,20211028,27.85,29.35,27.7,28.35,403207
GOKULAGRO,20211028,57,58.1,55,58.05,1716261
GOLDBEES,20211028,43.8,43.8,41.3,41.57,3762963
GOLDENTOBC,20211028,146.2,151,140.2,142.5,27432
GOLDIAM,20211028,1122,1149,1011.3,1028.55,287930
GOLDSHARE,20211028,41.65,41.95,41.6,41.7,126125
GOLDTECH,20211028,36.75,36.75,35,36.75,87583
GOODLUCK,20211028,304,304.9,291,293,126408
GOODYEAR,20211028,1027.05,1029.2,1010.1,1013.5,13362
GPIL,20211028,372.75,374.75,354.2,361.55,461502
GPPL,20211028,111.85,112.3,110.6,111.05,528881
GPTINFRA,20211028,85.2,85.2,83.65,84.1,10338
GRANULES,20211028,321.7,321.8,308.1,310.3,1515424
GRAPHITE,20211028,579.4,579.6,550,552,401149
GRASIM,20211028,1735.95,1735.95,1692.55,1702.4,649517
GRAUWEIL,20211028,61,61.5,59.2,59.85,78686
GRAVITA,20211028,217.35,224.9,210.3,212.25,726749
GREAVESCOT,20211028,138.5,140.3,135.8,138,1574494
GREENLAM,20211028,1429,1429,1380.55,1385.3,3224
GREENPANEL,20211028,368.9,368.9,352,368.9,1472800
GREENPLY,20211028,209.65,209.65,204,206.8,175524
GREENPOWER,20211028,4.75,4.75,4.35,4.35,2841764
GRINDWELL,20211028,1574,1649.8,1545.8,1573.55,190436
GRINFRA,20211028,1977.65,1997.95,1912.7,1929.05,36531
GROBTEA,20211028,1054,1054,1020,1032.15,190
GRPLTD,20211028,965.6,980,942,969.5,939
GRSE,20211028,223.05,234,220.75,222.4,626313
GSCLCEMENT,20211028,47.4,48.2,46.85,47.1,98232
GSFC,20211028,134.5,138.4,130,131.15,2788928
GSPL,20211028,307.9,317.3,306.25,310.85,807378
GSS,20211028,82.6,82.9,79.5,80.05,46461
GTL,20211028,14.5,14.5,13.65,13.7,129622
GTLINFRA,20211028,1.55,1.55,1.45,1.45,25712128
GTNTEX,20211028,8,8,8,8,3111
GTPL,20211028,276.9,276.9,263.25,264.45,80414
GUFICBIO,20211028,196.7,196.7,188.8,190.95,241527
GUJALKALI,20211028,780,815,760,771.75,1065905
GUJAPOLLO,20211028,226.7,226.7,215.35,218.3,13878
GUJGASLTD,20211028,594,605,577.2,594.15,3154890
GUJRAFFIA,20211028,36.2,36.2,34.55,35.25,1582
GULFOILLUB,20211028,593.9,617,583.7,588.55,63541
GULFPETRO,20211028,50.3,51.6,49.05,49.8,33155
GULPOLY,20211028,281.95,281.95,270,273.9,37173
HAL,20211028,1317.1,1317.9,1260,1266.7,848451
HAPPSTMNDS,20211028,1350,1369,1285,1294.7,232933
HARRMALAYA,20211028,174,176,167,168.05,32816
HATHWAY,20211028,23.45,23.5,23.05,23.15,1238360
HATSUN,20211028,1330,1357.35,1311.2,1335.35,40617
HAVELLS,20211028,1286.95,1286.95,1256.45,1263.75,943525
HAVISHA,20211028,1.3,1.3,1.2,1.25,71703
HBANKETF,20211028,406,407.16,394,397.04,5450
HBLPOWER,20211028,51.2,52.3,50.4,50.85,654283
HBSL,20211028,37.7,37.7,34.55,35.65,8441
HCC,20211028,9.75,9.75,9.3,9.4,4752990
HCG,20211028,228.2,233.9,225.05,226.5,72676
HCL-INSYS,20211028,13.25,13.25,12.75,12.85,574924
HCLTECH,20211028,1183.3,1185,1146.8,1152,4096585
HDFC,20211028,2891,2924.3,2863.15,2900.8,3302920
HDFCAMC,20211028,2701.25,2713.95,2621,2629.45,506165
HDFCBANK,20211028,1650,1650,1587.15,1593.6,8898875
HDFCLIFE,20211028,693.85,695.7,680.2,683.1,1471621
HDFCMFGETF,20211028,42.95,42.95,42.4,42.52,454703
HDFCNIFETF,20211028,196.2,196.5,191.01,192.83,37900
HDFCSENETF,20211028,664.99,664.99,653,655.99,3427
HEALTHY,20211028,8.9,8.9,8.53,8.61,68729
HEG,20211028,2189,2189,2080.75,2108.55,93446
HEIDELBERG,20211028,240.9,243.6,238.55,240.05,110240
HEMIPROP,20211028,138.65,139.4,134.55,135.6,677071
HERANBA,20211028,718.45,727.85,705,710.95,129397
HERCULES,20211028,143,143,138.05,139.15,14721
HERITGFOOD,20211028,539.9,565,495.1,502.65,717853
HEROMOTOCO,20211028,2713.8,2713.8,2660,2667.75,366561
HESTERBIO,20211028,2499,2500,2418.95,2432.4,30629
HEXATRADEX,20211028,154,161.8,150.85,151.4,3264
HFCL,20211028,76.8,77.35,72.6,72.7,4508738
HGINFRA,20211028,798.4,798.55,772.55,778.9,109635
HGS,20211028,2690,2790,2675,2707.5,7862
HIKAL,20211028,554,583,532.25,570.95,1028809
HIL,20211028,4650,4773.7,4428,4524.65,110678
HILTON,20211028,13.1,13.45,12.7,12.75,7747
HIMATSEIDE,20211028,263,267.5,252.15,252.9,107119
HINDALCO,20211028,455.85,477.15,453.45,468.8,12659503
HINDCOMPOS,20211028,322.9,322.9,305,306.2,3408
HINDCON,20211028,68.25,70.4,66.05,67.6,20573
HINDCOPPER,20211028,132,133,128.1,129.05,4492425
HINDMOTORS,20211028,11.65,11.65,11.65,11.65,78704
HINDNATGLS,20211028,29.65,29.8,27.6,27.6,106958
HINDOILEXP,20211028,175.05,177.55,170,171.75,318653
HINDPETRO,20211028,335,335.45,315.05,317.05,4501801
HINDUNILVR,20211028,2400,2416,2368,2389.65,2015791
HINDZINC,20211028,322.6,322.6,316.1,317.65,824077
HIRECT,20211028,197.8,197.8,186.35,190,22810
HISARMETAL,20211028,124.15,126.7,123,123.7,5785
HITECH,20211028,635.95,635.95,603,610.05,42259
HITECHCORP,20211028,216.15,216.15,207.5,210.15,3016
HITECHGEAR,20211028,248,248,240,241.6,10105
HLEGLAS,20211028,6802.9,6950,6525,6643.1,10510
HLVLTD,20211028,10.75,11.1,10.5,10.75,100817
HMVL,20211028,78,78.5,76,76.35,76401
HNDFDS,20211028,1919,1925.95,1885.55,1897.65,3120
HNGSNGBEES,20211028,325.1,325.1,320.1,321.84,1834
HOMEFIRST,20211028,708,708.9,685.15,699.7,156804
HONAUT,20211028,42648,43090.35,42303.2,42337,958
HONDAPOWER,20211028,1300,1314.35,1275,1301.3,7593
HOTELRUGBY,20211028,4.1,4.1,3.8,3.8,42266
HOVS,20211028,55,55,52.1,53.65,11684
HPL,20211028,68.5,70.95,66.15,68.05,209017
HSCL,20211028,50.95,51.4,50.5,50.9,5929158
HSIL,20211028,259,263.65,244.1,247.05,231987
HTMEDIA,20211028,26.2,26.8,25.55,26.35,270101
HUBTOWN,20211028,29,30.35,28.75,30.25,60503
HUDCO,20211028,44.15,44.4,43,43.15,1651488
HUHTAMAKI,20211028,239.2,239.9,235,237.4,64475
IBMFNIFTY,20211028,183.24,183.24,179.05,181.06,370
IBREALEST,20211028,159.9,160.5,150.95,152.1,8487232
IBULHSGFIN,20211028,222.35,223.5,209.05,210.3,19285631
ICDSLTD,20211028,57.55,57.55,52.75,57.35,9459
ICEMAKE,20211028,70.85,70.85,63.65,65.05,23957
ICICI500,20211028,27.99,29.95,25.24,25.45,393081
ICICIALPLV,20211028,177.5,177.5,173.11,173.63,14345
ICICIB22,20211028,46.97,46.97,45.4,45.54,273445
ICICIBANK,20211028,830.1,831.95,796.25,798.7,18750423
ICICIBANKN,20211028,417,418.7,393.12,394.44,7382
ICICIBANKP,20211028,209,210.79,202.25,202.83,36877
ICICIFMCG,20211028,392,395,382,383.98,14918
ICICIGI,20211028,1501.95,1520,1460.25,1471.8,449386
ICICIGOLD,20211028,43.06,43.06,42.43,42.62,363423
ICICILIQ,20211028,1000,1000,999.48,999.89,137688
ICICILOVOL,20211028,148.52,148.52,140,140.35,114028
ICICIM150,20211028,118.87,118.87,115.47,116.35,67854
ICICIMCAP,20211028,107.6,107.6,104.41,104.72,13729
ICICINF100,20211028,200.99,203.98,195.16,196.04,9779
ICICINIFTY,20211028,213.1,213.1,191.3,191.88,231350
ICICINV20,20211028,96.49,96.49,94.15,94.47,17651
ICICINXT50,20211028,43.97,43.97,42.7,42.84,41752
ICICIPHARM,20211028,87.85,89,86,86.22,87711
ICICIPRULI,20211028,629.9,635.8,612.55,617.5,958101
ICICISENSX,20211028,663.95,664,653.5,654.48,3362
ICICITECH,20211028,364.7,364.7,355.01,356.02,83931
ICIL,20211028,257.8,259.65,231.75,234.05,1013153
ICRA,20211028,3540.15,3600,3540,3551.6,1752
IDBI,20211028,53.55,53.55,50.4,51.1,11492514
IDBIGOLD,20211028,4382.25,4560.3,4382.25,4418.2,195
IDEA,20211028,10.25,10.3,9.65,9.7,256619916
IDFC,20211028,58,58.2,55.2,55.75,9071469
IDFCFIRSTB,20211028,52.35,52.6,49.2,49.55,45736440
IDFNIFTYET,20211028,190.95,190.95,187.48,188.72,421
IEX,20211028,735,749.7,705.6,710.4,11596480
IFBAGRO,20211028,656,679,645.25,655.55,35612
IFBIND,20211028,1273,1302,1259.6,1264.65,25891
IFCI,20211028,12.6,12.75,12.2,12.25,3066312
IFGLEXPOR,20211028,299.8,299.9,287.85,290.85,13298
IGARASHI,20211028,523.75,526.75,511.05,514,87345
IGL,20211028,474,475.8,461,462.9,1510625
IGPL,20211028,883,889.55,843.25,853,97962
IIFL,20211028,319.85,329,308.85,316.65,1073950
IIFLSEC,20211028,99.7,100.55,96,96.7,295955
IIFLWAM,20211028,1649,1727,1550,1664.15,290611
IITL,20211028,66.5,69.95,66.5,68,312
IMAGICAA,20211028,11.55,11.95,11.15,11.4,234680
IMFA,20211028,858.2,858.2,781,789.45,57466
IMPAL,20211028,796.25,796.65,768,768.4,2239
INCREDIBLE,20211028,25.55,26.2,24.6,24.6,15876
INDBANK,20211028,23.1,23.4,22.6,22.6,60169
INDHOTEL,20211028,203.5,204.05,197.25,199.3,8268891
INDIACEM,20211028,197.35,206.5,194.1,201.25,6128780
INDIAGLYCO,20211028,864.3,875.75,849.5,853.2,82299
INDIAMART,20211028,7405,7412,7100,7123.8,197885
INDIANB,20211028,189.5,189.5,171.5,174.3,7685967
INDIANCARD,20211028,178.8,179,172.75,174.55,8299
INDIANHUME,20211028,194.75,196.9,189.4,190.4,41829
INDIGO,20211028,2020.8,2058,1976.2,1997.95,612492
INDIGOPNTS,20211028,2391,2408.55,2375,2390.15,13482
INDLMETER,20211028,11.95,12.35,11.55,11.95,7752
INDNIPPON,20211028,415,415,384.5,388.65,93643
INDOCO,20211028,472,472,440.2,447.65,211823
INDORAMA,20211028,50.25,50.25,47.55,48.1,54526
INDOSTAR,20211028,276,276,269.3,270.35,17641
INDOTECH,20211028,157.65,162,155.05,158.4,8181
INDOTHAI,20211028,104,105.65,100,104.8,48489
INDOWIND,20211028,11.95,11.95,10.85,10.85,952689
INDRAMEDCO,20211028,74.95,75.2,73,73.2,80158
INDSWFTLAB,20211028,63,63,59.3,59.9,75257
INDSWFTLTD,20211028,12.9,12.9,11.7,11.7,171710
INDTERRAIN,20211028,45,45.65,42,43.3,288088
INDUSINDBK,20211028,1172,1242,1169.25,1176,17223159
INDUSTOWER,20211028,275,275.8,262.85,272.55,5966890
INEOSSTYRO,20211028,1490.05,1502.6,1450,1454.1,21183
INFIBEAM,20211028,46,47.55,45,45.45,11403846
INFOBEAN,20211028,385,391.7,371.2,374.95,83930
INFOMEDIA,20211028,4.95,5.3,4.95,5.05,27126
INFRABEES,20211028,536,536.99,525.01,527.13,940
INFY,20211028,1719.35,1724.75,1692.05,1703.9,5329972
INGERRAND,20211028,1165,1167.3,1130,1135.35,20619
INOXLEISUR,20211028,420.05,427.5,414.25,417.25,489826
INOXWIND,20211028,117,117.45,111.1,112.25,202896
INSECTICID,20211028,649.75,655.8,637.65,640.6,10308
INSPIRISYS,20211028,43.5,43.7,41.75,41.75,30112
INTELLECT,20211028,665.25,679.75,645.05,659.65,442717
INTENTECH,20211028,69.95,70.9,63.8,64.6,62752
INTLCONV,20211028,67.6,67.6,64.2,64.5,16389
INVENTURE,20211028,2.5,2.5,2.35,2.35,2601908
IOB,20211028,22.7,22.95,21.05,21.4,12091627
IOC,20211028,130.8,131.4,127.75,128.65,9267487
IOLCP,20211028,561.8,564.95,551,553.6,109534
IPCALAB,20211028,2191.45,2195,2082,2121.6,202062
IPL,20211028,330.1,331.65,318,321.2,178644
IRB,20211028,245.2,251.7,236.85,238.2,17832345
IRCON,20211028,48.45,49.5,47.6,48,5230777
IRCTC,20211028,817,983,810,913.5,59298778
IRFC,20211028,24.85,24.95,24.05,24.15,17364266
IRISDOREME,20211028,228.45,228.55,222,224.05,2023
ISEC,20211028,749.9,756.25,701.2,713.1,518650
ISFT,20211028,133,133,126.5,129.95,44035
ISGEC,20211028,676.6,683.1,657.85,663.35,39282
ISMTLTD,20211028,33.85,33.85,30.75,30.95,151522
ITC,20211028,235.1,235.95,224.15,225.1,46282465
ITDC,20211028,387,393.55,371.05,373.45,66346
ITDCEM,20211028,81.25,82.65,79.8,80.1,619159
ITI,20211028,122.45,122.45,118.5,118.95,251612
IVC,20211028,5.85,5.95,5.7,5.8,282873
IVP,20211028,114.1,114.45,108.1,109.45,6125
IVZINGOLD,20211028,4350.45,4350.45,4275.1,4288,69
IVZINNIFTY,20211028,1969.4,1969.4,1945.25,1945.25,35
IWEL,20211028,834,839.15,809.95,839.15,6787
IZMO,20211028,92.8,92.8,87.15,88.6,27012
J&KBANK,20211028,43.4,43.55,40,40.2,8576720
JAGRAN,20211028,65.3,65.3,62.55,62.85,288615
JAGSNPHARM,20211028,179.85,179.85,169,171.05,119499
JAIBALAJI,20211028,51.65,57.45,51.65,54.15,298862
JAICORPLTD,20211028,126.4,126.55,120.5,121.25,1075202
JAIPURKURT,20211028,49.2,51.95,48.8,49.05,9570
JAMNAAUTO,20211028,98.8,99.45,96.55,98,949067
JASH,20211028,509,521.75,485,487.65,10741
JAYAGROGN,20211028,225.6,231.1,224.05,226.65,33734
JAYBARMARU,20211028,191.3,193.15,188,189,31670
JAYNECOIND,20211028,29.4,30.05,28.8,29.9,1004958
JAYSREETEA,20211028,106.4,108,103.25,103.95,128737
JBCHEPHARM,20211028,1685.1,1711.9,1641.1,1662.9,51424
JBFIND,20211028,20.8,21.5,20.2,21.25,252879
JBMA,20211028,595,619.7,565.15,577.9,74824
JCHAC,20211028,2125,2145,2050,2081.85,15841
JHS,20211028,24.8,25,23.8,24.3,71609
JIKIND,20211028,0.5,0.5,0.5,0.5,22024
JINDALPHOT,20211028,221.15,221.15,200.15,221.15,133103
JINDALPOLY,20211028,967.95,978.7,955.4,957.65,39128
JINDALSAW,20211028,116.4,117.1,113.3,114,999952
JINDALSTEL,20211028,426.5,426.7,408.5,414.15,7937914
JINDRILL,20211028,141.6,144.5,140,140.6,37287
JINDWORLD,20211028,133.5,137.25,127,128.3,280628
JISLDVREQS,20211028,28.85,28.85,26.6,27,14186
JISLJALEQS,20211028,46.4,46.4,43.8,44,2766858
JITFINFRA,20211028,251.05,256.15,243.35,243.35,64116
JKCEMENT,20211028,3208,3250,3161.35,3207.95,226308
JKIL,20211028,161.7,162.45,151.1,153.8,289644
JKLAKSHMI,20211028,620,620.5,605,610.35,163581
JKPAPER,20211028,236,236.15,224.5,225.35,1249515
JKTYRE,20211028,155.7,155.7,148.5,149.4,703243
JMA,20211028,67.75,67.8,63.3,64.2,16768
JMCPROJECT,20211028,111.75,111.9,108,108.25,92862
JMFINANCIL,20211028,89.6,90.85,88.2,90.1,972495
JOCIL,20211028,224.95,224.95,210.3,212.3,17380
JPASSOCIAT,20211028,8.8,8.85,8.35,8.45,4557075
JPINFRATEC,20211028,2,2.05,1.9,1.95,1682796
JPOLYINVST,20211028,193.65,193.65,193.65,193.65,33089
JPPOWER,20211028,4.65,4.65,4.25,4.4,75269286
JSL,20211028,195.05,201.75,189,190.85,4061680
JSLHISAR,20211028,342.9,349,328.25,334.65,866659
JSWENERGY,20211028,368.95,369.7,348.25,348.25,1940942
JSWHL,20211028,4537.45,5000,4500,4602.5,8083
JSWISPL,20211028,29.2,29.95,28.55,28.9,2015585
JSWSTEEL,20211028,682.9,684.4,664.05,667.45,3080237
JTEKTINDIA,20211028,102.5,102.95,98.8,99.55,138422
JUBLFOOD,20211028,3804.65,3827.2,3700.05,3724.75,355797
JUBLINDS,20211028,619,619,568,575.3,138224
JUBLINGREA,20211028,674.45,674.45,650,653.45,506688
JUBLPHARMA,20211028,604,607.85,596.1,599.65,97375
JUMPNET,20211028,7.5,7.5,7.2,7.25,2021941
JUNIORBEES,20211028,453.95,453.95,438,441.56,117266
JUSTDIAL,20211028,821.3,829.05,800,804.35,228224
JYOTHYLAB,20211028,156,156,152.45,154.2,350608
KABRAEXTRU,20211028,240.3,243.05,235,235.85,69725
KAJARIACER,20211028,1238,1239.2,1192,1201.25,228220
KAKATCEM,20211028,230.05,234.15,228.5,229.6,11700
KALPATPOWR,20211028,439.2,439.2,425.4,428.15,678759
KALYANIFRG,20211028,194.95,196.6,192.45,196.6,418
KALYANKJIL,20211028,77.7,78.4,76,76.55,2121676
KAMATHOTEL,20211028,59,59.2,56,56.85,55530
KAMDHENU,20211028,235.35,235.35,226,228.85,24149
KANANIIND,20211028,7.85,7.85,7.25,7.35,16620
KANORICHEM,20211028,184.5,184.5,174.2,176,12893
KANPRPLA,20211028,173,173,167.05,167.4,8479
KANSAINER,20211028,576.95,576.95,537.25,548.55,397759
KAPSTON,20211028,83.1,85.85,83.1,85.65,1262
KARDA,20211028,20.55,20.6,19.6,19.75,728227
KARMAENG,20211028,23.45,23.45,21.45,21.7,9843
KARURVYSYA,20211028,52.6,52.65,50.05,50.6,5254859
KAUSHALYA,20211028,2.45,2.45,2.35,2.4,7278
KAVVERITEL,20211028,7.1,7.1,6.55,6.55,22555
KAYA,20211028,508.55,518.35,490,491.05,20121
KCP,20211028,129.3,131,128.2,128.8,243112
KCPSUGIND,20211028,21.65,21.65,21,21.1,99227
KDDL,20211028,555.5,620,541.35,602.8,176066
KEC,20211028,500,501,467.5,476.9,963085
KECL,20211028,22,22.25,20.9,21.85,72710
KEERTI,20211028,18.8,19,18.4,18.6,3716
KEI,20211028,934.55,984,907,920.65,1312599
KELLTONTEC,20211028,48.4,49,47.25,47.5,394617
KENNAMET,20211028,1450,1450,1401.2,1415.3,2080
KERNEX,20211028,85.15,87,83.6,85.75,1193
KESORAMIND,20211028,66.4,66.7,64,64.3,412550
KEYFINSERV,20211028,74.25,77,73.5,73.7,1847
KHADIM,20211028,304,304,282.2,289.15,180453
KHAICHEM,20211028,65.95,65.95,62.55,63,60421
KHAITANLTD,20211028,35.25,35.25,32.5,33.05,1458
KHANDSE,20211028,16.7,16.75,15.9,16,899
KICL,20211028,2045,2045,1933.4,1978.2,1308
KILITCH,20211028,164,164,151.05,152.05,4464
KIMS,20211028,1122.95,1164.9,1101.7,1150.75,525531
KINGFA,20211028,975,977.5,950,960.6,3159
KIOCL,20211028,277,278.8,260,261.85,48350
KIRIINDUS,20211028,495.5,497.15,483.15,485.9,72625
KIRLFER,20211028,248.7,250.8,233.7,236.1,168484
KIRLOSBROS,20211028,407,407,386,398.7,42619
KIRLOSENG,20211028,216.3,221,207.45,210.4,141413
KIRLOSIND,20211028,1541,1638.9,1541,1553.15,1826
KITEX,20211028,160,160,155.4,156.15,73371
KKCL,20211028,1174.8,1218.9,1146.35,1195.5,229850
KMSUGAR,20211028,24.9,24.9,24.2,24.4,167118
KNRCON,20211028,282.85,285.9,281.2,283.4,153466
KOKUYOCMLN,20211028,65.6,69.5,64.55,68.35,1340511
KOLTEPATIL,20211028,320,321.55,303,305.4,232120
KOPRAN,20211028,221.5,221.5,203,205.75,189206
KOTAKBANK,20211028,2188.25,2190,2090.4,2098.5,3102289
KOTAKBKETF,20211028,426.6,426.6,398.25,399.9,141859
KOTAKGOLD,20211028,41.72,41.98,41.72,41.89,565289
KOTAKIT,20211028,35.8,36.13,35.02,35.5,46174
KOTAKNIFTY,20211028,193.12,193.12,187.95,188.33,218679
KOTAKNV20,20211028,98.5,99.45,96,96.66,56677
KOTAKPSUBK,20211028,299.7,299.7,270.94,272.57,29015
KOTARISUG,20211028,33.75,33.75,31.85,32.05,85613
KOTHARIPET,20211028,49.25,50.05,48,48.2,30708
KOTHARIPRO,20211028,98.75,98.75,96.25,96.6,2766
KOVAI,20211028,1703.05,1711.1,1650,1701.1,2340
KPIGLOBAL,20211028,177.5,177.5,166.15,169.65,191409
KPITTECH,20211028,330.3,331.65,314.45,316.55,341727
KPRMILL,20211028,470,477.25,454.45,456,439358
KRBL,20211028,283.4,286,276.5,278.85,497153
KREBSBIO,20211028,166.05,167.5,151.8,155.9,35032
KRIDHANINF,20211028,4.75,4.75,4.4,4.5,86024
KRISHANA,20211028,163.5,167,162,163.15,10323
KRSNAA,20211028,651,654.4,637.05,640,64016
KSB,20211028,1270.25,1319.95,1261.9,1283.05,16624
KSCL,20211028,537.95,537.95,520,523.2,49712
KSL,20211028,379,380.35,366,367.4,47236
KTKBANK,20211028,72.8,72.95,69.25,70.4,2171076
KUANTUM,20211028,81.55,82.55,77,78.7,78378
L&TFH,20211028,84,84.4,80.9,81.2,10318998
LAGNAM,20211028,53.05,54.8,50.6,51.3,31817
LALPATHLAB,20211028,3549.9,3607.95,3481,3574.25,236920
LAMBODHARA,20211028,80,84.25,78.9,82.1,14754
LAOPALA,20211028,297.8,301,292.3,294.4,87971
LASA,20211028,64.6,64.65,62.6,63.8,162786
LAURUSLABS,20211028,579,579.2,522,538.55,3795215
LAXMIMACH,20211028,9180,9266.1,8800,8881.45,14362
LCCINFOTEC,20211028,1.8,1.8,1.7,1.75,70002
LEMONTREE,20211028,53.9,55.5,53.1,54.85,7241192
LFIC,20211028,79.5,80.8,78.5,78.6,2077
LGBBROSLTD,20211028,507,517.8,495,497.9,139401
LGBFORGE,20211028,7,7,6.75,6.75,201414
LIBAS,20211028,44.8,48,43.8,44.9,233341
LIBERTSHOE,20211028,165,166.15,162.05,162.35,61278
LICHSGFIN,20211028,411.95,413.35,401.1,403.5,2444801
LICNETFGSC,20211028,23.34,23.34,22.7,23.05,4559
LICNETFN50,20211028,192.05,195.8,190.28,192.24,1857
LICNETFSEN,20211028,650.02,667.51,637.21,642.26,1181
LICNFNHGP,20211028,185,187,178,181.98,278
LIKHITHA,20211028,369.9,370,355.65,359.9,29994
LINCOLN,20211028,358,359.2,342.15,346.5,98844
LINCPEN,20211028,235.75,235.75,225.95,227.25,4041
LINDEINDIA,20211028,2390,2390,2300.1,2316.6,50022
LIQUIDBEES,20211028,1003.18,1003.18,997.16,1000,2880267
LIQUIDETF,20211028,1005,1005,999.99,999.99,39882
LODHA,20211028,1077.5,1081.2,1035,1046.65,141120
LOKESHMACH,20211028,56,56.5,52,53.95,75917
LOTUSEYE,20211028,43.4,43.4,41,41.35,3823
LOVABLE,20211028,126.9,133.8,125.1,129.45,166991
LPDC,20211028,4.5,4.5,4.2,4.25,33102
LSIL,20211028,6.7,6.7,6.7,6.7,755960
LT,20211028,1799.55,1862,1791,1814.25,6379424
LTI,20211028,6694,6855,6643.65,6689.35,568697
LTTS,20211028,4718.4,4757,4625.05,4661.9,354147
LUMAXIND,20211028,1312.25,1347,1306.05,1337.25,2746
LUMAXTECH,20211028,135.75,135.75,131,131.35,43061
LUPIN,20211028,902.55,929.95,878,881.75,3498287
LUXIND,20211028,3569,3589.5,3480.05,3509.55,32076
LXCHEM,20211028,462,462,445.05,448.1,790886
LYKALABS,20211028,92.4,95.55,90,92.15,135731
LYPSAGEMS,20211028,5.05,5.05,4.75,4.8,9402
M&M,20211028,887,896,877.9,883.85,2171227
M&MFIN,20211028,191.95,192.15,184.85,185.6,3683180
MAANALU,20211028,125,133.15,122,132.7,74579
MACPOWER,20211028,198.45,202.9,193,195.5,5205
MADHAV,20211028,55.15,58,55.15,55.85,19326
MADHUCON,20211028,5.4,5.5,5.2,5.35,96855
MADRASFERT,20211028,29.3,29.3,28.45,28.55,85809
MAESGETF,20211028,30.47,30.58,30.05,30.07,17993
MAFANG,20211028,57.89,57.89,56.65,56.92,95527
MAFSETF,20211028,19.46,19.46,18.9,18.97,254796
MAGADSUGAR,20211028,290,291.9,275.05,279.5,12644
MAGNUM,20211028,7.45,7.45,7,7.3,17428
MAHABANK,20211028,21.75,21.75,20.55,20.7,6386148
MAHAPEXLTD,20211028,91.05,95,91.05,94,773
MAHASTEEL,20211028,90.3,91.8,87.25,88.9,45662
MAHEPC,20211028,131.3,132.9,130.15,131,19024
MAHESHWARI,20211028,100.15,102,98.8,98.95,45817
MAHINDCIE,20211028,280.8,281.75,269.4,270.8,234962
MAHLIFE,20211028,278,280.9,274,275.05,99825
MAHLOG,20211028,670,676.85,640.35,657.45,307451
MAHSCOOTER,20211028,4575.95,4576.05,4401,4434.9,5931
MAHSEAMLES,20211028,506.85,506.85,490,491.2,84631
MAITHANALL,20211028,1080,1080,1035,1051.95,83740
MALUPAPER,20211028,34.8,34.9,33.6,33.95,14584
MAN50ETF,20211028,183.7,187.4,183.7,184.34,9618
MANAKALUCO,20211028,20,20.7,19.75,20.25,38023
MANAKCOAT,20211028,19,19,18,18.3,229303
MANAKSIA,20211028,65,66.35,63.4,63.8,22256
MANAKSTEEL,20211028,29.85,30.6,29.05,29.55,26910
MANALIPETC,20211028,119,121.95,116.6,118.7,281707
MANAPPURAM,20211028,203.95,205.2,198.85,200.6,3985530
MANGALAM,20211028,137.3,141,134,136,18173
MANGCHEFER,20211028,71.7,72,70.35,71.15,144693
MANGLMCEM,20211028,441.9,441.9,416,422.9,96486
MANGTIMBER,20211028,16.9,17.6,16.9,17.45,3819
MANINDS,20211028,106.3,106.7,102.45,102.95,90946
MANINFRA,20211028,124.8,124.8,116.85,122.55,1117701
MANUGRAPH,20211028,12.4,12.4,11.15,11.55,16201
MANXT50,20211028,435.35,435.35,416.97,417.78,10462
MARALOVER,20211028,84.85,85.4,79.05,84.35,113928
MARATHON,20211028,90,90,86,87.9,22268
MARICO,20211028,576.8,581.25,558.35,564.35,2768013
MARINE,20211028,31.35,31.5,30.3,30.55,440782
MARKSANS,20211028,68.35,68.4,66.05,66.45,900576
MARUTI,20211028,7250,7529.7,7235.05,7369.7,961511
MASFIN,20211028,764,771,740.1,747.65,20030
MASKINVEST,20211028,38.9,38.9,35.2,35.2,946
MASPTOP50,20211028,29.59,30.25,24.2,29.41,64139
MASTEK,20211028,2824.7,2879,2800.3,2832.25,108487
MATRIMONY,20211028,1004,1009.5,968,976.85,11592
MAWANASUG,20211028,85.7,85.7,82.5,83.55,41632
MAXHEALTH,20211028,337.85,339.4,328.55,335.3,303395
MAXIND,20211028,75.05,75.4,74.25,74.55,98343
MAXVIL,20211028,127,133.7,123.85,128.6,157379
MAYURUNIQ,20211028,430,448.4,425,428.7,27102
MAZDA,20211028,625.95,638.35,600,608.5,8754
MAZDOCK,20211028,263.7,263.7,255,256.95,383648
MBAPL,20211028,182.4,182.4,172,172.6,4364
MBECL,20211028,6.9,6.9,6.4,6.6,42982
MBLINFRA,20211028,20.35,20.55,19.95,20.05,53472
MCDHOLDING,20211028,84.85,84.85,82.5,84.6,92800
MCDOWELL-N,20211028,920,944.75,876.8,892.55,16133086
MCL,20211028,35.75,35.75,34,34.05,48202
MCLEODRUSS,20211028,28,28.15,26.1,26.2,627662
MCX,20211028,1704.8,1704.8,1645.05,1652.55,570244
MEDICAMEQ,20211028,552.5,552.5,540.2,550.55,1202
MEGASOFT,20211028,18.35,18.35,17.55,17.8,111897
MENONBE,20211028,73.5,80.85,72.4,78.1,687438
MEP,20211028,21.8,21.95,21,21.1,97743
MERCATOR,20211028,1.4,1.45,1.4,1.4,663653
METROPOLIS,20211028,2850,2972,2838.25,2940.7,358415
MFL,20211028,955,955,880,911.9,116188
MFSL,20211028,980.75,993.15,974.3,980.25,637750
MGEL,20211028,88,94.6,86,87.15,630613
MGL,20211028,1000,1013.2,971.35,976.95,504783
MHRIL,20211028,235.65,238.5,230.05,230.6,222905
MIDHANI,20211028,191,191.35,185.5,186.7,171679
MINDACORP,20211028,145.25,149.3,141.15,147.9,2613847
MINDAIND,20211028,763,791.65,759,764.25,206209
MINDTECK,20211028,95,95,91.4,92.5,15589
MINDTREE,20211028,4540,4588.9,4485.7,4513.9,643862
MIRCELECTR,20211028,21.6,22.05,21,21.3,1674236
MIRZAINT,20211028,62,62.5,59.75,60.25,415411
MITTAL,20211028,10.35,10.35,9.9,9.95,22965
MMFL,20211028,876,876,829.95,837.1,8297
MMP,20211028,158,158.35,153.15,154.65,15487
MMTC,20211028,43.65,44.2,41.8,42.45,1971848
MODIRUBBER,20211028,82.85,82.85,79.55,79.9,3245
MODISNME,20211028,69.1,73,67.2,68.65,47801
MOGSEC,20211028,53.9,53.9,48.97,49.03,475
MOHITIND,20211028,12.15,12.25,11.9,12.2,22290
MOHOTAIND,20211028,8.95,9.2,8.8,8.95,16815
MOIL,20211028,161.3,161.3,156.5,157.35,239851
MOKSH,20211028,34.65,35.1,34.4,34.7,174031
MOL,20211028,110.6,112.7,105.65,111.8,742432
MOLDTECH,20211028,76.9,76.9,73.1,74.15,21998
MOLDTKPAC,20211028,675,680.05,661,665.75,30984
MOM100,20211028,33.4,33.4,32.2,32.3,193177
MOM50,20211028,184.64,184.64,177,177.81,2777
MON100,20211028,116.25,116.25,114.38,115.24,200596
MONTECARLO,20211028,390,395,382.05,386.15,51839
MORARJEE,20211028,18.65,18.8,17.7,18.1,12896
MOREPENLAB,20211028,53.95,53.95,51.1,51.35,1336571
MOTHERSUMI,20211028,226.3,228.1,223.65,224.85,4235000
MOTILALOFS,20211028,904.8,911.95,881,889.9,148609
MOTOGENFIN,20211028,23.8,25.3,23.2,23.65,8585
MPHASIS,20211028,3385.05,3390,3255,3270.9,529347
MPSLTD,20211028,726.15,730,685,703.5,46777
MRF,20211028,79373,79709.2,77300,77609.35,12606
MRO-TEK,20211028,58.35,59.25,54.9,54.9,12117
MRPL,20211028,51.7,51.7,49.6,50.05,2454448
MSPL,20211028,9.5,9.5,8.6,9,413381
MSTCLTD,20211028,432.9,435.55,415.5,420.75,618173
MTARTECH,20211028,1585.05,1640,1563,1589.25,146410
MTEDUCARE,20211028,8.35,8.35,8.05,8.1,105273
MTNL,20211028,17.9,19.35,17.6,18.3,3768777
MUKANDLTD,20211028,134.05,139.85,133,135.45,12677
MUKTAARTS,20211028,45.85,47,43.55,44.35,86600
MUNJALAU,20211028,57,57.7,55.5,56.4,58759
MUNJALSHOW,20211028,133.2,133.4,128.7,129.55,19029
MURUDCERA,20211028,26.85,26.85,25.5,25.6,51786
MUTHOOTCAP,20211028,393,393,384.5,385.3,10869
MUTHOOTFIN,20211028,1527,1527.5,1476,1482.25,693140
NACLIND,20211028,75.95,78.5,72.1,73.25,154859
NAGAFERT,20211028,9.7,10.1,9.45,9.55,645863
NAGREEKEXP,20211028,33,33,30.65,32.45,6490
NAHARCAP,20211028,293.95,294.6,286.35,290.05,10242
NAHARINDUS,20211028,120,123.5,117,118.05,87362
NAHARPOLY,20211028,246,246,232.75,234.55,28295
NAHARSPING,20211028,494.7,506.65,472.55,502.75,196729
NAM-INDIA,20211028,437,441.5,415,417.1,1341264
NATCOPHARM,20211028,837.5,837.5,810.6,826.1,423846
NATHBIOGEN,20211028,300,302.85,291.3,294.5,18067
NATIONALUM,20211028,98.7,100.75,95.1,98.55,53921049
NAUKRI,20211028,6270,6270,6091.1,6140.55,189847
NAVINFLUOR,20211028,3425,3425,3310,3353.2,125850
NAVKARCORP,20211028,43,43.5,41,41.35,634746
NAVNETEDUL,20211028,107.6,108.55,105,106.35,189904
NAZARA,20211028,2800,2800,2650,2715.4,22864
NBCC,20211028,46.15,46.6,45,45.45,3064282
NBIFIN,20211028,2606,2606,2486.35,2498.55,178
NBVENTURES,20211028,115.1,116.8,112,112.7,276082
NCC,20211028,75,75.15,70.85,71.15,6389307
NCLIND,20211028,237,238,231.1,231.8,113256
NCPSESDL24,20211028,106.65,106.65,106.6,106.65,77
NDGL,20211028,1323.6,1368.25,1282,1289.95,203
NDL,20211028,82,84.5,76.65,82.95,670891
NDRAUTO,20211028,401,401,373,376.8,7285
NDTV,20211028,79.35,81.6,77,78.35,50708
NECCLTD,20211028,19.05,19.35,18.8,19,61960
NECLIFE,20211028,27.4,27.4,26.7,26.75,206070
NELCAST,20211028,84,84.4,82.85,83.65,78418
NELCO,20211028,765,769.8,726,731.9,46060
NEOGEN,20211028,1218,1218,1162.15,1179.85,49496
NESCO,20211028,618,625.3,603.25,610.05,26534
NESTLEIND,20211028,19010,19118.5,18853.5,18991.4,31450
NETF,20211028,190.15,190.15,183,184.2,1983
NETFCONSUM,20211028,76.85,85,76.01,76.34,110963
NETFDIVOPP,20211028,47,47,44.75,44.85,5343
NETFGILT5Y,20211028,49,49.05,48.98,48.98,38
NETFIT,20211028,36.19,36.5,35.61,35.75,717681
NETFLTGILT,20211028,22.7,22.73,22.54,22.65,108122
NETFMID150,20211028,120,120,114.5,115.58,431323
NETFNIF100,20211028,190,194,185.7,186.4,4157
NETFNV20,20211028,99,99.69,96.72,97.19,16411
NETFPHARMA,20211028,14.14,14.19,13.86,13.92,667570
NETFSDL26,20211028,106.12,106.13,106.07,106.12,662
NETWORK18,20211028,78.9,79.7,75.25,76.35,1175337
NEULANDLAB,20211028,1678,1686.25,1579,1590.4,24887
NEWGEN,20211028,582,592.15,566.9,570.55,49095
NEXTMEDIA,20211028,5.5,5.6,5.35,5.4,11186
NFL,20211028,55.9,56,54.45,54.65,408531
NGIL,20211028,113.2,113.2,107.65,107.65,6166
NH,20211028,518.95,526.5,513.05,519.4,136381
NHPC,20211028,31.95,32.15,30.9,31.1,6233438
NIACL,20211028,157.25,158.2,152.25,153.9,531564
NIBL,20211028,26,26.05,24.65,24.75,10818
NIFTYBEES,20211028,209,209,192.98,193.68,3088059
NIITLTD,20211028,310,316,304,307.3,668163
NILAINFRA,20211028,5.9,5.9,5.55,5.65,80226
NILASPACES,20211028,1.75,1.8,1.7,1.7,121397
NILKAMAL,20211028,2518.65,2518.65,2425,2443.1,7976
NIPPOBATRY,20211028,509,526.25,499,508.35,32127
NIRAJ,20211028,37,37,35.2,35.45,12709
NITCO,20211028,22.6,23.75,22.25,23.1,54336
NITINSPIN,20211028,233,236,225,227.75,187700
NITIRAJ,20211028,53.75,53.75,45.8,48.2,4830
NKIND,20211028,36.15,36.9,34.45,35.55,65
NLCINDIA,20211028,64.2,64.25,62.2,62.55,2788099
NMDC,20211028,140.3,142.25,133.1,134.55,27413882
NOCIL,20211028,283,283.5,270.05,273.3,779769
NOIDATOLL,20211028,6.7,6.95,6.65,6.7,72541
NORBTEAEXP,20211028,8.2,8.2,7.6,7.6,1726
NOVARTIND,20211028,765,765,739.5,740.55,10184
NPBET,20211028,214.8,214.8,206.1,207.95,2526
NRAIL,20211028,301.4,302.3,293.1,294.15,10109
NRBBEARING,20211028,133.1,133.1,128.5,129.25,149547
NSIL,20211028,1708.7,1744.15,1656,1677.15,664
NTL,20211028,2,2.05,1.9,1.95,53144
NTPC,20211028,141.3,141.85,136.3,137.35,19999659
NUCLEUS,20211028,582.5,582.5,578.4,579.1,22393
NURECA,20211028,1737.6,1798,1690,1731.5,8294
NUVOCO,20211028,511.25,524.35,511.25,515.75,158562
NXTDIGITAL,20211028,388.55,400.3,380,381.55,6688
OAL,20211028,791.95,791.95,770,776.15,34800
OBEROIRLTY,20211028,926.7,931.2,884,891.75,878249
OCCL,20211028,1071.7,1086,1009.95,1034.8,28659
OFSS,20211028,4485,4568.6,4258.05,4431.05,533554
OIL,20211028,217.05,223.75,215,218.25,1162716
OILCOUNTUB,20211028,9.35,9.35,8.6,8.9,33639
OLECTRA,20211028,578,583.35,560,570.2,298065
OMAXAUTO,20211028,43.1,44.4,42.7,43.2,20363
OMAXE,20211028,76.55,77.9,76,76.15,32077
OMINFRAL,20211028,32.25,32.5,31.5,32.05,76975
OMKARCHEM,20211028,21.4,21.4,19.55,19.9,55592
ONELIFECAP,20211028,17,17.5,15.9,15.9,23558
ONEPOINT,20211028,55.15,55.15,55.15,55.15,110214
ONGC,20211028,150,156.85,148.7,150.2,24815027
ONMOBILE,20211028,113.5,113.5,110,110.3,296644
ONWARDTEC,20211028,220.5,226.35,220.1,220.95,10939
OPTIEMUS,20211028,306.5,306.5,288,298.3,87034
ORBTEXP,20211028,80.45,81.8,78.05,79.2,11662
ORCHPHARMA,20211028,411,419.45,400.95,403.75,6458
ORICONENT,20211028,28.45,28.45,27.1,27.2,57444
ORIENTABRA,20211028,27.7,27.75,26.7,27,78423
ORIENTALTL,20211028,9.05,9.75,8.9,9,48886
ORIENTBELL,20211028,367,369,345,347.7,74784
ORIENTCEM,20211028,162.2,163.5,158.15,160.5,784343
ORIENTELEC,20211028,342.95,350,337.15,345.9,360450
ORIENTHOT,20211028,38.1,38.65,37.05,37.4,150712
ORIENTLTD,20211028,68.1,70,66.35,69.3,4781
ORIENTPPR,20211028,32.35,32.35,31,31.1,1296123
ORISSAMINE,20211028,2639.5,2640,2536.25,2554,7911
ORTINLAB,20211028,33.3,33.3,30.1,30.9,144180
OSWALAGRO,20211028,16.4,16.4,15.8,15.95,36742
PAGEIND,20211028,37849.5,37888,37136.2,37520.05,15533
PAISALO,20211028,950,957.4,932,938.4,108545
PALASHSECU,20211028,72.2,75.7,72.2,74.4,553
PALREDTEC,20211028,143,146.4,138.25,144.65,157237
PANACEABIO,20211028,226.8,232,212.75,212.95,200284
PANACHE,20211028,60.2,62.75,59,59.8,9777
PANAMAPET,20211028,273.4,273.6,265.3,268.55,96491
PANSARI,20211028,70.05,70.05,70.05,70.05,50
PAR,20211028,219.25,219.25,219.25,219.25,11283
PARACABLES,20211028,12.25,12.3,11.6,11.7,265537
PARAGMILK,20211028,135.7,137,131.3,132.2,255049
PARAS,20211028,976.1,976.1,976.1,976.1,47113
PARSVNATH,20211028,13.7,13.95,13.4,13.45,227504
PASUPTAC,20211028,31.95,32.2,30.8,31.6,68813
PATELENG,20211028,25.25,25.4,24.1,24.2,1357640
PATINTLOG,20211028,15.3,17.6,15.3,16.45,995406
PATSPINLTD,20211028,8.75,8.95,8.3,8.8,8208
PBAINFRA,20211028,9.3,9.65,9.1,9.35,9897
PCJEWELLER,20211028,29.3,29.5,27.6,27.95,3124240
PDMJEPAPER,20211028,43,43.1,41.05,41.4,98972
PDPL,20211028,3.8,3.8,3.8,3.8,1141
PDSMFL,20211028,1426.8,1449,1352.3,1394.3,11018
PEARLPOLY,20211028,15.15,15.4,14.9,15,13729
PEL,20211028,2672.2,2710,2581.15,2596.95,399294
PENIND,20211028,28.2,28.45,27.6,27.75,332123
PENINLAND,20211028,11.55,11.75,10.75,10.85,209815
PERSISTENT,20211028,4055,4100,3957,3988.5,376396
PETRONET,20211028,231.85,234.6,228.95,231.8,4318634
PFC,20211028,140.5,140.5,133.55,134.2,11612368
PFIZER,20211028,5161.55,5174,4952.1,4994.65,44327
PFOCUS,20211028,84.7,84.7,78.9,79.45,30603
PFS,20211028,20,20.25,19.1,19.5,1528800
PGEL,20211028,501.25,516,486.3,492.75,38903
PGHH,20211028,13966,14199,13965,14000.35,5136
PGHL,20211028,5549.9,5549.9,5420,5439.15,5825
PGIL,20211028,304.65,309.8,297,298.55,3378
PHILIPCARB,20211028,236,240,226.3,227.2,1868693
PHOENIXLTD,20211028,965.95,966.55,926.95,953.65,359642
PIDILITIND,20211028,2384.85,2393.8,2349.9,2368,316083
PIIND,20211028,2993.55,2993.55,2895,2952.5,320931
PILANIINVS,20211028,1888.5,1895,1844,1852.6,13941
PILITA,20211028,6.9,7,6.7,6.75,499222
PIONDIST,20211028,183,190,177.2,179.35,161649
PIONEEREMB,20211028,58,59.4,57.5,58.5,40129
PITTIENG,20211028,180,181.65,171.4,171.4,147778
PKTEA,20211028,306,307,305,305,653
PLASTIBLEN,20211028,247.5,248,242,242.45,15251
PNB,20211028,45,45,41,41.35,321343621
PNBGILTS,20211028,65.75,66.15,65.05,65.25,132589
PNBHOUSING,20211028,507.2,512.15,490.5,497,388502
PNC,20211028,48.45,49,44,44.55,142403
PNCINFRA,20211028,332.9,338.75,329,331.15,95932
PODDARHOUS,20211028,190.8,191.95,184.5,185.7,4605
PODDARMENT,20211028,324,335.3,314.4,317.75,8188
POKARNA,20211028,590.8,608,566.7,573.95,80538
POLYCAB,20211028,2306.4,2322.7,2260,2269.05,298481
POLYMED,20211028,911,938,891.95,925.55,49836
POLYPLEX,20211028,1719,1723.95,1677.65,1694.95,66823
PONNIERODE,20211028,239,240.95,230,230.9,21082
POONAWALLA,20211028,167.8,172.85,160,161.05,2618621
POWERGRID,20211028,190.7,191.1,185.25,185.9,8321429
POWERINDIA,20211028,2307.25,2314.75,2222,2249.2,27648
POWERMECH,20211028,1010.25,1016.05,980.2,992,46297
PPAP,20211028,242.05,245,237.4,239.85,8600
PPL,20211028,152.65,154.55,148.75,150.35,40122
PRAENG,20211028,15.9,16.8,15.9,16.35,72237
PRAJIND,20211028,348,350,333.5,336.4,451514
PRAKASH,20211028,68.3,68.4,65,65.55,1009511
PRAKASHSTL,20211028,2.45,2.55,2.4,2.45,1020621
PRAXIS,20211028,36.9,36.9,36.9,36.9,26898
PRECAM,20211028,100.05,100.7,97.5,98.05,110626
PRECOT,20211028,302,315.05,276.2,282.65,27329
PRECWIRE,20211028,259.85,259.85,253,254.1,26611
PREMEXPLN,20211028,243.7,254,232,232.15,59093
PREMIER,20211028,4.2,4.2,4.2,4.2,73238
PREMIERPOL,20211028,69.05,69.45,66,66.15,10814
PRESSMN,20211028,28.95,28.95,27.9,27.9,33964
PRESTIGE,20211028,436.7,436.7,418,421.6,433461
PRICOLLTD,20211028,99.3,100.2,95.6,96.7,439635
PRIMESECU,20211028,130.6,132,124.05,126.8,81528
PRINCEPIPE,20211028,722,724.25,701.05,708,187177
PRITIKAUTO,20211028,18.25,18.25,17.55,17.7,68116
PRIVISCL,20211028,1620,1658,1582.7,1600.1,17931
PROINDIA,20211028,120.65,120.65,120.65,120.65,7244
PROZONINTU,20211028,27.5,27.9,26.5,26.65,283920
PRSMJOHNSN,20211028,119.7,125.45,118.75,122.5,933135
PSB,20211028,18.65,18.65,17.8,17.85,616411
PSPPROJECT,20211028,530,538,508,512.6,269841
PSUBNKBEES,20211028,32.75,32.9,30.2,30.49,4418636
PTC,20211028,127.8,128.95,125,125.75,736057
PTL,20211028,50.05,51,48.9,49.2,39623
PUNJABCHEM,20211028,1420,1444.9,1362.8,1378.85,10824
PURVA,20211028,127.85,131.7,126,128.95,246668
PVP,20211028,5.15,5.15,5,5.15,151169
PVR,20211028,1742.7,1742.7,1669.9,1674.85,563320
QGOLDHALF,20211028,2056.15,2065.95,2056.15,2065,136
QNIFTY,20211028,1889.1,1889.1,1868,1869.89,346
QUESS,20211028,910,919.2,874.9,880.55,55532
QUICKHEAL,20211028,229,230.7,225,225.65,134050
RADAAN,20211028,1.35,1.35,1.35,1.35,31527
RADICO,20211028,1151.1,1159.8,1107.05,1132.5,419232
RADIOCITY,20211028,24.7,24.95,24.55,24.55,292732
RAILTEL,20211028,130.6,131.2,128,128.6,877628
RAIN,20211028,239.5,239.5,229.5,232.35,1221306
RAJESHEXPO,20211028,638.7,640.55,631.25,636.75,197845
RAJMET,20211028,153.5,153.65,152.4,152.8,3233
RAJRATAN,20211028,2639.5,2648,2462.4,2462.4,10634
RAJSREESUG,20211028,23.95,25,23.55,23.9,20303
RAJTV,20211028,35.7,35.7,34.35,34.75,6048
RALLIS,20211028,266.5,266.5,260.5,261.75,323833
RAMANEWS,20211028,19.65,19.95,18.75,18.85,41408
RAMASTEEL,20211028,248.75,256.4,243.1,251.05,89251
RAMCOCEM,20211028,1032,1048.5,1013.1,1020.45,677996
RAMCOIND,20211028,291,292.55,285,285.9,116826
RAMCOSYS,20211028,424,428,408.2,414.35,272666
RAMKY,20211028,147.5,147.5,140,140.4,50406
RANASUG,20211028,27.35,27.35,25.6,25.75,409771
RANEENGINE,20211028,277.9,277.95,268,268.3,3755
RANEHOLDIN,20211028,616.4,620,597.55,601.75,47589
RATNAMANI,20211028,2208,2220,2162,2170.4,5293
RAYMOND,20211028,469.9,469.9,451.65,454.2,684758
RBL,20211028,822,829,800.1,806.15,11595
RBLBANK,20211028,207,208.9,200,201.05,11954113
RCF,20211028,78.15,78.2,76.5,76.8,1228902
RCOM,20211028,2.9,2.95,2.85,2.95,16692921
RECLTD,20211028,156,156.65,148.85,150.05,4785850
REDINGTON,20211028,145.4,146.3,141.05,142,718439
REFEX,20211028,135,136.75,127.55,130.3,141444
RELAXO,20211028,1327,1332.8,1301.35,1313.25,112908
RELCAPITAL,20211028,18.45,18.95,18.3,18.4,709139
RELIANCE,20211028,2620,2637.95,2590.5,2598.6,4562471
RELIGARE,20211028,156.9,165.65,154.15,161.15,1001948
RELINFRA,20211028,92,92,89.2,89.2,699564
REMSONSIND,20211028,235.1,235.1,228.05,228.75,4659
RENUKA,20211028,29,29.9,28.4,28.45,4316736
REPCOHOME,20211028,277.9,278.9,272.45,275.55,113816
REPL,20211028,214.5,217,210.05,211.45,19847
REPRO,20211028,570.95,579.2,564,569.7,13346
RESPONIND,20211028,118.55,118.55,110.2,113.7,43719
REVATHI,20211028,600,600.35,582.25,584.9,1253
RGL,20211028,918,918,875.15,880.45,58696
RHFL,20211028,4.1,4.2,3.9,3.9,733305
RHIM,20211028,342.1,346,340,340.3,34707
RICOAUTO,20211028,43,44.5,41.9,42.65,410668
RIIL,20211028,668,682.35,652.25,655.55,231990
RITES,20211028,281.3,291.6,278.25,284.15,659832
RKDL,20211028,13.8,13.8,13,13,12618
RKEC,20211028,76.45,77.45,73,73.65,11477
RKFORGE,20211028,1170,1174.95,1112.35,1116.75,79840
RML,20211028,376,376.95,368,369.7,6311
ROHITFERRO,20211028,17.05,17.05,17.05,17.05,5199
ROHLTD,20211028,88.4,89.8,86.6,87.05,19396
ROLEXRINGS,20211028,1178,1191.7,1129.1,1149.6,59410
ROLLT,20211028,2.95,2.95,2.85,2.9,958065
ROML,20211028,86.9,86.9,82,82.15,6879
ROSSARI,20211028,1463,1463,1405,1430.1,31976
ROSSELLIND,20211028,166.35,166.4,157.55,159.15,56588
ROUTE,20211028,1943,1948,1881,1891,137411
RPGLIFE,20211028,675.1,682.9,651.1,654.45,60192
RPOWER,20211028,14.8,14.8,14.8,14.8,4953478
RPPINFRA,20211028,61.8,61.8,59.1,60.5,157212
RPSGVENT,20211028,804,810.55,750,763.75,43880
RSSOFTWARE,20211028,34,34,32.9,33,41109
RSWM,20211028,383.75,395.9,376.15,380.75,211599
RSYSTEMS,20211028,224,224,214.95,220.1,96252
RTNINDIA,20211028,41.4,41.75,39.9,40.55,1024647
RTNPOWER,20211028,3.9,4.05,3.75,3.95,27007458
RUBYMILLS,20211028,285.05,287,273.3,275.45,10506
RUCHI,20211028,967.75,967.75,943.9,945.55,14977
RUCHINFRA,20211028,6.5,6.8,6.5,6.6,43687
RUCHIRA,20211028,82.15,82.95,80,80.8,19947
RUPA,20211028,476.5,481.9,462,463.75,185431
RUSHIL,20211028,275,299.95,265,286.4,69010
RVHL,20211028,28.5,29.15,26.95,27.3,29182
RVNL,20211028,37.4,38.2,36.2,36.65,13948391
S&SPOWER,20211028,26.3,28.45,26.3,28.4,3629
SABEVENTS,20211028,2.95,3.15,2.85,3.05,6281
SADBHAV,20211028,49,49.35,47.9,48,386440
SADBHIN,20211028,16,16.25,15.6,15.7,218393
SAFARI,20211028,830,855,825.55,836.1,19037
SAGARDEEP,20211028,31.25,31.25,29.3,29.75,17291
SAGCEM,20211028,265,276.15,261,265.05,157843
SAIL,20211028,116.3,117.6,113.55,115,56679255
SAKAR,20211028,162,162,151.95,155.25,34370
SAKHTISUG,20211028,15.4,15.8,14.9,15.05,203172
SAKSOFT,20211028,994,994,920.05,932.05,45828
SAKUMA,20211028,10.65,10.65,10.35,10.4,124607
SALASAR,20211028,261.5,268.9,261.1,264.6,24855
SALONA,20211028,197.1,199.95,190.05,198.05,4688
SALSTEEL,20211028,9.3,9.3,8.75,8.8,93853
SALZERELEC,20211028,157.8,158.3,155,157.55,23788
SAMBHAAV,20211028,2.85,2.85,2.7,2.75,52994
SANCO,20211028,8.45,8.45,8,8.25,17245
SANDESH,20211028,781.5,781.5,760,768.1,3006
SANDHAR,20211028,280.5,282.4,274.8,275.8,24047
SANGAMIND,20211028,264.8,271.75,260.2,271.75,134395
SANGHIIND,20211028,68,68.1,65.45,65.85,398298
SANGHVIMOV,20211028,187.6,207.9,183.55,202.55,289579
SANGINITA,20211028,27.6,30,27.6,28.3,31014
SANOFI,20211028,8285,8294.95,8140.05,8268.45,18723
SANSERA,20211028,738.1,745,723.25,740.3,74808
SARDAEN,20211028,842,842,805.05,831.9,45732
SAREGAMA,20211028,4250,4315,4126.1,4233.5,5972
SARLAPOLY,20211028,55,55.5,52.5,53,368875
SASKEN,20211028,1300,1300,1250.05,1265.6,26653
SASTASUNDR,20211028,396.5,397,380.1,384.85,40093
SATIA,20211028,91.7,93.2,90.2,90.55,73126
SATIN,20211028,78.5,78.95,75.35,75.6,89560
SBCL,20211028,298.5,298.5,281.5,285.55,47288
SBICARD,20211028,1143.3,1157.1,1110,1125.9,2221276
SBIETFCON,20211028,72.4,72.4,70.75,71.26,6327
SBIETFIT,20211028,365,365,355.51,357.13,4297
SBIETFPB,20211028,208.1,214,204.1,205.11,2026
SBIETFQLTY,20211028,157,157,152.65,152.91,5036
SBILIFE,20211028,1210,1221.75,1158.1,1167.1,3565017
SBIN,20211028,519.6,520.55,497.6,501.35,28140401
SCAPDVR,20211028,9.1,10,9.1,10,1505289
SCHAEFFLER,20211028,7285,7488,7250,7356.45,42919
SCHAND,20211028,127,127,121.6,122.6,73387
SCHNEIDER,20211028,107.6,108,103.45,104.15,423592
SCI,20211028,131.8,135.95,130.05,132.85,2319680
SDBL,20211028,43.6,45,41.5,41.8,181857
SEAMECLTD,20211028,1179,1179,1122,1142.9,3472
SECURKLOUD,20211028,165,166.5,155.3,155.3,107959
SELAN,20211028,147.45,148.15,145.05,145.6,28493
SELMC,20211028,4.95,4.95,4.95,4.95,10
SEPOWER,20211028,10.6,10.85,9.9,10,35535
SEQUENT,20211028,201,206.65,195,202.9,1681879
SERVOTECH,20211028,20.45,20.45,19,20,32261
SESHAPAPER,20211028,174,175,171.1,172.65,27467
SETCO,20211028,17.05,17.3,16.6,16.95,72441
SETF10GILT,20211028,207.35,207.35,203.21,206.92,134
SETFGOLD,20211028,4264.9,4268.4,4242.7,4253.55,21143
SETFNIF50,20211028,187.9,187.9,182.39,182.96,1764467
SETFNIFBK,20211028,409,414,393.67,394.56,40317
SETFNN50,20211028,446.99,446.99,433,436.2,39376
SETUINFRA,20211028,1.2,1.2,1.15,1.15,285033
SEYAIND,20211028,58.25,58.25,54.35,54.95,18577
SFL,20211028,2406,2514,2406,2492.75,14593
SGIL,20211028,142.8,142.8,139.45,139.9,4559
SGL,20211028,15.7,15.85,14.8,14.85,21886
SHAHALLOYS,20211028,28.4,28.4,26.5,26.6,9959
SHAKTIPUMP,20211028,670,671,650.4,656.85,50551
SHALBY,20211028,160.4,160.4,149.05,149.55,231165
SHALPAINTS,20211028,94.1,94.1,90.9,91.2,58335
SHANKARA,20211028,562.45,563,550.05,551.7,45234
SHANTI,20211028,22.7,24.8,22.6,22.6,5914
SHANTIGEAR,20211028,155,158.65,152,153.1,84700
SHARDACROP,20211028,310,313.75,305,305.35,137437
SHARDAMOTR,20211028,594.4,614,588.95,595.1,9937
SHAREINDIA,20211028,829,829,771,789.7,70566
SHARIABEES,20211028,449.7,449.7,431,434.44,1213
SHEMAROO,20211028,152.25,152.25,140.2,143.5,81108
SHIL,20211028,448,455,439,446.55,47658
SHILPAMED,20211028,601,604.9,585,592.25,208795
SHIVAMAUTO,20211028,27.9,27.9,26,26.3,47309
SHIVAMILLS,20211028,96.65,107.55,96.65,99.8,83637
SHIVATEX,20211028,220.5,226.85,217,219,14914
SHK,20211028,155.1,159.05,153,156.95,207010
SHOPERSTOP,20211028,356,365,336.35,347.6,232110
SHRADHA,20211028,54.5,54.5,50.85,51.9,1510
SHREDIGCEM,20211028,83.95,83.95,81.3,82.05,332511
SHREECEM,20211028,28244,28437.3,27861.25,28193.05,39917
SHREEPUSHK,20211028,222.45,222.45,210.2,212.9,165598
SHREERAMA,20211028,13.9,13.9,13.1,13.65,96246
SHRENIK,20211028,1.85,1.85,1.7,1.8,3585922
SHREYANIND,20211028,123,123.7,118.45,119.1,12075
SHREYAS,20211028,350.95,350.95,338.1,341.45,44213
SHRIPISTON,20211028,891,891,862.1,862.65,784
SHRIRAMCIT,20211028,2265,2265,2173.6,2252.9,21130
SHRIRAMEPC,20211028,7.4,7.4,6.7,6.7,2134680
SHYAMCENT,20211028,13,13.15,12.15,12.2,184623
SHYAMMETL,20211028,346.1,354.4,336.9,339.6,370748
SHYAMTEL,20211028,9.7,10.05,9.3,9.9,613
SICAL,20211028,16.1,16.45,15.3,15.3,300347
SIEMENS,20211028,2171.15,2196.2,2148.2,2162.75,259957
SIGIND,20211028,43,45.15,42.3,42.65,18153
SIKKO,20211028,46.8,46.8,46.8,46.8,13846
SIL,20211028,16.05,16.75,15.8,16.2,29804
SILGO,20211028,39,40.3,35.1,36.75,42152
SILINV,20211028,293.3,304.65,290.15,295.35,1209
SILLYMONKS,20211028,21.1,21.65,20.15,20.6,1213
SIMBHALS,20211028,22.55,23,22.1,22.3,50088
SIMPLEXINF,20211028,41.5,41.5,37.4,39.1,149145
SINTERCOM,20211028,81.75,82.45,80.1,82,3257
SINTEX,20211028,5.35,5.35,5.35,5.35,1402254
SIRCA,20211028,386.9,386.9,371.55,374.25,17009
SIS,20211028,462,481.2,449,468.5,200862
SITINET,20211028,1.85,1.85,1.8,1.8,1262865
SIYSIL,20211028,481.2,482.5,453,457.95,191330
SJVN,20211028,29,29,28.4,28.5,2451857
SKFINDIA,20211028,3300,3375.5,3220,3252.45,146666
SKIL,20211028,4.05,4.05,3.85,3.95,128035
SKIPPER,20211028,78.45,78.45,73,74.45,201128
SKMEGGPROD,20211028,83.5,83.5,80,80.6,61116
SMARTLINK,20211028,118.65,119.35,114.35,115.4,11296
SMCGLOBAL,20211028,73.6,74.7,72,72.75,97193
SMLISUZU,20211028,724,724,690.05,694.25,25460
SMSLIFE,20211028,889.9,1024.9,875.7,997.05,153135
SMSPHARMA,20211028,140,142.7,137.9,139.95,108884
SNOWMAN,20211028,41.15,41.75,40.5,40.6,535823
SOBHA,20211028,780,785.8,751.85,759.75,203320
SOLARA,20211028,1274,1287.2,1240,1251.8,76283
SOLARINDS,20211028,2589,2605,2490,2498.6,69695
SOMANYCERA,20211028,832,832,784.3,784.3,20736
SOMATEX,20211028,7.25,7.25,6.75,6.95,21843
SOMICONVEY,20211028,48.45,48.45,46.2,47.1,9282
SONACOMS,20211028,618,705.4,618,668.4,7525179
SONATSOFTW,20211028,853,853.5,830.15,845.6,239598
SORILINFRA,20211028,111.55,113.5,107,108.8,27174
SOTL,20211028,1435,1458,1410,1418.75,9927
SOUTHBANK,20211028,9.6,9.6,9.35,9.4,9679014
SOUTHWEST,20211028,140,143,138,138.4,5426
SPAL,20211028,324,325,313,313.55,17382
SPANDANA,20211028,515,525,510,518.4,83100
SPARC,20211028,274,278.95,262.15,269.6,407362
SPECIALITY,20211028,93,94.5,90.25,90.8,79151
SPENCERS,20211028,126,129.35,118.3,119.9,980413
SPIC,20211028,48.6,48.6,46.6,46.8,239267
SPICEJET,20211028,73.3,73.3,70.65,71.1,2742832
SPLIL,20211028,43.75,43.75,42.3,42.75,17139
SPMLINFRA,20211028,11.65,11.65,10.8,10.85,58039
SPTL,20211028,6.05,6.05,6.05,6.05,978541
SREEL,20211028,170.4,174.55,170.4,172.1,4302
SREINFRA,20211028,3.85,3.85,3.85,3.85,764780
SRF,20211028,2155.55,2170,2109.2,2120.2,1291921
SRHHYPOLTD,20211028,333.95,341.8,328.5,331.5,11113
SRIPIPES,20211028,195.35,196.7,191.5,193.3,29441
SRPL,20211028,34.8,34.85,31.85,33.9,862
SRTRANSFIN,20211028,1527.95,1527.95,1469.55,1488.7,1120864
SSWL,20211028,1810,1825,1755,1763.35,10387
STAR,20211028,544.9,547.9,518.75,522.55,703876
STARCEMENT,20211028,101.5,101.6,99.5,99.7,161365
STARPAPER,20211028,147,147,142.5,143.05,34762
STCINDIA,20211028,102,103,99.1,99.8,52611
STEELCITY,20211028,59.4,59.5,58.25,58.4,15374
STEELXIND,20211028,74,75.2,73,74.25,72521
STEL,20211028,161,161.9,155,155.6,25158
STERTOOLS,20211028,198,200.35,192.7,194.8,29714
STLTECH,20211028,283.95,284.45,271.75,273.35,482594
STOVEKRAFT,20211028,1023,1063.95,991.55,1001.3,150476
STYLAMIND,20211028,1043,1055,975.6,989.75,14315
SUBCAPCITY,20211028,20.7,20.7,20.7,20.7,166
SUBEXLTD,20211028,52.6,52.85,50.4,50.85,5203765
SUBROS,20211028,369.8,369.8,350,360.35,58821
SUDARSCHEM,20211028,601.8,604.5,577.55,579.55,204318
SUMEETINDS,20211028,7.8,8.15,7.75,8,142963
SUMICHEM,20211028,400,400,387,390.1,173701
SUMIT,20211028,11.5,11.6,11.1,11.15,14450
SUMMITSEC,20211028,727,727,702.6,707.5,5121
SUNCLAYLTD,20211028,3740,3780,3642,3755.8,11509
SUNDARAM,20211028,1.95,1.95,1.85,1.85,514813
SUNDARMFIN,20211028,2410,2425,2365,2411.75,29248
SUNDARMHLD,20211028,79.7,80.95,78.2,78.85,119599
SUNDRMBRAK,20211028,398.6,398.7,386,386.25,2755
SUNDRMFAST,20211028,838,845.1,831,835.7,66458
SUNFLAG,20211028,80.6,80.85,78.3,78.7,287414
SUNPHARMA,20211028,823.95,829.15,803.05,807.6,1647229
SUNTECK,20211028,465,465.8,453,460.95,316030
SUNTV,20211028,564,564,540,545,2809846
SUPERHOUSE,20211028,177.3,179.45,172.1,172.45,13605
SUPERSPIN,20211028,13.5,13.5,12.8,12.8,56655
SUPPETRO,20211028,648.8,656.1,624.1,627.3,85179
SUPRAJIT,20211028,360.9,367.9,347.15,354.35,185348
SUPREMEENG,20211028,20.95,20.95,20.35,20.45,22428
SUPREMEIND,20211028,2285,2314.95,2245,2267.3,35257
SURANASOL,20211028,19.05,19.25,18.05,18.1,161929
SURANAT&P,20211028,9.5,9.75,9.5,9.75,212426
SURYALAXMI,20211028,62.95,62.95,59.5,59.9,5529
SURYAROSNI,20211028,650,650,610,612.1,188831
SURYODAY,20211028,176.8,177.85,172.85,175.45,42815
SUTLEJTEX,20211028,69,70.85,67.4,69.95,777042
SUULD,20211028,240.8,240.8,240.8,240.8,39584
SUVEN,20211028,99.5,100,96.2,97.65,477102
SUVENPHAR,20211028,515,518.1,508.5,513.3,123838
SUVIDHAA,20211028,14.7,14.7,12.75,13.4,220485
SUZLON,20211028,7,7,6.7,6.75,22688609
SVPGLOB,20211028,123.5,124.95,117.45,121.15,928849
SWANENERGY,20211028,128.4,130,126.5,126.8,27209
SWARAJENG,20211028,1680,1700,1650,1690.3,14029
SWELECTES,20211028,252,259.65,244,246.85,16777
SWSOLAR,20211028,413,419.9,406.9,415.55,1102247
SYMPHONY,20211028,1060,1075.75,1032.3,1041.9,25271
SYNGENE,20211028,555,557.7,538,543.55,1146336
TAINWALCHM,20211028,73.05,76.15,73,74.1,3194
TAJGVK,20211028,148,149.5,147.15,147.55,204624
TAKE,20211028,48.6,48.8,47.6,47.8,545538
TALBROAUTO,20211028,274.55,280.45,266.05,268.15,33068
TANLA,20211028,1272.7,1284.9,1175.65,1284.9,638424
TARAPUR,20211028,4.15,4.15,4.1,4.1,629
TARC,20211028,44,45.8,43.5,44.05,951216
TARMAT,20211028,63.2,63.8,61.4,62.45,15856
TASTYBITE,20211028,16901.4,17050.05,16602.3,16623.05,823
TATACHEM,20211028,960,960,884,891.35,9648852
TATACOFFEE,20211028,213,214.7,208.55,209.95,1274473
TATACOMM,20211028,1339.95,1345.55,1301.1,1307.15,210716
TATACONSUM,20211028,818,822.55,805.95,809.7,1822874
TATAELXSI,20211028,5889.7,6067.05,5875.05,5897.5,170187
TATAINVEST,20211028,1564.9,1564.9,1518,1532.25,40967
TATAMETALI,20211028,1009.9,1009.9,978,979.15,68726
TATAMOTORS,20211028,493.9,493.9,478.55,481.05,25182748
TATAMTRDVR,20211028,262,262,250.75,252,5003074
TATAPOWER,20211028,224.8,224.8,216.6,218,64733467
TATASTEEL,20211028,1314.9,1315.95,1291.1,1299.6,9307682
TATASTLBSL,20211028,87.6,87.6,85.25,85.65,1725831
TATASTLLP,20211028,879,879,847.8,850,22971
TATVA,20211028,2630,2647,2580,2596.25,193161
TBZ,20211028,100.6,104.4,98.6,101.55,2378627
TCI,20211028,662.6,675,612.35,637.4,660720
TCIDEVELOP,20211028,375.15,375.15,355.7,357.8,902
TCIEXP,20211028,1840,1855.05,1738.15,1777.5,138683
TCIFINANCE,20211028,5.5,5.5,5.15,5.35,1495
TCNSBRANDS,20211028,764,778.35,740.1,750.05,33851
TCPLPACK,20211028,523.9,523.9,505,506.45,3853
TCS,20211028,3518,3518,3415,3421.65,2424942
TDPOWERSYS,20211028,347.95,347.95,329.05,337.85,28335
TEAMLEASE,20211028,4685.1,4720.6,4580,4633.05,10444
TECHIN,20211028,6.15,6.15,5.65,5.95,24625
TECHM,20211028,1578,1582.85,1526,1533.3,3054565
TECHNOE,20211028,262,265,256.1,260.8,36594
TEJASNET,20211028,450,450,425.05,432.75,233985
TEMBO,20211028,307.75,307.75,293,303.95,11096
TERASOFT,20211028,50.5,51.55,48.15,48.4,49504
TEXINFRA,20211028,57.5,58.45,55.15,55.5,40609
TEXMOPIPES,20211028,49.4,49.4,48,48.35,53434
TEXRAIL,20211028,33.8,33.8,32.5,32.65,553539
TFCILTD,20211028,67.45,68.15,66.55,66.85,127652
TFL,20211028,5.95,6.2,5.95,6,5090
TGBHOTELS,20211028,10.45,10.5,9.7,9.7,49660
THANGAMAYL,20211028,1314.8,1315,1242,1253.7,19887
THEINVEST,20211028,112.4,113.35,106,108.55,12813
THEMISMED,20211028,846,887.95,831,835.25,1738
THERMAX,20211028,1339.7,1373.7,1331.4,1349.9,16159
THOMASCOOK,20211028,73.2,73.95,70.8,71.3,381873
THOMASCOTT,20211028,18.45,18.45,17.1,17.15,238
THYROCARE,20211028,1147,1165,1100,1116.5,69824
TI,20211028,65.65,65.65,59.45,65.65,5560931
TIDEWATER,20211028,1710,1719,1660,1665.4,7494
TIIL,20211028,858.85,867,799,816.25,14932
TIINDIA,20211028,1455,1455,1382,1397.05,84040
TIJARIA,20211028,6.5,6.5,6.25,6.35,14083
TIL,20211028,159.65,164.4,157.1,159.7,14018
TIMESGTY,20211028,45.95,47.4,44.45,44.65,2949
TIMETECHNO,20211028,71.5,71.65,69.4,69.75,459278
TIMKEN,20211028,1773,1806.25,1734.8,1785.4,35792
TINPLATE,20211028,301.2,303.25,291.2,293.3,386530
TIPSINDLTD,20211028,1499.9,1564.2,1460,1519.8,20787
TIRUMALCHM,20211028,277,277.6,265.05,267.45,431073
TIRUPATIFL,20211028,11.15,11.15,11.15,11.15,73578
TITAN,20211028,2470,2470,2360,2375.15,3330380
TMRVL,20211028,17.5,17.95,16.5,17,187346
TNPETRO,20211028,126.5,128.2,121.6,123.05,280796
TNPL,20211028,136.4,136.4,132.1,133.15,94328
TNTELE,20211028,8.9,8.9,8.35,8.5,19317
TOKYOPLAST,20211028,100.2,102.5,99,99.55,4961
TORNTPHARM,20211028,2821.5,2849,2766,2783.3,274092
TORNTPOWER,20211028,520,536,485.4,488.8,7424700
TOTAL,20211028,48,48.6,45.1,47.85,13473
TOUCHWOOD,20211028,95.4,105.3,95.4,103.75,47836
TPLPLASTEH,20211028,178.05,187.5,175.1,180.25,179796
TREEHOUSE,20211028,9.1,9.1,8.7,8.9,9455
TREJHARA,20211028,61.75,63.15,57.6,59.55,45616
TRENT,20211028,1037.5,1044.15,1000,1005.7,495393
TRF,20211028,131.35,139.7,128.5,129.6,18983
TRIDENT,20211028,39.3,39.3,37.4,37.65,25915839
TRIGYN,20211028,122,126.5,118,120.05,181654
TRIL,20211028,30.5,30.6,28.2,28.65,236111
TRITURBINE,20211028,171.7,183.65,171,178.8,4295957
TRIVENI,20211028,201,201,185.1,187.85,1069140
TTKHLTCARE,20211028,663.6,673.05,648,648.35,4010
TTKPRESTIG,20211028,11399.9,11619.9,10580,11103.7,179537
TTL,20211028,84,85,81.35,82.95,40494
TTML,20211028,56.9,58.3,52.8,53.45,20874476
TV18BRDCST,20211028,41.75,41.95,40.6,41.05,7162790
TVSELECT,20211028,163.5,163.5,158.95,160,27979
TVSMOTOR,20211028,624.8,656.5,622.3,651.95,7408494
TVSSRICHAK,20211028,2300,2370,2259,2272,5027
TVTODAY,20211028,304,306.9,299.05,300.1,69820
TVVISION,20211028,2.9,2.9,2.9,2.9,24252
TWL,20211028,99,99.85,97.1,97.75,384955
UBL,20211028,1690,1690,1556.55,1630.95,1531715
UCALFUEL,20211028,150,150,145,145.6,22185
UCOBANK,20211028,14.75,14.95,14.3,14.4,23374638
UFLEX,20211028,575.2,587.45,563.5,565.6,224934
UFO,20211028,103,105.25,100.55,101.1,218692
UGARSUGAR,20211028,27.45,27.85,26.4,27,115587
UGROCAP,20211028,182,183.9,172,175.7,69233
UJAAS,20211028,3.15,3.15,3,3.05,952740
UJJIVAN,20211028,157.3,157.3,151.65,152.5,304168
UJJIVANSFB,20211028,21.8,22.05,21,21.2,1957691
ULTRACEMCO,20211028,7376,7500,7354,7446.65,556897
UMANGDAIRY,20211028,79.35,79.35,75.35,75.6,22327
UMESLTD,20211028,5.15,5.15,5.15,5.15,48212
UNICHEMLAB,20211028,248.4,249.95,240.3,247.05,49656
UNIDT,20211028,471.5,471.65,447.45,453.75,56884
UNIENTER,20211028,120.9,122.5,117.15,118.4,8189
UNIONBANK,20211028,50.4,50.4,46.25,46.75,23090906
UNITEDTEA,20211028,379.95,379.95,365.55,370.4,1224
UNIVASTU,20211028,63.95,69,62.85,65.3,137124
UNIVCABLES,20211028,166,170,163.5,164.4,19773
UNIVPHOTO,20211028,383.85,384.2,373,375.1,3861
UPL,20211028,743,748.2,725.85,729.9,2875850
URJA,20211028,7.4,7.45,7.05,7.05,2987002
USHAMART,20211028,90.95,91.45,88.3,89.15,621155
UTIAMC,20211028,1050,1063.95,1020,1031.3,90401
UTIBANKETF,20211028,42.29,42.29,39.5,39.71,9917
UTINEXT50,20211028,45.25,45.7,43.5,43.97,22489
UTINIFTETF,20211028,1928.9,1928.9,1875,1885.24,1439
UTISENSETF,20211028,642.95,643.95,630.2,631.81,1617
UTISXN50,20211028,49.78,50.49,48.2,48.5,1619
UTTAMSTL,20211028,4.2,4.25,4.05,4.05,452872
UTTAMSUGAR,20211028,182.9,183,174,174.6,62519
V2RETAIL,20211028,165.1,168,159.9,160.3,75106
VADILALIND,20211028,995.05,1008.9,994.75,1003.35,2168
VAIBHAVGBL,20211028,649,649,598.75,618.7,571328
VAISHALI,20211028,34.85,35,34.15,34.55,24708
VAKRANGEE,20211028,37.85,38.3,37.25,37.4,1948326
VALIANTORG,20211028,1430,1432.25,1312.6,1367.2,72032
VARDHACRLC,20211028,51,56.8,51,56.6,1230356
VARDMNPOLY,20211028,21.4,21.85,20.5,20.95,20950
VARROC,20211028,298.95,301.9,288.05,289.7,157692
VASCONEQ,20211028,25.9,26.45,24.95,25.15,392656
VASWANI,20211028,16.3,16.3,15.3,15.5,18054
VBL,20211028,816,842,816,823.4,421305
VEDL,20211028,307,311.35,295,300.85,25364271
VENKEYS,20211028,2800,2812.35,2733,2739.5,39010
VENUSREM,20211028,566.9,567.55,515.1,520.55,165333
VERTOZ,20211028,98,98,94.2,94.45,45938
VESUVIUS,20211028,1099.5,1112.95,1070.05,1102,6624
VETO,20211028,118.95,118.95,113.1,114.35,67962
VGUARD,20211028,250.8,263.95,242,261.2,1904089
VHL,20211028,3337,3337,3150,3155.65,798
VIDHIING,20211028,344.8,345,330,335,54951
VIJAYA,20211028,566.7,575,561.15,569.25,293756
VIJIFIN,20211028,2.9,2.9,2.7,2.7,1199336
VIKASECO,20211028,2.1,2.1,2,2,2694873
VIKASLIFE,20211028,4,4,3.7,3.75,16696507
VIKASPROP,20211028,2.05,2.05,1.95,1.95,1502044
VIKASWSP,20211028,4.9,4.9,4.75,4.75,166094
VIMTALABS,20211028,352.5,367.7,337,350.3,532505
VINATIORGA,20211028,1969.2,1969.2,1936.5,1949.45,71965
VINDHYATEL,20211028,1133.75,1169.7,1115,1129.85,10480
VINEETLAB,20211028,84,84.3,78.2,79.35,32924
VINYLINDIA,20211028,281.55,284.35,270,272.25,68095
VIPCLOTHNG,20211028,16.6,17.3,16.1,17.25,235921
VIPIND,20211028,542.65,571.05,528.15,532.6,405987
VIPULLTD,20211028,28.7,28.7,26.4,26.95,7378
VISAKAIND,20211028,625,625,598.5,602.85,52422
VISASTEEL,20211028,14.9,15.3,14.25,15.3,74144
VISHAL,20211028,108,108,100,100.3,78084
VISHNU,20211028,799,815,785,803.7,26577
VISHWARAJ,20211028,37.65,37.8,36.8,36.9,1948139
VIVIDHA,20211028,0.7,0.8,0.7,0.75,1887847
VIVIMEDLAB,20211028,19.25,19.25,17.7,17.85,603397
VLSFINANCE,20211028,188.5,188.5,184.1,185.35,20977
VMART,20211028,4060.85,4177.9,4003.45,4052.7,22663
VOLTAMP,20211028,1427.55,1467.95,1398.3,1454.4,22606
VOLTAS,20211028,1178,1189.55,1151,1155.3,536155
VRLLOG,20211028,376.9,387.15,371.05,376.4,161227
VSSL,20211028,274.85,284,270,272.15,479499
VSTIND,20211028,3380,3445.15,3340,3351.75,12727
VSTTILLERS,20211028,3014,3014,2876,2896.8,8762
VTL,20211028,1999.8,2052,1961,1970.05,438164
WABAG,20211028,328.9,330,318.4,319.6,99698
WABCOINDIA,20211028,7529.1,7600,7365.8,7480.9,6176
WALCHANNAG,20211028,53.4,53.75,52,52.2,144260
WANBURY,20211028,68.65,68.7,66.6,66.6,9675
WATERBASE,20211028,113.85,113.85,111.55,111.8,53593
WEALTH,20211028,243,243,241,241,18
WEBELSOLAR,20211028,78.3,79.35,75,76.1,229115
WEIZMANIND,20211028,54.6,56.45,52.6,52.8,25441
WELCORP,20211028,130.85,133.2,127.75,129.1,689533
WELENT,20211028,99.85,100.5,96.4,96.85,92781
WELINV,20211028,339.95,342.2,317.95,321.1,18079
WELSPUNIND,20211028,145.4,145.4,140.05,140.95,2215121
WENDT,20211028,4600,4653.25,4456.05,4483.5,847
WESTLIFE,20211028,563.9,585.55,558.65,573.95,108643
WHEELS,20211028,699.9,699.9,665,673.9,8816
WHIRLPOOL,20211028,2223.95,2338,2205.15,2291.1,132303
WILLAMAGOR,20211028,25.45,26.05,23.55,23.95,67273
WINDLAS,20211028,326,326,313,314.35,85854
WINDMACHIN,20211028,30.1,30.1,28.1,28.65,88246
WIPL,20211028,59,59,56.05,56.05,1074
WIPRO,20211028,671,671.6,655,656.9,5178771
WOCKPHARMA,20211028,435.95,439,423.55,427.2,353773
WONDERLA,20211028,231,233.4,227.6,229.55,63133
WORTH,20211028,92.5,92.8,90,91.15,17605
WSI,20211028,9.9,9.9,9.05,9.85,79237
WSTCSTPAPR,20211028,265.9,265.9,250.55,253.85,90455
XCHANGING,20211028,104.95,105,101.5,102.3,183887
XELPMOC,20211028,408.5,420.3,403,405.5,15785
XPROINDIA,20211028,579.7,580,541.75,541.75,42308
YAARII,20211028,97.4,98.4,94,94.85,104530
YESBANK,20211028,13.1,13.1,12.65,12.75,122032074
YUKEN,20211028,601,622.35,590,595.85,7497
ZEEL,20211028,303.5,305.5,295.1,297.3,14925459
ZEELEARN,20211028,13.25,13.35,12.9,13,523579
ZEEMEDIA,20211028,12.7,12.7,11.9,11.9,952804
ZENITHEXPO,20211028,87.45,87.45,80.1,80.75,3493
ZENITHSTL,20211028,1.25,1.25,1.25,1.25,13117
ZENSARTECH,20211028,480.1,480.1,465,470.25,804488
ZENTEC,20211028,215,217.05,205.4,208.55,434988
ZODIACLOTH,20211028,112.3,114.85,111.35,112.3,18210
ZOMATO,20211028,135.35,136.5,131.5,135.6,11936370
ZOTA,20211028,370,382.15,365.5,367.9,37739
ZUARI,20211028,117.1,117.6,112.65,113.45,30571
ZUARIGLOB,20211028,131.05,137,130.5,135.05,43759
ZYDUSWELL,20211028,2164,2164,2081.7,2113.65,50227
NSENIFTY,20211028,18187.65,18190.70,17799.45,17857.25,374205784,0
NIFTYJUNIOR,20211028,42727.20,42737.20,41722.90,41842.65,728267713,0
NIFTYMIDCAPLIQ15,20211028,7545.00,7545.00,7379.00,7405.10,144527154,0
NSE100,20211028,18368.25,18369.65,17971.60,18028.10,1102473497,0
NIFTY200,20211028,9586.30,9586.35,9378.30,9406.80,1954021260,0
NSE500,20211028,15475.40,15475.45,15148.20,15190.85,2387292812,0
NSEMIDCAP150,20211028,11612.45,11612.85,11383.80,11407.35,867674519,0
MIDCAP50,20211028,8671.70,8676.70,8489.40,8514.45,676293493,0
NSEMIDCAP,20211028,31140.55,31141.20,30437.20,30514.05,851547763,0
NSESMLCAP100,20211028,11043.60,11043.60,10792.60,10817.10,-,0
NIFTYLARGEMIDCAP250,20211028,-,-,-,9866.85,-,0
NIFTYAUTO,20211028,11380.80,11449.10,11223.45,11260.90,62608915,0
BANKNIFTY,20211028,40915.15,40931.05,39350.20,39508.95,512721476,0
NIFTYFINSERVICE,20211028,19493.45,19504.95,18917.15,18987.55,114466581,0
NIFTYFMGC,20211028,38899.30,38966.55,38098.30,38208.55,74002069,0
NSEIT,20211028,35575.65,35575.65,34787.10,34913.60,22625867,0
NIFTYMEDIA,20211028,2290.15,2290.15,2221.85,2232.00,33636335,0
NIFTYMETAL,20211028,5654.95,5668.90,5521.65,5544.55,234886612,0
NIFTYPHARMA,20211028,14092.60,14129.10,13736.75,13780.60,24049122,0
NIFTYPVTBANK,20211028,21137.30,21157.95,20405.80,20482.95,163805697,0
NIFTYPSUBANK,20211028,2915.65,2916.95,2768.00,2784.85,538765651,0
NIFTYREALTY,20211028,516.95,517.10,493.95,496.50,19498915,0
NIFTYCOMMODITIES,20211028,5814.65,5817.70,5730.05,5744.75,315898341,0
NIFTYCONSUMPTION,20211028,7149.10,7150.65,7019.65,7039.95,114497396,0
NIFTYCPSE,20211028,2348.80,2370.70,2288.30,2295.55,124721509,0
NIFTYENERGY,20211028,24029.50,24161.35,23512.40,23580.85,145586656,0
NIFTY100ESG,20211028,-,-,-,3588.36,375317762,0
NIFTY100ENHESG,20211028,-,-,-,3615.54,354165695,0
NIFTYINFRA,20211028,5140.30,5160.75,5065.75,5082.20,235775978,0
NIFTYMNC,20211028,19013.95,19029.90,18810.75,18873.75,338506163,0
NIFTYPSE,20211028,4114.60,4144.30,4024.15,4037.80,377215172,0
NIFTYSMEEMERGE,20211028,-,-,-,3232.35,826909,0
NIFTYSERVSECTOR,20211028,25629.10,25632.75,24950.20,25039.90,225357904,0
NIFTYSHARIAH25,20211028,-,-,-,6290.38,89405936,0
NIFTY50SHARIAH,20211028,-,-,-,4176.93,77437856,0
NIFTY500SHARIAH,20211028,-,-,-,5219.95,331307239,0
NIFTYABGROUP,20211028,-,-,-,5476.67,276557244,0
NIFTYMAHINDRA,20211028,-,-,-,16867.48,9807168,0
NIFTYTATA,20211028,-,-,-,12877.90,154387590,0
NIFTYTATA25CAP,20211028,-,-,-,10637.04,117693209,0
NIFTYABGROUP,20211028,-,-,-,5476.67,276557244,0
NIFTYLIQ15,20211028,4628.15,4637.10,4538.15,4555.40,149741904,0
NIFTY500VALUE50,20211028,-,-,-,6267.71,950305854,0
NIFTYQUALLOWVOL30,20211028,-,-,-,12443.95,123821787,0
NIFTYALPHAQUALLOWVOL30,20211028,-,-,-,14471.15,92881454,0
NIFTYALPHAQUALVALLOWVOL30,20211028,-,-,-,10917.07,134860092,0
NIFTY50EQUALWEIGHT,20211028,20155.85,20174.00,19742.70,19802.55,374205784,0
NIFTY100EQUALWEIGHT,20211028,21127.20,21131.30,20668.20,20727.25,1102473497,0
NIFTY100LOWVOL30,20211028,13467.85,13473.95,13190.80,13228.40,170202658,0
NSEDEFTY,20211028,-,-,-,8258.03,-,0
NIFTY50DIVPOINT,20211028,138.28,138.28,138.28,138.28,-,0
NIFTYDIVOPPS50,20211028,3740.65,3743.25,3663.95,3673.40,402646779,0
NIFTYALPHA50,20211028,32309.55,32328.55,31490.10,31568.20,250619298,0
NIFTY50ARBITRAGE,20211028,-,-,-,1990.52,-,0
NIFTY50FUTINDEX,20211028,-,-,-,5772.48,-,0
NIFTY50FUTTRINDEX,20211028,-,-,-,18655.48,-,0
NIFTYHIGHBETA50,20211028,-,-,-,2202.75,952434520,0
NIFTYLOWVOL50,20211028,-,-,-,16004.48,198790049,0
NIFTY50VALUE20,20211028,9005.60,9019.75,8829.00,8857.00,191616527,0
NIFTYGROWSECT15,20211028,7824.85,7849.75,7686.95,7708.80,62823058,0
NIFTY50TR2XLEV,20211028,13312.95,13312.95,12744.40,12828.60,-,0
NIFTY50PR2XLEV,20211028,9805.80,9805.80,9387.05,9449.05,-,0
NIFTY50TR1XINV,20211028,209.20,213.65,209.20,213.00,-,0
NIFTY50PR1XINV,20211028,243.60,248.80,243.60,248.05,-,0
NIFTY-GS-COMPSITE,20211028,2352.33,2356.02,2349.51,2350.90,-,0
NIFTY-GS-4-8YR,20211028,2474.33,2476.06,2472.06,2472.61,-,0
NIFTY-GS-8-13YR,20211028,2289.98,2292.82,2286.98,2287.42,-,0
NIFTY-GS-10YR,20211028,2052.43,2057.13,2048.10,2050.56,-,0
NIFTY-GS-10YR-CLN,20211028,930.18,932.35,928.18,929.32,-,0
NIFTY-GS-11-15YR,20211028,2459.05,2465.45,2456.33,2459.11,-,0
NIFTY-GS-15YRPLUS,20211028,2664.22,2668.86,2660.94,2666.55,-,0
VIX,20211028,16.83,18.43,16.81,17.91,0,0
