20MICRONS,20210114,39,40.8,37.9,39.85,374980
21STCENMGM,20210114,10.6,10.8,10.4,10.75,3428
3IINFOTECH,20210114,8.15,8.15,8.15,8.15,3617241
3MINDIA,20210114,21489,21489,21000,21100.2,3041
3PLAND,20210114,10.2,10.65,9.7,10.4,7118
5PAISA,20210114,359.5,369.7,326,328.1,219497
63MOONS,20210114,78,80.85,78,80.35,18328
8KMILES,20210114,83.5,83.5,80.5,80.75,12454
A2ZINFRA,20210114,5.25,5.55,5.05,5.1,1127602
AAKASH,20210114,84.2,84.2,82,83.75,60764
AARON,20210114,52.85,53.8,50.4,50.6,9017
AARTIDRUGS,20210114,708.4,726.75,708,716.75,337959
AARTIIND,20210114,1280.4,1287.45,1254.3,1265.15,276643
AARTISURF,20210114,980.05,1008,967,970.15,16526
AARVEEDEN,20210114,18.4,18.65,17.4,18.65,42471
AARVI,20210114,49.35,49.35,46.5,47.45,7238
AAVAS,20210114,1980,1980,1911,1927.65,71011
ABAN,20210114,30.5,31.25,30.1,30.15,55910
ABB,20210114,1284.05,1298.65,1265.1,1274.4,45754
ABBOTINDIA,20210114,15100,15198.4,14992.1,15003.5,26752
ABCAPITAL,20210114,90.6,92.4,90.3,91.55,2111500
ABFRL,20210114,181.5,182.35,177.15,180.4,1854475
ABMINTLTD,20210114,24.5,24.5,24.5,24.5,1
ABSLBANETF,20210114,323.8,324.74,322.83,324.74,144
ABSLNN50ET,20210114,337.9,338,335,335,40
ACC,20210114,1790,1805,1773,1785.5,627682
ACCELYA,20210114,969,976.95,959,962.45,3428
ACCURACY,20210114,39.3,40.45,37.1,40.35,21051
ACE,20210114,137.1,139.9,133.25,135.3,249116
ACRYSIL,20210114,204,204,197.05,199,33647
ADANIENT,20210114,534.95,541,528.4,532.1,3161306
ADANIGREEN,20210114,925.95,968.25,925.05,968.25,1514658
ADANIPORTS,20210114,537.95,542.45,530.1,536.95,6066782
ADANIPOWER,20210114,52.75,54.8,52.75,53.95,4383524
ADANITRANS,20210114,449.1,455,432.95,443.45,426825
ADFFOODS,20210114,616.15,635,616.15,623.9,23616
ADHUNIKIND,20210114,24.9,25.2,24,24.55,12608
ADL,20210114,28.7,29.7,27.3,28,8250
ADORWELD,20210114,296.65,296.7,290.6,291.55,17243
ADROITINFO,20210114,11.15,12,11.15,11.25,4965
ADSL,20210114,42.7,42.7,39.75,41.3,246178
ADVANIHOTR,20210114,51.8,51.8,48.25,49.95,2997
ADVENZYMES,20210114,327.9,329.05,323.5,325.45,111350
AEGISCHEM,20210114,281,288.95,280.1,282.8,646257
AFFLE,20210114,3799,3812,3730,3742.9,39775
AGARIND,20210114,148.9,154.85,141.5,153.45,71866
AGCNET,20210114,735.05,744,725,742.5,4666
AGRITECH,20210114,39,39,37.85,38,4961
AGROPHOS,20210114,15.3,15.3,14.95,15.25,54962
AHLEAST,20210114,168.9,168.95,164.4,164.95,3125
AHLUCONT,20210114,260.95,277.85,259.7,272.5,3575820
AHLWEST,20210114,262.8,262.8,255.05,257.2,806
AIAENG,20210114,2069,2146.05,2055.5,2098.8,89585
AIRAN,20210114,18.6,19.15,18.5,18.8,42424
AJANTPHARM,20210114,1784.9,1784.9,1750.3,1765,67648
AJMERA,20210114,136.9,140.05,136.05,136.45,113893
AKASH,20210114,242,242,230,232.7,2272
AKSHARCHEM,20210114,279.35,279.35,271.65,273.6,15202
AKSHOPTFBR,20210114,8.25,8.3,7.95,8.1,288977
AKZOINDIA,20210114,2366,2385,2336,2351.55,103750
ALANKIT,20210114,18.65,19.3,18.4,19,133340
ALBERTDAVD,20210114,450.9,453,445,448.5,8440
ALEMBICLTD,20210114,105.7,106.45,104,104.25,212924
ALICON,20210114,400,405.1,385.25,402.35,15102
ALKALI,20210114,64,64.7,61.25,61.9,89956
ALKEM,20210114,3112,3125,3071,3108.5,87367
ALKYLAMINE,20210114,4785,4865,4705.2,4789.25,26221
ALLCARGO,20210114,133.5,134.5,133.4,133.55,186593
ALLSEC,20210114,276.95,285.9,271.6,282.85,10565
ALMONDZ,20210114,20.3,20.9,20.3,20.3,36280
ALOKINDS,20210114,23.45,23.45,23,23.2,5830748
ALPA,20210114,37.9,37.9,36.45,36.65,32090
ALPHAGEO,20210114,206.25,206.25,201,201.8,7755
ALPSINDUS,20210114,2,2,2,2,21725
AMARAJABAT,20210114,988,1023,973,1013.75,1191620
AMBER,20210114,2535,2590,2508.05,2565.85,172619
AMBIKCO,20210114,1125,1125,1052,1072.45,45193
AMBUJACEM,20210114,265,270.5,263.15,267.05,4747011
AMDIND,20210114,19.4,20.95,19,20.25,66200
AMJLAND,20210114,27.8,28.15,26.4,26.9,15887
AMRUTANJAN,20210114,537.1,548.95,536.7,538.15,35267
ANANTRAJ,20210114,30.75,33.45,29.6,33.45,1875444
ANDHRACEMT,20210114,6.35,6.35,6.2,6.2,189992
ANDHRAPAP,20210114,218,219.9,215.65,216.75,24503
ANDHRSUGAR,20210114,347,348.55,339.05,341.05,70856
ANGELBRKG,20210114,349,360,349,355.65,461488
ANIKINDS,20210114,16.2,16.9,16.2,16.25,18345
ANKITMETAL,20210114,1.55,1.55,1.55,1.55,6000
ANSALAPI,20210114,9.2,10.1,9.2,10.1,621806
ANSALHSG,20210114,7.3,7.55,7.2,7.45,72126
ANUP,20210114,723.5,735,716.95,727.65,14960
APARINDS,20210114,380,389.45,380,384.05,56676
APCL,20210114,228,229.95,218.7,220.2,318782
APCOTEXIND,20210114,172.7,174.3,168.5,168.95,76984
APEX,20210114,304.9,304.9,300,300.85,44390
APLAPOLLO,20210114,945.1,977,945.1,956.75,229758
APLLTD,20210114,1094,1095.95,1073.3,1090.45,120336
APOLLO,20210114,139.7,148.6,136.05,142.6,715308
APOLLOHOSP,20210114,2481.9,2528.9,2475,2512,603193
APOLLOPIPE,20210114,748,769.9,736.15,742.6,81426
APOLLOTYRE,20210114,192.85,194.9,188.5,190,7759849
APOLSINHOT,20210114,573.95,587,570.5,578.15,492
APTECHT,20210114,153.35,157.8,149.7,155.1,948282
ARCHIDPLY,20210114,39,39,35.7,36.75,22616
ARCHIES,20210114,14.4,14.4,14,14.05,41318
ARENTERP,20210114,12.6,12.75,12.35,12.65,4530
ARIES,20210114,103.55,107,103.35,105.05,212700
ARIHANT,20210114,22.15,23.85,21.05,23.85,17820
ARIHANTSUP,20210114,37.1,40.45,37.1,40.45,34884
ARMANFIN,20210114,702.75,712.1,698.5,701.5,4995
AROGRANITE,20210114,55.5,55.5,50.4,51.9,129922
ARROWGREEN,20210114,63.35,66.4,60.5,64.85,74447
ARSHIYA,20210114,30.85,30.95,28.35,28.35,237453
ARSSINFRA,20210114,26,26.55,25.1,25.3,36055
ARTEMISMED,20210114,218,236.35,218,231,2234
ARVIND,20210114,55.85,55.95,53.5,53.85,1536688
ARVINDFASN,20210114,171,171.5,166,168.85,343441
ARVSMART,20210114,112,114.2,110.35,112.2,194373
ASAHIINDIA,20210114,277.95,284.5,277.35,278.4,44612
ASAHISONG,20210114,240.6,242.9,235,237.45,16236
ASAL,20210114,35.35,35.35,35.35,35.35,5882
ASALCBR,20210114,328.15,336,327.1,333.9,63332
ASHAPURMIN,20210114,125.8,126.9,118.6,120.3,415861
ASHIANA,20210114,102.5,102.7,99.7,100.25,64793
ASHIMASYN,20210114,13.15,13.55,13.15,13.5,25975
ASHOKA,20210114,94.7,95.45,93,95,763223
ASHOKLEY,20210114,122.45,123.5,118.5,119.1,28128837
ASIANHOTNR,20210114,75.25,83.3,74.45,77,17029
ASIANPAINT,20210114,2713,2736.65,2648,2663.9,2124950
ASIANTILES,20210114,293,294.7,290.55,293.9,232190
ASPINWALL,20210114,173.05,173.05,165.15,169.8,2343
ASTEC,20210114,1259.95,1269,1237.05,1255.5,22624
ASTERDM,20210114,164,165,161.75,162.6,146891
ASTRAL,20210114,1735,1735,1686,1699.7,321723
ASTRAMICRO,20210114,123.65,128,123.55,127.4,706402
ASTRAZEN,20210114,4277,4300,4150.05,4231,49634
ASTRON,20210114,51,51.9,50.15,50.75,18113
ATFL,20210114,849.55,862,825,830.05,132032
ATGL,20210114,364.6,364.6,353,361.1,949106
ATLANTA,20210114,9.7,9.7,9.2,9.25,11551
ATUL,20210114,6658,6725,6602.4,6628.25,24141
ATULAUTO,20210114,192,193.75,188,189.9,106562
AUBANK,20210114,896.4,931.5,896.4,914,1015700
AURIONPRO,20210114,81,82.9,78.95,80.2,23079
AUROPHARMA,20210114,941,968.75,928.85,959.25,2058721
AUSOMENT,20210114,51.2,51.5,48.25,48.95,23780
AUTOAXLES,20210114,1088,1093.5,1055.05,1065.3,10532
AUTOIND,20210114,35.85,35.95,34.25,34.85,16699
AUTOLITIND,20210114,42.2,43.3,37.15,37.2,315479
AVADHSUGAR,20210114,216.7,218.5,211.25,213.1,61073
AVANTIFEED,20210114,518.65,525,516.05,522.55,165751
AVTNPL,20210114,47.5,48.9,46.25,47.35,217070
AWHCL,20210114,375.4,376.95,365.65,368.35,154429
AXISBANK,20210114,678.5,687.8,674.65,676,9337503
AXISBNKETF,20210114,325.67,325.85,323.48,325.58,758
AXISCADES,20210114,55.8,56.35,54.9,55.85,34995
AXISGOLD,20210114,42.98,43.25,42.31,42.75,177305
AXISNIFTY,20210114,150.47,151.12,150,151.06,2317
AYMSYNTEX,20210114,43,45,43,44.7,21953
BAFNAPH,20210114,149,153.5,141.35,144.45,2459
BAGFILMS,20210114,3.4,3.45,3.2,3.2,124246
BAJAJ-AUTO,20210114,3600,3658.65,3545,3576.05,743848
BAJAJCON,20210114,224.85,226.5,220.8,222.65,197220
BAJAJELEC,20210114,820,857.95,742.25,767.3,2375802
BAJAJFINSV,20210114,8814,8929.95,8675,8747.35,568437
BAJAJHIND,20210114,6.65,6.9,6.6,6.75,5079324
BAJAJHLDNG,20210114,3220,3257.45,3181,3210.15,47498
BAJFINANCE,20210114,4902.9,4966.8,4834,4877.35,2680811
BALAJITELE,20210114,68.8,68.8,67.25,68.1,145495
BALAMINES,20210114,1160,1184,1130.8,1152.9,145627
BALAXI,20210114,635,645.4,610,643.05,2929
BALKRISHNA,20210114,23,23.5,22.5,22.65,23052
BALKRISIND,20210114,1696,1717,1680.2,1711.05,574159
BALMLAWRIE,20210114,123,125.85,122,124.1,387800
BALPHARMA,20210114,56,56.9,55.1,56.45,5769
BALRAMCHIN,20210114,183.45,187.9,181.1,182.2,973810
BANARBEADS,20210114,59.35,60.7,58.8,59.6,7859
BANARISUG,20210114,1502.05,1535,1476.05,1528.1,1477
BANCOINDIA,20210114,139.35,142.5,139.35,141.1,108738
BANDHANBNK,20210114,374.9,379.8,369.3,373.15,12123283
BANG,20210114,29.9,29.9,28.15,28.75,4989
BANKA,20210114,64.75,64.75,59.2,59.55,12077
BANKBARODA,20210114,75.35,77.9,74.7,76.2,73557480
BANKBEES,20210114,328,329,326.5,327.25,391995
BANKINDIA,20210114,54.3,55.5,53.75,54.85,9496409
BANSWRAS,20210114,117.5,126,115,122.1,67407
BASF,20210114,1662,1699.45,1657,1661.8,37958
BASML,20210114,155.1,159.75,150.1,155.05,24889
BATAINDIA,20210114,1644.45,1655,1625.05,1632.05,456894
BAYERCROP,20210114,5768.4,5768.4,5615,5692.35,23933
BBL,20210114,922.2,928,902.2,923.7,12154
BBTC,20210114,1304.55,1323.05,1299,1305.75,60618
BCG,20210114,7.8,7.85,7.65,7.85,3541434
BCP,20210114,6.75,6.8,6.55,6.7,79957
BDL,20210114,347.1,355,345.25,348.15,1555183
BEARDSELL,20210114,9.45,9.45,8.85,9.05,35854
BECTORFOOD,20210114,428,445.4,422.45,438.85,1253003
BEDMUTHA,20210114,27.4,27.5,25.2,25.8,20956
BEL,20210114,134.75,141,134.55,139.15,31434222
BEML,20210114,963.95,978.7,957.25,962.8,292173
BEPL,20210114,156.95,167,156.85,163.3,1370305
BERGEPAINT,20210114,798.9,803,785.1,794.1,779167
BFINVEST,20210114,309.6,311.55,297.25,302.95,53692
BFUTILITIE,20210114,305,311.9,299.25,304.35,534700
BGRENERGY,20210114,46.2,46.2,45,45.8,30393
BHAGERIA,20210114,161.5,163,160.35,160.95,17289
BHAGYANGR,20210114,33.3,34.4,32.75,33.55,16434
BHAGYAPROP,20210114,25.05,25.65,24.2,24.8,35502
BHANDARI,20210114,3.9,3.9,3.8,3.9,702659
BHARATFORG,20210114,632.8,640,611.15,622.45,2579015
BHARATGEAR,20210114,75.5,77.3,74,75,10561
BHARATRAS,20210114,10625,10625,10462.9,10479.15,5939
BHARATWIRE,20210114,36.2,37.1,35,35.25,19988
BHARTIARTL,20210114,582.7,584.8,570.05,580.55,16661518
BHEL,20210114,40.4,40.7,39.6,40.2,34995707
BIGBLOC,20210114,98,102.2,97,102.2,15317
BIL,20210114,151.45,154.05,148,149.65,4061
BINDALAGRO,20210114,19.8,19.85,18.75,18.95,66745
BIOCON,20210114,463.1,469.3,458.55,466.45,3484973
BIOFILCHEM,20210114,167.9,169.8,155.8,155.8,104036
BIRLACABLE,20210114,66.8,69.7,65.15,67.4,155465
BIRLACORPN,20210114,725.3,732.85,721,723.15,220844
BIRLAMONEY,20210114,50.85,51.4,49,49.95,310127
BIRLATYRE,20210114,28.95,28.95,28.1,28.25,300349
BKMINDST,20210114,1.3,1.4,1.3,1.35,58702
BLBLIMITED,20210114,6.15,6.15,5.7,5.7,14542
BLISSGVS,20210114,206,210.7,203.05,205.75,853191
BLKASHYAP,20210114,12,12.2,11.15,11.85,76492
BLS,20210114,114,116,113,113.1,109231
BLUECOAST,20210114,4.65,4.65,4.6,4.6,3
BLUEDART,20210114,3974,3999,3935.8,3972.7,6971
BLUESTARCO,20210114,790,799.95,781.55,787.2,24741
BODALCHEM,20210114,76.9,79.2,76.1,77.1,481452
BOMDYEING,20210114,80.5,80.9,79.1,79.7,1436089
BOROLTD,20210114,208.5,213.8,204,205.1,196605
BORORENEW,20210114,279,282.35,271.5,273.35,412204
BOSCHLTD,20210114,14839,15081.8,14734.7,14790.65,72742
BPCL,20210114,412,430,411,426.7,12600096
BPL,20210114,23.65,23.65,23.1,23.3,39821
BRFL,20210114,11.9,12.1,11.45,11.75,137366
BRIGADE,20210114,268.25,278.85,265,274.35,569553
BRITANNIA,20210114,3623,3704.9,3619.6,3665.45,1192074
BRNL,20210114,34.25,36.5,34.25,34.9,107154
BROOKS,20210114,69.9,70.85,67.05,68.65,25035
BSE,20210114,630,633,624,629.75,176699
BSELINFRA,20210114,1.4,1.4,1.35,1.4,27854
BSHSL,20210114,96,113.4,92.05,113.4,62238
BSL,20210114,37,37,35.55,36.65,8174
BSLGOLDETF,20210114,4549,4549,4489.9,4497.8,429
BSLNIFTY,20210114,162,162,159.14,160.82,585
BSOFT,20210114,267.3,270,260.5,266.3,713245
BURGERKING,20210114,145,147.4,143.7,144.8,3868716
BURNPUR,20210114,2.6,2.6,2.6,2.6,3005
BUTTERFLY,20210114,531.95,531.95,518,521.95,19822
BVCL,20210114,17.85,18.35,16.75,16.95,5638
BYKE,20210114,20.75,21.35,20.05,20.55,15141
CADILAHC,20210114,487,504.9,483,503.45,4909904
CALSOFT,20210114,11,11.15,10.5,10.85,31715
CAMLINFINE,20210114,120.45,121,118,118.5,218857
CAMS,20210114,1850,1854,1803,1811.45,49784
CANBK,20210114,143.05,147.2,142.15,143.05,33679698
CANFINHOME,20210114,492.15,506.55,492.15,499.95,501092
CANTABIL,20210114,378,380.95,372,373.05,167756
CAPACITE,20210114,180.45,181.95,178,179.75,86318
CAPLIPOINT,20210114,480,497,475,491.8,249229
CAPTRUST,20210114,100.2,101.5,97.45,99.45,10236
CARBORUNIV,20210114,423,423.4,408.3,411.75,153575
CAREERP,20210114,168.5,189.9,162.35,183.2,935948
CARERATING,20210114,515,517.4,501,512.65,93264
CASTROLIND,20210114,129.9,131.25,128.4,131.05,1592694
CCHHL,20210114,5.4,5.45,5,5.25,17178
CCL,20210114,259.9,262,254.45,255.5,255515
CDSL,20210114,530.7,532.1,524,527.65,614942
CEATLTD,20210114,1191,1224.9,1180,1193,470748
CEBBCO,20210114,28.1,28.1,26.4,27.2,150257
CELEBRITY,20210114,7.1,7.1,6.55,7,111698
CENTENKA,20210114,218,220.9,215.2,217.7,35554
CENTEXT,20210114,5.2,5.3,5.05,5.05,62097
CENTRALBK,20210114,14.5,14.5,13.9,14,6174154
CENTRUM,20210114,24.7,25.5,23.2,24.2,1601519
CENTUM,20210114,469,479.5,460.1,467.35,6866
CENTURYPLY,20210114,248.1,250,244.9,248.05,137530
CENTURYTEX,20210114,425.25,426.75,413.6,419.1,721098
CERA,20210114,3599,3668.55,3490,3518.35,7138
CEREBRAINT,20210114,37,43.95,36.7,40.85,3612795
CESC,20210114,699.8,710,688,695.3,2226060
CESCVENT,20210114,319,324,315.25,317.45,33907
CGCL,20210114,342.9,346,340.15,343.85,44818
CGPOWER,20210114,41,43.15,41,43.15,4155494
CHALET,20210114,182.5,182.5,179,179.7,125366
CHAMBLFERT,20210114,233.4,234.6,228.15,232.45,551625
CHEMBOND,20210114,180.05,182.9,177,179.55,16671
CHEMCON,20210114,453.95,462,450.4,456.25,253267
CHEMFAB,20210114,149.95,149.95,144.2,144.8,2225
CHENNPETRO,20210114,129.15,130,125.75,127.5,792695
CHOLAFIN,20210114,431.25,441.35,423.35,426.15,4779868
CHOLAHLDNG,20210114,562.25,576,560.05,575,39248
CIGNITITEC,20210114,420,446.95,411.9,438.15,294878
CINELINE,20210114,49,50.45,45.5,46.05,1040950
CINEVISTA,20210114,6.65,6.65,6.2,6.4,8450
CIPLA,20210114,841.7,847.55,829,840.9,3652930
CLEDUCATE,20210114,71.85,75.45,69.1,73.05,27632
CLNINDIA,20210114,369.1,370.35,365,366.55,32383
CMICABLES,20210114,40.25,40.25,38.05,39.1,38798
CNOVAPETRO,20210114,7.5,7.75,7.05,7.15,835
COALINDIA,20210114,146.6,148.2,144.85,146.65,14755992
COCHINSHIP,20210114,380,380.05,371.1,378.6,154246
COFORGE,20210114,2742.4,2753.1,2671.65,2734,370482
COLPAL,20210114,1611.3,1613,1584,1593.8,523546
COMPINFO,20210114,17.2,17.65,16.5,17,454934
COMPUSOFT,20210114,9.35,9.4,9,9,19174
CONCOR,20210114,441,450.95,440.85,448.3,3761138
CONFIPET,20210114,38.55,39,37.65,37.85,319910
CONSOFINVT,20210114,44.45,45,43.35,44.7,12467
CONTROLPR,20210114,267,269.6,250.65,253.45,37266
CORALFINAC,20210114,22.1,23.3,22.1,22.45,17828
CORDSCABLE,20210114,48.65,48.7,47.3,47.5,92523
COROMANDEL,20210114,819,835.6,810.1,822.4,603181
COSMOFILMS,20210114,439,442.1,435,436.55,27739
COUNCODOS,20210114,4,4,4,4,43207
CPSEETF,20210114,22.16,22.3,21.98,22.08,1454292
CREATIVE,20210114,118,118,114.8,115.6,27513
CREATIVEYE,20210114,3.45,3.6,3.45,3.55,13752
CREDITACC,20210114,775,789,756.4,765.4,118416
CREST,20210114,99.15,105.1,98.15,101.15,35890
CRISIL,20210114,1927.85,1946,1925,1939.25,26248
CROMPTON,20210114,399.1,402.95,393.5,399.7,857430
CSBBANK,20210114,230,230,225.1,226.2,133783
CTE,20210114,49.3,50.3,46.7,48.3,8700
CUB,20210114,177,180.9,175,177.4,3398086
CUBEXTUB,20210114,17.75,18.25,17,17.75,1111
CUMMINSIND,20210114,615,619.5,608,616.9,909426
CUPID,20210114,232.4,236.9,231,235.8,40123
CYBERTECH,20210114,142.5,146,141,142.2,252294
CYIENT,20210114,519.75,521,499.25,505.25,589271
DAAWAT,20210114,56.45,57.4,55.9,56.6,789940
DABUR,20210114,536.5,552.45,535.25,548.95,6273001
DALBHARAT,20210114,1158,1184.45,1158,1178.95,23609
DALMIASUG,20210114,141.6,142.9,140.5,140.95,105906
DAMODARIND,20210114,35.1,37.4,35.1,36.45,16061
DANGEE,20210114,117.8,119.25,109.6,119.25,21136
DATAMATICS,20210114,120.3,120.75,116.5,117.05,144544
DBCORP,20210114,83.8,84.85,83.25,83.4,107539
DBL,20210114,422,430,422,427.1,149881
DBREALTY,20210114,17.4,17.4,16.3,17,202088
DBSTOCKBRO,20210114,10.45,10.45,10.3,10.4,700
DCAL,20210114,149,160.95,146.25,157.6,4358299
DCBBANK,20210114,120.5,121.9,119.1,119.45,994087
DCM,20210114,28.25,28.65,27.1,27.6,35144
DCMFINSERV,20210114,2.3,2.3,2.2,2.2,3900
DCMNVL,20210114,68.35,71.05,65,70.75,92093
DCMSHRIRAM,20210114,396,408.9,393.5,405.45,215970
DCW,20210114,18.5,19,18.35,18.7,477447
DECCANCE,20210114,368.1,371.2,361.95,364.85,21350
DEEPAKFERT,20210114,162.4,167.7,160.2,164.5,691711
DEEPAKNTR,20210114,1030.1,1043,1017.95,1035.6,347795
DEEPENR,20210114,44.3,44.8,42.05,43.55,17208
DELTACORP,20210114,157.3,157.85,154.05,155.9,1002064
DELTAMAGNT,20210114,27.5,27.95,26.3,27.2,2610
DEN,20210114,68.35,69.15,67.05,67.45,851732
DENORA,20210114,259.3,282.55,257.4,268.1,27818
DFMFOODS,20210114,384,412,384,397.2,141568
DGCONTENT,20210114,13.75,14.05,12.75,13.95,73589
DHAMPURSUG,20210114,172.7,173.7,171,171.6,260684
DHANBANK,20210114,15,15.1,14.5,14.65,1010310
DHANI,20210114,373,373.8,360.5,364.4,393910
DHANUKA,20210114,782.3,792,779,784.4,34114
DHARSUGAR,20210114,5.7,6,5.7,5.95,3363
DHFL,20210114,25.65,26.65,25.3,26,3280842
DHUNINV,20210114,257.45,261.05,253.1,256.8,3155
DIAMONDYD,20210114,657.85,668.8,653.95,664.5,3341
DICIND,20210114,399.45,415,398,409.5,7163
DIGISPICE,20210114,37.1,37.1,35.55,37.1,139201
DISHTV,20210114,12.9,13,12.65,12.8,8469304
DIVISLAB,20210114,3738.4,3740,3684,3724.7,826368
DIXON,20210114,14700,15199,14075,14873.4,161093
DLF,20210114,281.5,285.8,277.1,281.6,18052699
DLINKINDIA,20210114,111.8,113.7,110,112.35,194657
DMART,20210114,2939,2940,2875.25,2895.55,340922
DNAMEDIA,20210114,0.65,0.7,0.65,0.7,49728
DOLAT,20210114,61.9,64.3,60.75,62.5,406774
DOLLAR,20210114,239.05,243.3,237,238.2,74602
DONEAR,20210114,37.15,38.3,37,37.45,36938
DPABHUSHAN,20210114,94.95,98,92.95,96.1,27170
DPSCLTD,20210114,14.3,14.3,13.05,13.65,115914
DPWIRES,20210114,131,142.75,125.5,132.05,594395
DREDGECORP,20210114,319.9,319.9,314,316.45,55947
DRREDDY,20210114,5304.9,5328,5265,5308.9,534972
DSSL,20210114,65.2,66.95,62.5,63.7,19726
DTIL,20210114,252.05,260.95,252.05,258.15,6263
DUCON,20210114,6.8,6.85,6.5,6.5,53386
DVL,20210114,72.45,72.5,68.95,70.25,10540
DWARKESH,20210114,31.05,31.4,30.8,31,580652
DYNAMATECH,20210114,874,890,842.5,859.55,90316
DYNPRO,20210114,264.75,272.5,258.7,268.55,77314
EASTSILK,20210114,1.75,1.75,1.75,1.75,9659
EBBETF0423,20210114,1112.62,1113.98,1111.51,1111.81,23625
EBBETF0425,20210114,1031.48,1031.48,1029.61,1030.15,1582
EBBETF0430,20210114,1128,1139.98,1128,1135.74,30065
EBBETF0431,20210114,1025,1025,1022.7,1024.04,16085
EBIXFOREX,20210114,515,515,491.45,494.75,1553
ECLERX,20210114,986.8,1019.55,979.1,1002.75,398738
EDELWEISS,20210114,70.05,70.8,69.8,70.1,1003112
EICHERMOT,20210114,2880,2906.95,2841,2886.6,1159961
EIDPARRY,20210114,350.1,354,344.05,347.85,206950
EIHAHOTELS,20210114,287,287,275.55,278.45,14960
EIHOTEL,20210114,96.7,99.9,96.7,97.15,707010
EIMCOELECO,20210114,361,374.5,361,363.5,1631
EKC,20210114,55,56.6,53.45,55.85,167368
ELECON,20210114,49.45,49.6,48,48.5,229050
ELECTCAST,20210114,22.5,22.85,22.05,22.1,472948
ELECTHERM,20210114,120.95,122.95,119.7,120.75,17450
ELGIEQUIP,20210114,176,176,169,170,225572
ELGIRUBCO,20210114,24.7,24.9,24,24.5,21362
EMAMILTD,20210114,481.5,492.1,479.15,484.6,2573274
EMAMIPAP,20210114,102.05,102.05,100.15,100.45,9073
EMAMIREAL,20210114,66.9,69,65.05,65.05,80170
EMKAY,20210114,77.05,78.95,73.3,74.35,44956
EMMBI,20210114,82.15,83.85,81.65,81.95,26549
ENDURANCE,20210114,1364.7,1372.3,1314.4,1325.75,129907
ENERGYDEV,20210114,15.05,15.05,15.05,15.05,35138
ENGINERSIN,20210114,80.3,81.15,79.05,79.75,2465989
ENIL,20210114,170.15,172.35,161.15,166.35,144749
EPL,20210114,271.7,271.7,263.5,264.2,135714
EQ30,20210114,432.98,432.98,415,424.44,304
EQUITAS,20210114,74.95,80.25,74.5,79.75,5214632
EQUITASBNK,20210114,41.7,42.15,40.5,41.8,1762138
ERIS,20210114,615.95,630,610.5,615.4,88160
EROSMEDIA,20210114,23.6,23.6,23,23.2,118288
ESABINDIA,20210114,1792.15,1814.9,1775,1801.65,5925
ESCORTS,20210114,1350,1367.4,1341.05,1347.2,903834
ESSARSHPNG,20210114,10,10.25,9.85,10.1,51504
ESTER,20210114,122,122.95,119.2,119.7,111675
EUROTEXIND,20210114,8.5,8.5,8.15,8.15,696
EVEREADY,20210114,205.25,209.25,200.1,205.85,181797
EVERESTIND,20210114,312.65,321,312.55,316.3,36367
EXCEL,20210114,2.4,2.45,2.4,2.4,93152
EXCELINDUS,20210114,865.75,869.5,849.05,859.1,11420
EXIDEIND,20210114,201.7,203.8,200.7,202.95,3673461
EXPLEOSOL,20210114,524.8,524.95,504.1,510.65,26801
FACT,20210114,83.3,87.8,82.35,85.55,1417560
FAIRCHEMOR,20210114,614.8,614.8,591.95,603,20936
FCL,20210114,62.1,64.7,61,63,287689
FCONSUMER,20210114,8.05,8.1,8,8.1,2121016
FCSSOFT,20210114,1,1,1,1,1003237
FDC,20210114,325,334,322.4,328.95,320722
FEDERALBNK,20210114,75.2,75.9,74.25,75.05,21212153
FEL,20210114,11.15,11.2,11,11.1,642040
FELDVR,20210114,13.45,13.7,13.1,13.5,29905
FIEMIND,20210114,579.15,650,571.9,622.95,112896
FILATEX,20210114,68.2,68.2,64.15,64.7,924261
FINCABLES,20210114,390,398.75,387.1,389.65,163594
FINEORG,20210114,2564,2569.8,2501,2514.3,16142
FINPIPE,20210114,645,655,642.1,643.9,35240
FLEXITUFF,20210114,15.85,15.85,15.35,15.35,4838
FLFL,20210114,85.4,85.4,81.5,82.7,191542
FLUOROCHEM,20210114,612.35,624.9,602,614.35,36169
FMGOETZE,20210114,314,317.95,309.1,313.4,19540
FMNL,20210114,17.2,18.9,16.6,17.45,61950
FORCEMOT,20210114,1440,1455.05,1423,1429.45,50446
FORTIS,20210114,167,177.75,164.55,171.65,5419711
FOSECOIND,20210114,1323.05,1351.1,1309.65,1321.65,1109
FRETAIL,20210114,76.2,76.2,74.5,75,1066876
FSC,20210114,97.65,98.4,92.45,95.4,103843
FSL,20210114,97,97.2,94.1,95.25,2295213
G5,20210114,47.65,47.73,47.65,47.7,3637
GABRIEL,20210114,114.25,115.8,113.05,113.8,163331
GAEL,20210114,134.4,143,133.9,140.7,837264
GAIL,20210114,141.45,146,140.9,144,30651392
GAL,20210114,3.25,3.25,3.1,3.2,15661
GALAXYSURF,20210114,2236,2236,2162.3,2185.05,19382
GALLANTT,20210114,44.35,44.7,42.15,42.65,46732
GALLISPAT,20210114,40.8,41.65,39.45,40.55,16177
GAMMNINFRA,20210114,0.85,0.9,0.85,0.85,812682
GANDHITUBE,20210114,260.95,268.8,259.3,263.9,3190
GANECOS,20210114,469.4,469.45,455,457.4,28557
GANESHHOUC,20210114,31.35,33.4,31.2,33,43158
GANGESSECU,20210114,59,61.7,56.55,59.25,7170
GARDENSILK,20210114,8.25,9.05,8.25,8.6,1951463
GARFIBRES,20210114,2219.25,2227.65,2190,2199.25,8334
GATI,20210114,94.6,95.85,93.65,94.05,225591
GAYAHWS,20210114,0.9,0.9,0.85,0.85,285164
GAYAPROJ,20210114,44.65,45.85,44,44.9,434537
GBGLOBAL,20210114,7.3,7.3,7.3,7.3,1362
GDL,20210114,120.2,122.3,120.05,121.1,73206
GEECEE,20210114,94.6,96.05,93.1,93.55,23423
GEEKAYWIRE,20210114,69,70.5,68,70.3,13300
GENESYS,20210114,80.5,80.5,72.9,77.65,10918
GENUSPAPER,20210114,7.1,7.1,6.8,7,62174
GENUSPOWER,20210114,36.3,37.15,35.4,35.7,247396
GEOJITFSL,20210114,56,57.75,55.55,56.15,230617
GEPIL,20210114,287.25,290,286.8,287.2,48808
GESHIP,20210114,283,285.55,278.95,279.65,303568
GET&D,20210114,127,130,125.65,127.2,886389
GFLLIMITED,20210114,97,97,94,94.9,38627
GFSTEELS,20210114,2.15,2.15,2.1,2.1,3113
GHCL,20210114,213.5,214.75,209.7,211.5,136824
GICHSGFIN,20210114,124.5,125.4,122.95,123.7,377040
GICRE,20210114,145.65,146.85,144,144.5,403074
GILLANDERS,20210114,42.6,46.45,42.6,46.2,4279
GILLETTE,20210114,5859.9,5861.85,5752,5808.1,29026
GINNIFILA,20210114,23.25,23.25,21.5,21.95,150477
GIPCL,20210114,83.5,84,81.7,81.9,224665
GISOLUTION,20210114,2.85,3,2.85,3,972
GKWLIMITED,20210114,577,581,550.05,579.35,173
GLAND,20210114,2209,2280,2205.25,2259.95,156659
GLAXO,20210114,1530,1548.9,1502.2,1518.35,48321
GLENMARK,20210114,514.4,522.8,506.7,520.4,2055150
GLFL,20210114,3.45,3.45,3.15,3.15,58538
GLOBAL,20210114,62.5,63.9,62.5,63.1,3154
GLOBE,20210114,62.95,67,62.1,64.3,14074
GLOBOFFS,20210114,9.1,9.5,8.65,9.05,68994
GLOBUSSPR,20210114,365.7,395,359.3,376.95,682226
GMDCLTD,20210114,64.85,64.85,63,63.5,1698484
GMMPFAUDLR,20210114,3817.9,3845,3760,3774.8,21122
GMRINFRA,20210114,27,27.25,26.8,27.05,8325417
GNA,20210114,395.5,395.5,369,371.85,385885
GNFC,20210114,219.4,222.5,218.65,221.35,430027
GOACARBON,20210114,274.9,275,269.8,271.9,12903
GOCLCORP,20210114,215,252.8,212.1,252.8,396617
GODFRYPHLP,20210114,988.35,1010,974.55,989.5,187779
GODHA,20210114,36.55,38.3,36.1,37.1,1053
GODREJAGRO,20210114,523.25,532.95,523.25,531.1,65482
GODREJCP,20210114,774.85,788,763.7,783.4,2646805
GODREJIND,20210114,438,439.65,433,437.15,495359
GODREJPROP,20210114,1430,1445,1412.55,1427.95,744416
GOKEX,20210114,90,91.7,87.75,88.5,127648
GOKUL,20210114,18.25,18.35,17.6,18.2,48486
GOKULAGRO,20210114,23.5,23.65,22.3,23.1,83634
GOLDBEES,20210114,46.8,46.8,42.61,42.7,9185531
GOLDENTOBC,20210114,51,51.95,50,50.4,16293
GOLDIAM,20210114,219.3,222.75,212.1,214.5,53615
GOLDSHARE,20210114,4454,4454,4425,4436.15,1852
GOLDTECH,20210114,10.35,10.35,9.9,10.2,13859
GOODLUCK,20210114,80.9,81,76.4,77,376467
GOODYEAR,20210114,965,971,933.95,952.1,12327
GPIL,20210114,546,546,521.1,524,95569
GPPL,20210114,92.3,92.7,90.75,91.4,520111
GPTINFRA,20210114,45.5,45.5,43.55,44.3,42754
GRANULES,20210114,373,376.85,365,366.35,2045969
GRAPHITE,20210114,327.45,332,324.3,328.6,1124011
GRASIM,20210114,1035,1040.95,1013.3,1020.25,1522045
GRAVITA,20210114,79.05,81.2,78.1,79.75,99879
GREAVESCOT,20210114,95.95,97,95,95.3,885529
GREENLAM,20210114,860,868.05,826.75,833.95,9513
GREENPANEL,20210114,162.05,170.15,160.9,170.15,197289
GREENPLY,20210114,129,129.25,124.15,125.25,476417
GREENPOWER,20210114,2.85,3.15,2.85,3.1,2681090
GRINDWELL,20210114,738,750.6,720,737,18868
GROBTEA,20210114,804.1,883,800.1,806.05,817
GRPLTD,20210114,904.05,904.05,815.25,842.5,2126
GRSE,20210114,195.4,205.8,194.45,197.65,1177184
GSCLCEMENT,20210114,40.35,41.4,39.8,40.9,229420
GSFC,20210114,83.95,85.45,81.2,83.05,1252760
GSPL,20210114,212.95,216.7,210,212.15,720921
GSS,20210114,49.25,49.95,47.75,48.4,185471
GTL,20210114,7.3,7.3,7.3,7.3,56022
GTLINFRA,20210114,1.05,1.05,0.95,1,31563934
GTNIND,20210114,13.6,14.45,13.6,14.45,3630
GTNTEX,20210114,7.8,8,7.45,7.45,1026
GTPL,20210114,152,152,132.5,140.6,667550
GUFICBIO,20210114,124,127.6,124,125.95,84764
GUJALKALI,20210114,348.1,350.45,344.1,345.3,54967
GUJAPOLLO,20210114,218,218,210.05,212.85,6391
GUJGASLTD,20210114,371.25,379,371.25,375.55,1121946
GUJRAFFIA,20210114,19.55,19.6,18.1,19.6,2525
GULFOILLUB,20210114,743.15,754,735.85,745.05,35051
GULFPETRO,20210114,46.5,47,45.55,45.7,67326
GULPOLY,20210114,83.85,86.5,83.85,85.6,57472
HAL,20210114,1005,1048,983.3,1009.25,7542690
HAPPSTMNDS,20210114,344,361,340.2,354.1,3559004
HARITASEAT,20210114,484.5,504,480.05,482.5,28065
HARRMALAYA,20210114,122.6,129.5,121.25,126.7,224890
HATHWAY,20210114,34.35,34.5,33.8,34.15,593836
HATSUN,20210114,725.85,733,718.35,729.9,28617
HAVELLS,20210114,1015,1026,1000.85,1003.05,2091931
HAVISHA,20210114,1,1.05,0.95,1.05,155583
HBANKETF,20210114,330,330,323.86,324.13,1117
HBLPOWER,20210114,37.7,38.3,36.8,37.1,744641
HBSL,20210114,7.2,7.6,6.95,7.35,7871
HCC,20210114,8.8,9,8.6,8.7,3456713
HCG,20210114,155.9,162,154.3,161.5,80719
HCL-INSYS,20210114,9.3,9.35,9.15,9.25,236847
HCLTECH,20210114,1049,1049,1006.6,1027.7,15021108
HDFC,20210114,2670,2699,2647.15,2684.05,4253567
HDFCAMC,20210114,3259,3339.95,3245,3315.2,435489
HDFCBANK,20210114,1471.15,1488,1456,1468.75,6148583
HDFCLIFE,20210114,713,718.55,702.55,706.9,1995368
HDFCMFGETF,20210114,4399.4,4420,4374,4384.7,18716
HDFCNIFETF,20210114,1543.76,1543.76,1526.41,1535.38,966
HDFCSENETF,20210114,5202,5255,5202,5205.03,77
HEG,20210114,1022,1033.5,1008,1013.55,436907
HEIDELBERG,20210114,225.85,228.2,223.05,224.1,435621
HEMIPROP,20210114,130.1,137.3,127.05,128.35,4827136
HERCULES,20210114,126,132.1,125,127.75,105394
HERITGFOOD,20210114,312,317.6,309,311.2,42259
HEROMOTOCO,20210114,3265,3295,3238.05,3266.6,803208
HESTERBIO,20210114,1721.05,1736.85,1690.3,1714.35,3912
HEXATRADEX,20210114,45.35,49.9,45.35,47.05,70498
HFCL,20210114,32.1,33.65,31.4,33.25,22151154
HGINFRA,20210114,232.2,233.9,226.15,228.9,49411
HGS,20210114,1212,1298.95,1190.5,1216.45,200993
HIKAL,20210114,173.4,176.6,170.5,174.15,409031
HIL,20210114,2163,2249.4,2116.3,2223.95,17719
HILTON,20210114,16.05,16.25,15.25,15.25,36342
HIMATSEIDE,20210114,148,150.7,145.55,148.2,150755
HINDALCO,20210114,262.7,265.1,259.55,261.4,7601547
HINDCOMPOS,20210114,348.4,356.8,332,343,53513
HINDCOPPER,20210114,66.2,67.5,63.5,65.45,2406545
HINDMOTORS,20210114,7.9,7.9,7.9,7.9,121876
HINDNATGLS,20210114,32.5,33.8,32.45,32.7,15710
HINDOILEXP,20210114,91.05,91.6,88.1,88.35,523737
HINDPETRO,20210114,229.5,235.4,227.7,233.6,10024155
HINDUNILVR,20210114,2366,2406,2351.15,2398.55,2120413
HINDZINC,20210114,289,290,279,279.75,790536
HIRECT,20210114,164.45,164.75,160.7,162.55,34446
HISARMETAL,20210114,108,119.65,103.95,110.55,243948
HITECH,20210114,259.25,271.55,257.2,260.5,44303
HITECHCORP,20210114,108.8,115.05,108.8,115.05,4389
HITECHGEAR,20210114,178,186.9,176,186.35,15634
HLVLTD,20210114,6.7,7.15,6.55,7,559891
HMVL,20210114,57.45,58.85,56.9,58,22409
HNDFDS,20210114,1493.1,1524.75,1480.1,1496.55,5719
HNGSNGBEES,20210114,347.95,360.47,346.2,349.86,1827
HONAUT,20210114,41058.75,41399.95,40318.15,40640.7,5034
HONDAPOWER,20210114,1120,1120,1084.05,1092.4,7446
HOVS,20210114,42.3,43.8,42.3,43,8268
HPL,20210114,45.2,45.4,44,44.25,185713
HSCL,20210114,52.8,53.2,51.35,52.7,4851219
HSIL,20210114,118.05,118.7,116,116.8,85346
HTMEDIA,20210114,18.2,19,18.05,18.1,215638
HUBTOWN,20210114,21.3,21.5,19.7,21.4,43437
HUDCO,20210114,46.85,47.15,45.4,46.15,5405026
HUHTAMAKI,20210114,309,313.35,308.65,310.65,26406
IBMFNIFTY,20210114,150,150,142.52,144.92,2359
IBREALEST,20210114,83.75,85.85,83.1,83.8,5297595
IBULHSGFIN,20210114,235.6,237.35,229.4,233.1,15152007
ICEMAKE,20210114,94.5,95.8,91.1,93.05,20815
ICICI500,20210114,198,198.38,196.4,196.68,668
ICICIALPLV,20210114,154.45,154.45,140,145.44,1294
ICICIB22,20210114,34.31,34.54,33.63,34.37,604035
ICICIBANK,20210114,554.05,558.45,550.6,553.3,13330898
ICICIBANKN,20210114,333.7,333.7,322.01,323.06,2941
ICICIBANKP,20210114,174.7,182.9,174.5,174.79,579196
ICICIGI,20210114,1556.1,1564.05,1535.7,1554.7,299112
ICICIGOLD,20210114,44.08,44.38,43.65,43.77,731027
ICICILIQ,20210114,1000,1000,999.5,999.99,34645
ICICILOVOL,20210114,123.7,123.7,117.97,119.48,5911
ICICIM150,20210114,84.8,84.92,82.26,84.06,3418
ICICIMCAP,20210114,85.34,85.4,83.47,84.13,4180
ICICINF100,20210114,158,160,152.95,158.05,20091
ICICINIFTY,20210114,158,158,153,154.48,60153
ICICINV20,20210114,77,78.47,75.29,76.81,12363
ICICINXT50,20210114,35.97,36.7,34.28,34.76,13014
ICICIPRULI,20210114,512.65,517,506.55,508.95,1624080
ICICISENSX,20210114,539.49,580.4,530.01,534.38,585
ICICITECH,20210114,275,275,264.89,271.43,29879
ICIL,20210114,149.25,150,145.1,148,192104
ICRA,20210114,2882.2,2910.85,2840,2847.45,1957
IDBI,20210114,31.55,32.1,31.2,31.3,8197626
IDBIGOLD,20210114,4546,4614,4546,4567.05,48
IDEA,20210114,12.35,12.45,12.1,12.3,167998404
IDFC,20210114,43.15,43.9,42.65,43.15,7665748
IDFCFIRSTB,20210114,46.25,47.35,45.8,46.25,29310346
IDFNIFTYET,20210114,151.5,152.46,150.95,152.29,310
IEX,20210114,224.85,231.55,223.35,230.05,1046349
IFBAGRO,20210114,465.7,474.3,462.2,467.25,7513
IFBIND,20210114,1285,1308.65,1276,1289.4,99331
IFCI,20210114,9.75,9.9,9.6,9.7,3452135
IFGLEXPOR,20210114,253.2,257.95,247,248.5,12099
IGARASHI,20210114,366.6,368.4,358,359.4,91350
IGL,20210114,565.95,581,562.2,567.95,2798472
IGPL,20210114,390.05,399.85,388,389.65,17047
IIFL,20210114,115.55,116.5,114.05,114.65,316535
IIFLSEC,20210114,52,53.45,50.95,52.35,6989887
IIFLWAM,20210114,1083,1099.9,1065.8,1079.7,50300
IITL,20210114,75,75,72.65,72.65,2044
IMAGICAA,20210114,6.15,6.15,5.9,6.15,86710
IMFA,20210114,339,361,332.2,353,90438
IMPAL,20210114,575,584.95,572.95,582.15,1197
INDBANK,20210114,12.2,12.7,11.85,12.15,219725
INDHOTEL,20210114,127.7,128.7,125.7,127.3,1446613
INDIACEM,20210114,169.3,170.95,165.25,166.25,2058355
INDIAGLYCO,20210114,376.5,390,368,381.65,169819
INDIAMART,20210114,8180.4,8265,7900,8196.05,196707
INDIANB,20210114,90.45,98.8,89.4,95.6,18222956
INDIANCARD,20210114,138,141.55,134.55,135.75,3018
INDIANHUME,20210114,215,215.95,207.55,208.25,164219
INDIGO,20210114,1640,1667.95,1622.45,1658.6,761001
INDLMETER,20210114,18.1,18.5,18.1,18.5,549
INDNIPPON,20210114,365.1,374.85,362.4,365.95,7191
INDOCO,20210114,311.45,319.45,309.8,311.3,103078
INDORAMA,20210114,37.45,39.3,37,37.6,51846
INDOSTAR,20210114,335.15,338,325.85,330,26456
INDOTECH,20210114,108.85,108.95,106.65,107.3,6070
INDOTHAI,20210114,40.45,40.45,37.95,38,16319
INDOWIND,20210114,5.4,5.4,5,5,39688
INDRAMEDCO,20210114,57.6,57.85,57,57.15,152988
INDSWFTLAB,20210114,76.1,78,74.9,75.9,176358
INDSWFTLTD,20210114,4.8,4.8,4.8,4.8,14027
INDTERRAIN,20210114,44.55,46.35,43.85,44.05,232148
INDUSINDBK,20210114,953,980.7,951.25,969.7,14887258
INDUSTOWER,20210114,260.75,261,254,255.7,1885689
INEOSSTYRO,20210114,1000.15,1055.85,985.4,1033.75,45213
INFIBEAM,20210114,86.2,86.95,83.55,84.45,823065
INFOBEAN,20210114,144.05,149.7,142,143.85,45810
INFOMEDIA,20210114,3.2,3.5,3.2,3.35,40651
INFRABEES,20210114,402.44,412.9,400,407.5,520
INFY,20210114,1360,1384,1318.45,1370.5,27521697
INGERRAND,20210114,725.1,743.8,725.1,735.55,41211
INOXLEISUR,20210114,345,349.85,336.5,340.9,857591
INOXWIND,20210114,68.2,70.8,66.15,70.05,248570
INSECTICID,20210114,470,481.1,469,477.5,55588
INSPIRISYS,20210114,37.8,39,36.5,37.4,27101
INTEGRA,20210114,1.45,1.5,1.4,1.4,4621
INTELLECT,20210114,322.9,333.5,314,324.5,340389
INTENTECH,20210114,43.5,43.5,42.2,42.45,18157
INVENTURE,20210114,17.05,17.05,16.7,16.9,3128
IOB,20210114,11.35,11.4,11.1,11.2,3327974
IOC,20210114,101.75,103.6,100.3,103.2,30720438
IOLCP,20210114,737.5,744,730.1,736.45,207028
IPCALAB,20210114,2090.2,2169.85,2090.2,2148.95,328942
IRB,20210114,117,117.9,115.55,116.8,508678
IRCON,20210114,91.7,92.2,90,91,1132406
IRCTC,20210114,1468.45,1482.15,1452.45,1463.1,1123619
ISEC,20210114,449.9,450.8,441.1,444.15,375171
ISFT,20210114,85,89.9,82.65,85.4,2867
ISMTLTD,20210114,10.6,11.15,10.6,10.9,134338
ITC,20210114,212,216.5,211.6,214.15,48304263
ITDC,20210114,324.25,327,318,320,49141
ITDCEM,20210114,71.1,73,70.5,71.7,484062
ITI,20210114,134.6,134.75,131.2,131.5,585228
IVC,20210114,5.15,5.3,5,5.1,122856
IVP,20210114,75,75.7,74,74,1403
IVZINGOLD,20210114,4460,4554,4386.05,4514.3,192
IVZINNIFTY,20210114,1600,1869,1557.35,1569.52,238
IZMO,20210114,50.85,51.5,49.55,51.5,70708
J&KBANK,20210114,30.6,30.6,29.05,29.2,12070454
JAGRAN,20210114,45.5,45.85,44.75,44.9,350720
JAGSNPHARM,20210114,79.8,80.55,77,78.75,108975
JAIBALAJI,20210114,21,21.75,20.6,21.5,98029
JAICORPLTD,20210114,94.35,95.45,93,94.2,891226
JAMNAAUTO,20210114,66.5,66.5,63.5,63.85,1751231
JASH,20210114,231.5,238.5,231.5,235.1,3615
JAYAGROGN,20210114,145,145,138.15,140,42885
JAYBARMARU,20210114,263,263,254,259.65,27626
JAYNECOIND,20210114,6.9,7.4,6.9,7.05,71429
JAYSREETEA,20210114,70.2,71.9,69.75,70.25,158476
JBCHEPHARM,20210114,1064,1064,1030,1032.85,130216
JBFIND,20210114,15.65,15.65,14.5,15.2,142518
JBMA,20210114,317.35,324.7,311.35,313.7,24179
JCHAC,20210114,2503.35,2549.95,2453,2498.45,32774
JHS,20210114,23.75,23.8,22.7,23.15,73476
JINDALPHOT,20210114,23.9,23.9,21.75,22.65,5842
JINDALPOLY,20210114,464,464,451,455.5,15389
JINDALSAW,20210114,78.95,79.7,78.1,79.15,655193
JINDALSTEL,20210114,299.7,301,291.35,293.65,5834247
JINDRILL,20210114,91.15,91.6,88.5,89.25,16303
JINDWORLD,20210114,59.8,60.5,57.5,59.4,210425
JISLDVREQS,20210114,15.1,16,15.1,15.4,49420
JISLJALEQS,20210114,22.35,22.9,21.4,22.45,4215553
JITFINFRA,20210114,10.7,10.85,10.4,10.4,1905
JIYAECO,20210114,7.4,7.4,7.1,7.15,33989
JKCEMENT,20210114,2254.7,2268,2175.3,2205.1,31570
JKIL,20210114,147,149.5,145.35,148.6,137449
JKLAKSHMI,20210114,347.05,349.95,339.5,340.15,417704
JKPAPER,20210114,128,129.55,127.3,127.85,658369
JKTYRE,20210114,84.5,90.75,84.15,88.75,14871833
JMA,20210114,34.45,35.35,33.5,34.35,142023
JMCPROJECT,20210114,69.65,71.45,68.5,70.8,159280
JMFINANCIL,20210114,91.65,91.65,88.1,88.45,1192764
JMTAUTOLTD,20210114,3.5,3.55,3.25,3.4,1332925
JOCIL,20210114,186.15,188,185.75,186.15,4402
JPASSOCIAT,20210114,7.9,7.95,7.55,7.65,6994380
JPINFRATEC,20210114,2.05,2.1,2,2.05,909298
JPOLYINVST,20210114,26.75,26.75,24.55,24.7,2907
JPPOWER,20210114,3.2,3.2,3.05,3.1,12538760
JSL,20210114,92.75,92.75,89.2,89.7,1114835
JSLHISAR,20210114,156.75,156.75,151.8,153.15,327705
JSWENERGY,20210114,73.05,73.8,71.25,71.9,2354829
JSWHL,20210114,3580.05,3600,3526.6,3536.55,283
JSWISPL,20210114,32.5,32.7,30.25,31.15,327718
JSWSTEEL,20210114,404.35,405.65,394,396.4,4886430
JTEKTINDIA,20210114,95.35,95.35,92,92.35,726779
JUBILANT,20210114,987,1010,955,1002.2,966784
JUBLFOOD,20210114,2847,2863.25,2745.05,2783.6,820609
JUBLINDS,20210114,244.65,253.2,242.2,246.5,19619
JUMPNET,20210114,12.75,12.75,12.75,12.75,30740
JUNIORBEES,20210114,363,363,341,357.55,135775
JUSTDIAL,20210114,726.1,735.75,705,708.7,1181003
JYOTHYLAB,20210114,160.5,162.9,159.2,161.8,1136091
KABRAEXTRU,20210114,102.9,112,102,108.4,247076
KAJARIACER,20210114,749.7,751.85,735.15,743.45,144937
KAKATCEM,20210114,189.9,190.3,185.25,185.95,16247
KALPATPOWR,20210114,330.7,335.75,329.75,334.25,137200
KALYANIFRG,20210114,161.9,166.45,155.6,155.7,1358
KAMATHOTEL,20210114,38.1,38.15,37.35,37.55,33280
KAMDHENU,20210114,134.6,136.35,130.6,133.35,92547
KANANIIND,20210114,5.35,5.35,5,5.3,67071
KANORICHEM,20210114,58,62,57,58.2,40884
KANPRPLA,20210114,125.7,125.7,120.05,121.6,6536
KANSAINER,20210114,630,672.65,618,656.15,690736
KAPSTON,20210114,107,107.25,101.65,102,260
KARDA,20210114,124.95,124.95,121.5,122.7,37229
KARMAENG,20210114,23,23,22.3,22.3,8962
KARURVYSYA,20210114,46.95,47.4,46.3,47.15,1708141
KAUSHALYA,20210114,1.9,1.9,1.8,1.9,34683
KAYA,20210114,348,379,343.2,365.4,257245
KCP,20210114,71.1,71.75,69.55,70.6,196626
KCPSUGIND,20210114,16.85,16.95,16.6,16.7,126433
KDDL,20210114,243.85,248.95,243.75,247.3,1528
KEC,20210114,352.25,362,351.35,361.05,466227
KECL,20210114,14.85,15.05,14.5,14.9,60036
KEERTI,20210114,25.7,26.5,25.1,26.4,18905
KEI,20210114,475.05,480,472,473.75,43652
KELLTONTEC,20210114,76.9,77.45,75.75,76.55,1257677
KENNAMET,20210114,930,950,920.3,937.3,4241
KERNEX,20210114,30.5,31,29.45,29.45,6948
KESORAMIND,20210114,62,66,62,64,1890848
KEYFINSERV,20210114,75.3,80.4,75.3,76.15,4268
KHADIM,20210114,129.6,134.8,127,132.7,226270
KHAICHEM,20210114,29,29.95,28.15,28.45,242916
KHANDSE,20210114,18.5,19.3,18.5,18.55,1130
KICL,20210114,1610.15,1650,1581.75,1608.2,1155
KILITCH,20210114,94,98.2,94,94.7,1809
KINGFA,20210114,620.05,645,610.95,641.75,9606
KIOCL,20210114,139.15,139.15,135.55,137.2,36850
KIRIINDUS,20210114,510.55,537.8,506,523.8,253172
KIRLFER,20210114,141.6,141.7,135.25,136.95,110965
KIRLOSBROS,20210114,145.4,148.25,143.5,146.3,203570
KIRLOSENG,20210114,128.55,130.7,128,129.15,65520
KIRLOSIND,20210114,837,852.95,825,826.8,1825
KITEX,20210114,112.8,113,111,112,99246
KKCL,20210114,918.6,927.4,915.6,919.45,469
KMSUGAR,20210114,12,12.05,11.8,11.85,118878
KNRCON,20210114,380,387.3,365.6,369.35,958672
KOKUYOCMLN,20210114,68,68,66,66.75,174181
KOLTEPATIL,20210114,256,258.75,252.05,256.9,93728
KOPRAN,20210114,126.5,128.5,119.85,125.6,1032211
KOTAKBANK,20210114,1892,1905,1871.05,1892.65,4803638
KOTAKBKETF,20210114,328.71,330.2,326.95,328.79,28381
KOTAKGOLD,20210114,429.9,431.95,428.25,429.15,71431
KOTAKNIFTY,20210114,160.9,160.9,150.8,151.95,90241
KOTAKNV20,20210114,82.4,82.4,75.2,77.99,3480
KOTAKPSUBK,20210114,192.5,196.49,192.06,193.25,15472
KOTARISUG,20210114,18.5,18.5,18.1,18.2,19705
KOTHARIPET,20210114,24.9,24.9,23.6,23.7,66362
KOTHARIPRO,20210114,71.15,74.45,71.15,73,4601
KPITTECH,20210114,136.15,136.6,130.7,134.1,469381
KPRMILL,20210114,968,970,945,947.6,17410
KRBL,20210114,244.35,244.4,241,242,160299
KREBSBIO,20210114,135.05,136.3,130,131.75,23641
KRIDHANINF,20210114,4.5,4.5,4.15,4.25,55399
KRISHANA,20210114,70.5,70.5,70,70,2582
KSB,20210114,677,677,660,663.65,43895
KSCL,20210114,544.85,561.75,541.1,558.4,416155
KSL,20210114,288.45,290,282.5,283.3,77862
KTKBANK,20210114,67.15,67.9,66.25,67.25,5750325
KUANTUM,20210114,55.95,56.55,54.7,55.7,7086
KWALITY,20210114,3.45,3.45,3.3,3.35,569574
L&TFH,20210114,104.4,107.4,104,107.1,18345857
LALPATHLAB,20210114,2400,2405,2326,2331.85,166133
LAMBODHARA,20210114,45.15,49.7,45.15,47.8,45661
LAOPALA,20210114,225.9,229.6,224.15,227.65,67926
LASA,20210114,95,95.65,93,93.65,88805
LAURUSLABS,20210114,349.8,377.45,347.4,366.8,6304577
LAXMIMACH,20210114,5122.6,5349,5097.1,5266.75,25917
LEMONTREE,20210114,41.5,41.65,40.55,40.85,1302092
LFIC,20210114,78,79.8,76.05,78.85,2922
LGBBROSLTD,20210114,294,298.1,291.25,293.8,28871
LGBFORGE,20210114,3.9,3.95,3.65,3.75,32714
LIBAS,20210114,40.4,40.45,38,38.5,122218
LIBERTSHOE,20210114,149.7,150.4,147.65,149.05,77488
LICHSGFIN,20210114,440.75,446.7,430.5,433.35,8294996
LICNETFGSC,20210114,22.08,22.08,21.67,21.77,15241
LICNETFN50,20210114,165,165,156,161.14,1913
LICNETFSEN,20210114,500,545,500,530,400
LICNFNHGP,20210114,152,155.89,147.11,153.02,2390
LIKHITHA,20210114,196,197.25,192.5,193.4,94843
LINCOLN,20210114,238.2,245,234,242.25,124049
LINCPEN,20210114,187.65,187.7,180.5,182.3,3104
LINDEINDIA,20210114,982.5,982.5,965.5,975.15,33722
LIQUIDBEES,20210114,1001.9,1001.9,999.99,1000,841896
LIQUIDETF,20210114,999.99,1000.01,999.99,1000,34175
LOKESHMACH,20210114,39.75,40.9,39.55,39.7,7859
LOTUSEYE,20210114,36,36.25,35.85,36.05,7277
LOVABLE,20210114,90.8,91.85,89.9,90.45,22076
LPDC,20210114,2.2,2.2,2.2,2.2,12447
LSIL,20210114,0.9,0.95,0.85,0.95,1630544
LT,20210114,1358,1389.7,1356.25,1376.6,5168591
LTI,20210114,4420,4480,4338,4390.7,322695
LTTS,20210114,2624,2720,2620,2686.5,497984
LUMAXIND,20210114,1382.2,1394,1382.2,1391.4,3584
LUMAXTECH,20210114,128.4,129.8,125.05,127.95,27398
LUPIN,20210114,1069,1113.3,1062.65,1105.8,4717547
LUXIND,20210114,1630,1683.4,1625,1637.25,49026
LYKALABS,20210114,29.9,29.9,27.75,29.25,76524
LYPSAGEMS,20210114,5.25,5.4,4.9,5.15,8218
M&M,20210114,828.9,843.85,827.35,829.9,8576718
M&MFIN,20210114,190.9,194.45,188.55,192.15,8532321
M100,20210114,23.05,23.29,22.72,23.04,127747
M50,20210114,144.55,144.55,141.5,142.4,7037
MAANALU,20210114,111.15,114.75,110,111,20751
MACPOWER,20210114,115,115,113.05,113.9,798
MADHAV,20210114,56.5,58.4,54.2,55.05,90837
MADHUCON,20210114,5,5.35,4.9,5.3,25904
MADRASFERT,20210114,29.25,29.85,28,28.5,1024898
MAESGETF,20210114,25.8,25.8,24.85,25.11,33701
MAGADSUGAR,20210114,116.85,117.9,115.15,116.1,10165
MAGMA,20210114,45.05,45.9,43.75,44.1,566261
MAGNUM,20210114,4.9,5,4.8,4.8,45332
MAHABANK,20210114,14.7,15.15,14.5,14.75,4970653
MAHAPEXLTD,20210114,89,89,85,86.95,1457
MAHASTEEL,20210114,115,119.95,111.05,118.75,70757
MAHEPC,20210114,161,169.05,159.7,167.25,336991
MAHESHWARI,20210114,89.8,89.8,86.05,87.2,4923
MAHINDCIE,20210114,165,166.7,161.25,163.75,78884
MAHLIFE,20210114,402,402,391.05,394.2,18476
MAHLOG,20210114,451,451,439.4,441.2,18431
MAHSCOOTER,20210114,3671.85,3722.1,3660,3679.65,2732
MAHSEAMLES,20210114,316.65,318.2,314.5,314.85,38444
MAITHANALL,20210114,678.4,690,653,663.6,94231
MAJESCO,20210114,24.85,24.85,24.85,24.85,83777
MALUPAPER,20210114,29,30.1,28.5,29.25,5779
MAN50ETF,20210114,148.23,149.19,147.72,148.7,9311
MANAKALUCO,20210114,9,9.5,8.9,9.25,11330
MANAKCOAT,20210114,7.55,7.9,7.55,7.9,23530
MANAKSIA,20210114,55,56,54.15,54.85,149724
MANAKSTEEL,20210114,25.8,25.8,25.8,25.8,24535
MANALIPETC,20210114,36.35,36.5,35.55,35.75,636943
MANAPPURAM,20210114,170.25,173.55,169.15,171.2,5152056
MANGALAM,20210114,133.65,134.95,131.1,132.15,32964
MANGCHEFER,20210114,62.8,63.8,60.3,61.1,1130248
MANGLMCEM,20210114,249,251.5,242.2,249.2,24216
MANGTIMBER,20210114,9.6,9.6,8.8,8.95,14966
MANINDS,20210114,81,83.3,80.75,82,198979
MANINFRA,20210114,35,40.8,34.25,36.65,3336899
MANUGRAPH,20210114,14.1,14.15,13.35,13.8,16949
MANXT50,20210114,340.67,341.76,338.31,341.76,2002
MARALOVER,20210114,28.7,29.9,28.55,28.55,23737
MARATHON,20210114,91.95,92.5,87.1,89.65,35643
MARICO,20210114,420.3,422.6,415.9,418.95,2541779
MARINE,20210114,218.65,224.9,211,218.45,56040
MARKSANS,20210114,59.9,60.6,58.5,60,1426181
MARUTI,20210114,8164.8,8180,8023.45,8149.45,718274
MASFIN,20210114,903.9,916.95,876.6,902.25,21221
MASTEK,20210114,1353.5,1355,1325,1335.55,76995
MATRIMONY,20210114,818.35,827.6,812,822.6,4439
MAWANASUG,20210114,35,35.4,34.1,34.25,19658
MAXHEALTH,20210114,159.65,163.9,159.65,161.25,335533
MAXIND,20210114,63.2,63.95,60.45,61.8,450659
MAXVIL,20210114,48.5,49.6,47.1,49.15,97759
MAYURUNIQ,20210114,302.6,307.4,298.05,301.3,35235
MAZDA,20210114,522,522,510,517.35,6078
MAZDOCK,20210114,218.35,224.85,215.1,219.95,1780545
MBAPL,20210114,71.1,72.7,71.1,72.7,2190
MBECL,20210114,6,6,5.7,5.85,17669
MBLINFRA,20210114,18.65,19.15,18.35,18.45,185463
MCDHOLDING,20210114,35.85,36,34.35,34.4,13971
MCDOWELL-N,20210114,641.7,650.9,635.6,639,1547673
MCL,20210114,91,97.65,89,95,16180
MCLEODRUSS,20210114,22.9,22.9,22.2,22.4,99907
MCX,20210114,1699,1730,1675.25,1690.9,199851
MEGASOFT,20210114,12.2,12.5,11.8,12.35,57893
MEGH,20210114,81.5,85.3,81.25,83.2,1787631
MENONBE,20210114,56.35,56.35,54.1,55.3,32867
MEP,20210114,18.7,18.9,18.4,18.5,116939
MERCATOR,20210114,1.25,1.25,1.25,1.25,263150
METALFORGE,20210114,8.3,8.3,7.65,7.65,26039
METROPOLIS,20210114,2177,2191,2124.75,2171.7,62757
MFSL,20210114,716,725.9,713.3,720.15,1048756
MGEL,20210114,47.6,55.55,45.05,54.75,67273
MGL,20210114,1113.9,1127.7,1097.65,1110.5,563608
MHRIL,20210114,217.65,217.7,215,215.85,37143
MIDHANI,20210114,212,218.4,197.55,200.35,6102404
MINDACORP,20210114,90.1,90.7,88.5,89.05,434040
MINDAIND,20210114,397,404.75,395.4,403.3,138860
MINDTECK,20210114,48.3,51.75,48.05,49.05,49361
MINDTREE,20210114,1752,1752,1701,1743.75,1294936
MIRCELECTR,20210114,13.5,13.6,13,13.25,164311
MIRZAINT,20210114,57.35,57.35,55.75,56.25,302790
MITTAL,20210114,13,13.3,12.35,12.4,123703
MMFL,20210114,457.9,457.9,442.1,449.2,300137
MMP,20210114,97,97,90.25,93.1,30772
MMTC,20210114,31.9,33,31.2,32,5310856
MODIRUBBER,20210114,38.05,39.1,38.05,39.1,1482
MOHITIND,20210114,5.8,6.3,5.8,5.9,7459
MOHOTAIND,20210114,11.5,12.65,11.45,11.9,31834
MOIL,20210114,153.8,153.95,150.5,151.55,299914
MOLDTECH,20210114,48.8,49.9,48.05,48.65,21035
MOLDTKPAC,20210114,324.8,324.8,317,318.3,21033
MONTECARLO,20210114,244.3,245.7,240.5,241.75,20214
MORARJEE,20210114,13.1,13.75,12.9,13.65,3627
MOREPENLAB,20210114,31.1,31.25,30.4,30.75,2208761
MOTHERSUMI,20210114,168.3,170.5,165.65,167.25,6730219
MOTILALOFS,20210114,636,646.45,633,637.35,97907
MOTOGENFIN,20210114,20.5,21.25,20.05,20.6,3662
MPHASIS,20210114,1664.05,1735,1617.4,1696.15,714819
MPSLTD,20210114,355,379.35,345.7,371.2,76242
MRF,20210114,86300,89938.1,85785,88749.65,55671
MRPL,20210114,40.9,41.65,40.3,40.8,2824665
MSPL,20210114,8.8,8.9,8.35,8.75,48734
MSTCLTD,20210114,200,228.8,199.2,220.1,4687035
MTEDUCARE,20210114,9.5,9.6,9.25,9.4,138268
MTNL,20210114,14.8,15.1,14.4,14.45,3011526
MUKANDENGG,20210114,13.3,14.35,13.25,13.45,12601
MUKANDLTD,20210114,71,71.85,68,69.2,79497
MUKTAARTS,20210114,32.3,33.95,32.2,32.7,15501
MUNJALAU,20210114,61.95,62.3,60.25,61.2,161192
MUNJALSHOW,20210114,144,146.6,143,144.45,26894
MURUDCERA,20210114,23.3,23.95,22.85,23.65,99075
MUTHOOTCAP,20210114,421.4,428.6,419.6,420.45,25019
MUTHOOTFIN,20210114,1237.4,1253.85,1216.65,1251,1466910
N100,20210114,939.9,939.9,931,934.21,24539
NACLIND,20210114,44.15,44.15,42.15,42.65,51681
NAGAFERT,20210114,5.1,5.15,4.8,5,224627
NAGREEKCAP,20210114,6.2,6.45,6.2,6.2,199
NAGREEKEXP,20210114,21.15,22.4,20.6,20.9,11783
NAHARCAP,20210114,95.3,95.3,92,92.65,2679
NAHARINDUS,20210114,51,53.3,50.4,51.3,39677
NAHARPOLY,20210114,91,94.1,88,90.25,51178
NAHARSPING,20210114,82.4,83,78.1,82.7,39895
NAM-INDIA,20210114,309.2,315.5,307.35,312.8,1166221
NATCOPHARM,20210114,946.5,959.5,935.1,936.9,209489
NATHBIOGEN,20210114,284.9,284.9,275.5,277.2,53996
NATIONALUM,20210114,46.75,47.05,45.55,46,15585634
NATNLSTEEL,20210114,4.6,4.6,4.2,4.2,35184
NAUKRI,20210114,5269,5310.1,5150,5180.05,434005
NAVINFLUOR,20210114,2597.7,2624.3,2540.35,2578.4,92800
NAVKARCORP,20210114,43.9,44.75,43.35,43.85,467498
NAVNETEDUL,20210114,86.7,88,85.65,87.2,840001
NBCC,20210114,33.95,33.95,33.05,33.5,11129139
NBIFIN,20210114,1648.2,1654.4,1641.8,1645.05,579
NBVENTURES,20210114,62.4,63.25,61.6,62.8,786314
NCC,20210114,62,62.2,61,61.9,4169645
NCLIND,20210114,151.9,152.8,148.9,149.6,146298
NCPSESDL24,20210114,103.4,103.4,103.29,103.37,15157
NDGL,20210114,712,764.95,686.15,750,495
NDL,20210114,30.15,31,29.25,29.9,69389
NDRAUTO,20210114,256.35,256.35,245.3,248.55,8013
NDTV,20210114,39.15,39.75,37.9,38.9,26600
NECCLTD,20210114,9.8,10.2,9.7,9.85,26588
NECLIFE,20210114,23,23.15,22.6,22.7,254036
NELCAST,20210114,77,78.4,74.25,75.35,479687
NELCO,20210114,215.4,216.75,211.55,212.55,99314
NEOGEN,20210114,743,746,725,729.8,34118
NESCO,20210114,606.8,613.5,591.25,611.25,107161
NESTLEIND,20210114,18049,18229.4,18049,18132.6,58488
NETF,20210114,178.75,178.75,178.75,178.75,31
NETFCONSUM,20210114,66.95,67.2,66.02,66.63,2820
NETFDIVOPP,20210114,35.85,35.85,34.47,34.75,2081
NETFIT,20210114,27.09,27.49,26.4,27.13,5598186
NETFLTGILT,20210114,19.65,22.46,19.65,22.41,38955
NETFMID150,20210114,84.46,84.99,83.25,83.63,30799
NETFNIF100,20210114,148.1,153,148.1,151.55,365
NETFNV20,20210114,79.8,79.8,78,79.25,3159
NETWORK18,20210114,37.35,38.45,36.75,37.2,1760245
NEULANDLAB,20210114,1239.4,1288.15,1210,1244.35,144986
NEWGEN,20210114,307.95,309.95,299.35,305.4,93112
NEXTMEDIA,20210114,6.05,6.1,6.05,6.05,7512
NFL,20210114,43.75,44.7,42.1,42.5,2564788
NH,20210114,479,480,468.45,473.95,359652
NHPC,20210114,25.05,25.2,24.85,24.9,9485093
NIACL,20210114,132.95,135.7,131.65,132.4,513735
NIFTYBEES,20210114,155.5,155.92,154.52,155.76,1242536
NIITLTD,20210114,203.55,205.45,202.1,202.3,560983
NILAINFRA,20210114,6,6.2,5.7,6.1,178337
NILASPACES,20210114,2,2,2,2,301280
NILKAMAL,20210114,1498,1514.95,1476.55,1488.9,10705
NIPPOBATRY,20210114,684.85,696.8,673,679,1523
NIRAJ,20210114,43,43,42,43,2768
NITCO,20210114,25.6,26.3,25.2,25.7,29100
NITINSPIN,20210114,82.35,83.95,78.3,78.95,258565
NKIND,20210114,20.5,20.5,19,20.5,436
NLCINDIA,20210114,56.2,56.7,55.8,55.9,1019725
NMDC,20210114,126.1,126.65,124.55,125.45,5095214
NOCIL,20210114,150.6,151.9,149.1,149.5,637653
NOIDATOLL,20210114,6.65,6.9,6.4,6.45,32589
NORBTEAEXP,20210114,8.9,8.9,8.55,8.8,1937
NOVARTIND,20210114,687.2,697,685.05,690.75,7783
NPBET,20210114,176.1,176.5,176.1,176.5,28
NRAIL,20210114,227.5,236.9,222.25,232.8,51594
NRBBEARING,20210114,108,108.5,106.6,106.95,316653
NSIL,20210114,971.45,983.15,962,965.9,1174
NTL,20210114,1.25,1.25,1.25,1.25,6214
NTPC,20210114,103.7,103.85,101.7,102.2,29301114
NUCLEUS,20210114,604.95,610.3,599.15,602.1,41784
NXTDIGITAL,20210114,591.2,602,591,598.45,2448
OAL,20210114,553.55,577,545.35,558.7,31606
OBEROIRLTY,20210114,581.7,585.8,576.05,579.35,156731
OCCL,20210114,819,846,813.35,830.1,15748
OFSS,20210114,3508.1,3515.45,3420,3439.45,44550
OIL,20210114,117.5,118.2,115.65,117.15,817413
OLECTRA,20210114,142.2,142.9,138.55,139.15,201409
OMAXAUTO,20210114,49.55,49.6,47.75,48.15,27352
OMAXE,20210114,82.3,82.95,79,80.95,120156
OMMETALS,20210114,26.75,26.75,25.1,25.75,129693
ONELIFECAP,20210114,8.85,8.85,8.8,8.85,2770
ONEPOINT,20210114,19,19,18.05,18.7,332
ONGC,20210114,107,107.45,104.2,105.05,24455634
ONMOBILE,20210114,57.95,59.9,57,58.5,190866
ONWARDTEC,20210114,105.65,106.8,103.65,103.95,100514
OPTIEMUS,20210114,89.8,89.8,86.05,87.25,37804
OPTOCIRCUI,20210114,5.6,5.8,5.35,5.7,717627
ORBTEXP,20210114,76.5,77.95,75.05,77.1,22893
ORCHPHARMA,20210114,200.45,200.45,200.45,200.45,203
ORICONENT,20210114,25.2,25.85,24.65,25.5,53491
ORIENTABRA,20210114,24.55,29.4,24.05,28,1982900
ORIENTALTL,20210114,11.15,11.25,11,11,28976
ORIENTBELL,20210114,197.9,197.9,188.2,190.55,19558
ORIENTCEM,20210114,86.6,87.2,84.4,84.8,403696
ORIENTELEC,20210114,234.3,238.8,225.05,226.3,588146
ORIENTHOT,20210114,25.55,26.1,25.3,25.45,16310
ORIENTLTD,20210114,95.4,104.1,95.4,104.1,3802
ORIENTPPR,20210114,22.25,22.6,22.05,22.2,482460
ORIENTREF,20210114,235.3,237.5,227.6,231.4,98283
ORISSAMINE,20210114,2608,2608.05,2496.35,2529.5,9335
OSWALAGRO,20210114,11.45,11.8,11.45,11.55,50402
PAGEIND,20210114,29163.8,29493.6,28512,29098.1,46408
PAISALO,20210114,722.8,735.5,705,728.3,58139
PALASHSECU,20210114,43.6,45,43.6,44.15,818
PALREDTEC,20210114,47.4,49.75,47.4,49.75,14365
PANACEABIO,20210114,221.3,225.95,220.1,222.65,69531
PANACHE,20210114,45.65,45.65,42.1,45.3,47538
PANAMAPET,20210114,100.25,100.55,97.5,97.85,66504
PARACABLES,20210114,9.95,10.35,9.45,9.55,669083
PARAGMILK,20210114,119.75,124.85,116.6,122.4,2729902
PARSVNATH,20210114,5.4,5.5,5.15,5.15,86990
PATELENG,20210114,14,14.4,13.85,14.1,576021
PATINTLOG,20210114,31.4,32.5,31,31.35,46755
PATSPINLTD,20210114,7.75,7.8,7.1,7.1,10105
PCJEWELLER,20210114,27.7,28.15,27.65,27.75,1301784
PDMJEPAPER,20210114,22.95,23.5,22.5,22.8,91419
PDSMFL,20210114,608.15,610,584,591.45,9321
PEARLPOLY,20210114,18.05,18.3,17.55,17.65,2735
PEL,20210114,1573.55,1619.4,1551.6,1596.95,3643758
PENIND,20210114,24,25.35,23.7,25.05,617415
PENINLAND,20210114,6.4,6.65,6.35,6.45,114544
PERSISTENT,20210114,1660,1681,1611.2,1672.75,203153
PETRONET,20210114,266,270.8,262.8,265.05,4109397
PFC,20210114,121.95,122.7,120.65,120.9,2859467
PFIZER,20210114,5150,5195,5125.55,5157.4,35189
PFOCUS,20210114,49.55,49.55,48.35,48.6,56782
PFS,20210114,20.4,20.7,20.15,20.25,567631
PGEL,20210114,149.9,149.9,141.5,144.65,15063
PGHH,20210114,11347.65,11399,11234.35,11357.4,4491
PGHL,20210114,6802.3,6858.6,6750,6783.15,5942
PGIL,20210114,195.05,199,194,198.1,1539
PHILIPCARB,20210114,173.05,174.3,170.65,171.5,433741
PHOENIXLTD,20210114,795.2,805,768,773.3,158656
PIDILITIND,20210114,1794,1803.95,1774.65,1790,457266
PIIND,20210114,2250,2256.4,2218.2,2239.35,251062
PILANIINVS,20210114,1960,1960,1866.35,1928.9,4939
PILITA,20210114,11.4,11.7,10.95,11.25,200086
PIONDIST,20210114,124.3,128.05,124.1,124.15,12882
PIONEEREMB,20210114,39.55,41.5,38.2,39.3,72027
PITTIENG,20210114,59.3,59.9,58.35,58.45,227448
PKTEA,20210114,205,205,196.05,196.5,669
PLASTIBLEN,20210114,264.95,264.95,253,253.85,31658
PNB,20210114,36.75,37.8,36.4,37,184172283
PNBGILTS,20210114,45.5,45.75,44.7,45.2,193951
PNBHOUSING,20210114,378,378,369.2,370,175400
PNC,20210114,21.45,21.45,20.55,20.6,24135
PNCINFRA,20210114,192.2,193.15,188.65,191.95,1050088
PODDARHOUS,20210114,208.05,215,207.45,210.7,6089
PODDARMENT,20210114,198.5,201.35,196.9,197.35,7208
POLYCAB,20210114,1227.95,1229,1205.15,1212.25,164810
POLYMED,20210114,509.95,543.85,504.4,535.9,218343
POLYPLEX,20210114,719.35,726.4,711,722.05,39446
PONNIERODE,20210114,163.35,165.5,161.25,163.5,3084
POWERGRID,20210114,205.95,207.5,203.6,205.1,6763881
POWERINDIA,20210114,1303.15,1313.55,1271.45,1282.75,12837
POWERMECH,20210114,432.5,432.5,427.35,428.3,20291
PPAP,20210114,278,285,274,278.7,17507
PPL,20210114,121.35,122.15,111.6,118.8,342701
PRABHAT,20210114,76.5,77,72.65,74.15,158692
PRAENG,20210114,9.65,10,9.65,10,17600
PRAJIND,20210114,126.35,126.5,123.3,123.85,802382
PRAKASH,20210114,58.45,60.9,57.3,59.15,777951
PRAKASHSTL,20210114,1,1.05,0.95,1.05,73169
PRAXIS,20210114,50.95,51.25,49.65,50.35,10772
PRECAM,20210114,46.35,48.1,45.95,46.15,203822
PRECOT,20210114,80,87.5,80,86.65,6492
PRECWIRE,20210114,160,160,157,158.3,9076
PREMEXPLN,20210114,154,158.5,152,153.4,15791
PREMIER,20210114,5.15,5.15,4.95,4.95,4233
PREMIERPOL,20210114,47,47,43.95,44.7,29283
PRESSMN,20210114,25.7,26.55,25.1,26.2,48445
PRESTIGE,20210114,293.1,297.75,292.2,294.6,239284
PRICOLLTD,20210114,50.85,52,50.05,50.5,462545
PRIMESECU,20210114,44.3,44.75,41.55,43.95,107776
PRINCEPIPE,20210114,292.55,296.45,288.9,289.85,143576
PRIVISCL,20210114,558.05,573.9,553.6,563.7,35295
PROZONINTU,20210114,22,24.2,19.9,23.85,812669
PRSMJOHNSN,20210114,85.65,85.65,83.8,84.45,130094
PSB,20210114,13.9,13.95,13.65,13.7,286192
PSPPROJECT,20210114,427.4,442.7,427.4,436.1,425351
PSUBNKBEES,20210114,21.9,21.93,21.4,21.72,807751
PTC,20210114,60.05,60.45,59.2,59.65,1160637
PTL,20210114,44.9,44.9,43.8,44.25,31171
PUNJABCHEM,20210114,797,801,754.5,797.3,4725
PURVA,20210114,87.15,89,86,86.4,112435
PVR,20210114,1466.25,1473.95,1420.95,1436.65,1034417
QGOLDHALF,20210114,2134.4,2134.4,2122,2122.05,506
QNIFTY,20210114,1500,1500,1498,1500,10
QUESS,20210114,570,663.7,561,623.55,1537257
QUICKHEAL,20210114,170.5,179.65,170.5,172.9,1643214
RADAAN,20210114,1.2,1.2,1.2,1.2,6933
RADICO,20210114,508.6,519.95,506.3,508.75,406968
RADIOCITY,20210114,23.4,24.1,23,23.1,144964
RAIN,20210114,149,149.75,145,145.5,1022964
RAJESHEXPO,20210114,485.25,488.95,483.05,484.2,220626
RAJRATAN,20210114,445.4,452.5,445,447.9,7358
RAJSREESUG,20210114,17,17.7,16.6,16.8,11108
RAJTV,20210114,37.7,38.3,36.8,37.05,13218
RALLIS,20210114,293.7,296.25,291.35,295.1,242755
RAMANEWS,20210114,14.7,15.15,14.7,15.1,63546
RAMASTEEL,20210114,74.15,81.9,74.1,80.7,322539
RAMCOCEM,20210114,849,854.5,830.7,835.5,490719
RAMCOIND,20210114,237.4,237.4,226.95,233.2,49214
RAMCOSYS,20210114,724.8,733.6,699.25,701.75,159190
RAMKY,20210114,49.2,51,49.2,49.45,14375
RANASUG,20210114,7.1,7.1,6.9,6.95,175367
RANEENGINE,20210114,271.05,277.4,270.1,271.45,4167
RANEHOLDIN,20210114,631.05,647.85,628,636.4,8275
RATNAMANI,20210114,1592,1619.95,1578.65,1598.65,11441
RAYMOND,20210114,345,347.45,342.3,344.35,378486
RBL,20210114,789.45,791.95,785.45,787.95,3047
RBLBANK,20210114,256.3,258.95,253.05,254.2,9763818
RCF,20210114,57,57.55,54.55,54.8,3586723
RCOM,20210114,1.95,2.05,1.95,2,8216822
RECLTD,20210114,143.7,145.6,142,143.55,3551475
REDINGTON,20210114,134.55,142.4,132.6,138.4,1516642
RELAXO,20210114,878.6,892.6,850.25,862.25,244123
RELCAPITAL,20210114,11.3,11.5,11.05,11.2,654392
RELIANCE,20210114,1945,1966.9,1939.05,1960.6,9946818
RELIGARE,20210114,68.35,68.75,66.6,67.3,245099
RELINFRA,20210114,31.6,32.45,31.3,31.45,1427878
REMSONSIND,20210114,123.75,123.8,111.05,116.75,5073
RENUKA,20210114,11.8,11.8,11.3,11.4,3495445
REPCOHOME,20210114,265.5,265.5,255.65,257.75,465940
REPL,20210114,148.05,149.95,140.25,141.25,14736
REPRO,20210114,393.9,393.9,380.55,389.8,4189
RESPONIND,20210114,186.95,190.75,182.25,184.85,80383
REVATHI,20210114,617.95,620,598.4,603,3051
RGL,20210114,305.55,306.85,303,304.8,3632
RHFL,20210114,2.55,2.55,2.4,2.45,395989
RICOAUTO,20210114,38.4,38.95,37.4,38.25,353228
RIIL,20210114,405.4,412.7,400.1,403.85,267639
RITES,20210114,267.6,270,265.1,267.55,352611
RKDL,20210114,9.1,9.55,9,9.05,5144
RKEC,20210114,47,47.9,45.5,47.6,29912
RKFORGE,20210114,594,610,581.4,585.8,44408
RMCL,20210114,3.5,3.5,3.4,3.45,48160
RML,20210114,267.25,273.1,263.1,264.65,13875
RNAVAL,20210114,3.1,3.1,3,3.05,1565526
ROHITFERRO,20210114,1.95,1.95,1.85,1.95,75934
ROHLTD,20210114,75.75,76.95,75,76,57292
ROLLT,20210114,4.45,4.55,4.15,4.4,89550
ROLTA,20210114,6.1,6.1,5.85,5.9,296724
ROML,20210114,78.25,78.25,78.25,78.25,1460
ROSSARI,20210114,880,880,870,871.95,26296
ROSSELLIND,20210114,124.35,125.15,123.05,124.3,5231
ROUTE,20210114,1150,1195,1117,1181.8,452109
RPGLIFE,20210114,370.8,374.8,367,372.1,21497
RPOWER,20210114,3.4,3.45,3.35,3.4,6374174
RPPINFRA,20210114,64.8,64.8,62.55,64.3,19674
RSSOFTWARE,20210114,30.75,32.2,30.75,30.75,125778
RSWM,20210114,165.2,170,165.2,168.95,7438
RSYSTEMS,20210114,120.55,121,118.05,119.65,17908
RTNINFRA,20210114,8.35,8.45,8.05,8.1,995548
RTNPOWER,20210114,3.2,3.35,3.1,3.35,33078258
RUBYMILLS,20210114,204,204,198.3,202.1,5066
RUCHI,20210114,644,660,644,651,11025
RUCHINFRA,20210114,7.6,7.6,7.2,7.45,50552
RUCHIRA,20210114,63.6,64.85,63,63.8,18153
RUPA,20210114,294,298.9,290,290.5,48899
RUSHIL,20210114,179.25,183.4,173.25,174.1,25107
RVHL,20210114,28.2,29.1,27.75,28,86616
RVNL,20210114,33.05,33.6,31,31.25,23848133
S&SPOWER,20210114,11.35,11.35,11.35,11.35,400
SABEVENTS,20210114,1.2,1.2,1.15,1.2,8141
SADBHAV,20210114,63.15,63.5,61.55,61.75,672291
SADBHIN,20210114,21.2,21.2,20.7,20.75,138977
SAFARI,20210114,556.1,562.15,552.3,555.8,5399
SAGARDEEP,20210114,36,36,34.2,35.3,4887
SAGCEM,20210114,732.4,741,718.3,736.05,23686
SAIL,20210114,69,69.65,66.65,67.2,320354600
SAKAR,20210114,117.5,117.9,112.5,113.8,50277
SAKHTISUG,20210114,10.5,10.65,10.2,10.5,63835
SAKSOFT,20210114,374,383.35,373.05,381.2,15496
SAKUMA,20210114,7.2,7.4,6.7,6.85,930389
SALASAR,20210114,279.15,282.1,260,264.65,69402
SALONA,20210114,70.3,75.25,70.3,70.75,339
SALSTEEL,20210114,5.05,5.1,4.75,4.75,136582
SALZERELEC,20210114,125.8,132.4,124.55,131.3,53124
SAMBHAAV,20210114,2.95,2.95,2.95,2.95,26136
SANCO,20210114,16.35,17.05,16.35,16.6,154151
SANDESH,20210114,631.95,648.05,625,634.6,690
SANDHAR,20210114,259,264.5,248,249.15,152380
SANGAMIND,20210114,96.15,96.15,90,90.7,5996
SANGHIIND,20210114,40,41,39,39.95,2254147
SANGHVIFOR,20210114,22.1,22.45,22.1,22.45,505
SANGHVIMOV,20210114,116.15,118.35,114.6,115.15,18543
SANGINITA,20210114,28,28,27.35,27.65,32522
SANOFI,20210114,8343,8493.5,8278.1,8404.5,47009
SARDAEN,20210114,367.8,373.9,366.05,372.1,68346
SAREGAMA,20210114,835.3,838.9,822,827.65,10220
SARLAPOLY,20210114,29.85,30.15,28,29.05,127970
SASKEN,20210114,841.75,857,841.75,849.65,13281
SASTASUNDR,20210114,129.4,131,127.05,127.9,16046
SATIA,20210114,92.3,94,88,90.85,104983
SATIN,20210114,79,81.75,78.45,80.45,167891
SBICARD,20210114,973,973.4,950.15,960.2,599023
SBIETFIT,20210114,273,274.2,265.05,272.13,7672
SBIETFPB,20210114,175.55,180.81,175.55,178.29,269
SBIETFQLTY,20210114,130,132.9,129.86,131.62,1409
SBILIFE,20210114,930.1,931.85,918.5,925.15,719918
SBIN,20210114,306.7,309.25,303.8,307.25,40123498
SCAPDVR,20210114,1.45,1.5,1.35,1.4,141694
SCHAEFFLER,20210114,4533,4533,4450.25,4500.75,4116
SCHAND,20210114,68.7,68.75,66.6,66.95,134160
SCHNEIDER,20210114,93,100.7,91.4,99.2,1816072
SCI,20210114,87.05,87.5,85.25,86.55,1254924
SDBL,20210114,31.8,32.65,31.1,31.8,94914
SEAMECLTD,20210114,461,475.95,461,471.75,111863
SELAN,20210114,136.5,139.85,134.95,137.5,143834
SEPOWER,20210114,5,5,4.6,5,78790
SEQUENT,20210114,186,210,183.85,204.9,5175439
SESHAPAPER,20210114,153.6,153.85,151,152.35,17950
SETCO,20210114,15.75,15.85,15.3,15.45,179822
SETF10GILT,20210114,203.9,203.9,203,203,79
SETFGOLD,20210114,4448,4448,4372,4381.6,31419
SETFNIF50,20210114,151.99,153,150.1,151.42,72177
SETFNIFBK,20210114,325,325.71,323.28,324,21539
SETFNN50,20210114,357.22,357.45,352.02,355.77,13927
SETUINFRA,20210114,1.1,1.2,1.1,1.15,181263
SEYAIND,20210114,66.2,66.35,64,65.15,16533
SFL,20210114,1971,1978.8,1940,1944.55,6837
SGL,20210114,9.65,9.95,8.85,9.25,73097
SHAHALLOYS,20210114,11.7,12,11.25,11.25,12305
SHAKTIPUMP,20210114,373.7,373.7,356,367.85,29197
SHALBY,20210114,116.15,117.95,115.55,117.3,259969
SHALPAINTS,20210114,105.6,109.5,101.65,104.8,870147
SHANKARA,20210114,351.7,353.6,347.5,349.6,28094
SHANTIGEAR,20210114,121,124.95,121,122.5,95733
SHARDACROP,20210114,276.95,284,274.15,277.45,48516
SHARDAMOTR,20210114,1910,1950.9,1910,1930.85,2568
SHAREINDIA,20210114,194.55,199.45,190.1,196.7,37208
SHARIABEES,20210114,384.28,384.28,367.65,372.7,817
SHEMAROO,20210114,75.8,75.8,72.1,73.7,15502
SHIL,20210114,178.95,179.9,171.1,178.45,75011
SHILPAMED,20210114,441.9,442.7,436,436.7,116991
SHIVAMAUTO,20210114,22.6,22.85,21.5,22.5,95601
SHIVAMILLS,20210114,34.5,37.7,34.2,35.5,8777
SHIVATEX,20210114,129.05,136.15,129.05,136.15,19053
SHK,20210114,125.5,128.15,125,126.8,261320
SHOPERSTOP,20210114,214.7,216.95,212,212.55,185203
SHRADHA,20210114,64.45,64.5,62,63.8,3716
SHREDIGCEM,20210114,59.9,60.7,59.15,59.3,354744
SHREECEM,20210114,24802,24913.85,24475,24855.6,34671
SHREEPUSHK,20210114,133.05,133.3,128.3,130.15,74779
SHREERAMA,20210114,8.8,9.6,8.8,9.1,204496
SHRENIK,20210114,4,4.05,3.95,4,1396622
SHREYANIND,20210114,86.55,88.7,85.55,85.95,27930
SHREYAS,20210114,75.5,80.5,75.5,80,99320
SHRIPISTON,20210114,629.95,629.95,601,603,475
SHRIRAMCIT,20210114,1103.3,1125,1084,1099.7,28914
SHRIRAMEPC,20210114,5.15,5.3,4.95,5.1,382854
SHYAMCENT,20210114,6.5,6.5,6.05,6.1,84757
SHYAMTEL,20210114,5.8,6.4,5.8,6.1,14789
SICAGEN,20210114,15.7,16.6,15.2,16.45,15406
SICAL,20210114,18.5,18.5,17.6,18,59009
SIEMENS,20210114,1621,1655.1,1608.5,1651.15,296010
SIGIND,20210114,32.9,32.9,30.65,30.9,42805
SIL,20210114,11.95,12.15,11.25,12.15,58629
SILINV,20210114,216.85,216.9,211.4,215.35,5210
SILLYMONKS,20210114,27.55,27.55,26.2,27.55,347
SIMBHALS,20210114,8.05,8.1,7.75,8,4266
SIMPLEXINF,20210114,39.65,40.1,38.5,39.05,105358
SINTERCOM,20210114,86.8,86.8,78.2,81.1,8852
SINTEX,20210114,5.25,5.3,4.9,5.2,2981957
SIRCA,20210114,349.4,349.4,339.35,346.55,50322
SIS,20210114,414.3,414.3,408.8,410.3,103004
SITINET,20210114,1.35,1.35,1.35,1.35,605367
SIYSIL,20210114,202.8,202.85,198,198.85,40444
SJVN,20210114,26.65,26.8,26.4,26.6,1385515
SKFINDIA,20210114,1860,1868.95,1813.5,1834.25,24307
SKIL,20210114,3.8,3.8,3.55,3.7,130859
SKIPPER,20210114,65.85,71.5,65,69.05,192262
SKMEGGPROD,20210114,57.15,58.45,55.5,57.8,125936
SMARTLINK,20210114,88.9,88.9,88,88.2,6738
SMLISUZU,20210114,489.95,498.75,482.5,487.1,28489
SMSLIFE,20210114,589.95,616,582.05,606.35,5523
SMSPHARMA,20210114,118,121.9,117.55,120.25,137546
SNOWMAN,20210114,60.6,60.6,59,59.55,1635703
SOBHA,20210114,485.65,490.7,481,485.1,169851
SOLARA,20210114,1210,1260,1210,1245.6,103306
SOLARINDS,20210114,1185.05,1193,1164.5,1181.2,15463
SOMANYCERA,20210114,351,354.95,345.05,346.2,61646
SOMATEX,20210114,3.5,3.5,3.5,3.5,54530
SOMICONVEY,20210114,39,39,34,35.5,47923
SONATSOFTW,20210114,417,418,407,408.1,181701
SORILINFRA,20210114,139.65,139.65,135,135.8,46040
SOTL,20210114,703,714.05,703,709.8,7867
SOUTHBANK,20210114,9.5,9.6,9.3,9.5,14990726
SOUTHWEST,20210114,44.55,45.75,43,44.85,64012
SPAL,20210114,167.45,171.2,165.65,168.95,29475
SPANDANA,20210114,762.05,830,762,793.55,296979
SPARC,20210114,194.1,198,191,196.55,1060738
SPECIALITY,20210114,46.7,46.7,45.45,46.15,27997
SPENCERS,20210114,84,85.2,83.2,83.8,250465
SPIC,20210114,28.1,28.45,26.7,27.1,638819
SPICEJET,20210114,92.65,92.95,91,91.25,2440027
SPLIL,20210114,49.5,51.25,48,48.75,277368
SPMLINFRA,20210114,15.85,17.05,15.8,16.8,40139
SPTL,20210114,3.75,3.8,3.5,3.5,1377781
SREEL,20210114,147.35,147.45,145.55,146.2,10953
SREINFRA,20210114,8.35,8.45,8.05,8.1,1302709
SRF,20210114,6034,6035,5893.05,5979.55,108940
SRHHYPOLTD,20210114,247.45,250.45,243.3,244.55,12135
SRIPIPES,20210114,157.95,158.8,155.95,158.05,156076
SRPL,20210114,32.95,33,32.2,32.85,763
SRTRANSFIN,20210114,1219.9,1244,1184.2,1218.45,4239655
SSWL,20210114,653.7,665.1,651.25,658.2,69142
STAR,20210114,929.4,942,909,922.25,571022
STARCEMENT,20210114,104.05,104.7,101.55,102.85,316597
STARPAPER,20210114,116,117.05,115,115.4,70555
STCINDIA,20210114,78.9,79.9,78,78.25,24005
STEELCITY,20210114,36.3,42.9,36.3,40.55,304956
STEELXIND,20210114,50.15,52,49.1,50,73100
STEL,20210114,81,82.85,77,77.45,74849
STERTOOLS,20210114,213.7,217,210.6,212.35,14998
STLTECH,20210114,189.1,189.5,183.5,187.35,689161
SUBCAPCITY,20210114,20.9,21.65,19.95,21.65,2051
SUBEXLTD,20210114,27.2,28.65,26.5,28,5075841
SUBROS,20210114,343.3,343.3,331.7,336.15,33391
SUDARSCHEM,20210114,501,508.05,496,500.8,104520
SUJANAUNI,20210114,0.45,0.45,0.4,0.45,590385
SUMICHEM,20210114,313,323.9,308.55,321.05,448352
SUMIT,20210114,9.65,10.2,9.6,9.95,7230
SUMMITSEC,20210114,539.85,543,535.5,538.6,2713
SUNCLAYLTD,20210114,2654.35,2673.95,2650,2666.8,1861
SUNDARAM,20210114,1.8,1.8,1.7,1.7,489981
SUNDARMFIN,20210114,1826.1,1868.05,1821.3,1839.95,27938
SUNDARMHLD,20210114,75.5,79.05,75.5,77.45,239545
SUNDRMBRAK,20210114,324.7,332.55,315,316.55,4563
SUNDRMFAST,20210114,549,556.3,538.65,550,122449
SUNFLAG,20210114,65.9,65.9,62.8,63.5,536431
SUNPHARMA,20210114,602.3,611.65,596.4,607.05,6730284
SUNTECK,20210114,385,394,378,383.25,367517
SUNTV,20210114,540.45,550.65,528.5,532.3,4975405
SUPERHOUSE,20210114,131,131.05,127.8,128.5,22303
SUPERSPIN,20210114,5.3,5.4,5.15,5.35,57474
SUPPETRO,20210114,382.8,385.55,373.45,382.85,41691
SUPRAJIT,20210114,220.55,220.55,214.4,215.45,74159
SUPREMEENG,20210114,34.2,34.2,31.3,31.3,357487
SUPREMEIND,20210114,1756.9,1779.35,1720,1738.9,71653
SURANASOL,20210114,11.4,11.95,10.85,11.75,115145
SURANAT&P,20210114,5.9,5.95,5.75,5.95,149123
SURYALAXMI,20210114,32,33.4,32,32.1,6871
SURYAROSNI,20210114,347.45,347.45,336.2,340.85,31342
SUTLEJTEX,20210114,48.5,48.55,46.6,47.6,61327
SUULD,20210114,141.05,143.9,140.55,142.9,14876
SUVEN,20210114,82.1,85.9,80.25,85.9,1043256
SUVENPHAR,20210114,446,514,438.2,503.05,3170261
SUZLON,20210114,6.35,6.35,6.35,6.35,4886505
SWANENERGY,20210114,130.2,131.5,129.25,129.95,74318
SWARAJENG,20210114,1397.3,1404.3,1376,1378.65,22584
SWELECTES,20210114,200.3,202.3,193,198.7,15190
SWSOLAR,20210114,269.8,274,266.65,270.55,272918
SYMPHONY,20210114,1051.7,1075,1035,1043.05,33387
SYNGENE,20210114,620,620,607,614.25,238763
TAINWALCHM,20210114,73.9,88.55,73.8,85.45,221014
TAJGVK,20210114,141.35,141.35,139,139.5,73902
TAKE,20210114,63.9,64.7,61.8,63.8,2365046
TALBROAUTO,20210114,184.7,189,173.4,181,56262
TANLA,20210114,750,758.9,724,725.85,106640
TARC,20210114,25,27.5,24.5,26.65,704592
TARMAT,20210114,60.5,61.8,52.3,53.5,307994
TASTYBITE,20210114,12140,12176.05,11950,12077.5,3213
TATACHEM,20210114,548,554,534.1,535.95,5733798
TATACOFFEE,20210114,116.85,116.85,114.25,115.05,1576342
TATACOMM,20210114,1084.5,1105,1055,1088.55,277680
TATACONSUM,20210114,622.9,623,608.65,614,3576000
TATAELXSI,20210114,2398.95,2575,2272.2,2490.15,7133891
TATAINVEST,20210114,1094.95,1097.25,1067,1084.6,66935
TATAMETALI,20210114,684,732,668.8,719.4,753971
TATAMOTORS,20210114,242.85,249.8,238.6,245.1,86819519
TATAMTRDVR,20210114,96.4,99.2,94.2,97.6,11195803
TATAPOWER,20210114,86.1,87.15,84.9,85.95,20620191
TATASTEEL,20210114,710,714.45,697.1,706.35,11540858
TATASTLBSL,20210114,44.5,44.8,43.75,44.2,4408368
TATASTLLP,20210114,693,729,682,719.1,685306
TBZ,20210114,81.5,83.5,79.1,79.95,598042
TCI,20210114,250,250,247.25,248.25,22691
TCIDEVELOP,20210114,315.95,335.25,310,318.65,425
TCIEXP,20210114,961.6,991.2,959.05,970.35,12313
TCIFINANCE,20210114,4.8,5.1,4.75,5.05,16001
TCNSBRANDS,20210114,439.4,439.5,433,434.4,10532
TCPLPACK,20210114,374.55,374.55,360.25,363.6,4680
TCS,20210114,3155,3266.5,3120.4,3250.7,6931542
TDPOWERSYS,20210114,141,145.25,140.2,141.6,45692
TEAMLEASE,20210114,2825,2850,2717.05,2769.45,15414
TECHIN,20210114,2.95,3.05,2.95,3,2206
TECHM,20210114,1064,1064,1030,1052.6,4765344
TECHNOE,20210114,265.15,269.4,253.4,256.4,836109
TEJASNET,20210114,130.4,136.8,129,135.85,605020
TERASOFT,20210114,59.9,59.9,55.15,55.6,106511
TEXINFRA,20210114,54.05,56.5,54.05,55.4,85839
TEXMOPIPES,20210114,24.3,24.5,23.4,23.6,77151
TEXRAIL,20210114,35.75,35.8,34.6,34.75,1265145
TFCILTD,20210114,54.65,55.45,53.7,53.9,203748
TFL,20210114,2.95,2.95,2.95,2.95,265
TGBHOTELS,20210114,5.95,6,5.75,6,8363
THANGAMAYL,20210114,649,649,630,632.8,53728
THEMISMED,20210114,342.05,349.5,340,344.8,6819
THERMAX,20210114,999.95,1030,991,1016.85,67417
THOMASCOOK,20210114,46.15,47,45.75,45.95,493152
THOMASCOTT,20210114,9,9,8.85,8.85,1009
THYROCARE,20210114,974.5,980,965,968.6,26058
TI,20210114,29.5,29.5,28.2,28.25,176588
TIDEWATER,20210114,4503.7,4540,4462,4480.85,1838
TIIL,20210114,342.6,357.95,340.05,354.1,13546
TIINDIA,20210114,837.1,838.5,828,833.7,25049
TIJARIA,20210114,8.8,9.05,8.8,9.05,10666
TIL,20210114,171.3,175.9,170,174.9,4321
TIMESGTY,20210114,25.35,27,25.35,25.7,7086
TIMETECHNO,20210114,54.1,56,53.5,54.5,331682
TIMKEN,20210114,1264.8,1264.8,1230,1236.2,21358
TINPLATE,20210114,181.25,183.3,177.7,180.7,668344
TIPSINDLTD,20210114,360,386,360,376.15,52433
TIRUMALCHM,20210114,99.8,100.95,98.45,98.85,431818
TITAN,20210114,1508,1517.85,1480.05,1489.95,2814477
TMRVL,20210114,12.3,12.3,11.7,11.8,57574
TNPETRO,20210114,44.5,45.65,43.9,44,479484
TNPL,20210114,129.7,131.95,128.7,129,141383
TNTELE,20210114,3,3,3,3,600
TOKYOPLAST,20210114,72.55,84,72,81.95,255675
TORNTPHARM,20210114,2780,2800,2754.05,2785.55,370142
TORNTPOWER,20210114,331.1,335.35,327.7,333,976978
TOTAL,20210114,71.5,72.05,69.3,72.05,62941
TOUCHWOOD,20210114,94,94,89.85,89.85,2418
TPLPLASTEH,20210114,173,175.95,171,171.2,2888
TREEHOUSE,20210114,6.95,7.15,6.75,7.15,71324
TREJHARA,20210114,34.9,36.5,34.05,36.5,34969
TRENT,20210114,676.85,677,649,654.6,543503
TRF,20210114,103.9,103.9,100.1,102.35,5928
TRIDENT,20210114,14.6,14.65,14.3,14.35,22772377
TRIGYN,20210114,82.55,84,79.15,80.4,105011
TRIL,20210114,19.1,19.95,19.05,19.3,93788
TRITURBINE,20210114,93.75,96.35,93.75,94.45,285604
TRIVENI,20210114,73.45,75.3,72.9,75,741966
TTKHLTCARE,20210114,579.8,584,561.55,578.65,1856
TTKPRESTIG,20210114,6180,6325,6150,6262.6,11077
TTL,20210114,51.2,51.3,49.45,50.9,5898
TTML,20210114,10.75,10.75,9.8,10.75,5912960
TV18BRDCST,20210114,32,32.7,31.5,32,6628571
TVSELECT,20210114,125.3,129.25,125.3,127.5,16547
TVSMOTOR,20210114,515,519.35,504,513,1989436
TVSSRICHAK,20210114,1900,1941.65,1894.05,1908.1,10350
TVTODAY,20210114,247.1,264.85,244,254.55,484632
TVVISION,20210114,2.3,2.3,2.15,2.15,7200
TWL,20210114,58.9,60.75,58,59.7,803321
UBL,20210114,1308,1308.75,1262,1280.8,955090
UCALFUEL,20210114,128.8,130.3,127.55,128.25,20524
UCOBANK,20210114,13.25,13.35,13.05,13.15,2285484
UFLEX,20210114,379.9,379.9,373,376.15,38907
UFO,20210114,91.5,92.7,90.4,90.6,192203
UGARSUGAR,20210114,17.5,17.6,17.2,17.3,117857
UJAAS,20210114,3.5,3.5,3.5,3.5,1083555
UJJIVAN,20210114,291.85,297.75,290.05,295,612451
UJJIVANSFB,20210114,41.7,42.65,41.4,41.6,1552202
ULTRACEMCO,20210114,5645,5674,5560,5582.35,464204
UMANGDAIRY,20210114,65,68.7,63.35,65.95,68288
UMESLTD,20210114,4.05,4.05,3.75,4.05,74426
UNICHEMLAB,20210114,276.4,287,275,284.1,223946
UNIDT,20210114,316,325.5,310,311.7,13402
UNIENTER,20210114,69.45,73.9,69.35,72.4,55825
UNIONBANK,20210114,33,33.75,32.95,33.2,10758845
UNITEDTEA,20210114,315.1,319.95,315.1,318.7,2759
UNIVASTU,20210114,36,36.4,34.55,35.55,4038
UNIVCABLES,20210114,149.05,149.8,141.6,143.2,71709
UNIVPHOTO,20210114,221.5,221.5,206.15,210,9163
UPL,20210114,494.1,515,493,509.4,15231242
URJA,20210114,9,9.1,8.7,8.7,3799876
USHAMART,20210114,33,34,32.8,33.4,842353
UTIAMC,20210114,551.75,559.7,549.5,555.55,148407
UTIBANKETF,20210114,329.68,329.68,325.01,325.93,159
UTINEXT50,20210114,355,358,347.95,356.42,303
UTINIFTETF,20210114,1559.1,1559.1,1542.51,1556.49,389
UTISENSETF,20210114,528.86,530.3,526.67,529.91,484
UTISXN50,20210114,392.2,395.95,387.5,389.92,166
UTTAMSTL,20210114,8.55,8.9,8.55,8.55,232820
UTTAMSUGAR,20210114,103.1,104.65,102.05,102.6,38131
V2RETAIL,20210114,114.35,114.35,110,114.35,107814
VADILALIND,20210114,800.2,812,793.95,807.25,3188
VAIBHAVGBL,20210114,2606,2649,2579,2605.1,14058
VAISHALI,20210114,47.55,52.55,47.55,52.2,187064
VAKRANGEE,20210114,66.45,66.45,62.3,64.8,5932135
VALIANTORG,20210114,1420,1545,1401,1501.15,102908
VARDHACRLC,20210114,41.8,41.8,39.75,40.2,49169
VARDMNPOLY,20210114,14.9,15.7,14.8,15.55,52079
VARROC,20210114,413.65,418.95,402.9,415.15,188410
VASCONEQ,20210114,14,14.5,14,14.2,137519
VASWANI,20210114,6.7,7,6.7,6.85,10812
VBL,20210114,933,933,907,911,437195
VEDL,20210114,178.9,180.5,175.65,176.4,13052552
VENKEYS,20210114,1552,1579,1538,1551.7,112974
VENUSREM,20210114,163,167,157,163.95,35898
VERTOZ,20210114,226.95,229.9,223,227,33757
VESUVIUS,20210114,1143.7,1143.7,1119,1123.5,6047
VETO,20210114,94,94,90,92.65,32353
VGUARD,20210114,213.2,223.2,213.05,215.75,1073619
VHL,20210114,1450,1484.5,1437,1466.8,400
VICEROY,20210114,3.3,3.35,3.15,3.2,39200
VIDHIING,20210114,125.5,126,122.55,123.35,19747
VIJIFIN,20210114,0.75,0.85,0.75,0.8,197117
VIKASECO,20210114,3.95,4.05,3.8,4.05,11367546
VIKASMCORP,20210114,5.05,5.1,5,5,6750418
VIKASPROP,20210114,3.15,3.25,3.05,3.2,3954682
VIKASWSP,20210114,4.65,4.85,4.65,4.8,297714
VIMTALABS,20210114,166.95,177,163.7,174.75,62443
VINATIORGA,20210114,1280,1324,1240,1307.75,130041
VINDHYATEL,20210114,858.8,858.8,825.5,829.4,7253
VINYLINDIA,20210114,123,123.25,120.6,120.95,53721
VIPCLOTHNG,20210114,17.05,17.15,15.75,15.75,153457
VIPIND,20210114,360,364.4,357,357.45,243562
VIPULLTD,20210114,22.35,22.75,21.8,21.85,7612
VISAKAIND,20210114,394.8,394.8,388.1,391.55,15509
VISASTEEL,20210114,7.65,7.65,7.3,7.3,13084
VISHAL,20210114,48.55,48.55,48.55,48.55,8377
VISHNU,20210114,192.05,194.1,185.05,186.75,12825
VISHWARAJ,20210114,121.05,124.95,121.05,121.8,22342
VIVIDHA,20210114,1.7,1.7,1.65,1.7,2324569
VIVIMEDLAB,20210114,18.1,18.1,17.85,17.95,102690
VLSFINANCE,20210114,78,80.9,77.1,79.4,53538
VMART,20210114,2441.75,2464,2367,2418.75,15895
VOLTAMP,20210114,1225.8,1250,1213,1224.3,8971
VOLTAS,20210114,900,926.9,897,912.2,2750870
VRLLOG,20210114,198.1,199.8,193.45,194.9,305395
VSSL,20210114,129.5,132.7,126.8,129.55,18016
VSTIND,20210114,3685,3698.95,3640,3644.35,4772
VSTTILLERS,20210114,1917.4,1934.45,1910.1,1921.25,6176
VTL,20210114,1070,1072,1052.5,1062,15234
WABAG,20210114,219.9,223.65,216.3,217.9,364708
WABCOINDIA,20210114,5629.9,5677.85,5625.1,5651.4,2221
WALCHANNAG,20210114,70,71,68.6,68.95,297562
WATERBASE,20210114,124.95,125,121.4,122.4,152148
WEBELSOLAR,20210114,50,51,46.2,46.2,1232583
WEIZMANIND,20210114,43.4,45.05,43.4,44.8,17347
WELCORP,20210114,141,141.9,137.5,138.5,722402
WELENT,20210114,83,83.75,81.65,82.7,107759
WELINV,20210114,365.25,365.25,356.55,361.45,2847
WELSPUNIND,20210114,69.1,70.4,68.5,68.75,349346
WENDT,20210114,3390.2,3435.35,3317,3365.95,2580
WESTLIFE,20210114,470,480.8,468,470.2,180332
WHEELS,20210114,502.05,506.7,499,501,9764
WHIRLPOOL,20210114,2491.6,2504,2420,2435.4,48810
WILLAMAGOR,20210114,24,26.4,24,26.3,110634
WINDMACHIN,20210114,17.3,17.65,17.2,17.6,2984
WIPL,20210114,49.2,51.5,49.2,51.4,402
WIPRO,20210114,452,466,430,454.35,71551807
WOCKPHARMA,20210114,495.6,538.5,485.5,531.3,2507177
WONDERLA,20210114,207.75,208.5,206.05,207.25,27121
WORTH,20210114,61.7,69.25,60.2,62.15,487860
WSI,20210114,3.8,4,3.75,3.95,5203
WSTCSTPAPR,20210114,185,192,184.95,190.45,178699
XCHANGING,20210114,86.2,86.8,84.85,86.15,155248
XELPMOC,20210114,321.95,322,308,311.95,23489
XPROINDIA,20210114,38.4,38.4,36.05,37.2,3173
YAARII,20210114,115.7,115.7,108.55,108.55,395414
YESBANK,20210114,17.85,18.1,17.6,17.85,141291865
ZEEL,20210114,229,231.45,226.2,229.35,9349315
ZEELEARN,20210114,13.65,14,13.55,13.75,443105
ZEEMEDIA,20210114,5.7,5.7,5.55,5.6,1192156
ZENITHEXPO,20210114,75.6,79,73.1,78,2690
ZENITHSTL,20210114,1.1,1.1,1.1,1.1,245622
ZENSARTECH,20210114,236,241,234.45,238.9,133769
ZENTEC,20210114,98.9,99.4,96,96.45,425412
ZODIACLOTH,20210114,107.95,114,107.95,111.6,197649
ZODJRDMKJ,20210114,28.85,31.2,28.6,29.15,3585
ZOTA,20210114,164.85,168,161.25,164.55,10469
ZUARI,20210114,105.9,107,103.55,104.35,95497
ZUARIGLOB,20210114,109.3,112,107.1,107.1,103768
ZYDUSWELL,20210114,2020.4,2037.6,2002,2023.4,21569
NSENIFTY,20210114,14550.05,14617.80,14471.50,14595.60,620194977,0
NIFTYJUNIOR,20210114,34264.55,34357.05,34018.00,34318.45,381119232,0
NIFTYMIDCAPLIQ15,20210114,5618.10,5641.55,5571.10,5623.90,96799776,0
NSE100,20210114,14688.20,14750.00,14608.10,14731.15,1001314209,0
NIFTY200,20210114,7557.35,7584.05,7516.10,7575.65,2059644335,0
NSE500,20210114,12043.40,12081.55,11976.15,12069.50,2480285265,0
NSEMIDCAP150,20210114,8349.35,8371.60,8289.80,8335.15,1086788562,0
MIDCAP50,20210114,6398.80,6424.55,6345.75,6390.90,866593913,0
NSEMIDCAP,20210114,22198.00,22271.55,22041.10,22169.40,1058330126,0
NSESMLCAP100,20210114,7466.60,7495.10,7398.50,7481.30,-,0
NIFTYLARGEMIDCAP250,20210114,-,-,-,7616.30,2088102771,0
NIFTYAUTO,20210114,10237.30,10285.25,10148.95,10238.30,143816688,0
BANKNIFTY,20210114,32526.70,32718.95,32442.35,32519.75,418770741,0
NIFTYFINSERVICE,20210114,15615.35,15692.70,15567.60,15608.95,113974944,0
NIFTYFMGC,20210114,34669.10,34942.20,34616.00,34885.70,73574701,0
NSEIT,20210114,26804.65,27176.50,26245.10,26965.55,128928435,0
NIFTYMEDIA,20210114,1767.30,1778.65,1748.40,1754.95,32851330,0
NIFTYMETAL,20210114,3521.05,3533.95,3471.10,3487.40,396217522,0
NIFTYPHARMA,20210114,13140.40,13278.60,13020.30,13232.55,27373208,0
NIFTYPVTBANK,20210114,17782.25,17912.65,17742.45,17782.10,124315566,0
NIFTYPSUBANK,20210114,1969.90,2002.45,1958.55,1978.10,398839888,0
NIFTYREALTY,20210114,338.30,341.60,334.75,337.40,25876458,0
NIFTYCOMMODITIES,20210114,4013.35,4024.55,3979.35,4014.80,224903475,0
NIFTYCONSUMPTION,20210114,6142.85,6159.90,6106.50,6136.80,121213841,0
NIFTYCPSE,20210114,1782.25,1787.30,1763.20,1772.75,135797188,0
NIFTYENERGY,20210114,17531.70,17694.95,17463.00,17669.40,176598377,0
NIFTY100ESG,20210114,-,-,-,2904.63,631445080,0
NIFTY100ENHESG,20210114,-,-,-,2928.83,590859461,0
NIFTYINFRA,20210114,3911.75,3928.40,3888.00,3922.60,276152471,0
NIFTYMNC,20210114,16368.05,16413.90,16287.30,16388.50,213364779,0
NIFTYPSE,20210114,3043.95,3057.95,3024.40,3050.70,588129474,0
NIFTYSMEEMERGE,20210114,-,-,-,1742.71,705100,0
NIFTYSERVSECTOR,20210114,20628.25,20741.25,20479.40,20675.70,371237802,0
NIFTYSHARIAH25,20210114,-,-,-,5539.83,135618907,0
NIFTY50SHARIAH,20210114,-,-,-,3612.32,154983876,0
NIFTY500SHARIAH,20210114,-,-,-,4222.93,421276938,0
NIFTYABGROUP,20210114,-,-,-,3891.13,181862302,0
NIFTYMAHINDRA,20210114,-,-,-,13451.00,22386892,0
NIFTYTATA,20210114,-,-,-,10288.63,175827160,0
NIFTYTATA25CAP,20210114,-,-,-,7050.21,142777371,0
NIFTYABGROUP,20210114,-,-,-,3891.13,181862302,0
NIFTYLIQ15,20210114,3517.55,3528.35,3500.90,3515.85,187246344,0
NIFTY500VALUE50,20210114,-,-,-,4330.50,1074156058,0
NIFTYQUALLOWVOL30,20210114,-,-,-,10875.16,229806855,0
NIFTYALPHAQUALLOWVOL30,20210114,-,-,-,12539.06,232143625,0
NIFTYALPHAQUALVALLOWVOL30,20210114,-,-,-,9448.69,243080193,0
NIFTY50EQUALWEIGHT,20210114,15537.00,15573.25,15420.10,15552.60,620194977,0
NIFTY100EQUALWEIGHT,20210114,16535.30,16567.45,16413.85,16548.60,1001314209,0
NIFTY100LOWVOL30,20210114,11410.00,11446.30,11327.95,11427.60,308149486,0
NSEDEFTY,20210114,-,-,-,6923.71,-,0
NIFTY50DIVPOINT,20210114,83.98,83.98,83.98,83.98,-,0
NIFTYDIVOPPS50,20210114,3042.50,3061.65,3023.55,3058.65,477259880,0
NIFTYALPHA50,20210114,20471.25,20537.30,20249.95,20502.30,231463602,0
NIFTY50ARBITRAGE,20210114,-,-,-,1924.85,-,0
NIFTY50FUTINDEX,20210114,-,-,-,4849.61,-,0
NIFTY50FUTTRINDEX,20210114,-,-,-,15230.30,-,0
NIFTYHIGHBETA50,20210114,-,-,-,1654.42,1084431824,0
NIFTYLOWVOL50,20210114,-,-,-,13718.04,310738320,0
NIFTY50VALUE20,20210114,7303.60,7384.20,7242.80,7358.05,332988356,0
NIFTYGROWSECT15,20210114,7134.20,7166.05,7122.40,7151.05,101298907,0
NIFTY50TR2XLEV,20210114,8718.55,8799.10,8625.45,8773.15,-,0
NIFTY50PR2XLEV,20210114,6561.15,6621.80,6491.05,6602.25,-,0
NIFTY50TR1XINV,20210114,262.40,263.80,261.20,261.60,-,0
NIFTY50PR1XINV,20210114,302.35,303.95,300.95,301.40,-,0
NIFTY-GS-COMPSITE,20210114,2295.09,2297.34,2294.57,2296.51,-,0
NIFTY-GS-4-8YR,20210114,2397.12,2399.37,2396.36,2397.74,-,0
NIFTY-GS-8-13YR,20210114,2252.72,2255.46,2252.62,2254.64,-,0
NIFTY-GS-10YR,20210114,2028.23,2031.41,2028.23,2030.75,-,0
NIFTY-GS-10YR-CLN,20210114,963.51,965.03,963.51,964.71,-,0
NIFTY-GS-11-15YR,20210114,2434.03,2437.78,2433.04,2436.83,-,0
NIFTY-GS-15YRPLUS,20210114,2697.89,2697.95,2697.89,2698.33,-,0
VIX,20210114,23.29,23.70,22.81,23.03,0,0
