20MICRONS,20210416,36.5,36.7,35.9,36.05,28824
21STCENMGM,20210416,12.3,12.3,12.25,12.25,402
3IINFOTECH,20210416,7,7.2,6.9,7.05,7834657
3MINDIA,20210416,25762.25,27201,25653,27032.25,7549
3PLAND,20210416,9.8,9.95,9.05,9.85,18492
5PAISA,20210416,405,417,360,367.8,826346
63MOONS,20210416,97.25,112.5,90.85,101.6,3113908
A2ZINFRA,20210416,3.7,3.85,3.7,3.75,662288
AAKASH,20210416,134.4,134.4,132,133.6,16391
AARON,20210416,55.25,56.95,54.6,55.6,517
AARTIDRUGS,20210416,704.15,713.9,699.05,701.85,282059
AARTIIND,20210416,1364.95,1455.95,1364.15,1425.25,556562
AARTISURF,20210416,1675,1730,1550,1586.2,72484
AARVEEDEN,20210416,22.65,23.55,21.15,22.2,46936
AARVI,20210416,43.3,51.75,43.25,51.75,46907
AAVAS,20210416,2358,2358,2294,2316.05,23314
ABAN,20210416,30.1,30.65,29.65,29.9,53251
ABB,20210416,1351.9,1374.95,1345.3,1371.35,142921
ABBOTINDIA,20210416,15004,15029.75,14821.25,14964.85,21109
ABCAPITAL,20210416,119.05,121.95,117.6,120.1,3856253
ABFRL,20210416,171.9,177.5,171.5,173.75,1365859
ABMINTLTD,20210416,48.5,51.1,46.3,50.35,1612
ABSLBANETF,20210416,319,321.27,316.12,319.53,58
ABSLNN50ET,20210416,348,351.75,348,349.4,80
ACC,20210416,1842.1,1902.35,1840.2,1881.75,1061445
ACCELYA,20210416,866,874.65,861.2,863.05,1855
ACCURACY,20210416,58.75,63,56.2,59.05,36638
ACE,20210416,153.55,156,149.1,153.05,181177
ACRYSIL,20210416,326.1,336.8,326.1,333.6,46576
ADANIENT,20210416,1130,1192,1112,1159,10661068
ADANIGREEN,20210416,1122.7,1148,1099,1108.6,494736
ADANIPORTS,20210416,750.9,794.85,743,755.5,41791181
ADANIPOWER,20210416,91.7,94.6,90.8,91.75,16439433
ADANITRANS,20210416,960,991.35,954.5,991.35,1065010
ADFFOODS,20210416,915,945,891.55,911,24506
ADHUNIKIND,20210416,23.5,23.65,22,22.5,37248
ADL,20210416,29.25,31.1,29.25,30.95,6778
ADORWELD,20210416,324.75,365,311.4,347.4,173088
ADROITINFO,20210416,8.05,8.1,8.05,8.1,400
ADSL,20210416,50,50.4,47,47.8,128987
ADVANIHOTR,20210416,52,54,52,52.7,5016
ADVENZYMES,20210416,356.9,366,355.1,357.1,125519
AEGISCHEM,20210416,287.95,295,286.75,293.2,158672
AFFLE,20210416,5401,5498,5388.55,5404.3,21986
AGARIND,20210416,156.1,161,155.3,155.35,7655
AGCNET,20210416,1538,1542,1426.05,1459.35,9980
AGRITECH,20210416,41.45,41.45,39.5,39.75,35004
AGROPHOS,20210416,11.85,11.85,10.9,11.2,28144
AHLADA,20210416,105.4,105.95,95.75,100.65,8999
AHLEAST,20210416,158.1,159.15,156.1,156.35,598
AHLUCONT,20210416,292.7,294.9,286.6,291.75,113104
AHLWEST,20210416,209.45,213.55,205.25,207.85,1948
AIAENG,20210416,1850,1922.95,1846.8,1901.1,29968
AIRAN,20210416,16.8,16.8,16.05,16.25,27632
AJANTPHARM,20210416,1710,1741.6,1701.05,1730.9,100525
AJMERA,20210416,109.75,112.35,108.3,110.1,35412
AKASH,20210416,214,215,200,204.65,45757
AKG,20210416,39.95,39.95,39.95,39.95,4411
AKSHARCHEM,20210416,244,244,236,236.9,6202
AKSHOPTFBR,20210416,6.25,6.35,6.2,6.25,136421
AKZOINDIA,20210416,2261.05,2302,2261.05,2267.6,6210
ALANKIT,20210416,15.95,16,15.6,15.7,31199
ALBERTDAVD,20210416,412.95,418.7,410,413.85,20030
ALEMBICLTD,20210416,103.1,107.45,102.65,103.6,667292
ALICON,20210416,425.5,440,425.35,427.95,3932
ALKALI,20210416,53.7,54.3,52.8,53.3,20450
ALKEM,20210416,2750,2815,2738.95,2790.8,159177
ALKYLAMINE,20210416,5930,6040,5820,5849.55,24631
ALLCARGO,20210416,123,124.1,123,123.35,40713
ALLSEC,20210416,318.3,329.1,318.1,322.5,12582
ALMONDZ,20210416,26.95,27.7,26,26.55,2014
ALOKINDS,20210416,21.3,21.85,20.95,21.2,10859769
ALPA,20210416,50.35,52,48.55,49.45,100342
ALPHAGEO,20210416,184.5,188.5,184.5,185.9,9310
ALPSINDUS,20210416,1.65,1.65,1.6,1.6,13305
AMARAJABAT,20210416,801.9,818.1,796.5,809.35,936286
AMBER,20210416,3100,3179.9,3074.25,3147.95,55210
AMBIKCO,20210416,915.25,928.7,885.8,888.45,13839
AMBUJACEM,20210416,296.95,305.45,295.4,300.7,5575878
AMDIND,20210416,17.2,18.2,17.15,17.7,5670
AMJLAND,20210416,23.5,24.15,22.65,22.95,6108
AMRUTANJAN,20210416,612,632.5,605.55,611.65,211298
ANANTRAJ,20210416,51,51.25,50.05,50.45,196624
ANDHRACEMT,20210416,5.7,5.7,5.4,5.45,305422
ANDHRAPAP,20210416,217.3,217.9,209,210.95,151068
ANDHRSUGAR,20210416,330,357.65,320.85,342.65,972882
ANGELBRKG,20210416,301,340,301,323.05,1139518
ANIKINDS,20210416,14.1,14.35,13.95,14,10517
ANKITMETAL,20210416,0.95,1,0.95,0.95,20661
ANSALAPI,20210416,6.3,6.4,6.15,6.35,27269
ANSALHSG,20210416,4.9,5.05,4.7,4.75,143992
ANUP,20210416,566.25,598.85,564.65,580.45,21368
ANURAS,20210416,594,607,573.35,579.95,465893
APARINDS,20210416,458.15,469,451.45,453.65,57522
APCL,20210416,207.45,211,206,209.95,14258
APCOTEXIND,20210416,180.45,183.9,178.85,180.4,57071
APEX,20210416,208,218.75,206.65,214.45,135254
APLAPOLLO,20210416,1234.95,1264,1220.85,1258.4,421839
APLLTD,20210416,972,1019.7,965.7,1001.2,417757
APOLLO,20210416,91.9,92,90.1,90.7,25511
APOLLOHOSP,20210416,2999.75,3073,2994,3061,622872
APOLLOPIPE,20210416,1029,1034.1,990.05,1006.3,20932
APOLLOTYRE,20210416,209.2,210.9,205.6,208.75,6651237
APOLSINHOT,20210416,567.65,577.7,554.85,561.6,952
APTECHT,20210416,200,204.5,196.5,197.7,113154
ARCHIDPLY,20210416,31,31,29.1,30,9843
ARCHIES,20210416,10.85,11.2,10.65,10.75,45497
ARENTERP,20210416,11.35,11.9,11.3,11.3,893
ARIES,20210416,83.9,84.25,82.2,83.7,15008
ARIHANT,20210416,18.65,19.3,17.9,18.15,5607
ARIHANTSUP,20210416,55,57.5,49.45,53.35,289627
ARMANFIN,20210416,593.05,598,582.55,587.05,7502
AROGRANITE,20210416,39.55,39.55,39,39.2,9108
ARROWGREEN,20210416,65,71.05,65,71,7560
ARSHIYA,20210416,29.6,29.65,27.8,28,15840
ARSSINFRA,20210416,24.25,27.75,23.35,25.9,196534
ARTEMISMED,20210416,201,201,191.25,192.95,7102
ARVEE,20210416,90,90,90,90,600
ARVIND,20210416,62.85,64.25,62.1,62.55,559678
ARVINDFASN,20210416,132.95,134.5,130.5,131.25,76125
ARVSMART,20210416,97.65,98.45,94.55,95.8,60211
ASAHIINDIA,20210416,319.5,329,318.05,321.15,33762
ASAHISONG,20210416,317.85,327.55,313.45,320.15,9575
ASAL,20210416,31.85,32.5,30.65,32.1,1768
ASALCBR,20210416,410,419.75,405.1,408.3,46721
ASHAPURMIN,20210416,117.1,119.6,111.1,112.5,245290
ASHIANA,20210416,129,136.5,122,132.7,123801
ASHIMASYN,20210416,16,16,15.55,15.8,33184
ASHOKA,20210416,93.95,98.75,90,91.25,8092640
ASHOKLEY,20210416,112.5,115.85,112,113.65,19013893
ASIANHOTNR,20210416,66.4,66.4,62.5,64,53684
ASIANPAINT,20210416,2587.6,2693.5,2581.7,2663.7,2760777
ASIANTILES,20210416,160.15,161.2,157.45,159.65,101461
ASPINWALL,20210416,171.75,176.2,168.95,170.45,1187
ASTEC,20210416,1028,1060,1018,1048.25,18805
ASTERDM,20210416,142,151.9,136.25,145.5,3087083
ASTRAL,20210416,1538,1695,1535,1678.05,1121304
ASTRAMICRO,20210416,116.85,118.75,115.1,117.8,136761
ASTRAZEN,20210416,3485.05,3504.9,3450,3455.7,27201
ASTRON,20210416,39.55,40.8,39.1,39.45,34638
ATFL,20210416,848,850,823,831.25,27270
ATGL,20210416,1145.8,1167,1120,1134.7,2545154
ATLANTA,20210416,7.1,7.25,6.75,7,9690
ATUL,20210416,7590,7850,7590,7780.6,75075
ATULAUTO,20210416,170.5,173.7,169.8,170.6,63964
AUBANK,20210416,1060,1099.5,1060,1077.1,1132546
AURIONPRO,20210416,190.5,195,175.55,178.55,343456
AUROPHARMA,20210416,916.1,959,910.5,953,4381580
AUSOMENT,20210416,53.3,53.7,51.85,53.45,2407
AUTOAXLES,20210416,989.5,1028.9,982.4,1024,7199
AUTOIND,20210416,37.05,37.05,35.25,35.8,13456
AVADHSUGAR,20210416,201,214.3,197.4,206.8,321055
AVANTIFEED,20210416,465.1,484.5,463.85,479.25,379809
AVTNPL,20210416,43.55,44.6,43,43.25,134837
AWHCL,20210416,254,256.35,252.15,254.15,61744
AXISBANK,20210416,668.65,675.25,662.35,669.2,12242522
AXISBNKETF,20210416,322,323.35,319.28,320.15,1779
AXISCADES,20210416,55,59.9,54.95,57.45,318145
AXISGOLD,20210416,40.75,41.29,40.56,40.79,124280
AXISNIFTY,20210416,151.5,152.57,150.94,151.56,4123
AXISTECETF,20210416,270,270,260,261.81,1472
AYMSYNTEX,20210416,45.05,45.4,42.35,42.7,31107
BAFNAPH,20210416,134.85,139.05,126.1,139.05,8586
BAGFILMS,20210416,2.1,2.1,2.05,2.1,55550
BAJAJ-AUTO,20210416,3580,3657.5,3569.95,3634.65,526787
BAJAJCON,20210416,297,309.7,295.7,306.2,1784335
BAJAJELEC,20210416,1059,1167,1055.5,1139.65,503890
BAJAJFINSV,20210416,9765,9880,9765,9824.75,400132
BAJAJHIND,20210416,6.45,6.75,6.4,6.45,6040023
BAJAJHLDNG,20210416,3281.5,3400,3281.5,3378.25,35668
BAJFINANCE,20210416,4661,4690,4590,4616.6,2142648
BALAJITELE,20210416,55.05,55.85,53.8,54.05,210631
BALAMINES,20210416,1879.9,1893.2,1831,1842.95,80096
BALAXI,20210416,590,609.95,561.1,579.8,2971
BALKRISHNA,20210416,20.35,21.25,20.25,21.2,1610
BALKRISIND,20210416,1670.05,1695.5,1670.05,1687.35,381998
BALMLAWRIE,20210416,122,123.8,121.5,121.85,228556
BALPHARMA,20210416,63.5,64.25,62.15,62.55,48071
BALRAMCHIN,20210416,261.9,265.8,251.25,256.75,4814675
BANARBEADS,20210416,47.15,48.75,47,47.2,1476
BANARISUG,20210416,1640,1688,1590.5,1603.4,4694
BANCOINDIA,20210416,146,147.9,144.45,145.5,64224
BANDHANBNK,20210416,328,329.9,320.5,322.65,5460055
BANG,20210416,28,28,26.05,26.65,5086
BANKA,20210416,59.2,62.55,57.75,61.5,842
BANKBARODA,20210416,68.3,69.5,67.05,67.35,36225190
BANKBEES,20210416,324.8,325.28,320.99,322.39,3212413
BANKINDIA,20210416,69.5,72.25,69.15,69.65,7972743
BANSWRAS,20210416,95.4,95.65,90.4,91.5,49817
BARBEQUE,20210416,686,695.75,661.15,669.65,136359
BASF,20210416,2084,2128,2079,2099.9,18259
BASML,20210416,61.55,64.8,61.1,61.8,13824
BATAINDIA,20210416,1318,1328.65,1313.1,1323.55,561027
BAYERCROP,20210416,5177,5214.4,5120,5140.9,6479
BBL,20210416,1081.05,1130.05,1081.05,1092.95,10005
BBTC,20210416,1198,1215,1179.2,1194.95,28343
BCG,20210416,7.85,8.05,7.85,8,3134306
BCLIND,20210416,129,134.35,126.6,131.15,902482
BCP,20210416,3.15,3.3,3.15,3.3,100924
BDL,20210416,332,338.25,332,335.95,79345
BEARDSELL,20210416,10.4,10.95,9.8,10,9080
BECTORFOOD,20210416,350,365,347,360.15,302171
BEDMUTHA,20210416,23.55,25,23.55,23.9,4361
BEL,20210416,128.25,129.5,125.6,128,7150486
BEML,20210416,1215,1243.75,1203.25,1215.4,303623
BEPL,20210416,161.45,165.6,158.25,164.3,2687124
BERGEPAINT,20210416,732,749.9,731.8,735.3,1322619
BESTAGRO,20210416,421,425.05,406.2,418.25,2203
BFINVEST,20210416,280,284,273,276.2,10559
BFUTILITIE,20210416,240.2,243.05,239.1,240.3,73819
BGRENERGY,20210416,44.75,45.95,43.6,44.35,125766
BHAGERIA,20210416,153.55,157.25,152.65,154.85,19875
BHAGYANGR,20210416,50.9,52.5,49.7,50.25,31667
BHAGYAPROP,20210416,28.65,29.5,28.5,29.2,26472
BHANDARI,20210416,2,2.15,2,2.1,245780
BHARATFORG,20210416,578.1,597.4,575.05,586.75,1931848
BHARATGEAR,20210416,74.9,78.75,74.15,75.85,39688
BHARATRAS,20210416,10000,10000,9624.05,9940.9,1770
BHARATWIRE,20210416,42.6,42.8,41.6,42.8,4745
BHARTIARTL,20210416,540.05,544.15,538,540.75,6157781
BHEL,20210416,46.4,47.05,45.7,46.2,31881785
BIGBLOC,20210416,79.5,83.5,79.5,83.5,10875
BIL,20210416,201.95,205.95,194,197.25,5649
BINDALAGRO,20210416,17.6,17.6,17,17,63966
BIOCON,20210416,403,418.55,399.35,412.85,5669099
BIOFILCHEM,20210416,67.4,67.9,63.65,65.75,52037
BIRLACABLE,20210416,57.4,58.45,56.5,57.75,48983
BIRLACORPN,20210416,938,975,925.1,956.55,152952
BIRLAMONEY,20210416,39.6,41.25,39.6,40.95,74195
BIRLATYRE,20210416,23,23,21.85,22.3,589299
BKMINDST,20210416,0.9,0.9,0.85,0.9,11396
BLBLIMITED,20210416,6,6.05,5.6,5.6,907
BLISSGVS,20210416,96.45,97.05,95.5,96.05,146399
BLKASHYAP,20210416,16.3,16.7,15.6,15.65,191122
BLS,20210416,90.5,90.55,88.2,89.5,56615
BLUECHIP,20210416,0.4,0.4,0.4,0.4,21170
BLUEDART,20210416,5260,5260,5160,5191,19682
BLUESTARCO,20210416,873,877.1,851.1,857.65,159264
BODALCHEM,20210416,90,91.95,89.7,90.2,533002
BOMDYEING,20210416,68.6,70.45,68.15,68.9,1457106
BOROLTD,20210416,190,192.35,179.75,185.1,136448
BORORENEW,20210416,232,235.9,230,230.6,364877
BOSCHLTD,20210416,13700,13889.4,13647.6,13855.95,27064
BPCL,20210416,405,422.95,404.3,413.8,11146313
BPL,20210416,22.85,23.2,22.45,22.9,43282
BRFL,20210416,7,7.3,6.7,6.85,145759
BRIGADE,20210416,256.9,256.9,250,251.6,167222
BRITANNIA,20210416,3695.5,3733.95,3676.55,3696.5,251741
BRNL,20210416,28.85,29.4,28,28.4,31668
BROOKS,20210416,72.7,73.45,70,72.25,39268
BSE,20210416,591.3,602.7,587.25,590.8,312711
BSELINFRA,20210416,0.85,0.9,0.85,0.9,118649
BSHSL,20210416,137.95,137.95,137.85,137.9,112
BSL,20210416,33.4,35.25,33.4,34.75,9671
BSLGOLDETF,20210416,4280.1,4316,4272.3,4289.6,1049
BSLNIFTY,20210416,165.26,180,157.7,161.1,10926
BSOFT,20210416,255.2,259.75,252,252.85,571399
BURGERKING,20210416,130.9,132.2,130,131.35,477684
BURNPUR,20210416,2.2,2.4,2.2,2.3,20712
BUTTERFLY,20210416,637,651.7,636.45,641.4,147371
BVCL,20210416,16.65,17.25,16.65,17.05,6541
BYKE,20210416,19.15,19.15,18.25,18.85,24773
CADILAHC,20210416,507.95,530,500.35,527.1,15428933
CALSOFT,20210416,9.4,9.4,8.65,8.9,20395
CAMLINFINE,20210416,136.95,143,136.7,138.05,266462
CAMS,20210416,1865,2100,1855.35,2066.95,798764
CANBK,20210416,135.75,137.85,133,134.2,13887726
CANFINHOME,20210416,512.75,532,510.5,514.65,515230
CANTABIL,20210416,375.15,376.5,370.5,370.6,113462
CAPACITE,20210416,190,193.65,188.5,190.4,52646
CAPLIPOINT,20210416,456,472,454.05,465.55,106074
CAPTRUST,20210416,77,77,73.7,74.75,18302
CARBORUNIV,20210416,498.4,505.55,486.75,495,124846
CAREERP,20210416,129.85,129.9,126.8,127.3,28997
CARERATING,20210416,445.65,484.4,445.65,468.85,414444
CASTEXTECH,20210416,0.5,0.55,0.5,0.55,237854
CASTROLIND,20210416,122.4,123.45,121.25,123,606544
CCHHL,20210416,3.85,4.15,3.7,3.95,82055
CCL,20210416,245.9,258.6,234.8,256.4,816806
CDSL,20210416,721.45,735.75,713.3,725.2,461112
CEATLTD,20210416,1416.5,1417.65,1391.6,1400.65,184175
CEBBCO,20210416,17.4,17.7,16.75,17.1,22493
CELEBRITY,20210416,5.55,5.55,5.35,5.4,10735
CENTENKA,20210416,255,257,249.5,251.75,38207
CENTEXT,20210416,4.5,4.8,4.4,4.55,138316
CENTRALBK,20210416,17.6,17.8,17.1,17.15,12851959
CENTRUM,20210416,24.75,25.25,24.5,24.65,2850555
CENTUM,20210416,389.75,389.75,370,371.1,6275
CENTURYPLY,20210416,333,360,325.2,339.15,1760141
CENTURYTEX,20210416,462,479,457.05,472.2,491808
CERA,20210416,3801,3951,3801,3941.9,5790
CEREBRAINT,20210416,51.7,52.5,50.7,52.05,251103
CESC,20210416,616,616,605,610.15,208359
CGCL,20210416,396.95,398.35,394,395.55,140648
CGPOWER,20210416,70,72.65,69.5,71.8,2951928
CHALET,20210416,137.2,141.4,133,134.4,231647
CHAMBLFERT,20210416,231,233.1,225,226.65,895009
CHEMBOND,20210416,184.2,188.5,184.2,185.35,7685
CHEMCON,20210416,412.8,419,410.05,410.95,90685
CHEMFAB,20210416,137.65,141.75,135.8,137.05,12737
CHENNPETRO,20210416,98,99,96.9,98,333053
CHOLAFIN,20210416,540,550.5,537.4,540.6,2861566
CHOLAHLDNG,20210416,586.65,586.65,555,571.65,237482
CIGNITITEC,20210416,409,415,407.1,409.5,74436
CINELINE,20210416,31.45,31.45,30.35,31.05,18618
CINEVISTA,20210416,14.3,14.65,13.6,14.65,781901
CIPLA,20210416,919.75,944.25,910.9,938.05,13746268
CLEDUCATE,20210416,86.95,89.45,86.95,88.3,34718
CLNINDIA,20210416,408,414.5,401.8,404.65,141280
CMICABLES,20210416,44.8,44.8,43.05,43.55,6894
COALINDIA,20210416,128.85,129.95,127.1,127.85,10358366
COCHINSHIP,20210416,358.65,361.1,355.1,357.8,87913
COFORGE,20210416,3045,3222.9,3035.05,3171.95,1118546
COLPAL,20210416,1559.95,1576.5,1555.55,1570.85,428648
COMPINFO,20210416,15.1,16.3,14.95,15.55,390636
COMPUSOFT,20210416,9.3,9.3,8.7,8.85,29586
CONCOR,20210416,564.5,580,560,568,1482339
CONFIPET,20210416,39.1,40.9,39.1,39.7,307044
CONSOFINVT,20210416,58.3,58.3,53.15,54.6,4901
CONTROLPR,20210416,239.85,247.3,239.85,245.9,7790
CORALFINAC,20210416,20.35,21.6,20.35,20.9,6470
CORDSCABLE,20210416,40.2,40.75,39.1,39.45,24317
COROMANDEL,20210416,734,749,732.75,746.4,382354
COSMOFILMS,20210416,651,663.2,644.5,650.1,31546
COUNCODOS,20210416,2.15,2.15,2.15,2.15,12199
CPSEETF,20210416,22.34,22.68,22.14,22.58,2803246
CRAFTSMAN,20210416,1377,1377,1335,1338.3,31669
CREATIVE,20210416,103.95,104,101,101.65,10106
CREATIVEYE,20210416,2.9,2.9,2.9,2.9,2433
CREDITACC,20210416,566.1,583.15,566.1,569.35,355151
CREST,20210416,80,81.4,75.7,77.8,4870
CRISIL,20210416,1917,1917,1849,1864.5,13716
CROMPTON,20210416,386,394.65,382.55,386.55,851745
CSBBANK,20210416,259.25,264.75,252,263.1,272539
CTE,20210416,27.7,28.9,27.3,27.55,17181
CUB,20210416,161.8,164.85,161,161.85,1619017
CUBEXTUB,20210416,20.95,22.4,19.15,19.75,28035
CUMMINSIND,20210416,852.5,865.05,840,849.1,410768
CUPID,20210416,222,222,217,218.5,21450
CYBERMEDIA,20210416,14.35,14.35,14.35,14.35,17116
CYBERTECH,20210416,124.45,127.05,123,123.95,82308
CYIENT,20210416,681.2,697.8,681.2,685.15,95888
DAAWAT,20210416,71.05,74.5,71,71.7,6914627
DABUR,20210416,581.9,581.9,571,575,3675431
DALALSTCOM,20210416,0.95,0.95,0.95,0.95,2000
DALBHARAT,20210416,1593,1600,1538.1,1559.95,197968
DALMIASUG,20210416,218.5,229.9,218.5,225.2,645397
DAMODARIND,20210416,22.75,23,22.35,22.8,7816
DANGEE,20210416,132.55,136.9,130,135.1,27537
DATAMATICS,20210416,115.9,118.6,113,113.65,197390
DBCORP,20210416,87.5,88.45,86,86.3,96766
DBL,20210416,548,597,547.55,585,414439
DBREALTY,20210416,20.35,21.35,19.35,20.5,405448
DBSTOCKBRO,20210416,8.75,10,8.65,9.65,77441
DCAL,20210416,117.8,125.4,116.15,123.7,1016336
DCBBANK,20210416,91.1,92.75,91,91.65,1177995
DCM,20210416,25.85,26,24.65,25.4,21331
DCMFINSERV,20210416,1.65,1.65,1.6,1.6,1888
DCMNVL,20210416,78.5,84.9,78.3,83,11668
DCMSHRIRAM,20210416,561.9,666.35,558,658.5,4129364
DCW,20210416,31.65,33.4,31.6,32.75,5703147
DECCANCE,20210416,415.95,422.7,414.35,416.75,16931
DEEPAKFERT,20210416,241.7,253.65,241,247.9,549060
DEEPAKNTR,20210416,1614.95,1625,1582,1587.95,790412
DEEPENR,20210416,33.8,35.1,33.8,35,13716
DELTACORP,20210416,152.4,156.6,151.55,152.6,1636779
DELTAMAGNT,20210416,28.75,28.8,28.05,28.75,1512
DEN,20210416,47.3,49,47.3,48.4,1290434
DENORA,20210416,250,251.95,244,244.9,6202
DFMFOODS,20210416,355,360.7,336.2,341.75,71128
DGCONTENT,20210416,8.45,8.9,8.2,8.45,30370
DHAMPURSUG,20210416,199.2,212.45,195.25,204.1,2297870
DHANBANK,20210416,14.4,14.45,14.15,14.25,266858
DHANI,20210416,204.8,209.65,201.55,204.4,988313
DHANUKA,20210416,720.75,731.85,715.95,727.75,19705
DHARSUGAR,20210416,6.7,6.7,6.25,6.45,40251
DHFL,20210416,14,14.15,13.9,13.95,1195521
DHUNINV,20210416,278.05,284.15,273.4,279.35,6879
DIAMONDYD,20210416,545,554,538,540.65,8504
DICIND,20210416,390.05,396.55,387,391.2,1402
DIGISPICE,20210416,37.5,40.6,36.8,37,438146
DISHTV,20210416,9.2,9.3,9.15,9.2,1414489
DIVISLAB,20210416,3790,3845,3733.4,3821.85,681099
DIXON,20210416,3520,3775,3502.2,3736.35,442400
DLF,20210416,249.4,254.85,246.45,252.45,9010453
DLINKINDIA,20210416,101.5,103.5,100.35,102.7,113252
DMART,20210416,2947,2980,2902,2919.9,334483
DNAMEDIA,20210416,0.75,0.75,0.7,0.7,65071
DOLAT,20210416,65.5,67.65,63.75,64.1,142919
DOLLAR,20210416,240,255,240,246.35,48555
DONEAR,20210416,29.05,29.7,28.9,29.05,16726
DPABHUSHAN,20210416,118.05,119.75,115.05,118.55,1643
DPSCLTD,20210416,13.75,13.75,12.3,12.7,8158
DPWIRES,20210416,107.85,112.45,106,107.4,2616
DRCSYSTEMS,20210416,288.55,300.45,288.55,289,4495
DREDGECORP,20210416,347.1,359,347.1,350.75,96034
DRREDDY,20210416,4863.8,4940,4815.2,4893.25,1198029
DSSL,20210416,73.7,76.8,73.15,75.15,56936
DTIL,20210416,246,253.25,246,248.95,1995
DUCON,20210416,7,7.25,6.6,7.1,233900
DVL,20210416,97.45,97.5,93.55,93.95,46358
DWARKESH,20210416,35,36,34.15,34.65,3882433
DYNAMATECH,20210416,984.05,1000,984,994.1,2876
DYNPRO,20210416,465.4,474,456.55,462.85,51058
EASEMYTRIP,20210416,174.95,177.95,172,173.4,1464154
EASTSILK,20210416,2,2,2,2,6770
EBBETF0423,20210416,1120.1,1121.25,1119.9,1121.07,7129
EBBETF0425,20210416,1030,1032,1030,1031.64,9389
EBBETF0430,20210416,1146.42,1147.99,1145.2,1147.16,10578
EBBETF0431,20210416,1025,1028.99,1025,1028.28,4220
EBIXFOREX,20210416,467.8,467.8,456.5,460.4,916
ECLERX,20210416,1144.5,1193.7,1144.05,1165.95,69619
EDELWEISS,20210416,64.35,64.7,63.5,63.65,619033
EICHERMOT,20210416,2415,2469.9,2415,2434.85,789681
EIDPARRY,20210416,324.3,328.65,317.2,319.15,351293
EIHAHOTELS,20210416,223.95,226.95,218.9,219.95,14427
EIHOTEL,20210416,86.85,88.9,86.55,87,226412
EIMCOELECO,20210416,330.95,340.95,327.15,336.7,1247
EKC,20210416,74.15,78,73,76.9,651060
ELECON,20210416,65.15,65.25,63.1,63.7,196980
ELECTCAST,20210416,30.25,30.9,30,30,477701
ELECTHERM,20210416,105.8,105.8,103.1,104.25,27464
ELGIEQUIP,20210416,201.85,202,194.1,195.4,33396
ELGIRUBCO,20210416,28.65,28.65,25.8,26,33763
EMAMILTD,20210416,537,547,529.55,543.55,2495829
EMAMIPAP,20210416,129.95,129.95,123.6,127.15,139725
EMAMIREAL,20210416,47,47.95,44.5,47.9,137580
EMKAY,20210416,65,65,63,63.4,6678
EMMBI,20210416,80.75,81,78,78.35,13916
ENDURANCE,20210416,1305.7,1344.95,1282.1,1319.75,131518
ENERGYDEV,20210416,9.15,9.25,8.55,9.05,21300
ENGINERSIN,20210416,72.5,73.45,72.05,73.25,1203903
ENIL,20210416,143.7,148.15,142.25,145.25,50666
EPL,20210416,212.4,212.9,207,208.8,328735
EQ30,20210416,420.7,420.7,419,420.7,154
EQUITAS,20210416,80,81.35,79.3,80.05,553918
EQUITASBNK,20210416,54.95,54.95,52.6,53,438657
ERIS,20210416,598,598.75,585.1,588.35,56644
EROSMEDIA,20210416,22.5,25.7,22.5,23.25,820560
ESABINDIA,20210416,1833.2,1888,1819.65,1843.85,6408
ESCORTS,20210416,1215,1256.9,1202.05,1246.9,1081614
ESSARSHPNG,20210416,8.05,8.1,7.8,7.85,30134
ESTER,20210416,118.35,126.45,117.7,122.45,368724
EVEREADY,20210416,286.9,287,275.9,281.6,224115
EVERESTIND,20210416,288.8,290.8,282.95,286.7,26608
EXCEL,20210416,2.7,2.7,2.5,2.5,95076
EXCELINDUS,20210416,824,824,792.85,813.2,12043
EXIDEIND,20210416,178,179.6,176.8,177.5,2012931
EXPLEOSOL,20210416,563.45,569.8,547.95,552.2,24281
FACT,20210416,109,113.95,108,110.2,695791
FAIRCHEMOR,20210416,780,785,765,770.2,24516
FCL,20210416,62.9,65.7,62.4,63.5,234948
FCONSUMER,20210416,6.8,7,6.6,6.85,5376512
FCSSOFT,20210416,0.7,0.7,0.65,0.7,1185367
FDC,20210416,318,318.85,311.5,312.7,377040
FEDERALBNK,20210416,75.95,77.6,75,76.4,19511735
FEL,20210416,9,9.25,8.9,9.1,712502
FELDVR,20210416,11.65,11.95,11.1,11.25,28135
FIEMIND,20210416,555.75,557.95,546.5,550.9,7797
FILATEX,20210416,72,74.65,70.3,72.7,1025430
FINCABLES,20210416,369,373.9,366.45,368.6,50654
FINEORG,20210416,2544,2575,2483,2497.6,36858
FINPIPE,20210416,145.4,146.8,144.05,145,1773020
FLEXITUFF,20210416,25.8,25.8,23.55,24.2,15747
FLFL,20210416,53.3,55.95,53.3,55.8,133322
FLUOROCHEM,20210416,759,759.9,718,729.45,149131
FMGOETZE,20210416,294,316,294,308.2,20243
FMNL,20210416,14.3,14.45,13.6,14.45,18449
FORCEMOT,20210416,1129.75,1143.8,1110,1134.6,10258
FORTIS,20210416,206.5,206.5,203,203.65,2417435
FOSECOIND,20210416,1238,1245.6,1211.7,1221.45,1218
FRETAIL,20210416,46.95,48.4,46.3,48.2,3138615
FSC,20210416,72.6,76.75,72.6,74.4,67255
FSL,20210416,116,117.8,115.15,116.65,2669990
G5,20210416,47.67,47.7,47.59,47.65,19116
GABRIEL,20210416,105.2,107.55,104.05,104.85,183030
GAEL,20210416,136.1,138.2,132.2,133.45,341884
GAIL,20210416,140.95,142.4,139.25,139.6,11369798
GAL,20210416,2.45,2.45,2.2,2.4,89645
GALAXYSURF,20210416,2639.95,2697.95,2535.5,2567.4,42772
GALLANTT,20210416,47.6,51.8,46.55,50.05,195643
GALLISPAT,20210416,39.3,44.7,38.5,41.95,118266
GAMMNINFRA,20210416,0.7,0.75,0.7,0.7,500097
GANDHITUBE,20210416,267.95,275.7,264,265.55,4024
GANECOS,20210416,563.95,563.95,535,539.95,11054
GANESHHOUC,20210416,80.25,82.85,75.9,76.35,48991
GANGESSECU,20210416,60.95,60.95,59,59.45,1497
GARFIBRES,20210416,2640,2710,2566.25,2594.1,19260
GATI,20210416,99.25,100.95,98.5,98.8,333431
GAYAHWS,20210416,0.6,0.6,0.55,0.55,66555
GAYAPROJ,20210416,27.95,31,27.5,29.05,820634
GBGLOBAL,20210416,6.6,7.2,6.6,7.15,10241
GDL,20210416,175.95,179.25,173.45,176.2,54970
GEECEE,20210416,103,105.2,101,101.8,13404
GEEKAYWIRE,20210416,80.75,80.75,78.7,79.05,60
GENCON,20210416,44.5,45.55,42.25,42.6,7552
GENESYS,20210416,97,99.75,93,94.5,12838
GENUSPAPER,20210416,7.4,7.45,7.25,7.4,80107
GENUSPOWER,20210416,46.9,47.25,45.6,46.45,140071
GEOJITFSL,20210416,48.3,49,46.75,47.55,210004
GEPIL,20210416,256.8,260.1,256,257.2,63381
GESHIP,20210416,293.9,301.2,292,299,126031
GET&D,20210416,113.95,114.15,111.65,112.65,48293
GFLLIMITED,20210416,71.9,71.9,68.7,69.65,65600
GHCL,20210416,230.2,235.85,228.2,231.25,243509
GICHSGFIN,20210416,112.1,114.95,110.5,111.85,136172
GICRE,20210416,203,211.7,200.75,209.75,1118448
GILLANDERS,20210416,39.15,40.95,38,38.9,4931
GILLETTE,20210416,5540,5549,5489,5505.3,2165
GINNIFILA,20210416,19.9,20.2,19.65,19.95,64039
GIPCL,20210416,74.05,75.8,74.05,74.65,297623
GISOLUTION,20210416,2.4,2.4,2.2,2.2,1217
GKWLIMITED,20210416,522,531.95,514.95,521.95,2410
GLAND,20210416,2489,2660,2464,2627.2,403929
GLAXO,20210416,1475,1495,1465,1470.2,76280
GLENMARK,20210416,539.95,578,525.65,571.9,11468653
GLFL,20210416,2.7,2.7,2.7,2.7,5388
GLOBAL,20210416,40.25,42.75,38.9,39.35,13842
GLOBE,20210416,47.5,50,47.5,50,202
GLOBUSSPR,20210416,318,320.8,315,315.35,33613
GMBREW,20210416,411,415.9,404.95,406.35,28091
GMDCLTD,20210416,56.1,56.9,55.5,55.8,862461
GMMPFAUDLR,20210416,4100,4130.05,4079.05,4089.7,15882
GMRINFRA,20210416,24,24.15,23.7,23.95,10349026
GNA,20210416,356.5,367.45,356.5,363.4,35311
GNFC,20210416,310,329.5,308.45,318.05,1271119
GOACARBON,20210416,320,324.05,315.05,316.95,31915
GOCLCORP,20210416,214.55,214.55,207.55,209.25,5014
GODFRYPHLP,20210416,874.8,882,869,870.8,18463
GODHA,20210416,43.55,43.6,41.5,42.8,152
GODREJAGRO,20210416,503.8,505.8,492.35,496.65,111938
GODREJCP,20210416,735.1,737.9,728,731.9,501105
GODREJIND,20210416,509.35,549,507.15,537.95,162042
GODREJPROP,20210416,1346,1354.85,1329,1336.9,291390
GOKEX,20210416,83.3,84.5,80.9,81.35,180401
GOKUL,20210416,18.9,18.9,17.9,17.95,54267
GOKULAGRO,20210416,21.65,23.85,20.8,22.25,801701
GOLDBEES,20210416,40.99,41.17,40.6,40.83,4392749
GOLDENTOBC,20210416,40,41.75,39.35,39.95,3713
GOLDIAM,20210416,338,360,338,350.8,165409
GOLDSHARE,20210416,41.9,43.1,41.55,41.85,208243
GOLDTECH,20210416,10.75,11,10,11,30313
GOODLUCK,20210416,69.65,79.4,69.05,74.8,827163
GOODYEAR,20210416,885.1,898.9,880,892.05,5552
GPIL,20210416,778.65,783,758,769.65,53989
GPPL,20210416,96,97.9,96,96.45,218239
GPTINFRA,20210416,37.5,38.45,36.05,37.15,14446
GRANULES,20210416,319.4,331.75,318.5,327.85,2972890
GRAPHITE,20210416,653.7,666.9,636.15,640.95,2107604
GRASIM,20210416,1343,1380,1341,1353.2,1437982
GRAVITA,20210416,90.45,91.5,87.4,87.95,163114
GREAVESCOT,20210416,125.6,128,124.4,125.65,556424
GREENLAM,20210416,961.55,1017,961.55,986.5,9466
GREENPANEL,20210416,208.65,208.65,208.65,208.65,80226
GREENPLY,20210416,184.1,202,184,193.85,1693615
GREENPOWER,20210416,1.95,1.95,1.85,1.85,1245024
GRINDWELL,20210416,888,935,884.9,909.3,27671
GROBTEA,20210416,818.3,820,788,803.9,663
GRPLTD,20210416,883.05,899.75,850,856.2,3971
GRSE,20210416,177.15,185.95,177.15,180.65,239069
GSCLCEMENT,20210416,34.1,36.1,34,34.4,181876
GSFC,20210416,87.75,91.45,86.9,90.9,1523281
GSPL,20210416,256,261.9,252.3,257.2,931927
GSS,20210416,59.4,62.65,57.15,57.9,856004
GTL,20210416,5.4,5.55,4.8,5.25,182659
GTLINFRA,20210416,0.7,0.75,0.65,0.7,12042170
GTPL,20210416,128,135.25,125.55,131,863007
GUFICBIO,20210416,114.05,115,112.1,112.85,60336
GUJALKALI,20210416,425.35,432.6,409.1,410.95,584649
GUJAPOLLO,20210416,203.55,209.65,203.55,208.35,1033
GUJGASLTD,20210416,528.65,551.35,528.1,543.4,1254873
GUJRAFFIA,20210416,44.35,44.35,42.2,42.25,1421
GULFOILLUB,20210416,703.95,713,700,704.45,10213
GULFPETRO,20210416,36.4,37.65,36,36.95,33735
GULPOLY,20210416,127.65,127.65,118.2,119.75,206737
HAL,20210416,969,982,954,964.5,100589
HAPPSTMNDS,20210416,634,658.95,632.5,644.15,3222589
HARRMALAYA,20210416,148,150.95,143.1,145.3,91884
HATHWAY,20210416,22.5,23.9,22.2,23.1,1846638
HATSUN,20210416,759.9,759.9,742.85,750.5,12996
HAVELLS,20210416,1014.55,1032,1007.35,1010.45,1400671
HAVISHA,20210416,0.7,0.7,0.65,0.7,25581
HBANKETF,20210416,320.54,324,319,320.81,3180
HBLPOWER,20210416,32,33.15,30.8,31.6,429184
HBSL,20210416,17.65,18,16.5,16.65,16373
HCC,20210416,7.5,7.9,7.5,7.8,1791920
HCG,20210416,170,171.7,165.15,166.3,41939
HCL-INSYS,20210416,8.35,8.7,8.35,8.55,289352
HCLTECH,20210416,1000,1016.8,994.5,1012.75,4677808
HDFC,20210416,2550,2589.8,2546.85,2574.05,3133311
HDFCAMC,20210416,2945,2977,2922.9,2929.8,116436
HDFCBANK,20210416,1434.95,1445,1423.5,1428.65,7803263
HDFCLIFE,20210416,694.5,701.3,689.1,690.65,2784995
HDFCMFGETF,20210416,42.08,42.08,41.66,41.86,548060
HDFCNIFETF,20210416,154.71,156.08,154.31,155.27,16507
HDFCSENETF,20210416,522,528.95,518.95,527.02,870
HEG,20210416,2204.7,2250,2130,2143.8,463050
HEIDELBERG,20210416,228.05,236,228.05,234.85,127457
HEMIPROP,20210416,134.05,137.05,131.5,132.9,195044
HERANBA,20210416,642.5,657.5,638.15,645.85,223288
HERCULES,20210416,118.95,118.95,115.95,116.4,19824
HERITGFOOD,20210416,313.35,319.85,306.65,315,100596
HEROMOTOCO,20210416,2838.25,2924.95,2838.25,2894.85,709663
HESTERBIO,20210416,2069,2399.9,2013.95,2343.85,166358
HEXATRADEX,20210416,97.45,98.4,95,97.5,75853
HFCL,20210416,24.6,25.75,24.5,25.45,3742846
HGINFRA,20210416,266.8,267.8,254.5,265.65,76128
HGS,20210416,1725,1797.95,1650,1678.25,304724
HIKAL,20210416,172,180.9,169.35,179.55,2197722
HIL,20210416,3178,3293.3,3178,3245.05,13229
HILTON,20210416,13.95,13.95,12.65,12.65,120554
HIMATSEIDE,20210416,140.5,142.4,139,139.95,50975
HINDALCO,20210416,356.75,376.5,352.7,370,28438547
HINDCOMPOS,20210416,264.1,264.8,256.2,260.25,3597
HINDCOPPER,20210416,142,150.95,141.05,148.95,10505534
HINDMOTORS,20210416,6.7,7,6.45,6.55,163957
HINDNATGLS,20210416,31.15,33,31.15,32.55,15768
HINDOILEXP,20210416,98,98.45,95.85,97.2,304361
HINDPETRO,20210416,237,240,234.75,236.55,6273984
HINDUNILVR,20210416,2469.9,2478.95,2440,2458.9,1225517
HINDZINC,20210416,293,298.75,291.1,292.1,866946
HIRECT,20210416,123.75,131.4,122,127.1,36985
HISARMETAL,20210416,114.6,117.2,112.25,113.15,18981
HITECH,20210416,380.8,382,370,374.4,44865
HITECHCORP,20210416,138,144,135.2,140,33737
HITECHGEAR,20210416,169.05,170,163.65,164.9,4451
HLEGLAS,20210416,2299,2399,2280,2374.2,5780
HLVLTD,20210416,5.6,5.8,5.1,5.55,420582
HMVL,20210416,59.7,59.95,58.9,59.2,15548
HNDFDS,20210416,2000,2000,1944,1979.2,12475
HNGSNGBEES,20210416,369.98,371.5,358.05,369.18,1010
HOMEFIRST,20210416,470,484,464.75,476.35,134284
HONAUT,20210416,42865.95,43585.8,42660.05,43124.6,1907
HONDAPOWER,20210416,967.9,970,948.2,958.65,36351
HOVS,20210416,45.15,46.85,44.65,44.7,10655
HPL,20210416,50.3,52,48.6,49.2,71450
HSCL,20210416,42.75,43.7,42.55,43,7412427
HSIL,20210416,151,156.5,150.25,150.95,162112
HTMEDIA,20210416,21.25,21.3,20.55,20.9,51849
HUBTOWN,20210416,15.6,15.8,14.85,15.2,8833
HUDCO,20210416,41,42.2,41,41.35,1370547
HUHTAMAKI,20210416,269.2,272.6,267.65,272,45301
IBMFNIFTY,20210416,149.5,149.5,143.15,144.95,282
IBREALEST,20210416,78.15,82.4,78.15,79.35,7982525
IBULHSGFIN,20210416,166,168.5,164,165.8,12193525
ICEMAKE,20210416,67.55,68.15,65,66.3,11566
ICICI500,20210416,201.1,203.19,201,202.65,876
ICICIALPLV,20210416,146.95,146.95,144.4,146.55,1372
ICICIB22,20210416,35.29,35.42,34.72,35,511382
ICICIBANK,20210416,574.6,577.75,564.1,566.95,24045008
ICICIBANKN,20210416,326,326,318.36,318.68,3778
ICICIBANKP,20210416,169.94,170,168,168.83,8170
ICICIGI,20210416,1375,1428,1375,1417.15,825956
ICICIGOLD,20210416,42,42,41.25,41.71,520563
ICICILIQ,20210416,1000,1000,999.99,999.99,16985
ICICILOVOL,20210416,119.9,120.3,116.35,119.89,150946
ICICIM150,20210416,90.65,91.1,89.9,90.79,88888
ICICIMCAP,20210416,96.4,96.4,83.86,84.99,6026
ICICINF100,20210416,157.02,160.5,157.02,159.42,2513
ICICINIFTY,20210416,169,169,152.25,155.6,213523
ICICINV20,20210416,81.8,81.8,78,78.86,7782
ICICINXT50,20210416,39.9,39.9,31.6,35.26,23083
ICICIPRULI,20210416,455.8,465.5,446.6,451.05,3824516
ICICISENSX,20210416,524.5,528.9,510.95,526.77,6625
ICICITECH,20210416,257,266.31,256.36,264.74,8210
ICIL,20210416,120.05,129,120.05,127.15,90612
ICRA,20210416,3286,3439.8,3253.35,3296.25,9254
IDBI,20210416,36.1,36.5,35.6,35.85,8545417
IDBIGOLD,20210416,4301.05,4310,4271,4284.8,103
IDEA,20210416,8.9,8.95,8.8,8.85,72798915
IDFC,20210416,47.45,47.65,46.5,46.9,3048289
IDFCFIRSTB,20210416,52.8,54.35,52.45,53.65,52746258
IDFNIFTYET,20210416,155,155,152.12,153.95,158
IEX,20210416,337.7,353.95,333.45,345.4,2871238
IFBAGRO,20210416,422.95,431.5,403.05,413.4,17896
IFBIND,20210416,1093,1125.2,1092,1116.55,16019
IFCI,20210416,11.15,11.85,11.05,11.3,3278198
IFGLEXPOR,20210416,365,367.85,352.6,356.55,32597
IGARASHI,20210416,320.1,330,320.1,325.15,52421
IGL,20210416,524,532.35,513.05,515.15,2186536
IGPL,20210416,436.9,479.75,435.25,463.8,92067
IIFL,20210416,276,276,266,273.3,176590
IIFLSEC,20210416,48.5,49.5,48,48.2,190619
IIFLWAM,20210416,1151,1209,1130,1187.9,74627
IITL,20210416,53.95,56.45,53.4,54.05,389
IMAGICAA,20210416,5.85,5.85,5.45,5.6,41794
IMFA,20210416,489.8,496,475,479.8,32978
IMPAL,20210416,664.35,664.95,655,659.95,873
IMPEXFERRO,20210416,0.95,0.95,0.95,0.95,1000
INDBANK,20210416,13.65,14.25,13.45,13.9,171907
INDHOTEL,20210416,100,101.65,98.7,98.95,3287148
INDIACEM,20210416,168.45,173.85,168.35,169.3,2384763
INDIAGLYCO,20210416,453.95,469.95,442.3,446.35,454531
INDIAMART,20210416,8030,8090,7950.1,7978.75,43017
INDIANB,20210416,103.9,108.4,102.7,103.2,4418714
INDIANCARD,20210416,129,138.95,126.15,130.35,4280
INDIANHUME,20210416,170.7,174,170.7,171.75,19082
INDIGO,20210416,1604,1616.45,1576.4,1582.9,546565
INDIGOPNTS,20210416,2320,2339.75,2304.9,2317.85,27473
INDLMETER,20210416,13.5,13.9,12.65,12.8,4283
INDNIPPON,20210416,350.5,359.95,349.4,353.8,16056
INDOCO,20210416,309.75,317.5,309.15,313.85,149797
INDORAMA,20210416,37.05,39.6,36.6,38.85,97054
INDOSTAR,20210416,311.85,320.35,306.25,315.05,25324
INDOTECH,20210416,89.95,89.95,86.45,87.4,1847
INDOTHAI,20210416,50.1,52.5,50.1,50.8,4346
INDOWIND,20210416,3.75,3.85,3.65,3.75,18586
INDRAMEDCO,20210416,56.95,57.3,55.1,55.4,219343
INDSWFTLAB,20210416,74.65,74.65,71.5,72.3,54833
INDTERRAIN,20210416,30.7,30.7,29.2,29.4,33482
INDUSINDBK,20210416,864.1,869.95,853.05,862.95,5338683
INDUSTOWER,20210416,254,263.5,252.05,259.6,5195095
INEOSSTYRO,20210416,1021,1045,1013.65,1037.9,29406
INFIBEAM,20210416,42.8,43.5,42.05,42.35,1640564
INFOBEAN,20210416,164,173,163,169.2,87583
INFOMEDIA,20210416,3.6,3.6,3.3,3.6,17503
INFRABEES,20210416,422,424.99,419.22,420.19,1437
INFY,20210416,1365,1370.85,1346.6,1353.75,10879878
INGERRAND,20210416,697.3,719,690.05,694.2,19640
INOXLEISUR,20210416,253.1,272.8,248.45,260.8,596328
INOXWIND,20210416,68.9,70.9,67.9,69.2,84201
INSECTICID,20210416,464.4,469.5,460.3,467.25,12345
INSPIRISYS,20210416,45.75,51,45.75,50.45,150596
INTELLECT,20210416,691.6,715,681,687.15,395177
INTENTECH,20210416,35.8,36.8,33.55,34,44169
INVENTURE,20210416,27.2,27.95,27,27.35,24551
IOB,20210416,17.3,17.6,16.8,16.95,24586864
IOC,20210416,89.15,91.15,89.15,90.15,10290317
IOLCP,20210416,575,591.4,571,578.3,712648
IPCALAB,20210416,2122,2163.75,2121.8,2141.95,294696
IRB,20210416,109.4,110.4,108,108.5,470720
IRCON,20210416,89,89.6,88.5,88.6,1294484
IRCTC,20210416,1611,1638.1,1606,1627.45,968083
IRFC,20210416,21.25,22,21.05,21.75,22174311
IRISDOREME,20210416,92.05,95,88.95,92,7496
ISEC,20210416,412,419,404.5,417.15,774030
ISFT,20210416,86.75,87.75,82.5,87.7,218900
ISMTLTD,20210416,9.9,10.4,9.9,10,56805
ITC,20210416,208,209.25,206.5,207.95,13311926
ITDC,20210416,326,339,299.5,331.25,70072
ITDCEM,20210416,74.5,77.3,72.8,73.7,331017
ITI,20210416,108,109.9,108,108.65,159974
IVC,20210416,4.05,4.65,4,4.65,669968
IVP,20210416,102.85,103.05,100.05,103.05,3954
IVZINGOLD,20210416,4313.9,4338,4220,4225,64
IVZINNIFTY,20210416,1589.3,1591.75,1576.35,1580.05,44
IZMO,20210416,73.85,76.05,70.7,71.1,100999
J&KBANK,20210416,24.85,25.1,24.5,24.6,1097985
JAGRAN,20210416,58.5,58.55,57.7,58,383138
JAGSNPHARM,20210416,80.75,81.25,78.25,80,242017
JAIBALAJI,20210416,39.2,40.1,36.6,40.05,52335
JAICORPLTD,20210416,84.65,86,84,84.7,475184
JAMNAAUTO,20210416,66.05,66.9,64.25,65.15,687699
JASH,20210416,310.95,342,310.95,337.95,31765
JAYAGROGN,20210416,138,140,135.35,136.7,14237
JAYBARMARU,20210416,212.4,214.3,210.1,211.25,11507
JAYNECOIND,20210416,13.6,13.95,13.2,13.5,435820
JAYSREETEA,20210416,69.7,70.9,67.9,68.05,41135
JBCHEPHARM,20210416,1229,1238,1212.2,1221.1,215104
JBFIND,20210416,19.6,19.6,19.6,19.6,43151
JBMA,20210416,378,379.8,370.5,374.8,17552
JCHAC,20210416,2490.05,2585.95,2490,2553.25,8017
JHS,20210416,21.35,21.35,20,20.65,17632
JIKIND,20210416,0.55,0.55,0.5,0.55,9559
JINDALPHOT,20210416,69.85,69.85,63.95,63.95,5617
JINDALPOLY,20210416,770.8,788,750,760.65,65838
JINDALSAW,20210416,74.45,76.6,74.15,75.8,851842
JINDALSTEL,20210416,416.7,424.7,411.6,414,9209394
JINDRILL,20210416,93,94.85,91.55,94,20633
JINDWORLD,20210416,47.65,47.65,45.1,45.65,162909
JISLDVREQS,20210416,11.45,12.05,11.4,11.85,15705
JISLJALEQS,20210416,17.35,17.65,17,17.3,1950839
JITFINFRA,20210416,8.85,8.85,8.05,8.45,10910
JIYAECO,20210416,4.95,5.2,4.95,5.1,65335
JKCEMENT,20210416,2889,2944.6,2870.1,2880.25,14455
JKIL,20210416,176,180,173.15,178.5,78914
JKLAKSHMI,20210416,400,417.9,396,409,389205
JKPAPER,20210416,136.95,138.35,134.75,135.4,466161
JKTYRE,20210416,108.95,110.5,107.9,109.55,501538
JMA,20210416,39.55,39.7,38.55,38.8,10544
JMCPROJECT,20210416,78.95,79.45,76.4,78.6,174244
JMFINANCIL,20210416,80.35,80.35,78.35,78.65,450402
JMTAUTOLTD,20210416,2.35,2.5,2.3,2.45,142382
JOCIL,20210416,155,165,149.45,162.7,26552
JPASSOCIAT,20210416,7.1,7.3,7.05,7.15,3563874
JPINFRATEC,20210416,1.6,1.7,1.6,1.6,4229604
JPPOWER,20210416,3.3,3.35,3.1,3.1,19736547
JSL,20210416,74.15,76.65,73,75.3,869026
JSLHISAR,20210416,140,142.6,139.25,140.8,642131
JSWENERGY,20210416,96.2,103.7,94.7,99.85,19201032
JSWHL,20210416,3902.7,3999.35,3850,3918.35,3929
JSWISPL,20210416,34,34.6,32.5,32.7,617684
JSWSTEEL,20210416,631.9,635.9,616.95,619.4,14389029
JTEKTINDIA,20210416,85.25,85.5,84,84.25,90236
JUBLFOOD,20210416,2784.8,2840,2764,2820.65,532035
JUBLINDS,20210416,206.6,209.85,190,198.9,28704
JUBLINGREA,20210416,304.9,315.65,297,301.05,577405
JUBLPHARMA,20210416,735,736.9,720,723.25,111710
JUMPNET,20210416,8.65,9.2,8.65,8.65,3091899
JUNIORBEES,20210416,364.95,364.95,354.2,362.71,46644
JUSTDIAL,20210416,865,884,857.6,862.2,923155
JYOTHYLAB,20210416,139,141.2,138.35,139.3,240671
KABRAEXTRU,20210416,161,174.5,161,169.4,83689
KAJARIACER,20210416,907,924.25,895,903.7,104336
KAKATCEM,20210416,184.05,186,178.8,181.2,39712
KALPATPOWR,20210416,363.15,366.5,361.75,363.05,130810
KALYANIFRG,20210416,183.95,185,177,177,170
KALYANKJIL,20210416,69,69.7,68.8,68.9,909629
KAMATHOTEL,20210416,29.5,29.55,28.05,28.6,28284
KAMDHENU,20210416,146,150.8,143.4,147.7,113997
KANANIIND,20210416,4.55,4.55,4.15,4.25,10198
KANORICHEM,20210416,122.95,126.1,118.45,119.95,32824
KANPRPLA,20210416,139.8,141.7,138.5,140.05,4792
KANSAINER,20210416,566,577.75,566,572.5,32282
KAPSTON,20210416,97,100,97,100,2
KARDA,20210416,119.7,120,117,117.35,22111
KARMAENG,20210416,13,13.75,13,13.2,2026
KARURVYSYA,20210416,54.25,55.3,54.05,54.4,444195
KAUSHALYA,20210416,1.45,1.45,1.4,1.4,592
KAYA,20210416,259.05,261.55,250,255.05,13738
KCP,20210416,96.7,102.4,94.1,97.5,1351296
KCPSUGIND,20210416,15.65,16.3,15.5,15.6,658478
KDDL,20210416,310.95,360.45,303,360.45,39030
KDDL-RE,20210416,219,219,185,219,27081
KEC,20210416,418,426.95,412.1,415.25,208087
KECL,20210416,12.5,14,12.5,13.55,71347
KEERTI,20210416,24.05,25.95,24.05,25.6,361643
KEI,20210416,497.4,511,491,494.65,113100
KELLTONTEC,20210416,67.8,67.8,66,66.85,275946
KENNAMET,20210416,1101.7,1117.85,1069.5,1074.1,4016
KERNEX,20210416,47.65,51.35,47.65,48.15,23319
KESORAMIND,20210416,70.25,72.4,68.9,69.5,767634
KEYFINSERV,20210416,54.65,61,54.45,58.5,2246
KHADIM,20210416,139.9,139.9,135.65,136.25,23133
KHAICHEM,20210416,22.4,22.95,22.2,22.75,51127
KHANDSE,20210416,13.35,14.7,13.3,13.7,751
KICL,20210416,1447,1454.05,1441.95,1450,196
KILITCH,20210416,105.6,107.1,102.55,103.7,12149
KINGFA,20210416,604.95,604.95,586.55,597.75,7343
KIOCL,20210416,155.95,156.35,148.05,149.3,114551
KIRIINDUS,20210416,419.9,428.45,417,419.05,109647
KIRLFER,20210416,179.95,190.4,178.95,188.3,157339
KIRLOSBROS,20210416,227.6,233.75,223,228.3,39813
KIRLOSENG,20210416,163.95,164.3,160.95,162.45,215222
KIRLOSIND,20210416,1319.95,1325,1254.05,1284.8,912
KITEX,20210416,98,99.9,98,98.65,63549
KKCL,20210416,873.15,881.9,850,854.3,1665
KMSUGAR,20210416,12.8,12.9,12.45,12.55,281437
KNRCON,20210416,206,208.9,202.5,204.05,308498
KOKUYOCMLN,20210416,54.45,54.9,53.5,54,79899
KOLTEPATIL,20210416,232.5,242.4,232.5,235.6,121569
KOPRAN,20210416,118,125,118,121.35,696756
KOTAKBANK,20210416,1774,1788.15,1760.05,1764.1,2912279
KOTAKBKETF,20210416,324.04,326.91,322.05,323.03,35173
KOTAKGOLD,20210416,414,414.9,409,410.2,34077
KOTAKIT,20210416,26.25,27,26,26.23,2850
KOTAKNIFTY,20210416,152,153.52,152,152.64,33775
KOTAKNV20,20210416,80.6,81.59,80,80.64,1840
KOTAKPSUBK,20210416,202,205,198.03,199.11,15314
KOTARISUG,20210416,27.55,27.6,26.4,26.55,282354
KOTHARIPET,20210416,25.3,25.8,25.2,25.55,28488
KOTHARIPRO,20210416,63.1,63.95,61.5,61.9,5896
KPITTECH,20210416,188.3,200.55,188,191.55,1837470
KPRMILL,20210416,1227,1240,1175.1,1187.45,59597
KRBL,20210416,185.1,186.3,182,183.1,205097
KREBSBIO,20210416,111.95,111.95,106.2,107.95,13056
KRIDHANINF,20210416,3.95,4,3.75,3.9,70411
KRISHANA,20210416,88.6,90.75,87.45,90.5,5364
KSB,20210416,868,878,855,860,20575
KSCL,20210416,560,584.8,555,569.8,734496
KSL,20210416,338,348.85,338,343.8,75895
KTKBANK,20210416,60.55,61.9,60.55,61.15,927182
KUANTUM,20210416,63,63.4,62.15,63.25,34825
L&TFH,20210416,94,95.3,92.7,93.2,9280650
LALPATHLAB,20210416,2950,3021.15,2908,2920.2,727793
LAMBODHARA,20210416,54.35,54.7,50.5,51.95,21873
LAOPALA,20210416,208.25,210.65,207.15,208.4,28791
LASA,20210416,64,66.9,63.1,64.75,177905
LAURUSLABS,20210416,434.9,452.3,430.5,446.5,5128055
LAXMIMACH,20210416,6366.8,6488.2,6300,6331.7,3144
LCCINFOTEC,20210416,3.3,3.3,3.3,3.3,34269
LEMONTREE,20210416,30.25,30.6,29.75,29.9,1824815
LFIC,20210416,82,82.05,73.35,75.55,1638
LGBBROSLTD,20210416,296.3,299.8,292.95,293.95,25655
LGBFORGE,20210416,3.8,3.8,3.6,3.7,72014
LIBAS,20210416,44,44.8,43,43.85,17580
LIBERTSHOE,20210416,123.65,123.65,121,121.45,25742
LICHSGFIN,20210416,389.1,394.5,387.5,392.3,2502929
LICNETFGSC,20210416,21.91,21.91,21.51,21.83,880
LICNETFN50,20210416,160,160,155.95,159.09,681
LICNETFSEN,20210416,531.9,531.9,498.95,514.95,226
LICNFNHGP,20210416,154.5,154.5,151.04,152.26,190
LIKHITHA,20210416,370,388,364.9,383.3,133432
LINCOLN,20210416,233.95,241,229.05,237.75,153467
LINCPEN,20210416,148.9,151,147.5,147.7,1605
LINDEINDIA,20210416,1914,1950,1878,1889.6,162405
LIQUIDBEES,20210416,1002.3,1002.3,999.37,999.99,1082073
LIQUIDETF,20210416,999.99,1000.01,999.99,1000,14703
LOKESHMACH,20210416,50.15,50.25,48.1,50.25,60639
LOTUSEYE,20210416,43.9,44.8,41.05,42.15,9751
LOVABLE,20210416,82.65,85.25,82.55,83.4,14289
LPDC,20210416,1.95,2,1.9,1.95,6295
LSIL,20210416,1.15,1.2,1.1,1.15,1540922
LT,20210416,1360.5,1393.3,1355.3,1359.15,3752588
LTI,20210416,4095,4175,4052.3,4089.9,307827
LTTS,20210416,2759.6,2784.85,2711,2725.55,236366
LUMAXIND,20210416,1602,1617.85,1565,1573.95,2781
LUMAXTECH,20210416,152.55,156,150.25,153.25,78543
LUPIN,20210416,1054,1069.15,1043.5,1055.85,1745500
LUXIND,20210416,1955,2009.95,1940,1964.35,54498
LXCHEM,20210416,193.1,196,190,190.9,1664641
LYKALABS,20210416,26.3,26.85,25,26.8,11023
LYPSAGEMS,20210416,4.35,4.5,4.15,4.45,10430
M&M,20210416,805.1,837.85,803.2,821.65,6915568
M&MFIN,20210416,174,175.6,171.25,171.9,6032146
M100,20210416,25.7,25.7,24.64,24.82,30097
M50,20210416,142,144.7,142,143.94,935
MAANALU,20210416,160.95,174,160.85,165.8,142229
MACPOWER,20210416,85.55,88.8,85.55,86.3,2420
MADHAV,20210416,49.1,49.15,46.65,47,4249
MADHUCON,20210416,5,5.2,4.75,4.8,21642
MADRASFERT,20210416,25,25,24.5,24.75,34140
MAESGETF,20210416,25.07,25.33,25.07,25.2,58040
MAGADSUGAR,20210416,113,117.7,111.8,115.6,81122
MAGMA,20210416,104.95,110.15,104.85,110.15,266153
MAGNUM,20210416,4.6,4.6,4.45,4.45,5923
MAHABANK,20210416,25.45,26.7,25.1,25.3,28141932
MAHAPEXLTD,20210416,66.5,69.95,66.5,66.55,32
MAHASTEEL,20210416,79.5,79.5,77.2,78.1,7739
MAHEPC,20210416,143,144.25,141.2,142.5,91438
MAHESHWARI,20210416,87.45,89.35,87.4,88.65,76809
MAHINDCIE,20210416,159,160.8,156,156.75,81356
MAHLIFE,20210416,494.95,503.35,477.4,482.8,26036
MAHLOG,20210416,524,540.6,524,538.65,22639
MAHSCOOTER,20210416,3479.4,3529.55,3408.35,3471.1,5982
MAHSEAMLES,20210416,267.95,271.9,267.15,270,18042
MAITHANALL,20210416,747.9,758,713.45,720.1,81878
MAJESCO,20210416,66.5,67,66.5,66.85,165320
MALUPAPER,20210416,25.05,26.8,24.4,25.35,12336
MAN50ETF,20210416,145.9,150.39,145.9,149.6,5079
MANAKALUCO,20210416,11.7,11.7,10.5,10.75,52765
MANAKCOAT,20210416,12.9,13.25,12.25,13.15,176133
MANAKSIA,20210416,54.75,55.8,53.05,54.7,84499
MANAKSTEEL,20210416,25.2,25.35,23.1,24.9,38042
MANALIPETC,20210416,70.9,73.4,70.1,70.6,1297327
MANAPPURAM,20210416,146,149.15,145.3,147.15,2535697
MANGALAM,20210416,112,112,109,109.65,21292
MANGCHEFER,20210416,72.9,74.35,70,72.2,306862
MANGLMCEM,20210416,274.4,278.1,272.8,273.35,21172
MANGTIMBER,20210416,10.95,11.1,10.35,10.9,2428
MANINDS,20210416,81.25,82.7,80.8,81.15,184460
MANINFRA,20210416,39.9,40.15,38.7,38.9,306855
MANUGRAPH,20210416,11.7,11.9,11.15,11.15,26879
MANXT50,20210416,342.2,346.06,342.2,345.05,1080
MARALOVER,20210416,30.8,31.35,30.8,30.9,6261
MARATHON,20210416,47.95,48.7,47.7,48.7,39663
MARICO,20210416,426.7,427.6,422.5,423.95,1321942
MARINE,20210416,59.65,63.6,58.85,63.1,515053
MARKSANS,20210416,54,55.9,53.65,54.7,3046401
MARUTI,20210416,6675,6784.85,6606.05,6648.1,1000325
MASFIN,20210416,804.9,826.6,788,809.5,19664
MASKINVEST,20210416,31.35,31.35,31.35,31.35,6
MASTEK,20210416,1291.85,1339.9,1291.85,1303.1,125546
MATRIMONY,20210416,952.9,967.95,931,941.25,18461
MAWANASUG,20210416,39.4,40.5,38.3,39.5,155507
MAXHEALTH,20210416,221.1,226,220.2,222.05,651799
MAXIND,20210416,66.2,66.2,65.05,65.1,45454
MAXVIL,20210416,56,56,54.95,55.3,39568
MAYURUNIQ,20210416,420,425,413.25,421.95,60327
MAZDA,20210416,441.15,444.95,425.1,432.2,8329
MAZDOCK,20210416,201.7,204.5,200.65,201.15,286497
MBAPL,20210416,76.5,83.45,76.5,81.5,1172
MBECL,20210416,7.4,7.4,6.9,7,28481
MBLINFRA,20210416,18.4,18.55,17.75,18.3,58072
MCDHOLDING,20210416,39.35,39.35,38,38.5,8161
MCDOWELL-N,20210416,522.1,527,518,519.05,1988015
MCL,20210416,93.3,95.55,87.25,90.05,174772
MCLEODRUSS,20210416,19.45,19.75,19.3,19.4,629115
MCX,20210416,1500,1504.15,1471.7,1494.85,157842
MEGASOFT,20210416,9.6,9.9,9.4,9.45,75621
MEGH,20210416,123.6,126.7,121.9,122.4,2555992
MENONBE,20210416,53.9,54.7,53.25,53.8,11899
MEP,20210416,16,16,15.3,15.55,54829
MERCATOR,20210416,0.85,0.85,0.75,0.8,190111
METALFORGE,20210416,5.5,5.5,5.05,5.4,14513
METROPOLIS,20210416,2449.15,2520,2440,2483.35,116279
MFSL,20210416,880.8,893.9,869,872,498017
MGEL,20210416,46.9,47.2,45.1,46,1875
MGL,20210416,1089.5,1107,1080.1,1103.65,288518
MHRIL,20210416,198.4,201.65,195.8,198.95,69524
MIC,20210416,0.6,0.7,0.6,0.7,89401
MIDHANI,20210416,183.5,184.5,182.05,183.15,152994
MINDACORP,20210416,96.25,99,94.3,96.35,449663
MINDAIND,20210416,508.5,521,507.3,515.65,92824
MINDTECK,20210416,47.7,47.7,43.8,44.55,12352
MINDTREE,20210416,2080,2124,2043.5,2069.65,1645045
MIRCELECTR,20210416,12.7,13.05,12.6,12.7,253746
MIRZAINT,20210416,46,46.3,45.4,45.7,103484
MITTAL,20210416,10.3,10.3,9.05,9.85,46803
MMFL,20210416,470.55,470.55,456.1,460.35,1814
MMP,20210416,83.2,83.2,81.05,82,102344
MMTC,20210416,41.5,43.15,41.5,42.05,3378384
MODIRUBBER,20210416,85.75,87.55,85.75,85.75,4605
MOHITIND,20210416,7.1,7.3,7,7,5561
MOHOTAIND,20210416,6.7,6.8,6.25,6.75,11784
MOIL,20210416,153.75,157.2,153.75,155,227720
MOLDTECH,20210416,39.25,40.95,39.05,39.85,16499
MOLDTKPAC,20210416,400,412,400,410.65,30720
MONTECARLO,20210416,225.25,227.4,223.1,225,81944
MORARJEE,20210416,16.3,16.3,15.1,15.5,8120
MOREPENLAB,20210416,40.35,41,38.65,39,8231688
MOTHERSUMI,20210416,209.45,214.8,207,211.95,12060843
MOTILALOFS,20210416,606,616.8,601.2,604.5,100129
MOTOGENFIN,20210416,19,19.55,19,19.35,2122
MPHASIS,20210416,1699.95,1727.75,1671.35,1708.3,436542
MPSLTD,20210416,594.9,641,581.85,623.65,50776
MRF,20210416,81410,81981.05,80980.5,81366,23199
MRO-TEK,20210416,28,28,27.4,28,350
MRPL,20210416,36.75,37.65,36.45,37.55,1226153
MSPL,20210416,11,11.05,10.6,10.85,65862
MSTCLTD,20210416,267.75,274.45,266.05,268.8,288737
MTARTECH,20210416,972.95,977.95,943.05,949.8,221781
MTEDUCARE,20210416,6.85,6.85,6.65,6.75,60382
MTNL,20210416,16.5,16.85,16.05,16.35,1015287
MUKANDENGG,20210416,17.4,19.2,17.4,19.2,7908
MUKANDLTD,20210416,93,101,91.4,101,792738
MUKTAARTS,20210416,28.15,28.85,27.65,28.7,5330
MUNJALAU,20210416,52.5,52.8,51.75,52.4,61608
MUNJALSHOW,20210416,136.2,137.3,133.95,134.3,28917
MURUDCERA,20210416,19.45,19.65,19,19.1,33356
MUTHOOTCAP,20210416,375.4,379.85,371.05,378.25,17005
MUTHOOTFIN,20210416,1160,1180,1142,1168.1,845133
N100,20210416,1050,1050,1025,1028.35,199024
NACLIND,20210416,39.7,40.05,38.3,38.55,34424
NAGAFERT,20210416,5.8,5.9,5.45,5.65,337890
NAGREEKCAP,20210416,5.95,5.95,5.95,5.95,18
NAGREEKEXP,20210416,16.35,16.9,16.3,16.5,7923
NAHARCAP,20210416,98.05,98.05,93,95.45,6243
NAHARINDUS,20210416,43.35,43.35,42,42.65,7966
NAHARPOLY,20210416,109.8,112.75,109.5,110.15,33504
NAHARSPING,20210416,98.85,100.75,96.8,99.4,10645
NAM-INDIA,20210416,332.25,339.15,332.2,337.2,1281299
NATCOPHARM,20210416,903,943.55,891.5,922.2,461510
NATHBIOGEN,20210416,340,359.9,337.6,341.4,17958
NATIONALUM,20210416,58.5,60.5,58.1,58.95,36637198
NATNLSTEEL,20210416,4.75,4.75,4.55,4.55,5996
NAUKRI,20210416,4591,4730,4565,4674.15,580976
NAVINFLUOR,20210416,2964.45,3170,2952,3135.5,733511
NAVKARCORP,20210416,33.3,33.4,32.55,32.8,212444
NAVNETEDUL,20210416,78.5,78.5,75,75.6,137018
NAZARA,20210416,1623,1647,1605.5,1617.55,223494
NBCC,20210416,42.3,42.5,41.5,41.75,5449947
NBIFIN,20210416,1665,1836.35,1665,1813.8,1416
NBVENTURES,20210416,72.6,74.55,72.6,73.25,773205
NCC,20210416,74.1,75.75,73.7,74.85,3852128
NCLIND,20210416,172.95,177.25,168,171.75,207351
NCPSESDL24,20210416,103.3,103.35,103.3,103.33,1253
NDGL,20210416,738.95,753.85,725,733.4,63
NDL,20210416,30.1,31.45,30.05,30.85,17613
NDRAUTO,20210416,193.5,206,193.5,202.8,1149
NDTV,20210416,58,58,54.95,55.35,14873
NECCLTD,20210416,8.3,8.45,8.05,8.05,13256
NECLIFE,20210416,19.45,19.8,19.15,19.5,284246
NELCAST,20210416,66.1,66.1,64.75,64.95,44500
NELCO,20210416,187.55,191.5,186.15,188.3,46015
NEOGEN,20210416,910.2,940,870.1,876.45,71218
NESCO,20210416,487.7,492.95,482,483.45,83659
NESTLEIND,20210416,16969,17335,16862.8,17252.1,94190
NETF,20210416,178.52,178.52,178.52,178.52,255
NETFCONSUM,20210416,66.98,66.98,64.78,65.84,1586
NETFDIVOPP,20210416,37.96,37.96,36.25,36.33,781
NETFGILT5Y,20210416,47.65,47.65,47.65,47.65,3
NETFIT,20210416,26.25,26.67,26.25,26.42,479711
NETFLTGILT,20210416,22.2,22.35,22.02,22.18,29486
NETFMID150,20210416,90.19,90.95,89.5,90.55,53924
NETFNIF100,20210416,154.9,156.99,151.6,152,703
NETFNV20,20210416,82.8,82.8,79.45,81.42,2498
NETFSDL26,20210416,102.55,102.55,102.55,102.55,200
NETWORK18,20210416,35.4,36.95,35.15,36.65,737903
NEULANDLAB,20210416,2410,2450,2385,2425.4,22664
NEWGEN,20210416,298.4,311,298.4,309.65,83938
NEXTMEDIA,20210416,3.6,4,3.6,3.9,4371
NFL,20210416,56,57,55,55.15,2375928
NH,20210416,423.55,423.55,398.8,401.5,323084
NHPC,20210416,24.15,24.15,23.75,24.05,1908641
NIACL,20210416,146.4,155.7,145.6,148.9,2075651
NIBL,20210416,20.85,20.85,20.85,20.85,2272
NIFTYBEES,20210416,154.95,157.18,154.45,156.42,1128520
NIITLTD,20210416,169.15,174.4,168,172,265754
NILAINFRA,20210416,4.5,4.6,4.25,4.4,177065
NILASPACES,20210416,1.5,1.5,1.45,1.45,42032
NILKAMAL,20210416,1915.2,1928.3,1875,1916.25,11559
NIPPOBATRY,20210416,707,786,707,774.35,10271
NIRAJ,20210416,41,42.3,40.5,41.05,4888
NITCO,20210416,18.95,19.45,18.9,18.9,17763
NITINSPIN,20210416,82.5,84.7,81.4,81.85,178776
NKIND,20210416,24.35,24.4,21.1,21.25,1060
NLCINDIA,20210416,47.85,48.2,47.75,47.8,727575
NMDC,20210416,142.6,145.3,142,142.5,9276347
NOCIL,20210416,176.15,177.3,172,172.85,426665
NOIDATOLL,20210416,6.65,6.75,6.3,6.6,50790
NOVARTIND,20210416,583.25,586.1,577.2,583.15,6297
NPBET,20210416,168.05,179.95,168.05,170.38,505
NRAIL,20210416,214.2,224.45,214,222.7,21514
NRBBEARING,20210416,105,106.7,104.1,104.4,116556
NSIL,20210416,1267.1,1300,1267.1,1288.1,473
NTL,20210416,0.75,0.75,0.7,0.75,2520
NTPC,20210416,101.9,102.9,100.5,102.45,14654851
NUCLEUS,20210416,538,557,531.2,552.45,55778
NURECA,20210416,925,1005,925,1005,67312
NXTDIGITAL,20210416,466.9,544,466.9,489.35,34788
OAL,20210416,745,745,702.2,705.5,23209
OBEROIRLTY,20210416,560.5,561,550.05,552.9,105767
OCCL,20210416,899,918.55,871.15,881.85,15947
OFSS,20210416,3300.4,3421.95,3300.4,3366.25,87205
OIL,20210416,118.6,120.4,118.25,118.8,1023065
OILCOUNTUB,20210416,5,5.25,4.8,5.25,24178
OLECTRA,20210416,185.5,198.75,185.5,194.2,688699
OMAXAUTO,20210416,41.35,42,41,41.5,4180
OMAXE,20210416,67.55,67.55,66.5,67.2,105791
OMINFRAL,20210416,21.9,22.8,20.9,22.25,112632
ONELIFECAP,20210416,6,6,5.85,5.85,793
ONEPOINT,20210416,11.6,12.35,11.55,11.7,7891
ONGC,20210416,104.6,107.85,104.2,107.3,21627285
ONMOBILE,20210416,100.8,104.9,100,100.6,492800
ONWARDTEC,20210416,113.85,116.7,113.55,114.4,27263
OPTIEMUS,20210416,129.7,129.7,124.9,125.95,118537
OPTOCIRCUI,20210416,3.9,3.9,3.9,3.9,100470
ORBTEXP,20210416,58.25,60,57.3,59.1,3959
ORCHPHARMA,20210416,1593.35,1593.35,1593.35,1593.35,387
ORICONENT,20210416,19.5,19.5,18.5,18.7,7631
ORIENTABRA,20210416,21.8,21.95,21.5,21.55,20110
ORIENTALTL,20210416,7.15,7.15,6.6,6.65,25977
ORIENTBELL,20210416,212.8,219.65,208.3,210.1,54795
ORIENTCEM,20210416,104.35,107.65,102.35,106.95,1594114
ORIENTELEC,20210416,288.55,293.3,287.55,289.55,191772
ORIENTHOT,20210416,23,23,22.4,22.6,20535
ORIENTLTD,20210416,84.9,87,78.05,83.8,1016
ORIENTPPR,20210416,23.2,23.75,23.1,23.2,560387
ORIENTREF,20210416,284,294.8,280.1,283.6,164130
ORISSAMINE,20210416,2412,2466.5,2410,2419.6,4597
ORTINLAB,20210416,29,31.4,28.6,31.35,958683
OSWALAGRO,20210416,9.05,9.35,8.8,9.15,36498
PAGEIND,20210416,29760,30400,29350.1,30217.8,26060
PAISALO,20210416,693,704,657.95,680.35,44352
PALASHSECU,20210416,52.05,54.2,52,52.4,13186
PALREDTEC,20210416,107,117.65,107,117.65,9769
PANACEABIO,20210416,249,265.75,245,257,1089238
PANACHE,20210416,59.5,59.8,55.3,58.95,22256
PANAMAPET,20210416,157,157,151.9,152.3,42232
PARACABLES,20210416,8.75,8.9,8.5,8.8,85814
PARAGMILK,20210416,107.9,114.7,106.8,112.3,1006186
PARSVNATH,20210416,7.9,8.4,7.6,8,98841
PATELENG,20210416,11.9,12,11.55,11.7,265461
PATINTLOG,20210416,18.7,18.7,17.8,18.05,40053
PATSPINLTD,20210416,5.2,5.2,4.35,4.95,14254
PCJEWELLER,20210416,24,24.3,23.5,23.8,694248
PDMJEPAPER,20210416,23.9,23.9,23,23.1,18435
PDSMFL,20210416,670.4,675,670.4,670.95,5109
PEARLPOLY,20210416,16.15,17.65,15.5,17.1,22414
PEL,20210416,1716,1751.7,1703.85,1720.05,556765
PENIND,20210416,17.5,17.6,16.5,17.3,296386
PENINLAND,20210416,6.95,6.95,6.35,6.95,126965
PERSISTENT,20210416,1955.5,1988.95,1941.3,1961.7,122813
PETRONET,20210416,224.75,224.75,219.5,220.55,5628509
PFC,20210416,109.35,110,108.5,109.1,3028316
PFIZER,20210416,5135,5292,5110,5218.55,235724
PFOCUS,20210416,64,72,63.1,68.9,323832
PFS,20210416,17.35,17.55,17.2,17.25,291675
PGEL,20210416,320.05,332,316.55,319.6,47521
PGHH,20210416,13612,14122,13580.15,13958.15,5329
PGHL,20210416,6377.55,6466.75,6331.8,6355.9,12926
PGIL,20210416,197.05,197.05,182.65,183.8,4253
PHILIPCARB,20210416,207,209.85,203.15,204.05,1430180
PHOENIXLTD,20210416,725.8,731.45,702.45,715.35,157287
PIDILITIND,20210416,1835.4,1848,1808.35,1823.7,566717
PIIND,20210416,2400,2510,2396.75,2495.35,527928
PILANIINVS,20210416,1710.05,1710.1,1680.1,1689.5,1992
PILITA,20210416,15.9,15.9,15.2,15.35,50816
PIONDIST,20210416,101.25,102.9,100.6,101.3,4197
PIONEEREMB,20210416,38.9,46.9,38.55,45.2,721265
PITTIENG,20210416,65.35,68.95,64.75,66.4,208258
PKTEA,20210416,207.15,210.55,207.15,210.55,151
PLASTIBLEN,20210416,224.85,228.6,222.05,223.9,9550
PNB,20210416,35,35.4,34.5,34.8,100392762
PNBGILTS,20210416,51.2,51.8,50.5,50.75,168675
PNBHOUSING,20210416,368,384,368,374.4,203485
PNC,20210416,50.3,50.3,50,50.3,56574
PNCINFRA,20210416,236.9,279,236,239.05,176733
PODDARHOUS,20210416,163.5,163.5,155.65,158.05,507
PODDARMENT,20210416,191.05,209.8,188.15,208.1,76128
POKARNA,20210416,238.9,241.6,233.1,234.4,45724
POLYCAB,20210416,1410,1429,1388,1403,402841
POLYMED,20210416,860.5,885.4,858.05,875,46091
POLYPLEX,20210416,920,920,885,893.85,253700
PONNIERODE,20210416,155.85,160,153.95,159.5,11467
POWERGRID,20210416,207.5,214.8,207.25,209.85,12386729
POWERINDIA,20210416,1519.6,1562.75,1508.85,1516.2,94718
POWERMECH,20210416,574.65,587.65,571,575,20960
PPAP,20210416,188,188,183,185,12489
PPL,20210416,119.75,128.8,118.2,125.65,232165
PRABHAT,20210416,99.5,99.75,99.35,99.5,149855
PRAENG,20210416,8.4,8.4,7.25,7.85,19611
PRAJIND,20210416,214.35,237.8,211.5,233.35,14710758
PRAKASH,20210416,81.3,82.7,79.8,80.2,1362877
PRAKASHSTL,20210416,0.75,0.8,0.75,0.8,203351
PRAXIS,20210416,37.3,37.3,33.85,34.05,10316
PRECAM,20210416,43.6,45.6,43.6,44.9,77809
PRECOT,20210416,103.55,103.55,100.9,102.05,9187
PRECWIRE,20210416,182.25,186.95,181,183.4,22979
PREMEXPLN,20210416,157.45,158.9,153,156.85,9589
PREMIER,20210416,2.45,2.45,2.45,2.45,8420
PREMIERPOL,20210416,36.95,37.8,35.1,35.75,3072
PRESSMN,20210416,22.8,22.8,21.7,22.35,15544
PRESTIGE,20210416,305.95,308.6,290.55,295.15,434311
PRICOLLTD,20210416,73.95,76.45,72.2,75.5,979708
PRIMESECU,20210416,45,46,43.75,44.55,5158
PRINCEPIPE,20210416,491.8,520,491.8,508.4,506061
PRIVISCL,20210416,909,969,901,918.25,62079
PROZONINTU,20210416,16.75,16.75,16.4,16.45,62960
PRSMJOHNSN,20210416,123.4,127.7,122.55,125.15,313216
PSB,20210416,17.7,18.1,17.5,17.75,596864
PSPPROJECT,20210416,418,418,412.2,413.95,28070
PSUBNKBEES,20210416,23.25,23.25,22.21,22.29,636354
PTC,20210416,83,85.95,82.9,84.35,1158734
PTL,20210416,37.5,37.65,36.6,36.85,176358
PUNJABCHEM,20210416,865.3,892,860,876.45,12280
PURVA,20210416,66.05,68.1,66.05,67.25,51736
PVR,20210416,1053.95,1068.85,1030.3,1051.65,1950171
QGOLDHALF,20210416,2031,2035,2018,2029.7,1916
QNIFTY,20210416,1509,1519,1509,1519,13
QUESS,20210416,600,611.3,576,579.85,195125
QUICKHEAL,20210416,190.5,197.7,190.1,192.65,378882
RADAAN,20210416,0.75,0.85,0.75,0.85,20385
RADICO,20210416,509.7,520.2,505,516.2,128391
RADIOCITY,20210416,24.1,24.7,24.05,24.3,84901
RAILTEL,20210416,115.65,116.5,114.2,114.9,1081879
RAIN,20210416,158.75,171.25,157.05,163.95,6403735
RAJESHEXPO,20210416,504.9,506,497.55,501.5,115039
RAJMET,20210416,85.6,85.65,82,82,650
RAJRATAN,20210416,790,863.95,768.55,846.7,31404
RAJSREESUG,20210416,17.5,18.5,17.5,18.15,7978
RAJTV,20210416,30.95,32.2,30.95,31.85,961
RALLIS,20210416,259.15,270.5,259.15,269.1,705585
RAMANEWS,20210416,14.5,15.2,14.5,14.8,27869
RAMASTEEL,20210416,78.35,78.35,73.75,73.75,1271
RAMCOCEM,20210416,1004.25,1030.35,993.95,1012.9,1044385
RAMCOIND,20210416,255.25,258.6,252.6,256.25,38785
RAMCOSYS,20210416,525.1,534,500.1,503.8,381301
RAMKY,20210416,68.9,68.9,65.05,66,41602
RANASUG,20210416,10.9,11.4,10.3,10.5,2879013
RANEENGINE,20210416,258.95,264.95,255.45,259.85,3018
RANEHOLDIN,20210416,567.5,588.65,551.85,579.35,37004
RATNAMANI,20210416,1959,1985,1905.85,1962,28466
RAYMOND,20210416,335.9,340.85,332,334.7,271724
RBL,20210416,818.95,833.15,810.25,820.1,6153
RBLBANK,20210416,190.5,192,187,187.75,13085937
RCF,20210416,73.45,74.5,72.05,72.5,2904097
RCOM,20210416,1.65,1.7,1.6,1.65,10052653
RECLTD,20210416,128,129,126.7,127.1,2505833
REDINGTON,20210416,174.8,178.3,172,174.75,239163
REFEX,20210416,112,113,102.5,104.05,680701
RELAXO,20210416,906,926.45,886,892.45,223728
RELCAPITAL,20210416,10.05,10.35,9.95,10,725708
RELIANCE,20210416,1936.6,1949.9,1926.45,1932.1,7225679
RELIGARE,20210416,92.9,94.8,90.9,91.5,647956
RELINFRA,20210416,34.9,36,34.4,35.05,3235625
REMSONSIND,20210416,150.3,151,144.55,147.7,8368
RENUKA,20210416,10,10.45,9.9,10.05,8693351
REPCOHOME,20210416,292,325,290,313.1,298278
REPL,20210416,211.95,211.95,206.6,208.05,13161
REPRO,20210416,342.05,347.35,339,340.55,4497
RESPONIND,20210416,172.95,177.7,157.25,161.7,163736
REVATHI,20210416,508,508,488.2,499.4,584
RGL,20210416,394,399.9,371.05,389.25,57563
RHFL,20210416,2.45,2.5,2.35,2.4,464945
RICOAUTO,20210416,39.5,42.25,39,40.85,1788794
RIIL,20210416,368,371.55,363.1,364.45,98043
RITES,20210416,238.65,240.5,237,237.8,432617
RKDL,20210416,7.9,7.9,7.55,7.8,13699
RKEC,20210416,60.15,64.65,59.95,61.9,45416
RKFORGE,20210416,512,523.3,508.8,512.85,8501
RMCL,20210416,2.3,2.3,2.2,2.2,98268
RML,20210416,345.95,367.9,345.55,355.15,24482
ROHITFERRO,20210416,1.5,1.5,1.4,1.4,14415
ROHLTD,20210416,61.1,61.1,59.05,59.8,20879
ROLLT,20210416,3.2,3.2,3.15,3.2,31194
ROLTA,20210416,4,4.1,4,4.05,312173
ROML,20210416,99.45,100,92.65,93.3,4329
ROSSARI,20210416,1045.85,1064.65,1039,1050.8,88312
ROSSELLIND,20210416,105.15,109,103.15,103.85,14812
ROUTE,20210416,1513,1536,1486.25,1498.45,431478
RPGLIFE,20210416,420,424,411.1,412.85,35486
RPOWER,20210416,4.4,4.75,4.3,4.7,34681451
RPPINFRA,20210416,55.8,56.8,53.75,54,30167
RPSGVENT,20210416,335.9,343.5,331.55,335.2,18233
RSSOFTWARE,20210416,26.25,28.5,26.2,26.5,32813
RSWM,20210416,182,190.15,181.95,186.1,12794
RSYSTEMS,20210416,118.5,118.5,113.9,114.15,9350
RTNINDIA,20210416,6.75,6.75,6.4,6.75,3223357
RTNPOWER,20210416,2.55,2.6,2.5,2.55,2710473
RUBYMILLS,20210416,163.15,167.4,163,163.8,2723
RUCHI,20210416,660.1,668,655.1,659.85,19146
RUCHINFRA,20210416,5.9,5.9,5.7,5.8,34586
RUCHIRA,20210416,61.2,62.85,60.1,60.95,23668
RUPA,20210416,297.9,308,297,302.65,78670
RUSHIL,20210416,211,213.5,191,199.25,121464
RVHL,20210416,16.2,17,15.95,17,23367
RVNL,20210416,27.35,28.15,27.2,27.7,4171809
S&SPOWER,20210416,19,21,19,19.2,2216
SABEVENTS,20210416,1.2,1.2,1.2,1.2,660
SADBHAV,20210416,65.9,67.3,63.2,63.75,469600
SADBHIN,20210416,21,21,20.1,20.2,190952
SAFARI,20210416,569,575,553.65,573.45,6559
SAGARDEEP,20210416,32.8,32.8,32,32.8,2654
SAGCEM,20210416,741.8,754.85,727,750.75,23209
SAIL,20210416,93.8,94.5,91.05,91.6,39292380
SAKAR,20210416,112.9,113.35,109.95,111.5,17370
SAKHTISUG,20210416,10.05,10.25,9.65,9.9,136867
SAKSOFT,20210416,491,515,469,475.75,135121
SAKUMA,20210416,4.85,5,4.8,4.9,171924
SALASAR,20210416,476,480,465.3,473.6,49778
SALONA,20210416,81.3,82.55,78.45,79.9,806
SALSTEEL,20210416,4.5,4.9,4.5,4.9,464665
SALZERELEC,20210416,122.7,124.75,120.1,120.55,25624
SAMBHAAV,20210416,2.1,2.1,1.95,2.05,65363
SANCO,20210416,8.2,8.9,8.1,8.85,38166
SANDESH,20210416,644.45,665,643,656.15,1605
SANDHAR,20210416,204.75,206.5,200.3,204.75,9695
SANGAMIND,20210416,81.2,81.2,80.1,80.1,2957
SANGHIIND,20210416,41.8,43.3,41.65,42.6,651624
SANGHVIFOR,20210416,18.1,18.7,18.1,18.2,135
SANGHVIMOV,20210416,116.3,127.9,114.5,122,186589
SANGINITA,20210416,22.1,22.25,20.6,21.7,30635
SANOFI,20210416,8108,8108,7999,8047.7,32528
SARDAEN,20210416,443.65,447.95,429.3,432.1,38563
SAREGAMA,20210416,1707.25,1820,1680,1772.7,35193
SARLAPOLY,20210416,24.7,24.8,24.3,24.65,46823
SASKEN,20210416,936.95,972,918,959.15,38224
SASTASUNDR,20210416,122.2,134.5,122,126.95,295251
SATIA,20210416,81,81.9,79.8,80.25,22608
SATIN,20210416,89.8,92.35,89.05,90.95,173893
SBICARD,20210416,915.8,981.4,915,973.7,5938047
SBIETFIT,20210416,266.99,266.99,263.56,263.92,692
SBIETFPB,20210416,175,175,166.1,167.63,2307
SBIETFQLTY,20210416,129,129.95,126.74,127.14,2362
SBILIFE,20210416,917,919.55,905.6,914.2,1310422
SBIN,20210416,343,345.5,338.65,339.9,37766793
SCAPDVR,20210416,2,2.2,2,2,31301
SCHAEFFLER,20210416,5250,5298.75,5125,5167.2,12907
SCHAND,20210416,93.3,98.4,90.25,96.9,25779
SCHNEIDER,20210416,91.5,93.65,90.65,92.2,260113
SCI,20210416,103.9,107.5,103.1,103.9,1643687
SDBL,20210416,28.8,31,28.1,29.15,287394
SEAMECLTD,20210416,420,420,410,415.3,4097
SECURKLOUD,20210416,90.95,93,89.55,91.85,27705
SELAN,20210416,126.35,126.35,122.15,123.25,17656
SEPOWER,20210416,3.9,3.9,3.65,3.8,8020
SEQUENT,20210416,252.35,259,250.5,255.85,437620
SESHAPAPER,20210416,164.9,166,158.9,161.3,24084
SETCO,20210416,15.4,15.4,14.2,14.4,93829
SETF10GILT,20210416,204.49,204.49,202.05,202.06,290
SETFGOLD,20210416,4188.1,4199.8,4164,4185.05,18912
SETFNIF50,20210416,149.9,149.9,147.3,147.97,155601
SETFNIFBK,20210416,320.33,322.86,318.72,319.3,55772
SETFNN50,20210416,358.99,361.99,355.01,358.67,17935
SETUINFRA,20210416,0.7,0.75,0.65,0.7,230289
SEYAIND,20210416,50,50.5,48.5,49.95,9888
SFL,20210416,2012,2041.7,1976,1991.4,7983
SGL,20210416,8.1,8.7,8.1,8.5,14077
SHAHALLOYS,20210416,10.4,10.4,9.7,10.4,18720
SHAKTIPUMP,20210416,499,517.6,497.2,506.65,77908
SHALBY,20210416,115.8,117,113.15,114.3,192638
SHALPAINTS,20210416,88,90.4,87.3,88.75,38231
SHANKARA,20210416,386.1,391.25,377.25,382.95,124599
SHANTIGEAR,20210416,137.5,142,133.8,134.5,64997
SHARDACROP,20210416,280,297.95,274.15,294.6,185025
SHARDAMOTR,20210416,405,412,397,400.4,59294
SHAREINDIA,20210416,319.85,330,319.85,324.1,38281
SHARIABEES,20210416,374.8,376.63,373,375.45,625
SHEMAROO,20210416,77,89.85,75.15,88.2,1735348
SHIL,20210416,266.05,277.75,263.45,269.4,68420
SHILPAMED,20210416,380,394.4,373.85,381.9,357472
SHIVAMAUTO,20210416,16.9,17,16.3,16.75,24654
SHIVAMILLS,20210416,42.5,43.9,41.4,42.15,2720
SHIVATEX,20210416,146.3,146.3,140,142.05,3773
SHK,20210416,133.5,137.5,131.7,133.55,670987
SHOPERSTOP,20210416,195,195,190.6,193.2,87256
SHRADHA,20210416,36.5,36.5,36.1,36.1,114
SHREDIGCEM,20210416,63.6,65.7,63.25,63.9,287604
SHREECEM,20210416,30440,30988.8,30056.15,30821.1,58345
SHREEPUSHK,20210416,146,149.9,143.95,146.4,60287
SHREERAMA,20210416,9.9,9.95,9.7,9.8,29355
SHRENIK,20210416,1.7,1.7,1.6,1.6,1408886
SHREYANIND,20210416,90,91.1,85.5,86.8,24549
SHREYAS,20210416,76.9,77.5,73.55,76.85,42240
SHRIPISTON,20210416,750,755,750,755,14
SHRIRAMCIT,20210416,1473.45,1497.35,1445,1471.2,28432
SHRIRAMEPC,20210416,4,4,3.9,3.95,220862
SHYAMCENT,20210416,5.95,5.95,5.25,5.5,109392
SICAGEN,20210416,16.9,17.75,16.2,16.95,37134
SICAL,20210416,12.1,12.7,12.1,12.1,141897
SIEMENS,20210416,1815.55,1873.2,1806.2,1847.75,630269
SIGIND,20210416,29.95,29.95,28.35,28.75,39719
SIL,20210416,19.9,19.9,18.55,18.6,46029
SILGO,20210416,51,53.45,51,52.25,73736
SILINV,20210416,184.05,189.65,183,183.3,4319
SILLYMONKS,20210416,23.5,23.5,22.05,23.45,291
SIMBHALS,20210416,7.65,8,7.65,8,46189
SIMPLEXINF,20210416,30.35,30.35,29,29.1,116534
SINTERCOM,20210416,79.5,83,65.65,72.05,43719
SINTEX,20210416,3.4,3.5,3.3,3.4,661106
SIRCA,20210416,350,365,346.05,364.2,134270
SIS,20210416,370,372,367,369.45,75958
SITINET,20210416,0.8,0.8,0.7,0.75,4677945
SIYSIL,20210416,190.85,198.8,189.5,193.3,63694
SJVN,20210416,25.1,25.4,25.1,25.3,1203585
SKFINDIA,20210416,2180,2220,2151.2,2192.3,8511
SKIL,20210416,2.6,2.65,2.45,2.5,16752
SKIPPER,20210416,56.35,57.75,55.15,56.5,14645
SKMEGGPROD,20210416,48,48.5,47,47.5,31209
SMARTLINK,20210416,84.7,84.7,83.55,83.65,5122
SMCGLOBAL,20210416,69.8,74.4,68.05,73.55,292623
SMLISUZU,20210416,460.05,464.6,457,459.45,9105
SMSLIFE,20210416,563.9,565,547,561.6,5802
SMSPHARMA,20210416,142.35,142.35,139,140.6,84352
SNOWMAN,20210416,47.05,49.65,46.7,47.75,2240065
SOBHA,20210416,521,526,499.2,504.2,187395
SOLARA,20210416,1425,1480,1409.15,1462.3,91704
SOLARINDS,20210416,1311.85,1311.85,1295,1298.85,3758
SOMANYCERA,20210416,424.9,427.5,414.95,419.55,14902
SOMATEX,20210416,4.8,5.15,4.8,5.15,6641
SOMICONVEY,20210416,35.95,36,34.05,35,3317
SONATSOFTW,20210416,596.9,601.9,581.25,586.7,206267
SORILINFRA,20210416,133.55,139,131.65,134.4,34610
SOTL,20210416,1008,1010,997.15,1007.7,8380
SOUTHBANK,20210416,8,8.1,7.95,7.95,9395780
SOUTHWEST,20210416,50.45,52.4,49.1,49.3,10760
SPAL,20210416,149.15,152.05,146.55,151.1,15499
SPANDANA,20210416,565,568.7,550.1,551.45,37582
SPARC,20210416,162.6,167.65,161.25,164.65,1012044
SPECIALITY,20210416,37.8,42,37.5,40.4,74069
SPENCERS,20210416,69.75,70.5,68.65,68.9,259702
SPIC,20210416,29.8,30.5,29.5,29.65,522604
SPICEJET,20210416,67.4,68.2,65.7,65.9,3231940
SPLIL,20210416,32.9,33.4,32.5,32.75,9451
SPMLINFRA,20210416,9.9,10.1,9.8,9.85,36819
SPTL,20210416,3.1,3.25,3.1,3.15,671952
SPYL,20210416,0.4,0.4,0.35,0.4,236527
SREEL,20210416,140.65,142.95,140.05,140.25,2962
SREINFRA,20210416,6.8,6.95,6.65,6.7,1538514
SRF,20210416,5997.85,6160,5988,6127.25,154684
SRHHYPOLTD,20210416,247,247,234.15,243.1,14843
SRIPIPES,20210416,169.05,173.5,169.05,171.85,39317
SRPL,20210416,27.15,27.15,27.15,27.15,900
SRTRANSFIN,20210416,1375.3,1394.95,1365.6,1378,2401238
SSWL,20210416,685.15,694.75,683,685.25,15154
STAR,20210416,859.45,929.5,853,922.15,2490443
STARCEMENT,20210416,97.9,100.1,97.75,98.25,194886
STARPAPER,20210416,113.15,115.35,111.85,112.95,35534
STCINDIA,20210416,78.7,81,75.1,78,39285
STEELCITY,20210416,35.85,35.85,34.15,34.5,8717
STEELXIND,20210416,59.65,60.75,57.3,60.4,113205
STEL,20210416,77,79.7,76.1,77.9,7260
STERTOOLS,20210416,189.9,189.9,183.55,184.55,13192
STLTECH,20210416,224,226.2,215.3,223.3,506492
STOVEKRAFT,20210416,479.3,489.9,476.6,483.6,56720
SUBEXLTD,20210416,47.3,47.8,45.15,45.35,7582354
SUBROS,20210416,302.2,306.85,296,301.9,10172
SUDARSCHEM,20210416,550.5,568,542,551.95,108792
SUMEETINDS,20210416,5.85,5.85,5.85,5.85,60703
SUMICHEM,20210416,282.4,295.9,281.95,294,553874
SUMIT,20210416,11.25,11.4,10.2,10.3,72320
SUMMITSEC,20210416,506.75,510,496.25,502.4,2072
SUNCLAYLTD,20210416,3035,3035,2981,3001,2692
SUNDARAM,20210416,1.25,1.25,1.2,1.25,188056
SUNDARMFIN,20210416,2396,2463.95,2379.05,2432.8,24280
SUNDARMHLD,20210416,75.4,76.15,74.3,75.5,27284
SUNDRMBRAK,20210416,337,343.75,335.55,336.3,807
SUNDRMFAST,20210416,701.6,715,700.1,708.4,35551
SUNFLAG,20210416,65.7,67.35,64.8,65.95,919989
SUNPHARMA,20210416,633.25,650,626.35,646.05,9804095
SUNTECK,20210416,280.85,283.35,279,280.85,153146
SUNTV,20210416,463,485.7,463,476.05,2061372
SUPERHOUSE,20210416,114.75,116.85,114.25,114.55,8990
SUPERSPIN,20210416,4.4,4.45,4.25,4.35,15794
SUPPETRO,20210416,511,525.05,498.5,516.6,163208
SUPRAJIT,20210416,269.95,271.8,261,262,86070
SUPREMEENG,20210416,26.75,26.75,24.3,25.35,8660
SUPREMEIND,20210416,1979,1991.85,1941.75,1983,36664
SURANASOL,20210416,9,9.15,8.4,9,18309
SURANAT&P,20210416,4.05,4.35,4.05,4.25,8726
SURYALAXMI,20210416,30.15,30.75,29.15,30.35,2862
SURYAROSNI,20210416,357.6,365,355.25,357.2,145966
SURYODAY,20210416,256,259.85,254.05,255.95,121048
SUTLEJTEX,20210416,41.3,41.35,38.1,38.45,203087
SUULD,20210416,204,210.1,200.15,209.65,11931
SUVEN,20210416,92.5,92.65,87.5,88.3,900816
SUVENPHAR,20210416,486.6,486.8,479.1,481.5,254425
SUVIDHAA,20210416,59.65,59.65,59.65,59.65,10960
SUZLON,20210416,4.7,4.85,4.65,4.75,6896316
SWANENERGY,20210416,133,134.85,131.55,133.2,179693
SWARAJENG,20210416,1332,1405,1332,1374,11070
SWELECTES,20210416,201.15,201.2,196,197.2,5624
SWSOLAR,20210416,306,336,305.9,309.65,3108465
SYMPHONY,20210416,1187.95,1209.95,1176.9,1192.55,23610
SYNGENE,20210416,576,594,573.05,589.4,570631
TAINWALCHM,20210416,58.95,59.25,56.35,57.5,1867
TAJGVK,20210416,110.95,111,108.5,109.4,51602
TAKE,20210416,47.35,48.65,46.75,47.15,1662959
TALBROAUTO,20210416,218,218,208.25,209.9,8417
TANLA,20210416,918.5,956.4,907.25,921.85,140480
TARC,20210416,27.5,28.15,26.9,28,329016
TARMAT,20210416,46.9,46.95,45.65,46.1,3192
TASTYBITE,20210416,14360,14469.65,14158,14287,883
TATACHEM,20210416,752.7,773.25,745.7,753.1,5047883
TATACOFFEE,20210416,117.1,119.75,116.75,119.05,1569725
TATACOMM,20210416,1114.7,1129.45,1104.05,1108.6,460130
TATACONSUM,20210416,662.8,676.55,660.3,671.3,2708331
TATAELXSI,20210416,2938,3073,2930.1,2963.8,293199
TATAINVEST,20210416,1004.5,1008.3,993.3,1000.85,17930
TATAMETALI,20210416,880,903.65,872.35,878.55,367322
TATAMOTORS,20210416,302,315,300.15,310,75330709
TATAMTRDVR,20210416,134.4,140.25,133.6,138.25,4712747
TATAPOWER,20210416,95,97.95,94.05,97.15,49515934
TATASTEEL,20210416,903.8,914.4,886.25,890.25,17398598
TATASTLBSL,20210416,58.4,59.15,57.4,57.6,9950491
TATASTLLP,20210416,780,811.25,780,811.25,147378
TBZ,20210416,62.65,63,62.05,62.55,45531
TCI,20210416,260,273.2,260,269,69610
TCIDEVELOP,20210416,304.95,312.5,299.2,300.1,5179
TCIEXP,20210416,856,859.9,835,840.65,15387
TCIFINANCE,20210416,6.15,6.15,5.85,6,4033
TCNSBRANDS,20210416,466.1,479.9,466.1,469.7,14292
TCPLPACK,20210416,409.9,410.05,391,392.05,3405
TCS,20210416,3229,3247,3182.6,3195.15,3224657
TDPOWERSYS,20210416,150,154.05,148,150.3,32735
TEAMLEASE,20210416,3315.1,3365,3250,3257.6,9653
TECHIN,20210416,2.8,2.8,2.7,2.7,280
TECHM,20210416,998,1013.5,996,1010.3,2660763
TECHNOE,20210416,299.5,315,293.75,306.6,148412
TEJASNET,20210416,162.15,166.9,162.15,165.4,203323
TERASOFT,20210416,37.95,37.95,36.15,36.35,20941
TEXINFRA,20210416,72.05,73.35,71.6,72.45,19268
TEXMOPIPES,20210416,29.5,29.7,28.2,28.6,166661
TEXRAIL,20210416,25.45,25.9,25.05,25.15,279524
TFCILTD,20210416,57,57.5,55.05,55.8,132759
TFL,20210416,2.35,2.35,2.25,2.25,2000
TGBHOTELS,20210416,4.3,4.8,4.3,4.65,16989
THANGAMAYL,20210416,619.9,619.9,607.5,610.45,9108
THEINVEST,20210416,92.1,96.75,88,94.5,11330
THEMISMED,20210416,315,315,306.25,307.2,1036
THERMAX,20210416,1360.1,1382,1348.15,1354.1,55382
THOMASCOOK,20210416,45.05,45.8,44.95,45.05,152558
THOMASCOTT,20210416,7.95,7.95,7.3,7.3,38
THYROCARE,20210416,1039,1046,1005.3,1010.55,365277
TI,20210416,33.35,34.5,33.15,33.3,157555
TIDEWATER,20210416,4355.7,4380,4335,4366.5,798
TIIL,20210416,374.05,383.75,372.25,379.95,9620
TIINDIA,20210416,1106,1124.3,1105,1117.65,23690
TIJARIA,20210416,7.05,7.05,6.5,6.65,5642
TIL,20210416,163.1,166.4,158,162.65,7014
TIMESGTY,20210416,31.4,33.8,29.05,33.8,118865
TIMETECHNO,20210416,73.9,76.9,71.1,75.15,2370047
TIMKEN,20210416,1344,1344.6,1320.15,1327.35,33652
TINPLATE,20210416,182,182.7,169.05,169.9,2322252
TIPSINDLTD,20210416,499.85,513,480.05,506.35,3948
TIRUMALCHM,20210416,87.1,92.5,87.1,90.15,1012687
TIRUPATIFL,20210416,27.25,27.25,27.25,27.25,18
TITAN,20210416,1529.8,1559.8,1529.8,1549.05,1501276
TMRVL,20210416,11.75,12,11.3,11.65,32687
TNPETRO,20210416,63.5,70.9,62.5,69.4,5699998
TNPL,20210416,139,140,137,137.3,55382
TNTELE,20210416,4.55,4.65,4.25,4.25,11719
TOKYOPLAST,20210416,70,71.15,69.65,70.05,1375
TORNTPHARM,20210416,2570,2631,2552.1,2619.5,274608
TORNTPOWER,20210416,395.5,412,395.5,408.7,1961713
TOTAL,20210416,42.1,43.7,41.55,42.2,16799
TOUCHWOOD,20210416,97.4,100,93,97.9,1545
TPLPLASTEH,20210416,180.85,189.4,180.6,186.55,17771
TREEHOUSE,20210416,8.9,8.9,8.4,8.7,63552
TREJHARA,20210416,32.5,32.7,30.9,31.75,68617
TRENT,20210416,740.1,755.8,731,743.65,692021
TRF,20210416,88.3,89.9,88,88.4,4837
TRIDENT,20210416,13.95,14.25,13.85,14,8266000
TRIGYN,20210416,69.95,70.3,68.2,68.75,45609
TRIL,20210416,17.85,17.9,17.3,17.6,69847
TRITURBINE,20210416,102,103.85,101.25,101.9,49402
TRIVENI,20210416,99.25,103.7,99.25,101.95,2509537
TTKHLTCARE,20210416,507.6,507.6,496.75,502.4,858
TTKPRESTIG,20210416,7437,7495,7319.8,7348.7,2457
TTL,20210416,44.8,45.8,44.7,44.85,2652
TTML,20210416,10.8,11.85,10.75,11.85,2168176
TV18BRDCST,20210416,27.15,28.4,27.15,28.15,5499466
TVSELECT,20210416,126.4,129.25,125,128.25,16194
TVSMOTOR,20210416,540,559.4,537,551.05,1867109
TVSSRICHAK,20210416,1701.1,1739,1685,1704.35,10502
TVTODAY,20210416,272.2,275.15,270.3,273.75,35094
TVVISION,20210416,2.3,2.3,2.3,2.3,1630
TWL,20210416,48.15,49.6,47.6,49.2,310304
UBL,20210416,1091,1109.1,1090.15,1100,469464
UCALFUEL,20210416,140.5,141.7,136.25,139.95,63257
UCOBANK,20210416,11.4,11.65,11.15,11.2,6565267
UFLEX,20210416,368.9,376.15,363,366,93818
UFO,20210416,72.75,74.2,71,72.05,62490
UGARSUGAR,20210416,18.05,18.8,17.9,18.1,348884
UJAAS,20210416,2.45,2.5,2.4,2.45,250393
UJJIVAN,20210416,202.8,207,197.8,201,706595
UJJIVANSFB,20210416,28.9,29.4,28.75,28.85,2563662
ULTRACEMCO,20210416,6510,6786.45,6510,6715.2,636917
UMANGDAIRY,20210416,56.25,56.85,54.8,55.15,14062
UMESLTD,20210416,3.6,3.6,3.35,3.35,9488
UNICHEMLAB,20210416,311.15,325,310.35,322.4,66725
UNIDT,20210416,305.95,324.15,305.85,311.2,9102
UNIENTER,20210416,76.6,77.85,74.95,75.2,13698
UNIONBANK,20210416,34.75,35.2,34.3,34.45,4778514
UNITEDTEA,20210416,297.6,301.3,295.95,297.1,467
UNIVASTU,20210416,36.55,38.25,36.5,38.15,807
UNIVCABLES,20210416,137.55,137.6,136,137,6884
UNIVPHOTO,20210416,176,178,167.45,174.5,2878
UPL,20210416,610,618.8,602,611.75,3577455
URJA,20210416,5.65,5.7,5.35,5.6,1803624
USHAMART,20210416,38.2,40.7,38.2,38.8,2840051
UTIAMC,20210416,555,570.8,553.05,559.75,176820
UTIBANKETF,20210416,31.74,32.21,31.64,32.08,2080
UTINEXT50,20210416,36.9,36.9,35,35.17,7759
UTINIFTETF,20210416,1510.55,1535.35,1510.55,1528.23,173
UTISENSETF,20210416,511.73,519.97,507.2,509.63,762
UTISXN50,20210416,40.89,41.94,39.04,40.94,2060
UTTAMSTL,20210416,7.3,7.4,7.1,7.35,77459
UTTAMSUGAR,20210416,101.95,107.45,100.45,102.65,343222
V2RETAIL,20210416,110,116.35,107.1,109.2,101477
VADILALIND,20210416,927,927,897.3,903.35,6908
VAIBHAVGBL,20210416,4400,4460.85,4195.05,4223.6,158637
VAISHALI,20210416,33.95,34.5,33,34.2,79675
VAKRANGEE,20210416,58.4,58.7,57.05,57.7,2303117
VALIANTORG,20210416,1457,1457,1410,1428.65,24655
VARDHACRLC,20210416,37.35,37.35,34.95,35.5,44148
VARDMNPOLY,20210416,16.45,17,16.4,16.6,10988
VARROC,20210416,341,364.65,341,350.15,431852
VASCONEQ,20210416,16.55,17,16.5,16.65,98006
VASWANI,20210416,9.25,10.1,9.25,9.65,6608
VBL,20210416,990,1001.65,983.45,989.35,144583
VEDL,20210416,226.2,235.25,224.15,231.8,11975438
VENKEYS,20210416,1550,1575.8,1542,1555.95,37701
VENUSREM,20210416,293.05,296.5,285.55,291.15,42853
VERTOZ,20210416,263.45,268.15,256.1,258.2,95107
VESUVIUS,20210416,1014,1026,1000.55,1021.75,3660
VETO,20210416,142.8,144.9,135.25,136.65,37368
VGUARD,20210416,236,238.9,233.15,235.45,614272
VHL,20210416,1652.05,1670,1607.8,1642.75,795
VICEROY,20210416,2.15,2.25,2.15,2.15,25049
VIDHIING,20210416,188.7,192.75,185,187,87860
VIJIFIN,20210416,0.7,0.7,0.6,0.65,58078
VIKASECO,20210416,2.05,2.05,1.95,2,939809
VIKASMCORP,20210416,2.95,3,2.9,3,1731841
VIKASPROP,20210416,2.4,2.45,2.3,2.4,826341
VIKASWSP,20210416,5.6,5.95,5.55,5.8,327683
VIMTALABS,20210416,204.45,204.5,198.2,199.45,69119
VINATIORGA,20210416,1618.2,1628.95,1599.6,1605.2,71426
VINDHYATEL,20210416,815,815,802,810,11682
VINYLINDIA,20210416,115.85,117.3,115.1,115.45,49690
VIPCLOTHNG,20210416,13.25,13.25,12.2,12.95,122585
VIPIND,20210416,330.6,339,322.15,330.75,396524
VIPULLTD,20210416,28.5,30.35,28.05,30.35,4750
VISAKAIND,20210416,489.95,504.35,487.95,501.35,44837
VISASTEEL,20210416,6.35,6.65,6.05,6.2,67956
VISHAL,20210416,50.8,51.45,48.05,49.05,80403
VISHNU,20210416,287.15,301.4,285.5,301.4,8520
VISHWARAJ,20210416,120.85,127,116.55,124.1,78080
VIVIDHA,20210416,0.8,0.8,0.75,0.75,728431
VIVIMEDLAB,20210416,17.35,20.4,17,19.75,3690204
VLSFINANCE,20210416,82.7,82.7,80.8,81.05,14057
VMART,20210416,2901,2931.15,2800,2814.3,32871
VOLTAMP,20210416,1050,1084.9,1044.8,1075.25,5620
VOLTAS,20210416,948.1,969,943,957.05,1473891
VRLLOG,20210416,232.45,233.35,225.8,227.55,57180
VSSL,20210416,159,172,155.4,166.9,361520
VSTIND,20210416,3278.5,3325,3222,3234.7,11307
VSTTILLERS,20210416,1791.95,1820,1755.1,1780.55,7457
VTL,20210416,1195.05,1210.7,1176.25,1188.55,43730
WABAG,20210416,236,244.5,236,240.75,284242
WABCOINDIA,20210416,6097.1,6395,6046.35,6321.55,10285
WALCHANNAG,20210416,59.45,59.7,58.5,58.65,116915
WANBURY,20210416,98.5,99.7,95.15,97.5,15559
WATERBASE,20210416,113,114.45,110.7,111.35,837452
WEALTH,20210416,121.05,134.9,120.8,134.35,146
WEBELSOLAR,20210416,44.75,45.5,43.5,43.85,203871
WEIZMANIND,20210416,44.8,44.8,40.35,40.75,21197
WELCORP,20210416,145.95,146.9,141.15,142.05,1078935
WELENT,20210416,100.35,104.7,100.35,102.35,131601
WELINV,20210416,420.85,439.95,415.05,422.65,1819
WELSPUNIND,20210416,77.8,82,77.7,81.2,1879724
WENDT,20210416,3115,3148.45,3105,3112.35,544
WESTLIFE,20210416,416,417.6,407,411.55,194685
WHEELS,20210416,435.55,446,435.15,442.9,4511
WHIRLPOOL,20210416,2156.15,2196.4,2124.05,2138.25,67815
WILLAMAGOR,20210416,18.25,19.15,17.5,17.75,13535
WINDMACHIN,20210416,28.1,29.7,28.1,28.85,47183
WIPRO,20210416,441.7,473.65,436,469.2,109361636
WOCKPHARMA,20210416,448.2,464.35,444.05,456.5,636372
WONDERLA,20210416,186.3,188,183.3,185.45,34672
WORTH,20210416,49.2,49.8,47.5,48.05,6580
WSI,20210416,6.5,6.5,6.5,6.5,5507
WSTCSTPAPR,20210416,209,209.3,202.15,203.1,112441
XCHANGING,20210416,64.2,64.8,62.6,62.9,71614
XELPMOC,20210416,308.65,313.6,298,300.95,12903
XPROINDIA,20210416,101.65,101.65,100,101.65,22474
YAARII,20210416,100.35,106.3,100.15,100.55,592702
YESBANK,20210416,14.55,14.8,14.45,14.6,65324005
ZEEL,20210416,189.2,196.9,189.2,193.95,7952202
ZEELEARN,20210416,10,10.9,10,10.3,408908
ZEEMEDIA,20210416,6.15,6.15,6,6.05,456081
ZENITHEXPO,20210416,69,69,65.05,67.1,235
ZENITHSTL,20210416,0.85,0.85,0.75,0.8,32311
ZENSARTECH,20210416,269.95,274.4,266.05,270.35,86476
ZENTEC,20210416,78.2,78.5,76.5,76.8,86602
ZODIACLOTH,20210416,92.6,92.6,89,89.95,21190
ZODJRDMKJ,20210416,26.15,26.2,24.65,25.1,1642
ZOTA,20210416,151,162,151,156.45,123259
ZUARI,20210416,91.6,94.2,90.1,90.85,74831
ZUARIGLOB,20210416,81.9,81.9,78.6,79.15,21819
ZYDUSWELL,20210416,2092.4,2122,2052,2105.1,152256
NSENIFTY,20210416,14599.60,14697.70,14559.00,14617.85,568568743,0
NIFTYJUNIOR,20210416,34385.50,34810.75,34347.75,34640.70,318119720,0
NIFTYMIDCAPLIQ15,20210416,5543.10,5632.15,5533.80,5590.75,82821409,0
NSE100,20210416,14741.80,14850.15,14705.60,14773.20,886688463,0
NIFTY200,20210416,7638.00,7698.10,7618.80,7658.70,1433080770,0
NSE500,20210416,12261.90,12358.55,12232.40,12298.05,1810544991,0
NSEMIDCAP150,20210416,8918.55,9022.55,8896.95,8982.10,567490847,0
MIDCAP50,20210416,6574.85,6664.60,6552.20,6613.55,480770622,0
NSEMIDCAP,20210416,23598.80,23889.95,23527.75,23760.65,546392307,0
NSESMLCAP100,20210416,8212.70,8291.95,8186.45,8263.60,-,0
NIFTYLARGEMIDCAP250,20210416,-,-,-,7922.91,1454179310,0
NIFTYAUTO,20210416,9691.30,9926.45,9679.50,9808.95,123527904,0
BANKNIFTY,20210416,32161.45,32325.15,31911.90,31977.45,282437841,0
NIFTYFINSERVICE,20210416,15404.35,15479.75,15326.00,15362.25,117539278,0
NIFTYFMGC,20210416,34816.90,34957.15,34699.00,34853.15,29154086,0
NSEIT,20210416,26183.45,26476.65,26131.20,26324.90,134399907,0
NIFTYMEDIA,20210416,1446.70,1482.15,1445.80,1474.40,20726929,0
NIFTYMETAL,20210416,4422.30,4500.85,4394.50,4434.00,190260271,0
NIFTYPHARMA,20210416,13016.45,13309.70,12892.00,13234.25,53088388,0
NIFTYPVTBANK,20210416,17187.05,17268.25,17044.80,17097.20,208469745,0
NIFTYPSUBANK,20210416,2058.85,2088.50,2033.50,2038.70,279283313,0
NIFTYREALTY,20210416,315.15,317.20,311.75,313.05,18684540,0
NIFTYCOMMODITIES,20210416,4551.50,4624.00,4538.20,4589.10,240802488,0
NIFTYCONSUMPTION,20210416,5951.50,6018.30,5947.05,5991.10,62204844,0
NIFTYCPSE,20210416,1753.90,1780.70,1743.55,1765.70,85854790,0
NIFTYENERGY,20210416,17757.35,17982.75,17712.25,17841.05,144985626,0
NIFTY100ESG,20210416,-,-,-,2923.93,608030345,0
NIFTY100ENHESG,20210416,-,-,-,2942.06,534782289,0
NIFTYINFRA,20210416,4018.10,4073.85,4016.00,4042.85,252742051,0
NIFTYMNC,20210416,16036.80,16190.90,16012.00,16141.80,119053752,0
NIFTYPSE,20210416,3061.35,3106.10,3051.20,3077.90,233362705,0
NIFTYSMEEMERGE,20210416,-,-,-,2022.74,515868,0
NIFTYSERVSECTOR,20210416,20393.25,20506.90,20307.10,20354.50,344547809,0
NIFTYSHARIAH25,20210416,-,-,-,5612.89,100476005,0
NIFTY50SHARIAH,20210416,-,-,-,3613.91,83321085,0
NIFTY500SHARIAH,20210416,-,-,-,4381.85,304298000,0
NIFTYABGROUP,20210416,-,-,-,4708.82,108608668,0
NIFTYMAHINDRA,20210416,-,-,-,13065.21,15910540,0
NIFTYTATA,20210416,-,-,-,10566.47,182968538,0
NIFTYTATA25CAP,20210416,-,-,-,7789.02,160180448,0
NIFTYABGROUP,20210416,-,-,-,4708.82,108608668,0
NIFTYLIQ15,20210416,3547.85,3570.60,3532.65,3543.60,203316832,0
NIFTY500VALUE50,20210416,-,-,-,4727.24,620621029,0
NIFTYQUALLOWVOL30,20210416,-,-,-,10598.02,188705930,0
NIFTYALPHAQUALLOWVOL30,20210416,-,-,-,12291.37,203308010,0
NIFTYALPHAQUALVALLOWVOL30,20210416,-,-,-,9240.21,207349885,0
NIFTY50EQUALWEIGHT,20210416,16121.90,16324.20,16098.25,16240.70,568568743,0
NIFTY100EQUALWEIGHT,20210416,16967.95,17176.50,16946.10,17100.05,886688463,0
NIFTY100LOWVOL30,20210416,11309.35,11439.00,11295.55,11399.85,241891053,0
NSEDEFTY,20210416,-,-,-,6812.71,-,0
NIFTY50DIVPOINT,20210416,1.92,1.92,1.92,1.92,-,0
NIFTYDIVOPPS50,20210416,3049.75,3069.15,3044.80,3052.55,293868758,0
NIFTYALPHA50,20210416,23820.60,24240.80,23781.60,24108.90,494586999,0
NIFTY50ARBITRAGE,20210416,-,-,-,1951.62,-,0
NIFTY50FUTINDEX,20210416,-,-,-,4795.66,-,0
NIFTY50FUTTRINDEX,20210416,-,-,-,15200.11,-,0
NIFTYHIGHBETA50,20210416,-,-,-,1739.07,697596741,0
NIFTYLOWVOL50,20210416,-,-,-,13903.53,251749815,0
NIFTY50VALUE20,20210416,7473.60,7528.00,7459.10,7493.30,272344245,0
NIFTYGROWSECT15,20210416,7222.80,7308.85,7201.55,7272.40,50335860,0
NIFTY50TR2XLEV,20210416,8638.10,8752.35,8592.55,8659.70,-,0
NIFTY50PR2XLEV,20210416,6470.40,6556.00,6436.25,6486.55,-,0
NIFTY50TR1XINV,20210416,259.85,260.55,258.15,259.50,-,0
NIFTY50PR1XINV,20210416,300.10,300.90,298.10,299.70,-,0
NIFTY-GS-COMPSITE,20210416,2281.76,2281.76,2277.16,2283.12,-,0
NIFTY-GS-4-8YR,20210416,2389.52,2390.61,2387.94,2391.49,-,0
NIFTY-GS-8-13YR,20210416,2235.94,2235.94,2229.19,2236.96,-,0
NIFTY-GS-10YR,20210416,2030.41,2031.92,2020.79,2033.75,-,0
NIFTY-GS-10YR-CLN,20210416,950.07,950.80,945.47,951.68,-,0
NIFTY-GS-11-15YR,20210416,2398.88,2398.88,2389.27,2394.84,-,0
NIFTY-GS-15YRPLUS,20210416,2648.67,2648.67,2648.57,2628.16,-,0
VIX,20210416,20.89,21.09,19.48,20.40,0,0
