20MICRONS,20210318,38.3,38.3,36.25,36.8,72000
21STCENMGM,20210318,14,14,14,14,950
3IINFOTECH,20210318,7.75,8.25,7.65,7.65,17044644
3MINDIA,20210318,28220,28434.7,26700,27556.45,5536
3PLAND,20210318,9.5,9.5,8.6,8.95,4494
5PAISA,20210318,282.85,282.85,267.9,269.75,16083
63MOONS,20210318,78,78.3,75,75.8,63499
A2ZINFRA,20210318,4,4.05,3.8,3.85,264377
AAKASH,20210318,127,130.5,127,129,11267
AARON,20210318,63.6,63.9,58.5,59.15,1850
AARTIDRUGS,20210318,682.4,689,668,683.3,409208
AARTIIND,20210318,1288,1304,1232.5,1240.75,119276
AARTISURF,20210318,985,985,935,939.7,8097
AARVEEDEN,20210318,17.2,18.45,17,17.35,11275
AARVI,20210318,54.15,54.15,52,52,5453
AAVAS,20210318,2247.75,2247.75,2190,2205.55,46501
ABAN,20210318,36.1,36.1,34.05,34.05,108395
ABB,20210318,1454.85,1467.55,1416.15,1427.3,45465
ABBOTINDIA,20210318,14725,14783.2,14400,14484.8,8180
ABCAPITAL,20210318,128.7,130.5,121.55,124.6,3157114
ABFRL,20210318,206.05,215,199.1,202.75,3001514
ABMINTLTD,20210318,60.5,61.35,55.55,56.05,1379
ABSLBANETF,20210318,343.8,345.9,332.81,335.18,1279
ABSLNN50ET,20210318,347,369.99,347,366.46,91
ACC,20210318,1744.95,1749,1711.05,1731.75,933344
ACCELYA,20210318,883.75,895.4,875.45,881.4,1830
ACCURACY,20210318,52.25,54.85,51.1,53.9,20182
ACE,20210318,167.7,168.3,148.85,154.3,807619
ACRYSIL,20210318,337.6,344.75,314.9,319.5,68724
ADANIENT,20210318,876,891,857.75,871.05,4465851
ADANIGREEN,20210318,1179.4,1183,1120.1,1135.85,269255
ADANIPORTS,20210318,695,705.5,675.4,679.65,10925357
ADANIPOWER,20210318,90.35,91.4,85.5,89.25,49924318
ADANITRANS,20210318,750.25,785,745,771.2,901859
ADFFOODS,20210318,872.2,892,829.15,871.55,39414
ADHUNIKIND,20210318,20.3,20.85,19.6,19.95,17676
ADL,20210318,28.35,29.65,27.3,28.8,4363
ADORWELD,20210318,312.9,316.95,300.1,305.55,20075
ADROITINFO,20210318,11.9,12.25,11.35,11.35,501
ADSL,20210318,52.7,53.15,48.15,48.5,1040750
ADVANIHOTR,20210318,63.05,64.75,60,61.55,21326
ADVENZYMES,20210318,376,380,358.1,366.55,307874
AEGISCHEM,20210318,281.35,292.45,280,288.05,303525
AFFLE,20210318,5875,5877.2,5525,5590.8,66470
AGARIND,20210318,139.85,139.85,133,135.05,8688
AGCNET,20210318,1025,1050.1,1019.7,1028.95,5455
AGRITECH,20210318,33.9,36,33,33.75,8769
AGROPHOS,20210318,10.6,11.95,10.6,10.85,41280
AHLADA,20210318,99.95,100.4,92.8,93.3,5286
AHLEAST,20210318,162.75,162.8,156,156.7,766
AHLUCONT,20210318,296.8,307,291.55,304,32066
AHLWEST,20210318,221.3,226.75,215,218.55,1687
AIAENG,20210318,1889.9,1909.95,1815,1838.9,113070
AIRAN,20210318,16.5,16.5,15.5,15.85,309106
AJANTPHARM,20210318,1808.35,1808.35,1765.05,1783.6,55722
AJMERA,20210318,124.7,125.4,117.5,118.45,65363
AKASH,20210318,221.75,221.75,208.65,212.95,57588
AKG,20210318,100.05,100.05,100.05,100.05,3302
AKSHARCHEM,20210318,244.8,244.95,237.2,239.15,26893
AKSHOPTFBR,20210318,6.3,6.45,6.1,6.15,274008
AKZOINDIA,20210318,2322.5,2336.75,2250.95,2266.8,9548
ALANKIT,20210318,16.25,16.25,15.3,15.5,89071
ALBERTDAVD,20210318,395.1,396.35,385,388.1,10628
ALEMBICLTD,20210318,103,103.9,100.4,101.5,648622
ALICON,20210318,440.9,440.9,407,418,13657
ALKALI,20210318,51.25,51.3,46.25,46.95,23744
ALKEM,20210318,2628,2651.6,2609.15,2629.55,85292
ALKYLAMINE,20210318,5380,5488,5240,5445,71711
ALLCARGO,20210318,132.3,132.75,130.05,131.05,257356
ALLSEC,20210318,312.85,320.85,294.45,305.15,11194
ALMONDZ,20210318,29.55,30,28.15,28.65,14764
ALOKINDS,20210318,21.15,21.25,19.95,20.15,7740310
ALPA,20210318,37.3,38.35,35.15,35.7,31020
ALPHAGEO,20210318,202.75,202.75,187,188.85,17879
ALPSINDUS,20210318,2.25,2.25,2.05,2.05,9363
AMARAJABAT,20210318,872,883.2,858.6,862.7,650808
AMBER,20210318,3440,3440,3230,3268.8,67670
AMBIKCO,20210318,1016.4,1024.95,981,984.1,19506
AMBUJACEM,20210318,283,285.95,277.45,281.05,4353319
AMDIND,20210318,21.3,21.3,19.45,19.6,25695
AMJLAND,20210318,25.4,25.45,24.35,24.8,32458
AMRUTANJAN,20210318,523,529.4,439.4,493.65,275831
ANANTRAJ,20210318,54.8,56.05,51.7,51.95,627048
ANDHRACEMT,20210318,5.8,5.9,5.75,5.75,302734
ANDHRAPAP,20210318,240,244,228,232.25,37233
ANDHRSUGAR,20210318,305,310,295.55,298.5,47788
ANGELBRKG,20210318,323.55,325,304,305.85,350947
ANIKINDS,20210318,16.4,17.5,15.9,16,39373
ANKITMETAL,20210318,1.1,1.15,1.05,1.1,110977
ANSALAPI,20210318,6.95,7.25,6.65,6.9,466826
ANSALHSG,20210318,5.95,6.05,5.75,5.9,16670
ANUP,20210318,630,630,595.55,599.85,13367
APARINDS,20210318,485,487.2,455,459.75,80119
APCL,20210318,214,216.4,205.55,206.9,23338
APCOTEXIND,20210318,181.6,186.45,175,177.55,144587
APEX,20210318,237,237,225,227.3,63188
APLAPOLLO,20210318,1148.75,1227.9,1147.95,1219.6,679388
APLLTD,20210318,905.3,919.95,877.55,887.65,218621
APOLLO,20210318,107.8,108.6,101.3,103,179659
APOLLOHOSP,20210318,3026,3065,2922,2958.7,789785
APOLLOPIPE,20210318,900,900,829.15,835.9,67490
APOLLOTYRE,20210318,225.7,228.7,208,217.05,8433612
APOLSINHOT,20210318,555.05,559.25,508,515.7,1614
APTECHT,20210318,209,220.85,208.5,212.4,714180
ARCHIDPLY,20210318,33.4,33.9,32,32,25290
ARCHIES,20210318,11.7,11.7,11,11.2,60814
ARENTERP,20210318,11,11.45,10.85,10.85,247
ARIES,20210318,89.9,92,84.25,86.1,56585
ARIHANT,20210318,21,21.05,19.3,19.35,1338
ARIHANTSUP,20210318,35.4,36.9,34,34.9,34038
ARMANFIN,20210318,661,670.05,643.3,662.05,13882
AROGRANITE,20210318,45.5,48.8,43.2,43.7,248337
ARROWGREEN,20210318,76.6,76.6,70.35,70.4,9071
ARSHIYA,20210318,35.9,37.25,34.85,36.55,86303
ARSSINFRA,20210318,23.75,24.5,23.2,23.25,12728
ARTEMISMED,20210318,227,228.55,215.7,217.6,1214
ARVIND,20210318,72.2,72.8,68,68.65,769899
ARVINDFASN,20210318,155.75,159,147.85,149.65,230442
ARVSMART,20210318,96.8,102.95,95.2,96.2,300474
ASAHIINDIA,20210318,319,319,304.1,307.65,38843
ASAHISONG,20210318,310,335.1,309.65,323.95,84626
ASAL,20210318,36.5,37.5,34.7,34.7,6797
ASALCBR,20210318,405.3,419.8,393.65,415.15,204023
ASHAPURMIN,20210318,117.4,120,110.15,110.15,143771
ASHIANA,20210318,137,143.95,129.55,131,285845
ASHIMASYN,20210318,16.35,16.85,16.25,16.25,174003
ASHOKA,20210318,111.2,111.8,102.3,104.55,1029134
ASHOKLEY,20210318,119,119.8,110.3,113.2,48024851
ASIANHOTNR,20210318,70.35,70.9,68.45,68.5,2761
ASIANPAINT,20210318,2468.85,2468.85,2390,2404.55,1851739
ASIANTILES,20210318,170,170,164,166.25,328028
ASPINWALL,20210318,189.1,190.7,178.8,180.15,1468
ASTEC,20210318,1130,1130,1064.55,1074,30119
ASTERDM,20210318,139.8,140.75,138,139.85,182175
ASTRAL,20210318,1725.65,1801,1700,1716.2,418612
ASTRAMICRO,20210318,133.8,136.55,122.7,127.2,640582
ASTRAZEN,20210318,3226,3295,3169.05,3181.7,45730
ASTRON,20210318,45.8,48.8,43.65,44.75,193659
ATFL,20210318,815,832,800.1,811.3,13707
ATGL,20210318,755,766,715,744.8,1585218
ATLANTA,20210318,7.65,7.9,7.5,7.65,23587
ATUL,20210318,6800,6801,6580,6619.7,15373
ATULAUTO,20210318,185.5,189.75,182.05,183.5,53657
AUBANK,20210318,1197,1210,1148,1164.9,1008328
AURIONPRO,20210318,143.65,145.95,125.35,126.85,107959
AUROPHARMA,20210318,835.05,847.9,802.15,807.9,2543138
AUSOMENT,20210318,50.9,50.9,48.5,48.55,7786
AUTOAXLES,20210318,1195,1200,1135.55,1163.2,10985
AUTOIND,20210318,39,39,37.2,37.2,151309
AVADHSUGAR,20210318,195.95,201.9,190,192.5,151403
AVANTIFEED,20210318,472.45,474.2,459,461.8,170272
AVTNPL,20210318,45.5,46,43,44.5,179883
AWHCL,20210318,281.5,285,269.7,270.95,97995
AXISBANK,20210318,736,743.1,707.25,718.75,12261544
AXISBNKETF,20210318,343.28,345.45,334.5,335.88,1665
AXISCADES,20210318,46.2,46.65,43.5,44.35,25770
AXISGOLD,20210318,39.2,39.59,39.08,39.16,313854
AXISNIFTY,20210318,159.89,159.89,150.1,151.09,5831
AYMSYNTEX,20210318,47.65,49.45,47.65,48.4,6158
BAFNAPH,20210318,169.5,169.5,169.5,169.5,8799
BAGFILMS,20210318,2.4,2.4,2.25,2.25,380551
BAJAJ-AUTO,20210318,3598,3692.95,3565,3664.5,1285600
BAJAJCON,20210318,260,272.1,258.45,269.1,1610957
BAJAJELEC,20210318,958.95,975,931,937,77681
BAJAJFINSV,20210318,9600,9735,9372,9430.15,401135
BAJAJHIND,20210318,6.75,6.95,6.35,6.4,8144703
BAJAJHLDNG,20210318,3475.75,3639,3431.3,3537.75,51932
BAJFINANCE,20210318,5423,5545,5305,5371.85,2339058
BALAJITELE,20210318,61.1,61.35,58.2,59.2,451308
BALAMINES,20210318,1734,1764.65,1610,1639.9,138913
BALAXI,20210318,564.85,572,544,551.95,1103
BALKRISHNA,20210318,21.75,21.75,21.75,21.75,951
BALKRISIND,20210318,1636.95,1650,1575.5,1582.65,634847
BALMLAWRIE,20210318,138.7,140.45,130.6,134.3,744309
BALPHARMA,20210318,56.5,58.95,53.2,53.95,53533
BALRAMCHIN,20210318,198,205.9,198,201.4,2581943
BANARBEADS,20210318,56.35,56.65,53.3,53.65,6499
BANARISUG,20210318,1845,1845,1680,1697.55,3209
BANCOINDIA,20210318,156.4,157.7,140.55,145.4,364196
BANDHANBNK,20210318,340,343.1,332.4,337.7,7645856
BANG,20210318,29.5,29.5,27.3,27.7,2604
BANKA,20210318,66.9,68.6,63.65,64.4,5269
BANKBARODA,20210318,75.9,76.95,70.9,71.95,61825454
BANKBEES,20210318,348.64,349.21,337.64,339.81,1607307
BANKINDIA,20210318,69.6,70.1,64.65,65.3,5656035
BANSWRAS,20210318,116.8,118.7,112.05,112.85,11841
BASF,20210318,2170,2219,2060,2077.55,32556
BASML,20210318,67.95,68.75,64.55,67.55,60724
BATAINDIA,20210318,1490.2,1497,1450.05,1470.85,498162
BAYERCROP,20210318,5125,5172.1,5035,5063.45,9308
BBL,20210318,1175.1,1205,1125.1,1170,16567
BBTC,20210318,1180.35,1220,1152,1160.05,173798
BCG,20210318,9.75,9.75,9.1,9.1,2721036
BCLIND,20210318,107.15,110.5,102,103.65,57911
BCP,20210318,3.75,3.8,3.6,3.6,1142319
BDL,20210318,350.5,353,337.65,342,259873
BEARDSELL,20210318,9.5,9.95,9.25,9.8,5287
BECTORFOOD,20210318,370.85,370.85,349.05,352.4,421042
BEDMUTHA,20210318,23,23.55,22.35,22.35,4293
BEL,20210318,134.35,135.5,128.05,129.8,15117744
BEML,20210318,1397.65,1404.8,1276.75,1306.65,935260
BEPL,20210318,156.9,157.25,140.25,147.3,1050697
BERGEPAINT,20210318,722.5,728.95,698.9,704.9,608978
BESTAGRO,20210318,405,425,355.75,378.25,11717
BFINVEST,20210318,311.45,312.9,281.8,287.5,25519
BFUTILITIE,20210318,272,274,255.45,258.95,163156
BGRENERGY,20210318,46.7,48.5,45.5,46.3,159813
BHAGERIA,20210318,170.1,171.9,159.15,161.2,102203
BHAGYANGR,20210318,44.5,44.5,41.5,42.85,30064
BHAGYAPROP,20210318,28.75,28.75,28.4,28.5,13402
BHANDARI,20210318,2.5,2.55,2.4,2.4,137607
BHARATFORG,20210318,602.05,605,581.5,587.1,1811009
BHARATGEAR,20210318,77.55,80.75,77.5,78.5,22902
BHARATRAS,20210318,9644,9750,9585,9641.15,1418
BHARATWIRE,20210318,41.8,42.3,39.7,39.75,11698
BHARTIARTL,20210318,529.85,532.2,515.35,527.2,12235615
BHEL,20210318,52.2,53.8,50.6,52.1,158412104
BIGBLOC,20210318,100.95,100.95,100.95,100.95,9388
BIL,20210318,148.3,149.4,146,147,2825
BINDALAGRO,20210318,17.7,17.75,16.55,16.85,69663
BIOCON,20210318,390,392.95,383.25,389.15,2764770
BIOFILCHEM,20210318,68.65,70.65,65.45,66.25,56366
BIRLACABLE,20210318,67.15,69.8,62,63.4,402227
BIRLACORPN,20210318,832,842.4,780,789.1,215190
BIRLAMONEY,20210318,44.65,45.9,43.15,43.45,245278
BIRLATYRE,20210318,26.9,27,25.1,25.2,316332
BKMINDST,20210318,1.05,1.05,1,1.05,120064
BLBLIMITED,20210318,6.5,6.55,6.2,6.45,83661
BLISSGVS,20210318,110.75,112.95,104.25,107.95,2233873
BLKASHYAP,20210318,18.85,19.4,18.8,18.8,229199
BLS,20210318,106,108.4,104.5,105.2,175014
BLUECHIP,20210318,0.15,0.2,0.15,0.15,26124
BLUEDART,20210318,5175,5384,5174,5227.35,19653
BLUESTARCO,20210318,888,906,849.65,863.05,99857
BODALCHEM,20210318,94.9,96,87.3,90.4,2040071
BOMDYEING,20210318,77.2,78.85,73.35,75.15,3485145
BOROLTD,20210318,174.9,174.9,163.5,166.3,128595
BORORENEW,20210318,265.1,270,250,254.55,325777
BOSCHLTD,20210318,14845.05,14845.05,14152.65,14218.55,35767
BPCL,20210318,435,438.5,423.8,426.9,13180981
BPL,20210318,27,27,25.3,25.4,97305
BRFL,20210318,7.85,7.9,7.5,7.7,172814
BRIGADE,20210318,272.95,274.65,252,259.7,211858
BRITANNIA,20210318,3480,3487.9,3427.4,3439.65,430166
BRNL,20210318,32.4,32.4,31.05,31.3,49039
BROOKS,20210318,56.5,57.85,52.5,52.9,15713
BSE,20210318,577,578,566.2,571,235637
BSELINFRA,20210318,1,1,0.95,0.95,16471
BSHSL,20210318,132,137.4,131,131.05,1404
BSL,20210318,39.4,39.85,35.1,35.85,22892
BSLGOLDETF,20210318,4159.95,4169.95,4111.65,4113.65,431
BSLNIFTY,20210318,162.68,164.7,159.88,159.88,312
BSOFT,20210318,247.9,252.2,237.15,241.35,1100998
BURGERKING,20210318,137.45,138.65,133,137,2676864
BURNPUR,20210318,2.35,2.45,2.3,2.35,48954
BUTTERFLY,20210318,579,589.85,549,557.5,82600
BVCL,20210318,18.25,18.45,17.8,17.95,9282
BYKE,20210318,23.15,23.9,21.25,21.6,262913
CADILAHC,20210318,430.8,433,418,419.75,1719710
CALSOFT,20210318,9.2,9.2,8.85,8.9,12583
CAMLINFINE,20210318,136.8,139.85,132.45,134.1,511646
CAMS,20210318,1865,1880,1835.6,1865,70737
CANBK,20210318,152.8,154.8,143.1,146.6,20262104
CANFINHOME,20210318,581,582.25,558.6,568.5,893766
CANTABIL,20210318,375.65,378.9,372.05,374.95,117031
CAPACITE,20210318,206,209.05,191.15,196.95,212747
CAPLIPOINT,20210318,440.05,445.95,429,432.15,232327
CAPTRUST,20210318,119.35,119.35,119.35,119.35,1714
CARBORUNIV,20210318,506,507.4,476,481.45,154702
CAREERP,20210318,139.85,152.45,139.85,141.4,69346
CARERATING,20210318,442,447.95,437,439.75,322617
CASTEXTECH,20210318,0.35,0.4,0.35,0.4,26019
CASTROLIND,20210318,125.25,126.3,121.2,122.55,1109118
CCCL,20210318,0.6,0.6,0.5,0.6,478947
CCHHL,20210318,4.75,4.75,4.35,4.5,55117
CCL,20210318,248,249.85,237.8,240.8,79927
CDSL,20210318,620,631.35,593.2,603.2,1124201
CEATLTD,20210318,1545.45,1572,1506.45,1524.05,164001
CEBBCO,20210318,16.6,17.15,16.25,16.55,160348
CELEBRITY,20210318,6,6.4,6,6,27983
CENTENKA,20210318,278,280.75,260.1,264.45,84635
CENTEXT,20210318,4.25,4.35,4.05,4.3,145231
CENTRALBK,20210318,18,18.3,17.1,17.1,8879003
CENTRUM,20210318,27.6,28.1,26.2,26.95,5271604
CENTUM,20210318,434.75,439.9,407.6,411.1,8789
CENTURYPLY,20210318,306,311.5,300,304.65,115219
CENTURYTEX,20210318,492.5,497,472,476.8,290919
CERA,20210318,3952,4013.65,3771,3886.1,6792
CEREBRAINT,20210318,56,56,51.9,52.7,1069756
CESC,20210318,615.55,618.7,597.15,602.7,211730
CGCL,20210318,353.65,370,350,353.9,93079
CGPOWER,20210318,61.45,61.5,57.2,57.55,4026894
CHALET,20210318,165,168.4,155.1,159.35,291151
CHAMBLFERT,20210318,228.6,230.65,213.7,217.05,979873
CHEMBOND,20210318,203.2,203.75,188.95,191.7,17166
CHEMCON,20210318,436.8,439.95,421.35,423.45,201172
CHEMFAB,20210318,128.1,134.9,123.15,124.8,53849
CHENNPETRO,20210318,112.1,112.45,102.45,105.25,1009487
CHOLAFIN,20210318,534.5,539.95,516.4,527.65,2318387
CHOLAHLDNG,20210318,595.5,609,588.2,596.4,70122
CIGNITITEC,20210318,334.35,339.25,317,319.45,49484
CINELINE,20210318,36.8,36.95,35.2,35.7,39298
CINEVISTA,20210318,6.4,6.4,5.65,6.3,36217
CIPLA,20210318,776,778.45,750.85,755.15,2894624
CLEDUCATE,20210318,83,88.45,75.5,80.45,238995
CLNINDIA,20210318,391.2,391.2,371,374.7,66497
CMICABLES,20210318,52.95,53.55,49.05,49.05,25272
CNOVAPETRO,20210318,14.05,15.45,14.05,14.15,10257
COALINDIA,20210318,141.5,141.75,136.2,137.05,14401450
COCHINSHIP,20210318,365,368.8,356.85,360.3,186981
COFORGE,20210318,2953.9,2989.95,2840.85,2874.4,468053
COLPAL,20210318,1595.55,1601.55,1565,1573.7,258831
COMPINFO,20210318,18,18.45,16.75,17.1,266887
COMPUSOFT,20210318,9.2,9.25,8.85,9,41182
CONCOR,20210318,552,557.8,527.9,545.7,4099158
CONFIPET,20210318,45.2,45.35,42.5,42.7,795846
CONSOFINVT,20210318,60,61.95,53.25,53.5,9428
CONTROLPR,20210318,233.9,276.7,229.4,264.6,107589
CORALFINAC,20210318,21.95,22.8,21.5,21.55,18795
CORDSCABLE,20210318,43.2,43.4,41.1,41.85,44890
COROMANDEL,20210318,765.05,774.15,740,747.55,195267
COSMOFILMS,20210318,616,623,570.9,584.1,192300
COUNCODOS,20210318,1.9,2.05,1.9,1.9,166439
CPSEETF,20210318,23.65,23.65,22.51,23,7158014
CREATIVE,20210318,108.05,109.5,101.1,101.95,14710
CREATIVEYE,20210318,2.75,2.75,2.75,2.75,7000
CREDITACC,20210318,697.45,704.5,668,680.35,299727
CREST,20210318,91.35,92.7,85.3,87.8,8876
CRISIL,20210318,1918,1937.35,1889.2,1910.35,8332
CROMPTON,20210318,390.9,400.65,377.2,379.95,2486638
CSBBANK,20210318,248,253.85,242.9,245.25,236719
CTE,20210318,31.1,31.1,30,30.1,8409
CUB,20210318,170,173.2,160.05,167.3,4038162
CUBEXTUB,20210318,20.45,20.45,18.7,19,11302
CUMMINSIND,20210318,850.2,872,848.05,858.3,1822115
CUPID,20210318,224.7,227.85,215.9,217.25,91724
CYBERMEDIA,20210318,12.45,12.45,12.45,12.45,665
CYBERTECH,20210318,132,134.15,122,126.75,173669
CYIENT,20210318,677.75,682.25,637.55,660.85,705587
DAAWAT,20210318,59.5,60.8,54.4,56.6,2533886
DABUR,20210318,528.85,529.95,519.6,521.9,1333801
DALBHARAT,20210318,1562.4,1589,1515.25,1572.5,386445
DALMIASUG,20210318,165.95,170,161.55,162.6,242924
DAMODARIND,20210318,28.95,29,25.1,25.5,62852
DANGEE,20210318,131.35,131.65,128.5,129.8,18940
DATAMATICS,20210318,125.8,127.9,112.35,115.65,768625
DBCORP,20210318,95.3,97.05,92.3,94.05,169190
DBL,20210318,624.55,658,601.55,613.4,492010
DBREALTY,20210318,26.9,27,25.35,25.4,317860
DBSTOCKBRO,20210318,9,9.35,8,8.25,14605
DCAL,20210318,121.1,123,116.15,117.2,411928
DCBBANK,20210318,112.8,112.95,106.4,106.85,935442
DCM,20210318,26.3,26.3,24.3,24.45,26670
DCMFINSERV,20210318,1.6,1.6,1.6,1.6,2605
DCMNVL,20210318,86.15,93.5,84.6,84.65,16222
DCMSHRIRAM,20210318,534.35,549.7,520.3,525.1,74692
DCW,20210318,28.55,28.95,24.8,26.15,3742697
DECCANCE,20210318,415.8,415.8,389.85,393.05,45499
DEEPAKFERT,20210318,245.95,249.45,220,231.9,1783253
DEEPAKNTR,20210318,1537.95,1564.9,1460.25,1484.35,1149967
DEEPENR,20210318,37.25,38.2,36.45,36.75,27620
DELTACORP,20210318,190,192.4,172.65,175.75,6077886
DELTAMAGNT,20210318,32.15,33.3,31.1,31.1,4971
DEN,20210318,58.1,58.7,56.05,56.7,500425
DENORA,20210318,260.8,265,253.5,258.15,17722
DFMFOODS,20210318,385,398,373.35,382.25,31482
DGCONTENT,20210318,8.8,8.8,8.05,8.1,70146
DHAMPURSUG,20210318,185.75,190.5,179,181.7,523050
DHANBANK,20210318,16.15,16.25,15.05,15.3,1656275
DHANI,20210318,282.9,287.7,262.6,267.3,2503276
DHANUKA,20210318,730,730,704.95,707.85,35145
DHARSUGAR,20210318,6.65,7.15,6.6,6.6,27455
DHFL,20210318,19.4,20.1,18.25,18.25,2561809
DHUNINV,20210318,274.5,274.95,260.05,261.5,2175
DIAMONDYD,20210318,658.15,664,635,638.5,5896
DICIND,20210318,398.6,401.9,392,393.8,5975
DIGISPICE,20210318,62.35,62.35,62.35,62.35,5781
DISHTV,20210318,10.4,10.6,9.7,10.1,4936901
DIVISLAB,20210318,3398.95,3398.95,3255.1,3272.9,622941
DIXON,20210318,4104.9,4457.7,4104.9,4240.3,926780
DLF,20210318,295.6,298.35,282.8,288.2,10848676
DLINKINDIA,20210318,107.55,108.95,103.1,104.1,313510
DMART,20210318,3045,3074.9,2980,3034.6,354857
DNAMEDIA,20210318,0.85,0.85,0.75,0.8,64581
DOLAT,20210318,59.85,59.95,56.25,56.85,580649
DOLLAR,20210318,247,248.95,236.65,244.1,120706
DONEAR,20210318,33.4,34,32,32.6,100389
DPABHUSHAN,20210318,118.55,121,116,116.65,6470
DPSCLTD,20210318,12.8,13.15,12.1,12.35,29578
DPWIRES,20210318,114.4,114.4,108.2,109.5,3660
DRCSYSTEMS,20210318,172.45,172.45,172.45,172.45,2619
DREDGECORP,20210318,365.1,369.2,342.5,346.8,164289
DRREDDY,20210318,4370,4378.5,4195.05,4212.75,1210907
DSSL,20210318,72.35,74.5,68.1,71.4,54455
DTIL,20210318,273.9,273.9,258.4,260.15,5227
DUCON,20210318,6.1,6.1,6.1,6.1,150048
DVL,20210318,99.05,99.7,90,91.1,36540
DWARKESH,20210318,33.05,34.4,31.75,32.2,1749410
DYNAMATECH,20210318,930.95,930.95,858.55,883.8,11323
DYNPRO,20210318,489,494.4,462.4,478.2,66466
EASTSILK,20210318,1.55,1.65,1.55,1.55,7030
EBANK,20210318,3858.4,3858.4,3619,3858.4,8
EBBETF0423,20210318,1108.08,1109.5,1100.08,1107.24,10037
EBBETF0425,20210318,1015.5,1015.5,1013.01,1013.28,44573
EBBETF0430,20210318,1112.94,1112.94,1108,1109.91,5370
EBBETF0431,20210318,997.95,998,994.12,994.9,10889
EBIXFOREX,20210318,491,492.35,461.3,468.15,1302
ECLERX,20210318,1030,1033.2,967,974.85,60118
EDELWEISS,20210318,80.25,82.45,80.15,80.15,11817253
EICHERMOT,20210318,2665.6,2697.95,2635,2664.6,1066000
EIDPARRY,20210318,345,348.65,337.7,340.2,121659
EIHAHOTELS,20210318,266.9,267.9,255.25,261.25,5323
EIHOTEL,20210318,100.6,103.15,98.55,99.3,633005
EIMCOELECO,20210318,339.4,354.55,338.5,340.3,1205
EKC,20210318,77.3,78.3,70,71.8,693016
ELECON,20210318,64.15,64.7,55.8,58.1,906632
ELECTCAST,20210318,24.8,25.05,24,24.15,814162
ELECTHERM,20210318,112.05,113.55,108.45,109.35,11524
ELGIEQUIP,20210318,198,199.35,189,191.7,109284
ELGIRUBCO,20210318,29.05,30.2,28.55,29,25925
EMAMILTD,20210318,487.3,495,470,484.75,471084
EMAMIPAP,20210318,145,154.15,141.1,153.4,2146697
EMAMIREAL,20210318,49.45,49.45,47.7,48.5,28846
EMKAY,20210318,72.15,80,67.3,77,189473
EMMBI,20210318,76.6,80.05,75.35,79,167784
ENDURANCE,20210318,1390.5,1427.55,1390.5,1418.9,101583
ENERGYDEV,20210318,9.6,10.1,9.5,9.55,30656
ENGINERSIN,20210318,77.95,78.5,75.35,76.35,2667737
ENIL,20210318,166.6,167.2,156.4,157.2,73191
EPL,20210318,229.8,230,216.25,217.4,413294
EQ30,20210318,425,431.24,425,431.24,126
EQUITAS,20210318,87.9,88.5,81.15,85.25,2246747
EQUITASBNK,20210318,57.5,58.7,54.35,55,1173472
ERIS,20210318,603,614.45,585.2,594.4,140293
EROSMEDIA,20210318,27.5,28.2,25.5,25.95,276352
ESABINDIA,20210318,1866.95,1876.65,1795,1820.5,5018
ESCORTS,20210318,1339,1348.4,1302,1319.45,1120507
ESSARSHPNG,20210318,9.1,9.5,8.65,9.05,55259
ESTER,20210318,115.95,118.65,111.3,113.15,381132
EVEREADY,20210318,277,282.5,256.75,261,510070
EVERESTIND,20210318,304.9,308,295.1,298.85,30984
EXCEL,20210318,2.7,2.7,2.55,2.6,38098
EXCELINDUS,20210318,868.5,876.95,840.1,847.75,14693
EXIDEIND,20210318,194.1,196.2,186.7,188.4,4997498
EXPLEOSOL,20210318,544.95,545.25,507.1,512,19373
FACT,20210318,108.65,115,102,105.3,446289
FAIRCHEMOR,20210318,658,658,620,638.1,13092
FCL,20210318,61.85,61.85,57.8,59.05,386748
FCONSUMER,20210318,7.45,7.55,7.05,7.1,3990638
FCSSOFT,20210318,0.75,0.8,0.7,0.75,1814659
FDC,20210318,284,290,275.1,277.35,153288
FEDERALBNK,20210318,81,82.1,76.7,77.75,24059775
FEL,20210318,10,10.25,9.3,9.5,1293676
FELDVR,20210318,12.6,13.2,11.7,11.9,64057
FIEMIND,20210318,585,595.15,567,574.05,10837
FILATEX,20210318,68,69,64,67.8,635527
FINCABLES,20210318,396.4,399.5,375.25,385.35,338237
FINEORG,20210318,2294.8,2294.8,2198.8,2219.5,21848
FINPIPE,20210318,624.2,628.5,607,617.4,52621
FLEXITUFF,20210318,21.15,21.15,19.3,19.5,5005
FLFL,20210318,74.35,75.6,70.9,71.75,284080
FLUOROCHEM,20210318,590.25,615,575.1,581.75,36777
FMGOETZE,20210318,300.6,301.5,291,293.1,14213
FMNL,20210318,16.4,16.85,15.5,15.55,68564
FORCEMOT,20210318,1265,1273.95,1200,1215.85,24786
FORTIS,20210318,190,193.7,186.5,188.45,7162945
FOSECOIND,20210318,1204.85,1217.15,1176.4,1182.35,1289
FRETAIL,20210318,64.5,66.3,60.55,62.1,3854733
FSC,20210318,87.7,90,84.15,84.15,94734
FSL,20210318,115.85,118.65,108.1,110.95,8235593
G5,20210318,47,47,47,47,22826
GABRIEL,20210318,112.9,112.9,109.15,111.05,414369
GAEL,20210318,138.05,140.25,130.1,131.8,320389
GAIL,20210318,139.1,141.8,132.4,135.1,17963294
GAL,20210318,2.35,2.35,2.2,2.25,35704
GALAXYSURF,20210318,2362,2380,2293,2359.65,14460
GALLANTT,20210318,50,51.75,45,46.1,197345
GALLISPAT,20210318,38.1,39.2,37.3,38.05,28361
GAMMNINFRA,20210318,0.75,0.8,0.75,0.75,4398079
GANDHITUBE,20210318,270.8,273,261,264.45,3458
GANECOS,20210318,597.15,606.85,543.25,587.45,57604
GANESHHOUC,20210318,51.95,54.4,51.95,53,106369
GANGESSECU,20210318,62.3,62.55,57.5,59.85,932
GARFIBRES,20210318,2451.45,2458,2283.1,2361.6,23189
GATI,20210318,111.3,114.2,103,104.9,1441725
GAYAHWS,20210318,0.65,0.65,0.6,0.65,408632
GAYAPROJ,20210318,33,33.45,29.8,30.55,936548
GBGLOBAL,20210318,7.95,7.95,7.25,7.25,5393
GDL,20210318,180,182.8,175,177.95,132104
GEECEE,20210318,99.55,100.95,97.05,97.1,9608
GEEKAYWIRE,20210318,78.2,80.5,75.4,78.8,11639
GENCON,20210318,50.25,52.45,48.1,49.85,85962
GENESYS,20210318,129.9,129.9,119.75,119.75,35789
GENUSPAPER,20210318,8.1,8.1,7.5,7.65,453135
GENUSPOWER,20210318,52.55,53.3,49,49.8,667217
GEOJITFSL,20210318,54,54.7,51.65,52.4,353698
GEPIL,20210318,279.1,282.3,236.5,262.4,153605
GESHIP,20210318,320.1,326.8,310,314.85,181713
GET&D,20210318,125,127.15,118.05,118.6,153442
GFLLIMITED,20210318,85.45,101.1,85.45,96.35,2389820
GFSTEELS,20210318,1.95,1.95,1.95,1.95,2035
GHCL,20210318,238.9,248,222.05,228.5,484216
GICHSGFIN,20210318,126.95,127.9,118.6,119.4,462812
GICRE,20210318,229.6,238,219.5,225.85,2079094
GILLANDERS,20210318,46.05,47.05,44.8,45.6,14890
GILLETTE,20210318,5647.95,5647.95,5582,5607.15,6898
GINNIFILA,20210318,20.75,21.8,20.4,20.6,261693
GIPCL,20210318,81.2,81.6,74.25,76.35,938730
GISOLUTION,20210318,2.95,3.05,2.95,3.05,11209
GKWLIMITED,20210318,520,533,505.3,509.95,2226
GLAND,20210318,2555,2570.85,2430.05,2467.1,204798
GLAXO,20210318,1425,1434.95,1390,1402.75,24156
GLENMARK,20210318,462,463.5,446.65,455.8,2539125
GLFL,20210318,2.75,2.75,2.75,2.75,6963
GLOBAL,20210318,46.75,46.8,42.75,43,2412
GLOBE,20210318,47.65,50.15,47.65,50.15,124
GLOBUSSPR,20210318,326.95,329,310.2,314.8,60624
GMBREW,20210318,412.3,419,401,403.45,8715
GMDCLTD,20210318,57.5,57.8,55.05,55.65,1262308
GMMPFAUDLR,20210318,4380,4380,4118.85,4187.9,85184
GMRINFRA,20210318,26.6,26.8,24.75,25.35,24358167
GNA,20210318,375.35,376.8,363,364.2,42411
GNFC,20210318,306,312.75,295.05,302.85,1107410
GOACARBON,20210318,310.7,314.3,282,296.35,37738
GOCLCORP,20210318,228.05,234.5,218.05,222.5,10193
GODFRYPHLP,20210318,883.9,891.7,874,882.85,53909
GODHA,20210318,52.1,52.1,48.75,48.8,1258
GODREJAGRO,20210318,484.6,493,480.25,486.3,122678
GODREJCP,20210318,662,664,654.15,660.45,2245397
GODREJIND,20210318,514.75,516.55,498,508.15,318377
GODREJPROP,20210318,1406,1418,1331.35,1346.05,911506
GOKEX,20210318,83.75,84.9,78.35,80.4,225375
GOKUL,20210318,18.6,19.25,18.1,18.3,159736
GOKULAGRO,20210318,22.7,23,21.65,21.95,82174
GOLDBEES,20210318,39.64,39.64,39.06,39.17,10750922
GOLDENTOBC,20210318,45.3,45.5,40.4,42.15,8994
GOLDIAM,20210318,329,333.95,310.3,321.1,57597
GOLDSHARE,20210318,4052.35,4088,4041,4052.7,4432
GOLDTECH,20210318,12.85,12.85,12.85,12.85,2029
GOODLUCK,20210318,68.95,68.95,64,64.95,66310
GOODYEAR,20210318,934.6,938.8,911.1,919.55,10969
GPIL,20210318,610.2,674,608.45,622.6,794738
GPPL,20210318,100.8,102.5,95,96.85,516217
GPTINFRA,20210318,40.6,40.6,38.35,38.95,14392
GRANULES,20210318,326,326.7,303,305.8,3901628
GRAPHITE,20210318,504.95,524,490.6,518.9,2473575
GRASIM,20210318,1392,1399.9,1372,1387.8,1790541
GRAVITA,20210318,98.5,102.15,91.6,98.15,329592
GREAVESCOT,20210318,129.2,131.7,122.75,126.65,1950603
GREENLAM,20210318,924.95,940,914,921.4,2647
GREENPANEL,20210318,170,174.9,165.75,165.75,705928
GREENPLY,20210318,175.1,178.95,161,166.1,291718
GREENPOWER,20210318,2.1,2.1,1.95,1.95,1291167
GRINDWELL,20210318,910,922,851,864.6,30696
GROBTEA,20210318,926.3,931.55,886,886,795
GRPLTD,20210318,868.05,868.05,831.5,840.45,1128
GRSE,20210318,199.1,201,189,189.9,159484
GSCLCEMENT,20210318,35.5,36.3,34.2,34.65,140509
GSFC,20210318,87.2,88.65,82.4,84,1915973
GSPL,20210318,266,272.4,256.65,261.05,974908
GSS,20210318,58,59.4,56.3,56.7,147391
GTL,20210318,6.35,6.55,6.1,6.15,121543
GTLINFRA,20210318,0.75,0.75,0.75,0.75,15865325
GTNTEX,20210318,5.5,5.5,5.45,5.45,360
GTPL,20210318,117.35,120.45,114.9,117.3,90815
GUFICBIO,20210318,108.8,111.6,105.55,108.4,76791
GUJALKALI,20210318,341.95,348.35,336.25,341.9,159968
GUJAPOLLO,20210318,210.7,211.65,207.6,210.05,2157
GUJGASLTD,20210318,527.95,527.95,505.5,516.25,1209688
GUJRAFFIA,20210318,70.05,74.5,69.55,69.55,8701
GULFOILLUB,20210318,735,744.95,702.85,714.8,37982
GULFPETRO,20210318,40.45,41.2,37.55,38.8,54865
GULPOLY,20210318,96.15,96.6,92.2,93.95,181198
HAL,20210318,1050,1055.4,1025,1030.85,233294
HAPPSTMNDS,20210318,554,554.75,514.3,526.45,1806134
HARITASEAT,20210318,767.45,767.45,731.1,734.15,15293
HARRMALAYA,20210318,158.35,161.95,146.7,149,359119
HATHWAY,20210318,30.75,31.25,29.4,29.75,516959
HATSUN,20210318,741.35,745.35,730,741,29510
HAVELLS,20210318,1066.95,1070.95,1015.1,1024.05,2339212
HAVISHA,20210318,0.85,0.85,0.75,0.8,117084
HBANKETF,20210318,343.85,346.46,333.88,337.33,6367
HBLPOWER,20210318,36.4,37.5,34.5,35,545500
HBSL,20210318,19.5,19.5,19.5,19.5,385
HCC,20210318,8.2,8.35,7.9,7.9,4090059
HCG,20210318,175.9,178.85,172.55,173.6,119020
HCL-INSYS,20210318,9.25,9.35,8.8,9.05,1339019
HCLTECH,20210318,995,999.75,932.4,947.75,8269566
HDFC,20210318,2549,2561.45,2501,2514.6,3460891
HDFCAMC,20210318,2940,2944.7,2838,2845.6,254337
HDFCBANK,20210318,1511.75,1522.05,1481.15,1491,9032770
HDFCLIFE,20210318,695.1,699.25,675.1,680.85,2124421
HDFCMFGETF,20210318,40.59,40.59,40.1,40.17,1099321
HDFCNIFETF,20210318,158,158,154.4,155.01,18878
HDFCSENETF,20210318,537.5,544.05,527.55,536.79,1712
HEG,20210318,1558.7,1604.6,1493.7,1564.4,580007
HEIDELBERG,20210318,225.9,226.4,216.25,217.2,277339
HEMIPROP,20210318,159.8,164,150,151.35,415117
HERANBA,20210318,662.8,672,627.05,634.85,791769
HERCULES,20210318,122.8,124.9,115.8,118.35,56707
HERITGFOOD,20210318,324.95,327.25,310.3,317.45,136735
HEROMOTOCO,20210318,3217.7,3217.7,3072.3,3107.2,1472097
HESTERBIO,20210318,1775,1795,1763.7,1779.25,8674
HEXATRADEX,20210318,66.35,68.3,62.5,67.15,2121247
HFCL,20210318,27.45,27.8,25.9,26.45,9544178
HGINFRA,20210318,283,286.5,261.7,270.15,63505
HGS,20210318,1197.35,1217.65,1180,1204.2,43110
HIKAL,20210318,153.8,153.8,146,148.65,319450
HIL,20210318,3056,3060,2855.95,2934.7,8486
HILTON,20210318,10.1,10.6,9.85,10.15,16905
HIMATSEIDE,20210318,156.1,157.75,147.85,149.5,167849
HINDALCO,20210318,329.35,340.5,329.35,331.8,23744146
HINDCOMPOS,20210318,292.35,295.9,282,283.75,3150
HINDCOPPER,20210318,127.85,128,119,119.95,4392236
HINDMOTORS,20210318,7.05,7.25,6.7,6.7,85751
HINDNATGLS,20210318,32.6,38.45,32.3,38.25,2643629
HINDOILEXP,20210318,106,107.25,94.7,99.65,1386619
HINDPETRO,20210318,237,239.9,231.5,233.65,7397595
HINDUNILVR,20210318,2238,2249.9,2205,2215.2,2597091
HINDZINC,20210318,298,298.5,283.1,286.35,909476
HIRECT,20210318,133,134.2,123,125.6,28073
HISARMETAL,20210318,106,107.4,100.05,101.1,22793
HITECH,20210318,373.9,378,361.75,367.5,51753
HITECHCORP,20210318,128.15,130.65,116,120.85,7788
HITECHGEAR,20210318,190.9,190.9,184,185.65,10375
HLEGLAS,20210318,2520,2520,2313.45,2313.45,18682
HLVLTD,20210318,6.4,6.7,6.15,6.45,349176
HMVL,20210318,66.15,68.15,63.85,65.8,38642
HNDFDS,20210318,2125,2214,2051.3,2076.55,13740
HNGSNGBEES,20210318,349.01,353.97,303.13,353.93,5687
HOMEFIRST,20210318,480.95,486.8,466.6,469.2,471459
HONAUT,20210318,47499.4,48114.4,43800.15,45057.25,20883
HONDAPOWER,20210318,1019,1059.1,1000,1007.55,6976
HOVS,20210318,48.8,49.9,48.05,49.9,84034
HPL,20210318,56,57.85,51,53,584723
HSCL,20210318,43.5,44.2,41.8,42.5,7467663
HSIL,20210318,167.9,168.9,153.6,158.15,165817
HTMEDIA,20210318,23.9,24.25,22.45,22.6,201698
HUBTOWN,20210318,17.1,17.6,16.7,17,23086
HUDCO,20210318,48,48.55,45.3,46.7,3746237
HUHTAMAKI,20210318,282,284.45,275.15,278.5,54953
IBMFNIFTY,20210318,154.5,154.5,150.65,152.23,342
IBREALEST,20210318,93.3,96.4,90,91.2,11382345
IBULHSGFIN,20210318,217.45,220.2,211.2,214.85,17966016
ICEMAKE,20210318,72.65,72.7,67.1,68.1,13126
ICICI500,20210318,209.98,209.98,199.2,200.75,54009
ICICIALPLV,20210318,143.7,144,136,136.13,1814
ICICIB22,20210318,36.68,37.24,36.11,36.42,446180
ICICIBANK,20210318,594.75,601.4,575.5,578.6,22776537
ICICIBANKN,20210318,347.85,347.9,334.39,335.56,5128
ICICIBANKP,20210318,187.7,187.7,177.09,178.71,4276
ICICIGI,20210318,1478.8,1490,1435.1,1438.25,424366
ICICIGOLD,20210318,39.95,40.71,39.91,40.07,218106
ICICILIQ,20210318,999.99,1000,999.99,999.99,8268
ICICILOVOL,20210318,115.18,121,115.18,116.05,49337
ICICIM150,20210318,91.5,91.55,87.7,88.33,15827
ICICIMCAP,20210318,87.5,87.5,84.26,84.66,8508
ICICINF100,20210318,164.7,164.7,158,158.6,8573
ICICINIFTY,20210318,159.85,159.85,154.25,155.25,105040
ICICINV20,20210318,79,79.7,76,76.79,14896
ICICINXT50,20210318,35.7,35.7,34.11,34.39,128061
ICICIPRULI,20210318,431,433.9,420.3,422.05,2464248
ICICISENSX,20210318,532.01,544,529.02,533.83,1684
ICICITECH,20210318,266,269.97,252.35,256,15212
ICIL,20210318,119.95,120,113,114.1,123915
ICRA,20210318,2781.35,2869.6,2760,2786.9,215312
IDBI,20210318,36.15,36.9,34,34.9,24537573
IDBIGOLD,20210318,4240,4734,4155.55,4203.25,438
IDEA,20210318,10.1,10.25,9.6,9.9,217584197
IDFC,20210318,53.3,54.15,50.1,51.3,6624564
IDFCFIRSTB,20210318,61.5,62.35,58.45,59.4,43275173
IDFNIFTYET,20210318,155.23,155.23,151.9,152.28,587
IEX,20210318,350.7,362.25,342.65,357.4,3874730
IFBAGRO,20210318,408,411.2,386,389.45,9464
IFBIND,20210318,1118,1130.05,1084,1103.15,30934
IFCI,20210318,13.15,13.4,12.9,12.9,16284285
IFGLEXPOR,20210318,304.25,314,281.55,286.5,255829
IGARASHI,20210318,313.9,316.7,293.7,296.05,122304
IGL,20210318,505.05,507.4,480.15,487,3135894
IGPL,20210318,465,468.35,435,442.45,68799
IIFL,20210318,341.85,341.85,313.65,313.65,349001
IIFLSEC,20210318,52.35,53.4,49.15,50.25,281224
IIFLWAM,20210318,1198,1198,1158.65,1182.05,9861
IITL,20210318,59.4,59.4,56.25,57.85,1432
IMAGICAA,20210318,7.5,7.5,7.05,7.05,102208
IMFA,20210318,459.45,461.9,430,447,51893
IMPAL,20210318,702,716.2,699,700.1,7546
IMPEXFERRO,20210318,1,1,1,1,85478
INDBANK,20210318,13.35,13.35,12.5,12.6,110979
INDHOTEL,20210318,119.75,121.5,116,116.35,1584146
INDIACEM,20210318,164.8,165.75,157.7,159.7,1859900
INDIAGLYCO,20210318,470.85,479.9,450,451.2,215426
INDIAMART,20210318,8254.4,8372,7980,8265.7,188872
INDIANB,20210318,118.65,123.7,116.55,119,3451622
INDIANCARD,20210318,145,147.9,140,142,2023
INDIANHUME,20210318,185.6,189,177.2,178.4,93033
INDIGO,20210318,1680,1730,1680,1719.95,1836379
INDIGOPNTS,20210318,2379,2396.95,2294.8,2305.8,91519
INDLMETER,20210318,15.6,15.75,14.85,14.95,8498
INDNIPPON,20210318,380.5,380.6,363.2,369,27559
INDOCO,20210318,281.5,286.25,276,281.25,69015
INDORAMA,20210318,39.45,39.45,36.2,37.2,49853
INDOSTAR,20210318,335,339.75,321.5,323.85,39825
INDOTECH,20210318,101.4,101.4,94.5,94.9,12591
INDOTHAI,20210318,47,47.2,43.85,46.5,21548
INDOWIND,20210318,4.55,4.55,4.2,4.25,34568
INDRAMEDCO,20210318,58.5,59,55.25,56.45,733680
INDSWFTLAB,20210318,82,84.65,78.55,78.6,101380
INDSWFTLTD,20210318,4.5,4.5,4.5,4.5,19602
INDTERRAIN,20210318,33.2,33.2,31.1,31.5,95396
INDUSINDBK,20210318,1025,1030.7,988,1002.8,5797610
INDUSTOWER,20210318,255.1,263.5,254.4,256.15,3724173
INEOSSTYRO,20210318,978,990,932.65,949.3,22500
INFIBEAM,20210318,48.9,49.65,42.3,43.25,36939890
INFOBEAN,20210318,147.85,149.65,142.25,144.15,12393
INFRABEES,20210318,434,434,420.05,421.25,1600
INFY,20210318,1393.75,1393.75,1313.5,1337.1,10961755
INGERRAND,20210318,719.2,725,696.5,700.4,21773
INOXLEISUR,20210318,324.25,331.8,322.15,330.2,572563
INOXWIND,20210318,68,69.5,67.1,68.5,104458
INSECTICID,20210318,436.55,437,415,421.2,46910
INSPIRISYS,20210318,42.15,43.8,41.1,41.4,11566
INTEGRA,20210318,3.45,3.45,3.45,3.45,14913
INTELLECT,20210318,603.6,613.9,565.05,590.75,1303577
INTENTECH,20210318,34.5,34.9,32.95,33.15,36950
INVENTURE,20210318,25.5,30.35,25.5,29.45,744267
IOB,20210318,16.85,17,15.5,15.7,7684819
IOC,20210318,98.9,99.5,96.5,97.25,21413768
IOLCP,20210318,595.05,603.2,564.2,578.05,635286
IPCALAB,20210318,1891,1914.95,1825.45,1864.6,297365
IRB,20210318,114.85,116.7,107.25,111.2,2448235
IRCON,20210318,85,85.7,82.05,82.7,2111839
IRCTC,20210318,1838,1860,1740,1766.65,3667455
IRFC,20210318,24.2,24.6,23.9,24.05,16168159
IRISDOREME,20210318,87.5,94,87.5,88.55,11129
ISEC,20210318,404.7,411.6,403,405.45,718263
ISFT,20210318,70.95,70.95,66.65,66.65,9495
ISMTLTD,20210318,10.6,10.9,10.5,10.85,156142
ITC,20210318,213,219.1,211.9,217.65,91993104
ITDC,20210318,401.8,414.9,381,383.75,328900
ITDCEM,20210318,84.65,85.35,78,79.8,707224
ITI,20210318,125,126.2,119,119.95,617285
IVC,20210318,4.35,4.45,4.25,4.25,160586
IVP,20210318,120.15,124.85,115.9,115.9,1144
IVZINGOLD,20210318,4245,4245,4051,4077.8,328
IVZINNIFTY,20210318,1591.6,1591.6,1590,1590,61
IZMO,20210318,57.7,57.75,54.95,54.95,19581
J&KBANK,20210318,27.9,27.95,25.5,26.3,3004379
JAGRAN,20210318,58.5,60.25,58.3,60.05,2071256
JAGSNPHARM,20210318,85.4,88.8,77.05,79.2,431284
JAIBALAJI,20210318,33.6,35,33.5,33.55,14835
JAICORPLTD,20210318,92.8,93.4,87.65,88.95,1300397
JAMNAAUTO,20210318,70.5,71.9,66.15,67.3,1833964
JASH,20210318,280,284,270.3,273.85,16343
JAYAGROGN,20210318,148,152.35,138.95,139.7,15326
JAYBARMARU,20210318,236,245.5,233.35,237.95,27504
JAYNECOIND,20210318,11.55,12.65,11.45,11.45,763768
JAYSREETEA,20210318,73.15,73.45,67.85,68.7,212241
JBCHEPHARM,20210318,1192,1195,1156.05,1164.5,73454
JBFIND,20210318,11,11.55,10.8,11.15,459841
JBMA,20210318,436,450.5,423.5,427.7,35585
JCHAC,20210318,2687.25,2723,2560,2606.85,19606
JHS,20210318,22.7,23.35,22.7,22.75,19511
JIKIND,20210318,0.6,0.7,0.6,0.65,26253
JINDALPHOT,20210318,55.65,55.65,50.35,55.65,238115
JINDALPOLY,20210318,784,803.55,784,784,84351
JINDALSAW,20210318,77.2,77.95,73,74.15,1271496
JINDALSTEL,20210318,312.05,318.6,302.6,309.35,6372698
JINDRILL,20210318,96.95,98.55,92.15,92.35,41399
JINDWORLD,20210318,52.45,53.6,50.35,50.8,163218
JISLDVREQS,20210318,13,13.6,12.35,12.75,18180
JISLJALEQS,20210318,21.4,22.05,20.25,20.25,2598921
JITFINFRA,20210318,8.55,8.8,8.15,8.15,10260
JIYAECO,20210318,5.8,6,5.7,5.8,92844
JKCEMENT,20210318,2879.9,2899.9,2760,2772.2,54856
JKIL,20210318,195,195,179.6,184.45,111563
JKLAKSHMI,20210318,420.7,426,400.55,404.5,363440
JKPAPER,20210318,155,155.95,142.05,147.35,992972
JKTYRE,20210318,117,118.2,106.6,109.85,2232637
JMA,20210318,32.9,32.95,31.05,32.05,4558
JMCPROJECT,20210318,77.2,78.55,74.8,76.75,159041
JMFINANCIL,20210318,95.6,99,93.2,94.1,1428293
JMTAUTOLTD,20210318,2.8,2.9,2.75,2.75,243368
JOCIL,20210318,155.45,155.45,145.1,146.8,7650
JPASSOCIAT,20210318,7.15,7.5,7.15,7.15,15172146
JPINFRATEC,20210318,1.7,1.75,1.65,1.65,745614
JPPOWER,20210318,2.65,2.7,2.55,2.55,11214243
JSL,20210318,68.45,69,63.55,65.1,756971
JSLHISAR,20210318,118.5,118.5,111.65,114.65,411577
JSWENERGY,20210318,85,86.45,83,84.15,4897087
JSWHL,20210318,3590.35,3615.1,3460,3479.2,1845
JSWISPL,20210318,24.4,24.55,23.5,23.55,604970
JSWSTEEL,20210318,427,432.65,420.1,423.15,6837030
JTEKTINDIA,20210318,89,90.3,86.05,86.4,250935
JUBLFOOD,20210318,2903.9,2909.95,2778,2791,473270
JUBLINDS,20210318,195,198.7,182.6,184.75,21495
JUBLPHARMA,20210318,744.3,753.65,716.2,719.75,73904
JUMPNET,20210318,10.8,10.8,10.8,10.8,1994805
JUNIORBEES,20210318,363.9,367,350.1,353.87,85303
JUSTDIAL,20210318,869,900,816.15,824.35,2084689
JYOTHYLAB,20210318,149.05,149.7,144.05,145.6,228132
KABRAEXTRU,20210318,161.9,187,158.4,176.65,1150657
KAJARIACER,20210318,960.35,974,911,950.3,322973
KAKATCEM,20210318,179.9,182,163.05,169.75,19426
KALPATPOWR,20210318,382,387.1,373,378.9,122106
KALYANIFRG,20210318,190.2,209.8,190.2,195,435
KAMATHOTEL,20210318,34.45,34.45,31.85,32.6,67984
KAMDHENU,20210318,142,149.9,132.7,137.4,109700
KANANIIND,20210318,4.7,4.7,4.45,4.5,5260
KANORICHEM,20210318,89,93.35,88,92.6,88791
KANPRPLA,20210318,141,146.9,138.1,139.25,25295
KANSAINER,20210318,559,562.9,535.75,539.4,157390
KAPSTON,20210318,97.05,101.8,92.2,93,1614
KARDA,20210318,116.4,116.4,110.5,112.05,641170
KARMAENG,20210318,14.95,15,14.55,14.9,1091
KARURVYSYA,20210318,60,60.25,56.5,56.9,2643280
KAUSHALYA,20210318,1.85,1.9,1.85,1.85,5156
KAYA,20210318,301.05,305.6,280,290.05,19579
KCP,20210318,81.45,82.8,79,79.9,408129
KCPSUGIND,20210318,15.65,16.25,15.2,15.4,436094
KDDL,20210318,279,290,270.8,276.75,6647
KEC,20210318,459,461.8,439.55,446.65,852653
KECL,20210318,13.8,13.8,12.75,12.95,78497
KEERTI,20210318,25.1,26.9,24.95,25,176011
KEI,20210318,555,556,502.4,510.05,1082354
KELLTONTEC,20210318,69.3,72,65.65,69.4,1522432
KENNAMET,20210318,1129.05,1129.25,1089.95,1100.35,10282
KERNEX,20210318,48.05,48.05,44.5,48.05,103776
KESORAMIND,20210318,77.8,78.25,70.75,72.9,1496033
KEYFINSERV,20210318,59.5,62.65,57.3,58.45,1513
KHADIM,20210318,159.25,166.95,155.2,156.2,89610
KHAICHEM,20210318,23.2,24,22.75,22.95,133491
KHANDSE,20210318,14.9,14.9,13.6,14,1369
KICL,20210318,1557.7,1567,1486.45,1523.15,799
KILITCH,20210318,88.85,88.9,83.2,84.65,7048
KINGFA,20210318,653,658,589.3,607.05,10000
KIOCL,20210318,155,155,143.95,144.35,94167
KIRIINDUS,20210318,454.9,457.95,445,447.35,115719
KIRLFER,20210318,160.45,160.6,152.3,154.6,133524
KIRLOSBROS,20210318,203.15,205.6,189.5,195.75,93672
KIRLOSENG,20210318,175.4,176.85,163,164.3,300941
KIRLOSIND,20210318,1290,1290,1250.1,1251.3,1649
KITEX,20210318,105.6,106.75,103.1,105.1,116385
KKCL,20210318,945,954.9,920,925.85,3253
KMSUGAR,20210318,11.9,12.8,11.3,11.7,436474
KNRCON,20210318,206.1,208.9,205.4,206.95,560660
KOKUYOCMLN,20210318,60.9,61.5,59.1,60,154657
KOLTEPATIL,20210318,236.2,239,228.1,229,35880
KOPRAN,20210318,108.35,110.8,105,106.6,298303
KOTAKBANK,20210318,1881,1892.9,1825.1,1830.4,2197575
KOTAKBKETF,20210318,365.4,365.4,338.15,340.78,589898
KOTAKGOLD,20210318,394.05,398.9,392.5,393.35,48781
KOTAKIT,20210318,26.2,26.4,25.2,25.7,4983
KOTAKNIFTY,20210318,150.2,158.5,150.16,152.24,57827
KOTAKNV20,20210318,79.99,80,77.01,78.37,35040
KOTAKPSUBK,20210318,220,222.96,207.04,212.55,31961
KOTARISUG,20210318,25.45,26,23.8,24.7,272390
KOTHARIPET,20210318,29,29.45,26.1,26.6,64557
KOTHARIPRO,20210318,69.8,69.8,66,66.25,6365
KPITTECH,20210318,159.2,163.45,150.2,154.5,1707129
KPRMILL,20210318,1053.05,1067,995.05,1000.05,55834
KRBL,20210318,187.5,188.5,181,182.35,296003
KREBSBIO,20210318,98.3,102,95.5,96.1,18255
KRIDHANINF,20210318,4.4,4.4,4.1,4.2,211235
KRISHANA,20210318,79,79,73.25,74.85,743
KSB,20210318,788,804,744.95,765.35,18157
KSCL,20210318,509.9,510,490.5,496.8,141286
KSL,20210318,315.95,320.8,298,302.35,80226
KTKBANK,20210318,64.3,64.75,61.2,62.55,2477984
KUANTUM,20210318,77,77.95,70.25,71.6,38337
L&TFH,20210318,103.5,104,98,98.9,10981208
LALPATHLAB,20210318,2490,2521.3,2372,2418.55,159410
LAMBODHARA,20210318,62.45,62.5,54.85,56.5,96304
LAOPALA,20210318,219.7,220.6,207.15,211.35,170306
LASA,20210318,66.35,67,63.15,63.85,88127
LAURUSLABS,20210318,351,355,341.05,343.3,2347721
LAXMIMACH,20210318,7350,7372,7001,7056.55,11719
LEMONTREE,20210318,38.6,38.8,35.9,36.55,1460886
LFIC,20210318,79.4,85.7,72.4,80.6,4086
LGBBROSLTD,20210318,320,323,294.05,310.1,169688
LGBFORGE,20210318,3.8,3.95,3.8,3.8,21170
LIBAS,20210318,49.5,49.5,46.45,49.35,22728
LIBERTSHOE,20210318,136.5,138.45,133.05,134.1,60936
LICHSGFIN,20210318,420.3,426.7,405.1,408.2,3403019
LICNETFGSC,20210318,21.52,21.54,21.25,21.49,3055
LICNETFN50,20210318,155,170,155,157.5,5689
LICNETFSEN,20210318,544.9,550,532.05,536.05,110
LICNFNHGP,20210318,156,156.5,151.66,155.9,277
LIKHITHA,20210318,310,321,293,304.8,154988
LINCOLN,20210318,234.2,239,222,226.9,76406
LINCPEN,20210318,156.9,156.95,145.85,151.35,6917
LINDEINDIA,20210318,1763.45,1799,1705,1726.45,35698
LIQUIDBEES,20210318,1000.83,1000.83,999.28,1000,1150828
LIQUIDETF,20210318,1000.04,1000.04,999.99,999.99,9323
LOKESHMACH,20210318,33.1,34.9,32.9,32.95,1375
LOTUSEYE,20210318,44.35,44.95,39.6,40,103259
LOVABLE,20210318,87.2,89,83,84.05,31181
LPDC,20210318,2,2.1,1.9,1.95,9693
LSIL,20210318,1.35,1.35,1.25,1.3,2519092
LT,20210318,1455.55,1469.7,1420,1428.1,3381940
LTI,20210318,4070,4136,3950,4007.45,327009
LTTS,20210318,2639,2664.95,2475,2549,841707
LUMAXIND,20210318,1650,1680.05,1648.15,1653.35,5672
LUMAXTECH,20210318,161.95,165.5,152,153.5,121075
LUPIN,20210318,1026,1027.65,988,999.85,1717139
LUXIND,20210318,1690.05,1715.5,1655,1672.5,37392
LYKALABS,20210318,26.3,26.3,25,25.05,12441
LYPSAGEMS,20210318,5,5.15,4.8,4.85,16906
M&M,20210318,842,860.55,834,845.65,5033325
M&MFIN,20210318,205.3,209.7,198.55,202.1,9528409
M100,20210318,25.34,25.39,24.4,24.46,256608
M50,20210318,144.2,146.2,141.2,142.08,675
MAANALU,20210318,149.5,150.8,145.05,146.65,15819
MACPOWER,20210318,87.15,90.9,82.8,87.4,19156
MADHAV,20210318,53.1,54.6,52.15,52.95,17848
MADHUCON,20210318,5.85,5.85,5.6,5.6,17161
MADRASFERT,20210318,27.5,27.5,25.65,25.65,88445
MAESGETF,20210318,25.77,25.77,24.51,24.64,196227
MAGADSUGAR,20210318,109.95,113.75,105.15,105.85,27588
MAGMA,20210318,124.4,125.85,117,120,1336107
MAGNUM,20210318,5.1,5.6,5.1,5.2,23298
MAHABANK,20210318,21,21.15,18.8,19.3,6707609
MAHAPEXLTD,20210318,74.9,75,71.25,71.55,3243
MAHASTEEL,20210318,81.55,84,75.15,76.05,14717
MAHEPC,20210318,152.65,154,146,147.8,98956
MAHESHWARI,20210318,82.7,82.75,78.2,79,19286
MAHINDCIE,20210318,172.05,173.9,164.25,166.2,264337
MAHLIFE,20210318,528.25,531.5,507,517.3,38045
MAHLOG,20210318,575.05,592.7,524.95,531.45,149226
MAHSCOOTER,20210318,3593.8,3620.1,3459.25,3602.15,6771
MAHSEAMLES,20210318,280.8,284,276.65,281.7,118335
MAITHANALL,20210318,595,608,571.35,581.45,47538
MAJESCO,20210318,66.7,66.7,66.7,66.7,45110
MALUPAPER,20210318,29.65,29.65,26.05,26.55,48214
MAN50ETF,20210318,152.14,152.14,148.29,149.07,18815
MANAKALUCO,20210318,9.4,9.4,8.4,9.05,55838
MANAKCOAT,20210318,14.15,14.75,13.45,13.7,171023
MANAKSIA,20210318,53.5,54.5,51.2,51.55,55635
MANAKSTEEL,20210318,21.8,22.4,20.7,20.95,35723
MANALIPETC,20210318,64.5,64.85,60.3,61.55,2083320
MANAPPURAM,20210318,161.2,163.55,156,158.85,4566334
MANGALAM,20210318,107.25,108.25,100.7,101.4,41427
MANGCHEFER,20210318,78.9,80.4,77,77.8,537465
MANGLMCEM,20210318,269.9,271.5,256.55,262.55,68457
MANGTIMBER,20210318,11.95,11.95,11.2,11.2,7948
MANINDS,20210318,80.55,82.5,76,77,246072
MANINFRA,20210318,43,43.35,40.05,40.6,1077869
MANUGRAPH,20210318,13.85,13.85,13.1,13.35,16152
MANXT50,20210318,341.35,342.57,333.81,334.92,15327
MARALOVER,20210318,30.55,30.55,28.75,29.2,17624
MARATHON,20210318,71.75,71.75,67,67.65,96879
MARICO,20210318,393,393.2,382.8,385.6,1382602
MARINE,20210318,69.95,69.95,66.5,66.85,897777
MARKSANS,20210318,55.35,55.95,52.3,53.3,1734621
MARUTI,20210318,7125,7242,7060,7113.75,984545
MASFIN,20210318,860.15,879.85,843.55,862.4,18058
MASKINVEST,20210318,32.6,32.6,32.6,32.6,3
MASTEK,20210318,1231.85,1247,1153.05,1191.65,211446
MATRIMONY,20210318,1028,1056,973.85,1020.4,41183
MAWANASUG,20210318,37.3,37.3,35.2,35.7,44700
MAXHEALTH,20210318,202.9,204.4,196.5,197.8,757998
MAXIND,20210318,62.4,63.4,61.8,62.2,325179
MAXVIL,20210318,59.7,60.4,55.55,56.25,598582
MAYURUNIQ,20210318,431.9,432.5,416.95,420.4,100315
MAZDA,20210318,514.7,514.95,491.1,497,4927
MAZDOCK,20210318,212.2,214.25,203.3,204.75,773488
MBAPL,20210318,78.8,78.8,74,78.2,6254
MBECL,20210318,8.6,9,8.2,8.2,118082
MBLINFRA,20210318,22.35,23.25,22,22.5,157895
MCDHOLDING,20210318,41.15,41.2,39.75,40.1,19205
MCDOWELL-N,20210318,542.9,544,519.25,524.95,1767057
MCL,20210318,97.5,97.5,93.25,93.8,5971
MCLEODRUSS,20210318,22.05,22.5,20.9,21.15,553996
MCX,20210318,1628,1633.75,1577,1587.1,771073
MEGASOFT,20210318,10,10.2,9.75,9.9,51629
MEGH,20210318,111.9,113.8,103.3,106.05,3271614
MENONBE,20210318,54.15,55.15,53,53.25,25640
MEP,20210318,18.2,18.9,16.85,17.1,298320
MERCATOR,20210318,1,1,0.9,0.95,215294
METALFORGE,20210318,6,6.5,6,6,12224
METROPOLIS,20210318,1883.55,1897.15,1856,1881.35,162049
MFSL,20210318,865,885.4,855.45,862.6,874610
MGEL,20210318,45.65,48.7,44.55,46.3,8064
MGL,20210318,1151.3,1183.55,1106.3,1117.5,834244
MHRIL,20210318,219.15,221.45,215,215.8,38013
MIC,20210318,1.05,1.05,0.95,0.95,737310
MIDHANI,20210318,186.25,187.65,178.3,181.6,420543
MINDACORP,20210318,98.05,99.25,95.1,96.15,833267
MINDAIND,20210318,565.2,574,545.15,551.35,189875
MINDTECK,20210318,47,47.35,43.4,43.65,22492
MINDTREE,20210318,2018,2033.15,1938.8,1969.65,1471542
MIRCELECTR,20210318,13.55,13.7,12.8,12.8,233696
MIRZAINT,20210318,50.9,50.9,48.2,48.55,319421
MITTAL,20210318,11.1,11.15,10.5,10.7,31566
MMFL,20210318,489.55,497.6,483.7,486.25,3400
MMP,20210318,85.2,89.4,85.2,86,18856
MMTC,20210318,44.1,45.55,41.8,43.3,7352969
MODIRUBBER,20210318,143.9,143.9,143.9,143.9,294
MOHITIND,20210318,8.15,8.4,7.8,7.95,26304
MOHOTAIND,20210318,7.45,7.75,7.2,7.2,21655
MOIL,20210318,147.9,150,142.5,144.05,726191
MOLDTECH,20210318,40.95,41.7,40,40.95,16791
MOLDTKPAC,20210318,407.1,412.2,390.6,393.95,29514
MONTECARLO,20210318,220.95,222.85,218,218.3,23058
MORARJEE,20210318,16.3,16.7,15.45,15.45,7244
MOREPENLAB,20210318,33.8,34.65,31.3,32.25,5337642
MOTHERSUMI,20210318,222,224.5,212.25,216.15,8356936
MOTILALOFS,20210318,670.85,677.25,655.95,669.4,206926
MOTOGENFIN,20210318,20.35,20.35,18.6,19.2,25393
MPHASIS,20210318,1708,1731.1,1612.4,1637.75,439447
MPSLTD,20210318,464.45,470.5,455,458.4,5983
MRF,20210318,86025.2,86348.25,83000.05,83206.25,30104
MRO-TEK,20210318,26.55,29.1,26.4,29.05,7271
MRPL,20210318,41.8,41.95,39.25,40.25,2208791
MSPL,20210318,7.45,7.8,7.35,7.8,26189
MSTCLTD,20210318,330.65,344.95,318,327.25,3998289
MTARTECH,20210318,953,973,904.5,920.7,1515177
MTEDUCARE,20210318,7.6,7.75,7.05,7.25,150428
MTNL,20210318,20.75,21.45,18.6,18.8,12416005
MUKANDENGG,20210318,16.8,16.8,14.5,15.05,24948
MUKANDLTD,20210318,60,60.55,58,58.95,99267
MUKTAARTS,20210318,32.05,32.85,30.1,31.45,14651
MUNJALAU,20210318,58.9,63,57.7,59.3,1663940
MUNJALSHOW,20210318,152.7,154.65,145.35,148.6,41078
MURUDCERA,20210318,21.15,21.75,20.55,20.75,83578
MUTHOOTCAP,20210318,394,396.65,382,386.85,16232
MUTHOOTFIN,20210318,1290,1299.4,1231.6,1241.05,970456
N100,20210318,938.1,954,930.02,935.73,70103
NACLIND,20210318,38.9,39.45,36.55,37.6,56592
NAGAFERT,20210318,6.2,6.35,6.2,6.2,340393
NAGREEKCAP,20210318,5.65,6.15,5.65,6.15,5501
NAGREEKEXP,20210318,17,17.35,16.3,16.5,1962
NAHARCAP,20210318,111.1,115,101.3,103.4,76126
NAHARINDUS,20210318,53.75,54.7,51.2,51.2,43086
NAHARPOLY,20210318,112,116.8,102,104.75,193886
NAHARSPING,20210318,112.35,115.95,106.7,106.7,72646
NAM-INDIA,20210318,334.5,338.35,320.15,323.1,735191
NATCOPHARM,20210318,828,832.55,801.25,818.4,327287
NATHBIOGEN,20210318,306.65,306.85,291.05,294.9,25531
NATIONALUM,20210318,57.1,57.95,55.45,56.8,22215826
NATNLSTEEL,20210318,5.3,5.35,4.85,4.85,22908
NAUKRI,20210318,4812,4812,4415,4480.05,987509
NAVINFLUOR,20210318,2610,2653.55,2455.85,2491.9,190067
NAVKARCORP,20210318,39.5,40.4,37.6,38.05,943757
NAVNETEDUL,20210318,87.55,88.15,83.25,84.3,484363
NBCC,20210318,46.3,47.2,42.55,43.55,14432250
NBIFIN,20210318,1865.8,1865.8,1815.9,1830.1,848
NBVENTURES,20210318,70,70.65,69.2,70.15,2317741
NCC,20210318,86,87,81.05,82.6,3502614
NCLIND,20210318,163.95,165.5,158.2,159.65,165846
NCPSESDL24,20210318,102.01,102.07,102,102.07,584
NDGL,20210318,757.05,794.15,757,760.3,212
NDL,20210318,33.4,33.5,29.55,31,47911
NDRAUTO,20210318,220.6,224,210.05,211.05,2160
NDTV,20210318,63.8,64.25,58.5,64.05,242804
NECCLTD,20210318,9.2,9.3,8.75,9.1,7578
NECLIFE,20210318,20.3,20.3,19.1,19.4,324353
NELCAST,20210318,70.75,71.95,67.5,69.7,319865
NELCO,20210318,198,201.8,192,193.6,73612
NEOGEN,20210318,829,839.05,802,819,30908
NESCO,20210318,565,568.9,538.05,542.65,59050
NESTLEIND,20210318,16467.9,16624.95,16180,16201.25,96365
NETF,20210318,183,183.42,178.01,183.42,437
NETFCONSUM,20210318,66.74,66.74,63.75,64.35,3456
NETFDIVOPP,20210318,40.98,40.98,37,37.73,1370
NETFIT,20210318,26.88,26.89,25.32,25.64,680474
NETFLTGILT,20210318,22.56,22.56,21.87,21.92,20158
NETFMID150,20210318,91.29,91.29,88.16,89.92,184643
NETFNIF100,20210318,153.97,153.97,150.45,151.21,3407
NETFNV20,20210318,80,81.5,78.5,78.91,6182
NETWORK18,20210318,42.1,43.2,41,41.05,2092493
NEULANDLAB,20210318,2073.4,2080,1980,1987.3,27250
NEWGEN,20210318,289.9,292.1,280,281.1,51050
NEXTMEDIA,20210318,4.55,4.6,4.3,4.5,84501
NFL,20210318,59.25,59.95,53.2,53.8,2641601
NH,20210318,415,418.2,395.95,399.75,277960
NHPC,20210318,24.1,24.25,23.7,23.9,3560859
NIACL,20210318,169.95,173.8,163,165,1799849
NIBL,20210318,12.85,13,12.85,13,5376
NIFTYBEES,20210318,159.49,159.49,155.31,156.12,2566012
NIFTYEES,20210318,19400,19440,19000,19440,3
NIITLTD,20210318,172.9,173.5,157.4,162.05,446097
NILAINFRA,20210318,5,5,4.7,4.8,128936
NILASPACES,20210318,1.6,1.6,1.5,1.55,104768
NILKAMAL,20210318,1893.2,1979.45,1864.05,1879.85,86338
NIPPOBATRY,20210318,750,760,725,728.55,3416
NIRAJ,20210318,41.55,42.85,41,42,642
NITCO,20210318,21.75,21.75,20.5,20.65,38021
NITINSPIN,20210318,86.5,88,81.1,81.8,126228
NKIND,20210318,20.55,22,20.5,20.95,1438
NLCINDIA,20210318,51.5,51.65,49.65,50.15,1205339
NMDC,20210318,134.3,135.8,130.4,132.25,8380615
NOCIL,20210318,175.1,176.7,161.5,166.95,1205666
NOIDATOLL,20210318,7.4,7.4,6.95,7.05,71784
NORBTEAEXP,20210318,7.25,7.4,6.8,7.25,3854
NOVARTIND,20210318,584,585,564,573.45,17666
NPBET,20210318,183,188.8,180,180.02,754
NRAIL,20210318,259.45,260.8,237.15,241.85,27826
NRBBEARING,20210318,113.6,116.3,108,110.2,275027
NSIL,20210318,1027.25,1081,993.6,1003.2,1432
NTL,20210318,0.9,0.9,0.9,0.9,4160
NTPC,20210318,107.4,108.25,103.2,103.8,20023557
NUCLEUS,20210318,524.9,527.6,504.05,506.55,36357
NURECA,20210318,598.4,599,572,578.65,12114
NXTDIGITAL,20210318,489.2,491.95,469.5,470.9,2492
OAL,20210318,576.95,598,548.95,579.2,36263
OBEROIRLTY,20210318,577,582.95,568,579.05,545906
OCCL,20210318,990,1010.65,944,963.75,11970
OFSS,20210318,3260,3275,3056.2,3119.5,96127
OIL,20210318,129.9,130.8,122.5,127.45,1091102
OILCOUNTUB,20210318,5.5,5.6,5.5,5.6,12487
OLECTRA,20210318,219,221,205,209.85,496593
OMAXAUTO,20210318,47.05,49.9,43.4,45.35,51824
OMAXE,20210318,71.65,72.3,70,70.5,31770
OMINFRAL,20210318,23.65,23.65,21.6,22.4,41535
OMKARCHEM,20210318,10.25,10.25,10.25,10.25,14098
ONELIFECAP,20210318,6.8,6.8,6.8,6.8,779
ONEPOINT,20210318,12.1,12.65,12.05,12.6,12016
ONGC,20210318,110,112.2,107.5,110.2,26710696
ONMOBILE,20210318,108.4,110.8,101.1,101.1,716624
ONWARDTEC,20210318,125.9,128,113.15,117.95,163300
OPTIEMUS,20210318,146.25,146.25,146.25,146.25,18530
OPTOCIRCUI,20210318,3.9,3.95,3.65,3.7,387233
ORBTEXP,20210318,60.75,62.15,59.2,59.8,8150
ORCHPHARMA,20210318,1629.75,1629.75,1629.75,1629.75,169
ORICONENT,20210318,21.05,22.25,20.55,20.7,46955
ORIENTABRA,20210318,23.5,23.5,20.75,22,159556
ORIENTALTL,20210318,7.2,7.2,6.75,7,36326
ORIENTBELL,20210318,238.3,239.4,212.45,223.6,57130
ORIENTCEM,20210318,101.9,104,95.6,96.15,879631
ORIENTELEC,20210318,318,324.5,312.45,317,652017
ORIENTHOT,20210318,23.55,24.1,23,23.15,32799
ORIENTLTD,20210318,87.1,89.1,83.75,83.75,1954
ORIENTPPR,20210318,28.15,28.45,26.75,27,2269168
ORIENTREF,20210318,244.65,245.95,225.25,229.15,141594
ORISSAMINE,20210318,2399.9,2399.95,2286,2306.9,6627
OSWALAGRO,20210318,12.3,12.5,10.2,10.6,813813
PAGEIND,20210318,28750,29000,28062.05,28192.8,20900
PAISALO,20210318,800,801,777.9,784.9,118684
PALASHSECU,20210318,46.5,51,46.5,49.25,1862
PALREDTEC,20210318,92,95.3,87.3,88.15,15913
PANACEABIO,20210318,187,187.45,175.25,177.6,74727
PANACHE,20210318,50.2,58.7,48.45,52.35,98052
PANAMAPET,20210318,159.55,164,142.2,153.2,171377
PARACABLES,20210318,8.9,9.25,8.15,8.6,418814
PARAGMILK,20210318,101.4,102.4,97.5,99.6,391874
PARSVNATH,20210318,10.85,10.95,10.15,10.75,429118
PATELENG,20210318,13.2,13.25,11.85,12.15,647610
PATINTLOG,20210318,20.5,21.2,19.9,20.3,39817
PATSPINLTD,20210318,5.6,5.6,5.4,5.45,941
PCJEWELLER,20210318,29.8,29.8,26.8,27.7,3950877
PDMJEPAPER,20210318,25.9,25.9,23.25,24.1,137798
PDSMFL,20210318,674.85,774.35,655,663.8,66138
PEARLPOLY,20210318,15.35,15.7,14.9,15,2156
PEL,20210318,1810.75,1885,1810.75,1839.35,1490814
PENIND,20210318,19.95,20.65,19.2,19.35,251634
PENINLAND,20210318,6.15,6.25,5.8,5.8,1797726
PERSISTENT,20210318,1850,1896,1813.25,1848.65,114629
PETRONET,20210318,230,230.85,222.55,225.6,7222957
PFC,20210318,136.95,138.8,130.35,132,14668468
PFIZER,20210318,4500,4520,4415,4439.3,28592
PFOCUS,20210318,58.8,60.2,54.4,56.8,118834
PFS,20210318,20.45,20.5,19.25,19.45,1032033
PGEL,20210318,407.55,407.55,407.55,407.55,5846
PGHH,20210318,12860,12940,12425.25,12602.3,12610
PGHL,20210318,6516.7,6550,6400,6410.65,11060
PGIL,20210318,176.3,179.85,170,172.2,4963
PHILIPCARB,20210318,198.45,202.3,185,189.85,1034372
PHOENIXLTD,20210318,782.6,789.3,763.8,768.05,34401
PIDILITIND,20210318,1729.1,1741,1700.7,1713.9,334986
PIIND,20210318,2254.7,2258,2142.9,2163.4,177634
PILANIINVS,20210318,1701,1719,1685,1702.3,9256
PILITA,20210318,16.75,16.75,15.75,15.8,281593
PIONDIST,20210318,106.7,106.7,102,102.95,10345
PIONEEREMB,20210318,39.4,42.25,39,39.05,36005
PITTIENG,20210318,69.55,71,63.75,66.35,196648
PKTEA,20210318,223.25,229,220,222.35,463
PLASTIBLEN,20210318,238.05,244.15,231,232.85,15820
PNB,20210318,39,39.1,36.65,37.7,126241327
PNBGILTS,20210318,50.65,51.25,48.4,48.9,455638
PNBHOUSING,20210318,380,390,374.15,383.3,378805
PNC,20210318,28.5,28.5,28.5,28.5,16267
PNCINFRA,20210318,242.05,256.65,240,242,1137989
PODDARHOUS,20210318,187,194.5,185,193.95,1968
PODDARMENT,20210318,199.25,200.5,195.6,196,15005
POKARNA,20210318,203.85,207.9,198.5,203.25,96324
POLYCAB,20210318,1352.35,1379,1295,1312.35,532541
POLYMED,20210318,792,853,765.55,829.85,363446
POLYPLEX,20210318,854.4,910,801.05,820.05,75031
PONNIERODE,20210318,151,156.5,147,150.15,5432
POWERGRID,20210318,221,223.5,220.15,221.05,8005871
POWERINDIA,20210318,1328,1328,1285.3,1293.9,49665
POWERMECH,20210318,547.1,549.7,510.5,517.55,43926
PPAP,20210318,234.9,236.6,219.5,220.5,42003
PPL,20210318,126,129.1,113.7,118.35,228776
PRABHAT,20210318,87.9,93.55,86.25,88.5,1438996
PRAENG,20210318,8.1,8.55,7.95,8.2,12377
PRAJIND,20210318,165.6,168,151.85,156.45,1782925
PRAKASH,20210318,69,71,65.95,67.1,3390768
PRAKASHSTL,20210318,0.9,0.9,0.8,0.8,220436
PRAXIS,20210318,52,53.4,49.4,49.4,44833
PRECAM,20210318,41.3,41.75,39.45,40.15,159441
PRECOT,20210318,103,107.95,102.6,102.8,5978
PRECWIRE,20210318,200,202.9,186.75,189,76334
PREMEXPLN,20210318,152,153.8,145.1,147.7,9096
PREMIER,20210318,3,3,3,3,2002
PREMIERPOL,20210318,38,38.35,36.3,37,4024
PRESSMN,20210318,23,23.3,22.5,22.85,22817
PRESTIGE,20210318,279.5,283,270,277.55,368986
PRICOLLTD,20210318,65.6,67.35,61.7,62.9,1308226
PRIMESECU,20210318,43.95,45.25,42.6,44.75,46652
PRINCEPIPE,20210318,435,435,396.1,405.4,337792
PRIVISCL,20210318,645,650,638.6,645.55,19064
PROZONINTU,20210318,18.75,19,17.95,18.15,104644
PRSMJOHNSN,20210318,115.5,118.7,112.9,114,648567
PSB,20210318,17.1,17.3,16.25,16.55,360556
PSPPROJECT,20210318,473.2,474.95,459,470.65,96361
PSUBNKBEES,20210318,24.8,24.9,23.14,23.36,668411
PTC,20210318,84.1,84.65,79,80,2529038
PTL,20210318,40,40,38.8,39.05,29697
PUNJABCHEM,20210318,899.05,910,865.25,877.85,6929
PURVA,20210318,77.85,78.55,74,74.8,139885
PVR,20210318,1412,1426.5,1383,1398.25,730383
QGOLDHALF,20210318,1980,1980,1944,1947.55,787
QNIFTY,20210318,1530,1530,1509,1509,16
QUESS,20210318,676,695.95,670,682.55,81948
QUICKHEAL,20210318,191,194.4,180.05,183.8,290294
RADAAN,20210318,0.85,0.85,0.85,0.85,10548
RADICO,20210318,559.95,559.95,533.5,538.85,299487
RADIOCITY,20210318,24.4,24.4,23.8,24,1786511
RAILTEL,20210318,137.9,138,129,130.9,3090902
RAIN,20210318,147,151.25,143.05,146.85,2133716
RAJESHEXPO,20210318,517.5,521.9,514,515.55,327507
RAJMET,20210318,88,92.6,86.7,90.1,2000
RAJRATAN,20210318,812.1,824.55,759.55,769.55,44955
RAJSREESUG,20210318,19.5,19.5,17.8,18.05,11668
RAJTV,20210318,32.85,33.3,32.6,32.7,6247
RALLIS,20210318,259.2,263.6,250.55,253.45,343859
RAMANEWS,20210318,16.45,16.7,15.55,15.95,89227
RAMASTEEL,20210318,71,71,67.5,69.65,13555
RAMCOCEM,20210318,965,978.9,934.05,946.5,461606
RAMCOIND,20210318,264,266.2,257,261,347713
RAMCOSYS,20210318,601.9,604,570.05,588.9,106521
RAMKY,20210318,78.6,79,76.15,76.15,82454
RANASUG,20210318,8.65,8.7,7.8,8.25,1587887
RANEENGINE,20210318,290,294.8,262.65,267.55,11056
RANEHOLDIN,20210318,648.6,654.5,598.4,615.25,17370
RATNAMANI,20210318,1978,1978,1871.05,1944.4,20701
RAYMOND,20210318,356.85,361.15,337.65,342.7,616206
RBL,20210318,800,807.85,765,771.95,6604
RBLBANK,20210318,227.3,229.5,217.25,222.95,11280094
RCF,20210318,79.2,80.4,72.3,73.7,3743266
RCOM,20210318,1.8,1.85,1.8,1.8,5529872
RECLTD,20210318,147.55,148.45,139.8,141.25,8645715
REDINGTON,20210318,173.45,176.25,164.25,166.55,326413
REFEX,20210318,84.9,84.9,81.35,82.75,84021
RELAXO,20210318,825,840,822.5,837.45,125364
RELCAPITAL,20210318,11.6,11.9,11.15,11.15,1352296
RELIANCE,20210318,2072.9,2084.8,2001,2009.1,9528809
RELIGARE,20210318,95,98,87.1,88,1372254
RELINFRA,20210318,34.8,34.9,31.3,32.35,3371383
REMSONSIND,20210318,136.5,146.05,126.5,134.05,4908
RENUKA,20210318,9.55,9.75,9.4,9.5,3536056
REPCOHOME,20210318,332.9,332.9,308,309.6,115575
REPL,20210318,191,198.85,183,184.95,15901
REPRO,20210318,364,367.6,351.2,355.3,6512
RESPONIND,20210318,170.15,174.95,155,161.7,94937
REVATHI,20210318,513.05,513.05,484,489.85,1730
RGL,20210318,309,320,295,302.5,165152
RHFL,20210318,3.05,3.05,3.05,3.05,242247
RICOAUTO,20210318,39.15,40.5,38.2,38.45,432040
RIIL,20210318,388.5,389.7,373.35,376.9,158417
RITES,20210318,247.8,250.85,246.1,247.05,301438
RKDL,20210318,8,8.2,7.8,8.1,4092
RKEC,20210318,65.65,68,61,61.4,62747
RKFORGE,20210318,519.75,519.75,480.95,511.05,34463
RMCL,20210318,2.4,2.4,2.3,2.4,39538
RML,20210318,398,398,373,376.85,28582
ROHITFERRO,20210318,2.1,2.1,2.1,2.1,7000
ROHLTD,20210318,71.9,72.8,69,69.95,50382
ROLLT,20210318,3.15,3.15,2.85,3.1,40210
ROLTA,20210318,3.95,4,3.9,3.95,272699
ROML,20210318,105.1,109.8,104.6,105.65,8021
ROSSARI,20210318,985.1,1037,985.1,1018,511091
ROSSELLIND,20210318,112,116.5,109.5,110.25,17407
ROUTE,20210318,1601,1616.9,1534.15,1573.4,407146
RPGLIFE,20210318,391.1,394.95,378,384.6,30638
RPOWER,20210318,4.55,4.65,4.55,4.55,8179571
RPPINFRA,20210318,67.25,69.3,66,67.7,99930
RPSGVENT,20210318,370,370,336.5,345.9,72382
RSSOFTWARE,20210318,26.35,26.9,25.1,25.4,28422
RSWM,20210318,214.9,220,195,201.3,61042
RSYSTEMS,20210318,117.05,117.05,113.55,113.8,39158
RTNINFRA,20210318,6.3,6.5,5.6,5.9,484907
RTNPOWER,20210318,2.65,2.7,2.55,2.55,7357902
RUBYMILLS,20210318,181.05,183.65,171,172.8,4780
RUCHI,20210318,699.4,700.8,664,674.8,20627
RUCHINFRA,20210318,6.2,6.5,6.05,6.1,136256
RUCHIRA,20210318,72,72.2,64.1,66.4,90417
RUPA,20210318,321.7,323.85,310.45,313.6,137783
RUSHIL,20210318,277.1,284.45,262.9,262.9,70648
RVHL,20210318,20,20,18.95,18.95,51775
RVNL,20210318,30.95,31.05,29.05,29.65,5509050
S&SPOWER,20210318,20.4,20.4,19.5,19.5,427
SABEVENTS,20210318,1.15,1.15,1.05,1.05,609
SABTN,20210318,1.7,1.75,1.7,1.75,1300
SADBHAV,20210318,70.25,71.35,65.05,66.3,1170835
SADBHIN,20210318,22.7,23,21,21.15,218741
SAFARI,20210318,681.85,681.9,650,652.35,21558
SAGARDEEP,20210318,38.5,39.15,35.5,36.25,3854
SAGCEM,20210318,718.65,730.75,707.25,724.45,24878
SAIL,20210318,73.2,75.8,69.55,70.75,46498848
SAKAR,20210318,102,104,92.1,100.15,107573
SAKHTISUG,20210318,9.4,10.15,9.2,9.55,100405
SAKSOFT,20210318,375,380,363,370.55,49123
SAKUMA,20210318,5.1,5.25,5,5,230329
SALASAR,20210318,369.8,373.75,361,369,64092
SALONA,20210318,95.5,96.95,93.3,93.75,2103
SALSTEEL,20210318,3.6,3.8,3.6,3.65,44122
SALZERELEC,20210318,125.65,127.9,120.05,121.9,50775
SAMBHAAV,20210318,2.5,2.65,2.45,2.45,35631
SANCO,20210318,10,10.65,9.6,9.9,169851
SANDESH,20210318,673.95,699,663.35,669.1,2288
SANDHAR,20210318,204.5,207.5,201.3,203.85,124778
SANGAMIND,20210318,85.55,85.55,78.65,80.35,6556
SANGHIIND,20210318,41.6,42.45,40.15,41.4,2036243
SANGHVIFOR,20210318,21.6,21.6,20.85,20.85,1108
SANGHVIMOV,20210318,111,112,103.3,105.1,57311
SANGINITA,20210318,23.85,25.65,23.15,25.65,165844
SANOFI,20210318,8200,8250,7950,7984.65,19726
SARDAEN,20210318,416.7,436.7,413.35,419.45,230669
SAREGAMA,20210318,1634,1634,1453.4,1495.4,127692
SARLAPOLY,20210318,25.85,26.45,24.85,25.25,161686
SASKEN,20210318,855.9,867.05,836,845.4,14990
SASTASUNDR,20210318,129.4,129.95,122.5,123.4,31404
SATIA,20210318,85.3,85.3,80.4,80.9,58537
SATIN,20210318,93.95,95.8,88.45,89.25,541256
SBICARD,20210318,985,1009,983.5,1000.4,2886658
SBIETFIT,20210318,266.77,266.77,253.23,256.16,4673
SBIETFPB,20210318,189,189,180,181.99,1602
SBIETFQLTY,20210318,124.5,128.97,123.88,124.64,976
SBILIFE,20210318,895,898,882.3,890.45,2657918
SBIN,20210318,371.5,375,361.1,367.1,39405038
SCAPDVR,20210318,1.9,1.9,1.8,1.8,29994
SCHAEFFLER,20210318,5281.55,5376.95,5141.5,5195.65,12152
SCHAND,20210318,122.95,124.65,107.65,110.65,364012
SCHNEIDER,20210318,97.95,98.25,92.3,93.05,528930
SCI,20210318,114.9,115.5,104.2,107.05,4281051
SDBL,20210318,32.2,38.35,32.1,36.25,2500536
SEAMECLTD,20210318,459.8,459.8,412,418.85,177151
SECURKLOUD,20210318,86,89,82.55,83.5,83511
SELAN,20210318,131.3,131.8,125,125.55,40828
SEPOWER,20210318,4.1,4.1,3.8,3.8,30636
SEQUENT,20210318,234.75,238.5,222.5,224.05,434092
SESHAPAPER,20210318,165.55,169.6,156.85,158.3,79717
SETCO,20210318,17,17,14.95,15.1,349822
SETF10GILT,20210318,199.6,201.69,199.54,201,598
SETFGOLD,20210318,4025,4044,4007.95,4013.75,21942
SETFNIF50,20210318,157.82,157.82,148.28,148.94,618338
SETFNIFBK,20210318,342.05,347,334.31,337.94,446835
SETFNN50,20210318,355.99,358,347,349.3,23394
SETUINFRA,20210318,0.8,0.85,0.8,0.8,115418
SEYAIND,20210318,59,63.5,58.95,60.55,126760
SFL,20210318,2052.75,2060.3,1962.3,1998.1,6770
SGL,20210318,10.95,11,9,9.05,593378
SHAHALLOYS,20210318,9.25,9.7,9.2,9.2,5964
SHAKTIPUMP,20210318,549.5,552.4,508,515.35,82188
SHALBY,20210318,104.4,105.2,98.1,100.55,149847
SHALPAINTS,20210318,89,91.35,88.2,88.55,132216
SHANKARA,20210318,413,416.7,390.1,394.9,73245
SHANTIGEAR,20210318,129.9,129.9,123.65,124.4,39082
SHARDACROP,20210318,307.9,334.7,304.1,308.3,1281888
SHARDAMOTR,20210318,2049.95,2099.15,1985,2005.95,2464
SHAREINDIA,20210318,270,270,243.5,247.5,70891
SHARIABEES,20210318,366,373.2,351.84,355.83,530
SHEMAROO,20210318,74.85,76.5,69.45,69.9,82380
SHIL,20210318,268,271.4,252.8,256.9,80451
SHILPAMED,20210318,344.95,346.7,330,330.8,327576
SHIVAMAUTO,20210318,19,19.3,17.9,18.05,117531
SHIVAMILLS,20210318,48.25,48.25,44.55,44.65,3065
SHIVATEX,20210318,157.05,159.45,144,147.6,6982
SHK,20210318,116.8,118,109.2,111.3,281692
SHOPERSTOP,20210318,227.6,229.7,218,221.95,189171
SHRADHA,20210318,44.95,44.95,42.85,42.85,222
SHREDIGCEM,20210318,64.3,65.55,61.2,62.7,1035803
SHREECEM,20210318,27125,27269.95,26450,26595.5,38464
SHREEPUSHK,20210318,146,149.4,132.9,136.75,145197
SHREERAMA,20210318,10.65,10.85,10,10.25,82014
SHRENIK,20210318,2.05,2.1,2,2,3134110
SHREYANIND,20210318,101.6,117.6,96.35,106.4,597245
SHREYAS,20210318,81.3,83,75.25,77.3,44711
SHRIPISTON,20210318,730,769,730,764,30
SHRIRAMCIT,20210318,1518,1518,1448,1462.65,8745
SHRIRAMEPC,20210318,4.25,4.35,4.2,4.3,396466
SHYAMCENT,20210318,5.6,5.65,5.15,5.3,21713
SICAGEN,20210318,15,15.35,14.85,14.95,31906
SICAL,20210318,12.45,12.45,11.5,11.5,422566
SIEMENS,20210318,1839.05,1844.85,1781.9,1791.25,613766
SIGIND,20210318,32.2,32.5,31.15,31.65,29190
SIL,20210318,18.9,20.2,18.9,18.9,63118
SILGO,20210318,44.1,45,43,43.7,5687
SILINV,20210318,210.15,219.5,201.65,205.05,4414
SILLYMONKS,20210318,19.9,20.5,19.9,20,2788
SIMBHALS,20210318,7.65,7.8,7.2,7.2,49227
SIMPLEXINF,20210318,34.05,35,33.05,33.25,78314
SINTERCOM,20210318,93.35,93.35,87,87,1217
SINTEX,20210318,3.85,4.05,3.85,3.85,1332971
SIRCA,20210318,338.95,338.95,317,318.7,7884
SIS,20210318,412.4,415,406.2,408.85,60792
SITINET,20210318,0.85,0.9,0.8,0.8,4629836
SIYSIL,20210318,211.1,217.95,198.2,204.2,55704
SJVN,20210318,26.05,26.05,25.25,25.35,1782023
SKFINDIA,20210318,2212.35,2243.9,2125.05,2157.05,10812
SKIL,20210318,2.9,2.95,2.8,2.85,107319
SKIPPER,20210318,66.8,69,62.1,64.05,280003
SKMEGGPROD,20210318,50.6,50.6,47.7,48.45,31801
SMARTLINK,20210318,87.6,89.1,85.95,86.65,6237
SMCGLOBAL,20210318,74.5,75.4,71.5,72.3,141935
SMLISUZU,20210318,460.95,469.6,447,450.25,18832
SMSLIFE,20210318,514.25,518.05,501,503.15,5278
SMSPHARMA,20210318,127.95,130.4,121,123.9,128032
SNOWMAN,20210318,50.3,50.8,45.25,46.25,2950850
SOBHA,20210318,464.9,468,438.05,442.4,108920
SOLARA,20210318,1273.35,1284.8,1246.95,1248.45,49009
SOLARINDS,20210318,1296,1306,1253.75,1279.6,22495
SOMANYCERA,20210318,441,441,414,419.95,49755
SOMATEX,20210318,7.7,7.7,7.7,7.7,4080
SOMICONVEY,20210318,32.7,32.7,30.2,32.55,14482
SONATSOFTW,20210318,507,507,475,484,388128
SORILINFRA,20210318,171.4,172.55,150.85,154.75,108244
SOTL,20210318,1031,1053.8,1015,1025.6,22647
SOUTHBANK,20210318,9.1,9.2,8.85,8.85,11854502
SOUTHWEST,20210318,43.05,44.9,43,44.15,15428
SPAL,20210318,169,170.05,157.25,160.75,16427
SPANDANA,20210318,605.5,611.75,580.05,587.45,91132
SPARC,20210318,158,159.5,151.4,152.4,420391
SPECIALITY,20210318,44.95,45.6,43.25,44.3,42042
SPENCERS,20210318,75.3,77.85,73.6,74.1,584712
SPIC,20210318,31.45,31.95,28.55,29.3,721686
SPICEJET,20210318,77.8,79,74.6,75.35,4221899
SPLIL,20210318,36,36.5,32.1,32.7,54850
SPMLINFRA,20210318,11.95,12,11.5,11.55,42348
SPTL,20210318,4,4.2,4,4,2934982
SPYL,20210318,0.4,0.4,0.35,0.4,197105
SREEL,20210318,146.25,148,145,145.15,24811
SREINFRA,20210318,6.1,6.3,5.55,5.8,2549546
SRF,20210318,5479,5480,5268,5284.95,209957
SRHHYPOLTD,20210318,266,268.95,245,248.35,28493
SRIPIPES,20210318,180,180.95,174.1,176.45,115442
SRPL,20210318,30.95,31.4,30,31.3,498
SRTRANSFIN,20210318,1338,1367.7,1303.05,1325.75,2912501
SSWL,20210318,702.55,720,643.25,677.95,62394
STAR,20210318,816,823.15,770.4,773.05,483283
STARCEMENT,20210318,99.9,99.9,95,95.85,534450
STARPAPER,20210318,128,130.5,123,124.15,177551
STCINDIA,20210318,83.95,85,79,79.55,65473
STEELCITY,20210318,37.2,37.25,34.15,34.55,10251
STEELXIND,20210318,53,55,53,53.95,183923
STEL,20210318,82.95,83,80.35,82.05,29846
STERTOOLS,20210318,213,213.5,206.55,209.35,18205
STLTECH,20210318,216,218.75,206.5,209.75,604820
STOVEKRAFT,20210318,447,456.2,430.3,434.5,142549
SUBCAPCITY,20210318,20.9,20.9,20.9,20.9,1
SUBEXLTD,20210318,38.2,38.45,34.2,35.7,8107149
SUBROS,20210318,313.15,316,303.3,305.9,39054
SUDARSCHEM,20210318,541.7,543.4,524,526.85,108821
SUMEETINDS,20210318,3.35,3.35,3.05,3.35,134296
SUMICHEM,20210318,287,287,277.7,280.1,714117
SUMIT,20210318,9.85,9.85,9,9.45,47622
SUMMITSEC,20210318,562.4,562.4,500.7,504.4,11113
SUNCLAYLTD,20210318,3230,3267,3062.25,3114.7,1701
SUNDARAM,20210318,1.4,1.4,1.4,1.4,195857
SUNDARMFIN,20210318,2541.5,2628.7,2445.1,2501.35,20131
SUNDARMHLD,20210318,78.7,80,75.5,76.95,116040
SUNDRMBRAK,20210318,343.6,350.1,327,330.2,2509
SUNDRMFAST,20210318,786,825,761.2,769.5,311282
SUNFLAG,20210318,62.2,63.8,59.4,60.45,405420
SUNPHARMA,20210318,587.4,591.55,572,574.55,5537584
SUNTECK,20210318,329.1,338.7,316.2,321.7,156135
SUNTV,20210318,463.5,474.85,460.2,464.5,2506795
SUPERHOUSE,20210318,129.25,129.4,121.5,122.9,13586
SUPERSPIN,20210318,5,5.15,4.75,4.75,59802
SUPPETRO,20210318,429.7,437.65,412.25,417.6,55017
SUPRAJIT,20210318,290,295,283.95,286.25,242259
SUPREMEENG,20210318,30.95,30.95,28.55,28.55,9683
SUPREMEIND,20210318,2045,2059,2020.6,2046.9,61228
SURANASOL,20210318,10.85,11.1,10.1,10.1,55832
SURANAT&P,20210318,4.4,4.45,4.2,4.35,32262
SURYALAXMI,20210318,35,36,33.25,34.45,42748
SURYAROSNI,20210318,378.1,393.45,358.1,360.65,335302
SUTLEJTEX,20210318,44.35,44.9,41.55,42.65,87520
SUULD,20210318,213.9,213.9,201.8,202.45,19889
SUVEN,20210318,77.9,79.35,73,74.6,388709
SUVENPHAR,20210318,475.1,479.35,452.55,472.9,336873
SUZLON,20210318,5.6,5.6,5.3,5.35,22736680
SWANENERGY,20210318,141.1,143.45,135.1,140.05,248781
SWARAJENG,20210318,1331.65,1348.95,1305,1321.6,5469
SWELECTES,20210318,205.95,206,191.25,193.65,12084
SWSOLAR,20210318,266.4,272.2,248.95,252.85,476703
SYMPHONY,20210318,1267.55,1278,1219.05,1226.05,41066
SYNGENE,20210318,535,535.05,499,502.2,836675
TAINWALCHM,20210318,63,63.95,58.1,60.05,29640
TAJGVK,20210318,118.2,120.2,115.3,116.4,107071
TAKE,20210318,53.5,54.05,50.1,50.5,1714679
TALBROAUTO,20210318,226.25,229,214.25,222.3,25889
TANLA,20210318,984,984,905.1,905.1,215751
TARC,20210318,30.95,31.4,28,28.35,452568
TARMAT,20210318,48.9,50.8,46.5,47,25897
TASTYBITE,20210318,14199.9,14324.9,13510.15,14103.4,2522
TATACHEM,20210318,743,752.9,705.25,715.15,8695141
TATACOFFEE,20210318,122.5,124.7,117.25,119.3,1820103
TATACOMM,20210318,1162.9,1173.7,1142.1,1166.2,1558538
TATACONSUM,20210318,606,608.2,587,594.9,3387208
TATAELXSI,20210318,2785.8,2802.95,2646.55,2674.7,424345
TATAINVEST,20210318,1092.65,1123,1055.05,1062.25,28159
TATAMETALI,20210318,745.05,762,731.05,746.55,116933
TATAMOTORS,20210318,311,316.6,299.75,307,73731921
TATAMTRDVR,20210318,132.15,134.35,125.2,128.45,4107457
TATAPOWER,20210318,104.6,106.6,96,100.55,102669579
TATASTEEL,20210318,716.25,722.9,698.3,704.85,14320651
TATASTLBSL,20210318,45.9,46.55,44.9,45.3,7793911
TATASTLLP,20210318,683.7,697.2,670.5,676.2,63913
TBZ,20210318,73,74,67.5,67.9,204886
TCI,20210318,243.75,245,240,241.8,23254
TCIDEVELOP,20210318,305,313.35,301.95,309.4,1812
TCIEXP,20210318,937.9,938,870.9,915.35,23556
TCIFINANCE,20210318,5.8,5.85,5.45,5.5,7543
TCNSBRANDS,20210318,492.35,561.2,492.35,516.8,652510
TCPLPACK,20210318,399.65,404.45,382,383.65,4702
TCS,20210318,3125.95,3146.45,2987.05,3036.5,3656306
TDPOWERSYS,20210318,150.05,152.5,141.75,143.15,44978
TEAMLEASE,20210318,3399,3520,3311.25,3398.1,22701
TECHM,20210318,1034,1035,978.6,996.2,3738712
TECHNOE,20210318,293.65,295.3,282.85,292.95,86114
TEJASNET,20210318,178.8,181.6,167.65,167.65,476294
TERASOFT,20210318,40.7,40.7,37.2,37.55,19681
TEXINFRA,20210318,72.4,72.4,70.25,70.5,82932
TEXMOPIPES,20210318,29.3,29.6,27,27.55,424550
TEXRAIL,20210318,30.15,30.55,29.05,29.3,691701
TFCILTD,20210318,61.85,64.7,60.2,63.3,1179197
TFL,20210318,2.35,2.35,2.35,2.35,3124
TGBHOTELS,20210318,5,5.35,4.85,5.1,159327
THANGAMAYL,20210318,607,612.25,600.2,603.1,20057
THEINVEST,20210318,92.65,92.65,87.05,89.55,6925
THEMISMED,20210318,308,308,290,291.65,5833
THERMAX,20210318,1367.1,1381.95,1333.65,1372.3,28870
THOMASCOOK,20210318,50.6,51.3,49.3,49.8,690855
THOMASCOTT,20210318,8.05,8.45,8.05,8.05,493
THYROCARE,20210318,867,877.35,856.25,863.4,41206
TI,20210318,28.95,29.5,27.9,28.4,358630
TIDEWATER,20210318,4448,4448,4325,4361.45,1303
TIIL,20210318,373.85,376.25,346.05,354.9,16300
TIINDIA,20210318,1189.9,1205,1138.9,1169.5,76970
TIJARIA,20210318,6.8,7.35,6.8,7.25,6105
TIL,20210318,169.65,169.9,163.65,164.65,10971
TIMESGTY,20210318,25.4,26.2,23.05,23.25,5455
TIMETECHNO,20210318,59,59.8,55.25,55.8,461313
TIMKEN,20210318,1259.05,1273.95,1241.05,1251.05,25300
TINPLATE,20210318,160.95,162.8,153.2,156.2,289653
TIPSINDLTD,20210318,508.5,527,495,502.85,5570
TIRUMALCHM,20210318,98.25,99.45,92.3,93.35,588149
TIRUPATIFL,20210318,26,26,26,26,101
TITAN,20210318,1485.6,1492.9,1463,1468.2,1242978
TMRVL,20210318,14.5,14.5,13.8,13.8,46131
TNPETRO,20210318,49.3,52.1,47.7,49.9,1311428
TNPL,20210318,149.15,152.35,144.25,145.3,576980
TNTELE,20210318,5.65,5.65,5.65,5.65,3208
TOKYOPLAST,20210318,70.55,70.55,68.6,69.85,14494
TORNTPHARM,20210318,2432,2433.6,2352.65,2366.75,353418
TORNTPOWER,20210318,419.9,423.15,412.75,417.9,1547730
TOTAL,20210318,44.55,46.85,44.55,45.55,21736
TOUCHWOOD,20210318,125.65,129.35,117.05,129.25,5090
TPLPLASTEH,20210318,153.7,159.8,147.25,148.5,6625
TREEHOUSE,20210318,7.3,7.3,6.6,6.7,31511
TREJHARA,20210318,33.95,37.45,33.95,33.95,72563
TRENT,20210318,834.9,846.7,818.5,823.15,400106
TRF,20210318,96.7,97.85,92.5,92.95,18216
TRIDENT,20210318,15,15.2,14.15,14.3,14259158
TRIGYN,20210318,70,71.3,66,66.75,67003
TRIL,20210318,18.7,19.1,16.9,17.8,359545
TRITURBINE,20210318,105,106.55,101.25,102.3,272094
TRIVENI,20210318,88.25,88.85,84,84.6,837001
TTKHLTCARE,20210318,549.9,554.95,494.9,503.15,8285
TTKPRESTIG,20210318,7550,7588.25,7325.25,7367.4,6576
TTL,20210318,46.6,47.6,44.1,44.6,27625
TTML,20210318,16.2,16.2,14.7,14.7,1828432
TV18BRDCST,20210318,32,32.6,30.4,30.8,7412622
TVSELECT,20210318,142.95,144,134,136.75,40594
TVSMOTOR,20210318,582,586.95,565,571,1285083
TVSSRICHAK,20210318,1773.85,1798,1736,1744.5,7999
TVTODAY,20210318,264.2,271,258.5,261.55,80987
TVVISION,20210318,1.85,1.85,1.85,1.85,30111
TWL,20210318,50.3,50.85,48.3,48.6,385679
UBL,20210318,1191,1214.7,1172.25,1188.75,245859
UCALFUEL,20210318,148,149.95,141,142.7,140011
UCOBANK,20210318,13.95,14.1,12.8,13.05,18109879
UFLEX,20210318,417.55,418.95,386,396.7,353306
UFO,20210318,81,83.2,77.35,78.05,119619
UGARSUGAR,20210318,16.75,17.15,16.25,16.4,189301
UJAAS,20210318,2.7,2.75,2.6,2.65,626338
UJJIVAN,20210318,232.4,232.4,222.6,226.15,434523
UJJIVANSFB,20210318,33,33.6,30.6,31.75,2943122
ULTRACEMCO,20210318,6595,6636.65,6466.7,6510.05,345807
UMANGDAIRY,20210318,58.3,63.75,58.05,61.2,198374
UMESLTD,20210318,4.5,4.5,4.5,4.5,9502
UNICHEMLAB,20210318,307,309.35,300,302.05,31694
UNIDT,20210318,257.55,265,257.55,261.8,22008
UNIENTER,20210318,82.9,83.45,81.5,82.35,56652
UNIONBANK,20210318,36,36,34.5,35.15,7160984
UNITEDTEA,20210318,323,324,291.2,300.25,12821
UNIVASTU,20210318,32,32.5,30.7,30.7,3411
UNIVCABLES,20210318,147,148.45,140.4,141.55,57309
UNIVPHOTO,20210318,180.35,183,175.6,182.25,3909
UPL,20210318,617.65,622.8,594.05,601.3,6154177
URJA,20210318,7.15,7.2,6.85,6.9,1455405
USHAMART,20210318,33.15,34.35,31.5,32.05,2386592
UTIAMC,20210318,580,584.7,555,565.9,135575
UTIBANKETF,20210318,34.51,34.78,33.37,33.88,10199
UTINEXT50,20210318,356,360,345.05,351.27,3644
UTINIFTETF,20210318,1589.09,1589.09,1515.5,1519.1,605
UTISENSETF,20210318,528.69,533,509.46,510.81,3865
UTISXN50,20210318,40.68,41.87,39.3,40,2358
UTTAMSTL,20210318,7.1,7.1,6.7,6.9,85764
UTTAMSUGAR,20210318,94.85,96.35,87.4,92.7,95655
V2RETAIL,20210318,133.95,134,125.9,125.9,78840
VADILALIND,20210318,916.05,936.15,916.05,926.1,12852
VAIBHAVGBL,20210318,4150,4211.95,3813,3861.35,110261
VAISHALI,20210318,34,34,32.5,33.1,32053
VAKRANGEE,20210318,52.35,52.5,50.3,50.5,1486865
VALIANTORG,20210318,1270.25,1293.25,1231,1243,14461
VARDHACRLC,20210318,39.15,39.3,37,37.1,28997
VARDMNPOLY,20210318,23.1,23.15,21.15,21.15,67259
VARROC,20210318,371,406.7,371,394.75,445483
VASCONEQ,20210318,18.2,18.3,16.75,16.95,233265
VASWANI,20210318,11.1,11.35,10.35,10.6,57824
VBL,20210318,1007,1025.05,967.3,975.45,221772
VEDL,20210318,225.4,226.35,221,221.85,19059687
VENKEYS,20210318,1605,1617.7,1551.3,1565.35,51931
VENUSREM,20210318,271.9,279,252.5,257.9,221760
VERTOZ,20210318,274.9,279,260,262.3,183729
VESUVIUS,20210318,1009.95,1010.5,964.95,969.7,9989
VETO,20210318,132,136.75,125.05,125.05,22514
VGUARD,20210318,238.4,242,229.75,231.9,845987
VHL,20210318,1813.3,1848,1793,1799.85,615
VICEROY,20210318,2.4,2.55,2.4,2.4,52645
VIDHIING,20210318,167,172,154.05,157.5,1217772
VIJIFIN,20210318,0.7,0.7,0.65,0.65,117406
VIKASECO,20210318,2.4,2.5,2.3,2.5,2649354
VIKASMCORP,20210318,3.2,3.4,3.15,3.2,7710123
VIKASPROP,20210318,2.35,2.35,2.2,2.25,1759442
VIKASWSP,20210318,7,7.1,6.6,6.6,512702
VIMTALABS,20210318,168,174,160,162.45,41960
VINATIORGA,20210318,1408.05,1419.6,1350.35,1374.25,43061
VINDHYATEL,20210318,833.9,837,792,800.4,18625
VINYLINDIA,20210318,127,127,113.55,118.3,104074
VIPCLOTHNG,20210318,14.75,15.5,14.5,14.5,74225
VIPIND,20210318,387,387,366.25,372.4,282166
VIPULLTD,20210318,34.85,36.45,34.5,34.5,13696
VISAKAIND,20210318,487.1,495.05,483.65,491.5,47127
VISASTEEL,20210318,8,8.25,7.6,7.6,38965
VISHAL,20210318,73.05,73.05,73.05,73.05,7751
VISHNU,20210318,211.8,229.45,211.25,229.45,160387
VISHWARAJ,20210318,161,164.8,130.65,139.05,229993
VIVIDHA,20210318,1,1,1,1,335775
VIVIMEDLAB,20210318,18.3,18.55,17.05,17.15,554680
VLSFINANCE,20210318,84.35,87.9,79.8,83.85,165802
VMART,20210318,2789.8,2789.9,2654.3,2756.6,12944
VOLTAMP,20210318,1111.05,1132,1089.95,1093.1,8277
VOLTAS,20210318,1018,1021.9,968.7,987,2393287
VRLLOG,20210318,237,242.8,229.85,231.55,247528
VSSL,20210318,152.7,156.65,141.75,142.55,141711
VSTIND,20210318,3410,3433.45,3343,3351.7,3620
VSTTILLERS,20210318,1831,1845,1810.25,1829.1,7297
VTL,20210318,1223.2,1245.45,1192.1,1238.1,30695
WABAG,20210318,258.05,261.8,241.2,246.9,557023
WABCOINDIA,20210318,6021.3,6200,6002,6050.9,1621
WALCHANNAG,20210318,67.75,69.95,63.75,64.5,618456
WANBURY,20210318,81.95,82,76.05,77,20137
WATERBASE,20210318,110.35,113,104.2,105.5,97826
WEALTH,20210318,128.4,139.9,128.2,131.45,599
WEBELSOLAR,20210318,43.4,44.85,42.5,42.5,148674
WEIZMANIND,20210318,45.95,47.25,42.95,43.15,19743
WELCORP,20210318,129.5,136.25,129.25,133.6,2766138
WELENT,20210318,117.05,120,108.45,111.45,319928
WELINV,20210318,380.9,391.95,375,375.3,744
WELSPUNIND,20210318,80.5,81.95,73,77.1,2375865
WENDT,20210318,3206.6,3206.6,3141,3160.05,412
WESTLIFE,20210318,495.5,514.1,495.5,504.85,166383
WHEELS,20210318,452.95,452.95,440,444.15,8995
WHIRLPOOL,20210318,2390,2413.7,2347.9,2373.85,63997
WILLAMAGOR,20210318,20.65,20.8,19.1,19.65,14097
WINDMACHIN,20210318,30.5,31,27.4,27.9,183136
WIPL,20210318,56.85,56.85,54,54,5213
WIPRO,20210318,423.25,424.15,404.3,410.15,10082931
WOCKPHARMA,20210318,462.7,464.9,430.1,434.9,565151
WONDERLA,20210318,203.2,207.25,196.65,198.6,94118
WORTH,20210318,55.55,55.55,51.1,51.85,11537
WSI,20210318,5.25,5.3,4.95,4.95,6476
WSTCSTPAPR,20210318,247.8,255.5,232.65,239.35,355162
XCHANGING,20210318,70.4,70.9,67,67.3,165183
XELPMOC,20210318,292.75,299.9,271.4,272.05,33500
XPROINDIA,20210318,54,55.4,51.85,52.85,10394
YAARII,20210318,145.55,148.1,137.35,138.3,333621
YESBANK,20210318,15.2,15.3,14.8,14.9,92968773
ZEEL,20210318,206.4,214.85,204.1,207.1,22859020
ZEELEARN,20210318,11.25,11.25,10.8,10.9,421072
ZEEMEDIA,20210318,6.7,6.85,6.35,6.35,2339598
ZENITHEXPO,20210318,70,70,65.2,66.35,3745
ZENITHSTL,20210318,0.8,0.8,0.75,0.75,4595
ZENSARTECH,20210318,317,323,294,300.75,441405
ZENTEC,20210318,88.8,89.35,71.55,82.5,392392
ZODIACLOTH,20210318,102.15,103.5,95.55,97.7,114015
ZODJRDMKJ,20210318,27.1,28.15,27.05,27.2,2107
ZOTA,20210318,148.2,148.25,143.1,143.45,10047
ZUARI,20210318,93.05,94.5,90.05,91.1,83552
ZUARIGLOB,20210318,82,83.45,80,82,59947
ZYDUSWELL,20210318,1869.8,1894.95,1851,1875,60608
NSENIFTY,20210318,14855.50,14875.20,14478.60,14557.85,542216908,0
NIFTYJUNIOR,20210318,34324.90,34406.00,33465.70,33692.85,308895869,0
NIFTYMIDCAPLIQ15,20210318,5764.35,5790.75,5575.50,5616.45,95291263,0
NSE100,20210318,14959.05,14977.45,14581.95,14662.50,851112777,0
NIFTY200,20210318,7739.65,7752.05,7538.95,7583.30,1899505154,0
NSE500,20210318,12426.90,12449.85,12100.60,12174.45,2309132011,0
NSEMIDCAP150,20210318,8977.60,9026.25,8712.70,8783.10,1066462938,0
MIDCAP50,20210318,6808.90,6850.25,6580.20,6650.50,878489912,0
NSEMIDCAP,20210318,23671.00,23809.75,22928.40,23129.85,1048392377,0
NSESMLCAP100,20210318,8335.70,8394.05,8071.50,8149.45,-,0
NIFTYLARGEMIDCAP250,20210318,-,-,-,7805.11,1917575715,0
NIFTYAUTO,20210318,10251.95,10345.20,10039.55,10143.95,149400391,0
BANKNIFTY,20210318,34577.50,34759.85,33597.55,33856.80,365798753,0
NIFTYFINSERVICE,20210318,16135.15,16202.10,15774.15,15848.60,139416064,0
NIFTYFMGC,20210318,33391.45,33480.55,33017.95,33222.60,106916217,0
NSEIT,20210318,26365.90,26395.95,25012.50,25373.35,40402830,0
NIFTYMEDIA,20210318,1647.70,1677.60,1622.65,1638.50,41856676,0
NIFTYMETAL,20210318,3795.65,3837.65,3722.60,3754.35,152685937,0
NIFTYPHARMA,20210318,11830.95,11849.20,11466.95,11514.45,19449523,0
NIFTYPVTBANK,20210318,18547.85,18634.05,18008.60,18141.15,142365096,0
NIFTYPSUBANK,20210318,2229.15,2246.05,2118.20,2155.90,308388253,0
NIFTYREALTY,20210318,339.30,341.35,327.35,330.80,24600503,0
NIFTYCOMMODITIES,20210318,4409.20,4432.75,4310.45,4331.50,296575134,0
NIFTYCONSUMPTION,20210318,5904.25,5920.65,5813.05,5855.20,164491104,0
NIFTYCPSE,20210318,1839.30,1853.85,1795.30,1808.45,114898487,0
NIFTYENERGY,20210318,18834.90,18952.95,18326.65,18404.40,227163405,0
NIFTY100ESG,20210318,-,-,-,2871.89,509486345,0
NIFTY100ENHESG,20210318,-,-,-,2895.50,459741439,0
NIFTYINFRA,20210318,4140.40,4156.40,4042.40,4067.65,347749384,0
NIFTYMNC,20210318,16036.65,16074.10,15672.85,15734.25,281898295,0
NIFTYPSE,20210318,3215.50,3241.25,3130.70,3155.25,415666594,0
NIFTYSMEEMERGE,20210318,-,-,-,1763.26,953162,0
NIFTYSERVSECTOR,20210318,21009.25,21037.90,20377.00,20524.35,280992851,0
NIFTYSHARIAH25,20210318,-,-,-,5278.32,107198370,0
NIFTY50SHARIAH,20210318,-,-,-,3433.65,106065405,0
NIFTY500SHARIAH,20210318,-,-,-,4173.94,450993597,0
NIFTYABGROUP,20210318,-,-,-,4647.70,249868597,0
NIFTYMAHINDRA,20210318,-,-,-,13395.04,18894492,0
NIFTYTATA,20210318,-,-,-,10027.20,230588050,0
NIFTYTATA25CAP,20210318,-,-,-,7326.59,212081323,0
NIFTYABGROUP,20210318,-,-,-,4647.70,249868597,0
NIFTYLIQ15,20210318,3701.10,3720.90,3617.00,3644.50,178844723,0
NIFTY500VALUE50,20210318,-,-,-,4713.14,926239493,0
NIFTYQUALLOWVOL30,20210318,-,-,-,10205.44,182827904,0
NIFTYALPHAQUALLOWVOL30,20210318,-,-,-,11724.46,185280940,0
NIFTYALPHAQUALVALLOWVOL30,20210318,-,-,-,8941.87,201564775,0
NIFTY50EQUALWEIGHT,20210318,16064.65,16107.25,15687.40,15794.65,542216908,0
NIFTY100EQUALWEIGHT,20210318,16970.20,17018.85,16553.45,16675.35,851112777,0
NIFTY100LOWVOL30,20210318,11246.65,11254.85,10968.25,11024.80,236612732,0
NSEDEFTY,20210318,-,-,-,6954.54,-,0
NIFTY50DIVPOINT,20210318,112.66,112.66,112.66,112.66,-,0
NIFTYDIVOPPS50,20210318,3063.30,3068.45,2983.20,3010.10,695384415,0
NIFTYALPHA50,20210318,22359.80,22501.25,21691.85,21834.75,275972479,0
NIFTY50ARBITRAGE,20210318,-,-,-,1940.45,-,0
NIFTY50FUTINDEX,20210318,-,-,-,4803.65,-,0
NIFTY50FUTTRINDEX,20210318,-,-,-,15180.94,-,0
NIFTYHIGHBETA50,20210318,-,-,-,1753.18,1009285168,0
NIFTYLOWVOL50,20210318,-,-,-,13228.32,242770053,0
NIFTY50VALUE20,20210318,7440.95,7454.75,7223.95,7296.60,268867474,0
NIFTYGROWSECT15,20210318,7082.55,7110.10,6953.75,6983.55,155776567,0
NIFTY50TR2XLEV,20210318,8993.05,9010.55,8541.70,8635.90,-,0
NIFTY50PR2XLEV,20210318,6741.45,6754.60,6403.10,6473.70,-,0
NIFTY50TR1XINV,20210318,255.70,262.30,255.45,260.90,-,0
NIFTY50PR1XINV,20210318,295.20,302.80,294.90,301.20,-,0
NIFTY-GS-COMPSITE,20210318,2250.66,2252.67,2247.58,2251.03,-,0
NIFTY-GS-4-8YR,20210318,2360.35,2364.57,2359.21,2362.55,-,0
NIFTY-GS-8-13YR,20210318,2203.39,2203.98,2200.36,2203.41,-,0
NIFTY-GS-10YR,20210318,2009.12,2010.27,2002.28,2008.05,-,0
NIFTY-GS-10YR-CLN,20210318,944.29,944.84,941.02,943.78,-,0
NIFTY-GS-11-15YR,20210318,2351.21,2354.03,2346.47,2350.57,-,0
NIFTY-GS-15YRPLUS,20210318,2590.49,2591.53,2586.16,2592.37,-,0
VIX,20210318,20.16,20.95,16.68,20.08,0,0
