20MICRONS,20210322,35.95,37,35,36.05,74675
21STCENMGM,20210322,14.5,14.5,14.5,14.5,2177
3IINFOTECH,20210322,7.85,8.15,7.8,7.85,8448959
3MINDIA,20210322,27585,27880.9,26601,27435.85,11794
3PLAND,20210322,8.8,8.8,8.35,8.6,4381
5PAISA,20210322,284.3,284.3,272.05,277.15,17715
63MOONS,20210322,76.55,78.25,75.5,75.95,29546
A2ZINFRA,20210322,3.9,4.2,3.8,3.95,829493
AAKASH,20210322,130.8,130.8,128,129.7,5450
AARON,20210322,59.7,60.25,57.5,58.35,2020
AARTIDRUGS,20210322,763,770,726,733.95,3072899
AARTIIND,20210322,1264.8,1290.05,1240,1282.75,151246
AARTISURF,20210322,970,984.25,945.25,948.05,5715
AARVEEDEN,20210322,17.65,17.95,17.2,17.5,4011
AARVI,20210322,53.65,53.65,52,52.25,2302
AAVAS,20210322,2298,2374.95,2294,2351.95,131891
ABAN,20210322,32.35,33.8,31.95,33.15,103190
ABB,20210322,1414,1428,1385,1388.6,77105
ABBOTINDIA,20210322,14855,14855,14500,14646.5,12736
ABCAPITAL,20210322,120.8,122.6,119.05,120.8,2094161
ABFRL,20210322,205.9,207.65,202.25,205.9,1753377
ABMINTLTD,20210322,51,55.9,50.75,55.9,2274
ABSLBANETF,20210322,339,345,332.77,333.85,225
ABSLNN50ET,20210322,368.44,368.44,348.3,354.97,111
ACC,20210322,1760,1873.9,1751.2,1860,4627665
ACCELYA,20210322,899.65,899.65,881,896.65,1975
ACCURACY,20210322,54.9,54.9,52.6,54.8,965
ACE,20210322,157,164.5,154,160.3,356579
ACRYSIL,20210322,338,341.65,325,330.85,55860
ADANIENT,20210322,892.9,1003,883.45,991.05,22596465
ADANIGREEN,20210322,1252.2,1252.2,1234.95,1252.2,382028
ADANIPORTS,20210322,686,726.25,681,721.9,22864950
ADANIPOWER,20210322,93.5,96.8,93.5,96.8,26846097
ADANITRANS,20210322,767.8,807,758.15,792.15,1802300
ADFFOODS,20210322,884.9,901,873.7,895.5,26663
ADHUNIKIND,20210322,20.7,20.7,18.55,19.65,13026
ADL,20210322,30.5,30.5,27.8,28.05,2314
ADORWELD,20210322,309.9,316.5,307.9,315.3,24343
ADROITINFO,20210322,10.3,10.3,10.3,10.3,11
ADSL,20210322,51,51.1,47.6,48.3,215757
ADVANIHOTR,20210322,61.05,61.65,59.25,61.15,14997
ADVENZYMES,20210322,357,360,352,355.15,104517
AEGISCHEM,20210322,301,301,291.5,294.8,132798
AFFLE,20210322,5370.85,5440,5255.3,5299.05,59204
AGARIND,20210322,138.95,145.15,138.95,145.15,12538
AGCNET,20210322,1049.35,1058,1010.55,1039.9,3545
AGRITECH,20210322,33.9,34.95,33.05,33.75,4792
AGROPHOS,20210322,11.4,12,10.9,12,59815
AHLADA,20210322,94.4,95.95,93.05,95.6,709
AHLEAST,20210322,161,161.65,157,161.65,1912
AHLUCONT,20210322,307.5,309,298,305.15,25235
AHLWEST,20210322,211.25,218.35,209.4,215.15,2061
AIAENG,20210322,1873.1,1925,1873.1,1913.2,52126
AIRAN,20210322,17.25,17.3,15.9,16.15,409302
AJANTPHARM,20210322,1825.4,1825.4,1774,1778.8,74856
AJMERA,20210322,130,136.75,117.05,130.25,943229
AKASH,20210322,204,209,192,206.3,60442
AKG,20210322,90.3,90.3,90.3,90.3,641
AKSHARCHEM,20210322,243,243,234.7,235.75,12104
AKSHOPTFBR,20210322,6.2,6.3,5.85,5.95,279059
AKZOINDIA,20210322,2205,2230,2178.85,2213.6,10866
ALANKIT,20210322,15.6,15.75,15,15.1,158423
ALBERTDAVD,20210322,391.6,391.6,382,384.3,11349
ALEMBICLTD,20210322,100,101.65,99.7,101.1,228365
ALICON,20210322,500,514.2,481,489.5,51906
ALKALI,20210322,48.95,48.95,47.3,47.6,12163
ALKEM,20210322,2634.2,2659.3,2606.2,2620.55,120147
ALKYLAMINE,20210322,5384,5423.6,5309,5330.15,26834
ALLCARGO,20210322,129.3,132.6,129.1,130.75,182870
ALLSEC,20210322,312.85,319.9,305,317.8,6560
ALMONDZ,20210322,27.05,29.3,26.75,27.2,12735
ALOKINDS,20210322,20.8,21.95,20.6,20.9,16743394
ALPA,20210322,36.45,36.95,35.2,36.5,24174
ALPHAGEO,20210322,197.45,197.45,191.1,192.55,9795
ALPSINDUS,20210322,2.05,2.05,1.9,1.9,10584
AMARAJABAT,20210322,871,876.45,865.1,874.4,353785
AMBER,20210322,3275,3394,3236.05,3335.85,63904
AMBIKCO,20210322,996.05,1000,976.1,981.85,7122
AMBUJACEM,20210322,284.45,297.8,278,295.6,11182565
AMDIND,20210322,19.2,19.9,18.25,18.35,28064
AMJLAND,20210322,23.45,24.75,22.8,23.5,24979
AMRUTANJAN,20210322,502,523,502,519.3,71339
ANANTRAJ,20210322,55,56.05,53.95,54.1,314182
ANDHRACEMT,20210322,6,6.1,5.7,5.9,214152
ANDHRAPAP,20210322,230.65,234.85,227.1,233.35,15780
ANDHRSUGAR,20210322,303,306,293.3,304.95,60298
ANGELBRKG,20210322,306,315.5,305.35,313.95,145667
ANIKINDS,20210322,15.9,16.6,15.9,16.25,2738
ANKITMETAL,20210322,1.05,1.1,1.05,1.1,115634
ANSALAPI,20210322,6.7,6.95,6.55,6.65,119608
ANSALHSG,20210322,6.1,6.1,5.8,5.85,73492
ANTGRAPHIC,20210322,0.5,0.5,0.5,0.5,12637
ANUP,20210322,580,595.05,575,588.6,44241
APARINDS,20210322,471.9,478,455.8,462.05,44256
APCL,20210322,207.9,214,207,211.55,34909
APCOTEXIND,20210322,178,185.9,177.85,180.2,96031
APEX,20210322,217.6,228.75,217.5,221.65,76140
APLAPOLLO,20210322,1254.6,1296.9,1245,1283.8,538272
APLLTD,20210322,890.1,925.95,888.65,916.2,555759
APOLLO,20210322,100,101.45,96.5,99.15,198324
APOLLOHOSP,20210322,2913,2944.25,2875,2905.1,488626
APOLLOPIPE,20210322,850.1,859,811.9,827.65,27885
APOLLOTYRE,20210322,226,226.75,220.7,224.4,5402029
APOLSINHOT,20210322,529.95,547.75,525,529.75,532
APTECHT,20210322,207,211.8,205,208.45,211265
ARCHIDPLY,20210322,33.85,33.85,31.55,33.1,8264
ARCHIES,20210322,11,11,10.8,10.95,30378
ARENTERP,20210322,11.3,11.7,10.95,11.55,1320
ARIES,20210322,88.7,89.9,87.1,88.6,30515
ARIHANT,20210322,19.7,20.2,19.1,19.2,915
ARIHANTSUP,20210322,32.55,35,32.55,34.35,35729
ARMANFIN,20210322,632,647.5,624.3,633.1,8329
AROGRANITE,20210322,43,43.5,39.65,42.5,63132
ARROWGREEN,20210322,69,73.15,66.4,73.1,10690
ARSHIYA,20210322,36.8,36.8,36.8,36.8,85041
ARSSINFRA,20210322,22.15,22.95,21.6,22,9933
ARTEMISMED,20210322,216.2,228,211,224.45,1767
ARVEE,20210322,43.55,43.55,43.55,43.55,9
ARVIND,20210322,70.95,73.9,68.55,72.35,1033524
ARVINDFASN,20210322,153.95,154.8,149,153.85,127775
ARVSMART,20210322,95.45,99,95.45,97.05,55988
ASAHIINDIA,20210322,302.65,309,300,302.6,17464
ASAHISONG,20210322,317,321.35,310.5,312.85,11903
ASAL,20210322,35.5,36.5,35,35.25,6492
ASALCBR,20210322,416.6,430.6,415,427.7,110126
ASHAPURMIN,20210322,100.15,104.2,99.45,99.45,381276
ASHIANA,20210322,132.65,144,132.55,136.8,125882
ASHIMASYN,20210322,15.45,16.3,15.45,15.85,66799
ASHOKA,20210322,104.45,104.6,102.3,102.7,771374
ASHOKLEY,20210322,116.1,116.75,112.5,113.75,16392169
ASIANHOTNR,20210322,67,70.45,65.95,67.6,7707
ASIANPAINT,20210322,2390,2438.1,2390,2425.7,1489853
ASIANTILES,20210322,161,166.8,159.05,160.25,533843
ASPINWALL,20210322,186.95,186.95,179.05,180.85,2212
ASTEC,20210322,1060.6,1099,1051,1072.15,15989
ASTERDM,20210322,140.2,143.95,139.15,143.4,178862
ASTRAL,20210322,1672,1730,1661.05,1705.45,175632
ASTRAMICRO,20210322,136.5,142.8,134,139.35,537677
ASTRAZEN,20210322,3265.5,3384.85,3213.1,3292,118907
ASTRON,20210322,44.55,48,43.55,44.1,113231
ATFL,20210322,813.5,818.85,804.75,814.5,4984
ATGL,20210322,745.45,852,745.45,819.1,4323983
ATLANTA,20210322,7.4,7.6,7.25,7.3,22290
ATUL,20210322,6764,7038.4,6670.05,6920.45,66938
ATULAUTO,20210322,187.9,187.9,182.5,183.8,60214
AUBANK,20210322,1209,1234.75,1195,1222.9,758035
AURIONPRO,20210322,130.2,135.75,122.05,124.7,105847
AUROPHARMA,20210322,830.1,849.5,826,835.25,3077093
AUSOMENT,20210322,49,49.25,46.3,48.55,5029
AUTOAXLES,20210322,1169.45,1171.4,1116,1130.7,11721
AUTOIND,20210322,40.45,40.45,37.5,38.55,52293
AVADHSUGAR,20210322,189.2,193.6,188.25,190.45,73322
AVANTIFEED,20210322,455,461.7,443,455.95,369985
AVTNPL,20210322,43.5,45.75,43.5,45,78300
AWHCL,20210322,263.5,268.8,263,264.05,71030
AXISBANK,20210322,719,730,709.3,716.2,14802230
AXISBNKETF,20210322,336.41,338,332.5,334.16,1487
AXISCADES,20210322,47.65,47.65,41.55,43.15,87877
AXISGOLD,20210322,39.69,39.95,38.9,38.93,234516
AXISNIFTY,20210322,152.75,155,151.1,153.1,3136
AYMSYNTEX,20210322,47.9,47.9,44.55,45.15,19012
BAFNAPH,20210322,186.8,186.8,186.8,186.8,6610
BAGFILMS,20210322,2.3,2.3,2.2,2.2,276749
BAJAJ-AUTO,20210322,3650.2,3685,3634.3,3664.75,502724
BAJAJCON,20210322,270.7,272.9,265.65,269.2,345872
BAJAJELEC,20210322,934.9,949.7,922.65,934,87412
BAJAJFINSV,20210322,9450,9494.95,9312.05,9405.85,293029
BAJAJHIND,20210322,6.5,6.75,6.4,6.55,4027206
BAJAJHLDNG,20210322,3427.8,3455,3366.15,3428.3,20010
BAJFINANCE,20210322,5446.5,5497,5337,5389.35,1938461
BALAJITELE,20210322,59.3,59.75,57.6,57.9,388426
BALAMINES,20210322,1719,1719,1673.35,1691.8,70348
BALAXI,20210322,559.65,559.65,524.7,530.25,2693
BALKRISHNA,20210322,21.5,23.55,21.5,23.25,3973
BALKRISIND,20210322,1615,1628.95,1601.55,1622.35,379095
BALMLAWRIE,20210322,134.7,140.8,134.05,137.75,916718
BALPHARMA,20210322,54,59,54,56.5,96875
BALRAMCHIN,20210322,202.2,207.3,198.1,204.2,1580377
BANARBEADS,20210322,52.3,54.45,51.85,52.3,4369
BANARISUG,20210322,1735.05,1765.55,1700,1705.8,869
BANCOINDIA,20210322,145,151,145,146.85,121397
BANDHANBNK,20210322,346.05,355.45,343.3,352.6,9247050
BANG,20210322,27.05,27.95,26.5,27.4,1702
BANKA,20210322,58.15,61.5,58.15,58.3,6515
BANKBARODA,20210322,73.8,74.65,71.75,72.45,43215479
BANKBEES,20210322,342.54,345,335.55,337.91,929759
BANKINDIA,20210322,67,69.25,66.35,68.4,4182860
BANSWRAS,20210322,116,116,105.6,108,6250
BASF,20210322,2055.05,2117.8,2052.25,2087.75,31548
BASML,20210322,64.7,66.1,63.5,64.9,15568
BATAINDIA,20210322,1489.8,1491,1468.5,1476.05,264088
BAYERCROP,20210322,5149.95,5149.95,5055,5093.8,7366
BBL,20210322,1152,1154,1105,1117.5,15084
BBTC,20210322,1174.35,1185,1154.55,1170.1,50376
BCG,20210322,9.4,9.4,8.8,8.95,2751926
BCLIND,20210322,102,117.85,100.75,114.2,122895
BCP,20210322,3.5,3.6,3.3,3.6,3685490
BDL,20210322,363,367,350.25,358.35,1695839
BEARDSELL,20210322,9.45,9.95,9,9.25,59981
BECTORFOOD,20210322,344.4,356,342.05,347.5,480365
BEDMUTHA,20210322,22.6,23,22.1,22.85,2879
BEL,20210322,128.7,131.95,127.35,127.95,12981794
BEML,20210322,1390,1419.95,1360.1,1387.1,1563755
BEPL,20210322,151,154.95,149.7,152.65,568854
BERGEPAINT,20210322,726.1,734.45,717.6,732.05,767576
BESTAGRO,20210322,459,507.95,436,507.95,70172
BFINVEST,20210322,285.85,287.7,281.45,283.05,7064
BFUTILITIE,20210322,263.7,267.7,259.1,261.9,118581
BGLOBAL,20210322,1.25,1.3,1.2,1.2,21079
BGRENERGY,20210322,45.7,48.2,45.5,46.95,141237
BHAGERIA,20210322,163,168,163,163.9,34750
BHAGYANGR,20210322,44.15,45.9,41.95,43.2,16487
BHAGYAPROP,20210322,29.05,29.05,28.5,28.55,7373
BHANDARI,20210322,2.35,2.45,2.25,2.25,332933
BHARATFORG,20210322,591,607.95,591,596.85,1512975
BHARATGEAR,20210322,76.9,79.35,76.9,78.2,11773
BHARATRAS,20210322,9563.95,9700,9538.95,9642.55,958
BHARATWIRE,20210322,38.8,39.6,36.8,36.8,54403
BHARTIARTL,20210322,533.05,534,523,528,13331409
BHEL,20210322,52.05,52.8,51.25,52.2,48322688
BIGBLOC,20210322,111.2,111.2,111.15,111.15,105481
BIL,20210322,156.85,164.7,152,159.35,39957
BINDALAGRO,20210322,17.05,17.6,16.7,17.05,67246
BIOCON,20210322,395.6,403.4,394.05,402.25,3713607
BIOFILCHEM,20210322,72.55,73,71.05,73,41060
BIRLACABLE,20210322,64.75,66.9,63.5,64.45,207095
BIRLACORPN,20210322,800,839.7,790.1,831.7,187752
BIRLAMONEY,20210322,42.85,43.65,42.65,42.9,83855
BIRLATYRE,20210322,25.8,25.8,24.75,25,231027
BKMINDST,20210322,1.05,1.05,1,1,29405
BLBLIMITED,20210322,6.5,6.8,6.2,6.75,74343
BLISSGVS,20210322,105,106,101.65,102.3,745114
BLKASHYAP,20210322,19.9,20.55,18.65,19.75,257681
BLS,20210322,104.5,104.8,100.8,101.6,141274
BLUECHIP,20210322,0.15,0.2,0.1,0.2,15657
BLUEDART,20210322,5315,5482,5202.95,5244.15,15924
BLUESTARCO,20210322,909,919.7,881.75,895.4,99756
BODALCHEM,20210322,91,96.75,90.1,94,1901533
BOMDYEING,20210322,74.9,76.05,73.65,74.95,1469203
BOROLTD,20210322,173.7,173.7,169.1,169.7,91382
BORORENEW,20210322,264,267.7,257.5,258.95,217601
BOSCHLTD,20210322,14527.55,14550,14284.75,14349.8,22321
BPCL,20210322,438.25,442,434.35,439.35,13671931
BPL,20210322,24.85,25.6,24.2,25,123375
BRFL,20210322,7.6,7.8,7.2,7.75,211847
BRIGADE,20210322,249.6,254.15,243,251.5,182657
BRITANNIA,20210322,3440.1,3570,3440.1,3564.4,820046
BRNL,20210322,31.65,31.65,30.5,30.65,24208
BROOKS,20210322,55.05,56,53.05,53.5,10837
BSE,20210322,571.7,572,562.4,568.55,153531
BSELINFRA,20210322,0.95,1.05,0.95,0.95,155066
BSHSL,20210322,137,137.75,130.05,134.5,1536
BSL,20210322,35,35.35,34.1,34.4,5242
BSLGOLDETF,20210322,4144.95,4144.95,4090.05,4101.55,365
BSLNIFTY,20210322,159.6,164.38,159.6,161.93,185
BSOFT,20210322,243,250.75,240.45,248.2,1141179
BURGERKING,20210322,136.4,139.75,135.15,137.4,1170429
BURNPUR,20210322,2.2,2.35,2.2,2.25,29964
BUTTERFLY,20210322,548,552.55,538,545.55,142280
BVCL,20210322,18.4,18.65,17.8,18.25,2821
BYKE,20210322,22.25,22.25,20.95,21.15,38127
CADILAHC,20210322,427.55,438,425.75,431.65,2032262
CALSOFT,20210322,8.95,9.1,8.8,9.05,13194
CAMLINFINE,20210322,143.05,146.75,139.1,145.9,1269979
CAMS,20210322,1862,1893,1832.4,1865.85,105102
CANBK,20210322,151,154.25,147.5,150,19111354
CANFINHOME,20210322,580.95,612,577.95,602.4,1378357
CANTABIL,20210322,377.8,378,372.4,374.2,112246
CAPACITE,20210322,196.45,201.7,193,198.65,99821
CAPLIPOINT,20210322,426.05,437.7,426.05,428.4,76533
CAPTRUST,20210322,107.75,119.05,107.75,115.8,22298
CARBORUNIV,20210322,467.25,479.95,466,468.85,196549
CAREERP,20210322,138,139.95,136.05,139.15,14568
CARERATING,20210322,449,454.8,436,438.2,156424
CASTEXTECH,20210322,0.3,0.35,0.3,0.3,95408
CASTROLIND,20210322,118.55,119.6,117.8,118.8,1438280
CCCL,20210322,0.55,0.6,0.5,0.6,629803
CCHHL,20210322,4.55,4.55,4.25,4.3,80031
CCL,20210322,244,245,238.25,239.9,60075
CDSL,20210322,615,616.75,604.4,609.5,543384
CEATLTD,20210322,1586,1586.95,1538.95,1548.3,125465
CEBBCO,20210322,16,16.35,15.95,16.2,39213
CELEBRITY,20210322,5.95,6.2,5.75,6.15,18846
CENTENKA,20210322,264,266,258.55,260.65,28870
CENTEXT,20210322,4.15,4.2,4,4.1,77448
CENTRALBK,20210322,16.45,16.75,15.8,15.9,11643707
CENTRUM,20210322,27.75,28.8,27.4,27.85,6124001
CENTUM,20210322,395.25,401,390.05,394.45,6073
CENTURYPLY,20210322,290.5,301,290.5,298.9,99196
CENTURYTEX,20210322,473.05,487.05,468.75,483.65,413517
CERA,20210322,3915,3921.2,3816.45,3859.75,13076
CEREBRAINT,20210322,52.4,53.4,51.3,52.55,754006
CESC,20210322,612.2,612.2,595.7,597.75,383117
CGCL,20210322,354.9,364.8,346.45,361.5,94622
CGPOWER,20210322,61.4,61.85,59.55,61.85,3119312
CHALET,20210322,157.25,158.1,155.2,156.3,123045
CHAMBLFERT,20210322,217.3,222.85,217.1,221.05,639503
CHEMBOND,20210322,193.85,195,186.95,189.95,13554
CHEMCON,20210322,422,426.9,418.9,421.15,138509
CHEMFAB,20210322,124.7,131.05,123.05,129.3,8893
CHENNPETRO,20210322,105.5,106.5,103.45,104.15,506764
CHOLAFIN,20210322,558,579.6,545.05,570.4,9087183
CHOLAHLDNG,20210322,599,606.55,591.15,599.6,116287
CIGNITITEC,20210322,329.85,330.55,313.5,316.85,48602
CINELINE,20210322,34.45,34.8,33.4,33.95,37307
CINEVISTA,20210322,6.25,6.35,6.05,6.05,11987
CIPLA,20210322,762,784.6,758.7,772.85,3563266
CLEDUCATE,20210322,78.85,82.75,75.9,76.5,53446
CLNINDIA,20210322,382.8,387.45,377.65,382.7,44541
CMICABLES,20210322,44.6,47.9,44.6,47.25,39666
CNOVAPETRO,20210322,14.85,15.55,14.4,15.55,243
COALINDIA,20210322,137.6,137.6,135.3,135.65,11414253
COCHINSHIP,20210322,361,369,359.05,361.3,142487
COFORGE,20210322,2975.65,3012.8,2895.2,2921.2,325777
COLPAL,20210322,1577.75,1589,1560.25,1578.1,871920
COMPINFO,20210322,17.1,17.85,16.95,17.15,140981
COMPUSOFT,20210322,8.6,9.25,8.5,8.65,28667
CONCOR,20210322,560,567.15,550.85,560.75,1962206
CONFIPET,20210322,43,43.45,41.75,42.75,483382
CONSOFINVT,20210322,52.65,59.9,52.65,56.1,4022
CONTROLPR,20210322,264,269.9,253.6,265.15,30522
CORALFINAC,20210322,22.3,22.35,20.4,21.1,5783
CORDSCABLE,20210322,40.8,42,39.6,40.4,50601
COROMANDEL,20210322,758.5,759.4,743.25,757.05,198640
COSMOFILMS,20210322,608,613.85,589,598.65,79168
COUNCODOS,20210322,2,2,2,2,5046
CPSEETF,20210322,23.48,23.5,23.12,23.33,1150871
CREATIVE,20210322,103.85,103.9,101,101.05,10582
CREATIVEYE,20210322,2.95,2.95,2.95,2.95,45
CREDITACC,20210322,719,719,682.35,690.45,79513
CREST,20210322,85.75,93.4,85.3,88.8,5197
CRISIL,20210322,1960,1967.1,1915.25,1958.3,13845
CROMPTON,20210322,401.25,401.25,384.2,391.15,1355742
CSBBANK,20210322,246,252.1,243.05,246.1,151586
CTE,20210322,30.95,30.95,29.45,29.6,8369
CUB,20210322,170.5,170.75,167.4,169.65,986324
CUBEXTUB,20210322,19.55,19.6,17.8,18.45,22534
CUMMINSIND,20210322,900,910,888,894.35,868118
CUPID,20210322,223.45,223.45,218.15,219.4,36504
CURATECH,20210322,1.6,1.6,1.6,1.6,115
CYBERMEDIA,20210322,11.3,11.3,11.3,11.3,1226
CYBERTECH,20210322,129.4,130.4,125,127.95,72867
CYIENT,20210322,665.8,684.8,655.05,675.95,609156
DAAWAT,20210322,57.25,58.5,56.25,57.75,1626860
DABUR,20210322,525.1,534.7,523.7,533.5,1720620
DALBHARAT,20210322,1590.9,1600,1565,1583.9,68910
DALMIASUG,20210322,162.8,163.6,159,161.1,147644
DAMODARIND,20210322,27.95,28.8,26,26.9,64139
DANGEE,20210322,132.3,132.9,129.25,130.25,18065
DATAMATICS,20210322,123.05,124,118.65,120.8,280114
DBCORP,20210322,94.8,94.8,91.1,92.3,168289
DBL,20210322,604,614.65,593.5,603.6,255533
DBREALTY,20210322,25.35,26.6,24.15,26.6,280780
DBSTOCKBRO,20210322,9.7,9.7,8.25,8.65,8559
DCAL,20210322,114.9,117.45,113.5,114.2,376636
DCBBANK,20210322,107,108.7,103.85,105.55,1262228
DCM,20210322,25.5,25.5,23.8,23.95,31190
DCMFINSERV,20210322,1.5,1.5,1.5,1.5,57
DCMNVL,20210322,82,90,82,87.25,49769
DCMSHRIRAM,20210322,519,538,512,526.75,51961
DCW,20210322,27.15,28.2,27,28,2044461
DECCANCE,20210322,403,414.9,400,406.35,41588
DEEPAKFERT,20210322,237,243.7,233.15,236.85,811260
DEEPAKNTR,20210322,1515.95,1545,1474.55,1530.5,698562
DEEPENR,20210322,35.95,36.7,35.6,36.05,24093
DELTACORP,20210322,172.2,178.7,169,175.5,4102046
DELTAMAGNT,20210322,32.25,33.15,30.55,32,10599
DEN,20210322,56.15,57.3,56.15,56.6,321114
DENORA,20210322,256.8,259.15,254,255.9,2835
DFMFOODS,20210322,377.15,381,370,372.45,29602
DGCONTENT,20210322,8,8.2,7.6,7.85,19908
DHAMPURSUG,20210322,180.4,185.95,176.45,184,577488
DHANBANK,20210322,15.25,15.25,14.55,15.1,1921922
DHANI,20210322,270,274.75,265,268.2,1507666
DHANUKA,20210322,708,713,700,704.3,30270
DHARSUGAR,20210322,6.8,6.85,6.3,6.7,13517
DHFL,20210322,17.45,18.4,17.05,17.8,1552788
DHUNINV,20210322,267.65,270.6,259.55,264.75,2029
DIAMONDYD,20210322,630.9,637.15,625,632.5,2613
DICIND,20210322,399.3,404.65,394.15,402.25,4112
DIGISPICE,20210322,56.3,56.3,56.3,56.3,11917
DISHTV,20210322,10,10.3,9.7,9.85,11868757
DIVISLAB,20210322,3371.35,3444,3350.55,3405.95,748535
DIXON,20210322,4285,4285.4,4039,4053.65,430794
DLF,20210322,288.9,293.9,284.25,292.3,8212537
DLINKINDIA,20210322,105.25,107,103.5,106,137496
DMART,20210322,2980,2988,2862,2880.1,652753
DNAMEDIA,20210322,0.85,0.85,0.75,0.8,87292
DOLAT,20210322,59.4,65.85,59.4,64.6,1765491
DOLLAR,20210322,247.85,249.8,237,238.9,61917
DONEAR,20210322,32.45,33.2,31,32.15,37295
DPABHUSHAN,20210322,117.5,118.1,112.85,114.55,2014
DPSCLTD,20210322,12.6,12.9,11.9,12,75915
DPWIRES,20210322,111.35,111.35,107.3,108.1,4378
DRCSYSTEMS,20210322,190.05,190.05,189.8,190.05,5312
DREDGECORP,20210322,339.6,405,338.4,397.85,1269550
DRREDDY,20210322,4276.9,4367.95,4268.25,4353.95,867303
DSSL,20210322,70.5,78.2,70.5,77.8,121021
DTIL,20210322,261,263.95,257.55,261.15,3458
DUCON,20210322,6.6,6.7,6.55,6.7,194980
DVL,20210322,92.15,92.3,88.8,90.65,20410
DWARKESH,20210322,31.75,32.2,31.1,31.6,1357437
DYNAMATECH,20210322,877.55,924.7,858,868.65,16232
DYNPRO,20210322,477,495,477,487.8,34424
EASEMYTRIP,20210322,206,207.4,194.1,197.65,6635749
EASTSILK,20210322,1.6,1.65,1.55,1.55,29008
EBANK,20210322,3500.01,3752.8,3500.01,3752.8,8
EBBETF0423,20210322,1110,1110.79,1108.9,1109.01,6044
EBBETF0425,20210322,1016.08,1018.3,1013.53,1015.04,3746
EBBETF0430,20210322,1112.99,1118.99,1112.99,1117.24,14817
EBBETF0431,20210322,999,1000,996.06,998.5,32007
EBIXFOREX,20210322,473,490,470,481.2,1577
ECLERX,20210322,972,972.95,959.4,963.9,13544
EDELWEISS,20210322,83.9,85.7,80.4,81.3,2462425
EICHERMOT,20210322,2668,2692,2650.05,2676.85,694227
EIDPARRY,20210322,336.95,343.7,320.55,334.15,117805
EIHAHOTELS,20210322,256.75,256.75,250.45,254.05,2737
EIHOTEL,20210322,97.9,98.8,95.55,98.3,629808
EIMCOELECO,20210322,349.45,351.6,330.95,336.8,1759
EKC,20210322,72.35,74.7,71.45,72.05,327822
ELECON,20210322,61.3,63,58.4,59.55,415821
ELECTCAST,20210322,24,24.7,23.95,24.05,320207
ELECTHERM,20210322,110.2,110.2,102.2,108.55,12265
ELGIEQUIP,20210322,192,194,189.05,193,39491
ELGIRUBCO,20210322,29.45,29.45,28.55,28.9,16741
EMAMILTD,20210322,481.9,487.9,472,485.4,183674
EMAMIPAP,20210322,130,135,124.3,127.75,373624
EMAMIREAL,20210322,46.3,50.25,46,46.7,27367
EMKAY,20210322,73.15,73.85,70.8,72.55,43465
EMMBI,20210322,75.75,79.5,74.15,77.65,47229
ENDURANCE,20210322,1410,1519.95,1395.05,1489.25,184891
ENERGYDEV,20210322,9.4,9.7,9,9.1,11878
ENGINERSIN,20210322,74,75.9,73.5,75.35,2678626
ENIL,20210322,153,156,150,153.55,98475
EPL,20210322,211,214.95,210.1,213.7,480823
EQ30,20210322,421.4,421.4,419.6,421.4,10
EQUITAS,20210322,87,88.4,83.55,86.4,1312104
EQUITASBNK,20210322,57.2,58.5,55.25,57.95,824801
ERIS,20210322,585,587.95,569.8,572.5,81972
EROSMEDIA,20210322,25,25.6,24.3,25.2,265610
ESABINDIA,20210322,1899,1899,1840.05,1858.2,4173
ESCORTS,20210322,1343.15,1375,1340.4,1362.3,790865
ESSARSHPNG,20210322,8.7,9.45,8.15,8.6,157974
ESTER,20210322,114.3,120,113.5,117.7,343986
EVEREADY,20210322,277.2,279.65,268,270.55,286628
EVERESTIND,20210322,304.9,309.8,296.15,299.15,38657
EXCEL,20210322,2.5,2.65,2.45,2.45,283507
EXCELINDUS,20210322,858,859.7,838,852.35,10933
EXIDEIND,20210322,188.7,190.6,186.7,189.4,3211914
EXPLEOSOL,20210322,514.4,523.2,491,506.7,20233
FACT,20210322,107,114.45,102,114.45,949441
FAIRCHEMOR,20210322,649.15,668,640,656.85,16833
FCL,20210322,60,61,59,60.6,226468
FCONSUMER,20210322,6.5,7,6.45,7,9400995
FCSSOFT,20210322,0.7,0.75,0.65,0.75,3042490
FDC,20210322,277.85,278.95,272.35,275.15,92629
FEDERALBNK,20210322,78,78.55,76.6,77.15,16327873
FEL,20210322,8.7,9.45,8.7,9.45,2029625
FELDVR,20210322,10.7,11.25,10.5,11.25,57993
FIEMIND,20210322,575,594,570,579.95,14368
FILATEX,20210322,69,69.8,66.3,66.85,284977
FINCABLES,20210322,370,375.6,364.85,367.35,128271
FINEORG,20210322,2235,2253,2188,2212.4,19012
FINPIPE,20210322,630,632,605.05,612.2,83620
FLEXITUFF,20210322,20,20,18.5,18.5,5892
FLFL,20210322,61.5,71,60.95,69.4,1146553
FLUOROCHEM,20210322,580.35,614.65,579,590.4,44911
FMGOETZE,20210322,292.65,293.45,288.15,291.8,5134
FMNL,20210322,14.35,15.5,14.35,15.5,44029
FORCEMOT,20210322,1233.8,1260,1222.2,1232,17090
FORTIS,20210322,193.15,204.5,191.05,202.15,8868991
FOSECOIND,20210322,1183.05,1200,1164.4,1170.95,2772
FRETAIL,20210322,53.6,61.45,50.65,59.4,22146864
FSC,20210322,76,83.85,76,82.9,313358
FSL,20210322,108.6,114.6,108.3,111.6,4194167
G5,20210322,47.21,47.3,47.21,47.3,1036
GABRIEL,20210322,110.7,111,107,108.35,497007
GAEL,20210322,132.25,138.25,131.35,136.25,273043
GAIL,20210322,140,140,135.35,136.8,17116629
GAL,20210322,2.15,2.25,2.05,2.05,197144
GALAXYSURF,20210322,2364.5,2426.6,2342,2396.85,13553
GALLANTT,20210322,45,45.95,44.3,44.6,25228
GALLISPAT,20210322,38,38.9,37.4,38.25,13945
GAMMNINFRA,20210322,0.75,0.8,0.7,0.75,1129235
GANDHITUBE,20210322,272.5,272.5,259.95,263.05,7603
GANECOS,20210322,608.95,608.95,591.3,596.25,7161
GANESHHOUC,20210322,56,58.4,56,58.4,41648
GANGESSECU,20210322,61.85,65,57.3,62.7,4906
GANGOTRI,20210322,0.6,0.65,0.6,0.65,4740
GARFIBRES,20210322,2421.75,2430,2320,2395.75,17224
GATI,20210322,107,112.7,105.5,109.95,1209969
GAYAHWS,20210322,0.6,0.65,0.6,0.65,113918
GAYAPROJ,20210322,32.8,32.9,31.15,32.1,255342
GBGLOBAL,20210322,7.25,7.6,6.95,7.45,17022
GDL,20210322,173.8,174.4,170.65,172.4,54903
GEECEE,20210322,105.55,113,103.55,110.55,91718
GEEKAYWIRE,20210322,77.75,78,77,78,17898
GENCON,20210322,49.95,50.1,46.2,47.45,11905
GENESYS,20210322,123.2,129.35,118.2,122.5,12117
GENUSPAPER,20210322,7.6,7.8,7.4,7.45,235245
GENUSPOWER,20210322,51.8,53.7,51.8,52.3,197925
GEOJITFSL,20210322,52.7,53.1,51.5,52,200195
GEPIL,20210322,268,272.6,266.15,270.45,46412
GESHIP,20210322,304,308.85,301.4,305.6,166957
GET&D,20210322,117.8,122.65,117.25,119.55,222346
GFLLIMITED,20210322,93,101.45,93,98.45,365077
GHCL,20210322,232.3,233.95,228,231.45,100967
GICHSGFIN,20210322,120.9,123.3,119.75,121.3,275758
GICRE,20210322,218.9,222.9,214,219.65,1479677
GILLANDERS,20210322,43.55,43.55,41.4,41.8,9298
GILLETTE,20210322,5489.7,5550.05,5430,5471.3,9229
GINNIFILA,20210322,21.25,22.1,20.85,21.45,184772
GIPCL,20210322,77.1,79.4,76.35,78.15,552508
GISOLUTION,20210322,3.35,3.35,3.05,3.05,13667
GKWLIMITED,20210322,507.95,522.45,500.15,501.8,1186
GLAND,20210322,2556.5,2556.5,2473.55,2487,125514
GLAXO,20210322,1431.9,1443,1422,1425.45,13543
GLENMARK,20210322,459,467.8,456.05,460.45,1113661
GLFL,20210322,2.8,2.8,2.6,2.7,9831
GLOBAL,20210322,44.2,44.4,42.05,42.35,9637
GLOBUSSPR,20210322,320,323.75,312.4,315.45,71601
GMBREW,20210322,395,410,391.85,397.75,25665
GMDCLTD,20210322,59.5,59.5,57.15,57.5,1065011
GMMPFAUDLR,20210322,4206.8,4289.35,4150,4246.75,41680
GMRINFRA,20210322,25.55,25.9,24.7,25.6,19297420
GNA,20210322,374.65,375.75,367,368.8,26367
GNFC,20210322,306.7,314.3,300.45,301.7,931892
GOACARBON,20210322,286.55,299.35,282,284.3,35616
GOCLCORP,20210322,235.6,239,212.7,216.7,13967
GODFRYPHLP,20210322,875,894,875,886.65,26985
GODHA,20210322,49.15,49.15,46.5,47.4,231
GODREJAGRO,20210322,490.75,497,486.35,495.9,85037
GODREJCP,20210322,675,696,671,694.35,2005221
GODREJIND,20210322,512.4,524.8,504.1,521.25,280008
GODREJPROP,20210322,1320,1429.6,1320,1412,2394826
GOKEX,20210322,80.7,84,79.05,83.05,208344
GOKUL,20210322,20.9,20.9,19.6,20.15,647945
GOKULAGRO,20210322,21.15,22.4,20.1,20.6,817956
GOLDBEES,20210322,40.1,40.1,38.3,38.85,4535248
GOLDENTOBC,20210322,43.35,43.35,40.2,41.45,6365
GOLDIAM,20210322,358,362,340.4,345.5,120134
GOLDSHARE,20210322,4069.95,4078,4021.2,4026,4621
GOLDTECH,20210322,11.65,11.65,11.65,11.65,2797
GOODLUCK,20210322,67.3,67.3,64.2,66.05,35091
GOODYEAR,20210322,933,935.9,919.3,919.95,11731
GPIL,20210322,646,689.4,645,672.45,376774
GPPL,20210322,97.35,102.45,96.05,101.95,498381
GPTINFRA,20210322,39.2,41.25,38,39.55,37541
GRANULES,20210322,314.8,319,309.75,311.2,1680817
GRAPHITE,20210322,508.5,512.5,496,499.15,909236
GRASIM,20210322,1419,1428,1401.25,1413.9,1587634
GRAVITA,20210322,100,102.65,98.75,100.55,124376
GREAVESCOT,20210322,132.9,138,129.2,136.35,1758243
GREENLAM,20210322,913.65,922,913.65,914.35,2802
GREENPANEL,20210322,166.6,169.7,160.1,163.45,373101
GREENPLY,20210322,176,179.5,168,169.3,432515
GREENPOWER,20210322,2.05,2.1,1.95,2.1,983620
GRINDWELL,20210322,857.3,895,857.3,889.15,123520
GROBTEA,20210322,850.05,854,812.1,824.3,2035
GRPLTD,20210322,829.9,877,822,866.45,2655
GRSE,20210322,192,198,190,191.4,213865
GSCLCEMENT,20210322,35,35.8,34.75,35.05,247613
GSFC,20210322,85.8,88.8,84.25,87.1,2255446
GSPL,20210322,261.35,264.25,256.3,258.4,1133390
GSS,20210322,55,58.85,54.5,57.75,220729
GTL,20210322,6.15,6.15,5.9,6,127235
GTLINFRA,20210322,0.8,0.8,0.75,0.8,7714400
GTNTEX,20210322,5.1,5.55,5.1,5.55,976
GTPL,20210322,118,118,112.9,114.5,102980
GUFICBIO,20210322,106.8,109.4,105.25,107.2,46275
GUJALKALI,20210322,347.05,361,347.05,349.95,142457
GUJAPOLLO,20210322,212.6,212.6,208.4,209.1,2500
GUJGASLTD,20210322,524.5,524.5,508.1,510.4,672263
GUJRAFFIA,20210322,66.1,66.1,62.8,62.8,2722
GULFOILLUB,20210322,723.9,754.65,720,746.85,32956
GULFPETRO,20210322,39.4,40.4,38.5,38.95,31773
GULPOLY,20210322,93.75,95.55,92.65,93.75,103318
HAL,20210322,1032.05,1055.95,1015,1037.25,213370
HAPPSTMNDS,20210322,534.7,549.9,527.45,539.8,1255441
HARITASEAT,20210322,747.95,755,730.05,739.85,8254
HARRMALAYA,20210322,144.05,151.95,135.55,142.35,420583
HATHWAY,20210322,29.15,30.35,29.15,29.85,411077
HATSUN,20210322,737.5,743.95,725,727.6,11284
HAVELLS,20210322,1046,1054.65,1027,1037.2,1347171
HAVISHA,20210322,0.8,0.85,0.75,0.8,43677
HBANKETF,20210322,338.53,340.09,331.29,335.83,3764
HBLPOWER,20210322,35.5,36,34.1,35.55,509621
HBSL,20210322,17.65,18.2,17.65,17.65,10069
HCC,20210322,7.65,8,7.6,8,1349883
HCG,20210322,177.9,177.9,174,175.35,54832
HCL-INSYS,20210322,9.15,9.3,9,9.05,325933
HCLTECH,20210322,960.45,982.45,944.6,978.75,4745254
HDFC,20210322,2530.1,2547.35,2485,2531.85,3367784
HDFCAMC,20210322,2889,2890,2850.65,2882.55,158775
HDFCBANK,20210322,1494.9,1494.9,1460.4,1469.15,7007816
HDFCLIFE,20210322,689.45,694.75,678.25,679.85,2585880
HDFCMFGETF,20210322,40.2,40.45,36.6,39.93,629700
HDFCNIFETF,20210322,156,156.99,155,156.15,7823
HDFCSENETF,20210322,533.9,541.5,528,532.79,3422
HEG,20210322,1590,1602,1560.25,1570.1,209032
HEIDELBERG,20210322,220,226.7,218.55,225.25,289798
HEMIPROP,20210322,153,153.85,146.5,148.6,329032
HERANBA,20210322,640,668.65,633.05,642.05,474231
HERCULES,20210322,115.75,116.75,113.9,115.6,39504
HERITGFOOD,20210322,309.35,314.4,293.75,300.95,145532
HEROMOTOCO,20210322,3131.6,3143.95,3081.15,3095.85,619756
HESTERBIO,20210322,1775.6,2135,1753.8,2130.9,163152
HEXATRADEX,20210322,66.35,69.4,63.7,67.8,245058
HFCL,20210322,26.35,27.3,26.1,26.65,3956666
HGINFRA,20210322,277.4,277.4,259,261.8,87464
HGS,20210322,1210.25,1438.35,1205.65,1369.25,361642
HIKAL,20210322,149.2,153,147.85,148.75,257641
HIL,20210322,3030,3068,2891.75,2950.5,10612
HILTON,20210322,10,10.05,9.6,9.9,21970
HIMATSEIDE,20210322,152.05,157.8,150,155.15,234009
HINDALCO,20210322,335.1,342.65,331.1,339.75,8470164
HINDCOMPOS,20210322,275.3,289.8,275,278.75,4363
HINDCOPPER,20210322,127,127.4,122.35,124.1,2319194
HINDMOTORS,20210322,6.9,7,6.65,6.85,45806
HINDNATGLS,20210322,38.7,39.8,36.1,37.55,396305
HINDOILEXP,20210322,99.45,99.45,96.3,97.05,598707
HINDPETRO,20210322,236.95,237.5,234.45,236.55,3337228
HINDUNILVR,20210322,2310.1,2356.5,2302,2353.2,2471516
HINDZINC,20210322,284.5,289.7,277.35,278.25,1128743
HIRECT,20210322,130.85,132,129.35,130.95,10804
HISARMETAL,20210322,103,104.05,100.4,102.95,8520
HITECH,20210322,361.9,378.4,357.8,373.95,57945
HITECHCORP,20210322,117.35,125.1,116,119.55,4983
HITECHGEAR,20210322,185.05,187.95,183,184.05,11953
HLEGLAS,20210322,2490,2510,2329.1,2433.2,13138
HLVLTD,20210322,6.3,6.3,5.95,6.1,266308
HMVL,20210322,64.15,66.15,63.3,63.85,15441
HNDFDS,20210322,2115,2150,2060.1,2119.2,9824
HNGSNGBEES,20210322,353,356,345.01,353,1392
HOMEFIRST,20210322,465,479.8,459.75,469.8,293107
HONAUT,20210322,42848,44610,41851.25,44509.85,8784
HONDAPOWER,20210322,1028,1029.15,999.2,1007.3,8899
HOVS,20210322,54.5,54.95,54.4,54.95,15955
HPL,20210322,52.75,62.45,52.75,58.25,1561390
HSCL,20210322,42.8,43.9,42.1,43.15,3962252
HSIL,20210322,163.9,168.95,159.85,162.25,129037
HTMEDIA,20210322,22.05,23.35,21.55,22.35,191790
HUBTOWN,20210322,16.65,17.1,15.9,16.85,98781
HUDCO,20210322,46.55,48.05,45.6,47.65,3921360
HUHTAMAKI,20210322,277.6,284.4,277.55,282.55,69405
IBMFNIFTY,20210322,155,155,151.51,153.3,168
IBREALEST,20210322,93.2,95.9,88.4,89.5,12214149
IBULHSGFIN,20210322,216.75,218.25,212.2,213.25,15774618
ICEMAKE,20210322,70.95,70.95,66.4,67.25,23417
ICICI500,20210322,209.98,209.98,200,201.98,1799
ICICIALPLV,20210322,139.95,139.98,135.5,138.79,5012
ICICIB22,20210322,36.99,36.99,36.4,36.75,632548
ICICIBANK,20210322,586.85,586.85,569.5,573.45,21755401
ICICIBANKN,20210322,346,346,325.7,333.91,4179
ICICIBANKP,20210322,179.95,180.49,176.5,177.36,25126
ICICIGI,20210322,1440,1460,1430,1434.6,466422
ICICIGOLD,20210322,40.45,40.45,39.71,39.76,230755
ICICILIQ,20210322,999.99,1000,999.99,1000,7584
ICICILOVOL,20210322,119.47,119.7,111.7,118.32,12413
ICICIM150,20210322,89,91.5,88.03,89.97,9393
ICICIMCAP,20210322,85.8,86.43,84,85.98,16795
ICICINF100,20210322,165.7,165.7,158.5,160.43,3867
ICICINIFTY,20210322,180.6,180.6,155.05,157.01,80099
ICICINV20,20210322,80,80,76.85,78.33,9478
ICICINXT50,20210322,35.6,39.9,31.7,34.93,61605
ICICIPRULI,20210322,430.2,439.1,430,437.75,3393413
ICICISENSX,20210322,540,544.5,532.05,537.29,450
ICICITECH,20210322,280.8,280.8,252.5,262.65,7772
ICIL,20210322,124.85,124.85,117,118.45,217820
ICRA,20210322,3397.65,3397.65,3051,3075.7,67944
IDBI,20210322,37.75,38.35,36.35,37.4,21136992
IDBIGOLD,20210322,4151.5,4196.8,4139.5,4159.65,58
IDEA,20210322,9.7,10.15,9.55,10,141848777
IDFC,20210322,50.4,51.35,49.85,50.45,1933725
IDFCFIRSTB,20210322,60.05,61.1,58.75,59.45,37193196
IDFNIFTYET,20210322,150.5,154.07,150.5,153.1,89
IEX,20210322,378.3,389,353,356.25,4146941
IFBAGRO,20210322,403,403,382.65,390.85,11557
IFBIND,20210322,1082.3,1088,1011.25,1027.4,102161
IFCI,20210322,12.3,12.95,12.1,12.95,3874901
IFGLEXPOR,20210322,319,344,310,333.85,450696
IGARASHI,20210322,292.5,301.6,288.25,290.45,131616
IGL,20210322,513.5,518.5,506.25,515.15,2480501
IGPL,20210322,439,457.95,431.05,449.1,47451
IIFL,20210322,303,310,288.2,299.8,384944
IIFLSEC,20210322,50.1,51.7,49.05,50.4,373560
IIFLWAM,20210322,1156,1215.05,1156,1204.85,11928
IITL,20210322,56.5,58.25,54.95,55.8,1224
IMAGICAA,20210322,6.9,7.1,6.6,7.05,150503
IMFA,20210322,448.9,456.7,442.35,452.35,33177
IMPAL,20210322,690.45,710,677,700.05,781
IMPEXFERRO,20210322,1.1,1.1,1.1,1.1,16212
INDBANK,20210322,12.1,13.65,12.1,13.1,90416
INDHOTEL,20210322,114.2,116.95,113.1,114.9,1105525
INDIACEM,20210322,163.25,167.1,162.1,165.55,1722090
INDIAGLYCO,20210322,438.5,472,436,470.65,356874
INDIAMART,20210322,8190,8264,7900.15,7993.2,104348
INDIANB,20210322,119.5,122.9,118.35,119.8,1420899
INDIANCARD,20210322,133.05,143.95,131.35,135.95,10360
INDIANHUME,20210322,180.25,183.75,178.1,178.7,78849
INDIGO,20210322,1663.6,1727.85,1626.25,1713.85,2226951
INDIGOPNTS,20210322,2290,2399.95,2289.8,2378.5,166836
INDLMETER,20210322,14.3,15.1,14.25,14.85,3473
INDNIPPON,20210322,370.55,378,365.9,370.6,13152
INDOCO,20210322,285,285,278.25,280.65,49178
INDORAMA,20210322,39.9,39.9,37.5,38.55,31851
INDOSTAR,20210322,328.3,333.3,324,328.6,22810
INDOTECH,20210322,94.4,95,91.2,92,19043
INDOTHAI,20210322,42.15,45.9,42.15,45.8,12922
INDOWIND,20210322,4.2,4.3,4,4.25,44599
INDRAMEDCO,20210322,55.15,57.5,54.75,55.9,186836
INDSWFTLAB,20210322,76.7,80,75,78.5,68125
INDSWFTLTD,20210322,4.9,4.9,4.7,4.9,53616
INDTERRAIN,20210322,31.95,31.95,29.6,29.8,186503
INDUSINDBK,20210322,1006,1011.85,961.05,968.15,12692489
INDUSTOWER,20210322,257.5,261,256.7,257.85,3151619
INEOSSTYRO,20210322,951,991.15,945,976.8,22099
INFIBEAM,20210322,43.2,43.25,40.5,42.25,18941842
INFOBEAN,20210322,145.45,147.55,135.3,143.05,28246
INFOMEDIA,20210322,3.75,3.75,3.75,3.75,100
INFRABEES,20210322,419.95,441,419.95,429.81,1501
INFY,20210322,1350.1,1376,1336.1,1370.8,4862758
INGERRAND,20210322,688,700.85,683,699.25,10636
INOXLEISUR,20210322,310,317,305,308.8,578745
INOXWIND,20210322,66.6,72.6,66.6,69.7,267079
INSECTICID,20210322,432.7,446.4,428.6,443,25371
INSPIRISYS,20210322,40.05,42.3,40,41.5,2491
INTEGRA,20210322,3.75,3.75,3.75,3.75,29054
INTELLECT,20210322,699,732,670.3,682,1806164
INTENTECH,20210322,33.8,34,32.6,33.3,11906
INVENTURE,20210322,31,32.05,29.8,31.85,430537
IOB,20210322,15.85,15.85,14.9,15,8014850
IOC,20210322,99.65,99.8,98.25,99.15,21252461
IOLCP,20210322,582,590.8,567,570.45,476868
IPCALAB,20210322,1855.05,1895,1816.15,1832.4,237581
IRB,20210322,111.5,114.75,110.15,112.4,1774445
IRCON,20210322,83.6,84.4,82.25,82.9,2537702
IRCTC,20210322,1857,1879,1804.15,1838.05,2250190
IRFC,20210322,24,24.5,23.85,23.9,13817385
IRISDOREME,20210322,87,91,87,90.45,5394
ISEC,20210322,410.8,417,405.1,413.05,473161
ISFT,20210322,64.8,67.55,63.45,67.55,10018
ISMTLTD,20210322,11.25,11.25,10.85,11,204311
ITC,20210322,223.3,226.4,221.5,226,46050245
ITDC,20210322,374.95,402.35,370.55,392.4,270140
ITDCEM,20210322,79.8,83.8,77.4,81.45,883934
ITI,20210322,119,121.4,118.1,119.75,604152
IVC,20210322,4.25,4.25,4.05,4.1,185977
IVP,20210322,114.9,115.65,111,114.8,3149
IVZINGOLD,20210322,4080.65,4080.65,4021,4045.4,204
IVZINNIFTY,20210322,1556.2,1597.1,1556.2,1581,51
IZMO,20210322,57.5,57.5,53.25,53.6,25913
J&KBANK,20210322,27,27.15,26.55,26.7,1288508
JAGRAN,20210322,59.4,59.8,58.8,59.1,308248
JAGSNPHARM,20210322,78.1,83.55,75.9,79.75,557632
JAIBALAJI,20210322,34.95,35,33,34.8,64456
JAICORPLTD,20210322,88.6,89.6,87.2,88,951157
JAMNAAUTO,20210322,69.2,71.2,68.7,69.45,1193298
JASH,20210322,288.75,307,272,299.25,73674
JAYAGROGN,20210322,138.65,149.05,136.15,142.55,41030
JAYBARMARU,20210322,232.45,237.9,227.05,234.4,15938
JAYNECOIND,20210322,11.55,11.7,10.85,10.85,243596
JAYSREETEA,20210322,70,71.7,69,69.3,68808
JBCHEPHARM,20210322,1199.9,1205,1165,1187.35,65105
JBFIND,20210322,11.75,12.25,11.2,11.4,595274
JBMA,20210322,434.7,434.7,418.2,422.6,21924
JCHAC,20210322,2600.1,2636.2,2557,2584.2,6493
JHS,20210322,22.35,22.4,21.35,21.65,111843
JIKIND,20210322,0.65,0.65,0.6,0.6,5702
JINDALPHOT,20210322,61.3,61.3,61.3,61.3,9101
JINDALPOLY,20210322,752,788.2,747.9,773.75,179291
JINDALSAW,20210322,75.85,77,74.35,75.55,633458
JINDALSTEL,20210322,313,323.8,309,320.95,7824327
JINDCOT,20210322,1.65,1.65,1.65,1.65,11752
JINDRILL,20210322,95.35,95.4,91.5,92.7,15462
JINDWORLD,20210322,51,51.7,50.05,50.7,159750
JISLDVREQS,20210322,13.75,13.8,12.65,13.2,46450
JISLJALEQS,20210322,21.5,21.7,20.05,20.15,2924891
JITFINFRA,20210322,7.8,8.15,7.5,8,1523
JIYAECO,20210322,5.8,5.85,5.65,5.85,32754
JKCEMENT,20210322,2772.85,2875,2760,2796.35,27995
JKIL,20210322,187.25,190.4,185.5,188.1,52065
JKLAKSHMI,20210322,411.9,428.8,405,406.85,244179
JKPAPER,20210322,147,149.8,145,147.25,834284
JKTYRE,20210322,114.9,119,113.3,117.9,3215427
JMA,20210322,32.3,32.9,31.8,31.9,5095
JMCPROJECT,20210322,79.8,79.8,76.5,77.7,83426
JMFINANCIL,20210322,89.4,94.25,86.05,93.15,2342659
JMTAUTOLTD,20210322,2.65,2.75,2.6,2.65,183089
JOCIL,20210322,150.4,152.8,147.05,151.1,14688
JPASSOCIAT,20210322,7,7.15,6.85,7,9175122
JPINFRATEC,20210322,1.7,1.7,1.65,1.7,1652962
JPOLYINVST,20210322,32.2,32.2,32.2,32.2,2165
JPPOWER,20210322,2.65,2.65,2.65,2.65,3917901
JSL,20210322,66.5,66.65,65,65.5,523442
JSLHISAR,20210322,116.9,118.4,114.4,115,223485
JSWENERGY,20210322,85.5,87.4,85.05,86.25,5497499
JSWHL,20210322,3531.2,3625,3505,3577.8,2563
JSWISPL,20210322,24.2,24.7,23.7,23.9,286947
JSWSTEEL,20210322,441,449,436.8,445.3,7010923
JTEKTINDIA,20210322,88.4,89.8,87,88.3,167073
JUBLFOOD,20210322,2873,2900.1,2818.85,2879.3,490688
JUBLINDS,20210322,201.9,201.9,192.15,194.3,22610
JUBLINGREA,20210322,282.1,282.1,282.1,282.1,103188
JUBLPHARMA,20210322,723.9,724.05,682.35,698.95,213650
JUMPNET,20210322,10.4,10.4,10.4,10.4,117227
JUNIORBEES,20210322,365,365,351,359.75,45782
JUSTDIAL,20210322,916,939.9,887,900.8,2855278
JYOTHYLAB,20210322,144.65,145.75,142.05,142.5,482413
KABRAEXTRU,20210322,190.25,213.95,181.25,209.45,1206626
KAJARIACER,20210322,930.1,945,901.1,910.25,295933
KAKATCEM,20210322,167.5,177,167.5,173.5,21259
KALPATPOWR,20210322,386.8,388.75,376,379.75,104214
KALYANIFRG,20210322,203,204.7,195.1,202.4,326
KAMATHOTEL,20210322,32.1,33.5,32,33.2,33596
KAMDHENU,20210322,139.65,147.9,139.05,141,102449
KANANIIND,20210322,4.6,4.6,4.25,4.3,4597
KANORICHEM,20210322,90.4,94.75,88.2,89.65,27531
KANPRPLA,20210322,142.95,149,141,146.2,10479
KANSAINER,20210322,536.7,550,533.25,543.05,271535
KAPSTON,20210322,92.65,102,92.65,92.7,1117
KARDA,20210322,113.6,116.2,112.75,114.2,334414
KARMAENG,20210322,14.7,15.1,14.5,14.5,210
KARURVYSYA,20210322,56.7,56.7,54.9,55.45,1216509
KAUSHALYA,20210322,1.75,1.85,1.75,1.8,25831
KAVVERITEL,20210322,1.85,1.85,1.85,1.85,3450
KAYA,20210322,283.2,294.45,281.15,285.45,11799
KCP,20210322,80.9,88.9,79.7,87.85,1164829
KCPSUGIND,20210322,15.5,15.5,15.1,15.2,244249
KDDL,20210322,289.95,289.95,276.05,279.55,4450
KEC,20210322,455.75,461,445.2,447.45,193975
KECL,20210322,12.85,13.1,12.75,12.95,40265
KEERTI,20210322,25.1,25.5,24.9,25,49637
KEI,20210322,522,554.95,510.9,549.2,855289
KELLTONTEC,20210322,72.75,72.75,68.5,68.85,941234
KENNAMET,20210322,1130,1130,1097.95,1100.8,2356
KERNEX,20210322,52.95,52.95,48.25,51.95,47242
KESORAMIND,20210322,74.7,78.6,74,77.55,1297414
KEYFINSERV,20210322,57.25,60.6,56.2,57.1,1696
KHADIM,20210322,154.65,160.95,151,159.1,102779
KHAICHEM,20210322,22.9,23.2,22.35,22.65,150210
KHAITANLTD,20210322,19.45,19.55,17.75,18.3,4383
KHANDSE,20210322,14.5,14.5,13.3,14,2833
KICL,20210322,1555.05,1555.75,1535,1548.7,1083
KILITCH,20210322,86.6,86.6,79.45,81.85,8766
KINGFA,20210322,634.65,699,629.5,650.2,16157
KIOCL,20210322,143.7,144.4,139.75,141.2,111398
KIRIINDUS,20210322,446.5,453.75,445,447.45,108668
KIRLFER,20210322,159,159.9,154,157.2,101648
KIRLOSBROS,20210322,198.45,212.45,198.45,211.75,150075
KIRLOSENG,20210322,170,175.5,168.3,173.5,214371
KIRLOSIND,20210322,1250,1344.85,1250,1294,1184
KITEX,20210322,105.4,106.1,102.9,104.6,92666
KKCL,20210322,900.35,921.8,893.85,910.6,4172
KMSUGAR,20210322,11.85,11.9,11.2,11.65,156424
KNRCON,20210322,208,210,201.55,204.55,948542
KOKUYOCMLN,20210322,59.3,59.95,58.5,58.7,90412
KOLTEPATIL,20210322,232,238.8,228.2,236.05,1517818
KOPRAN,20210322,105,108.95,104.15,107.2,292643
KOTAKBANK,20210322,1833,1849.95,1805,1822.65,2434097
KOTAKBKETF,20210322,342.03,347,336.5,339.08,104837
KOTAKGOLD,20210322,395,396.9,391.1,392,55139
KOTAKIT,20210322,26.57,27.36,25.5,25.71,2706
KOTAKNIFTY,20210322,155.49,155.49,152.75,153.87,34287
KOTAKNV20,20210322,79.4,79.85,77.4,79.24,3966
KOTAKPSUBK,20210322,209.05,216.25,209.05,213.08,17052
KOTARISUG,20210322,25.8,26.5,25.35,25.7,157297
KOTHARIPET,20210322,25.65,27.4,25.65,26.8,34308
KOTHARIPRO,20210322,66.95,66.95,64.75,65.85,3671
KPITTECH,20210322,155.3,163.5,153.85,161.95,726098
KPRMILL,20210322,1140,1140,1041.6,1058,165686
KRBL,20210322,185.15,192.9,184.5,191.9,600848
KREBSBIO,20210322,96.75,97.65,94.3,96.7,11989
KRIDHANINF,20210322,4.05,4.3,3.95,4,87803
KRISHANA,20210322,85,88.7,83,88.7,29309
KSB,20210322,815.1,815.1,787.5,797.4,19328
KSCL,20210322,493,497.35,484.2,495.15,162839
KSL,20210322,299,307.9,280,304.8,55572
KTKBANK,20210322,62.3,65,61.85,64.1,1996624
KUANTUM,20210322,71.75,74.8,66.6,69.95,25348
L&TFH,20210322,101.6,102.5,98.5,99.35,9606705
LALPATHLAB,20210322,2540,2586.35,2530.05,2568.85,307901
LAMBODHARA,20210322,56,56,52.3,54.15,21544
LAOPALA,20210322,216.35,219.9,212.1,219.5,125787
LASA,20210322,63.5,64.15,62.45,63.55,94645
LAURUSLABS,20210322,360.6,366.9,356.55,361.4,1704999
LAXMIMACH,20210322,6890,7068.85,6873.65,6956.65,5596
LEMONTREE,20210322,36.1,39.4,35.55,38.75,2783653
LFIC,20210322,80.25,90,80.25,85.75,1405
LGBBROSLTD,20210322,308,312.9,302.1,305.25,48905
LGBFORGE,20210322,3.8,3.85,3.6,3.75,89461
LIBAS,20210322,51,51,48.65,49.1,12974
LIBERTSHOE,20210322,136.25,136.25,132.65,133.2,29648
LICHSGFIN,20210322,417.5,423.6,411,414.5,3171767
LICNETFGSC,20210322,21.58,21.58,21.38,21.46,7183
LICNETFN50,20210322,162.22,162.22,155.1,155.93,384
LICNETFSEN,20210322,544.9,554,521.2,526.02,239
LICNFNHGP,20210322,152.95,154.2,150.1,151.01,315
LIKHITHA,20210322,303.25,341.4,300.8,332.2,710679
LINCOLN,20210322,227.9,232.9,221,224.65,114780
LINCPEN,20210322,151,155.2,149,149.65,3889
LINDEINDIA,20210322,1748,1826,1730,1796.95,33530
LIQUIDBEES,20210322,1002.3,1002.3,999.33,1000,1743112
LIQUIDETF,20210322,1000.04,1000.04,999.99,999.99,4596
LOKESHMACH,20210322,33.8,35.05,33.15,33.3,4925
LOTUSEYE,20210322,42,42.25,41.2,41.85,21216
LOVABLE,20210322,86.55,88.85,82,84.95,14772
LPDC,20210322,2.05,2.1,1.9,2,18601
LSIL,20210322,1.3,1.3,1.25,1.3,2055621
LT,20210322,1409,1417.4,1392.25,1400.05,2964175
LTI,20210322,4090,4191.95,4075.1,4093.1,251199
LTTS,20210322,2585,2632,2583.2,2596.35,205762
LUMAXIND,20210322,1659.75,1700,1650,1659.95,3404
LUMAXTECH,20210322,157.5,162.1,155.2,160.8,168819
LUPIN,20210322,1005.1,1019.6,1000,1015.7,1736883
LUXIND,20210322,1745,1748.95,1685.05,1734.8,36273
LYKALABS,20210322,24.1,25.4,24.1,24.55,26208
LYPSAGEMS,20210322,4.95,4.95,4.7,4.7,31315
M&M,20210322,849.8,859.35,832.15,853.05,2906300
M&MFIN,20210322,215.95,220.7,209.55,211.5,14690082
M100,20210322,24.49,24.79,24.4,24.52,110388
M50,20210322,146.4,146.4,142.01,143.12,855
MAANALU,20210322,144.95,163.5,142.25,153.05,119036
MACPOWER,20210322,84.15,91.7,84.15,89,9145
MADHAV,20210322,52.35,54.85,51,52.25,12982
MADHUCON,20210322,5.3,5.6,5.3,5.55,16478
MADRASFERT,20210322,26.1,27.4,26.1,27.4,87784
MAESGETF,20210322,25.5,25.5,24.76,24.97,283732
MAGADSUGAR,20210322,103.5,105.6,102.75,103.1,25249
MAGMA,20210322,117.95,121.4,114.5,117.2,941199
MAGNUM,20210322,4.95,5.1,4.95,5.05,8120
MAHABANK,20210322,19.2,19.95,18.8,19.05,6058094
MAHAPEXLTD,20210322,71.5,73.6,71.5,73.1,2073
MAHASTEEL,20210322,79,80.9,76.3,78.5,7159
MAHEPC,20210322,147.5,152.8,146.35,148.95,85277
MAHESHWARI,20210322,81.15,81.2,78.45,79.65,19964
MAHINDCIE,20210322,160.25,165.8,160.25,162.05,175330
MAHLIFE,20210322,517.7,537.5,516,527.5,27572
MAHLOG,20210322,519,531.55,506.4,526.8,109204
MAHSCOOTER,20210322,3650.05,3687.45,3580,3640.5,4262
MAHSEAMLES,20210322,282.75,284.35,278.55,282.25,60702
MAITHANALL,20210322,581,585,570,572.95,25444
MAJESCO,20210322,66.55,66.55,66.55,66.55,1889123
MALUPAPER,20210322,26.5,27.3,26.15,26.35,16489
MAN50ETF,20210322,154.2,154.2,149,150.48,16931
MANAKALUCO,20210322,8.7,9.15,8.7,8.7,10340
MANAKCOAT,20210322,14.85,14.9,13.7,14.75,319815
MANAKSIA,20210322,52.95,53.15,51.05,51.4,22990
MANAKSTEEL,20210322,21.45,21.8,21,21.1,14646
MANALIPETC,20210322,62.5,64.2,61.7,62.35,733153
MANAPPURAM,20210322,159.8,160.8,155.85,156.65,4184243
MANGALAM,20210322,114.7,114.7,105.45,108.9,72171
MANGCHEFER,20210322,76,80,75.15,78.2,599377
MANGLMCEM,20210322,263.2,273.7,263.2,272.2,26729
MANGTIMBER,20210322,10.8,11.55,10.8,11.15,10651
MANINDS,20210322,86,88,81.1,81.95,789286
MANINFRA,20210322,40.1,42.4,39.4,41.85,1292489
MANUGRAPH,20210322,13.7,13.9,12.8,13.85,37889
MANXT50,20210322,334.95,342.49,334.95,341.45,1198
MARALOVER,20210322,30.85,31.9,30.2,30.6,10692
MARATHON,20210322,66.85,67,64.05,65.15,20779
MARICO,20210322,394.9,402.95,394,401.7,1625660
MARINE,20210322,69.9,71.5,68.4,68.9,469843
MARKSANS,20210322,53,54.9,52.2,52.5,1657479
MARUTI,20210322,7104,7142.5,7050.2,7101.25,533767
MASFIN,20210322,869,890,869,882.95,17870
MASTEK,20210322,1200,1228.1,1170,1211.05,137248
MATRIMONY,20210322,990.9,1044,974.95,990.85,40989
MAWANASUG,20210322,39.15,39.3,37.5,39.2,54662
MAXHEALTH,20210322,198.2,204.8,198.2,204.05,470351
MAXIND,20210322,63.5,64.45,62.3,63.5,191016
MAXVIL,20210322,57.5,58.95,56.5,57.55,726250
MAYURUNIQ,20210322,415,439,411.3,430.45,62010
MAZDA,20210322,484,484,468.45,473.25,4819
MAZDOCK,20210322,210.95,217.75,208.95,215.8,758267
MBAPL,20210322,82.1,86.15,80.1,84.35,30543
MBECL,20210322,8,8.3,7.7,7.85,220988
MBLINFRA,20210322,22,22.05,21.3,21.75,107047
MCDHOLDING,20210322,41,41.75,40.5,40.5,10406
MCDOWELL-N,20210322,538.7,543.6,534.3,542.75,3421043
MCL,20210322,93.45,94,90,91.85,17378
MCLEODRUSS,20210322,21.3,21.3,20.4,20.75,213363
MCX,20210322,1607.95,1639.5,1596.55,1612.45,274525
MEGASOFT,20210322,10.05,10.05,9.45,9.7,25295
MEGH,20210322,110,120,108.5,118.9,5668893
MENONBE,20210322,54,55.2,53.1,54,20353
MEP,20210322,18,18,16.4,17.1,235666
MERCATOR,20210322,0.9,0.95,0.85,0.9,369469
METALFORGE,20210322,5.45,5.9,5.45,5.5,13058
METROPOLIS,20210322,1935.85,1984.7,1907,1973.15,195713
MFSL,20210322,861,864.15,840.9,845.05,650232
MGEL,20210322,48.7,48.7,38.25,46.1,5521
MGL,20210322,1122.4,1138.95,1112.8,1123.6,404991
MHRIL,20210322,219.1,219.1,211.1,214,40018
MIC,20210322,0.85,0.85,0.85,0.85,111611
MIDHANI,20210322,182.7,187.25,180,186.05,379654
MINDACORP,20210322,94.9,99.5,94,98.45,563828
MINDAIND,20210322,580,590.9,550.55,558.1,485696
MINDTECK,20210322,45.85,45.85,43.15,43.8,4538
MINDTREE,20210322,1990,2022.65,1974.3,2002.15,873412
MIRCELECTR,20210322,12.8,13.7,12.8,13.7,410128
MIRZAINT,20210322,49,49.4,48.35,49,161994
MITTAL,20210322,10.25,11.1,10.1,10.35,104143
MMFL,20210322,472,494.95,465,467.7,8928
MMP,20210322,86.2,88,84.65,87.35,9010
MMTC,20210322,42.4,43.75,41.65,42.8,3028211
MODIRUBBER,20210322,129.95,129.95,129.95,129.95,387
MOHITIND,20210322,7.7,8.4,7.7,8.4,25202
MOHOTAIND,20210322,7.55,7.55,7.15,7.3,5005
MOIL,20210322,146.9,147.9,143,144.25,270258
MOLDTECH,20210322,41.75,42,41,41.2,9785
MOLDTKPAC,20210322,390.75,400.65,390.75,392.25,21706
MONTECARLO,20210322,214.1,214.35,208.05,211.8,19168
MORARJEE,20210322,16.4,16.45,15.2,15.7,16885
MOREPENLAB,20210322,31.85,34.1,31.55,33.4,4261661
MOTHERSUMI,20210322,212,214.45,204,206,12683478
MOTILALOFS,20210322,675.6,684,664.95,669.2,144698
MOTOGENFIN,20210322,21.25,21.25,18.7,19,58021
MPHASIS,20210322,1680.75,1680.75,1632,1670.05,285987
MPSLTD,20210322,455,464.9,453,455.5,4077
MRF,20210322,84500,85499,82421.1,83722.8,27406
MRO-TEK,20210322,28.7,28.9,27.5,27.5,249
MRPL,20210322,40.9,40.95,40,40.25,1066938
MSPL,20210322,7.7,7.75,7.3,7.7,14045
MSTCLTD,20210322,304,315,301,313.15,933330
MTARTECH,20210322,973.9,1038,960.15,1030.5,1223675
MTEDUCARE,20210322,7.6,7.6,6.95,7,208190
MTNL,20210322,18.55,19.25,18.4,19.25,2261829
MUKANDENGG,20210322,14.65,14.65,13.55,13.85,13265
MUKANDLTD,20210322,58.35,58.5,56,56.65,70332
MUKTAARTS,20210322,31.35,31.35,29.25,29.8,11515
MUNJALAU,20210322,58,59.3,57.4,57.95,141561
MUNJALSHOW,20210322,146.2,147.45,144,145.9,20666
MURUDCERA,20210322,20.3,20.85,19.7,20.05,108179
MUTHOOTCAP,20210322,388.8,393.9,382.85,387.95,20105
MUTHOOTFIN,20210322,1236,1247.5,1221.6,1238.3,615189
N100,20210322,939.9,939.9,912.16,923.35,32149
NACLIND,20210322,37.5,38.05,37.2,37.65,34413
NAGAFERT,20210322,5.95,6.15,5.9,5.9,379809
NAGREEKCAP,20210322,5.7,5.7,5.7,5.7,11
NAGREEKEXP,20210322,15.7,17.1,15.7,17.1,6377
NAHARCAP,20210322,111.8,111.8,108.05,109.25,21670
NAHARINDUS,20210322,52.6,53,48.5,48.6,57597
NAHARPOLY,20210322,125.75,129.35,116.15,119.45,232358
NAHARSPING,20210322,107,112.2,104.05,106.4,77276
NAM-INDIA,20210322,327.5,336.7,327.2,336.05,1056084
NATCOPHARM,20210322,810.9,818.8,805.65,814.45,132287
NATHBIOGEN,20210322,328,340,319.85,334.95,143971
NATIONALUM,20210322,54.45,55.4,54.05,54.45,11491902
NATNLSTEEL,20210322,4.8,4.8,4.65,4.65,2220
NAUKRI,20210322,4698,4729,4620,4678.3,468117
NAVINFLUOR,20210322,2536,2579.95,2493.45,2539.85,139196
NAVKARCORP,20210322,38,38.5,37.1,37.55,315063
NAVNETEDUL,20210322,86.6,86.6,82.55,83.4,164136
NBCC,20210322,46.7,47.5,45.8,46.5,14234045
NBIFIN,20210322,1911,1911,1795.05,1818.8,891
NBVENTURES,20210322,69.95,70.75,69.3,70.05,1229158
NCC,20210322,83,84.85,81.5,83.8,3529398
NCLIND,20210322,159.45,164.8,159.1,161.2,209033
NCPSESDL24,20210322,102.36,102.36,102.1,102.33,588
NDGL,20210322,708.6,762,708.6,751.75,213
NDL,20210322,30.15,32.3,30.15,31.55,11731
NDRAUTO,20210322,203.15,208.9,203.15,206.95,1073
NDTV,20210322,63.65,64.95,61.95,62.45,50838
NECCLTD,20210322,8.7,8.9,8.65,8.85,18715
NECLIFE,20210322,19.8,20.2,19.45,19.65,279876
NELCAST,20210322,68.7,68.7,66.3,67.3,106127
NELCO,20210322,193.9,198.6,193,194.25,62463
NEOGEN,20210322,822,833.95,795,800.3,44688
NESCO,20210322,554.9,565.1,534.8,539.4,64137
NESTLEIND,20210322,16451,16675,16351,16588.05,108786
NETF,20210322,179.11,179.11,179.11,179.11,345
NETFCONSUM,20210322,68,68,63.08,64.99,9482
NETFDIVOPP,20210322,38.31,38.31,35.4,36.67,4301
NETFIT,20210322,26.75,26.75,25.72,26.36,443269
NETFLTGILT,20210322,21.92,22.02,21.79,21.82,31713
NETFMID150,20210322,90.98,90.98,88.12,89.94,70764
NETFNIF100,20210322,151.95,153.12,150.95,153.11,10715
NETFNV20,20210322,81,81.5,79.1,80.63,2863
NETWORK18,20210322,42.9,43,41.8,42.1,761265
NEULANDLAB,20210322,1991,2025,1956,1967.75,23087
NEWGEN,20210322,282.5,285.35,282,284.15,31130
NEXTMEDIA,20210322,4.3,4.45,4.1,4.25,26935
NFL,20210322,52.9,57.55,52.45,57.55,5236192
NH,20210322,386.8,402.8,383.6,391.15,440082
NHPC,20210322,24.35,24.4,24,24.05,3389437
NIACL,20210322,164.5,171.9,162.1,169.1,1822396
NIBL,20210322,14.3,14.3,14.3,14.3,5588
NIFTYBEES,20210322,178.88,178.88,137.3,157.33,2249076
NIITLTD,20210322,148,153,148,149.8,594983
NILAINFRA,20210322,4.7,4.7,4.55,4.55,133441
NILASPACES,20210322,1.55,1.55,1.45,1.5,62945
NILKAMAL,20210322,1965,2073.95,1961.2,1980.85,158760
NIPPOBATRY,20210322,750,750,717,723.25,961
NIRAJ,20210322,41.45,44.4,41,43.6,11365
NITCO,20210322,21.65,21.95,21.35,21.65,29125
NITINSPIN,20210322,83.7,87,82,82.65,115623
NKIND,20210322,23,23,21.2,21.3,6558
NLCINDIA,20210322,51.25,51.6,50.15,50.4,979690
NMDC,20210322,127.65,129.35,126.25,128.2,12364505
NOCIL,20210322,173.7,173.95,165.55,168.1,769447
NOIDATOLL,20210322,7.25,7.35,6.9,7.05,56253
NORBTEAEXP,20210322,7.55,7.55,6.95,7.1,3838
NOVARTIND,20210322,567,580,567,574.1,6850
NPBET,20210322,184.65,184.99,178.65,179.41,84
NRAIL,20210322,250.05,252.8,238.15,239.8,35477
NRBBEARING,20210322,107.95,113.3,107.5,112.05,242259
NSIL,20210322,1022.55,1023,986,994.9,1619
NTL,20210322,0.85,0.85,0.85,0.85,3583
NTPC,20210322,108.8,110.55,106.85,109.85,31980425
NUCLEUS,20210322,512.15,516.1,502.55,505.8,35682
NURECA,20210322,623.4,664.7,617,645.55,67190
NXTDIGITAL,20210322,468.35,499,465.05,479.2,5872
OAL,20210322,557,571.7,557,569,12339
OBEROIRLTY,20210322,581.3,607.7,575.05,600.15,408006
OCCL,20210322,960,990,951,967.05,4912
OFSS,20210322,3225,3255.55,3182.4,3222.55,57361
OIL,20210322,120.5,120.9,118.15,118.85,1108722
OILCOUNTUB,20210322,6.1,6.1,6.1,6.1,13917
OLECTRA,20210322,218.5,222.1,212.65,222.1,493973
OMAXAUTO,20210322,44.7,45.9,44.7,45.25,24477
OMAXE,20210322,68.45,70.8,68.35,70.35,41801
OMINFRAL,20210322,24.8,24.8,21.25,22.3,47254
OMKARCHEM,20210322,11.25,11.25,10.25,10.9,71116
ONELIFECAP,20210322,6.85,7.25,6.65,6.65,4052
ONEPOINT,20210322,12.7,13.1,11.9,11.9,139666
ONGC,20210322,110.5,111.25,108.55,109.6,15825065
ONMOBILE,20210322,99.6,103.15,98.4,103.15,732800
ONWARDTEC,20210322,123.7,127.45,120,122.55,69377
OPTIEMUS,20210322,132.55,145.85,132.05,145.85,226641
OPTOCIRCUI,20210322,3.7,3.75,3.55,3.55,760858
ORBTEXP,20210322,60.35,61,59.35,59.4,13521
ORCHPHARMA,20210322,1796.75,1796.75,1796.75,1796.75,258
ORICONENT,20210322,20.3,20.3,19.4,19.9,34564
ORIENTABRA,20210322,22,22.5,21.5,21.65,44981
ORIENTALTL,20210322,6.85,7.05,6.6,6.65,33935
ORIENTBELL,20210322,221,237.5,221,223.05,22976
ORIENTCEM,20210322,97.8,99.5,95.75,97.95,411568
ORIENTELEC,20210322,328.9,345,321.25,324.4,1208949
ORIENTHOT,20210322,24.5,24.5,21.95,23.3,94605
ORIENTLTD,20210322,82.75,86.3,80.05,82.85,265
ORIENTPPR,20210322,27,28.35,25.3,27.45,2341296
ORIENTREF,20210322,233.85,254,232.85,242.25,767973
ORISSAMINE,20210322,2448,2484.95,2382.15,2401.2,4911
OSWALAGRO,20210322,10.55,11.15,10.5,10.7,148229
PAGEIND,20210322,28400,29951,28047.9,29721.3,55943
PAISALO,20210322,804,854.95,756.05,770.9,224366
PALASHSECU,20210322,48.95,50.5,46,50.5,2696
PALREDTEC,20210322,92.45,94.95,90.2,93.15,6689
PANACEABIO,20210322,189.65,193.9,187.2,190.05,180594
PANACHE,20210322,56.2,65,52.7,61.55,326902
PANAMAPET,20210322,157.75,160.9,153,153.5,54354
PARACABLES,20210322,8.4,9,8.2,8.85,384635
PARAGMILK,20210322,98.8,103.8,98.3,100.75,615615
PARSVNATH,20210322,10.6,10.8,9.85,9.85,367995
PATELENG,20210322,12.7,13,12.5,12.75,296338
PATINTLOG,20210322,20.75,20.75,19.9,20,26311
PATSPINLTD,20210322,5.4,5.75,5.4,5.4,5505
PCJEWELLER,20210322,27.1,28.35,26.95,28.15,1404787
PDMJEPAPER,20210322,25.3,25.3,24.25,24.45,57206
PDPL,20210322,2.9,3,2.9,3,8250
PDSMFL,20210322,663.2,754.9,661,672.35,7361
PEARLPOLY,20210322,15.7,15.7,14.5,14.65,3924
PEL,20210322,1889,1919.05,1865.7,1896.25,748612
PENIND,20210322,19.35,19.35,18.05,18.25,210127
PENINLAND,20210322,6.05,6.15,5.95,6.15,1670657
PERSISTENT,20210322,1997,1997,1901.65,1963.7,135155
PETRONET,20210322,226.6,231.5,225.25,228.75,5012225
PFC,20210322,123.5,124.45,121.05,121.45,5071374
PFIZER,20210322,4395,4434.2,4376.3,4413.65,30877
PFOCUS,20210322,60.45,60.45,56.2,56.65,85357
PFS,20210322,19,19.4,18.55,18.8,632579
PGEL,20210322,367.85,406.55,367.85,406.55,160109
PGHH,20210322,12821,13190,12821,13018.95,6132
PGHL,20210322,6513,6534.85,6336.3,6357.45,9351
PGIL,20210322,180,180,170.05,170.05,3586
PHILIPCARB,20210322,190,194.85,188.55,191.2,408157
PHOENIXLTD,20210322,740.05,775.05,735.05,769.7,127715
PIDILITIND,20210322,1769,1783.8,1738.15,1761.9,617685
PIIND,20210322,2289,2310.75,2245,2297.95,254354
PILANIINVS,20210322,1700,1700,1670,1672.9,3522
PILITA,20210322,17.85,17.85,16.5,16.75,196336
PIONDIST,20210322,102.7,106.9,102.7,105.85,7837
PIONEEREMB,20210322,38.5,39.75,38.5,39.4,18486
PITTIENG,20210322,69.1,71.5,67.35,70.35,170436
PKTEA,20210322,224,237.95,224,229.55,232
PLASTIBLEN,20210322,235.75,240,233.05,236.55,41529
PNB,20210322,38.45,38.55,37.5,37.95,94389245
PNBGILTS,20210322,48.5,49.9,48.5,49.25,214870
PNBHOUSING,20210322,390.2,396.25,385.2,392.7,201618
PNC,20210322,31.35,31.35,31.35,31.35,143612
PNCINFRA,20210322,237.55,246,231.05,243.4,1236702
PODDARHOUS,20210322,198.9,198.9,183.2,195.8,2111
PODDARMENT,20210322,197,197,191.05,193,4432
POKARNA,20210322,226.05,249.5,224.25,240.45,448694
POLYCAB,20210322,1355,1377,1345,1352.7,326202
POLYMED,20210322,818.3,830,793.05,804.8,73078
POLYPLEX,20210322,845,848.95,823,829.1,31643
PONNIERODE,20210322,148.05,150.25,148.05,148.95,1098
POWERGRID,20210322,234.4,234.4,222.2,223.55,16414250
POWERINDIA,20210322,1320,1408,1295.15,1389.95,99345
POWERMECH,20210322,538,542,532,536.9,18480
PPAP,20210322,223.05,228,209,212.3,55334
PPL,20210322,123.4,128,121.15,124.7,175160
PRABHAT,20210322,95,98.75,92.55,93.95,1756169
PRAENG,20210322,7.95,8.35,7.95,8.1,14683
PRAJIND,20210322,163.95,176.5,163.45,175.3,2011472
PRAKASH,20210322,67.15,70.9,66.15,67.15,1970525
PRAKASHSTL,20210322,0.85,0.85,0.8,0.8,59083
PRAXIS,20210322,44.65,44.65,44.65,44.65,9927
PRECAM,20210322,40.2,42.3,38.1,40.7,220019
PRECOT,20210322,100,106.6,100,106.6,8511
PRECWIRE,20210322,193.95,195.9,190.5,191.7,66508
PREMEXPLN,20210322,145,148.9,144,148.5,1877
PREMIER,20210322,2.75,2.75,2.75,2.75,6182
PREMIERPOL,20210322,36.95,40.75,36.95,38.8,23202
PRESSMN,20210322,23.65,23.8,22.9,23.1,60994
PRESTIGE,20210322,286.05,300.5,283.6,299.4,883644
PRICOLLTD,20210322,64,64.4,62.35,63.6,939468
PRIMESECU,20210322,45,45.9,42.1,43.5,1156
PRINCEPIPE,20210322,426.7,437,415.8,420.2,249238
PRIVISCL,20210322,647.55,690,646.85,683.1,44193
PROZONINTU,20210322,17.9,19.5,17.3,17.95,237730
PRSMJOHNSN,20210322,115.8,121.15,114.1,118,338955
PSB,20210322,16.45,16.6,15.85,16.1,316637
PSPPROJECT,20210322,474.9,478.35,463.8,471.9,133617
PSUBNKBEES,20210322,24.5,24.5,23.35,23.64,535690
PTC,20210322,81,81.9,79.5,79.95,1531617
PTL,20210322,39,39.9,38.55,38.9,22360
PUNJABCHEM,20210322,909,916.4,882.05,901.4,9427
PURVA,20210322,74.25,77.35,74.15,76.25,89732
PVR,20210322,1327,1351.05,1321,1328.8,1367515
QGOLDHALF,20210322,1940.2,1947,1928,1929.8,326
QNIFTY,20210322,1521,1521,1518.95,1521,15
QUESS,20210322,727,728.9,690,696.3,138599
QUICKHEAL,20210322,187.25,192.55,184.2,187.7,195327
QUINTEGRA,20210322,0.9,0.9,0.8,0.9,32349
RADAAN,20210322,0.8,0.8,0.8,0.8,838
RADICO,20210322,534.9,540,527.15,530.75,155423
RADIOCITY,20210322,23.55,24.3,23.5,23.8,101532
RAILTEL,20210322,131.75,142.5,130.6,139.7,7632251
RAIN,20210322,147,151.6,145.6,147.95,1766578
RAJESHEXPO,20210322,477,482,471.15,475.15,489176
RAJMET,20210322,89.5,89.5,88.15,89.2,916
RAJRATAN,20210322,763.95,840,763.95,836.15,52798
RAJSREESUG,20210322,19.4,19.55,18.25,18.6,7516
RAJTV,20210322,33.9,34.8,30.65,32.35,6581
RAJVIR,20210322,9.5,9.5,9.5,9.5,60
RALLIS,20210322,255,261,254,259.65,335868
RAMANEWS,20210322,16.05,16.05,15.55,15.8,42246
RAMASTEEL,20210322,70,70.7,67.3,69.15,40246
RAMCOCEM,20210322,950.9,980.65,921.25,974.6,529188
RAMCOIND,20210322,260,262.25,254.25,257.9,68691
RAMCOSYS,20210322,584.55,585.2,568,578.8,72431
RAMKY,20210322,79.95,83.9,79.55,83.9,76511
RANASUG,20210322,8.2,8.8,7.55,8.1,463943
RANEENGINE,20210322,277.45,277.45,259,261.7,19491
RANEHOLDIN,20210322,614.1,633,607.1,624.25,16086
RATNAMANI,20210322,1855,1925.05,1835,1872.85,22154
RAYMOND,20210322,339,345.9,336.25,341.65,534616
RBL,20210322,819,819,780,783.1,9440
RBLBANK,20210322,228.1,230.6,223.1,225.25,11332389
RCF,20210322,73,79,72.1,79,7820019
RCOM,20210322,1.75,1.8,1.7,1.8,12265625
RECLTD,20210322,141,142.75,138.75,139.2,4962230
REDINGTON,20210322,157.55,160.65,155.05,155.85,155964
REFEX,20210322,82,87,80.2,85.95,91904
REGENCERAM,20210322,1.05,1.05,1.05,1.05,5050
RELAXO,20210322,862,879.6,840,870.4,173965
RELCAPITAL,20210322,10.9,11.55,10.8,11.55,3113535
RELIANCE,20210322,2071,2074,2033.2,2062.4,8571196
RELIGARE,20210322,86,89.7,84.2,87.15,597533
RELINFRA,20210322,33.3,36.2,32.3,36.2,5722876
REMSONSIND,20210322,147.85,147.85,135.45,137.35,6103
RENUKA,20210322,9.4,9.5,9.2,9.25,3248136
REPCOHOME,20210322,315,330,305,321.75,186173
REPL,20210322,187.8,198,184.25,196.8,12105
REPRO,20210322,377,377,360,363.2,3856
RESPONIND,20210322,165.25,172.8,161.15,169.05,41818
REVATHI,20210322,516.55,516.55,490.6,493.8,596
RGL,20210322,303.95,303.95,291.55,294.25,4956
RHFL,20210322,2.8,2.9,2.8,2.8,5830803
RICOAUTO,20210322,38.65,39.4,37.4,37.6,270746
RIIL,20210322,373.5,381,372.4,378.9,148985
RITES,20210322,245.15,247.8,243.2,244.25,153829
RKDL,20210322,8,8.1,7.5,7.7,12199
RKEC,20210322,60.25,64,59.1,59.85,22478
RKFORGE,20210322,509.95,517.95,505,506.8,6618
RMCL,20210322,2.5,2.6,2.5,2.6,12984
RML,20210322,367.25,390,367.25,378.45,48050
ROHITFERRO,20210322,1.9,1.9,1.9,1.9,5900
ROHLTD,20210322,68.55,72,68.55,70.55,55533
ROLLT,20210322,2.85,2.95,2.85,2.85,116511
ROLTA,20210322,4,4,3.85,3.9,268489
ROML,20210322,108.45,108.45,99.1,99.1,4255
ROSSARI,20210322,1048,1053.95,1024.45,1029.35,111175
ROSSELLIND,20210322,112.55,112.55,107.5,109.7,14997
ROUTE,20210322,1572,1594,1535.25,1550.05,202164
RPGLIFE,20210322,388.45,395,382.25,384.05,12706
RPOWER,20210322,4.35,4.55,4.25,4.55,23685407
RPPINFRA,20210322,69.05,69.05,67.1,67.65,20546
RPSGVENT,20210322,353.9,358.5,337.75,351,40019
RSSOFTWARE,20210322,24.35,26.2,24.35,25.4,22059
RSWM,20210322,197.25,204.4,187.6,195.4,17676
RSYSTEMS,20210322,112.55,114.8,111,112.75,31078
RTNINFRA,20210322,6.35,6.7,6.1,6.3,1416128
RTNPOWER,20210322,2.55,2.6,2.5,2.6,2818023
RUBYMILLS,20210322,176.1,183.95,172,176.5,10653
RUCHI,20210322,650,685,650,675.4,21809
RUCHINFRA,20210322,6,6.3,6,6.2,80694
RUCHIRA,20210322,67,67.5,63,63.75,71856
RUPA,20210322,329,329,312,317.7,85279
RUSHIL,20210322,262,262.8,248.6,248.6,25240
RVHL,20210322,18.05,18.55,17.7,17.8,26728
RVNL,20210322,29.15,31.4,29,30.3,13424210
S&SPOWER,20210322,18.4,20.1,18.4,19.85,3573
SABEVENTS,20210322,1.1,1.15,1.1,1.15,6448
SABTN,20210322,1.85,1.85,1.85,1.85,14528
SADBHAV,20210322,67,69.7,66,68.5,879047
SADBHIN,20210322,21.45,22.75,20.8,22,279382
SAFARI,20210322,651.8,662.35,622.2,626.3,265499
SAGARDEEP,20210322,37.75,37.75,32.1,34.75,3418
SAGCEM,20210322,724,724,701.95,707.2,11688
SAIL,20210322,73,74.1,72.2,73.35,21560723
SAKAR,20210322,98.1,103.9,98.05,99.9,45370
SAKHTISUG,20210322,9.5,9.65,9,9.5,41886
SAKSOFT,20210322,370.05,376.7,370.05,374.8,29522
SAKUMA,20210322,5.15,5.15,4.95,5,159155
SALASAR,20210322,363.6,370,363.6,368.6,33540
SALONA,20210322,92.1,98.55,92.1,95.1,299
SALSTEEL,20210322,3.65,3.65,3.35,3.4,59762
SALZERELEC,20210322,127,127.7,124.45,125.3,32104
SAMBHAAV,20210322,2.5,2.6,2.4,2.4,14200
SANCO,20210322,9.8,9.95,9.5,9.7,39806
SANDESH,20210322,671.45,688.5,670,678.75,2315
SANDHAR,20210322,216.15,226.85,216.1,221.05,68489
SANGAMIND,20210322,82,83.7,78,80.35,13050
SANGHIIND,20210322,41.35,42.9,40.95,41.85,1359490
SANGHVIFOR,20210322,19.5,20.7,19.2,20.4,4634
SANGHVIMOV,20210322,106,109,104.8,107.45,29466
SANGINITA,20210322,26.5,26.5,24.3,24.55,53382
SANOFI,20210322,7790,7824,7620,7658.35,29508
SARDAEN,20210322,423,434,416.6,423.8,59298
SAREGAMA,20210322,1494,1559.9,1455,1509.25,38880
SARLAPOLY,20210322,25.5,25.7,24.8,25.15,94382
SASKEN,20210322,850.4,943.75,836.95,913.35,266853
SASTASUNDR,20210322,125,125.4,121.05,123.3,19808
SATHAISPAT,20210322,2.85,3.15,2.85,3.15,74405
SATIA,20210322,83.5,85.85,83,83.75,49430
SATIN,20210322,88.65,93,88.6,92.4,188485
SBICARD,20210322,991.25,991.25,966.25,973.1,3355126
SBIETFIT,20210322,256,263.72,253.1,260.99,2155
SBIETFPB,20210322,184.5,185,177.11,179.15,2629
SBIETFQLTY,20210322,126.98,126.98,123.51,125.92,646
SBILIFE,20210322,905,909.25,895.35,900.2,1660688
SBIN,20210322,372,372.8,363.5,367,28461974
SCAPDVR,20210322,1.7,1.8,1.7,1.7,52689
SCHAEFFLER,20210322,5299,5357.1,5121.15,5293.75,7697
SCHAND,20210322,123,128.3,121.1,122.65,276146
SCHNEIDER,20210322,95.85,99.65,95.25,98.2,635670
SCI,20210322,107.65,123.4,105.45,120,17082816
SDBL,20210322,34.8,34.95,33.6,33.85,174697
SEAMECLTD,20210322,415,424.75,408,413.05,112479
SECURKLOUD,20210322,84.8,85.45,81.1,82.15,47622
SELAN,20210322,132,136.55,130,132.8,192489
SEPOWER,20210322,4,4,3.75,3.9,5544
SEQUENT,20210322,223,229.95,222.1,227.35,950671
SESHAPAPER,20210322,157.4,161.2,157,160.1,26363
SETCO,20210322,16.3,16.3,14.9,15.35,178783
SETF10GILT,20210322,199,203,199,201.51,26
SETFGOLD,20210322,3993,4045.5,3982.05,3986.45,21201
SETFNIF50,20210322,155,156.87,149.48,150.41,346050
SETFNIFBK,20210322,338,341,319.9,335.82,43007
SETFNN50,20210322,356.99,356.99,352.5,356.17,4322
SETUINFRA,20210322,0.75,0.85,0.75,0.8,147532
SEYAIND,20210322,58.55,59.25,56.4,58,31021
SFL,20210322,1983.45,2006.2,1955.05,1970,4295
SGL,20210322,9.3,9.3,8.45,9.1,105789
SHAHALLOYS,20210322,9.15,9.15,8.4,9.15,4763
SHAKTIPUMP,20210322,515,532.5,499.15,529.4,63521
SHALBY,20210322,99.1,103,98.9,100.1,225700
SHALPAINTS,20210322,90.1,91.35,89.25,90.85,115451
SHANKARA,20210322,402.6,405.9,391.1,394.15,65611
SHANTIGEAR,20210322,125.9,125.95,123.4,125.45,12842
SHARDACROP,20210322,312.9,320,300,304.1,221068
SHARDAMOTR,20210322,2080.1,2190,2080,2136.35,4092
SHAREINDIA,20210322,254.5,260,251.35,259.1,4469
SHARIABEES,20210322,362,373,358.61,364.63,171
SHEMAROO,20210322,72,75,70.35,72.6,125968
SHIL,20210322,274,274,260.4,269.35,49374
SHILPAMED,20210322,334.9,339,328.3,337.2,187285
SHIVAMAUTO,20210322,18.1,18.2,17.65,18,53963
SHIVAMILLS,20210322,42.7,45.25,42.7,43.3,7094
SHIVATEX,20210322,146.2,152.95,145.85,150.35,1688
SHK,20210322,115.3,117.5,112.6,115.15,172450
SHOPERSTOP,20210322,219,225,214.05,221.6,151040
SHRADHA,20210322,40.75,40.75,40.75,40.75,208
SHREDIGCEM,20210322,63.1,66.6,61.65,64.5,1210743
SHREECEM,20210322,26900,27214.15,26618,26954.5,45373
SHREEPUSHK,20210322,137.1,142.5,135.15,140.65,61230
SHREERAMA,20210322,9.7,10.4,9.7,10.1,45126
SHRENIK,20210322,2.15,2.2,2.05,2.2,3073450
SHREYANIND,20210322,104.7,115.95,104.65,107.05,215529
SHREYAS,20210322,78.5,79.9,77.1,78.8,54079
SHRIPISTON,20210322,751,802.2,730,802.2,2307
SHRIRAMCIT,20210322,1427,1460,1401.1,1424.95,15392
SHRIRAMEPC,20210322,4.15,4.45,4.1,4.4,306380
SHYAMCENT,20210322,5.3,5.45,5.2,5.3,41417
SHYAMTEL,20210322,14.7,14.7,14.7,14.7,702
SICAGEN,20210322,14.15,15.5,14.15,15.15,20325
SICAL,20210322,10.5,10.7,10.45,10.45,1179211
SIEMENS,20210322,1850,1870.85,1819,1838.8,457971
SIGIND,20210322,32.65,33.6,32.05,33.4,86445
SIL,20210322,17.5,18.9,17.1,18.9,384846
SILGO,20210322,41.5,41.5,36.85,39,28095
SILINV,20210322,215,215,200,202.9,12532
SILLYMONKS,20210322,19.95,20,18.4,19.75,6957
SIMBHALS,20210322,6.85,7.35,6.85,6.95,14342
SIMPLEXINF,20210322,33.5,33.6,31.5,33.05,231765
SINTERCOM,20210322,86.95,91.3,86,86,425
SINTEX,20210322,3.9,3.95,3.7,3.85,1694271
SIRCA,20210322,329.9,329.9,312.25,317.45,5862
SIS,20210322,407.55,417.5,405.95,408.95,201695
SITINET,20210322,0.85,0.9,0.8,0.9,4240142
SIYSIL,20210322,202,202.6,198.05,200.15,20642
SJVN,20210322,26,26.2,25.7,25.85,2090140
SKFINDIA,20210322,2141.85,2186.35,2110.75,2178.45,6533
SKIL,20210322,2.9,3.05,2.85,2.9,34827
SKIPPER,20210322,63.05,64.2,59.7,61.35,79233
SKMEGGPROD,20210322,48,50.5,48,48.7,25268
SMARTLINK,20210322,85.3,86.45,84.75,85,4720
SMCGLOBAL,20210322,69.6,72.15,69.6,71.2,105727
SMLISUZU,20210322,442.7,458.95,442.7,452.85,7509
SMSLIFE,20210322,509.1,509.4,499.95,502.85,2920
SMSPHARMA,20210322,125,127.35,124,125.35,66924
SNOWMAN,20210322,47.85,49,47.05,47.9,2225926
SOBHA,20210322,449.2,456.2,441.5,448,50649
SOLARA,20210322,1217,1262.85,1195,1234.25,137270
SOLARINDS,20210322,1320,1321.05,1279.65,1290.5,4872
SOMANYCERA,20210322,415,420,404.4,412.8,23857
SOMATEX,20210322,7,7,7,7,6996
SOMICONVEY,20210322,32.2,32.7,30.85,32,7419
SONATSOFTW,20210322,463.95,475.95,458,471.8,262407
SORILINFRA,20210322,159.5,166.7,159.5,161.55,67675
SOTL,20210322,1004.1,1023.05,1004.1,1012.95,3393
SOUTHBANK,20210322,8.95,9.1,8.75,8.8,12049267
SOUTHWEST,20210322,45.2,47.95,44.3,47.9,22182
SPAL,20210322,165,175,161.55,169.8,20634
SPANDANA,20210322,599.6,600.35,581.45,590.5,41394
SPARC,20210322,155,158.1,154.65,156,277832
SPCENET,20210322,1.8,1.8,1.75,1.8,32888
SPECIALITY,20210322,42.1,45.4,42.1,45.05,64427
SPENCERS,20210322,72.6,73.4,71.6,72.7,175962
SPIC,20210322,30,32.9,29.75,32.1,1452268
SPICEJET,20210322,72.95,77,71.85,76.4,10450709
SPLIL,20210322,33.35,33.55,31.9,32.6,23702
SPMLINFRA,20210322,11.55,11.55,10.3,10.95,52692
SPTL,20210322,3.65,3.8,3.65,3.65,6661554
SPYL,20210322,0.35,0.4,0.35,0.4,632298
SREEL,20210322,145,145,143.05,145,43850
SREINFRA,20210322,5.85,5.85,5.6,5.65,1956703
SRF,20210322,5270,5322.75,5234.05,5281,91631
SRHHYPOLTD,20210322,253,254.65,241.05,243.2,24221
SRIPIPES,20210322,172,176.75,172,172.75,29533
SRPL,20210322,29,29.45,28.5,29.45,1544
SRTRANSFIN,20210322,1368.9,1389.95,1347.05,1381.4,1867037
SSWL,20210322,680,708.95,673.1,678.05,23827
STAMPEDE,20210322,0.8,0.8,0.8,0.8,47645
STAR,20210322,770,812.95,770,802.15,497161
STARCEMENT,20210322,96.6,98.2,95.4,96.05,201127
STARPAPER,20210322,123,124.1,119.85,120.4,130785
STCINDIA,20210322,76.95,80.45,75.5,79,92789
STEELCITY,20210322,39.85,42.5,38.85,39.5,174826
STEELXIND,20210322,52.15,54.3,52.15,52.55,113033
STEL,20210322,84.5,87,83,83,3387
STERTOOLS,20210322,208,210.1,202.3,204.95,8071
STLTECH,20210322,206,208,202.8,205.05,289199
STOVEKRAFT,20210322,445,453,427.7,435.25,412256
SUBCAPCITY,20210322,20.8,20.8,20.5,20.7,14
SUBEXLTD,20210322,36.25,38.1,35.75,37.2,5274881
SUBROS,20210322,306.95,311.95,301.05,308.9,28874
SUDARSCHEM,20210322,525,541,520.5,529.1,94142
SUMEETINDS,20210322,3.65,3.65,3.65,3.65,78065
SUMICHEM,20210322,280.65,285.25,277.6,282,357155
SUMIT,20210322,9.2,10.1,9.2,9.65,162539
SUMMITSEC,20210322,513.75,518,502,516.1,2362
SUNCLAYLTD,20210322,3128,3164.65,3060.05,3131.7,1613
SUNDARAM,20210322,1.35,1.35,1.3,1.3,227862
SUNDARMFIN,20210322,2434,2519.95,2305.55,2454.55,36907
SUNDARMHLD,20210322,76,78.5,75.3,77.55,70938
SUNDRMBRAK,20210322,341.25,349.95,333.05,339.5,9384
SUNDRMFAST,20210322,744,758,717.5,747.45,110641
SUNFLAG,20210322,61.3,61.8,60.5,60.8,256348
SUNPHARMA,20210322,578.6,593.6,578.6,591,7033955
SUNTECK,20210322,322,323.25,312.8,315.3,349149
SUNTV,20210322,480.05,487,473.35,484.25,2554609
SUPERHOUSE,20210322,128.5,128.5,124.05,125.05,15437
SUPERSPIN,20210322,4.95,5.1,4.7,4.75,54625
SUPPETRO,20210322,417.9,430,413,421.05,27351
SUPRAJIT,20210322,289,292.75,279.2,289.45,135534
SUPREMEENG,20210322,28.75,28.8,26.45,26.65,38960
SUPREMEIND,20210322,1990,2009,1963,1996.15,54179
SURANASOL,20210322,9.6,10.25,9.35,9.5,62186
SURANAT&P,20210322,4.1,4.35,4.1,4.15,135347
SURYALAXMI,20210322,35.2,35.2,32.15,33.2,10091
SURYAROSNI,20210322,364.35,395.35,358.7,390.9,337158
SUTLEJTEX,20210322,42.1,43.8,42.1,42.7,46536
SUULD,20210322,203.3,209,196,197.4,20971
SUVEN,20210322,75,79.2,73.75,75.8,435072
SUVENPHAR,20210322,483,483,464,479.3,249415
SUZLON,20210322,5.4,5.6,5.3,5.55,31260674
SWANENERGY,20210322,136.95,141.75,136.3,140.55,217565
SWARAJENG,20210322,1305.1,1347.4,1301,1315.1,8862
SWELECTES,20210322,192,203.15,192,200.15,20409
SWSOLAR,20210322,265.55,273.8,259.3,264.95,525929
SYMPHONY,20210322,1265,1290,1234.5,1266.6,45178
SYNGENE,20210322,510.35,516.9,491.45,500.7,959051
TAINWALCHM,20210322,58.6,62.8,58.6,61.2,10263
TAJGVK,20210322,112.6,118,112.6,116.7,60733
TAKE,20210322,51.8,52.5,51,51.3,850631
TALBROAUTO,20210322,217,223,215,216.05,11191
TANLA,20210322,894.9,904.1,880,888.1,129469
TARAPUR,20210322,3.35,3.35,3.35,3.35,13283
TARC,20210322,28,29,28,28.7,345148
TARMAT,20210322,45.4,47.95,45.4,46.8,13423
TASTYBITE,20210322,14307.35,14370.45,13705.55,13834.45,1922
TATACHEM,20210322,752,771,743.4,763.75,9238739
TATACOFFEE,20210322,118.4,118.95,115.3,116.5,1871051
TATACOMM,20210322,1180,1194.7,1140.35,1160.65,1953740
TATACONSUM,20210322,603,623.05,596.25,620.55,3154483
TATAELXSI,20210322,2730,2774.9,2701.3,2722.7,256006
TATAINVEST,20210322,1020.15,1045,992.35,1016.75,217317
TATAMETALI,20210322,747.8,754,730.1,735.15,137017
TATAMOTORS,20210322,306.45,307.5,300.1,303.05,56385019
TATAMTRDVR,20210322,132.5,133.4,129.1,131.55,2205938
TATAPOWER,20210322,104.9,106.5,103.8,104.75,74913152
TATASTEEL,20210322,731.1,745.65,725,743.5,13760370
TATASTLBSL,20210322,47.3,48,46.6,47.8,6169487
TATASTLLP,20210322,680,695,675,692.55,71065
TBZ,20210322,67,69.7,66.85,67.8,116220
TCI,20210322,244.9,260.7,244.7,258.65,655617
TCIDEVELOP,20210322,305.95,313.4,285.65,309.2,3919
TCIEXP,20210322,899.85,919.95,875.05,885.05,22470
TCIFINANCE,20210322,5.5,5.55,5.25,5.35,10290
TCNSBRANDS,20210322,510.15,525,500.35,520.05,32992
TCPLPACK,20210322,398,398,382.9,390.6,773
TCS,20210322,3048.7,3139.45,3018.65,3129.65,2821646
TDPOWERSYS,20210322,145.5,150,140.75,145.05,31847
TEAMLEASE,20210322,3500,3548.95,3416.35,3498.3,19162
TECHM,20210322,989.9,1017.4,978.3,1013.55,3873143
TECHNOE,20210322,289.1,289.8,284.35,287.7,35342
TEJASNET,20210322,177.7,178.25,167.05,174.8,225064
TERASOFT,20210322,36.6,38.2,35.2,37.25,36514
TEXINFRA,20210322,70.45,71.9,70.4,71.05,26817
TEXMOPIPES,20210322,26.55,28.5,26.55,27.15,315714
TEXRAIL,20210322,29.2,29.65,28.6,28.9,413053
TFCILTD,20210322,62.25,65.5,62.1,63.2,719857
TFL,20210322,2.4,2.4,2.4,2.4,2000
TGBHOTELS,20210322,4.85,4.95,4.75,4.85,8228
THANGAMAYL,20210322,613,623,613,614.45,15411
THEINVEST,20210322,91.65,96.65,89.2,96.65,44688
THEMISMED,20210322,288.75,296,286.85,288.8,4278
THERMAX,20210322,1345,1362.9,1315.1,1352.25,77646
THOMASCOOK,20210322,53.3,53.8,50.9,51.1,581636
THOMASCOTT,20210322,8.85,8.85,8.05,8.6,2147
THYROCARE,20210322,900,900,832.3,840.6,291323
TI,20210322,29.3,29.3,28.5,28.55,224281
TIDEWATER,20210322,4379,4385,4326.6,4357.8,1271
TIIL,20210322,370.75,383.95,360.85,373.3,24986
TIINDIA,20210322,1137,1166,1107.05,1137.4,46108
TIJARIA,20210322,7.25,7.25,6.9,7.2,1517
TIL,20210322,165.05,166.9,162.25,162.95,17454
TIMESGTY,20210322,25.8,25.8,23.5,24.05,2372
TIMETECHNO,20210322,57.9,57.95,55,55.65,267212
TIMKEN,20210322,1256.75,1264.5,1244.65,1260.25,9346
TINPLATE,20210322,157.25,161.8,155.55,157.4,216136
TIPSINDLTD,20210322,524.95,524.95,476,510,12359
TIRUMALCHM,20210322,95,96.5,91.95,93.6,462530
TIRUPATIFL,20210322,26,27.25,26,27.25,51
TITAN,20210322,1465,1468.65,1448,1460.3,1331121
TMRVL,20210322,12.5,13.4,12.5,12.5,63544
TNPETRO,20210322,51.9,51.9,49.45,50,497678
TNPL,20210322,145.75,147.9,144.6,145.1,130498
TNTELE,20210322,5.2,5.2,5.15,5.15,9176
TOKYOPLAST,20210322,71.4,71.45,69.9,70,1685
TORNTPHARM,20210322,2414.2,2456,2392.8,2449.1,345093
TORNTPOWER,20210322,425.8,429.15,418.7,427.45,1751625
TOTAL,20210322,44.5,46,44,45.35,13127
TOUCHWOOD,20210322,124.25,130.45,119.2,127.55,13522
TPLPLASTEH,20210322,148.8,152.65,144.35,144.85,2309
TREEHOUSE,20210322,6.9,7.55,6.85,7.55,100012
TREJHARA,20210322,32,33.35,30.85,32.25,42857
TRENT,20210322,800.15,816.85,790.5,800,655786
TRF,20210322,90,93.3,90,91.45,11759
TRIDENT,20210322,14.75,14.9,14.3,14.55,11806704
TRIGYN,20210322,68,68.85,67.3,68.3,28134
TRIL,20210322,17.85,18.7,17.25,17.8,194817
TRITURBINE,20210322,104,105.05,101.6,102.45,49390
TRIVENI,20210322,84.4,85.5,83.45,84.3,526101
TTKHLTCARE,20210322,527.5,535.45,513.1,528.85,5443
TTKPRESTIG,20210322,7225.15,7365,7175,7223.55,5088
TTL,20210322,46.8,49.85,46.8,48.6,24409
TTML,20210322,13.5,14.1,13.5,13.75,1501580
TV18BRDCST,20210322,31.15,31.75,30.85,31.15,4413742
TVSELECT,20210322,135,141,132.1,133.85,36179
TVSMOTOR,20210322,585.8,590.4,576,580.2,1537729
TVSSRICHAK,20210322,1755,1848,1755,1814.45,19474
TVTODAY,20210322,270,270.75,263.15,269,66345
TVVISION,20210322,1.95,1.95,1.95,1.95,7739
TWL,20210322,48.1,49.75,48.1,48.7,423893
UBL,20210322,1223,1263.2,1206,1251.75,417033
UCALFUEL,20210322,143,147,140.3,144.05,105690
UCOBANK,20210322,12.95,13.15,12.4,12.5,17636364
UFLEX,20210322,393,401.45,388,393.6,123636
UFO,20210322,76.35,79.3,76,76.4,159341
UGARSUGAR,20210322,16.3,16.8,16.05,16.35,106216
UJAAS,20210322,2.6,2.7,2.55,2.7,386895
UJJIVAN,20210322,224.25,226.1,220.5,222.3,351353
UJJIVANSFB,20210322,32.35,32.55,31.9,32.15,1693792
ULTRACEMCO,20210322,6665.9,6785,6631.3,6728,467719
UMANGDAIRY,20210322,60.5,62.1,59,61.75,22108
UMESLTD,20210322,4.1,4.1,4.1,4.1,11234
UNICHEMLAB,20210322,310,310,301.05,307,27672
UNIDT,20210322,258.95,263.8,257,260.3,3650
UNIENTER,20210322,84.15,84.2,82,83.05,12917
UNIONBANK,20210322,35.4,35.65,34.25,34.45,6092177
UNITEDTEA,20210322,300.15,308.75,293.75,302.75,4805
UNIVASTU,20210322,31.9,32.9,31,31.8,23108
UNIVCABLES,20210322,142.85,149.55,140,144.15,44443
UNIVPHOTO,20210322,174.5,177.35,162.6,170.85,2936
UPL,20210322,624.95,636.9,617.65,628.15,6196079
URJA,20210322,7.2,7.35,6.75,6.95,1474178
USHAMART,20210322,34.3,35.8,32.85,33.8,2538851
UTIAMC,20210322,563.9,564.9,555.05,557.6,97586
UTIBANKETF,20210322,34,34.08,33.44,33.52,6159
UTINEXT50,20210322,369.99,369.99,352.61,356.22,514
UTINIFTETF,20210322,1544,1545.6,1521.8,1540.35,1380
UTISENSETF,20210322,519.84,519.99,514,517.78,2612
UTISXN50,20210322,40.85,40.85,39.01,39.31,1168
UTTAMSTL,20210322,6.3,6.6,6.3,6.4,177928
UTTAMSUGAR,20210322,90.65,92.7,89.05,91.35,51810
V2RETAIL,20210322,125.95,129.9,123.15,125.75,48534
VADILALIND,20210322,933.15,976,921,959.15,68264
VAIBHAVGBL,20210322,4015,4159,3955.55,4013.65,54911
VAISHALI,20210322,34.45,35.5,34.4,35.05,37352
VAKRANGEE,20210322,51.4,51.75,50.85,51,2300840
VALIANTORG,20210322,1256,1274,1218.1,1233.75,23454
VARDHACRLC,20210322,39.45,39.45,37.1,37.55,16697
VARDMNPOLY,20210322,19.5,19.6,19.1,19.1,21705
VARROC,20210322,391.9,417,381.25,406.6,449365
VASCONEQ,20210322,17.8,17.8,16.6,16.75,170109
VASWANI,20210322,10.7,10.7,10.25,10.3,7155
VBL,20210322,985.1,1005,975,999.9,216625
VEDL,20210322,222.85,224.15,220.05,223.6,17117657
VENKEYS,20210322,1556,1593,1556,1580.65,27579
VENUSREM,20210322,273.9,284.25,273.9,284.25,41038
VERTOZ,20210322,269,282.5,260.1,262.35,353096
VESUVIUS,20210322,973,980.9,930.6,939.6,11315
VETO,20210322,127,131.35,125.3,131.35,54428
VGUARD,20210322,230.9,236,228.8,233.8,476582
VHL,20210322,1858.05,1874.8,1800,1816.85,2313
VICEROY,20210322,2.35,2.35,2.25,2.3,36661
VIDHIING,20210322,194.7,213.75,184.55,204.95,2571254
VIJIFIN,20210322,0.7,0.7,0.65,0.7,237591
VIKASECO,20210322,2.45,2.45,2.35,2.35,1183435
VIKASMCORP,20210322,3.15,3.25,3,3.05,10771937
VIKASPROP,20210322,2.25,2.35,2.25,2.35,1722371
VIKASWSP,20210322,6.6,6.6,6,6,322283
VIMTALABS,20210322,162.5,167.65,160.3,164.6,26460
VINATIORGA,20210322,1421.6,1434.7,1396,1407.4,24423
VINDHYATEL,20210322,833.75,836.75,816,825.1,15773
VINYLINDIA,20210322,118.65,123,117.55,118.95,71687
VIPCLOTHNG,20210322,14.5,14.65,14.1,14.15,1535481
VIPIND,20210322,379.75,380.95,371,375.4,257526
VIPULLTD,20210322,34,36.55,34,34.05,14267
VISAKAIND,20210322,483.2,497,472.2,478.3,42786
VISASTEEL,20210322,7.2,7.4,6.9,6.9,16519
VISESHINFO,20210322,0.1,0.15,0.05,0.1,35458087
VISHAL,20210322,70.2,70.2,70.2,70.2,1917
VISHNU,20210322,254.9,258.9,249,258.9,31279
VISHWARAJ,20210322,141.9,141.9,131.95,134.3,13632
VIVIDHA,20210322,0.95,0.95,0.9,0.9,238348
VIVIMEDLAB,20210322,18.3,18.3,17.7,18.05,299698
VLSFINANCE,20210322,83,84.7,80.25,84.2,39533
VMART,20210322,2745,2819.55,2714.35,2792.55,14692
VOLTAMP,20210322,1059.1,1076.2,1036,1044.05,8068
VOLTAS,20210322,986,1013.3,971,999.65,2454881
VRLLOG,20210322,241,242.5,230.4,232.85,187888
VSSL,20210322,147,147,143,143.95,51826
VSTIND,20210322,3413,3475.9,3376.05,3450.85,5087
VSTTILLERS,20210322,1829,1834.9,1796.55,1814.65,3697
VTL,20210322,1251.45,1266.2,1237,1249.95,48446
WABAG,20210322,248,252.8,245.3,247.85,221885
WABCOINDIA,20210322,6172.6,6174.95,6091.05,6137.7,408
WALCHANNAG,20210322,63.1,65.8,63.1,64.5,643021
WANBURY,20210322,78.15,80.15,76.2,76.35,8986
WATERBASE,20210322,105.2,107.3,104.05,104.55,127734
WEALTH,20210322,134.85,134.85,127.35,128.35,58
WEBELSOLAR,20210322,44,45.3,43.5,44.9,182685
WEIZMANIND,20210322,44.8,45,43.15,44.3,6031
WELCORP,20210322,134.9,137,134.3,135.55,807698
WELENT,20210322,116,121.25,114.5,119.8,351699
WELINV,20210322,382.65,404.75,373.15,399.15,3497
WELSPUNIND,20210322,81.45,83.5,79.65,81.85,2327385
WENDT,20210322,3210,3210,3131,3150.5,236
WESTLIFE,20210322,459,467.95,450.1,465.65,330440
WHEELS,20210322,449.9,449.95,438.1,441.3,4568
WHIRLPOOL,20210322,2319.3,2338,2275,2287.4,45356
WILLAMAGOR,20210322,19.6,19.95,19.1,19.15,8143
WINDMACHIN,20210322,30.5,30.55,29.1,29.7,104102
WIPRO,20210322,411.05,416.25,410.2,414.45,6622984
WOCKPHARMA,20210322,424.2,457.8,424.2,448.55,1398217
WONDERLA,20210322,200.3,200.55,194.9,195.55,52479
WORTH,20210322,50.85,52.95,50.8,52.55,5692
WSI,20210322,4.95,5.05,4.85,5.05,5907
WSTCSTPAPR,20210322,244.65,252.8,240.45,248.55,338598
XCHANGING,20210322,69.85,69.85,65.6,66.55,189213
XELPMOC,20210322,266,269.5,260.55,264.6,22022
XPROINDIA,20210322,52.1,55.05,49.85,54.6,7693
YAARII,20210322,145.45,146.35,141.05,146.3,366824
YESBANK,20210322,14.95,15.1,14.75,14.85,62159949
ZEEL,20210322,214.1,217.3,213.4,214.3,8223442
ZEELEARN,20210322,11,11.2,10.65,10.7,820129
ZEEMEDIA,20210322,6.5,6.6,6.3,6.35,934478
ZENITHEXPO,20210322,67.95,70.75,66.45,69.3,714
ZENITHSTL,20210322,0.75,0.75,0.7,0.7,12019
ZENSARTECH,20210322,289.9,297.15,287.3,291.65,383970
ZENTEC,20210322,85,86.05,82,84.15,154198
ZODIACLOTH,20210322,98.3,101.6,96.3,100.1,57079
ZODJRDMKJ,20210322,26.95,27.95,26.95,27.55,435
ZOTA,20210322,147.9,152.9,147.9,149.7,42625
ZUARI,20210322,90.05,93.4,90.05,91.5,111970
ZUARIGLOB,20210322,82.25,82.6,79.7,80.3,32980
ZYDUSWELL,20210322,1845.5,1885,1838.95,1877.1,31874
NSENIFTY,20210322,14736.30,14763.90,14597.85,14736.40,458997059,0
NIFTYJUNIOR,20210322,34256.50,34479.25,34133.85,34412.85,261617010,0
NIFTYMIDCAPLIQ15,20210322,5676.60,5731.95,5647.30,5689.00,65526411,0
NSE100,20210322,14850.75,14885.65,14729.45,14859.70,720614069,0
NIFTY200,20210322,7681.60,7703.90,7626.45,7691.90,1436791861,0
NSE500,20210322,12322.75,12360.45,12235.60,12338.60,1849339040,0
NSEMIDCAP150,20210322,8871.50,8945.55,8834.50,8929.00,733895037,0
MIDCAP50,20210322,6752.30,6815.60,6713.95,6797.10,573002947,0
NSEMIDCAP,20210322,23449.20,23650.10,23340.35,23603.60,716177792,0
NSESMLCAP100,20210322,8244.90,8277.65,8167.25,8209.65,-,0
NIFTYLARGEMIDCAP250,20210322,-,-,-,7922.23,1454509106,0
NIFTYAUTO,20210322,10176.30,10226.80,10069.45,10140.45,97762665,0
BANKNIFTY,20210322,34088.40,34148.90,33389.15,33603.45,298859239,0
NIFTYFINSERVICE,20210322,15967.45,15984.60,15668.95,15802.25,124772498,0
NIFTYFMGC,20210322,34049.45,34647.20,33934.50,34608.00,63563692,0
NSEIT,20210322,25649.05,26102.80,25418.45,26035.35,25130277,0
NIFTYMEDIA,20210322,1637.90,1656.50,1632.85,1637.65,29960769,0
NIFTYMETAL,20210322,3835.00,3877.10,3803.20,3867.45,99363140,0
NIFTYPHARMA,20210322,11685.10,11884.75,11669.05,11850.75,23238144,0
NIFTYPVTBANK,20210322,18255.00,18295.20,17890.85,17993.80,133778865,0
NIFTYPSUBANK,20210322,2192.25,2209.15,2147.90,2163.80,241515511,0
NIFTYREALTY,20210322,328.85,339.65,327.55,337.95,24865133,0
NIFTYCOMMODITIES,20210322,4457.05,4490.40,4433.85,4480.50,263041829,0
NIFTYCONSUMPTION,20210322,5918.45,5965.95,5901.60,5956.90,102221209,0
NIFTYCPSE,20210322,1852.80,1852.80,1823.10,1828.40,122924813,0
NIFTYENERGY,20210322,19151.30,19152.20,18862.85,18991.75,203464365,0
NIFTY100ESG,20210322,-,-,-,2913.38,460788074,0
NIFTY100ENHESG,20210322,-,-,-,2936.67,428867943,0
NIFTYINFRA,20210322,4136.75,4140.10,4101.20,4133.75,305001367,0
NIFTYMNC,20210322,15923.05,16070.95,15887.40,16048.70,182760438,0
NIFTYPSE,20210322,3228.15,3228.15,3182.10,3195.50,257529896,0
NIFTYSMEEMERGE,20210322,-,-,-,1788.06,1171805,0
NIFTYSERVSECTOR,20210322,20712.30,20738.80,20454.65,20662.05,268601082,0
NIFTYSHARIAH25,20210322,-,-,-,5400.88,100831295,0
NIFTY50SHARIAH,20210322,-,-,-,3527.20,80462643,0
NIFTY500SHARIAH,20210322,-,-,-,4266.45,311065411,0
NIFTYABGROUP,20210322,-,-,-,4749.66,156305687,0
NIFTYMAHINDRA,20210322,-,-,-,13592.17,21915788,0
NIFTYTATA,20210322,-,-,-,10272.15,180931246,0
NIFTYTATA25CAP,20210322,-,-,-,7473.41,165820722,0
NIFTYABGROUP,20210322,-,-,-,4749.66,156305687,0
NIFTYLIQ15,20210322,3695.05,3699.05,3645.45,3671.55,184958112,0
NIFTY500VALUE50,20210322,-,-,-,4770.99,642438493,0
NIFTYQUALLOWVOL30,20210322,-,-,-,10424.61,112920212,0
NIFTYALPHAQUALLOWVOL30,20210322,-,-,-,11994.87,116540446,0
NIFTYALPHAQUALVALLOWVOL30,20210322,-,-,-,9124.11,137335210,0
NIFTY50EQUALWEIGHT,20210322,16011.45,16073.55,15912.95,16037.10,458997059,0
NIFTY100EQUALWEIGHT,20210322,16901.75,16984.90,16830.55,16950.45,720614069,0
NIFTY100LOWVOL30,20210322,11187.25,11281.65,11142.30,11261.80,194779327,0
NSEDEFTY,20210322,-,-,-,7055.40,-,0
NIFTY50DIVPOINT,20210322,113.73,113.73,113.73,113.73,-,0
NIFTYDIVOPPS50,20210322,3065.10,3087.60,3048.55,3082.75,452217061,0
NIFTYALPHA50,20210322,22326.10,22503.45,22153.50,22476.45,211595700,0
NIFTY50ARBITRAGE,20210322,-,-,-,1941.99,-,0
NIFTY50FUTINDEX,20210322,-,-,-,4858.93,-,0
NIFTY50FUTTRINDEX,20210322,-,-,-,15361.88,-,0
NIFTYHIGHBETA50,20210322,-,-,-,1778.74,711065497,0
NIFTYLOWVOL50,20210322,-,-,-,13532.03,210326931,0
NIFTY50VALUE20,20210322,7406.70,7481.65,7360.20,7468.25,204242112,0
NIFTYGROWSECT15,20210322,7069.35,7083.90,6979.50,7038.00,104621747,0
NIFTY50TR2XLEV,20210322,8845.45,8878.25,8679.65,8845.60,-,0
NIFTY50PR2XLEV,20210322,6629.85,6654.45,6505.60,6630.00,-,0
NIFTY50TR1XINV,20210322,257.80,260.20,257.30,257.80,-,0
NIFTY50PR1XINV,20210322,297.65,300.40,297.10,297.65,-,0
NIFTY-GS-COMPSITE,20210322,2259.79,2264.67,2259.79,2264.24,-,0
NIFTY-GS-4-8YR,20210322,2370.08,2375.51,2370.08,2375.06,-,0
NIFTY-GS-8-13YR,20210322,2211.17,2214.87,2211.17,2215.01,-,0
NIFTY-GS-10YR,20210322,2009.36,2014.06,2009.36,2012.50,-,0
NIFTY-GS-10YR-CLN,20210322,943.78,946.03,943.78,945.28,-,0
NIFTY-GS-11-15YR,20210322,2367.16,2373.68,2367.16,2373.80,-,0
NIFTY-GS-15YRPLUS,20210322,2606.26,2613.29,2606.26,2614.64,-,0
VIX,20210322,19.99,21.23,18.97,20.49,0,0
