20MICRONS,20210430,39,40.5,38.05,38.2,286685
21STCENMGM,20210430,12.3,12.3,11.95,12,1874
3IINFOTECH,20210430,7.7,7.95,7.35,7.95,38779781
3MINDIA,20210430,25499,25768.6,25104.75,25537.95,8051
3PLAND,20210430,10.5,10.8,9.8,10.25,22524
5PAISA,20210430,364.5,366.55,352,354.75,33255
63MOONS,20210430,88,89.8,84.5,85.05,86739
A2ZINFRA,20210430,3.75,3.8,3.65,3.65,958717
AAKASH,20210430,145.3,146.2,143,144.45,31024
AARON,20210430,53.75,53.75,51.35,51.45,671
AARTIDRUGS,20210430,714,722,705.6,709.95,258410
AARTIIND,20210430,1530.5,1644.75,1530.5,1604.85,972527
AARTISURF,20210430,1457.3,1500,1441.1,1464.35,16562
AARVEEDEN,20210430,19.8,20.85,19.8,19.8,5379
AARVI,20210430,48.15,48.8,47.5,48.2,11430
AAVAS,20210430,2292.55,2299.4,2205,2274.65,121332
ABAN,20210430,29.6,31.3,29.4,31.3,238307
ABB,20210430,1375,1399.4,1360,1381.25,167258
ABBOTINDIA,20210430,15000,15294.95,14850,15151.75,11975
ABCAPITAL,20210430,114.8,116.45,113.35,114.55,2019593
ABFRL,20210430,176,178.5,174.3,175,1934646
ABMINTLTD,20210430,47.95,48,45,47.7,467
ABSLBANETF,20210430,331.3,333.95,325.32,326.89,4105
ABSLNN50ET,20210430,358.5,358.5,347.1,352.85,56
ACC,20210430,1869,1903.45,1855.05,1882.75,1081167
ACCELYA,20210430,949.95,968.75,913.05,923.75,27788
ACCURACY,20210430,59.95,60.45,58.2,59.15,4604
ACE,20210430,146.9,149.95,144.7,145.35,231591
ACRYSIL,20210430,327,331.95,320,322.5,35088
ADANIENT,20210430,1171,1200.95,1143,1158.7,4232500
ADANIGREEN,20210430,1040.9,1048.6,1011,1018.95,466631
ADANIPORTS,20210430,739,759.45,724.5,730.05,12600934
ADANIPOWER,20210430,95.1,98.3,94.45,94.75,17345279
ADANITRANS,20210430,1048,1060,1035.2,1049.9,439220
ADFFOODS,20210430,962.05,973.7,935,944.45,14250
ADHUNIKIND,20210430,23.25,25.2,23.25,24.1,138098
ADL,20210430,28,28.5,27.6,28.25,2939
ADORWELD,20210430,365,390,358.45,381.65,61344
ADROITINFO,20210430,9.3,9.3,8.6,9.3,7562
ADSL,20210430,46.5,48.2,46.45,47.8,91018
ADVANIHOTR,20210430,52,56.5,52,55.15,18916
ADVENZYMES,20210430,396.75,407.45,392.6,400.7,235370
AEGISCHEM,20210430,311,317.95,302.5,304.2,336403
AFFLE,20210430,5540,5555.15,5477,5522.95,32528
AGARIND,20210430,154.7,155.05,151.15,151.7,17801
AGCNET,20210430,1635,1635,1576.25,1588.65,4092
AGRITECH,20210430,37.95,38.9,37.95,38.9,28529
AGROPHOS,20210430,11.55,11.9,11.2,11.65,39752
AHLADA,20210430,102.4,102.4,97,97.2,3500
AHLEAST,20210430,146.6,147.3,143,146.5,2136
AHLUCONT,20210430,284.25,286.75,282.45,284.55,9326
AHLWEST,20210430,209.1,210.8,202,203.95,10625
AIAENG,20210430,1878.8,1890.9,1856.15,1862.75,10098
AIRAN,20210430,15.9,16.5,15.9,16.4,16710
AJANTPHARM,20210430,1899.85,1930,1825.3,1840.1,289772
AJMERA,20210430,111,114.95,109.15,110.95,26458
AKASH,20210430,195,195,185,186.35,14467
AKG,20210430,30.9,30.9,30.9,30.9,7855
AKSHARCHEM,20210430,246.15,268.7,244.1,260.95,96854
AKSHOPTFBR,20210430,5.9,6.2,5.8,5.95,211429
AKZOINDIA,20210430,2211,2273.3,2200,2243.15,36575
ALANKIT,20210430,14.15,14.3,13.3,14.1,136880
ALBERTDAVD,20210430,437,443.5,435,437.65,12351
ALEMBICLTD,20210430,105.6,111.2,105,110.05,1010503
ALICON,20210430,475,482,456.5,464.35,25363
ALKALI,20210430,56.95,57.5,54.6,55.65,24597
ALKEM,20210430,2761.7,2788,2712.3,2759.05,133400
ALKYLAMINE,20210430,8145,8644,7911.2,8471.7,189097
ALLCARGO,20210430,123.7,126.85,123.45,124.9,360032
ALLSEC,20210430,340,348,336,339.1,34412
ALMONDZ,20210430,27.05,29.6,27.05,27.6,840
ALOKINDS,20210430,19.3,19.6,19,19.3,14112653
ALPA,20210430,54.9,54.9,54.9,54.9,26488
ALPHAGEO,20210430,210.85,232,207.95,219,368382
ALPSINDUS,20210430,1.6,1.6,1.5,1.55,15937
AMARAJABAT,20210430,801.8,814.9,795.6,810.75,917883
AMBER,20210430,3141,3189.1,3083,3099.3,66240
AMBICAAGAR,20210430,17.4,17.45,17.4,17.45,7391
AMBIKCO,20210430,910,915.1,895,900.8,7551
AMBUJACEM,20210430,314,319.85,306.75,309.05,19822885
AMDIND,20210430,18.2,18.45,17.7,18.05,11553
AMJLAND,20210430,23.8,25.9,23.05,24.55,30200
AMRUTANJAN,20210430,629,639,625.3,636.4,33972
ANANTRAJ,20210430,49.8,52.95,48.75,52.8,783724
ANDHRACEMT,20210430,5.4,5.4,5.25,5.35,221364
ANDHRAPAP,20210430,214,215.6,210,211.85,26819
ANDHRSUGAR,20210430,373,404,369.4,386.1,920865
ANGELBRKG,20210430,358.9,376,354.25,370.3,231071
ANIKINDS,20210430,14.15,14.6,13.8,14.5,16444
ANKITMETAL,20210430,1,1,0.95,1,28902
ANSALAPI,20210430,5.85,6.15,5.85,5.9,73428
ANSALHSG,20210430,5.3,5.3,4.65,5,66218
ANUP,20210430,575.05,599,573.35,577.45,22223
ANURAS,20210430,624,639.95,618.35,624.25,396130
APARINDS,20210430,495.95,509.9,486.1,494.75,69736
APCL,20210430,208.45,214,208.45,211.35,21774
APCOTEXIND,20210430,225,235.8,223.15,232.8,367104
APEX,20210430,209.8,216.95,209.6,214.35,42706
APLAPOLLO,20210430,1315,1324.85,1296,1302.25,580426
APLLTD,20210430,982.15,994.9,975,985.7,249981
APOLLO,20210430,106.55,108.9,102.2,102.8,887342
APOLLOHOSP,20210430,3256,3310,3182.8,3197.5,906562
APOLLOPIPE,20210430,1140,1185,1130.35,1166.05,45454
APOLLOTYRE,20210430,207.45,223.6,203,216.35,19747072
APOLSINHOT,20210430,570.15,570.15,550,562.5,616
APTECHT,20210430,210,212,203.2,204,451713
ARCHIDPLY,20210430,30.75,33.4,30.75,33.4,39020
ARCHIES,20210430,11.25,11.25,10.8,11,53554
ARENTERP,20210430,11.55,12.1,11.55,11.6,2854
ARIES,20210430,90,91.5,89,89.85,54787
ARIHANT,20210430,17.9,18.5,17.85,17.85,2428
ARIHANTSUP,20210430,60.45,62.8,57.5,61.9,29522
ARMANFIN,20210430,577.7,582.75,543.3,552.4,8557
AROGRANITE,20210430,45.95,45.95,44,44.4,11038
ARROWGREEN,20210430,72.15,76,72,73.5,8785
ARSHIYA,20210430,32.25,32.25,31.35,31.55,11345
ARSSINFRA,20210430,24.45,25.8,24.4,25.3,19655
ARTEMISMED,20210430,194.85,194.9,190,190.9,16573
ARVEE,20210430,139.4,139.4,139,139.4,3005
ARVIND,20210430,67.7,67.7,65.6,65.8,510481
ARVINDFASN,20210430,129.1,131.05,127.65,130.35,68974
ARVSMART,20210430,96.15,99.8,95.35,95.65,100272
ASAHIINDIA,20210430,298.1,298.5,292,293.8,45499
ASAHISONG,20210430,355,355,335.5,339.95,15545
ASAL,20210430,32.8,32.8,31.45,31.85,9682
ASALCBR,20210430,424.4,424.4,410,412,39557
ASHAPURMIN,20210430,157,171.9,152.35,154.4,1062501
ASHIANA,20210430,123.95,124.45,120.05,122.5,61796
ASHIMASYN,20210430,15.6,16.05,15.1,15.75,139576
ASHOKA,20210430,82.85,85.9,82,82.55,2021987
ASHOKLEY,20210430,113.75,115.75,112.1,112.7,17970808
ASIANHOTNR,20210430,64.2,67.5,62.8,66,3908
ASIANPAINT,20210430,2595,2605.8,2524.05,2536.4,1384907
ASIANTILES,20210430,156.35,158.3,155.1,155.75,117289
ASPINWALL,20210430,184.6,184.95,171.8,172.3,2160
ASTEC,20210430,1165,1189.3,1150,1156.65,43017
ASTERDM,20210430,145,146.15,142.35,143.05,559592
ASTRAL,20210430,1640,1640,1566.75,1579.15,249067
ASTRAMICRO,20210430,114.8,118.7,114.25,115.55,164334
ASTRAZEN,20210430,3836,3997.95,3803,3907.95,81480
ASTRON,20210430,40.7,40.7,39.2,40.2,21996
ATFL,20210430,841.3,858.5,812.75,841.9,66485
ATGL,20210430,1139.95,1159.6,1129,1150.75,1275816
ATLANTA,20210430,7.3,8,7.1,7.55,33348
ATUL,20210430,8399.8,8498.45,8010,8088.7,97603
ATULAUTO,20210430,172,194.8,169.8,183,1535424
AUBANK,20210430,1072,1084,995.05,1004.3,6957375
AURIONPRO,20210430,166.85,177.95,165.35,171.05,106290
AUROPHARMA,20210430,964,989,964,980.85,2009351
AUSOMENT,20210430,63.9,63.9,61.3,62.55,16482
AUTOAXLES,20210430,975,998,970,987.55,16920
AUTOIND,20210430,35.25,35.95,34.6,35.3,4718
AVADHSUGAR,20210430,259.8,298.7,256.45,282.35,1234621
AVANTIFEED,20210430,494.9,500.6,482,486.8,186097
AVTNPL,20210430,47.7,49.1,47.05,47.5,198209
AWHCL,20210430,296,302.3,294,296.65,80168
AXISBANK,20210430,705,729.85,705,714.9,23011654
AXISBNKETF,20210430,332.44,335.23,328,328.95,2475
AXISCADES,20210430,60.7,64,59.2,60.3,200895
AXISGOLD,20210430,40.2,40.74,40.11,40.61,76227
AXISNIFTY,20210430,153.5,154.29,151.75,152.09,5892
AXISTECETF,20210430,262.4,262.4,256.02,258.87,279
AYMSYNTEX,20210430,45.85,47.9,45.6,46.85,50137
BAFNAPH,20210430,128.55,132,127,130.8,6333
BAGFILMS,20210430,2.7,2.7,2.6,2.65,340725
BAJAJ-AUTO,20210430,3805,3966.35,3800,3833.75,1340273
BAJAJCON,20210430,280.7,285.6,278,280.45,622479
BAJAJELEC,20210430,1150,1173.15,1118.8,1151,108309
BAJAJFINSV,20210430,11000,11225,10868.7,11041.65,835355
BAJAJHIND,20210430,6.9,7.65,6.8,7.25,31057730
BAJAJHLDNG,20210430,3600,3649,3410,3421.2,80888
BAJFINANCE,20210430,5350,5524.65,5327.7,5451.9,4124888
BALAJITELE,20210430,57,58.95,56.05,56.95,201798
BALAMINES,20210430,2525,2664.8,2462.85,2590.05,558300
BALAXI,20210430,564.5,589.25,564.5,584.75,2205
BALKRISHNA,20210430,20.7,20.7,18.8,19.4,12506
BALKRISIND,20210430,1760,1807.4,1737.75,1769.95,417325
BALMLAWRIE,20210430,124.65,132,124.1,128.05,1314071
BALPHARMA,20210430,116,119.8,105.3,106.4,484978
BALRAMCHIN,20210430,270,285.95,268.55,279.25,4669769
BANARBEADS,20210430,49.85,50.25,48.6,49.3,3519
BANARISUG,20210430,1667.4,1885.8,1647.35,1751.7,8927
BANCOINDIA,20210430,155,167.5,154,155.4,1393540
BANDHANBNK,20210430,327,339.95,324.7,329.75,8961859
BANG,20210430,28.2,28.25,26.85,27.5,3197
BANKA,20210430,62.3,63.85,62,63.35,3561
BANKBARODA,20210430,65.4,68.4,65.05,66.75,51182287
BANKBEES,20210430,336.8,351.3,324.3,328.47,2423544
BANKINDIA,20210430,67,67.8,65,66.35,4098425
BANSWRAS,20210430,98.5,115,98.5,103.9,60998
BARBEQUE,20210430,626.05,638.8,620,622.9,99837
BASF,20210430,2058,2270,2058,2228.75,245981
BASML,20210430,63,63.35,60.65,61.05,35463
BATAINDIA,20210430,1335,1382.45,1335,1369.55,822288
BAYERCROP,20210430,5230,5397,5176.05,5346.85,20727
BBL,20210430,1167,1209,1152.8,1163.45,37562
BBTC,20210430,1170,1187.95,1150,1161,44533
BCG,20210430,7.75,7.85,7.6,7.65,2427742
BCLIND,20210430,120.5,125.9,118.65,121.35,173273
BCP,20210430,3.3,3.3,3.15,3.15,520017
BDL,20210430,336.45,339.5,335.65,336.85,64074
BEARDSELL,20210430,10.5,10.7,9.55,10.1,12229
BECTORFOOD,20210430,356.95,362,354.05,355.55,141503
BEDMUTHA,20210430,25.15,27,24.5,25.65,19276
BEL,20210430,128.15,136.45,127.8,131.75,17729247
BEML,20210430,1151,1208,1148,1167.15,429313
BEPL,20210430,161.75,165.8,158.2,158.85,902648
BERGEPAINT,20210430,710,716.8,700.45,704,583146
BESTAGRO,20210430,426,426,405,410.6,39606
BFINVEST,20210430,306.8,319.2,296.1,298.9,121698
BFUTILITIE,20210430,282.9,296.5,275.4,283.75,977731
BGRENERGY,20210430,45.75,48,44.8,45.9,462425
BHAGERIA,20210430,162.1,166.7,160.75,162.6,25913
BHAGYANGR,20210430,49.9,49.9,47.3,49.05,69945
BHAGYAPROP,20210430,27.25,27.25,26.1,26.2,20766
BHANDARI,20210430,2.45,2.45,2.4,2.4,88435
BHARATFORG,20210430,602.75,621,595.25,610.4,3022088
BHARATGEAR,20210430,78.15,80.15,77.8,79.05,13439
BHARATRAS,20210430,11400,12499,11400,12230.3,15271
BHARATWIRE,20210430,44.8,47.25,44,46.7,40089
BHARTIARTL,20210430,533.5,547,533.5,536.75,8178192
BHEL,20210430,46.8,49.4,46.2,48.3,62814554
BIGBLOC,20210430,86.7,86.7,81.25,83.05,3337
BIL,20210430,192,199,182.55,197.8,5711
BINDALAGRO,20210430,17.25,17.25,16.5,16.8,56670
BIOCON,20210430,391.8,391.8,378.2,379.65,9710688
BIOFILCHEM,20210430,74.1,77,74.1,74.1,98675
BIRLACABLE,20210430,59.4,59.4,58.2,58.5,26666
BIRLACORPN,20210430,919,929.8,915.5,918.15,48042
BIRLAMONEY,20210430,40.2,40.55,39.95,40,68151
BIRLATYRE,20210430,24.25,25.6,23.8,24.4,546659
BKMINDST,20210430,0.9,0.95,0.9,0.95,2737
BLBLIMITED,20210430,6.2,6.2,6,6,3754
BLISSGVS,20210430,101.2,105,100.2,101.3,610126
BLKASHYAP,20210430,16,16.5,15.5,15.75,146690
BLS,20210430,90,92.5,90,90.5,99947
BLUEDART,20210430,5279,5424.95,5221.9,5244.3,18355
BLUESTARCO,20210430,866.5,866.5,840,845.5,34053
BODALCHEM,20210430,96.9,101.7,96.05,96.4,969649
BOMDYEING,20210430,66.6,68.15,66,66.2,1563514
BOROLTD,20210430,193.1,204,192.35,195.95,275006
BORORENEW,20210430,235.8,237.45,230.15,231.4,254520
BOSCHLTD,20210430,13475,13630,13460.05,13509,15105
BPCL,20210430,417.5,437.5,414.65,421.8,16851470
BPL,20210430,34.55,37.8,34.2,34.2,1396601
BRFL,20210430,6.9,7.3,6.7,7.1,97760
BRIGADE,20210430,254.7,257.2,250,250.4,67480
BRITANNIA,20210430,3460,3468.35,3437,3449,436187
BRNL,20210430,28.6,28.6,27.2,27.8,20545
BROOKS,20210430,78.65,85.05,78.65,85.05,62358
BSE,20210430,602,613.5,594.95,600.65,209734
BSELINFRA,20210430,0.95,0.95,0.9,0.9,14953
BSHSL,20210430,137.95,137.95,132.45,134.55,6350
BSL,20210430,37.95,37.95,36.05,36.6,13762
BSLGOLDETF,20210430,4291.6,4298.4,4251.1,4275,173
BSLNIFTY,20210430,164,164,161.39,161.39,702
BSOFT,20210430,245,249.7,244,245.7,386070
BURGERKING,20210430,129.9,132.1,129.6,129.85,1350616
BURNPUR,20210430,2.5,2.5,2.4,2.5,85552
BUTTERFLY,20210430,669,683,652,656.9,59870
BVCL,20210430,17,18.15,17,18,9042
BYKE,20210430,18.4,18.7,18.1,18.3,24202
CADILAHC,20210430,559.8,578.85,558.1,571.15,9769446
CALSOFT,20210430,8.35,8.85,8.35,8.6,16318
CAMLINFINE,20210430,154.1,159,153,153.95,434398
CAMS,20210430,2362,2362,2113.95,2323.25,98934
CANBK,20210430,137.4,143.9,136.5,138.75,18859850
CANFINHOME,20210430,571.1,589.2,570.6,581.45,291905
CANTABIL,20210430,370.55,371.95,369.6,370.55,121191
CAPACITE,20210430,189.35,194.95,188.1,189.65,67654
CAPLIPOINT,20210430,495,504,491.1,493.1,135962
CAPTRUST,20210430,88.75,88.75,83.7,84.5,5277
CARBORUNIV,20210430,523,570,509.45,547.85,1489070
CAREERP,20210430,119.45,120.5,118.7,119.25,41342
CARERATING,20210430,497.7,509,490,500.8,235071
CASTEXTECH,20210430,0.65,0.7,0.6,0.65,214197
CASTROLIND,20210430,126,126.3,125,125.75,1107112
CCHHL,20210430,4.7,4.95,4.1,4.55,162836
CCL,20210430,259.8,272.3,258.55,266.8,472687
CDSL,20210430,803,827,802,806.8,725914
CEATLTD,20210430,1360,1417.7,1346.4,1386,586822
CEBBCO,20210430,16.8,16.85,16.25,16.4,21181
CELEBRITY,20210430,5.4,5.45,5.2,5.4,10410
CENTENKA,20210430,254.95,258.95,248.1,252.2,38561
CENTEXT,20210430,5.3,5.3,5,5.1,81132
CENTRALBK,20210430,16.15,16.45,16.15,16.3,3436792
CENTRUM,20210430,28,32,27.05,30.45,14256075
CENTUM,20210430,380.6,415.4,380.6,394.35,2874
CENTURYPLY,20210430,336,362,331,350,815877
CENTURYTEX,20210430,485,498,473.8,481.6,441044
CERA,20210430,3829.95,3905.55,3811.1,3844.35,4916
CEREBRAINT,20210430,49,50.85,48.5,50.55,363246
CESC,20210430,615,622.3,604.15,607.95,346497
CGCL,20210430,426,455,425,449.2,187951
CGPOWER,20210430,71,71,68.85,69.6,2018106
CHALET,20210430,141.05,145.8,139.8,143.2,75405
CHAMBLFERT,20210430,218.9,221.7,214.6,217.35,807759
CHEMBOND,20210430,204,213.55,203.85,208.7,40189
CHEMCON,20210430,425,435.5,425,426.45,121094
CHEMFAB,20210430,155.7,163.4,151,153.45,44038
CHENNPETRO,20210430,112.45,114.45,109.7,110.55,1542163
CHOLAFIN,20210430,589.75,600.95,564.95,571.75,5481211
CHOLAHLDNG,20210430,568,574,564.55,568.25,82999
CIGNITITEC,20210430,407,409,391.3,398.9,209202
CINELINE,20210430,31.85,32.25,31.55,31.65,12092
CINEVISTA,20210430,11.95,11.95,11.95,11.95,7010
CIPLA,20210430,900.75,921,900.75,910.35,6459737
CLEDUCATE,20210430,85.45,89.25,84.1,89.1,32455
CLNINDIA,20210430,437.5,445.4,431.25,435.35,77368
CMICABLES,20210430,44.4,44.85,42.65,43.05,26343
COALINDIA,20210430,127.4,134.6,127,133.05,27396950
COCHINSHIP,20210430,356.5,371.2,355,365.55,319495
COFFEEDAY,20210430,37.65,41.55,37.65,37.85,5392349
COFORGE,20210430,2843.8,2919.75,2820.6,2869.05,473597
COLPAL,20210430,1481,1493,1468,1481.9,725194
COMPINFO,20210430,17.5,18,17.3,17.4,177906
COMPUSOFT,20210430,9.05,9.05,8.65,8.75,32979
CONCOR,20210430,557.85,605,551.3,589.9,6493359
CONFIPET,20210430,55.8,63.5,55,62.3,13430801
CONSOFINVT,20210430,56,59.15,55.65,57.1,24467
CONTROLPR,20210430,296.7,315,281.2,303.75,70152
CORALFINAC,20210430,24.9,25.85,24.2,24.5,29034
CORDSCABLE,20210430,40.85,41.45,40,40.35,13521
COROMANDEL,20210430,719.15,745,711,741.9,753450
COSMOFILMS,20210430,655.05,677.95,650.2,660.95,42641
COUNCODOS,20210430,2,2.15,2,2.05,83203
CPSEETF,20210430,22.65,23.48,22.51,23.12,3627705
CRAFTSMAN,20210430,1350,1367.15,1336.55,1345.6,28684
CREATIVE,20210430,101.6,101.9,99.05,100.2,18228
CREATIVEYE,20210430,2.8,2.8,2.8,2.8,349
CREDITACC,20210430,600.3,607.55,592.6,595.4,35415
CREST,20210430,80,80,76.1,79.25,5245
CRISIL,20210430,1824,1875.5,1824,1859.05,28472
CROMPTON,20210430,378.5,386,373.3,384.9,1548079
CSBBANK,20210430,259.95,268,255,258.25,394895
CTE,20210430,31.4,32.9,30.15,32.85,31664
CUB,20210430,167.4,169.35,165.5,166.75,1447507
CUBEXTUB,20210430,28.95,29.35,28,28.6,30785
CUMMINSIND,20210430,861.1,861.35,833.45,837.6,637991
CUPID,20210430,219,224,216.5,218.25,32261
CYBERMEDIA,20210430,11.95,11.95,11.15,11.15,4010
CYBERTECH,20210430,126.85,130.35,126.1,127.45,100911
CYIENT,20210430,739,751.5,730,737.05,235198
DAAWAT,20210430,73.2,74.5,72.2,72.55,1306549
DABUR,20210430,539.8,545.25,535.7,538.05,1960727
DALALSTCOM,20210430,0.95,1,0.9,0.95,18993
DALBHARAT,20210430,1544.95,1564,1480.8,1506.35,228082
DALMIASUG,20210430,238.95,260,235.25,253,478714
DAMODARIND,20210430,23.2,23.3,22.6,23.2,2727
DANGEE,20210430,164.15,175,162.3,172,8452
DATAMATICS,20210430,114.4,120.8,113.5,118.1,410568
DBCORP,20210430,81.05,82.8,81.05,81.25,182561
DBL,20210430,544,554,538.45,546.35,408000
DBREALTY,20210430,20.2,20.2,20.2,20.2,82137
DBSTOCKBRO,20210430,8.45,8.5,8.2,8.2,6113
DCAL,20210430,157.5,162.75,155.5,157.65,614461
DCBBANK,20210430,89,93.4,89,90.65,2555797
DCM,20210430,25.85,25.85,23.25,25.35,20213
DCMFINSERV,20210430,1.9,1.9,1.8,1.9,13940
DCMNVL,20210430,82.75,84.5,80.15,81.5,16166
DCMSHRIRAM,20210430,700,760,691.1,702.4,1222801
DCW,20210430,37.85,40.45,37.5,38.75,7654101
DECCANCE,20210430,419.45,426,415.5,417.6,30611
DEEPAKFERT,20210430,261.7,272.8,258.55,260.85,814974
DEEPAKNTR,20210430,1787,1900,1767.9,1865.6,2623486
DEEPENR,20210430,38.1,38.1,36.6,37,42791
DEEPINDS,20210430,41.15,41.15,41.15,41.15,5125
DELTACORP,20210430,152.9,152.9,149.3,150.2,1829365
DELTAMAGNT,20210430,30.85,30.95,28.55,28.8,10031
DEN,20210430,45.15,45.5,44.2,44.3,1309947
DENORA,20210430,251.55,251.8,247,247.3,4191
DFMFOODS,20210430,340,344,337.75,339.1,37072
DGCONTENT,20210430,7.85,7.85,7.5,7.7,10164
DHAMPURSUG,20210430,215.3,237.2,214.3,226.65,3803346
DHANBANK,20210430,14.1,14.1,13.8,13.9,630465
DHANI,20210430,174.75,183.5,173.05,176.55,2216564
DHANUKA,20210430,761,786.5,750.05,768.85,91100
DHARSUGAR,20210430,6.5,6.9,6.45,6.85,130180
DHFL,20210430,15.7,15.9,15.2,15.4,1265302
DHUNINV,20210430,296.35,298,290,290.25,1023
DIAMONDYD,20210430,544.05,550,539.9,544.9,5021
DICIND,20210430,395,395,385.05,391.2,1469
DIGISPICE,20210430,33.8,34.2,31.05,31.15,121766
DISHTV,20210430,9.3,9.4,9.2,9.25,2524431
DIVISLAB,20210430,3910,4135,3909.6,4062.35,2499026
DIXON,20210430,4175,4248,4150,4201.8,228750
DLF,20210430,245.2,254.5,243.15,247.3,6442696
DLINKINDIA,20210430,99.4,101.45,98.6,99.75,69317
DMART,20210430,2889.8,2931.9,2818.9,2852.9,322948
DNAMEDIA,20210430,1,1,0.95,1,82355
DOLAT,20210430,64.4,65.8,63.5,63.6,108924
DOLLAR,20210430,235.1,242.95,235,239.35,49560
DONEAR,20210430,28.35,29.3,28.05,28.5,28074
DPABHUSHAN,20210430,115.8,116.95,112.05,113.75,1429
DPSCLTD,20210430,12.45,12.55,12.15,12.2,9374
DPWIRES,20210430,126,141.5,125.9,129.15,226560
DRCSYSTEMS,20210430,262.6,262.6,262.6,262.6,534
DREDGECORP,20210430,350,384,350,363.6,599997
DRREDDY,20210430,5140,5211,5125.15,5163.1,1306950
DSSL,20210430,79.95,83.8,78.15,79.4,57455
DTIL,20210430,272,278.95,260.05,270.8,19535
DUCON,20210430,7.1,7.5,7,7.25,175458
DVL,20210430,101.8,101.8,97.5,98.35,32230
DWARKESH,20210430,39.3,43.4,38.9,42,11885267
DYNAMATECH,20210430,1045,1089.9,1019.25,1029.6,5649
DYNPRO,20210430,505.5,518.6,495.1,499.1,29580
EASEMYTRIP,20210430,185,192.75,184,187.4,785980
EASTSILK,20210430,2.7,2.75,2.6,2.7,45555
EBBETF0423,20210430,1123.32,1124.99,1123.31,1124.16,1025
EBBETF0425,20210430,1035,1036.5,1033,1033.07,3189
EBBETF0430,20210430,1145.15,1147.95,1142.31,1146.96,28001
EBBETF0431,20210430,1026.55,1030.99,1026.51,1030.05,17539
EBIXFOREX,20210430,449,470,442.5,449.15,2739
ECLERX,20210430,1212.55,1266.05,1209,1245.85,79271
EDELWEISS,20210430,59,60.7,58.05,58.45,2188497
EICHERMOT,20210430,2442,2470.25,2414,2421.65,646257
EIDPARRY,20210430,323,355.95,322,346.55,3227618
EIHAHOTELS,20210430,239.85,239.85,228,230.15,9532
EIHOTEL,20210430,87,87.9,86.15,86.7,326768
EIMCOELECO,20210430,337.95,348.25,333.35,342.95,2920
EKC,20210430,132.65,132.65,132.65,132.65,89185
ELECON,20210430,91,96.95,88.65,91.85,690710
ELECTCAST,20210430,33.5,35,33.5,34.25,1539477
ELECTHERM,20210430,109.55,114.2,108.25,109.7,11712
ELGIEQUIP,20210430,217,218.75,211.2,213.3,97157
ELGIRUBCO,20210430,27.75,30.75,27,28.55,157473
EMAMILTD,20210430,496,496,489.65,491.65,122962
EMAMIPAP,20210430,120.3,122.9,117.2,118,26437
EMAMIREAL,20210430,46.5,46.5,44,44.5,19914
EMKAY,20210430,64.05,66,63.75,64.25,18687
EMMBI,20210430,80.95,82.45,78.65,79.75,14428
ENDURANCE,20210430,1285.7,1320,1275.25,1292.45,150180
ENERGYDEV,20210430,8.85,8.95,8.45,8.5,66609
ENGINERSIN,20210430,72.4,74.45,72.2,72.75,1340968
ENIL,20210430,149.95,149.95,145.75,146.1,17602
EPL,20210430,226.85,229.9,223.8,224.65,107216
EQ30,20210430,424.5,424.52,415,424.2,235
EQUITAS,20210430,78.5,82.5,78.5,81,1163228
EQUITASBNK,20210430,55.75,56.9,55,55.5,1702914
ERIS,20210430,603.45,606,595.2,601.95,37569
EROSMEDIA,20210430,20.3,21.2,20.15,20.25,402647
ESABINDIA,20210430,1820,1833.75,1768,1781.65,7286
ESCORTS,20210430,1120.7,1157,1111,1118.6,2646200
ESSARSHPNG,20210430,7.9,8.05,7.7,8,54256
ESTER,20210430,144,152,141,146.4,1111164
EUROTEXIND,20210430,7.3,7.3,7.3,7.3,100
EVEREADY,20210430,297.6,300.8,293.5,294.55,151484
EVERESTIND,20210430,321,344,311.95,318,285438
EXCEL,20210430,1.95,1.95,1.95,1.95,9992
EXCELINDUS,20210430,885,901,865,885.65,41598
EXIDEIND,20210430,180.7,182.75,176.85,177.95,10121057
EXPLEOSOL,20210430,532.95,549.7,531.8,539.5,22831
FACT,20210430,112,115.45,107.85,109.25,485123
FAIRCHEMOR,20210430,727,739.2,710.4,731.5,19824
FCL,20210430,71.5,74,71.5,71.85,583944
FCONSUMER,20210430,7.1,7.2,6.9,6.95,4226465
FCSSOFT,20210430,0.7,0.75,0.65,0.7,5507589
FDC,20210430,304.8,311.7,303.05,304.1,167900
FEDERALBNK,20210430,77.05,82.9,76.25,80.1,64129131
FEL,20210430,9.65,10,9.4,9.65,803515
FELDVR,20210430,13.4,13.5,13,13.1,45904
FIEMIND,20210430,611.8,614,592.25,596.2,18606
FILATEX,20210430,85,94,81.1,93.1,10464058
FINCABLES,20210430,365,367.95,360.7,361.75,70194
FINEORG,20210430,2861.35,2948,2852.35,2862.7,118008
FINPIPE,20210430,153.75,153.75,150.3,151.25,708590
FLEXITUFF,20210430,22.1,22.15,21.6,22.15,4080
FLFL,20210430,59.6,61.3,58.45,58.85,182967
FLUOROCHEM,20210430,790.4,819,771.6,798.55,131749
FMGOETZE,20210430,289.95,302.75,288,291.9,1029144
FMNL,20210430,16,16.25,15.5,15.95,34173
FORCEMOT,20210430,1118,1141.45,1110.05,1113.75,22485
FORTIS,20210430,210.45,215.5,210,210.7,2444471
FOSECOIND,20210430,1350,1353.15,1305,1328.9,2001
FRETAIL,20210430,51.4,52.45,49.25,51.1,3981346
FSC,20210430,80.8,80.8,78.3,79.3,38753
FSL,20210430,112.25,114.45,112,112.8,1786114
G5,20210430,48.09,48.19,48.09,48.18,134
GABRIEL,20210430,107,107.9,106,106.2,102391
GAEL,20210430,142.4,153.5,142.4,150.25,1902929
GAIL,20210430,133.45,141.45,132.3,137.2,21349478
GAL,20210430,2.25,2.3,2.1,2.15,96456
GALAXYSURF,20210430,2918,2960,2875,2922.15,34570
GALLANTT,20210430,54.05,56.7,53.1,53.7,149172
GALLISPAT,20210430,41.45,45,40.65,42.1,93794
GAMMNINFRA,20210430,0.7,0.75,0.7,0.7,1691342
GANDHITUBE,20210430,303,310,300,303.8,23006
GANECOS,20210430,580.75,599.75,575.05,593,19708
GANESHHOUC,20210430,70.1,71.6,67,70.2,32417
GANGESSECU,20210430,61.3,63.5,61.3,63.25,3457
GARFIBRES,20210430,2612,2670.1,2577.2,2621,19246
GATI,20210430,97.1,98.9,95.25,95.6,449648
GAYAHWS,20210430,0.6,0.6,0.55,0.6,314786
GAYAPROJ,20210430,28,29.15,27.55,28.2,434465
GBGLOBAL,20210430,6.85,7.15,6.85,6.9,2460
GDL,20210430,207.8,211.2,202,203.3,288351
GEECEE,20210430,103,103.4,101.15,101.85,5719
GEEKAYWIRE,20210430,76.8,77.05,74,75,766
GENCON,20210430,44.05,45.75,41.1,44.05,796
GENESYS,20210430,107,108.8,106.15,108.55,32558
GENUSPAPER,20210430,7.45,7.45,7.25,7.3,158030
GENUSPOWER,20210430,47,47.75,46,46.15,136794
GEOJITFSL,20210430,53.3,53.3,51.5,51.8,302521
GEPIL,20210430,261.05,265.45,258.8,259.9,50783
GESHIP,20210430,303,324,302.9,314.9,1771902
GET&D,20210430,114.65,117,113.15,114.95,60803
GFLLIMITED,20210430,71.25,71.35,69.8,70.1,35611
GHCL,20210430,233.75,236.9,232.05,236,204437
GICHSGFIN,20210430,113.05,115.6,112.55,113.25,129812
GICRE,20210430,204.2,208,202.05,204.75,584384
GILLANDERS,20210430,39.1,40.95,38.2,38.55,3393
GILLETTE,20210430,5495,5510,5439.1,5492.8,3936
GINNIFILA,20210430,20.65,22.3,20.5,21.8,264286
GIPCL,20210430,75.35,76.4,75,75.4,165952
GKWLIMITED,20210430,528.05,529.05,516,526.55,400
GLAND,20210430,2651,2818.3,2629,2781.55,512911
GLAXO,20210430,1455,1464.9,1440.5,1458.9,23086
GLENMARK,20210430,566.9,583.95,565.5,576.8,3699395
GLFL,20210430,2.05,2.05,2.05,2.05,690
GLOBAL,20210430,46.95,46.95,44.85,46.15,19645
GLOBE,20210430,48.95,48.95,48.95,48.95,5
GLOBUSSPR,20210430,327.85,335,317.05,320.65,160092
GMBREW,20210430,406.5,406.5,391.6,394.25,56686
GMDCLTD,20210430,57.05,59.8,56.8,58.8,2117782
GMMPFAUDLR,20210430,4198.85,4217,4146,4154.8,23970
GMRINFRA,20210430,22.85,23.05,22.5,22.95,16632975
GNA,20210430,388.9,390,381,382.15,38711
GNFC,20210430,355.3,373.65,350.25,361.85,2041968
GOACARBON,20210430,319,322,312.9,314.6,24953
GOCLCORP,20210430,200.3,203,199.55,200.85,10746
GODFRYPHLP,20210430,864.8,869.7,859.55,861.9,18279
GODHA,20210430,44.5,44.5,40.4,43.1,191
GODREJAGRO,20210430,498,507.7,496.1,499.35,75642
GODREJCP,20210430,700.25,710.8,687.5,691.75,1065138
GODREJIND,20210430,504.7,515.9,504.7,509.95,50927
GODREJPROP,20210430,1366,1394,1357.9,1368.35,407058
GOKEX,20210430,87.75,97.6,86.9,90.95,1898821
GOKUL,20210430,18.45,18.9,18.2,18.3,49668
GOKULAGRO,20210430,22.65,23,21.25,22.15,90959
GOLDBEES,20210430,40.95,40.95,40.31,40.59,1979198
GOLDENTOBC,20210430,43.1,43.1,40.2,41.95,7084
GOLDIAM,20210430,357,367,355.3,359.5,73692
GOLDSHARE,20210430,41.65,41.75,41.5,41.65,55174
GOLDTECH,20210430,9.8,9.9,9.6,9.6,6184
GOODLUCK,20210430,95,96.7,90,92.45,387288
GOODYEAR,20210430,900,934.95,891,906.35,13510
GPIL,20210430,873,945,873,934.25,183750
GPPL,20210430,93.9,94.6,91.35,92.2,379686
GPTINFRA,20210430,41,41,38.9,39.3,36504
GRANULES,20210430,331.85,339.9,330,333.7,3850263
GRAPHITE,20210430,724.95,749.65,721.05,732.4,3078635
GRASIM,20210430,1342,1407.4,1333,1401.75,3261678
GRAVITA,20210430,96.5,99.3,94.5,95.4,114642
GREAVESCOT,20210430,135,149,134.25,145.35,6706307
GREENLAM,20210430,1114,1145.65,1065,1078.05,3597
GREENPANEL,20210430,220.05,234.4,218,232.4,976688
GREENPLY,20210430,205.7,207.8,199.9,201,322423
GREENPOWER,20210430,2,2,1.95,2,452834
GRINDWELL,20210430,904,928.15,904,915.9,15125
GROBTEA,20210430,763.95,792.3,763.95,791.95,2286
GRPLTD,20210430,844.05,850,803,815.85,1258
GRSE,20210430,177.5,178,175.05,175.5,124242
GSCLCEMENT,20210430,34.3,35.7,34.2,35,171241
GSFC,20210430,93.7,96.8,92.8,94.45,1607120
GSPL,20210430,268,274.45,265.25,269.65,882440
GSS,20210430,66,69.3,65.85,67.75,297408
GTL,20210430,5.6,5.6,5.4,5.45,137246
GTLINFRA,20210430,0.7,0.7,0.65,0.65,23142978
GTNTEX,20210430,5.25,5.3,5.25,5.3,279
GTPL,20210430,130,130.15,127.75,129,54596
GUFICBIO,20210430,135,139.95,133.55,136.85,453495
GUJALKALI,20210430,411,421.75,410,412.15,234372
GUJAPOLLO,20210430,210.75,214.95,205.1,209.45,2947
GUJGASLTD,20210430,519.45,539.5,519.45,530.95,785408
GUJRAFFIA,20210430,42.2,43.45,40.3,42.45,4570
GULFOILLUB,20210430,715,718.5,704.2,707.2,10289
GULFPETRO,20210430,41.55,44,40.7,43,141750
GULPOLY,20210430,150,155.3,148.55,150.6,139498
HAL,20210430,945,959.9,941.15,957.25,102689
HAPPSTMNDS,20210430,705,744,704,724.45,7621798
HARRMALAYA,20210430,150.6,162.3,150.6,156.45,513663
HATHWAY,20210430,23.15,24.1,22.85,23.45,7383743
HATSUN,20210430,793.1,807.8,789.9,796.45,28944
HAVELLS,20210430,1000.2,1035.55,982.35,990.25,1428474
HAVISHA,20210430,0.8,0.8,0.75,0.8,46880
HBANKETF,20210430,330.84,334.02,327.01,328.32,3392
HBLPOWER,20210430,34.5,36.35,34.2,34.85,423831
HBSL,20210430,16.35,16.7,16.2,16.3,3736
HCC,20210430,7.65,7.9,7.6,7.65,1559827
HCG,20210430,173,181.6,172.5,177.6,55550
HCL-INSYS,20210430,8.8,8.95,8.7,8.75,310743
HCLTECH,20210430,905,915,895.4,898.95,10921664
HDFC,20210430,2503.1,2525,2411.1,2420.1,6024595
HDFCAMC,20210430,2779,2825,2757.05,2776.35,326476
HDFCBANK,20210430,1445,1453.8,1407.5,1412.3,17616451
HDFCLIFE,20210430,670,678,660.7,665.1,2742166
HDFCMFGETF,20210430,41.82,41.82,41.61,41.63,321405
HDFCNIFETF,20210430,157.1,157.75,155.3,155.55,20773
HDFCSENETF,20210430,520.1,539.99,520,524.97,2101
HEG,20210430,2242.1,2359,2232.05,2303.1,801157
HEIDELBERG,20210430,234.4,237.75,230.25,237.1,284647
HEMIPROP,20210430,133,134.65,131,131.45,458452
HERANBA,20210430,696.5,727.7,691.85,715.1,727618
HERCULES,20210430,119.05,119.15,116,117.05,22077
HERITGFOOD,20210430,364.5,371,360.45,367.25,200988
HEROMOTOCO,20210430,2834.8,2860,2805,2819.15,670258
HESTERBIO,20210430,2250,2289.5,2210,2223.1,6403
HEXATRADEX,20210430,96.1,102.5,96.1,99.7,47899
HFCL,20210430,27.05,28.65,27.05,27.8,4023778
HGINFRA,20210430,274.7,279.05,273.6,277.1,38422
HGS,20210430,1765,1765,1695,1717.95,32284
HIKAL,20210430,253,272,252.1,265.15,1457174
HIL,20210430,3600,3716.8,3561.9,3609.4,14559
HILTON,20210430,11.5,11.75,11.05,11.4,4350
HIMATSEIDE,20210430,153.95,157.85,153,156.55,271947
HINDALCO,20210430,368.9,377,361.3,364.4,19935239
HINDCOMPOS,20210430,268,268,260.05,263,2917
HINDCOPPER,20210430,156.1,163.7,153.35,154.8,7298813
HINDMOTORS,20210430,6.95,7,6.75,6.75,104710
HINDNATGLS,20210430,33.1,33.1,31.1,31.8,17270
HINDOILEXP,20210430,98.25,107.2,98,101.95,2938383
HINDPETRO,20210430,228.25,245.25,228.2,234.65,15563433
HINDUNILVR,20210430,2410,2442.9,2330.25,2353.75,4010778
HINDZINC,20210430,305.5,312.55,302.05,305.1,1726897
HIRECT,20210430,120.05,126.85,119.4,122.4,27826
HISARMETAL,20210430,115,118.85,113.8,114.1,30635
HITECH,20210430,370.05,375.7,365.65,370.45,66900
HITECHCORP,20210430,147.9,152.2,143.6,144.3,21961
HITECHGEAR,20210430,169.45,171,161.6,169.05,7681
HLEGLAS,20210430,2522.25,2648.35,2522.2,2613.3,20618
HLVLTD,20210430,5.9,5.9,5.65,5.75,165931
HMVL,20210430,61.3,62.75,60.6,60.95,72652
HNDFDS,20210430,2119.9,2119.9,2040.65,2057.45,8420
HNGSNGBEES,20210430,374.99,376.15,365.15,366.94,3274
HOMEFIRST,20210430,481,513.15,477.7,497.7,357479
HONAUT,20210430,43000,43690,42882.5,43114.95,1990
HONDAPOWER,20210430,991.35,1025,980.2,1004.8,8864
HOVS,20210430,45.95,46,44.5,44.95,5813
HPL,20210430,46.45,47.35,45.75,46.15,118046
HSCL,20210430,45,46,44.25,44.6,4083663
HSIL,20210430,151.1,155,150.75,153.15,73641
HTMEDIA,20210430,22.65,22.65,21.7,22.35,217836
HUBTOWN,20210430,17,17,16.25,16.6,11483
HUDCO,20210430,41.5,42.2,41.4,41.7,1348098
HUHTAMAKI,20210430,277.95,279.4,271,273.35,76290
IBMFNIFTY,20210430,145.5,149.97,145.5,147.99,196
IBREALEST,20210430,76.8,79,76.5,77.3,4902922
IBULHSGFIN,20210430,178,186.2,177.2,181.05,10062923
ICEMAKE,20210430,71.85,71.85,66.25,68.45,11412
ICICI500,20210430,202.99,205.69,201.97,203.15,4689
ICICIALPLV,20210430,145.48,147.7,144.15,144.46,18536
ICICIB22,20210430,35.69,36.18,35.02,35.75,475455
ICICIBANK,20210430,610.1,616.35,598.1,600.5,23653258
ICICIBANKN,20210430,347.7,347.7,324.91,325.98,291669
ICICIBANKP,20210430,175.95,176.52,172.95,173.26,15883
ICICIGI,20210430,1413.6,1424.1,1400,1414,512509
ICICIGOLD,20210430,41.69,41.69,41.5,41.62,275659
ICICILIQ,20210430,1000,1000,999.5,999.99,8766
ICICILOVOL,20210430,120.5,120.5,116.26,117.71,26395
ICICIM150,20210430,92.99,92.99,90.55,92.2,54032
ICICIMCAP,20210430,87.7,87.7,83.64,84.74,6159
ICICINF100,20210430,162,162,159.75,160.35,5651
ICICINIFTY,20210430,167.6,167.6,148.65,156.12,223238
ICICINV20,20210430,79,79.97,77,78.24,8368
ICICINXT50,20210430,41.8,41.8,32.3,35.47,24691
ICICIPRULI,20210430,521.05,534.5,517.15,521.95,2220242
ICICISENSX,20210430,537.97,537.97,525.1,526.64,14901
ICICITECH,20210430,260.25,262.56,258.1,258.99,354026
ICIL,20210430,129,133.5,128,131.6,205419
ICRA,20210430,3351.1,3484.95,3280,3351.45,14349
IDBI,20210430,34.55,36,34.55,35.25,10260701
IDBIGOLD,20210430,4381.65,4381.65,4340.1,4366.85,160
IDEA,20210430,8.35,8.6,8.3,8.35,98167086
IDFC,20210430,52.05,54,50.7,53,10077275
IDFCFIRSTB,20210430,54,55.55,53.6,54.7,35247446
IDFNIFTYET,20210430,153,155.47,150.95,153.42,579
IEX,20210430,371.1,379,368.05,370.35,1078291
IFBAGRO,20210430,411.25,445,405,418.2,44629
IFBIND,20210430,990,1008,975,983.85,59155
IFCI,20210430,11.05,11.05,10.85,10.9,1900491
IFGLEXPOR,20210430,366.4,378.25,366.4,371.05,32037
IGARASHI,20210430,370,373.7,356,361.55,143848
IGL,20210430,500,522.95,497.5,508.95,2516221
IGPL,20210430,478,480.15,464,465.35,25786
IIFL,20210430,269.15,272.25,264,267.15,126347
IIFLSEC,20210430,49.5,53,49.3,52.25,722990
IIFLWAM,20210430,1080.05,1156.9,1080.05,1127.35,27660
IITL,20210430,52.9,56.5,52.9,54.55,2428
IMAGICAA,20210430,5.95,5.95,5.65,5.8,102216
IMFA,20210430,454.95,465.05,437.05,441.55,95607
IMPAL,20210430,649.15,688.95,640.25,649.9,4283
INDBANK,20210430,13.65,13.65,13.05,13.2,61281
INDHOTEL,20210430,110,114.5,107.2,111.5,3370405
INDIACEM,20210430,165.05,168.5,162.55,163.2,2548479
INDIAGLYCO,20210430,462,489,461.1,472.7,456489
INDIAMART,20210430,8400,8580,7888.85,7948.65,571964
INDIANB,20210430,110,112.9,108.65,110,1664813
INDIANCARD,20210430,130.3,130.45,127.1,129.4,1089
INDIANHUME,20210430,174,174.8,170.3,171.8,30761
INDIGO,20210430,1632,1679.8,1632,1643.4,753681
INDIGOPNTS,20210430,2337.9,2353.6,2307,2315.5,82072
INDLMETER,20210430,14.5,14.9,13.4,14.3,7013
INDNIPPON,20210430,363.95,375.1,363,367,11413
INDOCO,20210430,328,334.45,325.35,328.5,101046
INDORAMA,20210430,37.5,38,36.5,37.1,38837
INDOSTAR,20210430,305.8,310.15,300.15,303.95,12374
INDOTECH,20210430,93,96.8,92.6,94.15,18136
INDOTHAI,20210430,51,51,49.5,49.5,2715
INDOWIND,20210430,3.4,3.5,3.25,3.45,102970
INDRAMEDCO,20210430,69,70.5,65.7,66.75,872695
INDSWFTLAB,20210430,83.3,84.7,80,80.5,214671
INDTERRAIN,20210430,27.95,28.45,27.5,27.6,75942
INDUSINDBK,20210430,928,948.5,915.1,934.95,7301455
INDUSTOWER,20210430,251,257.8,250.25,252.5,1951318
INEOSSTYRO,20210430,1120.1,1143.1,1105,1108.95,29504
INFIBEAM,20210430,38.9,40,38.9,39.3,1250245
INFOBEAN,20210430,191.5,198,184.95,193.05,50747
INFOMEDIA,20210430,3.8,3.8,3.65,3.8,17560
INFRABEES,20210430,427,430,419.18,421.36,2817
INFY,20210430,1346.3,1373.9,1345.9,1354.35,8354677
INGERRAND,20210430,737.95,757.5,736,746,55295
INOXLEISUR,20210430,268.55,274.75,268.55,271.9,239169
INOXWIND,20210430,76.4,78.95,75.5,77.2,296262
INSECTICID,20210430,476,486.95,476,483.8,10662
INSPIRISYS,20210430,49.1,49.4,46.5,47.75,17383
INTELLECT,20210430,690,698.45,677.75,681.3,512062
INTENTECH,20210430,39.6,47.8,39.6,43.8,161656
INVENTURE,20210430,24.8,25.8,24.2,24.7,21513
IOB,20210430,15.75,15.85,15.5,15.7,5392011
IOC,20210430,88.6,93.1,88,90.85,29815698
IOLCP,20210430,602.7,609,590,591.65,453127
IPCALAB,20210430,2075,2127.55,2066.65,2105.3,150675
IRB,20210430,106,106.4,104.1,104.6,955206
IRCON,20210430,89.3,91.2,89.3,89.55,1603547
IRCTC,20210430,1784.9,1809.15,1757.75,1791.4,756655
IRFC,20210430,21.05,21.4,21,21.3,11713860
IRISDOREME,20210430,107,114.45,96.15,112.25,55613
ISEC,20210430,468,468.6,448.6,453.95,441570
ISFT,20210430,84.2,88.85,84.2,86.45,61176
ISMTLTD,20210430,11,11.75,10.65,10.95,482364
ITC,20210430,203.9,205.7,202,202.6,16495657
ITDC,20210430,320.2,335,318.05,329.3,65470
ITDCEM,20210430,72.1,73.55,71.35,71.6,405993
ITI,20210430,107.9,109.25,107.4,107.8,144063
IVC,20210430,4.9,5.15,4.8,4.85,352134
IVP,20210430,124.85,125,113.8,115.9,4828
IVZINGOLD,20210430,4232.9,4240,4210,4225,125
IVZINNIFTY,20210430,1606.1,1610.3,1576.35,1577.65,108
IZMO,20210430,70,70,67.8,68.15,48287
J&KBANK,20210430,23.7,24,23.65,23.75,2278919
JAGRAN,20210430,54.9,55.4,53.15,54.2,198418
JAGSNPHARM,20210430,96,98.7,94.25,95.4,97406
JAIBALAJI,20210430,54.8,54.8,53.25,54.8,40436
JAICORPLTD,20210430,85,88.45,84.6,86,917812
JAMNAAUTO,20210430,67.3,69.3,67.3,68.3,396397
JASH,20210430,390,390,368.65,371.1,24726
JAYAGROGN,20210430,144.85,165,144.85,162.5,267946
JAYBARMARU,20210430,275,320,273,307.3,1038122
JAYNECOIND,20210430,14.5,14.7,13.6,13.65,515099
JAYSREETEA,20210430,76.65,83.4,75.7,80.45,875963
JBCHEPHARM,20210430,1379.7,1409.8,1367.1,1395.35,160889
JBFIND,20210430,15.5,17.1,15.5,17.1,839754
JBMA,20210430,378,414,378,394.05,69783
JCHAC,20210430,2373.65,2385.3,2325.35,2335.35,14188
JHS,20210430,20.5,20.55,19.45,20.05,30098
JIKIND,20210430,0.55,0.6,0.5,0.55,175176
JINDALPHOT,20210430,65.8,65.8,63,63.95,14215
JINDALPOLY,20210430,721,744,715.9,728.6,96355
JINDALSAW,20210430,80.95,87.65,80.2,85.55,9807199
JINDALSTEL,20210430,447.4,455.85,432.4,441.5,16715876
JINDRILL,20210430,93,96.8,92.5,93.8,77982
JINDWORLD,20210430,45.4,46.35,45.25,45.7,145001
JISLDVREQS,20210430,13.1,13.3,12.9,13,20085
JISLJALEQS,20210430,19,19.65,18.9,19.1,1096568
JITFINFRA,20210430,8.75,9.25,8.45,8.5,22837
JIYAECO,20210430,5,5.05,4.9,4.95,11079
JKCEMENT,20210430,2752.3,2820,2752.3,2806.4,12683
JKIL,20210430,183.35,187.45,182.05,183,87672
JKLAKSHMI,20210430,399.95,412.05,399.65,402.75,241221
JKPAPER,20210430,142.8,145.45,138,139.8,1023945
JKTYRE,20210430,116.75,127.5,115,121.5,3504824
JMA,20210430,40.3,41.9,39.05,39.2,6837
JMCPROJECT,20210430,81.5,84.1,80.75,81.95,144896
JMFINANCIL,20210430,81.5,82.7,80,80.35,682802
JMTAUTOLTD,20210430,2.45,2.5,2.4,2.5,168307
JOCIL,20210430,170,173.2,165.15,167.8,15362
JPASSOCIAT,20210430,7.1,7.65,7,7.1,17031245
JPINFRATEC,20210430,1.45,1.5,1.4,1.45,1667939
JPPOWER,20210430,3.1,3.25,3,3.15,31028156
JSL,20210430,89.45,93,87,89.25,3015428
JSLHISAR,20210430,163,169,161.1,163.25,1152548
JSWENERGY,20210430,108.3,111.4,107.5,109.6,9324766
JSWHL,20210430,4025.6,4087.65,3999.05,4029.25,462
JSWISPL,20210430,45.85,45.85,44.8,45.85,1022069
JSWSTEEL,20210430,719.6,740,711.45,717.85,36449711
JTEKTINDIA,20210430,82.1,83.6,81.2,83.05,1025100
JUBLFOOD,20210430,2918.9,2965,2881.55,2891.7,386049
JUBLINDS,20210430,346,354.9,321.4,332.2,323594
JUBLINGREA,20210430,371,432,370,410.15,4805983
JUBLPHARMA,20210430,776,803.95,776,798.5,262129
JUMPNET,20210430,8.25,8.25,7.85,7.85,1563825
JUNIORBEES,20210430,367.95,367.95,356.62,364.34,53304
JUSTDIAL,20210430,862.7,915,861,877.6,2167678
JYOTHYLAB,20210430,148,149.5,145.5,146.25,657849
KABRAEXTRU,20210430,166.05,173,163.6,164.25,56355
KAJARIACER,20210430,930,938.2,910.1,912.95,156110
KAKATCEM,20210430,182.75,196,182.15,188.6,82471
KALPATPOWR,20210430,381,381,363.35,368.65,116598
KALYANIFRG,20210430,173.25,181.65,171,176.8,1224
KALYANKJIL,20210430,61,61.2,59.75,59.9,2347572
KAMATHOTEL,20210430,29,29.2,28.05,29.15,49535
KAMDHENU,20210430,158,161.8,152.5,157.8,170996
KANANIIND,20210430,4.1,4.35,3.9,4.25,32453
KANORICHEM,20210430,127.5,127.95,122.1,123.9,27106
KANPRPLA,20210430,143.6,151.8,142.05,147.55,73192
KANSAINER,20210430,561.1,566.55,551.1,555.75,155435
KAPSTON,20210430,92.7,93.65,92.6,93.65,364
KARDA,20210430,123.65,126.35,120.8,121.3,121885
KARMAENG,20210430,12.85,12.95,12.45,12.95,3517
KARURVYSYA,20210430,52.3,53.1,52,52.2,846805
KAUSHALYA,20210430,1.35,1.35,1.35,1.35,4820
KAYA,20210430,269.3,282,266.3,268.15,12892
KCP,20210430,96.7,103.6,96.2,98.25,1262960
KCPSUGIND,20210430,16.7,18.9,16.45,17.65,3688490
KDDL,20210430,308.5,319.45,306.8,314.65,12064
KDDL-RE,20210430,220,220,139,189.65,49676
KEC,20210430,391.1,403.95,391.1,401.4,282355
KECL,20210430,13.2,13.3,12.8,13.05,40139
KEERTI,20210430,25.15,25.35,23.5,24,140496
KEI,20210430,516.6,525,515.05,520.9,159092
KELLTONTEC,20210430,66.75,67.8,65.8,66.4,480099
KENNAMET,20210430,1065.3,1080,1041,1048.8,1601
KERNEX,20210430,43,43.8,41.05,42.7,5644
KESORAMIND,20210430,74.85,79.5,74.25,75.85,1721817
KEYFINSERV,20210430,61.6,62.55,58.95,59.2,839
KHADIM,20210430,137,143.6,137,138.85,30503
KHAICHEM,20210430,22.65,22.85,22.1,22.3,70737
KHANDSE,20210430,13.55,14.75,13.25,14.05,4136
KICL,20210430,1600,1605,1545,1583.65,1402
KILITCH,20210430,103.3,110.9,100.85,106.15,40080
KINGFA,20210430,595,609.05,590,591.35,2262
KIOCL,20210430,157,170,155.25,163.85,286637
KIRIINDUS,20210430,428,459,425,444.2,267932
KIRLFER,20210430,202.7,218.7,201.5,214.4,553637
KIRLOSBROS,20210430,244.25,253,240.05,244.15,51590
KIRLOSENG,20210430,175,181.85,173,175.25,299219
KIRLOSIND,20210430,1313,1325,1282.7,1307.6,1822
KITEX,20210430,98.5,98.5,96.6,97.95,37950
KKCL,20210430,843.05,843.05,818.05,823.7,814
KMSUGAR,20210430,13.9,16.85,13.85,16.45,7069243
KNRCON,20210430,200,202,198.55,200.05,295100
KOKUYOCMLN,20210430,54.8,56.3,54,55,93147
KOLTEPATIL,20210430,220.05,220.05,210.1,212.25,100984
KOPRAN,20210430,170.9,178.5,167.1,169.25,934842
KOTAKBANK,20210430,1780,1802,1739.45,1748.8,2621783
KOTAKBKETF,20210430,333.25,336.64,328.4,329.47,486559
KOTAKGOLD,20210430,409.9,409.9,407.7,408.35,20655
KOTAKIT,20210430,25.77,26.5,25.62,25.76,2544
KOTAKNIFTY,20210430,155,155.18,152.5,153.35,69122
KOTAKNV20,20210430,77.2,82.25,73.2,79.15,5725
KOTAKPSUBK,20210430,203.5,205.5,199.03,202.69,19509
KOTARISUG,20210430,23.9,25.3,23.7,23.9,2031030
KOTHARIPET,20210430,28.65,30,28.1,28.9,80678
KOTHARIPRO,20210430,62.1,67.05,61.5,64,8026
KPITTECH,20210430,196.4,203,194.7,197.25,2137098
KPRMILL,20210430,1332,1385,1330,1377.45,53841
KRBL,20210430,182.25,189,182.25,184.6,401250
KREBSBIO,20210430,130.45,130.45,125.45,127,48489
KRIDHANINF,20210430,4,4,3.65,3.95,153558
KRISHANA,20210430,89,92.2,85.05,89.25,2476
KSB,20210430,889.8,901.85,874,884.45,68584
KSCL,20210430,605,622.4,595,604.35,391729
KSL,20210430,374.9,387.7,365.25,367.3,195314
KTKBANK,20210430,61.35,62.5,60.8,61.45,911364
KUANTUM,20210430,65.4,68.7,63.05,64.15,40570
L&TFH,20210430,88,89.45,86.5,87.05,23968400
LALPATHLAB,20210430,2960,2985,2920,2932.7,553159
LAMBODHARA,20210430,56.8,58.65,55,55.6,24903
LAOPALA,20210430,223,228.8,216.5,218.25,76252
LASA,20210430,77.9,79,76,77.3,254696
LAURUSLABS,20210430,454.9,466.4,450,452.75,6211537
LAXMIMACH,20210430,6120,6320.95,6102.05,6251.95,20509
LCCINFOTEC,20210430,2,2,2,2,53413
LEMONTREE,20210430,34.4,36.6,34.05,35.4,1038983
LFIC,20210430,81.25,81.5,78.35,81.35,1679
LGBBROSLTD,20210430,305,311.9,298.2,302.1,53328
LGBFORGE,20210430,3.95,3.95,3.75,3.75,49641
LIBAS,20210430,44.2,44.7,43.25,44.25,50898
LIBERTSHOE,20210430,125.85,132.7,124,126.85,132745
LICHSGFIN,20210430,406.8,417.6,404,405.7,2458547
LICNETFGSC,20210430,21.96,21.96,21.72,21.91,1113
LICNETFN50,20210430,165,171.5,165,169.72,2389
LICNETFSEN,20210430,525,530,515,526.8,44
LICNFNHGP,20210430,151.87,155.97,151.87,154.99,190
LIKHITHA,20210430,373.1,382.95,371.5,374.2,49265
LINCOLN,20210430,272.5,293.25,270,282.5,1205285
LINCPEN,20210430,152.4,152.5,148.75,152,1765
LINDEINDIA,20210430,1847,1859.9,1825.05,1834.7,60018
LIQUIDBEES,20210430,1003.06,1003.06,999.5,1000,805642
LIQUIDETF,20210430,999.99,1000.01,999.99,999.99,11970
LODHA,20210430,592,621.9,588.1,593.7,344790
LOKESHMACH,20210430,46,48.45,44.45,47.05,18448
LOTUSEYE,20210430,44.2,44.2,42.5,42.75,11203
LOVABLE,20210430,89.95,93.4,89,90,101933
LPDC,20210430,2.05,2.1,1.9,2.1,10856
LSIL,20210430,1.45,1.45,1.45,1.45,692059
LT,20210430,1350,1365,1336.1,1340.45,1968093
LTI,20210430,3840,3929.7,3831,3890.25,303588
LTTS,20210430,2611,2766.7,2605.65,2728.9,562025
LUMAXIND,20210430,1530,1556.7,1505,1521.55,3773
LUMAXTECH,20210430,152.9,152.9,145,146.8,325259
LUPIN,20210430,1045,1082.9,1045,1069.5,1822879
LUXIND,20210430,1890,1950,1885.55,1905.35,211574
LXCHEM,20210430,206,215,204.5,207.85,2343085
LYKALABS,20210430,40.45,41.3,38.4,41.3,238793
LYPSAGEMS,20210430,4,4.3,4,4.25,16426
M&M,20210430,768.4,778.4,750.45,752.55,4466148
M&MFIN,20210430,163.8,165.15,158.05,161.85,18405989
M100,20210430,25.48,25.75,25.21,25.6,57475
M50,20210430,145.77,145.77,143.22,143.78,2234
MAANALU,20210430,179.95,198.3,176.4,185.85,540183
MACPOWER,20210430,92.45,92.45,86.75,89.1,734
MADHAV,20210430,49.55,51.95,49.55,49.9,18376
MADHUCON,20210430,4.95,5,4.75,4.85,17984
MADRASFERT,20210430,25.75,25.75,25.1,25.4,67458
MAESGETF,20210430,24.55,25.53,24.55,24.94,146569
MAGADSUGAR,20210430,142,172.9,139.95,168.25,1464547
MAGMA,20210430,117.2,123.4,116.3,118.2,2827442
MAGNUM,20210430,4.35,4.4,4.25,4.35,10457
MAHABANK,20210430,24.5,24.85,24,24.05,8822796
MAHAPEXLTD,20210430,67.85,68,65,66.95,3479
MAHASTEEL,20210430,92.8,95.85,91.25,92.7,56092
MAHEPC,20210430,148,154,146.3,147.25,226519
MAHESHWARI,20210430,105.05,106,102.05,103.25,45081
MAHINDCIE,20210430,172.9,173.85,169,170.7,397995
MAHLIFE,20210430,494,504.7,492.5,499.85,159345
MAHLOG,20210430,556,560,526.55,534.1,126705
MAHSCOOTER,20210430,3691.9,3691.9,3569.45,3595.8,3476
MAHSEAMLES,20210430,282.5,305,280.2,289.5,404466
MAITHANALL,20210430,786.95,819.6,780.25,789.75,199037
MAJESCO,20210430,71.8,71.85,71.25,71.65,246640
MALUPAPER,20210430,25.25,25.65,24.9,24.95,19439
MAN50ETF,20210430,151.19,152.02,149.6,150.06,11633
MANAKALUCO,20210430,10.85,10.85,10.25,10.4,14168
MANAKCOAT,20210430,15.95,15.95,15.15,15.6,137550
MANAKSIA,20210430,56.85,58.05,55.75,56.3,63329
MANAKSTEEL,20210430,26,26.75,24.9,25,53079
MANALIPETC,20210430,78.5,81.4,78,78.85,806537
MANAPPURAM,20210430,146,153.6,145.1,149.05,7131339
MANGALAM,20210430,139.95,145.2,139,141.25,193945
MANGCHEFER,20210430,77.5,81.9,77.5,78.55,799046
MANGLMCEM,20210430,276,281,272.75,273.95,16229
MANGTIMBER,20210430,10.8,10.8,10.25,10.25,10982
MANINDS,20210430,83.35,96.5,82.2,90.85,4524311
MANINFRA,20210430,38.75,40.75,38.3,38.65,1228614
MANUGRAPH,20210430,10.9,11.8,10.8,10.95,12006
MANXT50,20210430,346.09,349.83,344.69,345.66,3962
MARALOVER,20210430,35.25,37,35.05,37,47118
MARATHON,20210430,50.4,50.75,48.1,49.55,24863
MARICO,20210430,409.85,422.2,401.7,411.45,6159980
MARINE,20210430,74.85,74.85,72,72.75,88797
MARKSANS,20210430,70.6,73.6,69.1,71.5,9050653
MARUTI,20210430,6537.1,6559.6,6421,6455.65,849997
MASFIN,20210430,805,823,788.6,796.85,13608
MASKINVEST,20210430,27.1,27.1,27.1,27.1,4
MASTEK,20210430,1615,1699.9,1601.05,1648.15,296892
MATRIMONY,20210430,954,993,943.2,946.1,47007
MAWANASUG,20210430,41.25,43.8,40.95,43.8,347706
MAXHEALTH,20210430,222.5,235,222.2,226.95,724867
MAXIND,20210430,65,65.95,65,65.7,139385
MAXVIL,20210430,54.6,55.8,54.6,54.8,52940
MAYURUNIQ,20210430,444.7,455.75,436.55,436.9,58966
MAZDA,20210430,455.9,459,449.05,451.05,35255
MAZDOCK,20210430,200.3,206.9,199.95,200.3,479986
MBAPL,20210430,76.6,83.45,76.55,82.35,908
MBECL,20210430,7.9,8,7.5,7.75,16683
MBLINFRA,20210430,18.3,18.35,17.5,17.8,53281
MCDHOLDING,20210430,38.5,40.1,37.8,38.3,21010
MCDOWELL-N,20210430,523.95,532.25,516,519.55,1001011
MCL,20210430,88.65,91,87.1,87.75,55994
MCLEODRUSS,20210430,21.5,23.2,21.5,22.65,783828
MCX,20210430,1520,1534.45,1471,1476.25,252288
MEGASOFT,20210430,13.4,13.65,12.35,12.7,356679
MEGH,20210430,139.5,148.35,138.3,141.15,7418420
MENONBE,20210430,56.85,59.65,54.35,57.35,259566
MEP,20210430,15.75,16.35,15.3,15.8,210029
MERCATOR,20210430,1,1,0.95,1,1071680
METROPOLIS,20210430,2399,2464,2370.15,2395.05,35258
MFSL,20210430,915.4,919.7,890.25,895.9,669783
MGEL,20210430,48.7,48.7,46,46,1848
MGL,20210430,1097.55,1143.75,1087.6,1125.35,584164
MHRIL,20210430,210.05,211.9,208.4,210.7,30833
MIC,20210430,0.8,0.8,0.8,0.8,225728
MIDHANI,20210430,184,190.6,183,184.45,539409
MINDACORP,20210430,99.3,101.95,98.1,101.25,489381
MINDAIND,20210430,535,537.8,521,524.95,233876
MINDTECK,20210430,55,55,50.05,51.4,28942
MINDTREE,20210430,2098.8,2139.85,2091.1,2106,593831
MIRCELECTR,20210430,13.15,14.05,12.75,14.05,406457
MIRZAINT,20210430,45.9,46.65,45,45.5,243733
MITTAL,20210430,10.5,10.5,10.1,10.15,40487
MMFL,20210430,472.95,473,440.7,446.6,23896
MMP,20210430,88.1,90,86.05,89.05,7380
MMTC,20210430,39.85,42.1,39.3,40.85,3115420
MODIRUBBER,20210430,83.9,83.9,77.8,78.6,4005
MOHITIND,20210430,6.35,6.65,6.2,6.4,36078
MOHOTAIND,20210430,6.6,6.65,6.3,6.3,52148
MOIL,20210430,163.7,171.35,162,165.05,3058279
MOLDTECH,20210430,47.95,47.95,45.35,45.95,26931
MOLDTKPAC,20210430,459.5,459.5,445,445.55,48165
MONTECARLO,20210430,226.1,234.3,222.6,224.05,27522
MORARJEE,20210430,14.35,14.4,13.7,13.8,8551
MOREPENLAB,20210430,58.45,66,57.25,65.4,35230120
MOTHERSUMI,20210430,216.25,221.9,214.1,214.7,8171520
MOTILALOFS,20210430,660,660,632.5,637.7,913923
MOTOGENFIN,20210430,20.85,20.85,20.1,20.25,1360
MPHASIS,20210430,1770,1784.95,1755.3,1764.8,457673
MPSLTD,20210430,603.6,614,542,591.55,20667
MRF,20210430,77600,81699,77200,80720.55,60005
MRO-TEK,20210430,23.9,23.9,22.7,23.25,1452
MRPL,20210430,42.5,43.8,41.25,43.25,9254259
MSPL,20210430,11.45,11.55,10.8,11.55,227951
MSTCLTD,20210430,261.55,262.5,250.25,253.45,274311
MTARTECH,20210430,935,949.95,930,933.55,82133
MTEDUCARE,20210430,7.1,7.1,6.65,6.8,91542
MTNL,20210430,16.1,16.4,15.9,16.1,1058659
MUKANDLTD,20210430,103,112.6,102.75,109.75,192829
MUKTAARTS,20210430,28.15,28.8,28.1,28.2,2957
MUNJALAU,20210430,52.4,53.15,51.4,52.55,87980
MUNJALSHOW,20210430,134.05,136.45,130.15,132.95,39730
MURUDCERA,20210430,20.05,20.25,19.45,19.55,65422
MUTHOOTCAP,20210430,389.95,389.95,365.7,369.55,26663
MUTHOOTFIN,20210430,1159.8,1187,1151,1157.4,1058811
N100,20210430,1032,1032,1015,1020.77,67950
NACLIND,20210430,37.55,38,37,37.8,44749
NAGAFERT,20210430,5.65,5.8,5.55,5.7,262991
NAGREEKCAP,20210430,6.05,6.05,5.75,6.05,12510
NAGREEKEXP,20210430,17,17.85,17,17.5,3333
NAHARCAP,20210430,93.1,109.45,93.05,99.9,66899
NAHARINDUS,20210430,44.45,47.7,42.55,45.55,34713
NAHARPOLY,20210430,115,138.5,108,129.85,799953
NAHARSPING,20210430,99.65,104.8,99,104.8,58022
NAM-INDIA,20210430,339.8,345.5,338.7,341.7,470876
NATCOPHARM,20210430,887.4,912,886,896.35,227542
NATHBIOGEN,20210430,349.8,361.1,349.55,352.05,31710
NATIONALUM,20210430,64.05,66.5,63.6,64.65,63336705
NATNLSTEEL,20210430,5,5,4.8,4.8,11026
NAUKRI,20210430,4945.55,5043.85,4866,4914.7,286271
NAVINFLUOR,20210430,3390,3538,3339.75,3428.2,535939
NAVKARCORP,20210430,34.15,34.95,33.8,34,302606
NAVNETEDUL,20210430,76,76,74,74.6,52916
NAZARA,20210430,1720,1782,1720,1736.75,258523
NBCC,20210430,40,41.5,40,40.6,5497141
NBIFIN,20210430,1939.55,1979,1922.3,1958.8,354
NBVENTURES,20210430,72,81.15,70.4,78.3,4649102
NCC,20210430,74.8,76,74.4,74.65,1522862
NCLIND,20210430,180.85,188.45,179.9,184.65,658463
NCPSESDL24,20210430,104.06,104.2,104,104.16,14919
NDGL,20210430,708,788.2,708,774.5,64
NDL,20210430,30.95,30.95,29.65,30.1,70347
NDRAUTO,20210430,195.9,198.55,192,193.4,1783
NDTV,20210430,55.55,55.55,54.05,54.25,14519
NECCLTD,20210430,8.5,8.55,8.1,8.35,14857
NECLIFE,20210430,25.5,25.8,24.6,24.95,1153143
NELCAST,20210430,68.95,69.7,65.5,66.6,338409
NELCO,20210430,199.8,206.3,198.65,200.3,187203
NEOGEN,20210430,868.95,883,861.1,864.5,24886
NESCO,20210430,505,506.9,493.9,497.6,33185
NESTLEIND,20210430,16500,16569.2,16255,16309.25,97783
NETF,20210430,182.91,182.91,180.01,180.96,996
NETFCONSUM,20210430,64.46,64.86,63,63.25,11530
NETFDIVOPP,20210430,36.99,37.44,36.4,36.52,3259
NETFGILT5Y,20210430,48.11,48.16,48.11,48.13,1264
NETFIT,20210430,26.12,26.37,25.85,25.95,463667
NETFLTGILT,20210430,22.34,22.35,22.2,22.33,32996
NETFMID150,20210430,92.95,93.14,91.62,92.09,64993
NETFNIF100,20210430,153,155,151.5,152.39,694
NETFNV20,20210430,81.09,82,79.16,80,5727
NETFSDL26,20210430,102.4,102.4,102.4,102.4,3
NETWORK18,20210430,39.8,40.85,39.25,39.5,1117636
NEULANDLAB,20210430,2420,2544,2405,2521.2,48408
NEWGEN,20210430,322.5,322.5,314.15,315,62297
NEXTMEDIA,20210430,4.55,4.55,4.15,4.3,13899
NFL,20210430,57.6,60.2,56,57.95,4292969
NH,20210430,407.8,427,405,406.95,109261
NHPC,20210430,24.2,24.45,24.05,24.25,1483402
NIACL,20210430,146.25,147.9,145.5,145.85,309312
NIBL,20210430,20.8,20.8,19.25,19.7,20656
NIFTYBEES,20210430,157.94,158.68,155.15,157,1610283
NIITLTD,20210430,167.65,171.3,162.5,165.9,183080
NILAINFRA,20210430,4.4,4.45,4.25,4.35,84978
NILASPACES,20210430,1.5,1.5,1.45,1.45,247243
NILKAMAL,20210430,1960.45,1974,1899.95,1920.5,6053
NIPPOBATRY,20210430,749.95,763.4,737.35,753.4,1803
NIRAJ,20210430,39.8,40,39,39.75,5814
NITCO,20210430,19.3,19.4,18.65,19.15,27448
NITINSPIN,20210430,85,88.95,84.55,87.85,67892
NITIRAJ,20210430,42.3,43.2,40.3,40.85,685
NKIND,20210430,28.4,29.25,28.35,28.95,3583
NLCINDIA,20210430,47.4,48.55,47.4,47.6,1339667
NMDC,20210430,154,158.7,152.75,155.75,16674400
NOCIL,20210430,180.55,188.8,179.9,184.45,1192863
NOIDATOLL,20210430,5.9,6,5.8,5.95,39660
NORBTEAEXP,20210430,5.6,5.6,5.35,5.35,1630
NOVARTIND,20210430,645.05,668.7,642.2,649.45,22369
NPBET,20210430,172,174.97,170.05,171.36,152
NRAIL,20210430,211.5,211.5,201.8,206.35,28360
NRBBEARING,20210430,106,108.9,105,107.65,376224
NSIL,20210430,1520,1583.35,1486.05,1551.95,2064
NTL,20210430,0.75,0.75,0.7,0.7,9500
NTPC,20210430,102.25,105.65,102.05,102.45,15321193
NUCLEUS,20210430,537,543.75,533,533.85,21314
NURECA,20210430,1209.6,1209.6,1209.6,1209.6,3529
NXTDIGITAL,20210430,467,467.05,451.1,455.7,2635
OAL,20210430,908,934.85,875.2,891.95,50695
OBEROIRLTY,20210430,535.8,551,535.8,547.25,191242
OCCL,20210430,940,953,921,925.95,9108
OFSS,20210430,3470,3568.95,3438,3478.55,80880
OIL,20210430,119.25,123.7,118.05,122.1,1246044
OILCOUNTUB,20210430,7.35,7.35,7.35,7.35,122335
OLECTRA,20210430,185.9,189,179.3,181.5,242485
OMAXAUTO,20210430,41.4,41.5,39.45,40.55,15893
OMAXE,20210430,71,71.9,68.3,69.55,173211
OMINFRAL,20210430,20.85,21.25,20.65,20.85,89498
ONELIFECAP,20210430,6.2,6.2,6.1,6.2,4730
ONEPOINT,20210430,15.9,16.35,15.25,15.65,25130
ONGC,20210430,104.15,112.7,103.3,108.15,81358264
ONMOBILE,20210430,106,114.6,103.3,106.05,3420314
ONWARDTEC,20210430,114.3,127.3,113.55,118.25,147179
OPTIEMUS,20210430,129.5,136.95,129.5,133.3,89980
OPTOCIRCUI,20210430,4.8,4.8,4.8,4.8,345916
ORBTEXP,20210430,57.5,58.3,57.4,57.55,3909
ORCHPHARMA,20210430,1498.65,1498.65,1498.65,1498.65,1041
ORICONENT,20210430,21.9,22.85,21.05,21.15,148182
ORIENTABRA,20210430,23.35,25.4,23.2,24.7,244271
ORIENTALTL,20210430,7.5,7.5,7.15,7.35,32637
ORIENTBELL,20210430,218.05,219,212.95,215.05,12106
ORIENTCEM,20210430,105.5,106.95,104.75,105.25,433228
ORIENTELEC,20210430,276.9,279.25,266,269.7,697012
ORIENTHOT,20210430,25,25.85,24.5,25.1,44396
ORIENTLTD,20210430,78,79,74.65,75.8,3160
ORIENTPPR,20210430,23,23.5,22.85,22.95,635947
ORIENTREF,20210430,307,325,306.6,316.3,421407
ORISSAMINE,20210430,2369.65,2450.05,2335,2352.65,10602
ORTINLAB,20210430,29,29.55,28.45,28.8,61578
OSWALAGRO,20210430,9.7,9.9,9.3,9.55,51771
PAGEIND,20210430,29522.55,29975,29469.55,29660.6,19104
PAISALO,20210430,615.1,630,597.8,604.95,34600
PALASHSECU,20210430,53.45,54.25,50.85,53.55,3501
PALREDTEC,20210430,149.95,149.95,138.85,139.45,50812
PANACEABIO,20210430,331.85,331.85,331.85,331.85,55109
PANACHE,20210430,58.3,58.45,56.6,57.45,11120
PANAMAPET,20210430,175,184.3,174,177.35,83022
PARACABLES,20210430,9.15,9.2,8.85,9,149648
PARAGMILK,20210430,111,116.6,111,111.7,707041
PARSVNATH,20210430,7.9,8,7.7,7.9,53949
PATELENG,20210430,12.45,12.45,11.95,12.25,145089
PATINTLOG,20210430,18.9,19.25,18.7,19.1,54136
PATSPINLTD,20210430,4.55,4.55,4.3,4.4,3023
PCJEWELLER,20210430,23.8,24.3,23.7,24,543334
PDMJEPAPER,20210430,23.6,23.6,23,23.2,35399
PDSMFL,20210430,686.9,686.9,681.5,681.75,2149
PEARLPOLY,20210430,15.75,16,15,15.6,5018
PEL,20210430,1687,1714,1662.5,1680.2,765368
PENIND,20210430,18,18.75,17.45,18,796691
PENINLAND,20210430,7.45,7.45,6.95,7.2,88593
PERSISTENT,20210430,2050,2184.9,2022.6,2038.3,1047889
PETRONET,20210430,234.5,243.65,234.2,239.95,3756006
PFC,20210430,106.05,110.65,105.65,108.4,6948975
PFIZER,20210430,5329.9,5421.55,5256.55,5273.5,164210
PFOCUS,20210430,67.05,69.5,64.35,65.6,76310
PFS,20210430,16.9,17.2,16.75,17,376971
PGEL,20210430,334,351.2,326.2,333.3,67155
PGHH,20210430,13491,13575,13230.05,13548.5,5924
PGHL,20210430,6380,6448,6313,6373.35,4541
PGIL,20210430,178.95,180,175.25,177.9,1250
PHILIPCARB,20210430,209.85,213.35,206.2,207.45,905296
PHOENIXLTD,20210430,710.1,725.05,688,716.9,261423
PIDILITIND,20210430,1843,1856.7,1805.4,1815.8,360185
PIIND,20210430,2551.65,2596.8,2499.05,2511.65,312484
PILANIINVS,20210430,1730,1730,1660,1683.5,25834
PILITA,20210430,14,14,13.1,13.35,93094
PIONDIST,20210430,104.1,105.7,101.95,103.2,16169
PIONEEREMB,20210430,46,47.75,45.1,46.85,148282
PITTIENG,20210430,64.8,64.8,63.3,64.15,205500
PKTEA,20210430,210.8,211,202,209.95,152
PLASTIBLEN,20210430,234.6,234.65,227.65,229.75,11387
PNB,20210430,34.55,35.7,34.5,34.85,95008214
PNBGILTS,20210430,52,52.9,51.5,52.05,333059
PNBHOUSING,20210430,375.3,375.3,368,372.35,111750
PNC,20210430,47.25,49,47.25,47.25,135827
PNCINFRA,20210430,241.5,242,235,237.45,180237
PODDARHOUS,20210430,174.55,178.8,167.8,172.5,3106
PODDARMENT,20210430,212.25,213.45,207.7,209.1,6205
POKARNA,20210430,240,246.85,240,244.25,42998
POLYCAB,20210430,1534,1551,1460,1467.05,354788
POLYMED,20210430,1013,1028,975.05,992.75,181752
POLYPLEX,20210430,870,978.6,865.45,958.4,695033
PONNIERODE,20210430,164.05,184,164.05,175.15,100682
POWERGRID,20210430,217.75,222.3,216.65,220.05,9504624
POWERINDIA,20210430,1780,1860,1771.1,1805.4,145100
POWERMECH,20210430,564.5,580,560.65,576.1,23171
PPAP,20210430,192,199,186.55,190.3,50344
PPL,20210430,140.7,141.8,135.35,136.05,182342
PRAENG,20210430,9.2,9.2,8.5,8.85,29224
PRAJIND,20210430,230,241,229.2,234.65,4121902
PRAKASH,20210430,80.4,84.95,80.1,80.75,3175730
PRAKASHSTL,20210430,0.8,0.8,0.75,0.8,270600
PRAXIS,20210430,36.15,36.15,33.6,33.75,9353
PRECAM,20210430,43.1,44.9,42.7,43.25,82222
PRECOT,20210430,116.35,117.15,111.9,116.9,23988
PRECWIRE,20210430,194,202.95,191.05,197.55,39450
PREMEXPLN,20210430,150.05,152.4,147.1,148.05,2403
PREMIER,20210430,2.1,2.1,2.1,2.1,5752
PREMIERPOL,20210430,40.25,41,37.15,39.3,88415
PRESSMN,20210430,22.8,24.9,22,23.25,154014
PRESTIGE,20210430,273.15,275.95,271,271.85,349938
PRICOLLTD,20210430,73.95,75.8,73.05,74.85,354099
PRIMESECU,20210430,42.25,43.75,42.05,43,5494
PRINCEPIPE,20210430,492.05,542,492.05,528.45,1089885
PRIVISCL,20210430,880,903.95,868.8,885.3,33598
PROZONINTU,20210430,16.85,17.3,16.85,17.2,81981
PRSMJOHNSN,20210430,123.55,131,123.3,130.25,284962
PSB,20210430,18.3,18.6,17.85,18.2,417118
PSPPROJECT,20210430,410,419.5,410,412.65,13224
PSUBNKBEES,20210430,22.4,22.95,22.26,22.47,459422
PTC,20210430,80,81.95,79.9,81.25,1066111
PTL,20210430,36.05,36.35,36,36.1,129031
PUNJABCHEM,20210430,934.9,934.9,860.05,921.25,6083
PURVA,20210430,67.95,69.9,65.4,66.15,294685
PVR,20210430,1170,1185,1130,1136.4,1077692
QGOLDHALF,20210430,2018.95,2019,1998.95,2018,1319
QNIFTY,20210430,1526,1534,1525,1525.27,108
QUESS,20210430,616.95,633.85,613.25,628.3,72229
QUICKHEAL,20210430,184,188.7,182.5,185.05,349603
RADAAN,20210430,0.8,0.85,0.75,0.8,36809
RADICO,20210430,574.5,582.95,563.2,567.35,166675
RADIOCITY,20210430,23.6,23.75,23.1,23.15,495123
RAILTEL,20210430,121.25,124.3,120.55,121.7,1053137
RAIN,20210430,182.95,191.1,178.05,179.25,8918521
RAJESHEXPO,20210430,534.9,534.9,510,521.5,196037
RAJMET,20210430,92.3,92.45,90.25,90.5,7291
RAJRATAN,20210430,1005,1040,1002.5,1011.3,30684
RAJSREESUG,20210430,19.85,20.8,19.8,20.65,105649
RAJTV,20210430,35.5,37.5,35.1,35.3,18389
RALLIS,20210430,284,284.95,278.5,280.85,429006
RAMANEWS,20210430,14.95,15,14.5,14.6,50391
RAMASTEEL,20210430,80,86.4,80,84.15,26877
RAMCOCEM,20210430,987,1003.55,955.75,985.5,918768
RAMCOIND,20210430,262.95,286,260,282.5,560696
RAMCOSYS,20210430,483.6,490,478.65,485.5,90715
RAMKY,20210430,70.5,73.8,70,73.2,42245
RANASUG,20210430,11.6,14.15,11.4,14.15,14940308
RANEENGINE,20210430,264,274.95,264,266.55,1921
RANEHOLDIN,20210430,592,607,583,595.6,10157
RATNAMANI,20210430,1949.8,1960,1919.15,1934,11825
RAYMOND,20210430,323.45,327.8,320,321.5,236412
RBL,20210430,796,812.95,793,796.5,3007
RBLBANK,20210430,187,191.45,184.7,185.75,18067172
RCF,20210430,72.5,76.7,72.3,73.35,6163731
RCOM,20210430,1.55,1.7,1.55,1.6,85260268
RECLTD,20210430,126.25,131,126.1,128.1,4022431
REDINGTON,20210430,178.5,181.8,178,178.45,164969
REFEX,20210430,130.55,134.4,120.95,127.1,393524
RELAXO,20210430,867.7,890,862.55,874.95,215378
RELCAPITAL,20210430,9.85,10.3,9.6,10.25,3744005
RELIANCE,20210430,2008.5,2036,1987.55,1994.5,9150974
RELIGARE,20210430,82.6,89.5,82.3,85.5,2074658
RELINFRA,20210430,37.5,44.25,37.1,42.4,24836921
REMSONSIND,20210430,156,164.75,156,158.7,9612
RENUKA,20210430,10.9,12.2,10.6,12.05,34367634
REPCOHOME,20210430,333,334,317.15,330.55,83015
REPL,20210430,202.85,203,195,196.25,12576
REPRO,20210430,351.55,351.55,338.9,341.85,3423
RESPONIND,20210430,162.2,163.5,157.25,160.3,20300
REVATHI,20210430,530.05,624,517,559.5,4005
RGL,20210430,401.3,408,389.25,391.15,38320
RHFL,20210430,2.7,2.85,2.7,2.7,4802022
RICOAUTO,20210430,39.35,42,38.9,40.5,950224
RIIL,20210430,366.4,381.35,364.45,367.9,188687
RITES,20210430,237,240.75,236.25,238.7,202581
RKDL,20210430,8.95,9.1,8.5,8.8,17330
RKEC,20210430,61.55,62.3,56.95,59.8,19618
RKFORGE,20210430,593,595.9,567,583,67057
RMCL,20210430,2.3,2.35,2.2,2.3,27635
RML,20210430,350,353.15,340.2,346.15,9794
ROHITFERRO,20210430,1.65,1.65,1.65,1.65,8085
ROHLTD,20210430,61,61.95,60.55,61.15,27979
ROLLT,20210430,3.3,3.3,3.1,3.1,53143
ROLTA,20210430,5.2,5.4,4.7,4.8,16805227
ROML,20210430,104,109.8,102.35,109.8,15546
ROSSARI,20210430,1241,1295.9,1231.15,1243.5,287382
ROSSELLIND,20210430,115.95,123.7,113.55,119.75,70004
ROUTE,20210430,1616,1680,1596.4,1639.4,321890
RPGLIFE,20210430,461.05,499.8,461.05,485.1,164331
RPOWER,20210430,4.6,5.1,4.5,4.85,140857674
RPPINFRA,20210430,61.45,62.55,58.5,60.75,81114
RPSGVENT,20210430,337.4,359,332.85,349.7,55886
RSSOFTWARE,20210430,28,28,26.6,26.9,16967
RSWM,20210430,173.6,183,173.6,177.6,21632
RSYSTEMS,20210430,114.4,117,114.4,116.5,14515
RTNINDIA,20210430,10.2,10.2,10.2,10.2,362740
RTNPOWER,20210430,2.6,2.7,2.55,2.7,6298138
RUBYMILLS,20210430,159.05,165.6,156,160.35,8747
RUCHI,20210430,698.3,704.9,680,683.05,22837
RUCHINFRA,20210430,5.7,5.85,5.65,5.8,45924
RUCHIRA,20210430,62.8,65.1,61.85,63.45,79732
RUPA,20210430,302.75,303.7,297.1,298.85,19072
RUSHIL,20210430,182,185.35,175,178.15,99906
RVHL,20210430,17.2,17.2,16.7,17,55126
RVNL,20210430,27.25,27.65,27.05,27.2,2713152
S&SPOWER,20210430,22.75,22.75,22,22,286
SABEVENTS,20210430,1.3,1.35,1.3,1.35,6590
SADBHAV,20210430,62.45,64.55,61.9,62.15,437357
SADBHIN,20210430,19.7,20.2,19.3,19.45,148423
SAFARI,20210430,605,625,590,619.65,86167
SAGARDEEP,20210430,33.4,34.7,33,34.15,6279
SAGCEM,20210430,711,732,707.4,714.3,16464
SAIL,20210430,111,121.35,109.25,119.5,211743607
SAKAR,20210430,113,117.75,113,116.35,42069
SAKHTISUG,20210430,9.9,11.6,9.9,10.9,2702882
SAKSOFT,20210430,469,474.45,469,471.65,15938
SAKUMA,20210430,5.35,5.5,5.2,5.45,593778
SALASAR,20210430,480,492.8,478,486.2,55555
SALONA,20210430,91.55,91.55,85.4,89.4,243
SALSTEEL,20210430,4.6,4.95,4.55,4.75,79705
SALZERELEC,20210430,119.75,124,119.1,119.95,104376
SAMBHAAV,20210430,2.1,2.1,2,2.05,29195
SANCO,20210430,8.55,8.8,8.55,8.65,48746
SANDESH,20210430,655.55,671.45,643.5,652.8,1327
SANDHAR,20210430,191,196.7,188,189.65,22833
SANGAMIND,20210430,79,82.45,76.3,80.2,41723
SANGHIIND,20210430,46.45,47.55,45.5,45.65,6058618
SANGHVIFOR,20210430,16.4,16.4,16.4,16.4,10044
SANGHVIMOV,20210430,126,127.9,124.25,125.35,22808
SANGINITA,20210430,23.5,24,23.1,23.4,17339
SANOFI,20210430,7491,7572,7464,7551.3,17832
SARDAEN,20210430,497,524,493.95,510.35,182586
SAREGAMA,20210430,1846.95,1869,1813.05,1837.75,13334
SARLAPOLY,20210430,25.65,26.25,25.1,25.95,68304
SASKEN,20210430,927,949.95,916.85,930.35,24714
SASTASUNDR,20210430,157.4,169,157.4,163.6,75178
SATIA,20210430,83.5,94,83.4,86.85,1007438
SATIN,20210430,87,90,86.2,87.3,184849
SBICARD,20210430,973,1005.85,972.15,984.2,1842192
SBIETFIT,20210430,259,265.91,258.9,259.42,1757
SBIETFPB,20210430,180,180.99,174.3,176.2,581
SBIETFQLTY,20210430,125.5,127.6,122.95,124.24,7426
SBILIFE,20210430,928,940.5,919.8,928.7,1326833
SBIN,20210430,353.45,362.5,350.45,353.5,53832840
SCAPDVR,20210430,2.3,2.3,2.3,2.3,54861
SCHAEFFLER,20210430,5324,5324.35,5185,5233.4,10568
SCHAND,20210430,102,102,96.05,98.45,102742
SCHNEIDER,20210430,90.7,92.5,90.1,90.65,179792
SCI,20210430,103.25,107.35,102.4,104.45,2243947
SDBL,20210430,31,31.4,30.55,30.85,39947
SEAMECLTD,20210430,413.6,416.6,408.1,408.85,2947
SECURKLOUD,20210430,90.55,91.8,87.15,88.9,43918
SELAN,20210430,124,148.7,121.55,131.15,975120
SEPOWER,20210430,3.95,4.1,3.8,3.95,4670
SEQUENT,20210430,289.8,312,289,291.85,1691686
SESHAPAPER,20210430,156.65,158.45,151.75,152.95,20565
SETCO,20210430,14.45,15.55,14.45,15.35,95533
SETF10GILT,20210430,201.52,204.34,201.52,202.13,410
SETFGOLD,20210430,4174,4174,4155,4163.25,7956
SETFNIF50,20210430,149.5,150.12,148.22,148.43,239411
SETFNIFBK,20210430,335,335,324.63,326.08,57628
SETFNN50,20210430,363.99,363.99,355.67,359.62,8199
SETUINFRA,20210430,0.75,0.75,0.7,0.7,74262
SEYAIND,20210430,59.15,59.5,57.3,58.15,10426
SFL,20210430,2053.3,2119.9,2025.9,2036.7,4419
SGL,20210430,8.35,8.7,8.25,8.4,15932
SHAHALLOYS,20210430,12.5,13.5,12.5,13.1,22651
SHAKTIPUMP,20210430,546,559,534.7,540.2,125100
SHALBY,20210430,121.7,126.6,120.2,122.3,793108
SHALPAINTS,20210430,88.95,90.75,87.15,88.8,44373
SHANKARA,20210430,374.15,376.6,371.1,372.95,35082
SHANTIGEAR,20210430,135,139.2,134.9,136.95,36313
SHARDACROP,20210430,300,307.4,298.05,300.1,44430
SHARDAMOTR,20210430,337.65,345.65,336.8,342.3,21810
SHAREINDIA,20210430,354,367.3,351.5,358.7,93282
SHARIABEES,20210430,370,377,365,366.44,861
SHEMAROO,20210430,99.2,104.5,96,99.45,213738
SHIL,20210430,278.45,293.4,273,284.5,187621
SHILPAMED,20210430,433.85,440.6,425.5,427.45,304526
SHIVAMAUTO,20210430,18.8,19.4,18.5,18.6,68527
SHIVAMILLS,20210430,46,48.45,45.25,47.15,19930
SHIVATEX,20210430,158.2,162.7,145.6,155.1,25886
SHK,20210430,137.8,141.9,137.55,138.25,527575
SHOPERSTOP,20210430,200,203.55,191.55,199.95,97604
SHRADHA,20210430,36,38.55,36,38.55,239
SHREDIGCEM,20210430,69,71.45,68.35,70.35,830777
SHREECEM,20210430,28340,28432.35,27808.15,27910.5,32147
SHREEPUSHK,20210430,154.65,158,150.95,153.4,64888
SHREERAMA,20210430,10.4,10.5,9.9,10.35,76928
SHRENIK,20210430,1.9,2.1,1.9,2.1,13007184
SHREYANIND,20210430,84.85,85.45,82.2,83.65,17291
SHREYAS,20210430,78.85,84.2,78,81,88899
SHRIPISTON,20210430,765,787.95,765,765,95
SHRIRAMCIT,20210430,1445,1479.65,1399.5,1405.7,26288
SHRIRAMEPC,20210430,4,4,3.9,3.95,309304
SHYAMCENT,20210430,5.55,5.6,5.4,5.6,35509
SICAGEN,20210430,21.85,22.65,21,21.35,143393
SICAL,20210430,12.25,12.25,11.55,11.8,319472
SIEMENS,20210430,1880,1912.35,1868,1881.45,212294
SIGIND,20210430,30,30.3,29.45,29.55,5594
SIL,20210430,17.5,18.45,17.05,17.55,31220
SILGO,20210430,49.65,50.95,49.1,49.75,16480
SILINV,20210430,191.9,191.95,184,186.55,3079
SILLYMONKS,20210430,21.95,21.95,21,21,666
SIMBHALS,20210430,8.8,9.2,8.75,9.2,102322
SIMPLEXINF,20210430,30.8,30.85,29.65,30.35,54252
SINTERCOM,20210430,75.45,76,72.75,75,2801
SINTEX,20210430,3.45,3.55,3.35,3.55,1090832
SIRCA,20210430,347.1,347.1,338,340.4,11976
SIS,20210430,354.95,364.9,354.1,361.45,393316
SITINET,20210430,0.85,0.85,0.8,0.8,1074969
SIYSIL,20210430,190.4,198.05,189,196.25,98701
SJVN,20210430,25.4,25.6,25.15,25.2,1278287
SKFINDIA,20210430,2226.7,2247.8,2195.15,2236.55,26904
SKIL,20210430,2.55,2.6,2.45,2.5,33099
SKIPPER,20210430,56,63.3,56,59.65,810988
SKMEGGPROD,20210430,52.2,53.85,51.7,52.85,138789
SMARTLINK,20210430,84.35,86.05,84,85,4929
SMCGLOBAL,20210430,68.9,70.4,68.45,68.65,23256
SMLISUZU,20210430,454.2,459.65,450.05,452.4,8700
SMSLIFE,20210430,598.35,605,584.7,592.85,3003
SMSPHARMA,20210430,149.95,153.55,148.65,150.3,183336
SNOWMAN,20210430,50,51.85,49.5,49.65,2537850
SOBHA,20210430,494.85,502.5,483,486.1,142379
SOLARA,20210430,1492,1545,1485,1522.3,89135
SOLARINDS,20210430,1252,1257,1218,1222.05,13624
SOMANYCERA,20210430,421.1,425,415.25,421.95,22477
SOMATEX,20210430,6.45,6.45,6.15,6.15,14018
SOMICONVEY,20210430,39.45,40.25,39.15,40.15,63028
SONATSOFTW,20210430,569,582,569,572.9,47002
SORILINFRA,20210430,124.7,129.7,123,123.7,40663
SOTL,20210430,1032,1050,1032,1038.4,4806
SOUTHBANK,20210430,7.95,8.1,7.9,7.95,6274485
SOUTHWEST,20210430,40.35,40.35,37.65,37.85,12018
SPAL,20210430,157.6,159.45,154.1,157.1,18975
SPANDANA,20210430,596,609,583.9,599.2,91924
SPARC,20210430,173.85,182.3,172.55,174.9,1462493
SPECIALITY,20210430,40.1,40.9,38.7,40.05,32705
SPENCERS,20210430,72,72.9,71.1,71.55,158522
SPIC,20210430,29.75,31.35,29.6,30.05,781990
SPICEJET,20210430,63,64,62.5,62.8,2619607
SPLIL,20210430,36,36.95,34.75,36,29347
SPMLINFRA,20210430,9.9,10,9.15,9.6,27592
SPTL,20210430,3.1,3.35,3.05,3.25,2454296
SPYL,20210430,0.4,0.4,0.35,0.4,899267
SREEL,20210430,138.6,139.85,137,138.45,4034
SREINFRA,20210430,6.85,7.3,6.8,7.2,2311790
SRF,20210430,6421.1,6590,6386.35,6431.1,214303
SRHHYPOLTD,20210430,276.6,284.9,272,276.8,11459
SRIPIPES,20210430,195,199.95,192,193.05,218651
SRPL,20210430,28,28,27.15,28,155
SRTRANSFIN,20210430,1430,1445,1335.75,1345.05,4155073
SSWL,20210430,704,719.5,691.5,713.75,27268
STAR,20210430,876,889.9,861,864.75,374064
STARCEMENT,20210430,98.75,107.2,96.9,102.9,1865977
STARPAPER,20210430,113.2,118.35,113.2,115.3,31714
STCINDIA,20210430,77.9,81,77.25,78.45,36260
STEELCITY,20210430,41,41,38.55,38.85,33861
STEELXIND,20210430,62.05,66.95,61.6,64.4,301105
STEL,20210430,79.05,79.5,77.1,78.2,4470
STERTOOLS,20210430,194.6,195.3,183.15,185.5,22754
STLTECH,20210430,235,236.35,229.9,230.45,556279
STOVEKRAFT,20210430,463.4,463.7,455.5,457.15,139373
SUBEXLTD,20210430,51.9,56.1,51.6,52.8,18400184
SUBROS,20210430,302.95,312,296.45,299.95,21988
SUDARSCHEM,20210430,638,674.95,632.55,657.1,859381
SUMEETINDS,20210430,4.5,4.6,4.25,4.5,60586
SUMICHEM,20210430,304.8,309.65,298.5,299.2,367744
SUMIT,20210430,9.6,9.6,9.35,9.5,7476
SUMMITSEC,20210430,509.95,530.05,508.05,527.05,2070
SUNCLAYLTD,20210430,3185,3200,3061.7,3127.75,11156
SUNDARAM,20210430,1.2,1.2,1.15,1.2,173403
SUNDARMFIN,20210430,2488.3,2528.55,2470,2481.1,193303
SUNDARMHLD,20210430,75,75.95,73.55,73.8,123769
SUNDRMBRAK,20210430,325.05,337.85,325.05,331.75,1184
SUNDRMFAST,20210430,692,711,672.25,698.6,83773
SUNFLAG,20210430,77.8,84.4,77.1,80.15,3820080
SUNPHARMA,20210430,642,666.6,640.1,654.45,10874266
SUNTECK,20210430,270.5,273,265,266.85,580669
SUNTV,20210430,525,549.95,520.5,543.35,13910216
SUPERHOUSE,20210430,116.25,120.75,115.3,119.8,15686
SUPERSPIN,20210430,4.4,4.7,4.4,4.7,93856
SUPPETRO,20210430,690,735,630.1,727.8,498754
SUPRAJIT,20210430,263.65,264.95,260,260.45,28636
SUPREMEENG,20210430,22.65,23.85,22.65,23.5,3102
SUPREMEIND,20210430,2059.45,2093.35,2008.3,2049.55,60503
SURANASOL,20210430,8.65,8.8,8.2,8.65,18622
SURANAT&P,20210430,4.15,4.3,4.15,4.15,44946
SURYALAXMI,20210430,31.4,31.4,29.05,29.15,2824
SURYAROSNI,20210430,408.9,427,394,416.05,287881
SURYODAY,20210430,249.65,250.7,247.4,249.95,499526
SUTLEJTEX,20210430,40.2,42,40.2,41.3,81397
SUULD,20210430,234.8,244.45,234.8,244.45,11976
SUVEN,20210430,101,106.55,100,102.9,986484
SUVENPHAR,20210430,537,546.65,536.4,541.05,230140
SUVIDHAA,20210430,33.95,33.95,33.95,33.95,20602
SUZLON,20210430,4.6,5.05,4.5,4.8,34555117
SWANENERGY,20210430,139.8,139.8,130.2,132.05,140696
SWARAJENG,20210430,1494.9,1494.9,1463.8,1470.25,5817
SWELECTES,20210430,199.7,206,198.2,204.65,12307
SWSOLAR,20210430,303,314.9,299.5,301,710785
SYMPHONY,20210430,1188,1205,1170,1176.65,93980
SYNGENE,20210430,573.5,574.4,551.1,553.75,1512977
TAINWALCHM,20210430,68.75,69.9,66.3,68.65,5883
TAJGVK,20210430,108.7,108.7,106.05,108.45,78363
TAKE,20210430,51,52.35,50.4,50.6,1821767
TALBROAUTO,20210430,215.4,216,208.6,213.15,16082
TANLA,20210430,861.2,888.8,861.2,883.75,78013
TARC,20210430,27.65,28.25,27.3,27.95,108713
TARMAT,20210430,49.15,49.9,47.4,49.6,48548
TASTYBITE,20210430,16712,16900,16181.9,16762.2,2816
TATACHEM,20210430,758.25,797,750.35,792.45,9213112
TATACOFFEE,20210430,133.25,139.85,129,131,14620229
TATACOMM,20210430,1110,1124.85,1081,1100.2,643639
TATACONSUM,20210430,671,678,665.05,669.5,2206232
TATAELXSI,20210430,3380,3519.6,3320,3480.1,287367
TATAINVEST,20210430,1041.25,1062.75,1020.35,1025.85,107224
TATAMETALI,20210430,913,1091,908.35,1055.7,5199293
TATAMOTORS,20210430,298.2,301.3,292.55,293.85,36121668
TATAMTRDVR,20210430,129.8,130.5,127.15,127.9,1145901
TATAPOWER,20210430,96.95,101.4,96.25,98.85,40125740
TATASTEEL,20210430,1024,1052.6,1011.1,1034,28129738
TATASTLBSL,20210430,69.3,74.95,68.5,72.25,25939788
TATASTLLP,20210430,848,895.7,847,895.7,164711
TBZ,20210430,62,64.8,61.8,62.75,146309
TCI,20210430,263.05,267,261.95,264.5,29625
TCIDEVELOP,20210430,315.05,315.05,300.3,303.8,2761
TCIEXP,20210430,900,904.65,880.1,889.3,6528
TCIFINANCE,20210430,4.9,4.9,4.7,4.7,11507
TCNSBRANDS,20210430,483,490.5,479.65,484.15,4992
TCPLPACK,20210430,480.65,492.6,475,477.2,6767
TCS,20210430,3099,3132.05,3020,3035.65,3072305
TDPOWERSYS,20210430,161,163.9,159.1,159.95,26097
TEAMLEASE,20210430,3306,3374.75,3200,3257.45,17545
TECHIN,20210430,3,3.05,2.85,2.95,6686
TECHM,20210430,973.8,976.9,955.4,960.4,3129105
TECHNOE,20210430,291.6,295.9,288.15,294.2,29918
TEJASNET,20210430,186.5,195,184.6,187.75,415542
TEMBO,20210430,140,140,135,137.45,131326
TERASOFT,20210430,37.75,39.4,36.1,37.2,51125
TEXINFRA,20210430,70.7,70.7,69.9,70.15,38907
TEXMOPIPES,20210430,27.45,28.7,27.1,28.45,244826
TEXRAIL,20210430,25.35,26.4,25.1,25.75,509674
TFCILTD,20210430,56,57.55,55.9,56.6,92506
TFL,20210430,2.6,2.6,2.4,2.4,4552
TGBHOTELS,20210430,4.55,4.6,4.45,4.5,12500
THANGAMAYL,20210430,625.2,628.1,601,606.15,27931
THEINVEST,20210430,103,115.9,102.05,109.9,191143
THEMISMED,20210430,345.75,394,345.75,371.8,170290
THERMAX,20210430,1500,1516,1472.85,1477.85,41949
THOMASCOOK,20210430,48,49.5,47.05,47.6,244807
THOMASCOTT,20210430,7.45,7.45,7.1,7.1,9
THYROCARE,20210430,1051.95,1083.8,1020,1025.1,892618
TI,20210430,35.65,37.9,34.65,36.65,579736
TIDEWATER,20210430,4505.15,4554.4,4370.35,4480.2,2188
TIIL,20210430,389.95,400,385,391.3,12546
TIINDIA,20210430,1274.9,1274.9,1215,1234.7,43536
TIJARIA,20210430,7.25,7.25,7,7,26072
TIL,20210430,157,168.65,157,166.15,8613
TIMESGTY,20210430,51,51,51,51,3722
TIMETECHNO,20210430,76,77.8,75,75.4,482412
TIMKEN,20210430,1385,1420,1368.55,1404.15,76858
TINPLATE,20210430,194.5,206.7,191,198.45,2715004
TIPSINDLTD,20210430,551.6,563.9,546.05,559.55,6238
TIRUMALCHM,20210430,96.75,99.3,96.05,96.65,588190
TITAN,20210430,1500,1516.55,1471,1491.65,3691399
TMRVL,20210430,11.65,11.7,11.3,11.6,12019
TNPETRO,20210430,72.1,74.45,72,72.4,868768
TNPL,20210430,138.05,140.25,137.55,137.9,108414
TNTELE,20210430,5.25,5.25,4.8,5.25,13497
TOKYOPLAST,20210430,73.25,73.55,70.5,71.1,6657
TORNTPHARM,20210430,2481,2544.8,2480.95,2509.25,183152
TORNTPOWER,20210430,391.6,399.35,384.4,396.3,518050
TOTAL,20210430,42.3,45.05,39.85,40.6,137165
TOUCHWOOD,20210430,88.05,94.7,87.75,89.1,7605
TPLPLASTEH,20210430,229.95,230.2,217.05,220.8,10588
TREEHOUSE,20210430,8.3,8.5,7.9,8.15,12051
TREJHARA,20210430,33,36.2,32.5,35.05,151505
TRENT,20210430,776.6,790.7,760.95,776.7,1841225
TRF,20210430,91.9,97.35,91.15,93.5,36393
TRIDENT,20210430,13.7,13.9,13.55,13.8,5442282
TRIGYN,20210430,77,86.3,76.8,81.9,580893
TRIL,20210430,19.15,19.9,18.5,19.3,342921
TRITURBINE,20210430,101,102.4,99.8,100.75,131954
TRIVENI,20210430,120.3,126.5,116.55,122.45,1546620
TTKHLTCARE,20210430,625,639,610.05,614.8,10242
TTKPRESTIG,20210430,7560.05,7760.05,7368,7401.25,11224
TTL,20210430,47.85,48,46.35,46.9,16598
TTML,20210430,13.65,13.95,13.3,13.95,8343103
TV18BRDCST,20210430,33.35,34.4,33.3,33.95,8115531
TVSELECT,20210430,138,140.45,135,135.65,48050
TVSMOTOR,20210430,628,640,622.05,630.9,3096434
TVSSRICHAK,20210430,1785.5,1871,1770.1,1797.6,33504
TVTODAY,20210430,278,295,278,285.05,78448
TVVISION,20210430,2.2,2.2,2,2.2,118592
TWL,20210430,46.9,48.05,46.3,47.1,296064
UBL,20210430,1192.7,1231.55,1190,1211.9,532896
UCALFUEL,20210430,138.05,140,136.65,138.6,33605
UCOBANK,20210430,10.9,11.1,10.9,11,3709688
UFLEX,20210430,398,413.9,396,405.25,307843
UFO,20210430,72.6,72.75,70.85,71.1,78275
UGARSUGAR,20210430,22.3,25.85,22,23.85,6529825
UJAAS,20210430,2.5,2.5,2.45,2.5,519692
UJJIVAN,20210430,205.5,207.85,200.65,202.6,527790
UJJIVANSFB,20210430,28.45,29.45,28.1,28.75,2984190
ULTRACEMCO,20210430,6380,6424,6233.55,6278.95,475175
UMANGDAIRY,20210430,54.35,59.25,54.3,58.8,129840
UMESLTD,20210430,3.05,3.15,2.85,3,46572
UNICHEMLAB,20210430,337.6,343.95,319.05,322.75,104279
UNIDT,20210430,309.9,309.9,294.1,302.85,2412
UNIENTER,20210430,78.2,81.85,76.2,79.55,20802
UNIONBANK,20210430,34.5,35.8,33.6,34.2,9469425
UNITEDTEA,20210430,306.1,309,299.65,302.95,1891
UNIVASTU,20210430,40.45,42.35,40.15,41.65,21313
UNIVCABLES,20210430,140.45,145.1,139,144.05,38576
UNIVPHOTO,20210430,176.75,178.5,171.3,174.5,852
UPL,20210430,610.8,621,604.05,606.9,3072295
URJA,20210430,6.1,6.1,5.9,6,1078059
USHAMART,20210430,42.45,49.25,42.15,48.25,18736987
UTIAMC,20210430,626.15,649,622.95,639.15,694551
UTIBANKETF,20210430,33.62,33.62,32.5,32.83,13571
UTINEXT50,20210430,36.28,36.28,35,35.5,13988
UTINIFTETF,20210430,1540.75,1560,1530,1530.32,496
UTISENSETF,20210430,515,519.99,507.1,510.12,1546
UTISXN50,20210430,41.42,41.99,40,40,341
UTTAMSTL,20210430,7.05,7.5,7.05,7.25,400693
UTTAMSUGAR,20210430,112.15,135.95,109.65,131.6,2572443
V2RETAIL,20210430,108.2,110.55,105.6,106.45,22702
VADILALIND,20210430,867,949,867,929.95,51883
VAIBHAVGBL,20210430,4252,4259.8,4150,4169.8,34482
VAISHALI,20210430,38.2,38.2,38.2,38.2,47554
VAKRANGEE,20210430,52,52,50.4,50.95,2712779
VALIANTORG,20210430,1501.2,1616,1487.4,1547.35,171112
VARDHACRLC,20210430,36,37.9,35.75,37,86754
VARDMNPOLY,20210430,18.3,18.7,17.75,18.35,38314
VARROC,20210430,380.65,385,368.3,370.85,52811
VASCONEQ,20210430,16.8,17,15.5,15.8,511448
VASWANI,20210430,9.8,10.1,9.3,9.3,74244
VBL,20210430,937,970,933.35,950.55,444033
VEDL,20210430,255.05,266.2,252.55,257.25,21911292
VENKEYS,20210430,1569.75,1584,1552.1,1556.55,29084
VENUSREM,20210430,318.4,318.55,309.45,312.8,32685
VERTOZ,20210430,248.2,254.35,244.5,245.3,174220
VESUVIUS,20210430,1052,1075,1045,1058.3,10370
VETO,20210430,133.15,134.15,130,130.55,15865
VGUARD,20210430,223.5,225.8,222,223.1,339067
VHL,20210430,1734.9,1755.05,1702,1719.85,1459
VICEROY,20210430,2,2,1.9,2,20067
VIDHIING,20210430,191.7,193.5,185.1,186.35,79418
VIJIFIN,20210430,0.95,0.95,0.85,0.95,651406
VIKASECO,20210430,1.95,2,1.85,1.9,4490631
VIKASMCORP,20210430,3,3.1,2.95,3,2930233
VIKASPROP,20210430,2.25,2.3,2.2,2.2,885792
VIKASWSP,20210430,6.8,6.95,6.4,6.75,316007
VIMTALABS,20210430,248.5,269,245.25,256.7,575590
VINATIORGA,20210430,1688,1749,1679.05,1697.7,167717
VINDHYATEL,20210430,802,815,796,808.9,6346
VINYLINDIA,20210430,127.6,132.95,126.5,126.85,110263
VIPCLOTHNG,20210430,13.1,13.3,12.7,12.95,35249
VIPIND,20210430,350,357.6,332.15,345.4,297532
VIPULLTD,20210430,27.55,28,26.65,26.95,6645
VISAKAIND,20210430,584.4,599,574.95,580.9,161738
VISASTEEL,20210430,7.5,7.75,7.5,7.75,48102
VISHAL,20210430,48.3,50.4,48.3,49.5,104098
VISHNU,20210430,334,344,322.55,330.5,14978
VISHWARAJ,20210430,114.75,120.25,110.95,115,85006
VIVIDHA,20210430,0.7,0.75,0.65,0.7,733569
VIVIMEDLAB,20210430,34,34,34,34,171641
VLSFINANCE,20210430,88,89.1,85.95,86.6,39596
VMART,20210430,2704.2,2709.4,2642.65,2652.6,9742
VOLTAMP,20210430,1075,1095.95,1075,1080.9,3973
VOLTAS,20210430,959.95,977.8,954.95,957.15,1402209
VRLLOG,20210430,218,222.55,213.45,216.65,57929
VSSL,20210430,207,209,200.4,204.3,422819
VSTIND,20210430,3218,3238,3196.05,3229.1,3581
VSTTILLERS,20210430,1825,1835,1805.45,1820.1,4347
VTL,20210430,1155,1191.4,1150,1171.9,37845
WABAG,20210430,250.1,258.2,247,248.55,256347
WABCOINDIA,20210430,6824.95,6984.85,6651,6745.25,6302
WALCHANNAG,20210430,58.5,66.5,58.5,62.7,816586
WANBURY,20210430,107.5,107.5,105,105.4,28925
WATERBASE,20210430,106.9,108.35,105.5,105.75,81483
WEALTH,20210430,121.4,122.85,115.2,122.85,633
WEBELSOLAR,20210430,39.05,41.2,39.05,39.7,136033
WEIZMANIND,20210430,42.4,43.35,41.35,42.75,2718
WELCORP,20210430,144.55,148,142,142.9,915960
WELENT,20210430,104.6,104.8,102,102.2,87644
WELINV,20210430,398.05,410.95,384.95,400.35,1179
WELSPUNIND,20210430,81,81.75,79.05,79.5,1293844
WENDT,20210430,3210,3250,3152,3215.4,588
WESTLIFE,20210430,432,438.75,431.5,437.15,42033
WHEELS,20210430,458.5,458.5,444,445,8567
WHIRLPOOL,20210430,2173.95,2249.85,2153.3,2221.45,158285
WILLAMAGOR,20210430,16.95,18.85,16.75,18.4,18499
WINDMACHIN,20210430,30.85,30.85,29.45,29.9,91802
WIPL,20210430,57,57,57,57,3
WIPRO,20210430,491.5,511.8,489.3,492.75,29115571
WOCKPHARMA,20210430,505.1,532.75,505,514.65,2313729
WONDERLA,20210430,177,180,176.2,178.1,30341
WORTH,20210430,55.95,58,53.6,56.35,33643
WSI,20210430,4.5,4.5,4.5,4.5,632
WSTCSTPAPR,20210430,203.1,210.4,201,203.75,116626
XCHANGING,20210430,65,68.75,65,67.45,119615
XELPMOC,20210430,280.15,288.6,280.15,283.25,19141
XPROINDIA,20210430,128.95,128.95,128.95,128.95,13324
YAARII,20210430,93.6,94.5,89.9,93,470444
YESBANK,20210430,14.5,14.8,14.4,14.55,98365622
ZEEL,20210430,185.3,190.95,183.65,185.6,11435285
ZEELEARN,20210430,10,10.15,9.95,10.1,229360
ZEEMEDIA,20210430,6.3,6.55,6.15,6.45,1738865
ZENITHEXPO,20210430,69,72.85,65.65,69.65,1537
ZENITHSTL,20210430,0.95,0.95,0.95,0.95,24545
ZENSARTECH,20210430,262,270.05,254.7,264.3,416876
ZENTEC,20210430,74.15,76.55,74.15,74.45,157268
ZODIACLOTH,20210430,90.4,93.5,89.85,91,33701
ZODJRDMKJ,20210430,26.4,27.7,26.05,27.45,1375
ZOTA,20210430,154,155.55,152,152.45,6648
ZUARI,20210430,89.75,90.4,88.65,89.05,47062
ZUARIGLOB,20210430,78.3,79.05,77.55,78.85,18079
ZYDUSWELL,20210430,2095,2117,2083.6,2097.9,26694
NSENIFTY,20210430,14747.35,14855.45,14601.70,14631.10,594744498,0
NIFTYJUNIOR,20210430,34746.35,35129.30,34676.35,34759.20,374231017,0
NIFTYMIDCAPLIQ15,20210430,5721.75,5820.90,5686.50,5700.25,153620368,0
NSE100,20210430,14891.25,15005.40,14760.30,14790.60,968975515,0
NIFTY200,20210430,7726.25,7787.25,7668.50,7683.95,1887984268,0
NSE500,20210430,12425.80,12524.10,12341.20,12364.35,2316126882,0
NSEMIDCAP150,20210430,9113.55,9203.90,9090.65,9128.70,940579905,0
MIDCAP50,20210430,6710.95,6821.50,6677.15,6725.20,857177119,0
NSEMIDCAP,20210430,24109.70,24410.50,24032.70,24195.90,919008753,0
NSESMLCAP100,20210430,8544.70,8645.10,8524.80,8565.10,-,0
NIFTYLARGEMIDCAP250,20210430,-,-,-,7992.27,1909555420,0
NIFTYAUTO,20210430,9701.30,9780.35,9619.00,9640.85,87886826,0
BANKNIFTY,20210430,33112.40,33455.25,32663.40,32781.80,356408638,0
NIFTYFINSERVICE,20210430,15790.80,15872.95,15526.60,15560.10,179686908,0
NIFTYFMGC,20210430,33970.25,34098.90,33544.85,33623.45,35650551,0
NSEIT,20210430,25777.75,26154.30,25593.90,25664.45,56502891,0
NIFTYMEDIA,20210430,1540.65,1571.60,1536.35,1547.95,38879387,0
NIFTYMETAL,20210430,4819.60,4936.50,4791.65,4847.95,452819405,0
NIFTYPHARMA,20210430,13271.35,13619.55,13263.35,13469.25,44768895,0
NIFTYPVTBANK,20210430,17711.95,17927.45,17524.15,17582.45,298975831,0
NIFTYPSUBANK,20210430,2045.00,2103.60,2035.00,2055.25,258173178,0
NIFTYREALTY,20210430,308.50,313.35,307.70,309.60,13804259,0
NIFTYCOMMODITIES,20210430,4687.00,4760.70,4668.90,4699.85,409500002,0
NIFTYCONSUMPTION,20210430,5887.30,5917.35,5820.80,5836.95,76299151,0
NIFTYCPSE,20210430,1776.25,1845.85,1770.85,1813.75,179148714,0
NIFTYENERGY,20210430,17926.70,18387.35,17897.05,18031.10,239507505,0
NIFTY100ESG,20210430,-,-,-,2908.38,634052917,0
NIFTY100ENHESG,20210430,-,-,-,2924.66,567287450,0
NIFTYINFRA,20210430,4040.90,4117.20,4031.60,4053.10,338981245,0
NIFTYMNC,20210430,16018.35,16089.35,15905.60,15935.75,169661090,0
NIFTYPSE,20210430,3104.60,3226.00,3093.30,3175.85,610513178,0
NIFTYSMEEMERGE,20210430,-,-,-,2051.06,438920,0
NIFTYSERVSECTOR,20210430,20595.65,20766.55,20345.90,20387.55,296755845,0
NIFTYSHARIAH25,20210430,-,-,-,5447.94,186491199,0
NIFTY50SHARIAH,20210430,-,-,-,3521.21,163330195,0
NIFTY500SHARIAH,20210430,-,-,-,4340.72,488630823,0
NIFTYABGROUP,20210430,-,-,-,4564.63,125861568,0
NIFTYMAHINDRA,20210430,-,-,-,12308.71,26948456,0
NIFTYTATA,20210430,-,-,-,10314.90,163107184,0
NIFTYTATA25CAP,20210430,-,-,-,7849.66,129174033,0
NIFTYABGROUP,20210430,-,-,-,4564.63,125861568,0
NIFTYLIQ15,20210430,3684.15,3737.85,3673.50,3684.45,275014352,0
NIFTY500VALUE50,20210430,-,-,-,4867.47,1009365753,0
NIFTYQUALLOWVOL30,20210430,-,-,-,10386.65,157392640,0
NIFTYALPHAQUALLOWVOL30,20210430,-,-,-,12087.20,155256224,0
NIFTYALPHAQUALVALLOWVOL30,20210430,-,-,-,9154.56,175254910,0
NIFTY50EQUALWEIGHT,20210430,16337.10,16521.55,16290.55,16331.40,594744498,0
NIFTY100EQUALWEIGHT,20210430,17175.20,17365.50,17138.35,17189.45,968975515,0
NIFTY100LOWVOL30,20210430,11224.05,11310.40,11175.75,11196.10,211102551,0
NSEDEFTY,20210430,-,-,-,6844.22,-,0
NIFTY50DIVPOINT,20210430,6.67,6.67,6.67,6.67,-,0
NIFTYDIVOPPS50,20210430,3039.70,3070.45,3027.85,3033.90,463757535,0
NIFTYALPHA50,20210430,24481.45,24781.80,24437.60,24547.70,533220130,0
NIFTY50ARBITRAGE,20210430,-,-,-,1953.27,-,0
NIFTY50FUTINDEX,20210430,-,-,-,4794.49,-,0
NIFTY50FUTTRINDEX,20210430,-,-,-,15217.67,-,0
NIFTYHIGHBETA50,20210430,-,-,-,1798.91,1049370508,0
NIFTYLOWVOL50,20210430,-,-,-,13745.82,242806739,0
NIFTY50VALUE20,20210430,7433.35,7515.45,7391.10,7409.35,293554056,0
NIFTYGROWSECT15,20210430,7173.45,7219.45,7123.55,7138.30,45961264,0
NIFTY50TR2XLEV,20210430,8799.75,8929.95,8625.00,8659.65,-,0
NIFTY50PR2XLEV,20210430,6587.30,6684.75,6456.45,6482.40,-,0
NIFTY50TR1XINV,20210430,257.25,259.70,255.40,259.20,-,0
NIFTY50PR1XINV,20210430,297.20,300.05,295.05,299.50,-,0
NIFTY-GS-COMPSITE,20210430,2298.12,2300.50,2297.39,2299.86,-,0
NIFTY-GS-4-8YR,20210430,2412.12,2414.06,2410.62,2412.40,-,0
NIFTY-GS-8-13YR,20210430,2248.32,2251.57,2247.62,2251.78,-,0
NIFTY-GS-10YR,20210430,2042.53,2046.59,2040.77,2045.84,-,0
NIFTY-GS-10YR-CLN,20210430,953.67,955.61,952.83,955.26,-,0
NIFTY-GS-11-15YR,20210430,2411.91,2415.67,2411.37,2413.44,-,0
NIFTY-GS-15YRPLUS,20210430,2656.14,2658.54,2656.14,2646.55,-,0
VIX,20210430,23.31,23.77,22.60,23.03,0,0
