20MICRONS,20211013,66,66,63,63.35,496773
21STCENMGM,20211013,51.1,51.1,51.1,51.1,1943
3MINDIA,20211013,25929.5,26390,25661.2,26158.95,7367
3PLAND,20211013,14.1,14.1,13.75,13.95,9858
5PAISA,20211013,520.4,535.45,505,516.2,129809
63MOONS,20211013,106.95,106.95,102,102.7,134974
A2ZINFRA,20211013,5.05,5.2,4.75,4.85,1017790
AAKASH,20211013,216.95,217.25,196.65,199.9,58945
AAREYDRUGS,20211013,36.65,38.5,36.3,37.1,133321
AARON,20211013,110.05,114.3,107.6,109.35,7655
AARTIDRUGS,20211013,625.05,628.75,622,623.95,157862
AARTIIND,20211013,1108,1123.5,1099.5,1108,712933
AARTISURF,20211013,1470,1475,1450.35,1457.95,67930
AARVEEDEN,20211013,26.25,27.2,25.5,26.05,36099
AARVI,20211013,63.5,64.45,63.2,63.45,18191
AAVAS,20211013,2838.1,2899.9,2822.4,2853.6,164196
ABAN,20211013,70,72.9,66.5,67,928728
ABB,20211013,1834.95,1877,1800,1806.85,132820
ABBOTINDIA,20211013,21902,21902,21500,21589.05,13179
ABCAPITAL,20211013,109.3,110.3,107.5,107.75,3010876
ABFRL,20211013,273.95,275.6,266.6,270,3898543
ABMINTLLTD,20211013,124.3,124.3,124.25,124.25,1006
ABSLAMC,20211013,681.1,681.95,672,678.2,1050858
ABSLBANETF,20211013,383.78,386.37,383.37,383.37,521
ABSLNN50ET,20211013,441.09,447.9,441,445.3,1253
ACC,20211013,2257.5,2269.8,2250,2259.7,280779
ACCELYA,20211013,1369.9,1379.95,1338,1349.25,40817
ACCURACY,20211013,163.5,178,156.3,174.45,312181
ACE,20211013,268.2,268.2,256.1,258.15,722580
ACRYSIL,20211013,778,778,743.5,751.65,72796
ADANIENT,20211013,1568.45,1608.3,1551.3,1569.7,3923958
ADANIGREEN,20211013,1208.35,1220,1180,1193.5,265060
ADANIPORTS,20211013,740.6,764.6,739.1,759,9083125
ADANIPOWER,20211013,102.4,106.7,101.8,106.7,10940656
ADANITRANS,20211013,1664,1718,1662.7,1702.75,225360
ADFFOODS,20211013,882.6,940,870.65,926.6,63864
ADL,20211013,43.05,44.9,41.25,43.8,1241
ADORWELD,20211013,697,720,688.8,715.5,11746
ADROITINFO,20211013,11,11,10.75,11,17848
ADSL,20211013,84.35,96,82.65,92,1990927
ADVANIHOTR,20211013,81.45,83,79.8,80.55,36115
ADVENZYMES,20211013,404.6,409.35,390.35,393.5,316995
AEGISCHEM,20211013,233.85,236,230,230.75,851380
AFFLE,20211013,1202,1203,1168,1171.8,342834
AGARIND,20211013,368.3,376.05,357.65,362.55,31995
AGCNET,20211013,1023,1044.9,981,1014.9,3630
AGRITECH,20211013,74.5,75.85,73.1,73.45,4448
AGROPHOS,20211013,18.95,19,18.2,18.35,80750
AHLADA,20211013,172.3,173.8,166.5,167.85,24884
AHLEAST,20211013,192.45,192.5,187,189.3,7324
AHLUCONT,20211013,364.15,367.8,354,357,55739
AHLWEST,20211013,279,282,275.5,278.5,2664
AIAENG,20211013,1880,1880,1840,1850.9,409108
AIRAN,20211013,21.4,21.8,20.35,20.85,177918
AIROLAM,20211013,85.6,88.7,81.1,83.7,180673
AIRTEL-RE,20211013,196,210,195.95,206.85,3770121
AJANTPHARM,20211013,2280.35,2300,2245,2259.4,64874
AJMERA,20211013,358.2,363,348.3,350.45,18661
AJOONI,20211013,63,63.95,62.3,63.3,143610
AJRINFRA,20211013,1.5,1.55,1.45,1.5,2576766
AKASH,20211013,219.45,257.5,216.9,248.65,309433
AKG,20211013,44.55,44.55,44.55,44.55,13520
AKSHARCHEM,20211013,507.05,523.85,502,506.1,34810
AKSHOPTFBR,20211013,8.85,9.05,8.55,8.8,595570
AKZOINDIA,20211013,2251,2261,2230,2245,7654
ALANKIT,20211013,17.65,17.7,17,17.1,2317364
ALBERTDAVD,20211013,618.3,628.8,611,615.5,49717
ALEMBICLTD,20211013,115.95,115.95,113.95,114.2,187110
ALICON,20211013,770,780.05,764,772.7,12862
ALKALI,20211013,92,93.85,90,90.6,66354
ALKEM,20211013,3935.2,3983.7,3917.15,3937.95,153263
ALKYLAMINE,20211013,3926,4035.9,3926,4014,56631
ALLCARGO,20211013,273.9,284.9,273.7,281,710493
ALLSEC,20211013,489.2,493.1,461.9,464.3,19220
ALMONDZ,20211013,118,122.45,118,122.45,47447
ALOKINDS,20211013,26.65,27.4,25.8,26.3,40577162
ALPA,20211013,55.6,55.8,53,53.85,34345
ALPHAGEO,20211013,444,453,436,438.5,185400
ALPSINDUS,20211013,4.1,4.1,4.1,4.1,61779
AMARAJABAT,20211013,770.5,774.95,763,765.75,725572
AMBER,20211013,3674,3745,3614.3,3678.2,72335
AMBICAAGAR,20211013,20.5,21.9,18.4,19.5,149958
AMBIKCO,20211013,2030,2045,1939.95,1986.75,45210
AMBUJACEM,20211013,406,407.9,403.05,404,3780216
AMDIND,20211013,32.8,32.8,31.2,31.35,42390
AMIORG,20211013,1267.95,1341,1251.25,1324.1,854722
AMJLAND,20211013,37.25,38.35,36.4,36.55,33478
AMRUTANJAN,20211013,850.5,904.85,834.65,884.85,740079
ANANTRAJ,20211013,75,75.9,72.5,73.45,310803
ANDHRACEMT,20211013,15.85,16.2,15,15.85,1545486
ANDHRAPAP,20211013,242,247,240.8,241.75,71648
ANDHRSUGAR,20211013,672.8,688,667,669,135221
ANDREWYU,20211013,27.3,28.1,26.5,26.85,327108
ANGELBRKG,20211013,1463.9,1689,1451,1593.2,3878256
ANIKINDS,20211013,23.45,23.65,22.4,22.75,32460
ANKITMETAL,20211013,2.8,2.8,2.8,2.8,199198
ANMOL,20211013,152,153.5,151,151.85,73445
ANSALAPI,20211013,10.6,10.8,10.5,10.6,306524
ANSALHSG,20211013,6.45,6.55,6.35,6.4,274650
ANTGRAPHIC,20211013,0.85,0.85,0.8,0.8,32097
ANUP,20211013,961.4,980.1,954,964.6,23724
ANURAS,20211013,794.9,820.7,782,804.15,100612
APARINDS,20211013,715,716.3,690.9,697.05,85363
APCL,20211013,395,398,390,391.35,21500
APCOTEXIND,20211013,439.4,442,426,428.7,197766
APEX,20211013,311.5,320.65,307.3,309.35,276152
APLAPOLLO,20211013,879.7,879.7,853,854.4,319088
APLLTD,20211013,822.45,825.95,804,816.05,327875
APOLLO,20211013,124.2,125.5,122,122.4,100155
APOLLOHOSP,20211013,4385,4409,4340,4377.5,302343
APOLLOPIPE,20211013,1956.25,1964.35,1909,1917.85,15863
APOLLOTYRE,20211013,241,244.4,238.2,239.1,3312096
APOLSINHOT,20211013,893.9,995,864.15,939.55,59967
APTECHT,20211013,313,318.8,308,309.35,219397
APTUS,20211013,332,334.7,325,326.8,421703
ARCHIDPLY,20211013,33,33.5,32.5,33.4,12066
ARCHIES,20211013,19.45,19.45,18.6,18.8,56373
ARENTERP,20211013,27.5,29.95,27.5,28.5,10696
ARIES,20211013,145.95,147.95,145.05,146,32747
ARIHANT,20211013,26.45,27.3,25.65,26.2,16572
ARIHANTCAP,20211013,144.8,155,143.25,148.45,154542
ARIHANTSUP,20211013,177.5,178.9,167,168.9,159324
ARMANFIN,20211013,1065.9,1065.9,993,1014.1,94194
AROGRANITE,20211013,66.15,67.4,63.85,64.25,56483
ARROWGREEN,20211013,121.95,123.9,115.6,117.5,14724
ARSHIYA,20211013,42.4,44.65,40.7,42.45,1958998
ARSSINFRA,20211013,28.65,31.95,28.65,30.95,389966
ARTEMISMED,20211013,35.75,36.4,34.55,34.65,136443
ARVEE,20211013,87,89.95,87,88.1,1342
ARVIND,20211013,107.2,127.55,107.1,127.55,12916592
ARVINDFASN,20211013,328.95,345,326,332.4,667436
ARVSMART,20211013,191.3,199.4,187.9,194.55,134946
ASAHIINDIA,20211013,366.75,375,362.9,372,109489
ASAHISONG,20211013,366,366.85,353,355.1,24085
ASAL,20211013,79.5,81.75,79.45,81.75,49532
ASALCBR,20211013,639.6,653.65,605.45,610.95,428961
ASHAPURMIN,20211013,125.55,127.8,124.6,125.5,54293
ASHIANA,20211013,199.4,200.4,194.2,195.75,281511
ASHIMASYN,20211013,19.95,20.15,19.5,20,141400
ASHOKA,20211013,122.3,125,117.1,118.1,4745240
ASHOKLEY,20211013,141.4,149.7,141.2,146.45,61438642
ASIANHOTNR,20211013,91,91,86.35,89.1,32418
ASIANPAINT,20211013,3343,3358.9,3291.4,3323.5,770144
ASIANTILES,20211013,159,159.75,153.65,156.05,553699
ASPINWALL,20211013,199.85,202.45,186.25,188.55,15713
ASTEC,20211013,1295,1305.1,1256.05,1282.85,28517
ASTERDM,20211013,212.5,212.85,208.8,209.4,257780
ASTRAL,20211013,2260,2340.85,2259.05,2318.45,324645
ASTRAMICRO,20211013,209,214.8,204,211.05,1121061
ASTRAZEN,20211013,3179.1,3187.25,3126.2,3150.35,15810
ASTRON,20211013,58.45,59.2,57.8,58.05,90758
ATFL,20211013,1023.45,1038.45,1020,1022.7,4381
ATGL,20211013,1392.3,1454,1385,1447.5,193395
ATLANTA,20211013,13.4,13.4,12.65,12.95,37982
ATUL,20211013,10763.85,10855,10628.75,10729.4,15834
ATULAUTO,20211013,245,249.7,237.05,238.75,301273
AUBANK,20211013,1225,1239.95,1206.3,1207.75,802573
AURIONPRO,20211013,202.35,211,200.5,208.05,35418
AUROPHARMA,20211013,735,735,725.05,728.55,1220720
AUSOMENT,20211013,68.25,68.3,65.1,66.05,4194
AUTOAXLES,20211013,1359.7,1414.5,1355,1390.55,68171
AUTOIND,20211013,63.5,63.5,61.1,62.7,41362
AVADHSUGAR,20211013,476,483.3,460,466.1,211262
AVANTIFEED,20211013,586.35,590.9,576.35,577.7,214727
AVTNPL,20211013,87.1,89.9,86.55,88.15,229179
AWHCL,20211013,398.95,402.6,386.05,389.55,548393
AXISBANK,20211013,799.95,804.5,793.2,794.6,4381414
AXISBNKETF,20211013,386.06,390.14,385.2,389.44,1545
AXISBPSETF,20211013,10.36,10.36,10.34,10.34,11335
AXISCADES,20211013,81.95,86.45,81.95,86.45,47387
AXISCETF,20211013,71.89,73.4,71.89,72.1,890
AXISGOLD,20211013,40.61,40.95,40.61,40.91,148726
AXISHCETF,20211013,88.9,88.9,87.45,88.41,5810
AXISNIFTY,20211013,194.48,194.48,188.37,189.95,3541
AXISTECETF,20211013,356,356,350.15,354.99,3133
AYMSYNTEX,20211013,111.65,111.65,107.35,108,43835
BAFNAPH,20211013,133,137.1,128.8,131.85,11847
BAGFILMS,20211013,3,3.15,3,3.15,151784
BAJAJ-AUTO,20211013,3994.95,4050,3956.6,3967.65,648769
BAJAJCON,20211013,260.6,260.75,257.1,259.05,457632
BAJAJELEC,20211013,1238,1243.45,1220,1231.65,116477
BAJAJFINSV,20211013,18355,18574.9,18148.6,18188.25,318388
BAJAJHIND,20211013,15.1,15.7,14.3,14.4,14637709
BAJAJHLDNG,20211013,4790,4794,4710,4732.1,22211
BAJFINANCE,20211013,7907.9,8010,7861.3,7929.3,1052438
BALAJITELE,20211013,67.3,67.7,66,66.55,352788
BALAMINES,20211013,4490.25,4563.05,4455,4472.95,36149
BALAXI,20211013,628.8,629.9,606.15,611.05,4219
BALKRISHNA,20211013,24.3,24.3,22,22,27386
BALKRISIND,20211013,2618.45,2639.95,2579,2591.7,183555
BALMLAWRIE,20211013,130.6,133.7,129.65,131.5,528865
BALPHARMA,20211013,104,110.75,103.5,105.55,107544
BALRAMCHIN,20211013,377.85,389.7,374,385.75,1829374
BANARBEADS,20211013,77.5,78.15,74.1,74.45,14604
BANARISUG,20211013,2411,2449,2345,2385.8,7948
BANCOINDIA,20211013,199,201.95,192.5,195,129445
BANDHANBNK,20211013,331.7,335.3,327,328.15,2933368
BANG,20211013,37.55,37.75,36.4,36.6,20236
BANKA,20211013,81,82.55,77.4,82.55,13177
BANKBARODA,20211013,88.95,89.15,87.55,87.85,37149033
BANKBEES,20211013,387.25,389.5,387.25,388.18,274440
BANKINDIA,20211013,59.5,60.4,59,59.25,19093199
BANSWRAS,20211013,183.9,190,181.25,186.85,19870
BARBEQUE,20211013,1246,1268.75,1217.6,1235,183532
BASF,20211013,3432.65,3470.95,3415,3420.6,26343
BASML,20211013,65.75,65.8,63.55,65.1,140547
BATAINDIA,20211013,2105,2106,2049.4,2063.95,806107
BAYERCROP,20211013,5233.7,5233.7,5190.05,5198.6,8046
BBL,20211013,1329.85,1370,1319.75,1357.7,25226
BBTC,20211013,1150,1173.25,1144.7,1155.2,86772
BCG,20211013,90.1,90.1,81.6,81.6,4905704
BCLIND,20211013,264.85,264.9,256.1,261.15,117869
BCP,20211013,4,4.05,3.85,3.9,714366
BDL,20211013,383,387.2,378,378.8,195585
BEARDSELL,20211013,15.4,15.4,14.55,14.7,9371
BECTORFOOD,20211013,427.5,431.5,422.8,425.45,187510
BEDMUTHA,20211013,46.5,49.3,43.35,49,171753
BEL,20211013,211.1,213.95,207.1,208.65,5621151
BEML,20211013,1539,1554.7,1516.8,1523.5,190206
BEPL,20211013,221,222.5,209.3,210.2,7932106
BERGEPAINT,20211013,826.75,833.7,821.7,829.15,679367
BESTAGRO,20211013,995,1060.6,983.4,1019.3,81320
BFINVEST,20211013,381.7,397,376.5,380.4,208892
BFUTILITIE,20211013,463.9,490,463,472.7,1556537
BGRENERGY,20211013,71.9,73.15,68.05,69.6,598206
BHAGERIA,20211013,299,303.9,295.05,297.4,87191
BHAGYANGR,20211013,49.2,50.35,49.2,49.5,24800
BHAGYAPROP,20211013,31.55,32.25,30.4,31,12646
BHANDARI,20211013,4.3,4.3,3.9,3.9,1406015
BHARATFORG,20211013,792,813.7,790.8,804.2,2937616
BHARATGEAR,20211013,173.7,176.9,172.5,173.75,54895
BHARATRAS,20211013,12300.95,12446.15,12250,12287.6,1441
BHARATWIRE,20211013,66.5,67.7,64.5,65,22157
BHARTIARTL,20211013,689,696.8,683.1,689.9,7062149
BHEL,20211013,71.7,80.35,71.5,76.25,284153085
BIGBLOC,20211013,142,144.85,133.1,137,34796
BIL,20211013,221.25,230.8,221.25,226.75,6069
BINDALAGRO,20211013,23.75,24.1,23.05,23.25,224920
BIOCON,20211013,359.95,359.95,351.3,352.25,4417346
BIOFILCHEM,20211013,69.05,71,66.75,68.15,55037
BIRLACABLE,20211013,92.5,95.15,92.5,94.35,71785
BIRLACORPN,20211013,1414.7,1428,1390,1403.6,89492
BIRLAMONEY,20211013,68.55,70,65.05,67.9,845977
BIRLATYRE,20211013,27,27.55,26.3,26.45,537992
BLBLIMITED,20211013,14.6,14.6,13.3,13.6,185100
BLISSGVS,20211013,113,113.4,112.4,112.7,236809
BLKASHYAP,20211013,30.25,30.95,29.2,29.5,284835
BLS,20211013,263,263,244.15,244.75,377273
BLUECHIP,20211013,0.4,0.4,0.3,0.4,45508
BLUECOAST,20211013,5.5,5.9,5.5,5.9,774
BLUEDART,20211013,6590,6595,6481.2,6499.3,17231
BLUESTARCO,20211013,914.9,922,900.05,914.3,86497
BODALCHEM,20211013,147.25,147.65,141.8,142.6,1029848
BOMDYEING,20211013,95.8,105.9,95.35,104.5,20165655
BOROLTD,20211013,227.8,237,227.6,230.2,435967
BORORENEW,20211013,412.2,431.25,412.2,431.25,623082
BOSCHLTD,20211013,18199,18570,17836.55,17910,71000
BPCL,20211013,457,460.4,453.3,458.65,7036361
BPL,20211013,151.9,151.9,151.9,151.9,44396
BRFL,20211013,7.3,7.55,7.15,7.35,609860
BRIGADE,20211013,466.8,478.4,454.55,462.4,598707
BRITANNIA,20211013,3871.4,3894.1,3854.5,3883.7,174222
BRNL,20211013,29.85,30.3,29.65,30.1,93815
BROOKS,20211013,133.95,136.2,133.25,134.4,24365
BSE,20211013,1470,1478,1414.2,1421.4,771216
BSHSL,20211013,282.9,297.15,282.1,295.65,1905
BSL,20211013,87.95,89.25,85.15,89.25,71290
BSLGOLDETF,20211013,4299.2,4311.05,4290,4302.8,301
BSLNIFTY,20211013,200.99,202,198.36,200.95,426
BSLSENETFG,20211013,582,582,569,574.36,406
BSOFT,20211013,419.45,426.75,418.05,423.45,1115287
BURGERKING,20211013,162.7,164.65,161.55,162.6,1734025
BURNPUR,20211013,3.7,3.7,3.65,3.7,76028
BUTTERFLY,20211013,981,1040,981,1009.9,15001
BVCL,20211013,22.8,23.9,22.7,23.25,4155
BYKE,20211013,38.45,38.7,34.8,36.05,213593
CADILAHC,20211013,542.5,547.3,538.25,545.65,1223053
CALSOFT,20211013,32.5,32.5,32.5,32.5,64060
CAMLINFINE,20211013,193.85,195.1,190.55,192.05,345410
CAMS,20211013,3125,3130,3075.15,3081.85,219883
CANBK,20211013,189,189.65,184.65,186.6,31426577
CANFINHOME,20211013,699,708.5,687,689.35,756337
CANTABIL,20211013,625,631,613,615.65,2968
CAPACITE,20211013,196.45,198.15,189,190.35,287999
CAPLIPOINT,20211013,930,949,903.2,928.6,637007
CAPTRUST,20211013,91.5,94.4,91.5,92.95,4813
CARBORUNIV,20211013,901.7,915,890.2,901.75,200064
CAREERP,20211013,159.9,159.9,156.65,157.65,18273
CARERATING,20211013,684.8,696.7,684,687.4,170553
CARTRADE,20211013,1379,1393,1351.25,1359.95,160283
CASTROLIND,20211013,148.4,149.6,145.5,146.5,1249322
CCCL,20211013,0.5,0.5,0.45,0.45,56645
CCHHL,20211013,7.7,7.85,7.35,7.35,101556
CCL,20211013,422,426.6,415.5,416.9,818950
CDSL,20211013,1419,1435,1409,1417.2,399679
CEATLTD,20211013,1389,1404,1360.1,1363.3,229545
CEBBCO,20211013,35.95,35.95,34.1,34.4,100021
CELEBRITY,20211013,12.25,12.25,11.65,11.65,126696
CENTENKA,20211013,476.35,485,463,465.95,61773
CENTEXT,20211013,9.25,9.5,9.1,9.25,276867
CENTRALBK,20211013,23.4,23.8,23.1,23.3,11417716
CENTRUM,20211013,47.85,47.9,44.35,45.1,8377944
CENTUM,20211013,536.95,536.95,512.8,529.35,24104
CENTURYPLY,20211013,512.15,517,511.25,515.1,225070
CENTURYTEX,20211013,941,949.9,925,936.15,295829
CERA,20211013,5428.9,5630,5415.35,5587.75,26931
CEREBRAINT,20211013,54.95,55.45,54,54.45,173520
CESC,20211013,90.9,92.15,90.6,91.4,4614308
CGCL,20211013,520.1,544,520.1,526.35,30240
CGPOWER,20211013,117.95,118,114.05,115.25,1875987
CHALET,20211013,249.8,250.3,241.6,242.95,396326
CHAMBLFERT,20211013,388.4,399.4,378.75,384.25,1201923
CHEMBOND,20211013,262.35,262.35,251.2,252.95,35104
CHEMCON,20211013,446.3,446.3,440.25,442.35,164491
CHEMFAB,20211013,206.05,218,205,208.6,105730
CHEMPLASTS,20211013,765,795,746,764.55,899091
CHENNPETRO,20211013,136,139.4,135.8,136.5,993119
CHOLAFIN,20211013,576.15,600.4,573.15,594.5,2968636
CHOLAHLDNG,20211013,749.85,750,725.95,744.9,54969
CIGNITITEC,20211013,622.3,630.7,614,617.15,87727
CINELINE,20211013,130.5,130.5,124,124.9,37156
CINEVISTA,20211013,17.15,17.15,15.75,15.8,76844
CIPLA,20211013,921.65,924.45,912.05,913.5,1821818
CLEAN,20211013,2288,2292.55,2185.1,2208.3,350118
CLEDUCATE,20211013,96.15,96.15,96.15,96.15,16177
CLNINDIA,20211013,609.95,624.95,603.3,609.6,116199
CLSEL,20211013,121.25,131.15,119.5,126.75,273603
CMICABLES,20211013,45.05,45.3,44,44.85,53263
COALINDIA,20211013,194,194.55,189.35,190.05,17378156
COASTCORP,20211013,289.9,294,280.3,290.1,23315
COCHINSHIP,20211013,380,381.3,372,374.3,650399
COFFEEDAY,20211013,31.7,34.5,31.55,34.5,3714709
COFORGE,20211013,5315,5350,5285,5337.8,180526
COLPAL,20211013,1719,1724.1,1692.1,1694.8,311469
COMPINFO,20211013,27.65,28.35,27.05,27.35,249230
COMPUSOFT,20211013,18.25,18.25,18.25,18.25,76573
CONCOR,20211013,704.65,704.65,680,688.65,1717145
CONFIPET,20211013,90,91.15,88,88.35,991974
CONSOFINVT,20211013,175,178.15,166.05,169.15,28989
CONTROLPR,20211013,325.6,330.55,322.55,323.15,32172
CORALFINAC,20211013,45,46,44.25,44.55,339328
CORDSCABLE,20211013,57.9,60.85,56.85,57.85,115891
COROMANDEL,20211013,859.95,882.65,856.8,869.6,756920
COSMOFILMS,20211013,1539.25,1560,1516.05,1533.7,53072
COUNCODOS,20211013,4.05,4.1,3.65,3.75,667055
CPSEETF,20211013,32.48,32.6,31.74,31.84,1872206
CRAFTSMAN,20211013,2285,2540,2280.75,2426.7,207267
CREATIVE,20211013,277,277,277,277,12822
CREATIVEYE,20211013,4.1,4.1,4.05,4.05,276
CREDITACC,20211013,678.15,685,672.9,679.65,380163
CREST,20211013,129.3,129.3,123.1,125.7,13135
CRISIL,20211013,3020,3035.05,2930.95,2950.1,30719
CROMPTON,20211013,478.75,483.95,478.25,482.45,883507
CSBBANK,20211013,318,325,317.75,320.85,335985
CTE,20211013,66.8,66.8,61.5,62.45,67577
CUB,20211013,171,172.45,166.45,168.9,2046049
CUBEXTUB,20211013,25.2,25.2,23.6,24.2,7532
CUMMINSIND,20211013,907,911.05,895.65,898.05,456620
CUPID,20211013,240.6,244.95,240,243.25,95034
CYBERMEDIA,20211013,10.45,10.45,9.75,10.1,7587
CYBERTECH,20211013,174.5,174.5,168.3,170.85,67288
CYIENT,20211013,1097.6,1104.65,1075.5,1079.85,198986
DAAWAT,20211013,68.95,73.7,68.55,73.1,4392520
DABUR,20211013,621.45,625,616.1,623.8,1499629
DALBHARAT,20211013,2081.7,2097.2,2050,2072.85,242926
DALMIASUG,20211013,460,470,456.2,459.3,162429
DAMODARIND,20211013,42.95,44.75,42.7,44,27500
DANGEE,20211013,191,191,188.75,189.55,1679
DATAMATICS,20211013,368,368.5,354,356.55,331514
DBCORP,20211013,99,99.9,98.2,98.55,134140
DBL,20211013,703.1,749.8,702.05,725.4,3277441
DBREALTY,20211013,37.5,37.5,37.5,37.5,585318
DBSTOCKBRO,20211013,18.2,18.2,17.3,17.55,7139
DCAL,20211013,240.15,246,235.1,237.35,759755
DCBBANK,20211013,92.65,93.95,91.7,92.3,2166572
DCM,20211013,52.35,53.85,51.15,52.2,36369
DCMFINSERV,20211013,2.8,2.8,2.8,2.8,9446
DCMNVL,20211013,239.1,243.25,235,237.75,35807
DCMSHRIRAM,20211013,1239.4,1239.4,1200.05,1211.55,89145
DCW,20211013,54.9,54.9,52,53.1,1357276
DECCANCE,20211013,755,787.35,751.15,771.35,58720
DEEPAKFERT,20211013,419,422,410.2,414.55,259822
DEEPAKNTR,20211013,2850,2910.05,2835,2875.7,779826
DEEPENR,20211013,48,48,46.05,46.7,31242
DEEPINDS,20211013,161.3,161.3,152.1,153.15,97645
DELPHIFX,20211013,686.1,686.1,670.5,678.95,1879
DELTACORP,20211013,287.95,289.7,278.05,283.45,6679620
DELTAMAGNT,20211013,67.3,67.35,64.15,67.35,13297
DEN,20211013,53.6,53.9,51.85,52.2,1933075
DENORA,20211013,338.95,338.95,328.95,331.8,16129
DEVYANI,20211013,114.15,115,113.15,114.05,4895053
DFMFOODS,20211013,343.95,346,338.1,343.3,77275
DGCONTENT,20211013,13.4,13.7,12.45,12.9,27243
DHAMPURSUG,20211013,328.9,337.55,324,329.15,1060734
DHANBANK,20211013,16.7,17.3,16.6,16.85,2144348
DHANI,20211013,196,201.9,194.6,196,1959751
DHANUKA,20211013,835,837.4,825,830.55,56804
DHARSUGAR,20211013,20.9,21.45,20.5,20.9,63117
DHUNINV,20211013,634.2,647.8,630,633.25,3223
DIAMONDYD,20211013,701.9,720.05,691.95,710.8,22068
DICIND,20211013,479,479,466.35,468.95,3291
DIGISPICE,20211013,48.45,48.45,46,46.5,102702
DISHTV,20211013,19.5,19.85,19.25,19.35,2966073
DIVISLAB,20211013,5300,5332.65,5217.55,5248.9,363526
DIXON,20211013,5504,5610,5409.05,5503.9,469551
DLF,20211013,431.8,435.8,426,427.5,6351171
DLINKINDIA,20211013,150.3,152.3,147.1,147.75,263485
DMART,20211013,4777,5595,4760.25,5117.15,2593684
DNAMEDIA,20211013,2.25,2.25,2.1,2.25,129375
DODLA,20211013,590.4,596.95,584,586,43046
DOLAT,20211013,92.9,93.5,90.6,91.4,302548
DOLLAR,20211013,433.9,440,425.1,427.65,129265
DONEAR,20211013,59.05,59.75,58,58.15,98122
DPABHUSHAN,20211013,226.05,227.1,219,221.7,5009
DPSCLTD,20211013,16.55,17.3,15.9,16.65,178734
DPWIRES,20211013,221.8,221.9,218,219.95,12195
DRCSYSTEMS,20211013,397,413.3,387.15,401.9,8231
DREDGECORP,20211013,366.8,396.15,366.8,386.1,680449
DRREDDY,20211013,4909,4946,4890.1,4928.45,241596
DSSL,20211013,169.95,173.7,164.3,165.45,45136
DTIL,20211013,294.85,299,287.9,294.7,35396
DUCON,20211013,11.95,11.95,11.95,11.95,22332
DVL,20211013,290,298.75,285,287,56432
DWARKESH,20211013,77.05,78.8,75.8,76.4,3528612
DYNAMATECH,20211013,2846.6,2900.7,2735,2749.95,11131
DYNPRO,20211013,703.8,718.05,688.85,694.4,133230
EASEMYTRIP,20211013,586,594.95,565,568.15,228435
EASTSILK,20211013,5.8,5.8,5.3,5.75,872488
EBANK,20211013,4259.98,4259.98,3949.98,3949.98,130
EBBETF0423,20211013,1150,1151,1148.55,1149.95,10571
EBBETF0425,20211013,1069,1069,1066.58,1068.91,5386
EBBETF0430,20211013,1218,1218,1181.32,1182.45,12339
EBBETF0431,20211013,1059,1060.99,1058,1060.09,15555
ECLERX,20211013,2262.6,2319.5,2233,2247,58970
EDELWEISS,20211013,79.05,81.6,78.4,79.4,4753045
EICHERMOT,20211013,2911,2959.75,2855.25,2905.75,687451
EIDPARRY,20211013,478,510,475.5,482.7,1957849
EIFFL,20211013,141.9,141.9,130.35,131.45,4005
EIHAHOTELS,20211013,437.65,442,427.95,431,36912
EIHOTEL,20211013,142.95,144,139.9,140.95,1023079
EIMCOELECO,20211013,404.75,404.95,390.1,398.5,29022
EKC,20211013,127,127.5,122.5,125.05,294141
ELECON,20211013,168.05,170.25,164,165.65,363631
ELECTCAST,20211013,36.1,37,35.9,36.25,485884
ELECTHERM,20211013,144.85,145,138.55,139.6,29930
ELGIEQUIP,20211013,202.8,205.8,202.05,204.65,147093
ELGIRUBCO,20211013,40.3,41.1,39.5,39.7,54361
EMAMILTD,20211013,538.8,546.85,538.75,541.5,1500461
EMAMIPAP,20211013,168,171.4,168,168.7,80608
EMAMIREAL,20211013,71.35,71.4,69.3,69.55,75318
EMKAY,20211013,116.6,119.9,115,116.15,148107
EMMBI,20211013,106.2,108.85,105.15,107.5,103090
ENDURANCE,20211013,1800,1887,1762.3,1865,512162
ENERGYDEV,20211013,11.6,11.7,11.1,11.35,90227
ENGINERSIN,20211013,78.6,79.6,77.45,77.8,2805179
ENIL,20211013,188.5,188.5,184,185.35,46488
EPL,20211013,238.05,240.4,233.05,233.7,603445
EQUITAS,20211013,136.4,145,135.1,137.7,2441181
EQUITASBNK,20211013,69,69.8,68.25,68.55,1131507
ERIS,20211013,794.8,802.1,771,797.5,108044
EROSMEDIA,20211013,21.9,21.9,21.35,21.45,472495
ESABINDIA,20211013,2385,2491,2342.45,2450.55,47209
ESCORTS,20211013,1522,1558,1512.2,1520.2,1231332
ESSARSHPNG,20211013,12.5,12.75,11.45,11.65,519190
ESTER,20211013,150.55,150.6,145.3,146.35,262999
EUROTEXIND,20211013,12.35,12.35,12.35,12.35,296
EVEREADY,20211013,391.35,399.75,387,389.15,401594
EVERESTIND,20211013,444,449.8,438,440.7,79812
EXCEL,20211013,3.4,3.45,3.2,3.25,118670
EXCELINDUS,20211013,1083.15,1100,1078.05,1082.55,16645
EXIDEIND,20211013,189.35,190.3,187,187.55,3841797
EXPLEOSOL,20211013,1134.9,1134.9,1096,1118.45,12094
EXXARO,20211013,161.25,165.5,157,159.65,736518
FACT,20211013,129.55,130.8,126.5,127.05,175083
FAIRCHEMOR,20211013,2094,2123.95,1986.1,2017.6,16803
FCL,20211013,128,128.95,123.9,125.15,612446
FCONSUMER,20211013,7.9,8.05,7.65,7.7,10434934
FCSSOFT,20211013,1.45,1.5,1.4,1.5,8398427
FDC,20211013,349,369,347.1,357.35,520733
FEDERALBNK,20211013,89.05,94,88.5,93.6,54208636
FEL,20211013,9.9,9.95,9.6,9.65,1576451
FELDVR,20211013,12.7,13.25,12.4,12.5,59166
FIEMIND,20211013,1138,1142.8,1118.5,1125.35,52014
FILATEX,20211013,122.15,122.9,114.1,115.55,2686372
FINCABLES,20211013,500,503.05,488,491.45,84167
FINEORG,20211013,3349.95,3519,3300,3469.35,53717
FINPIPE,20211013,231.5,235,230.6,231.35,543994
FLEXITUFF,20211013,14.9,15.95,14.5,15.95,76243
FLFL,20211013,67,69.55,63.3,64.55,430466
FLUOROCHEM,20211013,2171,2205,2061.9,2110.5,175999
FMGOETZE,20211013,280.95,284.7,278.1,279.05,92893
FMNL,20211013,10.6,10.8,10.45,10.6,201194
FORCEMOT,20211013,1559.9,1595,1522,1528.85,118234
FORTIS,20211013,264.5,275.35,263.2,269.5,2713011
FOSECOIND,20211013,1479,1540,1478.8,1510.5,3007
FRETAIL,20211013,60.95,61.4,56.8,57.35,6651225
FSC,20211013,93,93.55,85.75,86.3,258407
FSL,20211013,206,211.5,206,207.9,3180209
GABRIEL,20211013,158,168.15,158,159.1,1412814
GAEL,20211013,175,181.95,174.55,179.55,965052
GAIL,20211013,158.3,161,158.1,159,9967893
GAL,20211013,2.45,2.5,2.35,2.4,573261
GALAXYSURF,20211013,3400,3495,3364.95,3469.35,32238
GALLANTT,20211013,84.9,85.7,80.3,81.15,355925
GALLISPAT,20211013,55,56.2,53.75,54.7,96941
GANDHITUBE,20211013,437,437,425.05,433.75,11630
GANECOS,20211013,498,515,494.65,501.5,73150
GANESHBE,20211013,91.05,97,90,92.3,107070
GANESHHOUC,20211013,211,218.1,203.1,217.8,396973
GANGAFORGE,20211013,16.85,17.8,16.65,17.5,1416297
GANGESSECU,20211013,92.2,94.9,91.7,93,11179
GARFIBRES,20211013,3480.8,3673.8,3459.15,3614.95,29404
GATI,20211013,147.65,148.55,145.6,146.9,521613
GAYAHWS,20211013,0.8,0.8,0.8,0.8,48764
GAYAPROJ,20211013,49,51.8,48.15,49.85,3610716
GDL,20211013,263.1,274.6,263.1,274.6,142272
GEECEE,20211013,160.7,164,160.7,162.2,23359
GEEKAYWIRE,20211013,90.05,90.55,87.6,89.6,11544
GENCON,20211013,43.75,44.4,42.6,43.4,62753
GENESYS,20211013,313,313.9,291.15,291.15,221486
GENUSPAPER,20211013,11.5,11.85,11.5,11.85,335438
GENUSPOWER,20211013,80.8,84.9,80.75,82.3,1738749
GEOJITFSL,20211013,88.7,89.5,86,86.55,1045237
GEPIL,20211013,308.45,334.35,308.4,331.65,524140
GESHIP,20211013,372.5,373.15,360.55,362.45,441185
GET&D,20211013,132.5,135.55,131.7,134.75,203627
GFLLIMITED,20211013,82.4,85.2,80.2,81.95,240258
GFSTEELS,20211013,3.75,3.75,3.75,3.75,11
GHCL,20211013,459.4,474.75,451.2,459,353413
GICHSGFIN,20211013,156.25,160.35,155.45,156.55,528585
GICRE,20211013,146.2,152.8,145.5,149.6,2567151
GILLANDERS,20211013,62.1,62.5,60.15,60.15,5050
GILLETTE,20211013,5818.65,5847.4,5810,5823.3,4623
GINNIFILA,20211013,35.15,35.9,34,34.3,133898
GIPCL,20211013,96.6,99.5,95.1,97.05,1855865
GISOLUTION,20211013,3.95,3.95,3.65,3.95,6072
GKWLIMITED,20211013,695,705,695,698.25,3251
GLAND,20211013,3799.9,3811.85,3737,3779.4,122941
GLAXO,20211013,1492.6,1499.5,1475,1477.15,47445
GLENMARK,20211013,527.5,535,525.65,529.8,909887
GLFL,20211013,3.25,3.25,3.2,3.2,3093
GLOBAL,20211013,48.4,48.4,44.7,46.2,16646
GLOBALVECT,20211013,61.5,62.35,58.1,59.1,41615
GLOBE,20211013,12.45,12.8,12.3,12.65,315058
GLOBUSSPR,20211013,1480,1499,1430,1450.15,148740
GLS,20211013,667.1,670,666,666.2,107213
GMBREW,20211013,891.55,923,848.85,855.85,542172
GMDCLTD,20211013,78.9,79.3,77,77.3,1295580
GMMPFAUDLR,20211013,4709,4778,4679.55,4693.1,29768
GMRINFRA,20211013,43,46.1,42.9,44.5,52559607
GNA,20211013,1049.55,1064.1,1040.85,1052.05,80042
GNFC,20211013,483.35,486,470.3,476.25,1559351
GOACARBON,20211013,393.55,400,390.8,392.25,43585
GOCLCORP,20211013,365,379.8,359.85,364.5,357388
GODFRYPHLP,20211013,1251.35,1350,1251,1339.7,164807
GODHA,20211013,53,54,52.5,53,1012
GODREJAGRO,20211013,623.35,662.85,623.35,651.25,315074
GODREJCP,20211013,1027,1065,1020.65,1058.35,1527860
GODREJIND,20211013,578,584.7,575,577.85,146004
GODREJPROP,20211013,2440,2479.9,2403.25,2458.05,883199
GOKEX,20211013,222,223.4,214,216.95,375265
GOKUL,20211013,28.2,28.2,27.6,27.8,46006
GOKULAGRO,20211013,42.6,44,42.6,43,294112
GOLDBEES,20211013,41.12,41.12,40.74,40.92,4781734
GOLDENTOBC,20211013,140.75,140.75,140.75,140.75,7755
GOLDIAM,20211013,946.5,958.85,940.1,941.45,45889
GOLDSHARE,20211013,41.9,41.9,41,41.25,148143
GOLDTECH,20211013,44.8,44.85,42.15,43.85,139492
GOODLUCK,20211013,315,315,302,303.65,93123
GOODYEAR,20211013,1073,1073,1058.05,1063.35,37906
GPIL,20211013,1393,1420,1341,1397.4,165162
GPPL,20211013,112.95,113.6,112,112.25,888856
GPTINFRA,20211013,94,94,90.6,91.1,47771
GRANULES,20211013,331.4,334.5,329.6,330.9,1216635
GRAPHITE,20211013,606,612,600,607.85,576328
GRASIM,20211013,1637.65,1713.25,1622.8,1677.05,1347796
GRAUWEIL,20211013,67.45,68.2,65.7,66.4,221164
GRAVITA,20211013,202.8,205.3,198.55,199.3,297193
GREAVESCOT,20211013,135.9,144.8,135.75,142.65,4930642
GREENLAM,20211013,1415.05,1440.05,1400,1412.25,1994
GREENPANEL,20211013,337,347.65,329.15,333.7,186636
GREENPLY,20211013,185.7,192,184.6,185.85,515010
GREENPOWER,20211013,4.9,4.9,4.75,4.9,8001326
GRINDWELL,20211013,1498.25,1533.35,1456.5,1478.35,96258
GRINFRA,20211013,1880,2024,1880,1978.7,235403
GROBTEA,20211013,1200.6,1285,1197.85,1208.75,2061
GRPLTD,20211013,949.95,990,949.95,968.35,995
GRSE,20211013,227.45,239.3,224.1,226.45,1881639
GSCLCEMENT,20211013,50,51.3,49.9,50.15,240953
GSFC,20211013,135.15,144,133.8,139.55,6027281
GSPL,20211013,318.5,322.25,317.05,318.7,629696
GSS,20211013,89.6,93.4,84.3,85.15,135008
GTL,20211013,15.2,15.35,14.95,15.1,162339
GTLINFRA,20211013,1.7,1.75,1.7,1.7,18380467
GTNTEX,20211013,8.7,8.7,8.6,8.6,2879
GTPL,20211013,306,310.5,297.95,301.05,219098
GUFICBIO,20211013,199.3,199.6,195.9,196.55,125789
GUJALKALI,20211013,807.45,814.9,785.1,789.1,457530
GUJAPOLLO,20211013,219.45,220,211.75,213.85,18374
GUJGASLTD,20211013,621.8,636.8,620,630.4,1710420
GUJRAFFIA,20211013,36.35,37.25,35.4,36.3,3983
GULFOILLUB,20211013,594.95,596,590,591.85,37452
GULFPETRO,20211013,54.7,54.9,53.85,54,71623
GULPOLY,20211013,291,300.05,288.1,300.05,83859
HAL,20211013,1400,1428.7,1387,1394.65,933759
HAPPSTMNDS,20211013,1398.85,1399,1375,1378.8,152677
HARRMALAYA,20211013,192.4,195.85,190.05,191.65,124714
HATHWAY,20211013,26.7,26.9,26.1,26.2,3716091
HATSUN,20211013,1440,1480,1420,1461.05,44871
HAVELLS,20211013,1438,1438,1399,1409.7,1406850
HAVISHA,20211013,1.5,1.5,1.4,1.4,212867
HBANKETF,20211013,380,387.09,380,384.54,3841
HBLPOWER,20211013,50.4,51.8,50.1,50.25,826188
HBSL,20211013,43,43.3,38.9,39.85,27983
HCC,20211013,10.45,11,10.4,10.6,9434937
HCG,20211013,254.5,259.45,251.5,254.95,435743
HCL-INSYS,20211013,14.2,14.25,13.85,13.95,845277
HCLTECH,20211013,1263,1270.8,1243.45,1265.35,5705730
HDFC,20211013,2775,2775,2748.2,2765.6,1513606
HDFCAMC,20211013,2910,2920,2898.35,2900.4,198056
HDFCBANK,20211013,1637,1648,1630,1639.4,3112822
HDFCLIFE,20211013,704.3,709.8,700,700.9,3092746
HDFCMFGETF,20211013,42.1,42.1,41.8,41.94,242250
HDFCNIFETF,20211013,193.4,194.26,190.6,193.34,32927
HDFCSENETF,20211013,697.7,697.7,642.06,652.28,1170
HEG,20211013,2425,2450,2400,2412.2,88148
HEIDELBERG,20211013,255.95,256.5,253.2,253.45,120921
HEMIPROP,20211013,139.35,144.8,139.1,140.45,1486980
HERANBA,20211013,790,794,778,779.45,204170
HERCULES,20211013,151.25,154.8,148.3,149.35,60480
HERITGFOOD,20211013,463,479.05,463,467.2,150004
HEROMOTOCO,20211013,2926,2946.85,2907.05,2925.2,754779
HESTERBIO,20211013,2631.1,2649.75,2522.6,2533.7,15461
HEXATRADEX,20211013,172,176.95,163,170.95,4269
HFCL,20211013,77.9,77.9,74.55,75.2,4943113
HGINFRA,20211013,674.7,694.9,670.05,685.75,89035
HGS,20211013,2887.95,2887.95,2840,2853.65,9800
HIKAL,20211013,520,526.7,491,494.4,587288
HIL,20211013,5199.45,5290,5152.1,5161.75,10531
HILTON,20211013,12.6,13.4,12.5,13,11403
HIMATSEIDE,20211013,276.25,280,268,269.1,107279
HINDALCO,20211013,499.95,512,495,508.05,8901206
HINDCOMPOS,20211013,322.85,329.9,322.5,326.8,10588
HINDCON,20211013,74.7,74.7,72.05,74.25,34404
HINDCOPPER,20211013,127,127.35,125.3,125.95,4430850
HINDMOTORS,20211013,13.7,14.35,12.4,14.35,4286789
HINDNATGLS,20211013,36.55,36.55,35.6,35.9,16644
HINDOILEXP,20211013,207.45,208,202,203,311575
HINDPETRO,20211013,330.8,330.8,323.4,325.8,4336076
HINDUNILVR,20211013,2688.1,2693.6,2642.6,2646.75,1660007
HINDZINC,20211013,319.3,341,318.2,332.85,3029449
HIRECT,20211013,191,193,186.35,187.8,12232
HISARMETAL,20211013,130.1,132.5,129.45,130.15,12152
HITECH,20211013,580,596.55,577.05,579.75,17195
HITECHCORP,20211013,231.8,249.1,230.75,238.6,20296
HITECHGEAR,20211013,259.9,279.4,254.2,268.15,61624
HLEGLAS,20211013,6746,6842.8,6666.55,6713.55,14106
HLVLTD,20211013,12.9,13.1,12.25,12.5,425597
HMVL,20211013,78.9,79.9,78.15,78.55,84272
HNDFDS,20211013,2050,2069.15,2025,2043.05,5402
HNGSNGBEES,20211013,321,327.85,320.52,322.17,7182
HOMEFIRST,20211013,674.8,678,648,652.8,139105
HONAUT,20211013,45000,45600,44926,45027.2,2702
HONDAPOWER,20211013,1389.4,1397,1356.4,1378.7,32930
HOTELRUGBY,20211013,2.75,2.75,2.75,2.75,4288
HOVS,20211013,59.8,61.35,56.25,57.75,38010
HPL,20211013,71.95,72.5,71,71.4,207142
HSCL,20211013,51.2,51.7,50.6,50.9,5795415
HSIL,20211013,228.3,231.45,226.6,227.25,158950
HTMEDIA,20211013,26.5,26.6,25.6,25.8,318269
HUBTOWN,20211013,34.65,34.65,34,34.65,88748
HUDCO,20211013,45.2,45.7,45,45.1,3227046
HUHTAMAKI,20211013,267.85,267.85,262.95,263.4,64738
IBMFNIFTY,20211013,180,181,178.5,179.53,419
IBREALEST,20211013,152.9,157,149.35,151.05,11163130
IBULHSGFIN,20211013,239.65,242.85,235.5,236.3,6857319
ICDSLTD,20211013,67.45,67.45,67.45,67.45,7815
ICEMAKE,20211013,73,73.05,71,71.9,18562
ICICI500,20211013,258.43,258.6,251.6,257.01,6416
ICICIALPLV,20211013,182,182.2,180.95,181.96,38356
ICICIB22,20211013,47.1,47.72,46.81,47.63,484701
ICICIBANK,20211013,713.85,715.9,707.95,709.95,6357766
ICICIBANKN,20211013,388,388,374,384.27,14135
ICICIBANKP,20211013,207.7,207.7,197.3,198.2,9586
ICICIFMCG,20211013,407,411.8,407,409.59,1550
ICICIGI,20211013,1533.55,1542.1,1513.9,1520.35,847206
ICICIGOLD,20211013,41.42,42.09,41.42,42.07,609892
ICICILIQ,20211013,999.99,1000,990,999.99,406683
ICICILOVOL,20211013,143.12,147.5,143.12,146.04,644418
ICICIM150,20211013,120.9,121.74,119.87,121.59,92966
ICICIMCAP,20211013,110.05,111.13,107.3,110.82,25100
ICICINF100,20211013,198.7,199.85,196.51,199.09,23681
ICICINIFTY,20211013,209.9,209.9,185.1,194.48,320162
ICICINV20,20211013,97.79,98.2,96.41,98.02,12659
ICICINXT50,20211013,45.25,45.25,44.5,45.08,31136
ICICIPHARM,20211013,90.2,91.04,89.27,90.9,31685
ICICIPRULI,20211013,663,668.55,655.2,656.8,597205
ICICISENSX,20211013,654,659,654,658.1,717
ICICITECH,20211013,359.98,359.98,354.07,358.62,62629
ICIL,20211013,301,304.35,293,294.15,321365
ICRA,20211013,3479.8,3525,3470.45,3491.65,1032
IDBI,20211013,58.65,62.85,55.2,59.2,119290038
IDBIGOLD,20211013,4287,4360,4287,4342.85,73
IDEA,20211013,10.8,11,10.6,10.7,176514112
IDFC,20211013,53.65,54.15,53,53.4,5800860
IDFCFIRSTB,20211013,49.5,49.75,48.7,48.9,25541340
IDFNIFTYET,20211013,187.75,190.36,187.75,190.2,377
IEX,20211013,788.55,819,783,793.7,13829480
IFBAGRO,20211013,717.3,789,707,716.45,252418
IFBIND,20211013,1180,1228,1175.05,1184.55,61429
IFCI,20211013,14.8,14.9,13.9,14.05,19936510
IFGLEXPOR,20211013,321.95,329.8,318.55,321.1,28411
IGARASHI,20211013,535.5,590,535.05,582.6,797433
IGL,20211013,517,523.9,514.5,515.5,5071477
IGPL,20211013,915.05,929.8,893.5,896.8,48913
IIFL,20211013,305.05,310,294,298.4,252535
IIFLSEC,20211013,113.35,116.8,113.35,114.55,815365
IIFLWAM,20211013,1625,1653.2,1625,1648.8,49188
IITL,20211013,76.7,76.7,73.7,73.75,2985
IMAGICAA,20211013,10.95,10.95,10.95,10.95,103372
IMFA,20211013,779,784,766.5,773.4,16914
IMPAL,20211013,799,814.6,794,796.05,4058
INCREDIBLE,20211013,26.7,27.75,26.2,27.15,47698
INDBANK,20211013,27.35,27.7,25.8,25.95,305075
INDHOTEL,20211013,215.4,235.1,214.6,230.85,29860918
INDIACEM,20211013,198.5,202,197.65,198.85,2813804
INDIAGLYCO,20211013,939.7,975,930.25,936,271186
INDIAMART,20211013,8829.55,9555,8745,9480.1,580592
INDIANB,20211013,162,166,158.2,163.55,14750933
INDIANCARD,20211013,179.95,179.95,174.1,177.45,686
INDIANHUME,20211013,206.9,206.9,202.75,203.6,40775
INDIGO,20211013,2140,2140,2010.35,2017.55,1540619
INDIGOPNTS,20211013,2540,2547.2,2507.05,2522.3,21842
INDLMETER,20211013,12.8,13.55,12.15,13.55,172804
INDNIPPON,20211013,391,414.9,390.9,401.75,123259
INDOCO,20211013,452.05,467.8,450.1,460.7,511060
INDORAMA,20211013,53.5,53.5,51.4,51.55,91511
INDOSTAR,20211013,285.65,289.85,283,283.55,53375
INDOTECH,20211013,179.75,181,175.35,177.15,19453
INDOTHAI,20211013,97.05,97.95,92.1,93.15,12689
INDOWIND,20211013,9.35,9.35,9.1,9.35,206250
INDRAMEDCO,20211013,80.45,80.7,79.8,80,225337
INDSWFTLAB,20211013,64.7,64.7,60.15,62.9,190382
INDSWFTLTD,20211013,14.4,14.4,13.75,14.4,57430
INDTERRAIN,20211013,51.45,52.4,48.5,49,480803
INDUSINDBK,20211013,1188.1,1191.95,1175.25,1184.5,1235622
INDUSTOWER,20211013,298.95,303.8,296.6,298.4,1888828
INEOSSTYRO,20211013,1650,1674,1600,1631.2,129948
INFIBEAM,20211013,51.8,51.95,49.15,50.8,23603185
INFOBEAN,20211013,420.95,428.95,410.1,416.55,18993
INFOMEDIA,20211013,3.9,3.9,3.9,3.9,399
INFRABEES,20211013,539.99,543.22,534.08,541.47,5556
INFY,20211013,1695.95,1713.65,1680.05,1709.2,7104171
INGERRAND,20211013,1174.9,1224.2,1152.35,1179.25,81389
INOXLEISUR,20211013,420,424.4,410,412,598566
INOXWIND,20211013,128.8,132.85,120,127.65,3747421
INSECTICID,20211013,720,731.6,710,712.2,17205
INSPIRISYS,20211013,49.95,49.95,45.85,46.25,20119
INTELLECT,20211013,704.95,705,685.6,687.25,196853
INTENTECH,20211013,75.8,76.7,73.55,74.3,76638
INTLCONV,20211013,70.7,70.7,68,68.55,64323
INVENTURE,20211013,2.65,2.7,2.55,2.6,7159087
IOB,20211013,23.3,23.6,22.5,22.65,14745223
IOC,20211013,131.95,132.35,130.3,131.25,9164815
IOLCP,20211013,593.8,613.55,588,599,436086
IPCALAB,20211013,2358,2368.05,2335.35,2362.95,93786
IPL,20211013,308.85,332,307.1,328.45,1554600
IRB,20211013,210.7,213.25,207.5,211.6,2830225
IRCON,20211013,46.3,47,45.75,46.5,3022484
IRCTC,20211013,4851,4960,4831.25,4928.8,3242132
IRFC,20211013,23.5,24.1,23.4,23.65,13948613
IRISDOREME,20211013,225.5,225.5,215,218.9,6909
ISEC,20211013,843,896.05,830,877.3,2281289
ISFT,20211013,147.55,154.1,146.3,153.2,218145
ISGEC,20211013,718,726,706.15,711.4,78012
ISMTLTD,20211013,32.2,33.15,31.25,33.15,521022
ITC,20211013,242.55,250.9,240.15,249.2,50159625
ITDC,20211013,428,429.9,421.25,422.65,46956
ITDCEM,20211013,84.95,91.65,84.95,90.6,3642683
ITI,20211013,121.85,127.1,121.15,124.5,1532415
IVC,20211013,5.85,5.9,5.7,5.75,393930
IVP,20211013,120,120.85,114.65,115.5,16018
IVZINGOLD,20211013,4239,4310,4235.15,4267.5,119
IVZINNIFTY,20211013,2004.2,2004.2,1967.6,1967.6,2
IWEL,20211013,677.55,677.75,650.15,677.75,2925
IZMO,20211013,98.45,98.45,95.2,96.25,49011
J&KBANK,20211013,37.95,39.5,37.8,39.1,6568676
JAGRAN,20211013,61,63.25,61,62.05,306020
JAGSNPHARM,20211013,153.75,154.9,151,151.55,68513
JAIBALAJI,20211013,56.95,56.95,54.1,55.1,64637
JAICORPLTD,20211013,138.8,144,138.5,140.7,3913004
JAIPURKURT,20211013,57,58.9,52.3,57.25,20747
JAMNAAUTO,20211013,96.4,100.8,96,97.15,4107799
JASH,20211013,489,496.75,478,481.95,17975
JAYAGROGN,20211013,262.95,264.35,252.55,256.25,73522
JAYBARMARU,20211013,203.6,218.9,203.6,210.9,472526
JAYNECOIND,20211013,27.25,27.5,26.4,26.85,199806
JAYSREETEA,20211013,111.4,114.95,111.2,112.55,404736
JBCHEPHARM,20211013,1800,1802.5,1784,1789.3,42596
JBFIND,20211013,26,26.6,24.8,25.45,536666
JBMA,20211013,534,624,533,610.5,908314
JCHAC,20211013,2280,2289.25,2221,2228.3,14799
JHS,20211013,27.7,27.7,26.45,26.5,243194
JIKIND,20211013,0.5,0.55,0.5,0.55,9899
JINDALPHOT,20211013,159.85,164,159.85,159.85,23765
JINDALPOLY,20211013,1016,1028.95,1000,1005.5,66304
JINDALSAW,20211013,116.6,118.9,116.25,117.4,1581913
JINDALSTEL,20211013,417,442.55,412,432.6,14252173
JINDRILL,20211013,156.6,159.7,153.1,153.7,73143
JINDWORLD,20211013,114.4,114.4,105,106.4,396188
JISLDVREQS,20211013,29.45,29.8,27.5,27.75,222908
JISLJALEQS,20211013,52.9,53.5,48.7,48.85,10553504
JITFINFRA,20211013,305.95,305.95,291.4,305.95,174857
JKCEMENT,20211013,3458.85,3463.6,3355,3364.5,80653
JKIL,20211013,178.2,181.4,175,177.75,293071
JKLAKSHMI,20211013,645,646.9,630,631.5,251842
JKPAPER,20211013,248.8,253.5,248.1,252.35,1856339
JKTYRE,20211013,152.5,153.95,150.1,151.1,960845
JMA,20211013,65,66.75,63.75,65.15,58886
JMCPROJECT,20211013,112,114.5,110.8,113.35,245577
JMFINANCIL,20211013,93.4,96.9,93,93.9,5422691
JMTAUTOLTD,20211013,3,3.2,2.9,3.05,2586042
JOCIL,20211013,231,235.8,225,230.4,27819
JPASSOCIAT,20211013,10.6,10.85,10.05,10.25,27829911
JPINFRATEC,20211013,2.55,2.55,2.4,2.4,17233395
JPOLYINVST,20211013,119.05,119.05,119.05,119.05,11089
JPPOWER,20211013,5.3,6,5.25,5.55,259575389
JSL,20211013,167.45,175.95,165.8,172.05,2957377
JSLHISAR,20211013,297.45,322.4,296,315.4,1359863
JSWENERGY,20211013,385,398.8,380.1,398.8,1996970
JSWHL,20211013,4720,4795.65,4688.65,4731.05,905
JSWISPL,20211013,33.15,33.85,31.85,32.15,4011428
JSWSTEEL,20211013,673.8,692,671,681.45,5601758
JTEKTINDIA,20211013,108.7,112.45,107.4,110.75,595570
JUBLFOOD,20211013,4320.1,4574.75,4265,4525.7,1238524
JUBLINDS,20211013,517.05,528.05,510,513.8,28818
JUBLINGREA,20211013,796.15,814.8,778.7,788.6,1693361
JUBLPHARMA,20211013,630.35,639,625.05,628.5,221235
JUMPNET,20211013,8.2,8.2,8,8.05,485653
JUNIORBEES,20211013,462.95,464.54,451.05,462.96,109295
JUSTDIAL,20211013,959.45,961.7,927,928.9,624427
JYOTHYLAB,20211013,163.4,165.5,162.7,163.05,324972
KABRAEXTRU,20211013,251.25,256,246.1,248.75,85514
KAJARIACER,20211013,1278,1286.8,1239.1,1247.4,295450
KAKATCEM,20211013,252.5,254.2,246.9,248.75,24517
KALPATPOWR,20211013,426.5,439.4,420.3,433.55,877174
KALYANIFRG,20211013,197,199.15,192,196.25,2209
KALYANKJIL,20211013,79.65,80.25,77.85,78,2240618
KAMATHOTEL,20211013,67.5,68.55,63.55,64.6,383649
KAMDHENU,20211013,256.9,257,250.1,251.45,42736
KANANIIND,20211013,9.5,9.5,8.95,9.2,14594
KANORICHEM,20211013,201.3,204,191.1,193,40549
KANPRPLA,20211013,165,169,165,165.1,18559
KANSAINER,20211013,624,627,584.1,598.4,804090
KAPSTON,20211013,84.05,87.85,83.7,84,3138
KARDA,20211013,21.55,21.55,21.55,21.55,485776
KARMAENG,20211013,24.25,24.4,23.75,24.4,22195
KARURVYSYA,20211013,48.95,50,48.6,49.3,6842396
KAUSHALYA,20211013,2.85,2.9,2.85,2.85,24322
KAVVERITEL,20211013,7.85,7.85,7.85,7.85,37473
KAYA,20211013,516,564.7,514.55,525.35,248064
KCP,20211013,141.95,143,138.45,139.1,262589
KCPSUGIND,20211013,24,24.4,23.1,23.45,371967
KDDL,20211013,452.35,456,441.05,441.4,4773
KEC,20211013,461,471.45,461,464.2,361549
KECL,20211013,26.5,28.45,25,25.9,731338
KEERTI,20211013,19.2,20,19.2,19.5,13722
KEI,20211013,973.65,973.65,950.5,954.45,133960
KELLTONTEC,20211013,51.2,51.4,50.55,50.9,515573
KENNAMET,20211013,1423,1442,1407.8,1413.3,3581
KERNEX,20211013,82.9,85.95,80.1,84.85,15750
KESORAMIND,20211013,69.45,72.4,69.3,70.7,1213391
KEYFINSERV,20211013,80.9,83,78,81.35,6742
KHADIM,20211013,232.85,234,229.75,230.75,154437
KHAICHEM,20211013,70.05,70.05,68.1,68.45,183853
KHAITANLTD,20211013,38.1,40,37.95,38.05,3523
KHANDSE,20211013,17.9,17.9,16.5,16.7,10396
KICL,20211013,2100,2194,2097.85,2148.85,2155
KILITCH,20211013,172.85,175.85,166.7,168.35,22985
KIMS,20211013,1160.15,1160.5,1141,1151.8,92375
KINGFA,20211013,991,1011.9,979.8,986.1,6573
KIOCL,20211013,309,309,293,294.15,135628
KIRIINDUS,20211013,554.9,555.85,541,542.35,213279
KIRLFER,20211013,266.9,270,262.6,263.9,121125
KIRLOSBROS,20211013,396.95,405,387.3,403.05,24599
KIRLOSENG,20211013,214,215,208.7,210.4,168862
KIRLOSIND,20211013,1640,1671,1637.9,1645.7,6426
KITEX,20211013,168.5,169.5,166.5,166.95,131652
KKCL,20211013,994.5,999,985.2,993.9,130117
KMSUGAR,20211013,28.3,28.5,27.35,27.7,433549
KNRCON,20211013,298.7,313.8,296.85,312.45,1562901
KOKUYOCMLN,20211013,68.25,70.8,67.8,69.55,682435
KOLTEPATIL,20211013,320.1,343.8,317.9,339.95,1111414
KOPRAN,20211013,195.2,204.3,195,204.3,191719
KOTAKBANK,20211013,2004,2022,1994.55,2009.35,1742478
KOTAKBKETF,20211013,394.93,394.93,388.22,389.42,152060
KOTAKGOLD,20211013,41.01,41.28,40.96,41.24,748244
KOTAKIT,20211013,35.9,36,35.21,35.53,56759
KOTAKNIFTY,20211013,191.4,192,189.81,191.53,734861
KOTAKNV20,20211013,98.84,100.49,98.75,99.54,6869
KOTAKPSUBK,20211013,260,263.7,257,262.36,92543
KOTARISUG,20211013,33.55,37.4,33.4,36.6,1605675
KOTHARIPET,20211013,53.7,54.3,52.65,52.8,88100
KOTHARIPRO,20211013,104.9,109.1,104.55,109.1,27039
KOVAI,20211013,1684.95,1699.15,1633,1655.25,8403
KPIGLOBAL,20211013,140.05,146.9,139.35,143.75,81962
KPITTECH,20211013,343,348,337.6,341.15,935211
KPRMILL,20211013,465,481.5,459.5,476.1,620369
KRBL,20211013,309.9,332.45,308.55,324.45,1748360
KREBSBIO,20211013,169.75,174.6,165.05,167,39870
KRIDHANINF,20211013,5.3,5.6,4.9,5.3,613148
KRISHANA,20211013,191.95,195.9,187.6,188.6,12692
KRSNAA,20211013,762.25,776.6,755,759.85,160959
KSB,20211013,1296,1314.25,1290.15,1295.85,15589
KSCL,20211013,561.4,561.4,553,553.95,163685
KSL,20211013,390.3,395.65,387.15,391.6,68254
KTKBANK,20211013,70,71.35,70,70.95,2980882
KUANTUM,20211013,83.2,83.9,77.4,79.5,89446
L&TFH,20211013,91.35,93.9,91.15,92.4,15475662
LAGNAM,20211013,54,54.85,50.45,52.55,77994
LALPATHLAB,20211013,3705.9,3782.7,3699.05,3772.2,181359
LAMBODHARA,20211013,86,87.65,83.5,86.75,13775
LAOPALA,20211013,308.65,312.8,305,306.55,109678
LASA,20211013,73.95,73.95,72,73.25,210780
LAURUSLABS,20211013,631.85,636.9,627.8,634.4,2349684
LAXMIMACH,20211013,8350.05,8440.05,8274,8303.25,9852
LCCINFOTEC,20211013,1.9,1.9,1.85,1.9,129208
LEMONTREE,20211013,55.3,56.1,54.25,54.6,8631411
LFIC,20211013,78.05,79.95,77.85,79.75,3824
LGBBROSLTD,20211013,485.9,485.9,471.9,475.4,198719
LGBFORGE,20211013,7.05,7.05,6.65,6.7,247378
LIBAS,20211013,50.5,54,49.3,52.1,1094315
LIBERTSHOE,20211013,180.5,181.75,178.15,178.7,161733
LICHSGFIN,20211013,446.5,454.55,444.5,446.65,2640354
LICNETFGSC,20211013,23.36,23.5,22.9,23.09,6998
LICNETFN50,20211013,191.99,194.65,187.56,192.09,1846
LICNETFSEN,20211013,640,647.99,639.5,643.21,141
LICNFNHGP,20211013,185,186.39,179.32,180.57,1741
LIKHITHA,20211013,373.95,388.9,372,374.35,104764
LINCOLN,20211013,386.4,390.85,378.5,381.35,106594
LINCPEN,20211013,257.3,257.3,240.1,242.3,11884
LINDEINDIA,20211013,2643.8,2649,2589.8,2596.4,66778
LIQUIDBEES,20211013,1002.9,1002.9,999.32,999.99,882934
LIQUIDETF,20211013,1000,1000.01,999.99,1000,125452
LODHA,20211013,1187,1195,1167.2,1180.6,232171
LOKESHMACH,20211013,54.55,54.55,51.5,52.3,54428
LOTUSEYE,20211013,44.7,46.4,43.75,44.7,7693
LOVABLE,20211013,124.4,125.25,123.1,123.85,48512
LPDC,20211013,5,5.1,4.95,4.95,41777
LSIL,20211013,4.7,4.7,4.7,4.7,806632
LT,20211013,1727,1763.9,1724.05,1752.05,2105025
LTI,20211013,5838,5997,5831.2,5951.35,183586
LTTS,20211013,4634,4702.85,4618.95,4692.75,157783
LUMAXIND,20211013,1449.95,1470,1426.95,1462.6,9129
LUMAXTECH,20211013,148.95,148.95,144.75,145.35,153056
LUPIN,20211013,967.1,979.9,959.65,963.3,1254976
LUXIND,20211013,3692,3750,3681.4,3709,35385
LXCHEM,20211013,568.9,571.9,545.15,548,1493051
LYKALABS,20211013,81.6,83.3,79.5,80,66451
LYPSAGEMS,20211013,6,6,5.5,5.85,178881
M&M,20211013,893,971.15,893,935.35,17519612
M&MFIN,20211013,187.3,191.2,185.65,186.05,4806511
MAANALU,20211013,132.55,140,132.2,137.65,62280
MACPOWER,20211013,206,209.9,199,205.15,7472
MADHAV,20211013,64.85,64.85,60.35,60.9,47317
MADHUCON,20211013,6.1,6.1,5.2,5.7,282323
MADRASFERT,20211013,31.75,31.8,31.15,31.25,231654
MAESGETF,20211013,31.43,31.43,29.83,30.83,58689
MAFANG,20211013,53.97,53.97,53.12,53.27,113537
MAFSETF,20211013,18.61,18.9,18.5,18.67,171127
MAGADSUGAR,20211013,313.55,326.55,313.15,316.1,30507
MAGNUM,20211013,8.8,8.8,8.8,8.8,15154
MAHABANK,20211013,21.4,21.5,20.85,21.1,9885761
MAHAPEXLTD,20211013,98.4,102.05,97.95,102.05,8125
MAHASTEEL,20211013,92.8,92.8,90,90.8,58045
MAHEPC,20211013,140.4,140.7,136.35,136.95,82122
MAHESHWARI,20211013,107.5,108.9,105.5,106.5,217780
MAHINDCIE,20211013,246.5,257.5,246.2,252,563728
MAHLIFE,20211013,281.5,281.5,275.3,279.45,136131
MAHLOG,20211013,767,770,750,751.4,101877
MAHSCOOTER,20211013,4754.3,4880,4754.3,4814.65,6945
MAHSEAMLES,20211013,450,475,440.05,456.9,1511269
MAITHANALL,20211013,1102,1139.5,1100,1111.75,133951
MAJESCO,20211013,93.25,93.25,91,91.25,250915
MALUPAPER,20211013,37.95,39,36.35,37.05,116807
MAN50ETF,20211013,210,210.5,184.24,186.75,5581
MANAKALUCO,20211013,20.75,20.75,19.5,19.7,99466
MANAKCOAT,20211013,16.1,16.55,15.55,15.85,238941
MANAKSIA,20211013,67.75,68.3,66.4,66.75,43554
MANAKSTEEL,20211013,31.95,32.2,31.5,31.95,65703
MANALIPETC,20211013,123.5,123.5,120,120.5,324945
MANAPPURAM,20211013,196,198.9,194.7,195.2,3313833
MANGALAM,20211013,145.95,145.95,143.5,143.75,34419
MANGCHEFER,20211013,76,76.8,73.85,74.7,332408
MANGLMCEM,20211013,437.35,448.2,437.35,442.1,19509
MANGTIMBER,20211013,18,18.3,18,18,11877
MANINDS,20211013,114.6,116.9,112.05,112.7,191798
MANINFRA,20211013,106.7,109.8,105.5,109,809845
MANUGRAPH,20211013,12.35,12.85,12.1,12.15,20102
MANXT50,20211013,438.27,442.85,438.07,441.78,1323
MARALOVER,20211013,87,88.75,83.8,85.7,30319
MARATHON,20211013,99,100,96.55,98.4,29344
MARICO,20211013,589.9,591.95,578.35,583.95,1958852
MARINE,20211013,36.15,36.6,35.2,35.4,1404184
MARKSANS,20211013,70.45,71.3,69.8,69.85,1397892
MARUTI,20211013,7740,7749.95,7436.55,7482.15,1084436
MASFIN,20211013,786.85,805,776.1,792.65,57924
MASKINVEST,20211013,36.25,38,36,36.25,508
MASPTOP50,20211013,29.95,29.95,27.75,28.06,73304
MASTEK,20211013,3114.7,3125.25,3053.25,3098.25,102569
MATRIMONY,20211013,995.3,1007,982.4,1001.15,25082
MAWANASUG,20211013,93.45,93.45,90,91.8,74758
MAXHEALTH,20211013,335.7,343.4,330.2,332.4,973485
MAXIND,20211013,81,84.5,79.5,80.95,3253185
MAXVIL,20211013,135,138.05,134,134.55,173783
MAYURUNIQ,20211013,480.05,484.7,475,481.75,72871
MAZDA,20211013,682,694.85,667.5,669.8,12825
MAZDOCK,20211013,271,276.9,267.05,271.25,1363370
MBAPL,20211013,191.95,192,186.95,187.55,6737
MBECL,20211013,7.1,7.1,6.8,6.95,58597
MBLINFRA,20211013,22.25,22.45,21.4,21.9,128664
MCDHOLDING,20211013,76.35,76.35,76.35,76.35,23307
MCDOWELL-N,20211013,913,919.8,897.55,901,2176597
MCL,20211013,39.25,39.25,38.4,38.65,67679
MCLEODRUSS,20211013,29.2,30.35,28.2,30.25,1989445
MCX,20211013,2060.95,2080,2018.3,2026.35,678790
MEGASOFT,20211013,19.95,20.25,19.1,19.25,121496
MENONBE,20211013,77,77.9,75.2,75.75,42860
MEP,20211013,23.15,27.65,23.15,27.65,5042440
MERCATOR,20211013,1.75,1.75,1.7,1.7,1502758
METROPOLIS,20211013,2785,2785,2695,2709.25,244645
MFL,20211013,946,995,946,970.25,74661
MFSL,20211013,1000.8,1011,990.5,993.65,562910
MGEL,20211013,62.55,64.35,60,60.4,42554
MGL,20211013,1069.05,1080,1062.1,1075.05,360757
MHRIL,20211013,243.55,243.55,240.1,241.05,204929
MIDHANI,20211013,198.95,205.5,197.6,198.25,1831780
MINDACORP,20211013,138.65,140,136.05,136.7,490647
MINDAIND,20211013,778.8,830,770.55,822.55,1008066
MINDTECK,20211013,103.15,108.65,102.4,104.25,67207
MINDTREE,20211013,4303.95,4383.35,4276.1,4363.85,833844
MIRCELECTR,20211013,23.5,23.5,21.85,21.85,1244803
MIRZAINT,20211013,65.35,66.2,63.1,64.65,1146130
MITTAL,20211013,10.65,10.65,10.3,10.5,28644
MMFL,20211013,886.25,900,862.3,876.05,13114
MMP,20211013,155.8,157.4,152.6,153.4,21847
MMTC,20211013,45.4,47.15,45.35,45.9,4426197
MODIRUBBER,20211013,89.5,89.5,86.1,87.55,3791
MODISNME,20211013,72.1,73.8,71.3,71.85,43347
MOGSEC,20211013,48.93,48.97,48.87,48.97,1522
MOHITIND,20211013,12.3,12.9,12.1,12.35,25504
MOHOTAIND,20211013,9.95,10.4,9.7,10.4,143627
MOIL,20211013,165.7,171.05,165.65,168.85,778025
MOKSH,20211013,28.2,32.4,28.2,28.75,3783747
MOL,20211013,121.6,124.5,121,122.2,619504
MOLDTECH,20211013,80.25,80.25,78.7,79.5,30685
MOLDTKPAC,20211013,722,743.4,722,725,39413
MOM100,20211013,33.89,34.2,33.41,34.01,318221
MOM50,20211013,194,194,178.3,179.88,2135
MON100,20211013,109.9,109.9,108.3,108.54,763699
MONTECARLO,20211013,388.75,400.5,380,388.6,226539
MORARJEE,20211013,19.05,20.5,19.05,20,50412
MOREPENLAB,20211013,55.35,55.55,54.1,54.4,1802518
MOTHERSUMI,20211013,247.55,257,247.15,253.7,22710117
MOTILALOFS,20211013,911.95,946.85,908.8,923.2,911930
MOTOGENFIN,20211013,26.05,26.05,25,25.75,9387
MPHASIS,20211013,3143,3144.05,3087,3130.3,528691
MPSLTD,20211013,690.7,697,676,682.25,20972
MRF,20211013,86158,86800,85440,86106.55,11972
MRO-TEK,20211013,63.4,67.3,63.25,67.3,19890
MRPL,20211013,51.3,51.95,50.5,50.7,2763635
MSPL,20211013,9.95,10.05,9.75,9.85,340046
MSTCLTD,20211013,425,427.65,409.3,413.8,1568955
MTARTECH,20211013,1719.9,1744,1695.55,1710.55,205910
MTEDUCARE,20211013,9.3,9.35,8.8,9.1,104351
MTNL,20211013,19.95,20.3,19.6,19.8,2418681
MUKANDLTD,20211013,146,148,141,143.65,31194
MUKTAARTS,20211013,40.5,41.5,40.15,40.4,12881
MUNJALAU,20211013,60.65,62.6,60.65,61.65,264424
MUNJALSHOW,20211013,138.2,141.2,137.95,138.9,61704
MURUDCERA,20211013,29.4,29.5,27.9,28.1,159610
MUTHOOTCAP,20211013,412,417.5,407.2,408.6,24953
MUTHOOTFIN,20211013,1546.55,1577.75,1535,1567.05,976346
NACLIND,20211013,79.2,80.9,78.6,79.55,138378
NAGAFERT,20211013,10.55,10.95,10.55,10.65,1146728
NAGREEKCAP,20211013,7.95,7.95,7.95,7.95,1
NAGREEKEXP,20211013,33.65,34.5,33.05,33.8,30942
NAHARCAP,20211013,302,302,291,292.8,18160
NAHARINDUS,20211013,117.5,118.25,115,115.7,31722
NAHARPOLY,20211013,252.7,252.7,241.15,245.1,35277
NAHARSPING,20211013,446,450,440,440.6,15411
NAM-INDIA,20211013,451.4,453.85,440.1,441.65,436152
NATCOPHARM,20211013,897.95,902,889.2,894.15,175650
NATHBIOGEN,20211013,322.1,327,322.1,324.25,16039
NATIONALUM,20211013,105,106.7,103,105.25,51088573
NATNLSTEEL,20211013,4.8,4.8,4.8,4.8,24268
NAUKRI,20211013,6699,6840,6660,6805.9,308452
NAVINFLUOR,20211013,3919,4035,3901.85,3949.55,150790
NAVKARCORP,20211013,43.65,43.65,42.85,43.05,400748
NAVNETEDUL,20211013,120.65,120.9,115.4,115.8,374143
NAZARA,20211013,2903,2963,2890.05,2890.05,70788
NBCC,20211013,48.8,49.8,48.3,49,14345438
NBIFIN,20211013,2622.8,2640.9,2571.55,2606.05,381
NBVENTURES,20211013,126.2,126.5,122.5,122.95,388228
NCC,20211013,82.8,83.35,81.75,81.95,3938902
NCLIND,20211013,258.1,265.95,256.2,258.55,316142
NCPSESDL24,20211013,106.55,106.85,106.55,106.7,504
NDGL,20211013,1429,1429,1355.15,1372.9,357
NDL,20211013,73.45,75.75,71.05,75.75,84877
NDRAUTO,20211013,405,408.75,393.4,395.8,12220
NDTV,20211013,84.1,84.1,82.3,82.8,41403
NECCLTD,20211013,19,19.15,18.8,18.95,44351
NECLIFE,20211013,30.65,31.75,30.55,30.75,452460
NELCAST,20211013,89,92,89,89.8,297375
NELCO,20211013,803,852.6,775,852.6,112360
NEOGEN,20211013,1249,1272,1228.25,1232.45,47129
NESCO,20211013,655.2,665,651,652.85,46726
NESTLEIND,20211013,19500,19605.05,19226.05,19320.65,53925
NETF,20211013,219.99,222.12,215.5,222.12,1374
NETFCONSUM,20211013,81.89,81.89,80,80.66,13933
NETFDIVOPP,20211013,45.12,46.99,45.12,46.29,2613
NETFGILT5Y,20211013,48.92,48.96,48.91,48.94,192
NETFIT,20211013,35.8,35.94,35.52,35.87,599050
NETFLTGILT,20211013,22.57,22.7,22.57,22.6,17790
NETFMID150,20211013,124,124,119.42,121.9,382405
NETFNIF100,20211013,188,189.6,186.05,189.58,1925
NETFNV20,20211013,101.49,101.49,99.27,100.84,3163
NETFPHARMA,20211013,14.79,14.79,14.63,14.75,259490
NETFSDL26,20211013,106.25,106.5,106.1,106.1,93008
NETWORK18,20211013,74,74,68.35,68.95,8609954
NEULANDLAB,20211013,1700,1736.6,1682.05,1736.6,30066
NEWGEN,20211013,595.5,603.95,586,591.25,41797
NEXTMEDIA,20211013,5.5,5.85,5.5,5.8,54856
NFL,20211013,60.8,61.3,59.6,59.8,1404655
NGIL,20211013,110,114,106.2,108.5,9698
NH,20211013,501.5,512.5,501,507.65,92315
NHPC,20211013,30.4,30.4,29.05,29.3,7779181
NIACL,20211013,163.3,168.4,163.3,165.65,421831
NIBL,20211013,28,28.8,27,28.8,222439
NIFTYBEES,20211013,204.85,204.85,185.25,195.56,964360
NIITLTD,20211013,353,357.2,344.65,346.4,448707
NILAINFRA,20211013,7.2,7.4,6.85,6.95,2947280
NILASPACES,20211013,1.95,1.95,1.85,1.85,322206
NILKAMAL,20211013,2656,2690,2650,2661.25,29140
NIPPOBATRY,20211013,1055.2,1056.05,1035,1040.4,32084
NIRAJ,20211013,38.3,38.9,38,38.25,23459
NITCO,20211013,25.65,27.7,25.1,26,148803
NITINSPIN,20211013,221.05,228.9,220.95,222.2,123510
NITIRAJ,20211013,52.75,54,51.8,52.8,7336
NKIND,20211013,43.5,46.45,42.6,43,10231
NLCINDIA,20211013,71,71.9,70.5,71.05,11304329
NMDC,20211013,151.6,155,150.4,151.6,15148397
NOCIL,20211013,315.5,317.6,309.6,310.7,770495
NOIDATOLL,20211013,7.85,7.85,7.85,7.85,81193
NORBTEAEXP,20211013,7,7.1,7,7.1,1670
NOVARTIND,20211013,796.8,808.8,783,787.65,21145
NPBET,20211013,192.4,192.4,186.95,190.99,1471
NRAIL,20211013,337.1,343,326.1,328.95,21116
NRBBEARING,20211013,142.2,145.4,141.05,141.8,195478
NSIL,20211013,1780,1842,1769.15,1796.65,1029
NTL,20211013,2.8,2.8,2.8,2.8,7879
NTPC,20211013,145.5,147.25,144.7,146.35,19100941
NUCLEUS,20211013,581.35,582.45,574.4,575.55,94014
NURECA,20211013,1969.75,1979.9,1818,1848.6,32554
NUVOCO,20211013,539.7,539.7,526.95,534.5,381592
NXTDIGITAL,20211013,566.9,574,520.3,524.35,31493
OAL,20211013,916,929,901,906.6,13895
OBEROIRLTY,20211013,980.85,986.75,962.4,965.15,1098707
OCCL,20211013,1085,1093.05,1076.75,1083.6,12209
OFSS,20211013,4780,4781.4,4700,4743.8,97935
OIL,20211013,235.1,235.5,229,229.7,1075013
OILCOUNTUB,20211013,12.9,12.9,11.7,11.7,50397
OLECTRA,20211013,574.8,579.4,562.9,579.4,424448
OMAXAUTO,20211013,46.45,47.75,46.2,47.75,70967
OMAXE,20211013,82.8,83.45,80.25,81.3,128570
OMINFRAL,20211013,31.15,33.95,31.1,33.05,559312
OMKARCHEM,20211013,23.6,23.6,23.6,23.6,35866
ONELIFECAP,20211013,18.75,19.85,18.35,18.55,19839
ONEPOINT,20211013,32.35,34,31.4,34,134374
ONGC,20211013,163.65,163.8,159.7,160,16690451
ONMOBILE,20211013,122.65,124.9,118.4,119.15,616578
ONWARDTEC,20211013,217.3,221,213.55,216.95,36415
OPTIEMUS,20211013,366.8,367.5,346,350.95,123902
ORBTEXP,20211013,85.3,87.6,81.65,82.8,33776
ORCHPHARMA,20211013,435.1,447,430.1,434.2,3187
ORICONENT,20211013,29.95,30,29.3,29.7,84303
ORIENTABRA,20211013,30.55,31.4,30.15,30.5,105462
ORIENTALTL,20211013,9.2,9.7,9,9.15,36365
ORIENTBELL,20211013,354.05,358.9,351,351.6,11222
ORIENTCEM,20211013,160,160,157.95,158.55,455441
ORIENTELEC,20211013,340,340,332,335.5,210545
ORIENTHOT,20211013,40.25,40.3,39,39.4,465660
ORIENTLTD,20211013,75.5,76.3,72.55,73.1,9312
ORIENTPPR,20211013,33.5,35.9,33.1,34,8138973
ORISSAMINE,20211013,2927,3017,2875,2886.45,28459
ORTINLAB,20211013,30.15,33,30.15,31.7,159106
OSWALAGRO,20211013,17.5,18.15,17.45,17.55,109617
PAGEIND,20211013,37645,38350,37400,37483,38382
PAISALO,20211013,1059,1086,1043.2,1082.75,191858
PALASHSECU,20211013,88.1,91,85.9,86.75,1345
PALREDTEC,20211013,117.05,135,115.1,131.4,662311
PANACEABIO,20211013,269.85,286,263.45,268.95,362236
PANACHE,20211013,57.1,58.75,55.85,56.8,10839
PANAMAPET,20211013,289.15,298.5,286.25,291.5,364675
PAR,20211013,267.05,267.05,267.05,267.05,7630
PARACABLES,20211013,13,13.05,12.5,12.9,325062
PARAGMILK,20211013,136.7,149,135.8,146.15,2091642
PARAS,20211013,595.55,595.55,595.55,595.55,132969
PARSVNATH,20211013,17,17.75,16.7,16.9,1029329
PASUPTAC,20211013,36.3,37.8,34.2,35.25,193853
PATELENG,20211013,27.75,28.45,27.1,27.6,5593775
PATINTLOG,20211013,23.55,23.55,22.9,23.05,52764
PATSPINLTD,20211013,9.75,9.95,9.25,9.25,5734
PBAINFRA,20211013,11.7,11.8,11.05,11.8,22565
PCJEWELLER,20211013,29,29.6,28.3,28.7,5293356
PDMJEPAPER,20211013,45.65,46.55,44.1,44.45,282467
PDPL,20211013,2.85,2.85,2.85,2.85,1023
PDSMFL,20211013,1243.8,1285.5,1243.8,1253.35,3104
PEARLPOLY,20211013,15.65,16.25,15.65,16,5957
PEL,20211013,2801,2849.9,2787.3,2797.05,874513
PENIND,20211013,30.5,30.85,29.8,29.9,770527
PENINLAND,20211013,12.2,12.6,12.05,12.15,173320
PERSISTENT,20211013,3920,4027.4,3876,4002.35,242026
PETRONET,20211013,238,238.5,232.55,233.2,2745149
PFC,20211013,144,145.7,142.25,142.7,9985176
PFIZER,20211013,5559,5560,5510.05,5539.75,13620
PFOCUS,20211013,81.9,83.15,79.2,83.15,35110
PFS,20211013,20.75,21.1,20.2,20.3,2465723
PGEL,20211013,541.75,596.5,530,572.65,128994
PGHH,20211013,13850,13860,13621.15,13715.15,3960
PGHL,20211013,5673.9,5699,5580,5598.35,11789
PGIL,20211013,300.4,323.75,300.25,311.75,33454
PHILIPCARB,20211013,253,256.35,250.85,251.8,2116881
PHOENIXLTD,20211013,969.7,985.25,961.25,980.3,85295
PIDILITIND,20211013,2483.9,2483.9,2456,2474.3,170163
PIIND,20211013,3340,3349,3285.45,3337.4,225208
PILANIINVS,20211013,2004,2022,1993,1997.3,17118
PILITA,20211013,7.55,7.6,7.4,7.45,1499448
PIONDIST,20211013,185.6,187,181.05,183.6,43923
PIONEEREMB,20211013,61.85,62.95,61.65,61.75,105678
PITTIENG,20211013,184,189,172.9,185.5,191811
PKTEA,20211013,325.15,339.85,325.15,335,1068
PLASTIBLEN,20211013,294.45,300,277.75,282.8,202959
PNB,20211013,41.5,42.1,41.3,41.45,82798525
PNBGILTS,20211013,69.4,69.8,67.85,68.1,351156
PNBHOUSING,20211013,645,660,642.2,649.3,95150
PNC,20211013,40,45.05,40,41.7,293766
PNCINFRA,20211013,365,395.9,364.3,391.35,1033704
PODDARHOUS,20211013,209.05,212.75,202,205.1,13208
PODDARMENT,20211013,374,374,364,366.7,9558
POKARNA,20211013,554.5,554.8,512.15,535.05,176063
POLYCAB,20211013,2577,2578.9,2506,2533.2,437183
POLYMED,20211013,970.7,989.95,966,976.9,84232
POLYPLEX,20211013,1854.7,1854.75,1830.05,1841.9,52124
PONNIERODE,20211013,248.6,250.8,236.6,240.8,17238
POONAWALLA,20211013,167.65,167.7,161.5,162.15,808708
POWERGRID,20211013,195.1,204.5,194.15,199.4,24806711
POWERINDIA,20211013,2482,2547.9,2450,2461.75,45871
POWERMECH,20211013,1060.5,1087.85,1031.2,1036.45,57266
PPAP,20211013,267.1,269.85,255.05,257.55,33952
PPL,20211013,159.8,159.95,157,158.25,76567
PRADIP,20211013,1.1,1.1,1.1,1.1,3031
PRAENG,20211013,21.05,21.35,20.25,20.6,84111
PRAJIND,20211013,340,350,334,341.4,391534
PRAKASH,20211013,77.25,79.75,76.15,78.3,2586968
PRAKASHSTL,20211013,2.1,2.15,2.05,2.05,808132
PRAXIS,20211013,49.4,49.4,44.7,44.7,148216
PRECAM,20211013,108.75,113.5,107.75,108.65,1218332
PRECOT,20211013,264.15,264.15,254.85,263,8084
PRECWIRE,20211013,263,263,254.5,260.5,274545
PREMEXPLN,20211013,247.65,265,247.65,261.85,34449
PREMIER,20211013,4,4.05,3.8,4,36864
PREMIERPOL,20211013,73.2,74,68.9,69.3,23335
PRESSMN,20211013,30.3,30.3,28.9,29.25,29150
PRESTIGE,20211013,473.5,475.95,453.5,458.3,1097344
PRICOLLTD,20211013,106.35,114.7,104.9,112.35,6289958
PRIMESECU,20211013,110.55,110.55,103.5,110.55,112400
PRINCEPIPE,20211013,751.25,759,735,736.65,321944
PRITIKAUTO,20211013,18.95,19.3,18.05,18.35,225155
PRIVISCL,20211013,1890,2074,1890,1928.1,89483
PROINDIA,20211013,149.1,149.1,149.1,149.1,18374
PROZONINTU,20211013,29.5,31.7,29,30.5,717604
PRSMJOHNSN,20211013,125.35,126.5,121.8,122.15,302191
PSB,20211013,18.45,18.5,18.05,18.25,947330
PSPPROJECT,20211013,509,514,500.1,505.3,210200
PSUBNKBEES,20211013,29.8,30.7,28.83,29.09,2709318
PTC,20211013,135.1,140.95,133.95,137.15,5814413
PTL,20211013,51.4,51.4,49.35,49.8,172594
PUNJABCHEM,20211013,1544,1573,1515.05,1521.15,62932
PURVA,20211013,135.35,136.5,131.5,132.15,368382
PVP,20211013,5.6,5.6,5.6,5.6,129808
PVR,20211013,1727,1760.15,1708,1712.95,1145725
QGOLDHALF,20211013,2035.95,2035.95,2027,2033.95,182
QNIFTY,20211013,1880.2,1896,1880.2,1896,18
QUESS,20211013,913.4,918.3,896.1,908.25,63214
QUICKHEAL,20211013,235.9,237.5,231.35,232.95,131677
RADAAN,20211013,1.5,1.5,1.4,1.5,88722
RADICO,20211013,1175,1184.7,1120.35,1127.4,1178176
RADIOCITY,20211013,24.3,24.55,24.2,24.35,402920
RAILTEL,20211013,132.75,135.5,131,133.45,1408699
RAIN,20211013,243.5,244.9,238.5,240,1246185
RAJESHEXPO,20211013,608.4,645.5,607.45,637.3,255879
RAJMET,20211013,147.4,147.4,143.7,143.75,7496
RAJRATAN,20211013,2294.45,2294.45,2240,2259.35,3816
RAJSREESUG,20211013,28.15,28.75,27.7,27.8,19905
RAJTV,20211013,35.85,36.55,35.65,36.3,11127
RALLIS,20211013,306.75,324.25,305.2,314.75,2829919
RAMANEWS,20211013,22,22,21.05,21.25,199576
RAMASTEEL,20211013,283.7,287.75,282,284.1,76282
RAMCOCEM,20211013,986.15,995.7,980.7,982.7,256737
RAMCOIND,20211013,299.15,302.2,296.3,296.95,84698
RAMCOSYS,20211013,479.95,484.25,468.6,470.35,282525
RAMKY,20211013,154.05,163.4,154.05,156.1,60007
RANASUG,20211013,29.9,29.9,28.5,28.65,1053503
RANEENGINE,20211013,299.5,302.1,297.05,298.05,6524
RANEHOLDIN,20211013,607,619.9,597,599.2,63573
RATNAMANI,20211013,2209,2220.1,2185,2200.8,10153
RAYMOND,20211013,462.2,475,461.1,463.4,818227
RBL,20211013,872.45,879,863.1,867.65,11320
RBLBANK,20211013,193.65,196.8,192.3,193.35,5105367
RCF,20211013,83.9,84.5,82.6,83.05,2750921
RCOM,20211013,3.25,3.25,3.15,3.15,18734431
RECLTD,20211013,160.75,162.75,159.55,160,5166055
REDINGTON,20211013,145.15,148.85,145.05,147,1793758
REFEX,20211013,149.65,153.1,148.5,148.85,86737
RELAXO,20211013,1369.8,1371.4,1348,1366.15,176901
RELCAPITAL,20211013,22.6,23.4,22.35,23.05,2528223
RELIANCE,20211013,2679,2719.5,2669.3,2694.95,4596429
RELIGARE,20211013,176.3,177.8,172.05,173.3,799862
RELINFRA,20211013,102,103,99.1,100.05,998230
REMSONSIND,20211013,252.9,252.9,238.3,244.05,5527
RENUKA,20211013,29.8,30.95,29.25,30.15,10863578
REPCOHOME,20211013,318.1,333.9,318.1,326.85,382170
REPL,20211013,248.9,254.4,230.25,237.3,141653
REPRO,20211013,555.05,569.8,551.5,558.8,12603
RESPONIND,20211013,125.05,129.4,124.25,127.95,58676
REVATHI,20211013,637.95,638,617.95,623.15,4785
RGL,20211013,884,900,880,891.35,50920
RHFL,20211013,4.15,4.3,4.1,4.2,1405724
RHIM,20211013,359,364,356,357.45,86031
RICOAUTO,20211013,47.4,49.65,47.35,48.3,1252634
RIIL,20211013,744.9,768.7,743.1,750.75,534122
RITES,20211013,289,291.6,286.25,289.8,716949
RKDL,20211013,13.9,13.9,13.9,13.9,20651
RKEC,20211013,78.9,78.9,77,77.95,20548
RKFORGE,20211013,1238.7,1238.7,1183,1186.2,202353
RML,20211013,421.35,425.5,405.95,410.55,37013
ROHITFERRO,20211013,10.65,10.65,10.65,10.65,58237
ROHLTD,20211013,95,95,91.2,92.8,66611
ROLEXRINGS,20211013,1060,1070,1053.05,1060.25,28233
ROLLT,20211013,2.95,2.95,2.75,2.95,3977269
ROLTA,20211013,5.7,5.9,5.6,5.7,736678
ROML,20211013,92.55,97.95,92.55,94.05,21744
ROSSARI,20211013,1562.9,1587,1540.1,1570.9,87779
ROSSELLIND,20211013,174.2,178,171.55,174.85,203280
ROUTE,20211013,2327.8,2338,2242,2259.65,366238
RPGLIFE,20211013,683.7,686.9,671,671.75,36422
RPOWER,20211013,17.2,17.7,16.25,16.95,49716512
RPP-RE,20211013,25.6,28.4,25.6,27.7,116235
RPPINFRA,20211013,63.6,65.1,63.25,63.55,209157
RPSGVENT,20211013,969,972,942.5,950.85,28097
RSSOFTWARE,20211013,38.95,38.95,36.2,36.75,132225
RSWM,20211013,381.5,384.8,362.55,364.3,75447
RSYSTEMS,20211013,210.5,214.95,207.4,212,84279
RTNINDIA,20211013,45.5,45.5,42.4,42.65,1417326
RTNPOWER,20211013,4.35,4.45,4.3,4.45,16084658
RUBYMILLS,20211013,295.1,302,294.25,295.8,27134
RUCHI,20211013,1044,1072.8,1030.8,1053.45,90691
RUCHINFRA,20211013,6.9,7.1,6.9,7,168560
RUCHIRA,20211013,87.5,90.95,87.5,88.2,67709
RUPA,20211013,500,507.95,490,496.45,337294
RUSHIL,20211013,256.75,260.1,255.05,257.1,22132
RVHL,20211013,27.5,28,24.3,24.65,146979
RVNL,20211013,30.3,30.6,30.15,30.2,6973425
S&SPOWER,20211013,31.3,31.35,29.3,31.3,11881
SABEVENTS,20211013,3.2,3.25,3,3,22537
SADBHAV,20211013,49.35,53.05,48.8,52.2,2704680
SADBHIN,20211013,16.15,16.2,15.65,16.1,2807450
SAFARI,20211013,843.55,865,832,850.05,17193
SAGARDEEP,20211013,35,35,31.7,31.75,19761
SAGCEM,20211013,286.9,303,282,296.7,164106
SAIL,20211013,116.1,123.45,116.1,121.75,81744156
SAKAR,20211013,180.1,181.5,172.5,173.4,46274
SAKHTISUG,20211013,16,16.85,15.9,16.15,272933
SAKSOFT,20211013,1066,1066,1030.15,1034.9,45821
SAKUMA,20211013,10.5,10.95,10.5,10.55,180709
SALASAR,20211013,262.5,266,258,258.25,44040
SALONA,20211013,207,212.75,198,201.15,18746
SALSTEEL,20211013,10.25,10.4,9.8,9.95,99837
SALZERELEC,20211013,168,170,164,164.7,52503
SAMBHAAV,20211013,3,3.05,2.9,2.95,54111
SANCO,20211013,9.2,9.35,9.05,9.1,39623
SANDESH,20211013,803,803,776,780,4194
SANDHAR,20211013,290.45,322,288.5,300.1,454917
SANGAMIND,20211013,201.6,201.6,201.6,201.6,26455
SANGHIIND,20211013,69.8,70.25,66.45,66.85,961596
SANGHVIMOV,20211013,195.25,201,188.75,189.25,114144
SANGINITA,20211013,40.8,42.1,37.8,38.8,220539
SANOFI,20211013,8055,8133.95,8029.9,8100.25,18844
SANSERA,20211013,792,832.9,791,820.95,419915
SARDAEN,20211013,770.7,801,770.7,785.85,41284
SAREGAMA,20211013,4420,4500,4332,4438.8,7925
SARLAPOLY,20211013,56.8,58.9,56.3,56.95,588046
SASKEN,20211013,1347.35,1418.4,1338.4,1395.75,76589
SASTASUNDR,20211013,358.05,358.05,358.05,358.05,16966
SATHAISPAT,20211013,3.25,3.25,3.15,3.25,4260
SATIA,20211013,95.45,96.5,95.05,95.2,126481
SATIN,20211013,78.5,79.4,77.7,78.65,135792
SBCL,20211013,273,275.75,264.6,274.85,34443
SBICARD,20211013,1121,1132.9,1092,1107.3,1444602
SBIETFCON,20211013,74.5,75.5,73.65,74.94,10532
SBIETFIT,20211013,352,359.45,352,358.87,9755
SBIETFPB,20211013,199.5,202.23,198.1,200.71,996
SBIETFQLTY,20211013,160,160.37,159,159.67,1197
SBILIFE,20211013,1210.6,1218.65,1184.4,1191.75,1281752
SBIN,20211013,486.15,486.15,478,481.7,17638983
SCAPDVR,20211013,14.9,14.9,14.9,14.9,6503
SCHAEFFLER,20211013,7844.95,7939,7739.6,7838.7,40709
SCHAND,20211013,146.9,147.1,136,137.7,290022
SCHNEIDER,20211013,114.4,123.1,114,121.8,3838522
SCI,20211013,141.45,143,137,141.6,6117603
SDBL,20211013,51,51.7,47.35,47.65,428286
SEAMECLTD,20211013,1170.1,1245.3,1170.1,1227.8,41326
SECURKLOUD,20211013,208.35,232.9,208.35,216.65,401415
SELAN,20211013,162,165.75,161,161.8,152219
SEPOWER,20211013,10.35,10.6,9.8,10.6,125503
SEQUENT,20211013,216.75,224.9,215.35,221.9,1858692
SERVOTECH,20211013,26,27,24.4,24.8,226488
SESHAPAPER,20211013,183.85,186.6,182.95,185.35,50938
SETCO,20211013,19.75,19.8,19,19.1,313060
SETF10GILT,20211013,204.2,206.48,203.22,203.9,172
SETFGOLD,20211013,4198.95,4199.25,4183.15,4196.65,8026
SETFNIF50,20211013,184.4,185.2,183.01,185.02,75400
SETFNIFBK,20211013,385,387.25,384.1,384.95,98478
SETFNN50,20211013,455.99,459.6,450.58,457.85,6109
SETUINFRA,20211013,1.25,1.35,1.25,1.25,408501
SEYAIND,20211013,55.6,58.6,55.6,57,21864
SFL,20211013,2462,2462,2388.75,2434.65,77274
SGIL,20211013,158,162,154.55,155.05,27807
SGL,20211013,16.8,17.65,16.1,16.95,242630
SHAHALLOYS,20211013,33.9,33.9,33.9,33.9,11253
SHAKTIPUMP,20211013,708,710,689.05,696.95,59209
SHALBY,20211013,173,176.55,169.75,171,191590
SHALPAINTS,20211013,98,98.8,97,97.3,138914
SHANKARA,20211013,608,625,602,605.4,102213
SHANTI,20211013,24.4,26.3,23.8,26.3,48209
SHANTIGEAR,20211013,166,166.2,163.3,163.65,171296
SHARDACROP,20211013,321.3,328.6,318.6,322.35,107357
SHARDAMOTR,20211013,630,658.45,627.95,658.45,25422
SHAREINDIA,20211013,797,809.8,781.45,790.65,49615
SHARIABEES,20211013,455,455,442.37,452.06,3985
SHEMAROO,20211013,150.6,154.4,150.6,151.25,52311
SHIL,20211013,416.4,420,402.2,415.25,51416
SHILPAMED,20211013,625.3,650,621,647.35,1112831
SHIVAMAUTO,20211013,34.35,35.5,33.25,33.8,419421
SHIVAMILLS,20211013,98.35,101.9,91.25,92.9,50884
SHIVATEX,20211013,228.5,230.6,221,222.25,23887
SHK,20211013,157.25,157.9,156,156.15,121980
SHOPERSTOP,20211013,272.65,283.05,267.8,272.4,327649
SHRADHA,20211013,55.95,55.95,54,54.35,3146
SHREDIGCEM,20211013,80.35,80.9,79,79.85,264062
SHREECEM,20211013,27880.5,28240,27684.4,27815.7,53052
SHREEPUSHK,20211013,252,255.8,245,245.7,126177
SHREERAMA,20211013,14.55,14.55,13.55,13.85,36468
SHRENIK,20211013,1.65,1.65,1.6,1.65,2860245
SHREYANIND,20211013,132,134,126.25,128.9,51134
SHREYAS,20211013,401.3,408,391.6,397.4,81968
SHRIPISTON,20211013,955,955,920,921.65,596
SHRIRAMCIT,20211013,2170,2184,2152.9,2171.3,45519
SHRIRAMEPC,20211013,7.5,7.5,7.5,7.5,345142
SHYAMCENT,20211013,14.05,14.05,13.75,13.95,164742
SHYAMMETL,20211013,369,369,362,362.8,746514
SHYAMTEL,20211013,10.75,10.75,9.75,10.2,10322
SICAL,20211013,14.2,16.6,13.4,16.6,7227849
SIEMENS,20211013,2270,2277.15,2226.5,2249.3,154295
SIGIND,20211013,48.45,48.45,45.5,45.75,21596
SIL,20211013,16,16,15,15,28202
SILGO,20211013,38.3,39.6,37.05,37.2,44457
SILINV,20211013,338,355.45,336.1,341.75,1857
SILLYMONKS,20211013,21.45,22.5,21.05,21.85,34342
SIMBHALS,20211013,30,31.75,29.5,30.15,45639
SIMPLEXINF,20211013,46,46,43.8,44.1,89657
SINTERCOM,20211013,84.65,86.9,83.95,84.7,16123
SINTEX,20211013,4.7,4.75,4.55,4.55,3245653
SIRCA,20211013,425.55,433.95,415.1,421.35,34246
SIS,20211013,506.9,512,501.65,503.7,103019
SITINET,20211013,2.7,2.7,2.5,2.5,8279671
SIYSIL,20211013,421.7,424.65,415,418.1,99627
SJVN,20211013,28.45,28.5,28.15,28.2,2494769
SKFINDIA,20211013,3382,3440,3295,3327.35,51598
SKIL,20211013,4.7,4.7,4.35,4.45,103127
SKIPPER,20211013,84.95,84.95,83,83.35,260332
SKMEGGPROD,20211013,82.25,87.5,81.45,85.8,623376
SMARTLINK,20211013,114.5,115.45,113,113.85,22077
SMCGLOBAL,20211013,78.75,81.8,78.7,79.55,338452
SMLISUZU,20211013,618.95,627.5,608.5,611.5,74068
SMSLIFE,20211013,785.5,825.75,785.5,805.9,19254
SMSPHARMA,20211013,154.55,155.5,150.75,151.15,137217
SNOWMAN,20211013,42.8,43.55,42.55,42.9,1025968
SOBHA,20211013,862.5,862.5,825.45,828.45,294312
SOLARA,20211013,1500,1500,1453,1464.4,96866
SOLARINDS,20211013,2548.7,2584.45,2520,2538.15,55968
SOMANYCERA,20211013,838,841,814,834.45,26338
SOMATEX,20211013,8.6,8.6,7.9,8,102100
SOMICONVEY,20211013,51,52.35,50.8,50.9,10116
SONACOMS,20211013,670,749,670,741.4,7037231
SONATSOFTW,20211013,915,922.7,911,918.35,72111
SORILINFRA,20211013,121.2,121.95,115.3,115.8,68735
SOTL,20211013,1518,1531.35,1484,1496.45,29772
SOUTHBANK,20211013,10.45,10.7,10.35,10.4,19653998
SOUTHWEST,20211013,141,144.55,131.55,144.4,218261
SPAL,20211013,340,346.5,331.35,334.25,38011
SPANDANA,20211013,559.95,561.85,552,553.4,47818
SPARC,20211013,295.65,302,293.5,295.15,664056
SPECIALITY,20211013,89.45,90.85,85.5,86.2,267004
SPENCERS,20211013,125.6,133.65,123,126.85,1236083
SPIC,20211013,52.95,53.7,52.25,52.4,378127
SPICEJET,20211013,78.5,79.45,77.1,77.55,9010910
SPLIL,20211013,47.75,48.3,47.3,47.4,24258
SPMLINFRA,20211013,10.3,10.75,10.3,10.6,47946
SPTL,20211013,5.85,5.9,5.75,5.75,2977515
SREEL,20211013,189.05,189.05,177.5,179.4,37098
SREINFRA,20211013,6.15,6.15,6.15,6.15,510000
SRF,20211013,2538,2538,2401,2405.6,1731530
SRHHYPOLTD,20211013,365,371.3,345.1,351.2,55319
SRIPIPES,20211013,209.7,216,208,211.05,112549
SRPL,20211013,34.9,34.9,33.15,33.45,1048
SRTRANSFIN,20211013,1338,1374.8,1326.05,1366.4,1488487
SSWL,20211013,1740,1815,1729,1802.6,21701
STAR,20211013,601.1,605.5,592.1,595.95,392968
STARCEMENT,20211013,106,106.55,104.85,105.5,608235
STARPAPER,20211013,153.2,155.35,151.1,151.75,115258
STCINDIA,20211013,107.4,110,106.5,107.2,94834
STEELCITY,20211013,60.95,61,59.6,60.45,39426
STEELXIND,20211013,76.5,81,76.5,80.35,1711759
STEL,20211013,176.45,182.65,172.65,174,53397
STERTOOLS,20211013,207.25,212,203.15,206.2,60128
STLTECH,20211013,278.5,286.5,275.7,279.55,511734
STOVEKRAFT,20211013,1100,1100,1075,1078.5,81291
STYLAMIND,20211013,1090.65,1112.7,1069.25,1075.4,8815
SUBCAPCITY,20211013,21.8,21.8,20.75,20.8,386
SUBEXLTD,20211013,55.25,56.2,54.5,54.75,6451087
SUBROS,20211013,386,392.95,370,375.1,134705
SUDARSCHEM,20211013,670.9,682.9,665,666.5,137931
SUMEETINDS,20211013,8.35,9.1,8.35,9.05,249970
SUMICHEM,20211013,420.5,427.7,420.05,421.35,777485
SUMIT,20211013,12.55,12.55,12,12.35,34002
SUMMITSEC,20211013,761.05,773,741,759.15,17564
SUNCLAYLTD,20211013,3675,3712,3630,3664.4,5694
SUNDARAM,20211013,2,2,1.95,2,537665
SUNDARMFIN,20211013,2435,2460,2421.05,2450.85,26213
SUNDARMHLD,20211013,77.8,78.35,76.4,77.7,192692
SUNDRMBRAK,20211013,403,444,402.65,426.15,57311
SUNDRMFAST,20211013,949.7,958.9,938,948.75,70048
SUNFLAG,20211013,82.5,84.85,82.5,82.75,568239
SUNPHARMA,20211013,827.95,846.8,827.25,842.55,4113083
SUNTECK,20211013,508.6,511.8,496.1,501.2,879674
SUNTV,20211013,534,558,532.25,542.45,1840676
SUPERHOUSE,20211013,173.5,189.1,169.75,182.8,103906
SUPERSPIN,20211013,13.4,13.45,12.65,13.1,121681
SUPPETRO,20211013,749,751.8,738,746.1,88453
SUPRAJIT,20211013,359.3,379.35,355.55,377.15,589680
SUPREMEENG,20211013,21.9,22.05,20.95,21.3,437409
SUPREMEIND,20211013,2567,2599.8,2515.8,2551.9,107537
SURANASOL,20211013,22.2,22.2,22.2,22.2,44693
SURANAT&P,20211013,10.55,10.65,10.5,10.65,220220
SURYALAXMI,20211013,63.55,65.25,63.15,64.2,9185
SURYAROSNI,20211013,694.4,715,690.4,703.5,181486
SURYODAY,20211013,188.55,190.4,186.65,187.75,120303
SUTLEJTEX,20211013,69.5,71.5,67.75,68.85,436867
SUULD,20211013,420,435.8,336.1,350.2,408424
SUVEN,20211013,114.2,123.85,113.5,118.2,1951895
SUVENPHAR,20211013,538.75,539.95,527.5,532.9,286146
SUVIDHAA,20211013,16.7,16.85,16.25,16.35,307979
SUZLON,20211013,7.4,7.5,7,7.1,47880156
SVPGLOB,20211013,113,120,111,117.15,345354
SWANENERGY,20211013,130.2,137.5,130.1,133.75,318648
SWARAJENG,20211013,1709.95,1799.8,1709,1763.75,79646
SWELECTES,20211013,253.05,299,252,285.05,641189
SWSOLAR,20211013,473.7,473.7,454,461.4,2382807
SYMPHONY,20211013,1071.95,1089,1063,1067.1,61806
SYNGENE,20211013,615.5,622.9,612.8,616.45,299091
TAINWALCHM,20211013,74.25,78.5,74.25,77.65,8453
TAJGVK,20211013,148.75,154.4,146.7,149.8,1828524
TAKE,20211013,52.1,52.95,51.25,51.6,1111798
TALBROAUTO,20211013,281,297,280.65,293.65,162009
TANLA,20211013,918.8,940,902.05,918.6,136193
TARAPUR,20211013,4,4.05,4,4.05,7415
TARC,20211013,45.6,46.5,44.5,44.7,436522
TARMAT,20211013,68,71.5,67.3,69.65,106699
TASTYBITE,20211013,18500,18500,18100,18130.6,941
TATACHEM,20211013,980.3,1144.3,980.3,1107.1,21151990
TATACOFFEE,20211013,230.25,242.25,229.6,233.9,10637119
TATACOMM,20211013,1395,1500,1395,1456,565097
TATACONSUM,20211013,820,854,818.05,848.15,7233280
TATAELXSI,20211013,6130,6294.85,6088.45,6120.1,289391
TATAINVEST,20211013,1482,1719.9,1481.95,1663.35,1635775
TATAMETALI,20211013,1076.35,1113,1072.1,1087.95,490101
TATAMOTORS,20211013,462.9,523.85,462.9,506.9,197949387
TATAMTRDVR,20211013,233.5,237.45,226.65,237.45,9284397
TATAPOWER,20211013,201.65,232.4,200,224.2,305037222
TATASTEEL,20211013,1325.5,1376.55,1318.05,1354.3,13285718
TATASTLBSL,20211013,87.1,90.25,86,88.9,3849108
TATASTLLP,20211013,950,976.05,934.1,960.05,93898
TATVA,20211013,2359.6,2363.7,2292,2322.7,86321
TBZ,20211013,88.5,88.7,85.95,86.25,325344
TCI,20211013,464,484.9,452.65,464.55,277159
TCIDEVELOP,20211013,360.65,371.85,360.65,366.55,551
TCIEXP,20211013,1580,1607.65,1551.1,1590,40411
TCIFINANCE,20211013,5.4,5.55,5.4,5.5,3551
TCNSBRANDS,20211013,662.05,673,652.2,657.05,50680
TCPLPACK,20211013,558,573.4,548,551.85,11588
TCS,20211013,3650,3675.45,3645,3655.2,3545655
TDPOWERSYS,20211013,343.95,346,332.2,337.3,33140
TEAMLEASE,20211013,5247.25,5275.45,5067.8,5127.05,28540
TECHIN,20211013,6.6,7.15,6.6,6.75,15495
TECHM,20211013,1386.9,1410,1377,1402.15,1738985
TECHNOE,20211013,285.9,285.9,276.2,277.85,96915
TEJASNET,20211013,486.75,496.05,476.25,489.1,333364
TEMBO,20211013,320,320,303.15,308.2,18822
TERASOFT,20211013,55.85,56.95,53.25,53.25,97114
TEXINFRA,20211013,60.9,60.9,52.35,59.5,212027
TEXMOPIPES,20211013,53.3,53.3,51.8,52,153480
TEXRAIL,20211013,35.55,36.15,34.95,35.4,1181332
TFCILTD,20211013,75.3,75.9,73.5,73.7,456721
TFL,20211013,6.9,6.9,6.35,6.35,22621
TGBHOTELS,20211013,11.1,11.1,11.05,11.05,65034
THANGAMAYL,20211013,1218.6,1282.5,1192.25,1248.7,52399
THEINVEST,20211013,111.05,129.65,109.05,125,309573
THEMISMED,20211013,914,959.9,900,941.85,3918
THERMAX,20211013,1395.55,1416.7,1381.05,1387.9,260583
THOMASCOOK,20211013,79.5,85.5,79.45,81.35,2923957
THOMASCOTT,20211013,18.9,19.45,18.2,18.2,3631
THYROCARE,20211013,1120.05,1189,1120,1169.15,273235
TI,20211013,48.35,48.35,48.35,48.35,442278
TIDEWATER,20211013,1825,1825,1780.05,1787.05,12132
TIIL,20211013,920,920,874,876.55,21770
TIINDIA,20211013,1381.35,1398.9,1365.35,1377.55,57252
TIJARIA,20211013,7.85,7.95,7.35,7.6,151007
TIL,20211013,196,199.05,179.45,182,37487
TIMESGTY,20211013,65,65,58.85,58.85,84699
TIMETECHNO,20211013,72.85,78,72.7,76.5,2809789
TIMKEN,20211013,1712.05,1917,1703,1857.3,331199
TINPLATE,20211013,321.65,348,320.5,334.9,3762370
TIPSINDLTD,20211013,1380,1422.65,1330,1421.55,31172
TIRUMALCHM,20211013,292.6,301.45,292,294.4,598338
TIRUPATIFL,20211013,15.5,15.5,15.45,15.5,306775
TITAN,20211013,2539.9,2608.95,2490,2537.2,4023645
TMRVL,20211013,13.4,13.85,12.95,13.35,331439
TNPETRO,20211013,133.75,133.9,131.05,132.3,460858
TNPL,20211013,139,146.95,139,141.2,529171
TNTELE,20211013,10.35,10.35,9.5,9.6,100291
TOKYOPLAST,20211013,103.25,106.9,103.25,105.4,15160
TORNTPHARM,20211013,3128.55,3160.1,3102.6,3127.35,65625
TORNTPOWER,20211013,519,525.9,515.1,519.25,1386140
TOTAL,20211013,51.8,53.5,51.8,53.05,22631
TOUCHWOOD,20211013,135.75,135.75,122.85,123.65,27318
TPLPLASTEH,20211013,173.3,178.95,172.55,175.15,35885
TREEHOUSE,20211013,9.4,9.8,9.1,9.25,24570
TREJHARA,20211013,63.4,64,62.35,62.85,16493
TRENT,20211013,1125.15,1209.95,1103.6,1174.2,1433510
TRF,20211013,156.6,167,154.8,164.55,45726
TRIDENT,20211013,39.3,39.3,37.5,39.3,41697430
TRIGYN,20211013,144,144,130.8,133.05,447446
TRIL,20211013,30.2,30.9,29.65,29.75,294862
TRITURBINE,20211013,172,176,168.15,169.2,157880
TRIVENI,20211013,204.7,212.4,203.85,206.9,1825099
TTKHLTCARE,20211013,687,691.95,675.1,681.25,5068
TTKPRESTIG,20211013,8825,9020,8806.1,8908.9,9496
TTL,20211013,84,84,73.95,75.35,170332
TTML,20211013,50.5,50.5,48.5,50.5,3834002
TV18BRDCST,20211013,46.8,46.9,43.6,43.85,11900767
TVSELECT,20211013,170.35,170.9,168.35,169.4,43435
TVSMOTOR,20211013,579.05,586.6,574,577.2,1587573
TVSSRICHAK,20211013,2499,2566,2435,2466.2,27391
TVTODAY,20211013,294,294,288,289.55,73770
TVVISION,20211013,2.2,2.2,2,2.1,98541
TWL,20211013,100.05,102.5,98.1,101.4,970593
UBL,20211013,1721.95,1735,1710,1723.4,573343
UCALFUEL,20211013,160.7,163.5,160.3,161.5,101966
UCOBANK,20211013,14.3,14.5,14.25,14.35,8439305
UFLEX,20211013,641.35,646.65,625.1,634.6,377371
UFO,20211013,106.8,107.4,104.2,104.4,297266
UGARSUGAR,20211013,30.15,30.8,29.5,29.85,278177
UGROCAP,20211013,132.4,132.4,129.35,130.05,72213
UJAAS,20211013,3.75,3.85,3.35,3.45,4968318
UJJIVAN,20211013,165,166.9,162.5,164.8,1036619
UJJIVANSFB,20211013,23.05,23.75,22.7,22.8,9050413
ULTRACEMCO,20211013,7263,7389.9,7260,7350.4,347921
UMANGDAIRY,20211013,85.05,90,82.05,82.8,752259
UMESLTD,20211013,4.25,4.25,3.9,3.95,85410
UNICHEMLAB,20211013,265.4,267.05,260.1,263.4,67922
UNIDT,20211013,354.7,375.95,354,360.8,84805
UNIENTER,20211013,130,132,128.1,129.65,13597
UNIONBANK,20211013,40,44.95,40,44.4,92882073
UNITEDTEA,20211013,398,431,393.15,421.9,34606
UNIVASTU,20211013,48.2,55.25,47.05,53.55,170548
UNIVCABLES,20211013,178.2,181,175.15,176,32700
UNIVPHOTO,20211013,380.85,380.85,363.4,375,5120
UPL,20211013,744.3,754.25,741.65,747.45,1573332
URJA,20211013,8.75,8.8,8.05,8.05,14525852
USHAMART,20211013,88.9,93.75,88.9,92.1,1587818
UTIAMC,20211013,1090,1123,1085.75,1092.8,360942
UTIBANKETF,20211013,38.51,38.88,38.51,38.82,6214
UTINEXT50,20211013,45.55,46.19,45.4,45.94,9683
UTINIFTETF,20211013,1890.9,1915,1890.7,1906.7,764
UTISENSETF,20211013,639.99,639.99,631.07,635.05,681
UTISXN50,20211013,51.48,52.32,49.85,51.74,2765
UTTAMSTL,20211013,4.3,4.4,4.2,4.3,909496
UTTAMSUGAR,20211013,191.9,194.05,187,191,50971
V2RETAIL,20211013,183.9,183.9,183.9,183.9,8317
VADILALIND,20211013,1050.55,1110,1042.75,1087.95,27636
VAIBHAVGBL,20211013,711.8,734.75,706.05,723.3,141422
VAISHALI,20211013,37.35,37.35,36.7,36.9,51200
VAKRANGEE,20211013,43.5,43.75,42.65,42.8,4321585
VALIANTORG,20211013,1535,1580.55,1505.1,1550.65,72134
VARDHACRLC,20211013,66,67.15,64.9,65.3,256733
VARDMNPOLY,20211013,24.5,24.5,23.3,23.5,20155
VARROC,20211013,304.85,309.2,300.5,303.7,587922
VASCONEQ,20211013,28.5,28.6,26.95,27.2,1345625
VASWANI,20211013,13.05,15.6,13.05,15.6,651537
VBL,20211013,916,916.05,895.15,897,312924
VEDL,20211013,315.25,323,312.2,319.45,16291520
VENKEYS,20211013,2967.65,3250,2944,3154.9,851475
VENUSREM,20211013,424.9,424.9,415.5,418.95,46857
VERTOZ,20211013,107.1,108.4,105.65,106.9,91167
VESUVIUS,20211013,1199.35,1216.3,1195.05,1198.5,7163
VETO,20211013,119.1,123.7,116,116.65,182721
VGUARD,20211013,270,270,262,263.3,561987
VHL,20211013,3325,3450,3220,3238.8,3000
VIDHIING,20211013,372.65,381.45,368.65,370.4,67849
VIJAYA,20211013,563,569.9,542,559.75,235075
VIJIFIN,20211013,1.95,1.95,1.95,1.95,83143
VIKASECO,20211013,2.15,2.15,2,2.05,6314437
VIKASLIFE,20211013,3.45,3.5,3.4,3.4,3489826
VIKASPROP,20211013,2.05,2.15,2.05,2.1,2220738
VIKASWSP,20211013,5.9,6.1,5.65,5.65,607849
VIMTALABS,20211013,303,303,299.4,301.15,46400
VINATIORGA,20211013,2036,2047.8,2010.7,2017,29316
VINDHYATEL,20211013,1202.05,1213.1,1191,1203.35,11045
VINEETLAB,20211013,83.6,83.6,81,83.6,33317
VINYLINDIA,20211013,295.95,305.6,290.25,301.8,177172
VIPCLOTHNG,20211013,17.85,18,17,17.75,231813
VIPIND,20211013,573,592.55,566,583.6,1415702
VIPULLTD,20211013,30.9,31,29.8,30,12256
VISAKAIND,20211013,669,680.9,669,675.05,18801
VISASTEEL,20211013,12.95,13.15,12.6,13,44720
VISHAL,20211013,111.25,112.45,109,109.1,75513
VISHNU,20211013,745,760,727,729.2,13132
VISHWARAJ,20211013,151.75,156.9,149.25,154.85,127716
VIVIDHA,20211013,0.8,0.8,0.75,0.75,1506576
VIVIMEDLAB,20211013,21.9,22.2,21.05,21.7,300620
VLSFINANCE,20211013,203.1,207.25,201,203.2,56778
VMART,20211013,3958.9,4290,3940.95,4199.8,128546
VOLTAMP,20211013,1525,1525,1476,1497.35,4650
VOLTAS,20211013,1300.7,1324.85,1300.7,1310.9,546360
VRLLOG,20211013,398.7,405.8,382.05,388.75,324598
VSSL,20211013,237.1,246.8,237.1,242.5,153338
VSTIND,20211013,3550,3660,3550,3625.45,35412
VSTTILLERS,20211013,3420,3453.55,3303,3336.5,27268
VTL,20211013,2140,2147.85,2022,2040.6,225984
WABAG,20211013,350,358.35,345,346.6,446027
WABCOINDIA,20211013,7221.2,7374,7221.2,7317.55,9735
WALCHANNAG,20211013,58.5,58.5,54.8,55.2,1102541
WANBURY,20211013,86.7,87.4,83.05,83.95,10316
WATERBASE,20211013,117.95,122,116.8,119.05,391066
WEALTH,20211013,242.35,265,242.35,260,374
WEBELSOLAR,20211013,86,90,85,86.2,1085100
WEIZMANIND,20211013,63.95,64.4,62.1,64.4,87938
WELCORP,20211013,144.8,148.85,143.25,147.2,2800373
WELENT,20211013,103,104.9,101.5,101.95,217564
WELINV,20211013,331,334.95,326.85,328.45,1039
WELSPUNIND,20211013,166.65,166.65,161,161.6,1655330
WENDT,20211013,4570,4590,4480,4505.55,942
WESTLIFE,20211013,562,569.9,557.65,567.65,182701
WHEELS,20211013,775.1,798.05,772,794.35,25651
WHIRLPOOL,20211013,2505,2530,2457.45,2518,144515
WILLAMAGOR,20211013,28.3,29.9,25.7,25.95,358095
WINDLAS,20211013,352,352,345,346,74417
WINDMACHIN,20211013,32.2,36.2,32.2,35.4,567807
WIPL,20211013,58.5,59.95,58.5,58.8,2802
WIPRO,20211013,665,674.7,656,672.6,9462941
WOCKPHARMA,20211013,492,494.65,481,482.2,615909
WONDERLA,20211013,248.45,252.65,244.6,246,106434
WORTH,20211013,91.5,94.25,90.6,91,19568
WSI,20211013,6.9,6.9,6.9,6.9,405
WSTCSTPAPR,20211013,273.05,276.8,266.65,268.2,251051
XCHANGING,20211013,122.9,124.6,118,118.95,619336
XELPMOC,20211013,428.4,428.4,400,412.4,19005
XPROINDIA,20211013,688.1,693,649.8,651.7,144744
YAARII,20211013,101.15,102.35,99,99.35,113708
YESBANK,20211013,13.3,13.35,13.2,13.25,76105307
YUKEN,20211013,649,659.95,602,641.5,32989
ZEEL,20211013,302.9,321.75,298.55,317,45042091
ZEELEARN,20211013,14.45,14.85,14.3,14.4,1676204
ZEEMEDIA,20211013,13.9,14.15,13.45,13.75,1812475
ZENITHEXPO,20211013,93.1,98.5,93.1,97.05,5904
ZENITHSTL,20211013,0.9,0.9,0.85,0.85,26399
ZENSARTECH,20211013,493.4,503.35,484.85,495.6,1235031
ZENTEC,20211013,212,215.8,207.45,215.8,1199775
ZODIACLOTH,20211013,120.8,123.45,119.2,120.55,54338
ZOMATO,20211013,137.25,137.4,134.35,135.45,6351349
ZOTA,20211013,410.55,413.05,390.6,395.45,85557
ZUARI,20211013,128,131.75,126,126.2,64133
ZUARIGLOB,20211013,146,146.8,138,138.6,33728
ZYDUSWELL,20211013,2329.3,2355,2307.35,2311.4,24970
NSENIFTY,20211013,18097.85,18197.80,18050.75,18161.75,506679748,0
NIFTYJUNIOR,20211013,44052.85,44401.10,43956.75,44217.25,395099191,0
NIFTYMIDCAPLIQ15,20211013,7536.10,7695.25,7520.65,7640.60,488470227,0
NSE100,20211013,18365.90,18469.10,18323.35,18433.20,901778939,0
NIFTY200,20211013,9619.00,9680.75,9600.15,9662.45,2316182729,0
NSE500,20211013,15573.60,15660.20,15546.85,15631.40,3027680048,0
NSEMIDCAP150,20211013,11937.30,12048.45,11925.60,12021.60,1435799813,0
MIDCAP50,20211013,8783.40,8890.70,8770.75,8851.20,1141152186,0
NSEMIDCAP,20211013,31974.15,32376.70,31934.75,32294.15,1414403790,0
NSESMLCAP100,20211013,11599.60,11626.60,11511.30,11526.45,-,0
NIFTYLARGEMIDCAP250,20211013,-,-,-,10244.15,-,0
NIFTYAUTO,20211013,11687.55,12001.90,11603.10,11870.00,289499413,0
BANKNIFTY,20211013,38735.30,38779.05,38502.70,38635.75,205858894,0
NIFTYFINSERVICE,20211013,18693.35,18720.90,18601.20,18652.50,68400584,0
NIFTYFMGC,20211013,41004.15,41244.25,40697.30,41149.40,70324330,0
NSEIT,20211013,35053.70,35324.45,34872.40,35285.60,29441912,0
NIFTYMEDIA,20211013,2317.55,2354.15,2301.50,2325.85,75898656,0
NIFTYMETAL,20211013,5845.60,5971.75,5812.30,5914.65,238205528,0
NIFTYPHARMA,20211013,14680.40,14725.25,14626.85,14679.40,20491231,0
NIFTYPVTBANK,20211013,20137.95,20176.35,20032.95,20113.65,106664862,0
NIFTYPSUBANK,20211013,2671.95,2681.10,2638.25,2670.15,347743334,0
NIFTYREALTY,20211013,535.90,539.25,529.30,532.45,22683710,0
NIFTYCOMMODITIES,20211013,5967.30,6041.10,5939.20,6006.80,550325786,0
NIFTYCONSUMPTION,20211013,7479.45,7540.10,7452.75,7526.55,155320140,0
NIFTYCPSE,20211013,2479.00,2496.10,2460.05,2466.60,136394936,0
NIFTYENERGY,20211013,24367.95,24743.00,24296.10,24604.40,396891243,0
NIFTY100ESG,20211013,-,-,-,3702.84,490825870,0
NIFTY100ENHESG,20211013,-,-,-,3729.29,470645639,0
NIFTYINFRA,20211013,5180.05,5240.60,5168.55,5215.05,507342094,0
NIFTYMNC,20211013,19810.70,19814.85,19636.10,19653.15,268898138,0
NIFTYPSE,20211013,4320.15,4354.95,4292.85,4319.05,576135227,0
NIFTYSMEEMERGE,20211013,-,-,-,3455.85,1682382,0
NIFTYSERVSECTOR,20211013,25022.05,25102.40,24951.70,25073.10,193684212,0
NIFTYSHARIAH25,20211013,-,-,-,6612.49,71450717,0
NIFTY50SHARIAH,20211013,-,-,-,4340.66,68505494,0
NIFTY500SHARIAH,20211013,-,-,-,5466.38,561332895,0
NIFTYABGROUP,20211013,-,-,-,5593.17,194866431,0
NIFTYMAHINDRA,20211013,-,-,-,16543.30,25233541,0
NIFTYTATA,20211013,-,-,-,13762.03,618163032,0
NIFTYTATA25CAP,20211013,-,-,-,11377.37,554771864,0
NIFTYABGROUP,20211013,-,-,-,5593.17,194866431,0
NIFTYLIQ15,20211013,4696.15,4735.40,4679.70,4711.95,128603822,0
NIFTY500VALUE50,20211013,-,-,-,6627.98,1383464334,0
NIFTYQUALLOWVOL30,20211013,-,-,-,13118.53,121960528,0
NIFTYALPHAQUALLOWVOL30,20211013,-,-,-,15123.07,96021579,0
NIFTYALPHAQUALVALLOWVOL30,20211013,-,-,-,11469.31,122312585,0
NIFTY50EQUALWEIGHT,20211013,20397.35,20565.10,20339.50,20506.10,506679748,0
NIFTY100EQUALWEIGHT,20211013,21562.65,21693.20,21518.35,21632.40,901778939,0
NIFTY100LOWVOL30,20211013,13783.95,13797.85,13743.45,13789.30,174793055,0
NSEDEFTY,20211013,-,-,-,8348.98,-,0
NIFTY50DIVPOINT,20211013,116.92,116.92,116.92,116.92,-,0
NIFTYDIVOPPS50,20211013,3823.10,3849.10,3813.30,3844.20,610812092,0
NIFTYALPHA50,20211013,33058.90,33457.60,33042.75,33436.65,522154737,0
NIFTY50ARBITRAGE,20211013,-,-,-,1987.33,-,0
NIFTY50FUTINDEX,20211013,-,-,-,5869.97,-,0
NIFTY50FUTTRINDEX,20211013,-,-,-,18942.04,-,0
NIFTYHIGHBETA50,20211013,-,-,-,2281.30,1520807784,0
NIFTYLOWVOL50,20211013,-,-,-,16856.83,187756589,0
NIFTY50VALUE20,20211013,9187.10,9252.90,9156.90,9244.55,183634743,0
NIFTYGROWSECT15,20211013,8168.20,8208.55,8133.30,8194.95,83005984,0
NIFTY50TR2XLEV,20211013,13174.60,13319.10,13110.95,13267.05,-,0
NIFTY50PR2XLEV,20211013,9726.50,9833.20,9679.50,9794.80,-,0
NIFTY50TR1XINV,20211013,210.25,210.75,209.10,209.50,-,0
NIFTY50PR1XINV,20211013,244.55,245.15,243.20,243.70,-,0
NIFTY-GS-COMPSITE,20211013,2342.14,2346.25,2342.14,2345.92,-,0
NIFTY-GS-4-8YR,20211013,2469.33,2473.51,2469.33,2473.27,-,0
NIFTY-GS-8-13YR,20211013,2285.60,2287.12,2285.60,2287.25,-,0
NIFTY-GS-10YR,20211013,2048.48,2050.79,2048.48,2050.45,-,0
NIFTY-GS-10YR-CLN,20211013,930.76,931.83,930.76,931.67,-,0
NIFTY-GS-11-15YR,20211013,2446.28,2451.05,2446.28,2451.93,-,0
NIFTY-GS-15YRPLUS,20211013,2632.73,2636.45,2632.73,2635.49,-,0
VIX,20211013,15.85,16.22,13.38,16.10,0,0
