20MICRONS,20210405,35.4,35.85,34.5,35.55,45149
21STCENMGM,20210405,13.45,13.45,13.45,13.45,2718
3IINFOTECH,20210405,8.15,8.15,8,8.15,14015066
3MINDIA,20210405,29880,29880,27810.3,28178.55,6292
3PLAND,20210405,9,9,8.65,8.85,2183
5PAISA,20210405,278.8,286.65,268,286.25,104995
63MOONS,20210405,72.85,73.35,71.1,72.75,36916
A2ZINFRA,20210405,3.85,3.85,3.7,3.7,438051
AAKASH,20210405,130.9,132,128.5,131.9,8585
AARON,20210405,60.2,60.2,56.15,58.4,1006
AARTIDRUGS,20210405,710,715.15,693.6,698.95,366612
AARTIIND,20210405,1363.65,1388.9,1325.25,1329.25,405142
AARTISURF,20210405,983,1026.55,983,1026.55,35056
AARVEEDEN,20210405,17.7,17.95,17.5,17.5,1321
AARVI,20210405,53,53,49,51.05,2285
AAVAS,20210405,2430,2440,2325.15,2361.75,35391
ABAN,20210405,30.9,30.9,29.65,29.9,63187
ABB,20210405,1390,1400,1365.15,1382.2,88800
ABBOTINDIA,20210405,15021.4,15190,14912.5,15160.15,10230
ABCAPITAL,20210405,120.9,122.8,117.1,120.15,2769642
ABFRL,20210405,198.5,198.5,186,187.25,3051902
ABMINTLTD,20210405,55.85,55.85,54.15,54.45,277
ABSLBANETF,20210405,331,337.48,323.5,325,873
ABSLNN50ET,20210405,350,373,337,348.65,933
ACC,20210405,1908,1937,1872.1,1894.4,1272161
ACCELYA,20210405,881,894.75,859,868.1,1832
ACCURACY,20210405,51.45,51.65,49.9,49.9,6617
ACE,20210405,161.95,161.95,153.5,158.9,272422
ACRYSIL,20210405,334.8,339.4,326.7,339.4,191795
ADANIENT,20210405,1127,1150,1098.85,1138.25,15795720
ADANIGREEN,20210405,1165,1210,1125.05,1164.2,822644
ADANIPORTS,20210405,731.75,745,715,742.25,15622924
ADANIPOWER,20210405,92.4,93.75,89.2,93.75,26119543
ADANITRANS,20210405,1008,1099.1,1000,1095.15,3267413
ADFFOODS,20210405,929.9,946,891,930.45,55929
ADHUNIKIND,20210405,20.85,21.85,19.2,21.1,52047
ADL,20210405,28.9,30.15,27.35,28,2614
ADORWELD,20210405,308.1,308.1,300.25,303.05,15698
ADROITINFO,20210405,8.65,9.55,8.65,9.1,2005
ADSL,20210405,46.7,46.7,44,45.35,129614
ADVANIHOTR,20210405,59,59,56.75,57.5,9160
ADVENZYMES,20210405,351.8,375,348.5,363.9,550658
AEGISCHEM,20210405,301.25,301.25,286.8,288.1,219748
AFFLE,20210405,5512.3,5599.9,5325,5429.8,56857
AGARIND,20210405,161,166.6,153.15,158,8801
AGCNET,20210405,1397.95,1423.15,1300,1401.9,37326
AGRITECH,20210405,32.45,33.35,31.35,32.65,6438
AGROPHOS,20210405,12.45,12.45,11.65,11.8,45291
AHLADA,20210405,97.7,98.7,91.55,96.05,5253
AHLEAST,20210405,161.1,161.1,155.65,156.45,476
AHLUCONT,20210405,299.5,301.95,292,292.75,6066
AHLWEST,20210405,257,257,227.05,229.35,2272
AIAENG,20210405,2054,2060,1975,1980.6,25054
AIRAN,20210405,15.8,16.25,15.5,15.8,46236
AJANTPHARM,20210405,1751.35,1769.9,1701.4,1742.3,94647
AJMERA,20210405,121.9,121.9,115.05,117.2,59743
AKASH,20210405,212,212,192,194.4,53437
AKG,20210405,60.05,60.05,60.05,60.05,1785
AKSHARCHEM,20210405,248.65,250,234.8,245.2,18246
AKSHOPTFBR,20210405,5.8,6.3,5.8,6.15,395766
AKZOINDIA,20210405,2390,2404.45,2342,2371.75,36820
ALANKIT,20210405,16.3,16.45,15.8,16.15,83123
ALBERTDAVD,20210405,389.5,389.5,380.2,384.1,4789
ALEMBICLTD,20210405,104.2,108.8,103.5,105.9,1215227
ALICON,20210405,435.1,435.1,409,415.9,7563
ALKALI,20210405,53.85,54.35,50.65,51.55,59959
ALKEM,20210405,2772,2772,2670.1,2707.45,150201
ALKYLAMINE,20210405,5750,5758.65,5570,5662.6,30740
ALLCARGO,20210405,127.3,128.65,124.3,127,214335
ALLSEC,20210405,325.75,325.75,312,313.6,7386
ALMONDZ,20210405,29.2,29.4,28,28.15,16920
ALOKINDS,20210405,20.9,21.6,20.65,21.5,13544393
ALPA,20210405,36.85,37.3,36.15,37,30951
ALPHAGEO,20210405,177.6,180.85,174.8,177.95,9234
ALPSINDUS,20210405,1.65,1.75,1.65,1.65,2940
AMARAJABAT,20210405,862.5,866.85,837,847.85,455666
AMBER,20210405,3247.55,3250.95,3134,3220.65,68821
AMBIKCO,20210405,929,929,871,876.65,15449
AMBUJACEM,20210405,310.4,314.9,301.55,306.05,7064466
AMDIND,20210405,17.05,18.25,16.8,17.45,7358
AMJLAND,20210405,22.5,23.45,21.55,23.1,7117
AMRUTANJAN,20210405,575,578.6,546,557.3,39862
ANANTRAJ,20210405,56.1,56.35,53.35,53.85,483435
ANDHRACEMT,20210405,5.5,5.65,5.4,5.45,199556
ANDHRAPAP,20210405,218.95,223,213.65,220,72078
ANDHRSUGAR,20210405,305.15,305.15,296,298.55,30088
ANGELBRKG,20210405,300.5,303,286.6,291.85,460068
ANIKINDS,20210405,15.55,15.6,14.25,14.45,17711
ANKITMETAL,20210405,1.1,1.1,1,1,119923
ANSALAPI,20210405,6.45,6.45,6.15,6.4,532976
ANSALHSG,20210405,5.6,5.6,5.2,5.25,104268
ANTGRAPHIC,20210405,0.5,0.5,0.5,0.5,27457
ANUP,20210405,575.05,594,555,567.9,15930
ANURAS,20210405,525,558.1,515.55,540.95,1583749
APARINDS,20210405,482.9,482.9,460,473.25,42079
APCL,20210405,214.85,214.9,207.05,208.6,16508
APCOTEXIND,20210405,183.65,184.95,177,179.3,61571
APEX,20210405,221,221,210.55,214.45,147000
APLAPOLLO,20210405,1324,1324,1230,1235.55,345806
APLLTD,20210405,987,987,945.5,974.15,270807
APOLLO,20210405,99,99,94,94.9,168314
APOLLOHOSP,20210405,2922,3015,2886,2919.5,1241115
APOLLOPIPE,20210405,1038,1040,975.1,1003.65,62911
APOLLOTYRE,20210405,234.25,234.35,221.05,221.75,7826250
APOLSINHOT,20210405,555.05,565.15,545,550.4,556
APTECHT,20210405,217,228.8,210.15,215.35,1116950
ARCHIDPLY,20210405,31.75,32.15,29.75,31.15,5105
ARCHIES,20210405,10.9,11,10.5,10.9,73259
ARENTERP,20210405,11.2,11.25,10.55,10.9,52
ARIES,20210405,82.95,83.4,79.5,80.85,28981
ARIHANT,20210405,18.3,18.3,17,17.7,4149
ARIHANTSUP,20210405,34.4,36.7,34.35,36.35,24358
ARMANFIN,20210405,609,609,594.9,601.3,5792
AROGRANITE,20210405,42,42,40.05,40.7,13814
ARROWGREEN,20210405,70.65,73.3,67.6,72.95,3297
ARSHIYA,20210405,33.5,33.7,32.55,32.55,22194
ARSSINFRA,20210405,21.35,22.4,20.7,22.4,21581
ARTEMISMED,20210405,216.9,220.65,216.7,219,3423
ARVEE,20210405,61.05,61.05,61.05,61.05,100
ARVIND,20210405,69.45,69.5,62.15,66.3,927596
ARVINDFASN,20210405,144.45,144.45,136,139.75,161077
ARVSMART,20210405,98,100.85,94.5,99.3,133391
ASAHIINDIA,20210405,305,312.9,304.25,306.35,58122
ASAHISONG,20210405,327.95,327.95,311,319.8,13620
ASAL,20210405,34.95,34.95,33.6,33.95,5769
ASALCBR,20210405,439.4,444.4,428.65,436.55,73123
ASHAPURMIN,20210405,108.95,110.4,104.85,106.85,174746
ASHIANA,20210405,133.9,140,131.5,138.25,385246
ASHIMASYN,20210405,16.6,16.8,15.7,15.8,110528
ASHOKA,20210405,100,100.6,95,96.25,956392
ASHOKLEY,20210405,117.4,117.6,110.8,113.35,22361908
ASIANHOTNR,20210405,60.9,63.9,60.7,63.2,5837
ASIANPAINT,20210405,2558,2558,2484.5,2510.65,1268939
ASIANTILES,20210405,160,168.4,156.2,166.6,1329095
ASPINWALL,20210405,189,196.5,186,187.5,1438
ASTEC,20210405,1016,1032.8,998.25,1013.65,13917
ASTERDM,20210405,139.9,139.9,135.25,137,119900
ASTRAL,20210405,1670,1680,1626.15,1636.6,205016
ASTRAMICRO,20210405,134.8,134.8,126,127.8,270039
ASTRAZEN,20210405,3415.15,3448.2,3247.8,3303.5,136094
ASTRON,20210405,43.9,43.9,41.55,42,28648
ATFL,20210405,834.9,850.05,784.95,841.45,11911
ATGL,20210405,1064,1197,1021,1164,5752170
ATLANTA,20210405,7.2,7.2,6.85,7,10174
ATNINTER,20210405,0.2,0.2,0.15,0.2,8400
ATUL,20210405,7432,7546.95,7326,7510.95,27903
ATULAUTO,20210405,181,182.5,177.1,178.4,78541
AUBANK,20210405,1262,1264,1217.05,1228.5,872471
AURIONPRO,20210405,133,138.95,130.1,134.35,56639
AUROPHARMA,20210405,879,893.65,871,882.2,1559124
AUSOMENT,20210405,49,50.35,47.75,48.1,10022
AUTOAXLES,20210405,1100,1118,1054,1063.25,11407
AUTOIND,20210405,43.9,44.75,41.65,42.55,140975
AVADHSUGAR,20210405,189,189.15,156.05,178.7,112665
AVANTIFEED,20210405,421.65,449,417.4,445.1,1972854
AVTNPL,20210405,47.2,47.2,44.3,45.25,91834
AWHCL,20210405,255,260.2,251.05,258.75,135108
AXISBANK,20210405,707.2,708.45,677.45,685.25,16239521
AXISBNKETF,20210405,335.53,335.53,322.55,327.24,7238
AXISCADES,20210405,43,43,41.45,42.25,47328
AXISGOLD,20210405,39.5,39.69,39.21,39.36,250112
AXISNIFTY,20210405,154.78,154.78,150.17,152.71,11415
AXISTECETF,20210405,278.98,280,260,278,802
AYMSYNTEX,20210405,48.75,49.5,46.5,48.4,10741
BAFNAPH,20210405,124.1,124.1,124.1,124.1,3902
BAGFILMS,20210405,2.05,2.05,2,2.05,99789
BAJAJ-AUTO,20210405,3700.05,3740,3576.05,3598.5,723573
BAJAJCON,20210405,275,275,264.8,270.85,760696
BAJAJELEC,20210405,994.95,995,956.4,981,67949
BAJAJFINSV,20210405,9760,9763.9,9150,9481.65,612166
BAJAJHIND,20210405,6.4,6.5,6.15,6.25,3321364
BAJAJHLDNG,20210405,3379,3379,3275,3291,61876
BAJFINANCE,20210405,5259,5259,4920.6,4962.5,3739680
BALAJITELE,20210405,58.65,58.95,55.5,56.95,190283
BALAMINES,20210405,1800,1800,1725.05,1751.85,79874
BALAXI,20210405,578.2,578.2,530.15,566.15,2842
BALKRISHNA,20210405,19.3,20.25,18.45,18.8,1661
BALKRISIND,20210405,1671,1679.05,1625.55,1650.8,430886
BALMLAWRIE,20210405,134.4,134.4,127.4,129.3,566420
BALPHARMA,20210405,55.7,55.7,53,54,19739
BALRAMCHIN,20210405,212.2,213.9,197,207.2,2221273
BANARBEADS,20210405,51.75,51.75,48.35,49.15,9435
BANARISUG,20210405,1653.55,1669.7,1606.05,1633.2,597
BANCOINDIA,20210405,148.3,148.3,140.7,143.55,82993
BANDHANBNK,20210405,348.7,349,328.15,335.45,5421081
BANG,20210405,26.7,29.45,26.7,27.55,819
BANKA,20210405,65.8,65.8,60,62,4560
BANKBARODA,20210405,75.1,75.65,70.8,72.7,37343942
BANKBEES,20210405,341.52,342.45,325.52,328.97,2048803
BANKINDIA,20210405,69.7,69.7,66.55,67.25,4030619
BANSWRAS,20210405,103.95,108.85,99.05,102.3,30047
BASF,20210405,2085,2115.9,2015.15,2034.95,29139
BASML,20210405,68,68,61,62.5,9704
BATAINDIA,20210405,1431.9,1434.85,1380.8,1396.55,743916
BAYERCROP,20210405,5241,5298.9,5150,5253.25,11386
BBL,20210405,1130.35,1133.65,1090.3,1105.75,4750
BBTC,20210405,1155,1192.5,1136.15,1181.95,124937
BCG,20210405,8.55,8.55,7.95,8.2,6172195
BCLIND,20210405,108,108,98,101.3,87290
BCP,20210405,3.35,3.35,3.35,3.35,31451
BDL,20210405,337.5,344.9,332.1,339.1,128191
BEARDSELL,20210405,10.55,10.55,9.5,9.75,4925
BECTORFOOD,20210405,343.5,346.95,338.3,341.05,317699
BEDMUTHA,20210405,21.7,22.05,20.7,22,4107
BEL,20210405,126.85,132,125,131.4,20425592
BEML,20210405,1305,1307.95,1205.55,1235.95,786274
BEPL,20210405,153.3,161.9,151,160.7,2203857
BERGEPAINT,20210405,769,769,743,746.75,856266
BESTAGRO,20210405,424.3,435,422.1,427.95,1961
BFINVEST,20210405,281.75,282.1,274.05,277.35,6377
BFUTILITIE,20210405,258,258,241.8,243.45,128871
BGLOBAL,20210405,1.1,1.1,1.1,1.1,3439
BGRENERGY,20210405,44.35,45.3,42.9,43.6,102150
BHAGERIA,20210405,159.9,160.3,153.95,155.25,30607
BHAGYANGR,20210405,44.5,46.7,43.15,46.1,52290
BHAGYAPROP,20210405,28,28.9,27.55,28.25,8852
BHANDARI,20210405,2.45,2.45,2.25,2.3,104116
BHARATFORG,20210405,612.95,617,588.85,608.65,1296370
BHARATGEAR,20210405,76.5,77,72.3,73.65,13622
BHARATRAS,20210405,9440,9494,9350,9388.1,1692
BHARATWIRE,20210405,37.7,37.7,37.7,37.7,19866
BHARTIARTL,20210405,520.8,529,514.6,528.25,9203847
BHEL,20210405,51,51.1,48.4,49,49348313
BIGBLOC,20210405,99.6,99.6,99.6,99.6,1418
BIL,20210405,193.75,219.8,180.8,214,208376
BINDALAGRO,20210405,19.05,19.35,17.6,18.1,163759
BIOCON,20210405,410.55,410.55,401.55,406.45,1318706
BIOFILCHEM,20210405,69.1,72.55,68,72.4,61229
BIRLACABLE,20210405,63.2,63.2,59.8,60.55,68873
BIRLACORPN,20210405,977.4,997.15,945.1,963.65,291033
BIRLAMONEY,20210405,42.15,42.2,41.15,41.6,79725
BIRLATYRE,20210405,24,25.05,23.5,24.65,603107
BKMINDST,20210405,0.95,0.95,0.85,0.95,63713
BLBLIMITED,20210405,6.05,6.2,6.05,6.05,14999
BLISSGVS,20210405,101.8,103,99.5,100.1,228373
BLKASHYAP,20210405,19.85,20.35,19,20,220429
BLS,20210405,96,96.5,93,94.4,71359
BLUECHIP,20210405,0.15,0.2,0.15,0.15,5755
BLUEDART,20210405,5599,5599,5302.1,5373,16102
BLUESTARCO,20210405,929.9,950,911.6,924.4,271926
BODALCHEM,20210405,93.8,93.8,89.3,90.65,625823
BOMDYEING,20210405,72.4,73.15,70.05,71.15,1461925
BOROLTD,20210405,172.7,184.7,168.35,183,356270
BORORENEW,20210405,249.7,249.95,241,245.65,280731
BOSCHLTD,20210405,14178.9,14178.9,13815,14035.65,24374
BPCL,20210405,434.1,437,421.1,428.05,5755221
BPL,20210405,23.85,23.85,22.85,23.45,76252
BRFL,20210405,7.3,7.3,6.8,7.05,126195
BRIGADE,20210405,267,267.75,255,259.95,632474
BRITANNIA,20210405,3635,3720,3630,3700.35,807938
BRNL,20210405,30.6,31,29.4,30.25,95039
BROOKS,20210405,57.55,63.25,57.55,63.25,88662
BSE,20210405,583,583,559.3,564,253508
BSELINFRA,20210405,0.9,0.9,0.9,0.9,15155
BSHSL,20210405,134.5,139.9,133.05,138.5,1084
BSL,20210405,35.65,35.95,34.2,34.8,16791
BSLGOLDETF,20210405,4174,4174,4102,4138.25,380
BSLNIFTY,20210405,160.65,172.26,160.56,161.58,1529
BSOFT,20210405,262.65,273.85,256.5,269.85,3315204
BURGERKING,20210405,130,130.7,126.25,127.25,1357321
BURNPUR,20210405,2.2,2.25,2.15,2.25,23857
BUTTERFLY,20210405,551,553,476.05,527.05,85829
BVCL,20210405,18.4,18.4,17.5,18.1,1229
BYKE,20210405,19.3,19.3,17.85,18.25,43038
CADILAHC,20210405,444.8,449,434.45,439.95,2940040
CALSOFT,20210405,9,9.1,8.9,9,32024
CAMLINFINE,20210405,141.3,141.3,135.05,139.15,229933
CAMS,20210405,1840,1854.85,1817.3,1830.3,36682
CANBK,20210405,154.25,156,144.85,146.75,22534118
CANFINHOME,20210405,610,610,571.8,578.65,395667
CANTABIL,20210405,382,382.3,375.1,376.3,97037
CAPACITE,20210405,205.9,205.9,196.7,197.5,115808
CAPLIPOINT,20210405,452.7,466.6,436.65,454.95,344851
CAPTRUST,20210405,97,97,92.2,93,9748
CARBORUNIV,20210405,509,512,488.1,493,101732
CAREERP,20210405,138.1,140.9,130.85,131.95,37752
CARERATING,20210405,432,432,415.15,424.4,87545
CASTEXTECH,20210405,0.3,0.4,0.3,0.4,69379
CASTROLIND,20210405,125.4,125.9,122.5,125.35,765288
CCCL,20210405,0.6,0.6,0.6,0.6,50
CCHHL,20210405,4.5,4.65,4.2,4.25,40692
CCL,20210405,233.95,233.95,226.35,228.8,320574
CDSL,20210405,659,659.5,639,652.5,751642
CEATLTD,20210405,1600,1620,1525,1548.3,126508
CEBBCO,20210405,15.3,15.3,14.85,15.05,17200
CELEBRITY,20210405,6.1,6.1,5.6,5.7,20541
CENTENKA,20210405,258,258,246.8,250.8,25164
CENTEXT,20210405,4.4,4.7,4.25,4.45,144968
CENTRALBK,20210405,17.4,17.45,16.25,16.3,12981835
CENTRUM,20210405,28.5,28.8,27.9,28.05,4033851
CENTUM,20210405,381.2,384.95,362,381.4,6029
CENTURYPLY,20210405,321.25,325.55,300.3,319.4,266800
CENTURYTEX,20210405,460.45,460.45,441.4,445.25,361997
CERA,20210405,3840,4108.2,3732.1,3768.85,14010
CEREBRAINT,20210405,52.3,52.45,50,50.8,157413
CESC,20210405,603.1,610,595.25,600.25,157143
CGCL,20210405,395.95,395.95,372.15,381.6,104496
CGPOWER,20210405,68.75,68.75,65.35,66.45,4168801
CHALET,20210405,152.7,152.7,146.1,149.95,282686
CHAMBLFERT,20210405,228.2,230,220,222.7,352367
CHEMBOND,20210405,190.5,191,181.5,184.15,29244
CHEMCON,20210405,415,415,405.8,408.05,101677
CHEMFAB,20210405,127,131.9,127,129.35,1909
CHENNPETRO,20210405,102.8,102.8,97.55,98.55,451679
CHOLAFIN,20210405,560,560.95,534,544.35,3489627
CHOLAHLDNG,20210405,592.05,594.55,570.5,580.3,33035
CIGNITITEC,20210405,345,361.1,331.9,354.8,202972
CINELINE,20210405,32.5,32.5,30.7,32,41481
CINEVISTA,20210405,6.5,6.9,6.05,6.7,33175
CIPLA,20210405,825,827,806.1,819.75,2920638
CLEDUCATE,20210405,97.4,100.85,94.2,95.95,123245
CLNINDIA,20210405,383,387.5,373.05,386.6,34678
CMICABLES,20210405,43.55,46.45,43.55,46.45,13043
CNOVAPETRO,20210405,15.5,16.15,15.25,16.05,380
COALINDIA,20210405,131.9,132.1,128.05,129.8,9012457
COCHINSHIP,20210405,375,377.8,364.5,369.55,110902
COFORGE,20210405,2919,3059.9,2885,3036.6,766853
COLPAL,20210405,1565.55,1569,1533.5,1556.4,190999
COMPINFO,20210405,18.3,18.85,17.35,17.5,284781
COMPUSOFT,20210405,8.8,9,8.65,8.65,21757
CONCOR,20210405,596.5,607.8,574.1,578.6,1681325
CONFIPET,20210405,45.1,45.3,42.6,43.45,576245
CONSOFINVT,20210405,57.3,57.65,54.05,57.25,11041
CONTROLPR,20210405,245,248.9,241,241.95,8241
CORALFINAC,20210405,21.5,22.45,20.15,21.1,15605
CORDSCABLE,20210405,41.1,41.7,40,40.4,17223
COROMANDEL,20210405,748.95,753.6,718,738.9,489510
COSMOFILMS,20210405,634.8,635,607.25,629,52627
COUNCODOS,20210405,2.2,2.2,2.05,2.2,55652
CPSEETF,20210405,22.94,22.94,22.3,22.69,1506114
CRAFTSMAN,20210405,1435,1459.95,1422,1424.95,37221
CREATIVE,20210405,101.15,105.65,101.15,102.6,5856
CREDITACC,20210405,668,699,626,630.65,93601
CREST,20210405,85.1,87.85,83.5,83.95,3648
CRISIL,20210405,1810,1857.2,1766,1778.2,42436
CROMPTON,20210405,391.25,393.25,364.25,373.3,2220358
CSBBANK,20210405,238.1,241.6,233.6,238.75,447480
CTE,20210405,26.35,26.35,24.65,25.2,14464
CUB,20210405,161.1,161.8,155.1,156.3,1785738
CUBEXTUB,20210405,18.15,18.6,17.05,17.7,17752
CUMMINSIND,20210405,889,904,868.8,882.05,858911
CUPID,20210405,213.9,225,210,221.6,85913
CURATECH,20210405,1.6,1.6,1.6,1.6,340
CYBERMEDIA,20210405,9.9,9.9,9.6,9.9,8956
CYBERTECH,20210405,124.8,124.8,118.2,120.75,110498
CYIENT,20210405,660.65,680,655.05,667.3,241274
DAAWAT,20210405,62.4,62.5,59.3,60.1,2046756
DABUR,20210405,538.2,541.1,534.1,537,1359678
DALALSTCOM,20210405,1.25,1.25,1.15,1.25,124403
DALBHARAT,20210405,1583.95,1583.95,1525,1536.9,75321
DALMIASUG,20210405,184.3,184.3,175,181.05,167752
DAMODARIND,20210405,25.65,25.65,23.25,23.6,14464
DANGEE,20210405,130.2,131.8,128.75,129.9,38740
DATAMATICS,20210405,120.2,121.45,112.45,118,161158
DBCORP,20210405,91.5,92,88,89.95,116936
DBL,20210405,594.7,594.7,568,573.9,169550
DBREALTY,20210405,24.55,25.3,23.35,23.4,426901
DBSTOCKBRO,20210405,8.4,9.15,7.9,8.35,7294
DCAL,20210405,113.85,119.3,109.6,117.2,729498
DCBBANK,20210405,104.3,104.4,99.35,101.75,1905230
DCM,20210405,23.7,24.75,23.6,23.9,4376
DCMFINSERV,20210405,1.25,1.25,1.2,1.25,399
DCMNVL,20210405,89.9,89.9,82.25,84.6,15781
DCMSHRIRAM,20210405,520,522.45,492.5,505.8,47557
DCW,20210405,28.05,28.4,26.4,27,910664
DECCANCE,20210405,428.9,428.9,411,415.9,38059
DEEPAKFERT,20210405,233.95,233.95,224.1,225.3,388789
DEEPAKNTR,20210405,1647.8,1668,1602,1617.15,697617
DEEPENR,20210405,35.5,35.6,34.1,34.45,24554
DELTACORP,20210405,167.05,167.05,156.8,159.3,2794393
DELTAMAGNT,20210405,32.85,32.85,29.9,29.9,7602
DEN,20210405,49.2,49.2,46.1,47.05,2625197
DENORA,20210405,260,260,248.3,251.25,4581
DFMFOODS,20210405,362.55,363.45,350,352.05,40484
DGCONTENT,20210405,7.1,7.8,7.1,7.8,10359
DHAMPURSUG,20210405,184.1,185.05,172.35,176.6,398829
DHANBANK,20210405,15.55,15.55,14.65,14.9,657459
DHANI,20210405,171.4,174.65,156.35,163.7,3667729
DHANUKA,20210405,717.15,736,695.45,733.05,62019
DHARSUGAR,20210405,6.15,6.45,6.1,6.45,13718
DHFL,20210405,16.35,17.1,15.85,16.15,1679530
DHUNINV,20210405,272.1,283.5,262,282.3,5783
DIAMONDYD,20210405,594.95,604,591.35,594.8,3552
DICIND,20210405,399.9,399.9,390.7,392.3,2552
DIGISPICE,20210405,45.7,50.5,45.7,50.05,487969
DISHTV,20210405,10.3,10.35,9.8,10.05,4928248
DIVISLAB,20210405,3616.1,3681,3561.65,3611.05,880667
DIXON,20210405,3599.95,3611,3465.55,3496.9,397173
DLF,20210405,289,289,272.15,276.75,10716857
DLINKINDIA,20210405,105,105.25,101.55,103.1,96705
DMART,20210405,2890,2890,2793,2846.95,460926
DNAMEDIA,20210405,0.75,0.75,0.7,0.7,28899
DOLAT,20210405,71,71,67.05,68.55,207017
DOLLAR,20210405,235,235,226.5,228.45,91048
DONEAR,20210405,31.35,31.4,29.5,30.05,27431
DPABHUSHAN,20210405,120.6,121.55,111.5,116.35,5323
DPSCLTD,20210405,12.7,13,12.1,12.75,35018
DPWIRES,20210405,107,112,106.45,106.95,5436
DRCSYSTEMS,20210405,322,322.6,322,322.6,3871
DREDGECORP,20210405,380.8,384,369.5,371.4,122491
DRREDDY,20210405,4560,4584,4423.9,4556.6,732258
DSSL,20210405,72.6,72.6,70,70.35,36733
DTIL,20210405,263,263,252,254.85,6154
DUCON,20210405,6.15,6.2,5.85,6.15,82824
DVL,20210405,101.35,102.5,97.25,97.85,91242
DWARKESH,20210405,31.4,31.8,30.05,30.75,958289
DYNAMATECH,20210405,1051,1058,1007.5,1031.3,19147
DYNPRO,20210405,513.15,523.55,478.55,498.9,95692
EASEMYTRIP,20210405,208,211.8,198,198.55,2630500
EASTSILK,20210405,1.6,1.6,1.6,1.6,5400
EBANK,20210405,3512,3698.61,3512,3698.61,6
EBBETF0423,20210405,1115.57,1117.25,1115.57,1117.04,3452
EBBETF0425,20210405,1034.5,1034.5,1030.07,1031.33,2896
EBBETF0430,20210405,1137.99,1137.99,1133.02,1136.94,7886
EBBETF0431,20210405,1021.55,1022.99,1018.21,1020.6,9769
EBIXFOREX,20210405,486.65,486.65,460.05,470.9,1827
ECLERX,20210405,1120.9,1150,1094.5,1120.95,87730
EDELWEISS,20210405,67,69.75,66.65,69.55,5289356
EICHERMOT,20210405,2596,2603,2507,2517.2,1205767
EIDPARRY,20210405,324.95,324.95,302.5,314.3,378813
EIHAHOTELS,20210405,246.4,246.4,231.95,234.45,4806
EIHOTEL,20210405,94.4,94.5,91.5,92.55,1704142
EIMCOELECO,20210405,339.05,346.2,330,335.35,1175
EKC,20210405,81.3,81.3,72.3,76.2,883615
ELECON,20210405,67.9,69.25,64.3,65.5,424975
ELECTCAST,20210405,25.75,26.8,25.2,25.55,1953322
ELECTHERM,20210405,113.15,116.35,108,110.3,14826
ELGIEQUIP,20210405,198.8,203,193.05,194.55,93863
ELGIRUBCO,20210405,27.5,27.5,26.55,26.65,11402
EMAMILTD,20210405,487.5,503.5,477.35,498.45,333102
EMAMIPAP,20210405,123,125.6,115,118.2,38359
EMAMIREAL,20210405,43.7,43.7,42,43.7,49362
EMKAY,20210405,67,71.85,64.3,65.25,80717
EMMBI,20210405,84.4,87.15,81,81.7,41366
ENDURANCE,20210405,1458,1458,1380,1386.1,81914
ENERGYDEV,20210405,9.3,9.45,8.7,9.45,28484
ENGINERSIN,20210405,77.35,77.85,75.1,75.8,1555123
ENIL,20210405,148.5,148.5,140.1,142.9,32271
EPL,20210405,238.7,238.7,224.35,225.05,361988
EQ30,20210405,429,429,429,429,150
EQUITAS,20210405,87,87.7,83,84.65,1041295
EQUITASBNK,20210405,62.8,63,58,59.15,885498
ERIS,20210405,602.3,602.3,581.95,593.05,58294
EROSMEDIA,20210405,25.85,25.85,24.2,24.35,159148
ESABINDIA,20210405,1830,1830,1775,1791,3637
ESCORTS,20210405,1272,1275.95,1229,1235.35,887686
ESSARSHPNG,20210405,8.15,8.25,7.95,8.15,53591
ESTER,20210405,119.85,119.95,115,116.15,209269
EUROTEXIND,20210405,7.8,7.8,7.8,7.8,2
EVEREADY,20210405,278.45,278.45,264,268.25,270418
EVERESTIND,20210405,292.8,295,287.5,293.3,27802
EXCEL,20210405,2.55,2.55,2.45,2.5,48256
EXCELINDUS,20210405,866,870.9,838.5,843,22163
EXIDEIND,20210405,185.9,187.2,181,182.65,2897684
EXPLEOSOL,20210405,546.45,629.7,546.45,605.85,283799
FACT,20210405,111.9,111.9,105.6,107.4,251947
FAIRCHEMOR,20210405,735,757.1,722,739.65,17144
FCL,20210405,66.75,66.75,63.8,64.95,360658
FCONSUMER,20210405,6.85,7.25,6.8,7.25,17623226
FCSSOFT,20210405,0.7,0.7,0.65,0.7,1087108
FDC,20210405,283.85,289.6,282.5,284.4,178910
FEDERALBNK,20210405,78.85,78.85,74.35,76.4,21409152
FEL,20210405,8.8,9.55,8.8,9.55,2641547
FELDVR,20210405,11.3,11.3,11.1,11.3,20141
FIEMIND,20210405,578.9,578.9,557.5,572.3,23832
FILATEX,20210405,70,70.95,67.7,69.05,617779
FINCABLES,20210405,387,389.95,375.8,379.15,56709
FINEORG,20210405,2304,2313.95,2269.25,2281,18425
FINPIPE,20210405,663,672,654.75,665.5,233298
FLEXITUFF,20210405,20.4,20.4,18.6,20.4,16049
FLFL,20210405,53.85,53.85,53.8,53.85,108254
FLUOROCHEM,20210405,619,619,595.5,608.35,29846
FMGOETZE,20210405,289.55,289.55,281.5,285.15,2750
FMNL,20210405,13,13.1,12.65,13.1,41242
FORCEMOT,20210405,1209.9,1209.9,1149.8,1162.5,23337
FORTIS,20210405,204,227.35,201.2,219.4,13070896
FOSECOIND,20210405,1200,1200,1157.75,1186.35,804
FRETAIL,20210405,46.95,46.95,46.5,46.95,762792
FSC,20210405,69.4,69.65,69.1,69.65,52707
FSL,20210405,118.1,122.45,116.35,119.4,7081822
G5,20210405,48.86,48.86,47.45,47.62,5319
GABRIEL,20210405,103.1,103.1,96.2,102.6,414153
GAEL,20210405,135.4,136.2,122.05,129.15,681441
GAIL,20210405,139,139.45,134.55,134.95,12758646
GAL,20210405,1.95,2,1.9,1.95,31726
GALAXYSURF,20210405,2574.5,2574.75,2441,2461.3,22587
GALLANTT,20210405,46.7,52.95,46.7,52,556287
GALLISPAT,20210405,40.6,46.4,40.25,45.5,1213911
GAMMNINFRA,20210405,0.75,0.75,0.7,0.75,1176672
GANDHITUBE,20210405,268.3,278.9,261.1,266.7,6912
GANECOS,20210405,599.9,599.9,561.3,583.15,22015
GANESHHOUC,20210405,61.3,61.3,61.3,61.3,21305
GANGESSECU,20210405,62.05,62.45,58.05,59.9,376
GANGOTRI,20210405,0.7,0.75,0.65,0.75,3506
GARFIBRES,20210405,2627.5,2638.4,2505,2586.6,10326
GATI,20210405,105,105,101.4,103.1,492875
GAYAHWS,20210405,0.6,0.65,0.55,0.55,240875
GAYAPROJ,20210405,30.9,33,30,31.25,617149
GBGLOBAL,20210405,7.65,7.65,7.1,7.1,875
GDL,20210405,179.8,182.8,166.35,180.55,124728
GEECEE,20210405,102,102.9,101.5,101.95,11509
GEEKAYWIRE,20210405,76,81.35,75.1,80.35,10972
GENCON,20210405,46.65,48.2,45,47.05,730
GENESYS,20210405,99,103.8,98,103.4,9154
GENUSPAPER,20210405,7.25,7.25,6.95,7.1,101759
GENUSPOWER,20210405,51.7,51.7,48,49.35,260828
GEOJITFSL,20210405,51.95,52.2,50.05,51.3,221720
GEPIL,20210405,285.1,285.1,276.1,277.55,47132
GESHIP,20210405,312.55,316,296.15,302.05,113000
GET&D,20210405,121.6,122.55,117.3,120.3,113830
GFLLIMITED,20210405,75.95,75.95,72.2,72.2,30838
GHCL,20210405,230.1,238.3,226.7,237.4,254571
GICHSGFIN,20210405,121.25,121.5,116.5,118.2,207603
GICRE,20210405,205.9,206.05,198.3,203.2,573689
GILLANDERS,20210405,40.55,41.75,40.5,41.35,399
GILLETTE,20210405,5680,5680,5585,5599.1,4539
GINNIFILA,20210405,20.9,21.4,19.55,19.85,150997
GIPCL,20210405,76,77.05,74.4,74.55,321603
GISOLUTION,20210405,2.7,2.7,2.7,2.7,1
GKWLIMITED,20210405,510.65,522.3,503.7,517.35,2452
GLAND,20210405,2470,2548.6,2400,2501.5,135477
GLAXO,20210405,1433.15,1439.7,1399.3,1406.1,95479
GLENMARK,20210405,480.95,492,473.2,479.05,1635705
GLFL,20210405,2.55,2.55,2.4,2.4,19078
GLOBAL,20210405,39,39,35.65,38.25,10094
GLOBE,20210405,50,50,50,50,2
GLOBUSSPR,20210405,332.65,332.65,318.05,321.4,69733
GMBREW,20210405,440,448,422.65,442.7,116829
GMDCLTD,20210405,59.3,59.6,56.1,56.65,1292520
GMMPFAUDLR,20210405,4429.8,4442.05,4275,4287.95,50747
GMRINFRA,20210405,25.1,25.3,23.75,24.05,22878190
GNA,20210405,367.15,367.15,353,361.7,57545
GNFC,20210405,311,311,296.15,307.15,1128803
GOACARBON,20210405,299.65,314.5,285,307.05,83344
GOCLCORP,20210405,226.5,226.5,215.55,223.45,4203
GODFRYPHLP,20210405,927.9,927.9,891.5,915,33347
GODHA,20210405,45.6,47.9,44.2,47.6,1752
GODREJAGRO,20210405,522.55,522.55,500.1,507.3,94747
GODREJCP,20210405,726.3,733,704.25,722.35,1593063
GODREJIND,20210405,539.5,548.75,520,540.8,162047
GODREJPROP,20210405,1393.35,1396,1317.1,1352.1,710251
GOKEX,20210405,79,79.45,76.8,78.85,150668
GOKUL,20210405,18.25,19.45,18.2,19.2,39823
GOKULAGRO,20210405,20.3,20.8,19.4,19.75,146045
GOLDBEES,20210405,39.95,39.95,39.12,39.33,5982785
GOLDENTOBC,20210405,40.2,41.2,39.05,40.5,5495
GOLDIAM,20210405,336,339.95,325.8,328.3,31890
GOLDSHARE,20210405,40.55,41.2,40.1,40.35,206103
GOLDTECH,20210405,9.5,9.5,9.5,9.5,12459
GOODLUCK,20210405,72.6,74,68.35,72.15,210761
GOODYEAR,20210405,925,925,883.8,911.85,12846
GPIL,20210405,766,807,749.45,792.45,474381
GPPL,20210405,99.9,99.9,96.5,97.5,247782
GPTINFRA,20210405,39.75,39.75,37,37.95,32912
GRANULES,20210405,313.4,316.6,306.05,310.2,1638810
GRAPHITE,20210405,554,556.9,535,539.1,2000801
GRASIM,20210405,1455,1472.7,1425.1,1446.5,1396534
GRAVITA,20210405,95.5,101.95,94.3,101.15,302986
GREAVESCOT,20210405,135.6,135.6,124.55,128.1,1507117
GREENLAM,20210405,926,948.5,923.45,930.15,5004
GREENPANEL,20210405,175.9,176.55,171.05,176.55,1494386
GREENPLY,20210405,180,181,172.5,176.3,210934
GREENPOWER,20210405,2.1,2.15,2,2.1,942153
GRINDWELL,20210405,934.4,939.1,913.95,921.25,14150
GROBTEA,20210405,797.55,821,782,791.55,733
GRPLTD,20210405,910,910,852.55,862.8,1316
GRSE,20210405,190.55,191,184,184.9,119897
GSCLCEMENT,20210405,34.2,34.4,32.8,33.25,91771
GSFC,20210405,87.25,89.5,85,86,1735435
GSPL,20210405,274.75,275,264.1,269.75,255529
GSS,20210405,53.55,54.8,50.5,50.8,76609
GTL,20210405,5.65,5.75,5.5,5.75,162742
GTLINFRA,20210405,0.75,0.8,0.75,0.75,13528766
GTNTEX,20210405,5.05,5.05,5.05,5.05,900
GTPL,20210405,126,126,118.8,121.25,48683
GUFICBIO,20210405,116.85,116.85,109.1,112.7,88196
GUJALKALI,20210405,353.25,353.9,338.6,341.45,77491
GUJAPOLLO,20210405,212.8,212.8,206.65,207.2,1339
GUJGASLTD,20210405,547.1,555,535,548.6,935563
GUJRAFFIA,20210405,41.85,41.85,41.85,41.85,171
GULFOILLUB,20210405,746.1,746.1,719.8,723.6,8268
GULFPETRO,20210405,38.4,38.4,36.85,37.25,25395
GULPOLY,20210405,96.45,109.95,94.85,107.7,547173
HAL,20210405,1040,1041,992.2,999.9,289644
HAPPSTMNDS,20210405,617,648.7,610.25,618.8,13320286
HARITASEAT,20210405,735.45,749.2,722.3,734.65,39309
HARRMALAYA,20210405,140.7,147.5,138.4,139.7,240828
HATHWAY,20210405,25.35,25.45,23.4,24.05,1289011
HATSUN,20210405,735.3,748,725,738.15,35048
HAVELLS,20210405,1060,1063.55,1015.45,1029.85,1017471
HAVISHA,20210405,0.7,0.75,0.65,0.75,50604
HBANKETF,20210405,336.84,336.97,323.7,327.6,7958
HBLPOWER,20210405,34.55,34.95,32.8,33.5,387426
HBSL,20210405,17.85,17.85,16.2,17.1,2039
HCC,20210405,8.45,8.7,8.05,8.45,5906523
HCG,20210405,188.1,193.4,182,186.9,143348
HCL-INSYS,20210405,9.5,9.55,9.15,9.3,359536
HCLTECH,20210405,1007,1040,1002.6,1033.5,9452833
HDFC,20210405,2530,2531,2413,2445.85,3353567
HDFCAMC,20210405,2936.5,2947.7,2851,2902.35,148725
HDFCBANK,20210405,1480,1485,1431,1449.6,8003293
HDFCLIFE,20210405,697.9,698,676.1,682.15,2074674
HDFCMFGETF,20210405,40.15,40.69,40.11,40.34,1071259
HDFCNIFETF,20210405,158,158.05,153.86,155.92,67584
HDFCSENETF,20210405,540,540,521,525.93,4686
HEG,20210405,1573.8,1595,1521.05,1537.9,587003
HEIDELBERG,20210405,239.5,239.8,232.1,234.75,156492
HEMIPROP,20210405,145.8,151.5,143,151.5,814554
HERANBA,20210405,632,636.2,620.1,624.6,333226
HERCULES,20210405,115.95,115.95,110.2,111.9,30738
HERITGFOOD,20210405,310.1,312.05,300,304,110202
HEROMOTOCO,20210405,2961,2972.95,2866.6,2886.9,1152927
HESTERBIO,20210405,1903.4,1935,1895,1904.25,9890
HEXATRADEX,20210405,77.9,81.6,74,80,321583
HFCL,20210405,26.3,26.55,25.45,25.65,3395356
HGINFRA,20210405,298.6,298.6,285.05,291.25,41538
HGS,20210405,1817.9,1828.9,1702.85,1768.55,57809
HIKAL,20210405,159.9,164.7,156.2,158.9,884639
HIL,20210405,3029.85,3059,2975,3005.1,8155
HILTON,20210405,9.85,9.9,9.2,9.4,17707
HIMATSEIDE,20210405,147.7,147.7,140.05,143.35,92054
HINDALCO,20210405,349.9,352.9,338,350.65,14771653
HINDCOMPOS,20210405,275.55,275.55,263.95,270.15,3411
HINDCOPPER,20210405,128.4,131.8,126,131.8,5676424
HINDMOTORS,20210405,6.95,7.1,6.5,6.7,36834
HINDNATGLS,20210405,32,33.65,31.25,32.15,26351
HINDOILEXP,20210405,97.25,100,94,99.55,549692
HINDPETRO,20210405,239.15,239.15,229.5,235.25,4829242
HINDUNILVR,20210405,2400,2417.2,2346.5,2373.2,2545447
HINDZINC,20210405,281,303,277.5,297.25,3945113
HIRECT,20210405,128.4,128.4,122.55,122.95,8996
HISARMETAL,20210405,119.2,128,115.05,125.25,245083
HITECH,20210405,407.5,407.5,389.35,403.8,76379
HITECHCORP,20210405,126.9,126.9,116.6,118,5855
HITECHGEAR,20210405,175.95,175.95,170,170.4,2042
HLEGLAS,20210405,2419,2460,2281,2328.5,8488
HLVLTD,20210405,6,6.15,5.85,5.95,144838
HMVL,20210405,64,64,60.8,61.65,39146
HNDFDS,20210405,2127.85,2127.85,2023.15,2055.3,10903
HNGSNGBEES,20210405,367.71,369,355.01,359.91,1008
HOMEFIRST,20210405,462.1,463,443.3,447.85,146809
HONAUT,20210405,46499,46499,45000,45305.7,3303
HONDAPOWER,20210405,974.05,985,959.55,969.25,3948
HOTELRUGBY,20210405,1.05,1.05,1.05,1.05,2001
HOVS,20210405,58,58,54.05,54.05,8973
HPL,20210405,49.85,50.9,47.5,48.7,79717
HSCL,20210405,43.65,43.95,42,42.55,3336068
HSIL,20210405,157,157,152.45,152.9,140471
HTMEDIA,20210405,23.2,23.2,21.65,22.05,216583
HUBTOWN,20210405,16.1,16.75,16,16.35,29949
HUDCO,20210405,45.15,45.15,43.65,43.9,1423574
HUHTAMAKI,20210405,288,289.4,276.25,279.35,56679
IBMFNIFTY,20210405,158,158,140.95,150.89,1190
IBREALEST,20210405,88.15,88.15,82.7,84.15,8277681
IBULHSGFIN,20210405,204,204.8,190.1,193.4,15741065
ICEMAKE,20210405,70.85,70.85,65.75,67.5,6724
ICICI500,20210405,222.3,222.3,200.15,202.26,3690
ICICIALPLV,20210405,146.7,146.7,141.31,142.83,3526
ICICIB22,20210405,36.01,36.55,35.15,35.72,265167
ICICIBANK,20210405,592,592,563.5,571.25,23260127
ICICIBANKN,20210405,335.85,335.85,321.7,325.41,19370
ICICIBANKP,20210405,182,182,170.73,172.05,33353
ICICIGI,20210405,1451.7,1457.8,1400.05,1410.65,731017
ICICIGOLD,20210405,41,41,39.72,40.27,144305
ICICILIQ,20210405,999.95,1000.01,999.95,999.99,26422
ICICILOVOL,20210405,120.7,127.7,115.63,118.05,104022
ICICIM150,20210405,93.9,99,89.38,91.27,59373
ICICIMCAP,20210405,87,88,84.45,85.73,9363
ICICINF100,20210405,165.7,165.7,157.45,159.81,13184
ICICINIFTY,20210405,161.45,165,151.6,156.49,375894
ICICINV20,20210405,80,80.7,77.75,79.51,20079
ICICINXT50,20210405,36.2,36.2,34.51,35.12,99177
ICICIPRULI,20210405,446.5,446.95,433.5,436.7,2524024
ICICISENSX,20210405,543.98,543.98,526.4,531.44,2204
ICICITECH,20210405,266,267.98,262.05,267.73,422217
ICIL,20210405,131.55,131.55,125.1,127.05,156481
ICRA,20210405,3325.6,3339,3132,3231.2,7609
IDBI,20210405,39.4,39.5,37.3,38.15,19178139
IDBIGOLD,20210405,4202.9,4202.9,4136,4199.45,154
IDEA,20210405,9.95,10,9.25,9.55,177588656
IDFC,20210405,47.8,48,45.6,47.5,3363476
IDFCFIRSTB,20210405,57,57,53.75,54.3,48364592
IDFNIFTYET,20210405,151.42,159,151.12,153.47,371
IEX,20210405,348.45,348.45,336,341.6,1929684
IFBAGRO,20210405,408.55,414.8,395.55,404.6,9627
IFBIND,20210405,1074.95,1095.55,1031.15,1064.65,59618
IFCI,20210405,12.45,12.45,12,12,2453454
IFGLEXPOR,20210405,326.1,340,310.4,323.45,68228
IGARASHI,20210405,285,287,274.45,278.2,65415
IGL,20210405,525.75,525.75,502.25,504.75,2059327
IGPL,20210405,429.15,443.4,413,419.2,40943
IIFL,20210405,295,295,279.3,279.4,300717
IIFLSEC,20210405,49.5,50.45,48.1,49.9,252389
IIFLWAM,20210405,1308,1358,1277.05,1313.15,23777
IITL,20210405,66.5,66.6,58,60,17341
IMAGICAA,20210405,6.35,6.55,6.2,6.35,62166
IMFA,20210405,490.9,505,472,481.45,59534
IMPAL,20210405,688.6,689.3,674,682.05,570
INDBANK,20210405,12.85,13,12.5,12.65,41647
INDHOTEL,20210405,109.5,109.8,106.5,107.95,2154197
INDIACEM,20210405,169.05,170.4,163.25,164.7,1792983
INDIAGLYCO,20210405,439,448.95,422.3,433.4,204385
INDIAMART,20210405,7920,8078,7736.05,8004.55,98752
INDIANB,20210405,118.4,118.7,113.05,114.65,1219864
INDIANCARD,20210405,135.95,135.95,130.1,133.35,10006
INDIANHUME,20210405,179.45,179.45,172,173,23947
INDIGO,20210405,1601,1609.9,1525,1552.7,1714868
INDIGOPNTS,20210405,2398.8,2398.8,2311.85,2324.45,26484
INDLMETER,20210405,14.5,14.5,13.4,14.2,2893
INDNIPPON,20210405,380,384.8,375.55,380.8,19851
INDOCO,20210405,293.7,298.2,285.25,286.3,84116
INDORAMA,20210405,38.55,39.9,37,37.15,49967
INDOSTAR,20210405,317.1,323,305,318.4,25320
INDOTECH,20210405,92,92,87.2,88.9,6968
INDOTHAI,20210405,53.1,55.35,52.6,52.7,2395
INDOWIND,20210405,4,4,3.75,3.8,50583
INDRAMEDCO,20210405,57.7,60.5,56.15,59.35,1535310
INDSWFTLAB,20210405,75.4,76.8,74,75.3,62591
INDSWFTLTD,20210405,4.5,4.5,4.3,4.3,578
INDTERRAIN,20210405,32.6,32.6,30.55,31.05,50539
INDUSINDBK,20210405,985,988.95,918.55,937.35,11223431
INDUSTOWER,20210405,257.8,257.8,245.4,251.8,1243612
INEOSSTYRO,20210405,966,991,955.6,979.8,46324
INFIBEAM,20210405,47.9,48.2,44.4,45.4,2753070
INFOBEAN,20210405,144.1,150,144.1,147.6,20905
INFOMEDIA,20210405,3.15,3.15,3.15,3.15,3170
INFRABEES,20210405,430,430,417.13,423.63,1504
INFY,20210405,1391,1425,1387,1409.9,9479572
INGERRAND,20210405,693.75,701.4,682.25,693.85,13299
INOXLEISUR,20210405,265,270.35,261.1,266.6,1165785
INOXWIND,20210405,72,72,68.3,69.3,197129
INSECTICID,20210405,479.35,479.35,468.3,470.3,34782
INSPIRISYS,20210405,45.35,45.35,42.35,43.75,11423
INTEGRA,20210405,4.2,4.2,4.2,4.2,19493
INTELLECT,20210405,729.9,734.75,683.7,710.85,682379
INTENTECH,20210405,33.8,33.8,31.25,31.55,24915
INVENTURE,20210405,30.35,30.9,28.25,29.35,123024
IOB,20210405,16.85,16.85,16,16.25,8026834
IOC,20210405,93,93,90.05,90.75,17182715
IOLCP,20210405,557.9,584.95,554.55,574.8,1002122
IPCALAB,20210405,1882,1893,1833.35,1875.55,103238
IRB,20210405,113.8,113.95,107.3,108.9,1978801
IRCON,20210405,90,91,87.05,89.3,7548463
IRCTC,20210405,1726,1737.95,1677.4,1702.65,1622830
IRFC,20210405,22.85,22.9,22.3,22.5,20106460
IRISDOREME,20210405,89.05,90.1,87.65,88.05,1046
ISEC,20210405,395.5,395.9,386,391.85,454112
ISFT,20210405,68.25,70.25,66.65,69.75,18529
ISMTLTD,20210405,11.3,11.3,10.6,10.85,187645
ITC,20210405,217.6,220,210.5,212.55,31378045
ITDC,20210405,385,388.9,369,375.65,103546
ITDCEM,20210405,77.05,79.45,75.7,76.25,205877
ITI,20210405,116.7,117.15,114,114.75,237273
IVC,20210405,4.1,4.3,4.1,4.2,177124
IVP,20210405,102.9,102.9,101.65,101.75,95
IVZINGOLD,20210405,4182,4184,4090,4097.5,45
IVZINNIFTY,20210405,1620,1620,1571.7,1579.02,45
IZMO,20210405,52.25,52.6,51.9,52.6,24091
J&KBANK,20210405,27,27,25.8,26.05,1383395
JAGRAN,20210405,59.95,59.95,58.15,58.95,539279
JAGSNPHARM,20210405,80.55,81.8,77.25,79,349226
JAIBALAJI,20210405,36.7,38.5,36,36.25,35484
JAICORPLTD,20210405,87.85,87.85,83.6,85.25,571643
JAMNAAUTO,20210405,68.95,71,67.65,68.6,771007
JASH,20210405,333,344.35,316,319.95,33986
JAYAGROGN,20210405,138,138,132.15,134.2,9090
JAYBARMARU,20210405,236,236,223.55,226.45,10384
JAYNECOIND,20210405,11.65,11.65,11.65,11.65,64847
JAYSREETEA,20210405,68.3,68.35,65.15,66.05,132007
JBCHEPHARM,20210405,1252.1,1274,1214,1227.15,101959
JBFIND,20210405,14.4,14.5,13.55,14.25,249674
JBMA,20210405,428.7,428.7,411.05,413.75,16608
JCHAC,20210405,2668,2681.4,2574.25,2588.5,9537
JHS,20210405,20.35,20.75,19.15,20.3,21714
JIKIND,20210405,0.6,0.6,0.5,0.6,27812
JINDALPHOT,20210405,90.4,90.4,81.8,81.8,47713
JINDALPOLY,20210405,763.15,763.15,732.6,740.25,57954
JINDALSAW,20210405,76.9,77.9,73,74.7,1154814
JINDALSTEL,20210405,370.9,386,359.25,382.85,11514234
JINDCOT,20210405,1.75,1.75,1.75,1.75,39702
JINDRILL,20210405,91,94.65,90.15,90.9,13855
JINDWORLD,20210405,51,51,48.05,48.5,158865
JISLDVREQS,20210405,12.75,12.75,12.35,12.4,18701
JISLJALEQS,20210405,19.5,19.85,18.4,19.15,3584569
JITFINFRA,20210405,7.6,8,7.6,8,3186
JIYAECO,20210405,5.05,5.1,4.75,5.1,56607
JKCEMENT,20210405,2923,2984.25,2799.95,2810.55,62420
JKIL,20210405,190,192.65,179.5,182.85,203649
JKLAKSHMI,20210405,438,438,414.45,425.2,346926
JKPAPER,20210405,153,153,143.6,146.05,1506737
JKTYRE,20210405,119.9,119.95,113,114.5,1179208
JMA,20210405,34.8,34.8,31.95,32.9,24360
JMCPROJECT,20210405,84.4,86.3,79.5,82.4,391553
JMFINANCIL,20210405,85,85.35,82.5,83.7,507171
JMTAUTOLTD,20210405,2.65,2.65,2.5,2.6,222267
JOCIL,20210405,148.75,149.85,144,146.9,3243
JPASSOCIAT,20210405,7.15,7.2,6.85,7,8252089
JPINFRATEC,20210405,1.6,1.6,1.5,1.5,2874447
JPOLYINVST,20210405,32.2,32.2,32.2,32.2,202
JPPOWER,20210405,3.55,3.55,3.25,3.25,56218421
JSL,20210405,70,72.25,68,70.1,961261
JSLHISAR,20210405,127.8,133.6,126.2,130.85,994857
JSWENERGY,20210405,90,90.4,85,86.55,5031925
JSWHL,20210405,3915,3993,3811.1,3909.35,5121
JSWISPL,20210405,28.85,28.85,28,28.85,1043412
JSWSTEEL,20210405,513.5,522,503.2,517.5,29711225
JTEKTINDIA,20210405,86.35,86.35,83.8,84.15,127706
JUBLFOOD,20210405,2939.05,2966.25,2807.55,2837,669772
JUBLINDS,20210405,195,195,188.4,192.75,23098
JUBLINGREA,20210405,278.9,286.25,275,286.25,431503
JUBLPHARMA,20210405,712.9,719.7,699.95,712.7,104091
JUMPNET,20210405,9.1,9.35,9.05,9.3,3079227
JUNIORBEES,20210405,367.4,372,355.21,359.95,121134
JUSTDIAL,20210405,899.4,899.4,846.3,865.9,926514
JYOTHYLAB,20210405,145.65,146,141,143.1,345342
KABRAEXTRU,20210405,179.8,179.8,165,169.1,159591
KAJARIACER,20210405,943.95,960.9,927.1,947.1,572007
KAKATCEM,20210405,170.3,174.95,167,170.05,9735
KALPATPOWR,20210405,381,381,368,378.15,76783
KALYANIFRG,20210405,202,204,189.9,189.95,1399
KALYANKJIL,20210405,71.5,71.5,68.55,69.9,2399032
KAMATHOTEL,20210405,30.25,30.6,29.4,30.2,37830
KAMDHENU,20210405,146.45,164.5,146.45,155.75,638637
KANANIIND,20210405,4.15,4.15,3.9,3.9,6156
KANORICHEM,20210405,97.6,100.35,92,100.35,89029
KANPRPLA,20210405,146,146,140.95,141.95,18273
KANSAINER,20210405,585,592.35,576.45,588.6,204519
KAPSTON,20210405,97.5,99,94,98.95,231
KARDA,20210405,120.5,120.5,115.5,116.6,26942
KARMAENG,20210405,13.75,13.95,13.4,13.6,1756
KARURVYSYA,20210405,57.2,57.2,54.2,55.1,797316
KAUSHALYA,20210405,1.65,1.65,1.55,1.55,9951
KAVVERITEL,20210405,1.85,1.85,1.85,1.85,10
KAYA,20210405,288.95,288.95,268.1,280.2,34095
KCP,20210405,84,84,81,82.6,130763
KCPSUGIND,20210405,15.15,15.15,14.65,14.9,208122
KDDL,20210405,271.05,271.95,249.95,261.2,8223
KEC,20210405,413,426.7,411.05,417.35,178293
KECL,20210405,12.85,13.45,12.6,13.25,76205
KEERTI,20210405,24.7,25.45,23.95,24.15,404030
KEI,20210405,528.6,528.6,505,509.15,137175
KELLTONTEC,20210405,74.4,74.4,69.3,70.25,371070
KENNAMET,20210405,1088,1088,1041,1044.7,2668
KERNEX,20210405,67,70.05,63.45,69.3,70606
KESORAMIND,20210405,75.9,76.45,70.75,73.75,915444
KEYFINSERV,20210405,54.35,58.6,54.3,56.65,582
KHADIM,20210405,152.2,152.2,131.5,145.7,52398
KHAICHEM,20210405,23.4,23.4,21.85,22.4,77694
KHAITANLTD,20210405,16.55,16.55,16.55,16.55,611
KHANDSE,20210405,14.9,14.9,13.9,14,3806
KICL,20210405,1630.15,1630.15,1518,1524.9,663
KILITCH,20210405,83.7,84.4,81.35,82.3,2430
KINGFA,20210405,606.15,611.9,586,594.75,6706
KIOCL,20210405,153,157,145.3,154.6,172266
KIRIINDUS,20210405,445.8,466.8,438.8,441.6,169937
KIRLFER,20210405,174,199,165,188.65,532558
KIRLOSBROS,20210405,262.9,268.8,244.05,252.2,136956
KIRLOSENG,20210405,173,173.75,159.55,161.2,236638
KIRLOSIND,20210405,1279,1305,1246.5,1264.25,1081
KITEX,20210405,101.95,101.95,99,100.2,71517
KKCL,20210405,885,885,835,842.35,1382
KMSUGAR,20210405,12.8,13.25,12.5,12.7,794595
KNRCON,20210405,212,212.5,205,208.7,339257
KOKUYOCMLN,20210405,59.6,59.6,56.9,57.3,111087
KOLTEPATIL,20210405,237.65,241.45,231.2,237.7,93672
KOPRAN,20210405,111.1,115.4,106.9,111.8,959513
KOTAKBANK,20210405,1786.1,1799.6,1734.4,1759.2,2448241
KOTAKBKETF,20210405,334.5,343.17,324.1,330.33,258356
KOTAKGOLD,20210405,397.45,398.85,394.1,396.85,55109
KOTAKIT,20210405,26,30.92,25.1,26.49,16507
KOTAKNIFTY,20210405,159.97,159.97,151.51,153.32,207804
KOTAKNV20,20210405,82,88.5,79.08,80.11,7099
KOTAKPSUBK,20210405,218.99,218.99,205.1,208.34,48665
KOTARISUG,20210405,26.5,26.85,24.5,24.85,194570
KOTHARIPET,20210405,26.65,27,24.8,25.65,134364
KOTHARIPRO,20210405,66.95,67.5,64.4,65.25,4811
KPITTECH,20210405,175.5,179.4,173,175.75,663451
KPRMILL,20210405,1057,1061.15,1032,1049.6,70881
KRBL,20210405,180.05,186.4,178,184.8,406975
KREBSBIO,20210405,94.7,94.7,88.65,89.75,17498
KRIDHANINF,20210405,4.05,4.05,3.85,3.95,40145
KRISHANA,20210405,90.15,94,89.35,93.15,3273
KSB,20210405,890,901.4,861.95,881.75,34700
KSCL,20210405,529,533.15,510,527.75,154691
KSL,20210405,339.8,347.8,329.05,339.8,284975
KTKBANK,20210405,64.1,64.35,61.7,62.55,1452112
KUANTUM,20210405,67.3,69.25,64.1,65.5,37122
L&TFH,20210405,99.4,99.4,94,95.3,11080990
LALPATHLAB,20210405,2772,2925,2720,2898.3,942719
LAMBODHARA,20210405,54.05,59.25,54.05,57.3,174120
LAOPALA,20210405,222,226,216.95,224.95,63412
LASA,20210405,60.4,60.4,58.6,59.65,126929
LAURUSLABS,20210405,368,376.5,362.1,373.75,4201991
LAXMIMACH,20210405,6970,6970,6660,6671.95,3682
LCCINFOTEC,20210405,4.95,4.95,4.95,4.95,8649
LEMONTREE,20210405,37.1,37.5,35,35.55,1796124
LFIC,20210405,88,88,81.65,82.85,50
LGBBROSLTD,20210405,316.45,323,306.55,316.95,121612
LGBFORGE,20210405,3.7,3.9,3.6,3.75,43688
LIBAS,20210405,53.6,53.9,51.5,52.1,45628
LIBERTSHOE,20210405,131.5,131.9,126.65,127.9,33286
LICHSGFIN,20210405,430.8,430.8,411.95,418.45,2994495
LICNETFGSC,20210405,22.05,23.34,21.55,21.83,3282
LICNETFN50,20210405,164.9,166.7,158,159.07,2985
LICNETFSEN,20210405,552.2,552.2,536.1,539.46,174
LICNFNHGP,20210405,155.61,167,148.03,154.26,1366
LIKHITHA,20210405,345.9,393,342.65,374.5,619078
LINCOLN,20210405,233.1,235.1,227.4,228.95,58282
LINCPEN,20210405,154,154,145,148.25,4596
LINDEINDIA,20210405,1827,1860,1791,1810.85,40821
LIQUIDBEES,20210405,1002.3,1002.3,999.36,1000,1230583
LIQUIDETF,20210405,1000,1000.01,1000,1000,11067
LOKESHMACH,20210405,34,34.5,33.95,34.5,6242
LOTUSEYE,20210405,44.25,44.25,41,41.3,46226
LOVABLE,20210405,85.05,85.05,82,82.9,8084
LPDC,20210405,1.95,1.95,1.85,1.9,24143
LSIL,20210405,1.15,1.2,1.1,1.2,2667146
LT,20210405,1439,1439,1381.4,1403.8,2548649
LTI,20210405,4115,4296.8,4079.05,4269.5,456022
LTTS,20210405,2731.45,2794.8,2687,2760,376273
LUMAXIND,20210405,1621.3,1625.05,1581.3,1605.9,2629
LUMAXTECH,20210405,163,163,155,156.7,81927
LUPIN,20210405,1027,1031.4,1007.25,1028.95,754402
LUXIND,20210405,1852.8,1852.8,1780,1792.05,32208
LXCHEM,20210405,180,181.8,171.5,172.9,2183243
LYKALABS,20210405,28,28.75,27.4,28.75,49646
LYPSAGEMS,20210405,4.5,4.8,4.4,4.75,9774
M&M,20210405,808.3,808.8,769.25,774.45,4176802
M&MFIN,20210405,203.7,203.7,192,195.5,6495024
M100,20210405,26.8,26.8,24.85,25.35,107269
M50,20210405,148,148,141,142.7,2523
MAANALU,20210405,152.85,154,144.5,149.65,23964
MACPOWER,20210405,93,95.5,88.75,93,1369
MADHAV,20210405,50,51.85,46.4,47.6,24922
MADHUCON,20210405,5.05,5.3,5,5.05,17003
MADRASFERT,20210405,26,26.6,25.1,25.8,38974
MAESGETF,20210405,26.02,27.6,24.77,25.09,178196
MAGADSUGAR,20210405,104,104.5,99.45,100.55,24274
MAGMA,20210405,121.35,121.35,113,117.25,2100535
MAGNUM,20210405,4.95,5.15,4.75,4.85,13498
MAHABANK,20210405,20.9,22,20.75,21.25,5849594
MAHAPEXLTD,20210405,65.1,68,64.55,65,9816
MAHASTEEL,20210405,84.05,85.25,80.5,82.65,39941
MAHEPC,20210405,146.55,147.35,143.35,145.7,47187
MAHESHWARI,20210405,76.35,83.95,75.05,82.7,89073
MAHINDCIE,20210405,167.4,169,161.2,162.75,113246
MAHLIFE,20210405,560.5,579.25,535,540.75,36732
MAHLOG,20210405,577.5,577.5,537,549.9,109432
MAHSCOOTER,20210405,3630,3630,3445.65,3467.9,11769
MAHSEAMLES,20210405,280.1,283.4,276.25,277.3,43521
MAITHANALL,20210405,590,618.5,581,603.05,232378
MAJESCO,20210405,69.1,70.45,66.4,68.9,479662
MALUPAPER,20210405,27.45,27.45,26.1,26.2,14952
MAN50ETF,20210405,147.63,151.37,147.63,149.84,41119
MANAKALUCO,20210405,9.15,9.15,8.55,8.8,28335
MANAKCOAT,20210405,12.9,12.95,12.6,12.95,17675
MANAKSIA,20210405,53,53,49.85,50.8,18670
MANAKSTEEL,20210405,25.75,26,24.5,25.3,107154
MANALIPETC,20210405,68,71.65,65.2,71.65,4316705
MANAPPURAM,20210405,156,156.65,149.6,155.1,5468611
MANGALAM,20210405,109.1,118.75,107.5,116.4,277408
MANGCHEFER,20210405,74,74.35,70,71.1,326510
MANGLMCEM,20210405,280,284.05,270.75,281.7,46766
MANGTIMBER,20210405,11.75,11.75,10.95,11.1,1855
MANINDS,20210405,80.25,80.3,77.1,79.1,154891
MANINFRA,20210405,41.5,41.5,39.3,40.3,382639
MANUGRAPH,20210405,12.7,12.7,12,12.35,3136
MANXT50,20210405,385,385,338.36,342.52,9325
MARALOVER,20210405,32,32.5,30.9,31.1,16985
MARATHON,20210405,63.35,64,60,60,39121
MARICO,20210405,411.25,417,399,402.45,2105709
MARINE,20210405,66.85,66.85,62.35,63.15,152909
MARKSANS,20210405,54.5,54.65,50.95,52.85,2224134
MARUTI,20210405,6908.5,6908.5,6724.6,6768.55,668129
MASFIN,20210405,863.5,863.5,815,824.15,25477
MASKINVEST,20210405,32.6,32.6,32.6,32.6,5
MASTEK,20210405,1277,1343,1260,1311.05,369706
MATRIMONY,20210405,990,992.65,930.1,937.95,13921
MAWANASUG,20210405,37.65,37.65,35.25,36,19606
MAXHEALTH,20210405,222.4,234.5,213,228.65,2654132
MAXIND,20210405,64,64.95,63.35,64.75,186290
MAXVIL,20210405,57.75,57.9,55.75,56.85,123080
MAYURUNIQ,20210405,412,415.75,401.45,405.3,51861
MAZDA,20210405,463.9,463.9,453.4,459.2,570
MAZDOCK,20210405,213.1,213.9,207.45,209.55,306058
MBAPL,20210405,99.65,99.65,95,95,1190
MBECL,20210405,8.2,8.2,7.8,7.9,75509
MBLINFRA,20210405,20.35,20.35,19.6,19.75,42057
MCDHOLDING,20210405,43.5,43.5,40.1,40.35,17094
MCDOWELL-N,20210405,554,554,532.35,539.8,1833323
MCL,20210405,96.2,96.2,90.35,90.85,6736
MCLEODRUSS,20210405,20.4,20.4,19.3,19.55,392293
MCX,20210405,1521.9,1528.8,1443.05,1451,353676
MEGASOFT,20210405,9.95,10.5,9.5,10.3,69727
MEGH,20210405,118.7,119,113.05,116.2,1940500
MENONBE,20210405,56.4,56.4,53.55,54.55,29994
MEP,20210405,16.6,16.6,15.85,16.1,107467
MERCATOR,20210405,0.85,0.85,0.8,0.8,260140
METALFORGE,20210405,5.25,5.35,4.9,5.25,6464
METROPOLIS,20210405,2150,2322.75,2150,2233.45,358639
MFSL,20210405,874.1,877,851.45,870.05,748683
MGEL,20210405,47,47,45.2,46,2443
MGL,20210405,1180,1180,1115,1134.55,555399
MHRIL,20210405,223,232.7,210.6,228.1,147293
MIC,20210405,0.7,0.75,0.7,0.75,166207
MIDHANI,20210405,190.9,191.4,183.25,187.4,614190
MINDACORP,20210405,101.3,101.3,97.4,99,567571
MINDAIND,20210405,539.85,542,522.1,530.05,303927
MINDTECK,20210405,44,45.45,43.05,44.85,14368
MINDTREE,20210405,2074,2107.2,2045.05,2088.4,1094282
MIRCELECTR,20210405,14.3,14.7,13.8,14.4,679699
MIRZAINT,20210405,47.8,48.3,46.7,47.05,222284
MITTAL,20210405,10.5,10.95,10,10.2,77636
MMFL,20210405,501,501,475,480.3,3365
MMP,20210405,85.25,87,83.6,85.7,3168
MMTC,20210405,46.1,46.35,43.4,44.35,4693938
MODIRUBBER,20210405,86.45,86.45,86.45,86.45,980
MOHITIND,20210405,8.65,9.5,8.65,8.65,10842
MOHOTAIND,20210405,7.1,7.35,7,7.2,8421
MOIL,20210405,155,155.95,149,150.55,517974
MOLDTECH,20210405,40.7,41.4,39.5,40.4,7431
MOLDTKPAC,20210405,390.1,399.95,386.2,393.3,24750
MONTECARLO,20210405,229,229,221,223.75,22645
MORARJEE,20210405,14.7,15.25,14.1,15.1,6827
MOREPENLAB,20210405,34.1,34.25,31.8,32.6,3494343
MOTHERSUMI,20210405,210.3,211.45,200.25,209.25,12038458
MOTILALOFS,20210405,640,641.15,623.3,637,92302
MOTOGENFIN,20210405,24.3,24.3,22.35,22.4,6817
MPHASIS,20210405,1750,1778.45,1713.15,1755.1,473624
MPSLTD,20210405,538.9,538.9,493.8,499.05,100939
MRF,20210405,82310,83269.1,81262.6,81520.9,19060
MRO-TEK,20210405,25.1,27.3,24.7,27.1,282
MRPL,20210405,40.05,40.2,38.4,39.05,1266417
MSPL,20210405,7.9,8.05,7.5,8.05,59131
MSTCLTD,20210405,303,303.5,293,297.3,448396
MTARTECH,20210405,1050,1060,1008.35,1038.3,276148
MTEDUCARE,20210405,7.1,7.2,6.5,7,245196
MTNL,20210405,19.3,19.3,18.5,18.5,1594807
MUKANDENGG,20210405,18.25,18.25,18.25,18.25,14006
MUKANDLTD,20210405,90,93.05,81,83.9,1070924
MUKTAARTS,20210405,28.15,29.75,28.15,28.9,9761
MUNJALAU,20210405,55,55.15,53.55,54.1,79415
MUNJALSHOW,20210405,142.7,144.4,139,141.45,17044
MURUDCERA,20210405,20.05,20.1,19.25,19.55,35424
MUTHOOTCAP,20210405,381,383,368,370.6,14723
MUTHOOTFIN,20210405,1215,1216.4,1165,1184.2,676793
N100,20210405,969.9,969.9,955.1,965.46,52387
NACLIND,20210405,38.2,39.55,38,39.35,70202
NAGAFERT,20210405,6.5,6.55,6.05,6.05,260466
NAGREEKCAP,20210405,6.15,6.15,5.7,5.7,2
NAGREEKEXP,20210405,15.15,16.4,14.9,15.3,7817
NAHARCAP,20210405,108.95,108.95,103,105.3,8984
NAHARINDUS,20210405,48,48,44.1,44.6,50892
NAHARPOLY,20210405,122.9,122.95,113.85,117.35,79070
NAHARSPING,20210405,105.05,107.8,102.05,103.3,20294
NAM-INDIA,20210405,342,343.1,330.2,335.55,534245
NATCOPHARM,20210405,845,847.55,828.05,830.55,115917
NATHBIOGEN,20210405,318,375,315,363.75,435244
NATIONALUM,20210405,59,59.45,55.7,57.8,29172972
NATNLSTEEL,20210405,3.85,3.85,3.85,3.85,75
NAUKRI,20210405,4270.45,4467.8,4202.45,4433.4,1259614
NAVINFLUOR,20210405,2770,2773.6,2705.15,2739.6,136395
NAVKARCORP,20210405,31.85,32.05,30.3,31.55,483941
NAVNETEDUL,20210405,83.2,84.25,80.75,81.05,105340
NAZARA,20210405,1650,1713,1611,1651.1,986802
NBCC,20210405,47.75,47.8,45.1,45.45,9653022
NBIFIN,20210405,1922,1922,1822.1,1910.25,1286
NBVENTURES,20210405,72.8,73.2,69.65,71.75,1008374
NCC,20210405,81.9,82.35,76.75,78.35,4772662
NCLIND,20210405,173.4,174.9,165,168.3,150660
NCPSESDL24,20210405,102.5,103.19,102.5,103.15,234
NDGL,20210405,760.35,775,727,758.65,109
NDL,20210405,31.5,32.6,30.4,31.35,32998
NDRAUTO,20210405,185.2,198.2,185.2,193.15,2280
NDTV,20210405,56.8,57.05,54.1,55.95,17399
NECCLTD,20210405,8.25,8.9,8.05,8.45,13564
NECLIFE,20210405,19,19.25,18.7,18.9,168638
NELCAST,20210405,65.5,65.5,63.65,64.5,42508
NELCO,20210405,198.95,198.95,192.4,196.45,72180
NEOGEN,20210405,868.75,868.75,815.45,846.25,34807
NESCO,20210405,519,522.9,511.55,517.9,61766
NESTLEIND,20210405,17150,17150,16723.9,16880.55,81557
NETF,20210405,180.73,180.73,180.73,180.73,129
NETFCONSUM,20210405,65.89,65.99,63.45,64.95,8603
NETFDIVOPP,20210405,39,39,36.51,36.79,2440
NETFIT,20210405,26,26.83,25.6,26.71,691588
NETFLTGILT,20210405,22.59,22.59,21.54,22.09,61880
NETFMID150,20210405,94.95,94.95,89.92,90.87,112895
NETFNIF100,20210405,155,155,149.84,152.04,3127
NETFNV20,20210405,82.99,89.3,80.18,85.94,56037
NETFSDL26,20210405,101.85,101.85,101.85,101.85,12
NETWORK18,20210405,37.75,37.9,36.45,36.8,709866
NEULANDLAB,20210405,2199.5,2377.95,2199,2291.25,139263
NEWGEN,20210405,301,316.95,298.9,310.55,306927
NEXTMEDIA,20210405,3.8,3.8,3.75,3.75,7626
NFL,20210405,56.25,56.3,54,54.3,1889989
NH,20210405,420,424.9,410,412.55,165003
NHPC,20210405,24.7,24.9,24.2,24.6,3993737
NIACL,20210405,155,155.7,150.9,152.65,357315
NIBL,20210405,21,21,19,21,60864
NIFTYBEES,20210405,156.01,174,155.01,156.96,3825031
NIFTYEES,20210405,18600,18600,18600,18600,1
NIITLTD,20210405,179,194.4,177.35,188.4,5684144
NILAINFRA,20210405,4.4,4.7,4.35,4.7,109327
NILASPACES,20210405,1.45,1.45,1.4,1.45,46239
NILKAMAL,20210405,1962.1,2044,1960,1971.85,35535
NIPPOBATRY,20210405,715.2,739.95,699,702.75,1453
NIRAJ,20210405,43.5,43.5,39,40.95,17147
NITCO,20210405,20.35,20.35,19.4,19.55,21392
NITINSPIN,20210405,84.7,84.7,81.3,84.1,80794
NKIND,20210405,22.4,22.4,20.7,21.9,1006
NLCINDIA,20210405,50.85,50.95,49.3,49.5,1018553
NMDC,20210405,139,143.55,136.05,140.95,17943600
NOCIL,20210405,179.45,179.45,170.95,173.9,616740
NOIDATOLL,20210405,6.6,6.6,6.6,6.6,25939
NORBTEAEXP,20210405,5.8,5.85,5.35,5.55,12253
NOVARTIND,20210405,580,580,558.05,560,5291
NPBET,20210405,178.05,187.9,174,177.11,1708
NRAIL,20210405,240.5,244,230,242.55,19601
NRBBEARING,20210405,110.8,110.95,107.75,108.2,171543
NSIL,20210405,1119.35,1120,1075,1088.3,900
NTPC,20210405,107.4,107.8,103.75,106.3,15666099
NUCLEUS,20210405,505,537.9,501.6,532.75,205264
NURECA,20210405,615,689.95,602,674.4,149707
NXTDIGITAL,20210405,483.85,484.55,472.55,476.05,1372
OAL,20210405,595,620.95,585.45,614.2,49486
OBEROIRLTY,20210405,578,580,553,572.6,110856
OCCL,20210405,939,975,912.05,966.05,13616
OFSS,20210405,3230,3240,3172.45,3196.1,103398
OIL,20210405,122.5,124,120.65,122.35,798931
OILCOUNTUB,20210405,5.1,5.1,5.1,5.1,2427
OLECTRA,20210405,225,228.4,208.5,216.7,481190
OMAXAUTO,20210405,44,44,41.55,42.5,28138
OMAXE,20210405,69.4,69.4,66.75,67.6,77391
OMINFRAL,20210405,22.65,22.7,21.65,22.05,56973
OMKARCHEM,20210405,12.8,12.8,12.8,12.8,57710
ONELIFECAP,20210405,6.05,6.3,5.75,6.25,1181
ONEPOINT,20210405,13,13,12.45,12.6,50464
ONGC,20210405,102.15,104.5,99.4,103.45,24878516
ONMOBILE,20210405,97.15,97.15,94.9,97.15,808835
ONWARDTEC,20210405,123.9,124.5,112.55,119.5,62490
OPTIEMUS,20210405,133.45,133.45,120.85,126.2,134445
OPTOCIRCUI,20210405,3.05,3.15,3.05,3.15,115555
ORBTEXP,20210405,58.1,58.45,55.4,56.65,9891
ORCHPHARMA,20210405,2654.25,2654.25,2401.55,2401.55,5920
ORICONENT,20210405,18.8,19.3,18.15,19.1,36262
ORIENTABRA,20210405,21.45,21.7,19.2,20.85,100165
ORIENTALTL,20210405,6.15,6.2,5.85,5.9,40704
ORIENTBELL,20210405,219,221.05,203,207.05,34794
ORIENTCEM,20210405,102.45,102.8,96.5,98.9,808173
ORIENTELEC,20210405,315,317,305.9,309.4,228285
ORIENTHOT,20210405,22.1,23.35,21.9,22,24716
ORIENTLTD,20210405,80.45,80.65,77.25,77.3,40
ORIENTPPR,20210405,25.55,25.55,24.05,24.55,1357955
ORIENTREF,20210405,238,242,226.2,239.7,146165
ORISSAMINE,20210405,2450,2486.05,2400.4,2411.95,6095
ORTINLAB,20210405,29,29,28,28,2790
OSWALAGRO,20210405,10.35,10.35,9.75,10,150305
PAGEIND,20210405,30380,30380,29311,29679.15,27164
PAISALO,20210405,785.1,786.95,730,755.05,21058
PALASHSECU,20210405,51.9,52.5,49.85,50.1,1700
PALREDTEC,20210405,96.05,102.25,96.05,100.75,17760
PANACEABIO,20210405,190.5,192.35,183.8,184.4,102533
PANACHE,20210405,63,63,55.9,57.05,33986
PANAMAPET,20210405,168,168,156.55,160.95,127251
PARACABLES,20210405,8.75,8.75,8.2,8.4,192014
PARAGMILK,20210405,114.05,116.8,107.5,115.75,3656668
PARSVNATH,20210405,9.2,9.2,8.65,9,34066
PATELENG,20210405,12.4,12.6,12.05,12.25,134320
PATINTLOG,20210405,17.3,17.7,16.2,16.6,84496
PATSPINLTD,20210405,4.75,4.75,4.6,4.7,19740
PCJEWELLER,20210405,27.65,28,26.85,27.25,1051145
PDMJEPAPER,20210405,24.85,25.9,23.15,23.8,59760
PDPL,20210405,3.3,3.3,3.3,3.3,1570
PDSMFL,20210405,665.1,680,654.85,656.6,8234
PEARLPOLY,20210405,14.1,14.4,13.8,13.95,5877
PEL,20210405,1797,1797,1690,1744.05,878698
PENIND,20210405,17.8,18.75,16.85,17.2,785563
PENINLAND,20210405,8.9,8.9,8.1,8.9,1711874
PERSISTENT,20210405,1953,1986.4,1910.7,1958.8,155602
PETRONET,20210405,228.5,228.5,222.65,227.4,3222576
PFC,20210405,114,114.35,109.7,111.45,10498788
PFIZER,20210405,4575,4630,4553.55,4601.85,43024
PFOCUS,20210405,60.45,61.3,55.15,59.75,109210
PFS,20210405,18.6,18.7,17.65,18.05,1256757
PGEL,20210405,391,399.4,370.85,370.85,19956
PGHH,20210405,12577.25,12577.3,12251.25,12533.65,3634
PGHL,20210405,6190,6204.75,6082.1,6183,6961
PGIL,20210405,170.2,171.95,167,168,266
PHILIPCARB,20210405,197.2,198.45,186,188.6,981170
PHOENIXLTD,20210405,752.45,757.7,706.6,732.7,181212
PIDILITIND,20210405,1824,1841,1786.5,1799.5,363509
PIIND,20210405,2247,2255.55,2205.6,2211.45,129132
PILANIINVS,20210405,1712,1712,1640,1657.3,3302
PILITA,20210405,18.4,19,17.55,17.85,269890
PIONDIST,20210405,108.2,108.2,104.1,105.6,6482
PIONEEREMB,20210405,39.45,40.85,38.3,40.1,39587
PITTIENG,20210405,67,68.4,65.45,66.75,190637
PKTEA,20210405,230,230,218.2,218.2,15
PLASTIBLEN,20210405,231.75,234.55,225,225.95,6427
PNB,20210405,38.55,38.55,36.2,36.95,103941329
PNBGILTS,20210405,51.45,52.7,50.05,51.3,401799
PNBHOUSING,20210405,393.9,394,374.25,379.7,170921
PNC,20210405,46.05,46.05,46.05,46.05,39471
PNCINFRA,20210405,262.5,263,252.6,256.2,433288
PODDARHOUS,20210405,187.8,187.8,178.2,182.85,701
PODDARMENT,20210405,190.9,192.5,188.25,190.7,4403
POKARNA,20210405,269.45,272.5,252.1,257.15,117655
POLYCAB,20210405,1395,1395,1341.3,1373.1,242102
POLYMED,20210405,835,917,830.05,898.9,282484
POLYPLEX,20210405,868.7,868.7,837.2,847.2,27632
PONNIERODE,20210405,155.05,155.05,145.75,148.85,796
POWERGRID,20210405,215.2,219,213.35,214.15,8147763
POWERINDIA,20210405,1389.6,1424.5,1358.45,1377.3,14932
POWERMECH,20210405,578,589,547.55,566.45,58995
PPAP,20210405,202.2,202.2,192.4,196,53046
PPL,20210405,130.95,134.8,123.05,126.7,176834
PRABHAT,20210405,96.6,97.8,96.25,97.55,175434
PRAENG,20210405,8.5,8.5,7.7,8,15053
PRAJIND,20210405,192,192.9,182.2,185.7,1270029
PRAKASH,20210405,82.75,84.4,77.6,83.2,6147352
PRAKASHSTL,20210405,0.8,0.8,0.75,0.8,182835
PRAXIS,20210405,35.05,36.8,35.05,36.8,3460
PRECAM,20210405,42,42.05,39.55,40.6,116802
PRECOT,20210405,112.45,118,107.7,117.8,17638
PRECWIRE,20210405,199,199,188,190.8,48330
PREMEXPLN,20210405,156,156,149.1,154.1,5479
PREMIER,20210405,2.5,2.6,2.4,2.55,150015
PREMIERPOL,20210405,38.95,39.6,36.15,36.4,4124
PRESSMN,20210405,23.9,25,22.85,23.75,103103
PRESTIGE,20210405,306.35,307.1,292.85,299.45,270617
PRICOLLTD,20210405,74.75,74.75,71.05,72.35,771208
PRIMESECU,20210405,43,43,41.75,42.8,1546
PRINCEPIPE,20210405,427.5,435,415.55,416.65,182938
PRIVISCL,20210405,850,879.9,832.05,841.85,50766
PROZONINTU,20210405,17.2,17.2,16.3,16.9,145577
PRSMJOHNSN,20210405,135.45,136,123,131.45,475742
PSB,20210405,19.3,19.3,17.6,17.85,1292337
PSPPROJECT,20210405,468.6,468.6,460.5,464.7,22765
PSUBNKBEES,20210405,24.3,24.3,22.94,23.23,760895
PTC,20210405,78.8,81.9,77.95,81.15,1734130
PTL,20210405,39.8,39.95,37.8,38.55,75496
PUNJABCHEM,20210405,919,919,882.5,901.3,7974
PURVA,20210405,71.2,71.9,69.6,71.15,61350
PVR,20210405,1170,1195.95,1130.1,1178.15,3402756
QGOLDHALF,20210405,1946,1957,1938,1951.9,960
QNIFTY,20210405,1521,1521,1506,1518,182
QUESS,20210405,686.7,686.7,651,653.8,152030
QUICKHEAL,20210405,187.25,192.9,185.35,187.1,209839
QUINTEGRA,20210405,0.95,0.95,0.9,0.95,37005
RADAAN,20210405,0.8,0.8,0.8,0.8,1200
RADICO,20210405,565,565,544.05,548.4,154023
RADIOCITY,20210405,24.2,24.4,23.55,23.95,214916
RAILTEL,20210405,128.95,129,124,124.45,2098870
RAIN,20210405,149.95,153.5,145.4,147.2,2258772
RAJESHEXPO,20210405,486.8,489.95,477.5,482.1,55754
RAJMET,20210405,87,89.8,87,89.7,231
RAJRATAN,20210405,773,789.6,763.65,779.95,8705
RAJSREESUG,20210405,19,19,17.7,17.9,14436
RAJTV,20210405,32.65,33.25,32.25,32.4,4570
RAJVIR,20210405,8.6,8.6,8.6,8.6,21
RALLIS,20210405,259.7,259.95,252.2,257.05,228010
RAMANEWS,20210405,16.95,16.95,15.65,16.2,55998
RAMASTEEL,20210405,69.95,73.3,69.95,72.1,12975
RAMCOCEM,20210405,1020,1027,982.55,1009.9,454203
RAMCOIND,20210405,259.3,262,240,251.7,62586
RAMCOSYS,20210405,563.5,578,553.3,567.1,204397
RAMKY,20210405,75.05,76.95,72.5,73.95,175203
RANASUG,20210405,9.95,10,9.25,9.4,619690
RANEENGINE,20210405,269.2,269.2,256.1,261.45,2945
RANEHOLDIN,20210405,600.5,612,585.1,593.95,8041
RATNAMANI,20210405,2090,2090,1980,2019.25,35612
RAYMOND,20210405,364,366,347.4,350.75,682796
RBL,20210405,799.45,806,783,802.15,4922
RBLBANK,20210405,214.95,215,203,206.25,13462130
RCF,20210405,78.9,78.9,73.85,74.75,2874855
RCOM,20210405,1.75,1.8,1.7,1.7,8433199
RECLTD,20210405,132.85,132.85,128.2,130.2,4680625
REDINGTON,20210405,183.1,187.7,174.75,176.35,388612
REFEX,20210405,94,94,88,89.45,155237
REGENCERAM,20210405,1.15,1.15,1.15,1.15,202
RELAXO,20210405,914.2,920.1,896.15,914,271897
RELCAPITAL,20210405,10.75,11.1,10.7,10.75,3428775
RELIANCE,20210405,2024.95,2025,1962.1,1992.6,6864856
RELIGARE,20210405,94.6,102,93.15,99.7,2230987
RELINFRA,20210405,38.45,40.7,37.5,39.1,5308369
REMSONSIND,20210405,147.4,148.35,142,147.55,1059
RENUKA,20210405,9.65,9.85,9.3,9.45,2387774
REPCOHOME,20210405,334,335.8,315,322.45,157852
REPL,20210405,209.6,210,201.15,203.5,11384
REPRO,20210405,360.45,366.95,352,362.25,7372
RESPONIND,20210405,185.9,187.95,169.45,173.1,66223
REVATHI,20210405,495.05,495.25,475,483.8,1808
RGL,20210405,307.15,323.75,307.15,319.2,115842
RHFL,20210405,2.6,2.6,2.5,2.6,2000279
RICOAUTO,20210405,37.5,37.5,35.3,36.3,316556
RIIL,20210405,374.7,374.7,361,363.1,118579
RITES,20210405,245,246.55,240.5,243.8,188210
RKDL,20210405,7.65,7.75,7.35,7.5,13196
RKEC,20210405,61.9,64,60,61.45,18815
RKFORGE,20210405,539.95,540,500.1,512.4,28709
RMCL,20210405,2.45,2.45,2.3,2.35,18930
RML,20210405,383.65,383.65,358.45,362.15,14143
ROHITFERRO,20210405,1.9,1.9,1.8,1.8,12860
ROHLTD,20210405,65.95,65.95,52.75,63.15,55312
ROLLT,20210405,2.35,2.45,2.3,2.35,12419
ROLTA,20210405,3.4,3.55,3.35,3.55,373340
ROML,20210405,95.95,96,88.65,95.1,6426
ROSSARI,20210405,1069.9,1134.9,1020.4,1117.3,393963
ROSSELLIND,20210405,109.25,110,105,109.7,5842
ROUTE,20210405,1477.7,1540,1451,1519.15,716708
RPGLIFE,20210405,388.2,393,376,386.75,14103
RPOWER,20210405,4.75,4.75,4.55,4.75,39673665
RPPINFRA,20210405,63.4,63.4,59.05,60.55,27759
RPSGVENT,20210405,370.2,370.2,354.2,357.3,67804
RSSOFTWARE,20210405,26.45,26.45,25.5,26.2,73233
RSWM,20210405,191.95,193.4,184.15,186.45,19319
RSYSTEMS,20210405,115,115.2,113.9,114.05,6213
RTNINFRA,20210405,5,5.15,4.75,4.75,2780761
RTNPOWER,20210405,2.75,2.75,2.6,2.6,9152397
RUBYMILLS,20210405,168.55,177,165,167.8,5861
RUCHI,20210405,684,707.8,677.15,707.8,70828
RUCHINFRA,20210405,6.15,6.3,5.8,6.15,70614
RUCHIRA,20210405,63.15,63.15,60.8,61.8,47737
RUPA,20210405,307,308.9,294.7,296.6,69579
RUSHIL,20210405,224.8,230.7,210.95,230.25,43102
RVHL,20210405,17.3,17.3,16.7,17.25,48997
RVNL,20210405,29.7,30.2,28.8,29.5,10008653
S&SPOWER,20210405,20.8,20.8,19.55,20.2,4612
SABEVENTS,20210405,1.35,1.4,1.3,1.35,7262
SABTN,20210405,2.1,2.2,2.1,2.2,56474
SADBHAV,20210405,63.8,63.8,62.2,63.05,296038
SADBHIN,20210405,20.5,20.65,19.8,19.95,167093
SAFARI,20210405,608.4,616.8,590,600,10398
SAGARDEEP,20210405,34.25,34.25,32.75,33.25,2327
SAGCEM,20210405,738.7,746.4,705,712.3,32287
SAIL,20210405,86.5,90,83.55,89.65,149912383
SAKAR,20210405,116.45,124.55,113.85,116.4,171976
SAKHTISUG,20210405,9.9,9.9,9.4,9.5,76846
SAKSOFT,20210405,367.4,379.65,361.65,372.7,44485
SAKUMA,20210405,4.9,4.9,4.8,4.9,127211
SALASAR,20210405,374.9,376.35,365.35,372.75,25780
SALONA,20210405,91.45,99.35,91.45,91.5,5375
SALSTEEL,20210405,3.3,3.35,3.1,3.3,287325
SALZERELEC,20210405,125.4,127.2,121.5,123.2,27471
SAMBHAAV,20210405,2.05,2.1,1.95,2.05,15641
SANCO,20210405,8.3,8.3,8.3,8.3,27017
SANDESH,20210405,639.05,679.95,639.05,658.9,1259
SANDHAR,20210405,209.85,212.8,206,206.7,13799
SANGAMIND,20210405,74.85,76.35,74.85,76.35,509
SANGHIIND,20210405,43.5,44.4,41.7,42.3,1368743
SANGHVIFOR,20210405,20.45,20.95,20.05,20.05,304
SANGHVIMOV,20210405,102.5,108.75,96.95,101.05,54484
SANGINITA,20210405,18.8,19.3,18.05,18.3,51516
SANOFI,20210405,8037.5,8078.65,7985,7998.45,44212
SARDAEN,20210405,437.9,463,428.05,449.75,193652
SAREGAMA,20210405,1720,1728,1639.85,1699.95,27193
SARLAPOLY,20210405,26.3,28.5,26.3,27.1,355263
SASKEN,20210405,892,892,857.1,873.25,21481
SASTASUNDR,20210405,120.95,120.95,112.55,113.15,38653
SATHAISPAT,20210405,3.15,3.15,3.15,3.15,200
SATIA,20210405,85.95,85.95,82.3,82.9,27080
SATIN,20210405,92,94.55,88,94.3,260466
SBICARD,20210405,979,979,912.2,941.35,2167884
SBIETFIT,20210405,265.99,267,258.95,265.8,5131
SBIETFPB,20210405,181,183,175,175.95,5492
SBIETFQLTY,20210405,126.68,129.68,125,127.23,4161
SBILIFE,20210405,885,887,864.8,872.55,1091002
SBIN,20210405,367.5,369.2,349.05,353.55,51743981
SCAPDVR,20210405,1.8,1.8,1.7,1.8,62276
SCHAEFFLER,20210405,5491,5491,5325.05,5355,3102
SCHAND,20210405,107.55,107.55,102.55,104.35,39987
SCHNEIDER,20210405,96.95,97.65,93.05,94.05,347063
SCI,20210405,113,113.3,109.1,110.25,1795797
SDBL,20210405,33.6,34,32,32.85,102016
SEAMECLTD,20210405,453.45,458.75,445.65,449.3,48679
SECURKLOUD,20210405,82.5,84.75,81,84.75,76004
SELAN,20210405,131.5,131.75,128.55,129.4,17277
SEPOWER,20210405,3.85,4,3.85,3.95,7853
SEQUENT,20210405,244.75,248.7,235.5,241.6,301426
SESHAPAPER,20210405,159.9,162.35,157.1,160.3,27491
SETCO,20210405,16.15,16.35,15.25,15.9,256044
SETF10GILT,20210405,200,201.9,199,199,126
SETFGOLD,20210405,4063,4063,4020.05,4034.85,15234
SETFNIF50,20210405,151.35,154,146.7,148.59,503298
SETFNIFBK,20210405,338,339.9,307.1,326.54,170159
SETFNN50,20210405,360.99,360.99,350,356.47,12627
SETUINFRA,20210405,0.75,0.8,0.75,0.75,274624
SEYAIND,20210405,50.95,51.55,50.15,51.15,18031
SFL,20210405,1983.3,2153.9,1951.7,2106.45,62326
SGL,20210405,9.4,9.65,8.7,8.95,78912
SHAHALLOYS,20210405,8.15,8.5,7.85,8.35,4953
SHAKTIPUMP,20210405,517.05,517.05,497.45,505.8,38478
SHALBY,20210405,105,113.9,104.95,109.2,1005945
SHALPAINTS,20210405,96.95,96.95,92.3,93.6,76255
SHANKARA,20210405,415.6,428.15,411.1,414.05,50546
SHANTIGEAR,20210405,131.6,134.9,129.25,129.65,63306
SHARDACROP,20210405,298,298.5,288,291.25,64073
SHARDAMOTR,20210405,2007.95,2129.4,2007.95,2094.35,7619
SHAREINDIA,20210405,270.3,270.3,265.3,269.85,9993
SHARIABEES,20210405,380,380,360.95,375.32,1331
SHEMAROO,20210405,66.6,67.95,64.8,65.95,31491
SHIL,20210405,272,272,259,268.95,91915
SHILPAMED,20210405,354.7,354.7,340.7,345,93595
SHIVAMAUTO,20210405,18.7,18.7,17.6,17.95,71560
SHIVAMILLS,20210405,42.05,42.05,41.75,42,590
SHIVATEX,20210405,138,143.8,132.7,135.55,4365
SHK,20210405,112.2,112.7,110.05,110.95,116362
SHOPERSTOP,20210405,211.6,215.6,201.5,203.75,185342
SHRADHA,20210405,42.9,42.9,42.9,42.9,5
SHREDIGCEM,20210405,64,65.2,61.5,62.55,454656
SHREECEM,20210405,29900,30628.4,29650,30358.25,124392
SHREEPUSHK,20210405,147,150.3,144,146.75,269964
SHREERAMA,20210405,10.55,10.55,9.7,10.2,77788
SHRENIK,20210405,1.8,1.85,1.75,1.8,3642276
SHREYANIND,20210405,104.05,104.1,99.2,100.65,27000
SHREYAS,20210405,77.4,77.4,72.7,74.2,30283
SHRIPISTON,20210405,785,816.95,750,762.1,1034
SHRIRAMCIT,20210405,1464.9,1493.5,1426.85,1440.3,41171
SHRIRAMEPC,20210405,4.1,4.25,4,4.05,223106
SHYAMCENT,20210405,5.45,5.8,5.15,5.5,170943
SICAGEN,20210405,15.85,15.85,14.65,14.9,11122
SICAL,20210405,11.2,11.4,11,11.4,544373
SIEMENS,20210405,1854.8,1863,1806.2,1824.4,151339
SIGIND,20210405,31.35,31.95,29.5,30.4,32896
SIL,20210405,20,20,19.05,19.75,24629
SILGO,20210405,57.4,57.9,52,53.15,96223
SILINV,20210405,195.1,200.9,182.25,184.3,4478
SILLYMONKS,20210405,19.6,20.55,18.65,20.5,7599
SIMBHALS,20210405,7.7,7.8,7.5,7.8,61817
SIMPLEXINF,20210405,31.9,31.9,30.45,30.95,124435
SINTERCOM,20210405,88.3,88.3,78.25,80,19221
SINTEX,20210405,3.55,3.65,3.35,3.65,1966429
SIRCA,20210405,329,337.9,318,335.6,20297
SIS,20210405,411,413.8,400.1,402,181131
SITINET,20210405,0.9,0.9,0.85,0.85,1699619
SIYSIL,20210405,187.25,191,182,185.25,71712
SJVN,20210405,26.1,26.1,25.65,25.8,1247324
SKFINDIA,20210405,2221,2236.95,2160,2177.5,16488
SKIL,20210405,2.5,2.65,2.5,2.65,18829
SKIPPER,20210405,60.6,61.25,59,59.7,50733
SKMEGGPROD,20210405,50.45,50.45,47.1,48.7,32237
SMARTLINK,20210405,84.8,85.15,82.95,84.3,8962
SMCGLOBAL,20210405,76.3,76.3,72.1,72.5,103736
SMLISUZU,20210405,474.9,474.9,450,455.05,18908
SMSLIFE,20210405,503.65,533.7,470,504.6,6328
SMSPHARMA,20210405,126.9,126.9,123.4,125.05,362157
SNOWMAN,20210405,46.45,46.45,44.4,45.05,1163128
SOBHA,20210405,447,447,419.45,431.3,81380
SOLARA,20210405,1410,1410,1334.3,1345,62753
SOLARINDS,20210405,1284,1292.5,1239.95,1247.7,11706
SOMANYCERA,20210405,434.35,434.6,408.55,413.45,31467
SOMATEX,20210405,5.9,5.9,5.65,5.65,6654
SOMICONVEY,20210405,30.9,32.15,30.2,30.3,1992
SONATSOFTW,20210405,523.55,537.85,513.5,522.25,453738
SORILINFRA,20210405,147,151,138.6,141.15,94631
SOTL,20210405,1035,1049,1000,1012.4,18597
SOUTHBANK,20210405,8.65,8.7,8.35,8.4,9601232
SOUTHWEST,20210405,55.3,55.3,50.1,50.2,6099
SPAL,20210405,162.15,166.95,151.05,152.45,41650
SPANDANA,20210405,618,638.1,602,608.25,53627
SPARC,20210405,152,159.5,147.35,158.6,951397
SPCENET,20210405,1.75,1.8,1.75,1.75,4850
SPECIALITY,20210405,37.8,37.8,35.25,35.8,247596
SPENCERS,20210405,72,72.6,70,70.75,270836
SPIC,20210405,30.25,31.4,29.5,31,893397
SPICEJET,20210405,71,71.2,68,68.75,3724725
SPLIL,20210405,35.35,35.4,33,33.85,15381
SPMLINFRA,20210405,10.35,10.35,9.55,9.75,37611
SPTL,20210405,3.5,3.6,3.3,3.45,2164823
SPYL,20210405,0.4,0.4,0.35,0.4,704712
SREEL,20210405,147.05,149.6,142.35,143.4,16428
SREINFRA,20210405,6.05,6.45,5.6,5.9,4946413
SRF,20210405,5770,5770,5580,5652.2,143188
SRHHYPOLTD,20210405,245,245.35,237.55,242.4,9569
SRIPIPES,20210405,170,174,170,171.4,55584
SRPL,20210405,29.75,30.95,28.4,28.45,336
SRTRANSFIN,20210405,1464.95,1478.3,1390.55,1420.15,2173089
SSWL,20210405,723.8,725,678.3,723.55,57718
STAMPEDE,20210405,0.75,0.75,0.7,0.75,357691
STAR,20210405,847,853.7,824.05,836.85,292979
STARCEMENT,20210405,98.1,99,94.35,96.75,288984
STARPAPER,20210405,121.2,121.65,118.1,119.15,59388
STCINDIA,20210405,78.55,81.3,77.5,79.3,47766
STEELCITY,20210405,37.2,37.8,36.55,36.8,20990
STEELXIND,20210405,67,67.35,62.35,65.35,213305
STEL,20210405,83.15,83.15,80.35,81,2421
STERTOOLS,20210405,199.7,203.8,184,189.85,33734
STLTECH,20210405,203.05,210.95,201.05,207,545439
STOVEKRAFT,20210405,481,490,455.4,482.05,177166
SUBCAPCITY,20210405,16.6,16.6,16,16,10
SUBEXLTD,20210405,36.95,37.15,35,36.05,5140187
SUBROS,20210405,326,326,314.1,321.3,28093
SUDARSCHEM,20210405,523,525.75,510.3,515.25,48155
SUMEETINDS,20210405,5.1,5.1,5.1,5.1,57944
SUMICHEM,20210405,288.3,288.3,280.3,282.05,252144
SUMIT,20210405,10.95,11,9.7,10.35,104625
SUMMITSEC,20210405,520.65,547,520.65,528.75,3742
SUNCLAYLTD,20210405,3135,3135,3062,3099.9,2302
SUNDARAM,20210405,1.25,1.3,1.25,1.3,128835
SUNDARMFIN,20210405,2630,2630,2561,2577.7,10570
SUNDARMHLD,20210405,79.85,82.9,76.75,78,86726
SUNDRMBRAK,20210405,336.6,356,336.6,347,2215
SUNDRMFAST,20210405,806.9,806.9,754,761.35,102141
SUNFLAG,20210405,67.35,69.35,63.2,65.55,1248790
SUNPHARMA,20210405,611.7,611.95,592.75,608.8,5353987
SUNTECK,20210405,281.7,282.35,270.1,275.65,195885
SUNTV,20210405,479,479,460.25,469.15,1347258
SUPERHOUSE,20210405,124.3,125,122.05,123.4,3911
SUPERSPIN,20210405,4.45,4.45,4.05,4.35,94601
SUPPETRO,20210405,429,429,412.75,423.75,41574
SUPRAJIT,20210405,291.7,291.7,279.95,283.75,85757
SUPREMEENG,20210405,26.75,28.1,26.15,26.6,3799
SUPREMEIND,20210405,2010.7,2022,1975,2009.05,22228
SURANASOL,20210405,9.3,9.5,8.7,8.8,30484
SURANAT&P,20210405,4.3,4.3,4.1,4.1,36105
SURYALAXMI,20210405,31.6,32.45,30.45,30.7,8914
SURYAROSNI,20210405,355,360,343.5,352.5,124182
SURYODAY,20210405,273,273.95,263.1,264.85,152689
SUTLEJTEX,20210405,42,42,39.65,40.8,41458
SUULD,20210405,202.9,205,195.5,198.75,21518
SUVEN,20210405,74.2,82,74.2,80.45,1785896
SUVENPHAR,20210405,491,491,475.05,477.6,134741
SUVIDHAA,20210405,94.65,94.65,94.65,94.65,1036
SUZLON,20210405,5.1,5.1,4.85,4.95,20314684
SWANENERGY,20210405,136.75,138.25,133.1,136.9,131475
SWARAJENG,20210405,1343,1343,1308,1313.75,5629
SWELECTES,20210405,204.2,204.3,197.1,199.8,9621
SWSOLAR,20210405,274.25,287.05,270.6,282.1,2341394
SYMPHONY,20210405,1296.9,1319.8,1256.5,1275.6,53487
SYNGENE,20210405,562.8,569.4,548.05,564.95,471277
TAINWALCHM,20210405,61.3,61.5,57.15,58.25,13493
TAJGVK,20210405,110.25,112.9,109.1,111.3,66499
TAKE,20210405,52,52.25,49.65,50.4,2299340
TALBROAUTO,20210405,207.45,221.2,202.25,213.45,61591
TANLA,20210405,868,896.95,845,896.95,523022
TARAPUR,20210405,3.6,3.6,3.5,3.55,6693
TARC,20210405,30.2,30.8,28.9,29.4,285432
TARMAT,20210405,47,48.85,46.65,48.05,22679
TASTYBITE,20210405,14599,14599,13952.5,14339.45,1765
TATACHEM,20210405,779.9,788,748.5,761.75,5260782
TATACOFFEE,20210405,122.85,122.85,117.5,121.1,1735840
TATACOMM,20210405,1119,1132.85,1080.2,1112.55,1166565
TATACONSUM,20210405,651.95,651.95,639.2,644.95,3568896
TATAELXSI,20210405,2780,2872,2755,2855.8,862892
TATAINVEST,20210405,1043,1043,1001.65,1025.25,19208
TATAMETALI,20210405,836.1,851.25,813.35,838.55,500769
TATAMOTORS,20210405,306.8,311.7,297.2,305.05,66178755
TATAMTRDVR,20210405,131,133.4,126.75,131.15,2458671
TATAPOWER,20210405,105,105.5,100.45,103.35,48340372
TATASTEEL,20210405,862,877.85,837.15,867.75,30575986
TATASTLBSL,20210405,55.45,56.65,53.65,55.7,18888011
TATASTLLP,20210405,765,776.95,725,736.8,139986
TBZ,20210405,65.7,65.7,62.95,64.55,86544
TCI,20210405,267.8,267.8,255,258,36226
TCIDEVELOP,20210405,307.95,311.25,295.25,300.05,1128
TCIEXP,20210405,947.9,947.9,904.6,910,18755
TCIFINANCE,20210405,5.05,5.05,5.05,5.05,4091
TCNSBRANDS,20210405,517,540,495,498.85,156863
TCPLPACK,20210405,426,430,412,420,10693
TCS,20210405,3171,3263,3151,3238.9,5317862
TDPOWERSYS,20210405,157.95,158,151.35,152.8,12346
TEAMLEASE,20210405,3800,3824.95,3625.15,3680.4,12623
TECHM,20210405,992,1007.2,978.2,997.7,5118272
TECHNOE,20210405,312,324,299.6,318.3,88372
TEJASNET,20210405,170.9,175.15,168,175.15,565928
TERASOFT,20210405,40,40.9,37.6,38.05,39087
TEXINFRA,20210405,71.65,75,70.5,73.7,70832
TEXMOPIPES,20210405,25,25.25,24.55,25.1,110932
TEXRAIL,20210405,27.4,27.45,26.65,27,398454
TFCILTD,20210405,62,62,58.55,60.15,235504
TFL,20210405,2.4,2.4,2.4,2.4,2
TGBHOTELS,20210405,4.4,4.55,4.25,4.35,6242
THANGAMAYL,20210405,590,600,579.05,595.15,14819
THEINVEST,20210405,95.5,95.5,89.5,90,3431
THEMISMED,20210405,294.75,304,294.75,301.4,4869
THERMAX,20210405,1326.55,1339.75,1271.8,1291,32625
THOMASCOOK,20210405,50.2,50.2,46.75,47.4,469965
THOMASCOTT,20210405,7.4,7.4,7.4,7.4,50
THYROCARE,20210405,946,1036,946,1015.55,1678040
TI,20210405,31,36.3,31,35.45,2042231
TIDEWATER,20210405,4389.05,4400,4331,4390.9,1616
TIIL,20210405,393.05,396.4,383.85,392.75,12193
TIINDIA,20210405,1200.1,1200.1,1131.7,1158.95,64430
TIJARIA,20210405,6.95,6.95,6.45,6.75,1927
TIL,20210405,159,162.6,158.35,159.6,2591
TIMESGTY,20210405,25,25.9,24,25.25,1871
TIMETECHNO,20210405,62.5,66.7,60.65,65.35,2702816
TIMKEN,20210405,1337,1337,1282.1,1299.95,120972
TINPLATE,20210405,170.1,172.8,165.15,168.35,621452
TIPSINDLTD,20210405,490.05,517.95,480,514.5,4150
TIRUMALCHM,20210405,89.8,89.8,86.35,87.45,261287
TIRUPATIFL,20210405,25,25,25,25,100
TITAN,20210405,1541.1,1559,1500,1535,1376233
TMRVL,20210405,12.7,13.2,12.3,12.5,49627
TNPETRO,20210405,53,53.5,50.55,50.75,776979
TNPL,20210405,153,153.85,144.25,149.3,339781
TNTELE,20210405,4.95,5,4.65,5,14962
TOKYOPLAST,20210405,70.6,71.35,69,70,1774
TORNTPHARM,20210405,2560,2560,2493.05,2521.55,174977
TORNTPOWER,20210405,425,425.6,414.45,416.1,742898
TOTAL,20210405,43.65,44.9,42.2,43.45,13063
TOUCHWOOD,20210405,119,119,113.85,119,1276
TPLPLASTEH,20210405,157.7,157.7,151.6,153.6,4272
TREEHOUSE,20210405,7.85,8.6,7.2,8.6,147339
TREJHARA,20210405,32.4,32.4,30.3,31.35,28483
TRENT,20210405,747,748.75,721.4,729.45,738836
TRF,20210405,88.8,89,83.2,87,18880
TRIDENT,20210405,14.15,14.15,13.75,14,8655751
TRIGYN,20210405,69.85,73.9,67.7,71.45,201424
TRIL,20210405,17.4,17.85,16.5,16.9,172158
TRITURBINE,20210405,100,101.15,97.5,100.5,156440
TRIVENI,20210405,86.15,86.35,80.1,81.4,499331
TTKHLTCARE,20210405,497.5,500,484.95,497.35,3120
TTKPRESTIG,20210405,7282,7348.8,7115,7294.15,5054
TTL,20210405,46.95,48.5,45.45,46.75,13575
TTML,20210405,14.05,14.05,13.35,13.45,1328358
TV18BRDCST,20210405,29.25,29.25,28.1,28.3,7130856
TVSELECT,20210405,137.95,138.8,132.1,137,35114
TVSMOTOR,20210405,590.6,593.05,568.5,584.25,1782479
TVSSRICHAK,20210405,1799.95,1825,1775,1789.9,8198
TVTODAY,20210405,271.7,294.1,268.1,279.35,160121
TVVISION,20210405,2.7,2.7,2.7,2.7,9524
TWL,20210405,46.9,49.7,46.35,48.6,542452
UBL,20210405,1235,1238,1136.65,1150.05,1385265
UCALFUEL,20210405,147.6,147.6,140.25,142.15,49315
UCOBANK,20210405,11.45,11.5,11,11.2,6314462
UFLEX,20210405,387,387,375.3,380.25,71732
UFO,20210405,73.4,73.4,70.5,71.4,111390
UGARSUGAR,20210405,17.3,17.4,16.55,16.75,88693
UJAAS,20210405,2.55,2.65,2.5,2.65,682635
UJJIVAN,20210405,225.45,225.5,208.85,214.6,1091705
UJJIVANSFB,20210405,31.85,31.9,30.5,31.05,1788772
ULTRACEMCO,20210405,6895,6994,6735,6795.8,540954
UMANGDAIRY,20210405,59.1,60,56.7,57.15,23594
UMESLTD,20210405,3.45,3.7,3.4,3.4,25479
UNICHEMLAB,20210405,318.9,320,304.05,310.05,30375
UNIDT,20210405,303.5,333,303.5,333,135248
UNIENTER,20210405,85.05,86.65,83.3,84.85,16517
UNIONBANK,20210405,34.9,34.9,33.6,34.05,5372465
UNITEDTEA,20210405,300,303.2,296.05,301.7,790
UNIVASTU,20210405,37.8,39.5,37.8,39,14565
UNIVCABLES,20210405,142,142,134.55,136.1,19106
UNIVPHOTO,20210405,167.05,179.4,165.35,169.1,2610
UPL,20210405,650,664.75,631.6,646.25,9077724
URJA,20210405,6.6,6.85,6.3,6.5,1305937
USHAMART,20210405,36.55,37.9,34.75,36.85,3522298
UTIAMC,20210405,571.5,572,560.15,567.5,90947
UTIBANKETF,20210405,33.3,33.66,32.34,32.89,105196
UTINEXT50,20210405,36.95,37,35.02,36.5,13255
UTINIFTETF,20210405,1592.65,1592.65,1513,1531.18,1165
UTISENSETF,20210405,533.3,539,500.05,514.34,2754
UTISXN50,20210405,39.62,41,38.8,39.49,822
UTTAMSTL,20210405,7.05,7.5,7,7.1,166372
UTTAMSUGAR,20210405,91.4,91.4,88,89.55,29536
V2RETAIL,20210405,138.7,138.7,130.65,137.1,116703
VADILALIND,20210405,920,920,898,907.75,7291
VAIBHAVGBL,20210405,4091.1,4091.1,3857.9,4020.3,31698
VAISHALI,20210405,33.7,35,32.7,33.9,12467
VAKRANGEE,20210405,59,60.4,57.65,59.9,3507319
VALIANTORG,20210405,1290,1299.85,1240,1256.4,24062
VARDHACRLC,20210405,37.15,38,36.3,36.75,8478
VARDMNPOLY,20210405,17,17,16.25,16.25,32668
VARROC,20210405,376.3,383.75,370,379.05,88551
VASCONEQ,20210405,18.5,18.5,17.4,17.85,215854
VASWANI,20210405,9.3,9.6,9.15,9.25,21382
VBL,20210405,1009,1009.75,971,975.45,122155
VEDL,20210405,230.55,232.9,229,231.75,14527112
VENKEYS,20210405,1560,1586.5,1542.2,1565.45,64107
VENUSREM,20210405,289.85,299.15,272.35,298.2,134796
VERTOZ,20210405,280,292,269,271.65,117975
VESUVIUS,20210405,999,999,954,982.4,7160
VETO,20210405,121.85,127.9,118.5,121.3,64457
VGUARD,20210405,249.1,252,238.1,250.15,854954
VHL,20210405,1830.95,1830.95,1729.95,1750.65,856
VICEROY,20210405,2.2,2.2,2.05,2.2,23324
VIDHIING,20210405,204.1,207.85,191.2,199.45,137437
VIJIFIN,20210405,0.7,0.7,0.65,0.7,270155
VIKASECO,20210405,2.35,2.4,2.25,2.25,2605478
VIKASMCORP,20210405,3.05,3.1,2.95,3.05,4407887
VIKASPROP,20210405,2.45,2.45,2.3,2.35,2095682
VIKASWSP,20210405,6.05,6.25,5.75,5.75,377259
VIMTALABS,20210405,163.7,166,158,160.7,47186
VINATIORGA,20210405,1413,1418.95,1373,1388.95,145069
VINDHYATEL,20210405,835,835,800,810.4,7208
VINYLINDIA,20210405,117.05,118.45,116,117.1,46870
VIPCLOTHNG,20210405,13.75,13.95,13.3,13.3,70949
VIPIND,20210405,354.45,354.45,339,342.2,275972
VIPULLTD,20210405,29.25,31.25,29.25,29.5,11303
VISAKAIND,20210405,472.8,474,459.35,463.8,49494
VISASTEEL,20210405,6.75,6.95,6.4,6.75,41713
VISESHINFO,20210405,0.05,0.1,0.05,0.1,22857402
VISHAL,20210405,59.95,62.35,59.95,59.95,150700
VISHNU,20210405,307,312.8,285.65,310.5,59435
VISHWARAJ,20210405,124.9,126,118,120.95,23786
VIVIDHA,20210405,0.8,0.8,0.7,0.7,834555
VIVIMEDLAB,20210405,17.95,18,16.8,17.15,242730
VLSFINANCE,20210405,82.95,82.95,79.8,80.5,18050
VMART,20210405,2868,2868,2773.5,2794.8,23065
VOLTAMP,20210405,1081.65,1125,1048.6,1056.35,11949
VOLTAS,20210405,1006.8,1007.9,960.6,976.7,1567700
VRLLOG,20210405,233.4,234.25,223.75,224.85,109123
VSSL,20210405,143.65,149,136.45,136.5,296593
VSTIND,20210405,3389.95,3393.6,3280.2,3297.15,6468
VSTTILLERS,20210405,1872,1872,1795.2,1822.75,9243
VTL,20210405,1265.05,1279.35,1190,1196.5,35812
WABAG,20210405,260,260,239.15,244.4,482397
WABCOINDIA,20210405,6419.7,6419.7,6174.95,6324.5,14610
WALCHANNAG,20210405,64.95,65,60.8,62.4,313653
WANBURY,20210405,86.4,88.4,82.4,85.2,15512
WATERBASE,20210405,103.95,104.85,98.85,102.5,150447
WEALTH,20210405,127.25,137.2,126,127.15,191
WEBELSOLAR,20210405,44.25,44.5,42.65,43.25,88332
WEIZMANIND,20210405,46.4,46.4,43,43.6,5854
WELCORP,20210405,148.5,148.55,136.7,138.6,2256377
WELENT,20210405,115,115.5,109.2,110.85,243681
WELINV,20210405,394,420,361.5,392.9,1485
WELSPUNIND,20210405,85,85.4,80.4,83.15,1049665
WENDT,20210405,3213,3213,3133.4,3144.9,164
WESTLIFE,20210405,454,455.45,438.2,439.7,191666
WHEELS,20210405,458.7,458.7,450,454.15,9757
WHIRLPOOL,20210405,2229,2229,2172.95,2189.5,54404
WILLAMAGOR,20210405,19.4,19.7,18,19.35,5373
WINDMACHIN,20210405,33.65,33.65,30.75,31.65,222896
WIPL,20210405,58,60,58,60,2660
WIPRO,20210405,416.45,427.9,416.2,425.45,21216395
WOCKPHARMA,20210405,428,443,425.05,438.1,665678
WONDERLA,20210405,197.75,201,192.1,193.85,47108
WORTH,20210405,51,52.7,49,49.4,8044
WSI,20210405,7.15,7.15,7.15,7.15,29186
WSTCSTPAPR,20210405,247.1,247.1,225,236.5,317682
XCHANGING,20210405,67.2,69.8,66.35,67.1,156336
XELPMOC,20210405,269,279.8,255.6,273.45,53729
XPROINDIA,20210405,76,76,72.9,72.9,73208
YAARII,20210405,112.2,113.1,108.05,108.35,554105
YESBANK,20210405,15.85,15.95,15.2,15.5,83064018
ZEEL,20210405,209,209,195.5,202.15,14387268
ZEELEARN,20210405,10.6,10.9,10.25,10.45,610912
ZEEMEDIA,20210405,6.5,6.75,6.3,6.4,1853516
ZENITHEXPO,20210405,67.5,69.95,65.6,66.6,616
ZENITHSTL,20210405,0.7,0.75,0.65,0.75,84721
ZENSARTECH,20210405,280,280,266.15,273.95,189321
ZENTEC,20210405,79.8,80,77.45,77.9,71124
ZODIACLOTH,20210405,98.9,98.9,92.45,93.55,34943
ZODJRDMKJ,20210405,25.8,26.5,24.4,25.25,1038
ZOTA,20210405,144.05,144.05,139,142.05,20822
ZUARI,20210405,91.3,91.3,88,88.95,51785
ZUARIGLOB,20210405,85,85.95,82,83.5,24198
ZYDUSWELL,20210405,1960,2095,1957.7,2011.2,79121
NSENIFTY,20210405,14837.70,14849.85,14459.50,14637.80,500476690,0
NIFTYJUNIOR,20210405,34735.00,34735.00,33947.45,34370.65,330790966,0
NIFTYMIDCAPLIQ15,20210405,5802.30,5802.30,5572.45,5675.35,110631673,0
NSE100,20210405,14970.20,14975.65,14596.95,14775.70,831267656,0
NIFTY200,20210405,7761.80,7763.75,7565.45,7661.35,1660835203,0
NSE500,20210405,12463.70,12466.25,12149.40,12298.60,2057526125,0
NSEMIDCAP150,20210405,9123.60,9123.70,8879.55,9004.60,863062916,0
MIDCAP50,20210405,6905.95,6906.05,6654.25,6767.70,763811594,0
NSEMIDCAP,20210405,24101.15,24101.35,23407.05,23798.60,829567547,0
NSESMLCAP100,20210405,8278.50,8283.80,8059.55,8162.00,-,0
NIFTYLARGEMIDCAP250,20210405,-,-,-,7933.55,1694330572,0
NIFTYAUTO,20210405,9988.10,9991.30,9688.40,9768.05,115412838,0
BANKNIFTY,20210405,33649.15,33697.75,32330.15,32678.85,306389349,0
NIFTYFINSERVICE,20210405,15847.65,15866.70,15231.60,15392.10,144862662,0
NIFTYFMGC,20210405,34800.55,34892.60,34024.15,34304.55,47978583,0
NSEIT,20210405,26035.50,26630.80,25978.95,26491.35,53479113,0
NIFTYMEDIA,20210405,1559.75,1559.80,1498.75,1532.40,33888373,0
NIFTYMETAL,20210405,4206.10,4241.85,4101.15,4226.40,330038224,0
NIFTYPHARMA,20210405,12383.55,12383.55,12129.25,12331.50,16785000,0
NIFTYPVTBANK,20210405,17993.20,18017.95,17267.20,17469.00,232895586,0
NIFTYPSUBANK,20210405,2205.00,2207.80,2093.10,2123.85,262034775,0
NIFTYREALTY,20210405,334.15,334.15,319.60,324.45,21991767,0
NIFTYCOMMODITIES,20210405,4585.35,4605.25,4488.75,4563.25,278504894,0
NIFTYCONSUMPTION,20210405,5973.50,5980.10,5834.00,5886.60,91402230,0
NIFTYCPSE,20210405,1786.00,1799.75,1748.95,1785.35,112896496,0
NIFTYENERGY,20210405,18438.80,18476.50,17973.40,18232.20,145246074,0
NIFTY100ESG,20210405,-,-,-,2911.84,533434429,0
NIFTY100ENHESG,20210405,-,-,-,2933.15,496744556,0
NIFTYINFRA,20210405,4138.05,4138.25,4027.80,4092.90,230392117,0
NIFTYMNC,20210405,16278.35,16284.10,15965.30,16105.90,231956354,0
NIFTYPSE,20210405,3141.80,3153.85,3060.65,3113.50,388599399,0
NIFTYSMEEMERGE,20210405,-,-,-,1804.72,601929,0
NIFTYSERVSECTOR,20210405,20769.20,20782.00,20232.80,20488.90,266776135,0
NIFTYSHARIAH25,20210405,-,-,-,5502.99,103505403,0
NIFTY50SHARIAH,20210405,-,-,-,3614.66,89069270,0
NIFTY500SHARIAH,20210405,-,-,-,4365.72,340181949,0
NIFTYABGROUP,20210405,-,-,-,4787.66,200199066,0
NIFTYMAHINDRA,20210405,-,-,-,12887.45,16249617,0
NIFTYTATA,20210405,-,-,-,10627.56,193150926,0
NIFTYTATA25CAP,20210405,-,-,-,7760.18,165079619,0
NIFTYABGROUP,20210405,-,-,-,4787.66,200199066,0
NIFTYLIQ15,20210405,3687.05,3687.05,3557.15,3606.05,210612351,0
NIFTY500VALUE50,20210405,-,-,-,4758.34,774165852,0
NIFTYQUALLOWVOL30,20210405,-,-,-,10483.10,122769956,0
NIFTYALPHAQUALLOWVOL30,20210405,-,-,-,12070.58,124014591,0
NIFTYALPHAQUALVALLOWVOL30,20210405,-,-,-,9129.76,135186818,0
NIFTY50EQUALWEIGHT,20210405,16219.90,16226.75,15829.45,16046.40,500476690,0
NIFTY100EQUALWEIGHT,20210405,17129.35,17129.40,16710.25,16931.35,831267656,0
NIFTY100LOWVOL30,20210405,11334.65,11352.60,11134.10,11245.20,168077914,0
NSEDEFTY,20210405,-,-,-,6918.79,-,0
NIFTY50DIVPOINT,20210405,0.23,0.23,0.23,0.23,-,0
NIFTYDIVOPPS50,20210405,3090.10,3098.45,3029.15,3071.15,342919258,0
NIFTYALPHA50,20210405,23350.95,23565.50,22924.30,23512.40,586631570,0
NIFTY50ARBITRAGE,20210405,-,-,-,1948.01,-,0
NIFTY50FUTINDEX,20210405,-,-,-,4812.94,-,0
NIFTY50FUTTRINDEX,20210405,-,-,-,15237.99,-,0
NIFTYHIGHBETA50,20210405,-,-,-,1770.49,978709248,0
NIFTYLOWVOL50,20210405,-,-,-,13648.60,189947352,0
NIFTY50VALUE20,20210405,7528.90,7573.40,7413.05,7519.95,218172964,0
NIFTYGROWSECT15,20210405,7163.90,7175.00,6997.35,7053.05,51767425,0
NIFTY50TR2XLEV,20210405,8945.70,8949.10,8489.35,8704.10,-,0
NIFTY50PR2XLEV,20210405,6702.30,6704.85,6360.40,6521.30,-,0
NIFTY50TR1XINV,20210405,255.95,262.40,255.90,259.35,-,0
NIFTY50PR1XINV,20210405,295.55,303.00,295.45,299.50,-,0
NIFTY-GS-COMPSITE,20210405,2273.06,2281.90,2272.47,2280.31,-,0
NIFTY-GS-4-8YR,20210405,2381.10,2393.24,2381.10,2391.93,-,0
NIFTY-GS-8-13YR,20210405,2225.45,2231.07,2224.48,2231.81,-,0
NIFTY-GS-10YR,20210405,2019.40,2024.51,2016.97,2023.28,-,0
NIFTY-GS-10YR-CLN,20210405,946.54,948.98,945.37,948.40,-,0
NIFTY-GS-11-15YR,20210405,2389.35,2394.99,2388.35,2395.52,-,0
NIFTY-GS-15YRPLUS,20210405,2651.08,2651.08,2650.47,2649.30,-,0
VIX,20210405,19.99,23.31,19.99,21.22,0,0
