20MICRONS,20210629,65.5,65.7,59.5,60.4,398177
21STCENMGM,20210629,22.2,22.2,22.2,22.2,3141
3IINFOTECH,20210629,10.25,10.4,9.85,9.95,10856308
3MINDIA,20210629,24800,24899,24450,24501.8,3409
3PLAND,20210629,13.4,13.8,13.4,13.6,17462
5PAISA,20210629,438,438,415,426.95,34219
63MOONS,20210629,94.9,94.9,92,92.75,20486
A2ZINFRA,20210629,5.7,5.9,5.6,5.75,706464
AAKASH,20210629,198,199.5,195,198.05,54089
AARON,20210629,82.6,84.9,79.65,80.45,4877
AARTIDRUGS,20210629,711.95,717.95,706,708,204776
AARTIIND,20210629,871.95,879,856.85,863.95,588826
AARTISURF,20210629,1368,1372.7,1350.1,1358.2,6996
AARVEEDEN,20210629,22.7,23.2,22.15,22.2,24151
AARVI,20210629,65.8,67.35,65.1,65.55,22007
AAVAS,20210629,2649.95,2712.1,2618.1,2698.6,132630
ABAN,20210629,44.6,44.65,42.1,43.4,77033
ABB,20210629,1804.95,1815.5,1771,1788.85,84656
ABBOTINDIA,20210629,16782,16910,16430,16537.35,8739
ABCAPITAL,20210629,117.75,118.7,116.45,117.15,2122213
ABFRL,20210629,219.55,220,212.85,213.6,1509530
ABMINTLTD,20210629,70.9,70.9,67,68.85,4383
ABSLBANETF,20210629,345,355.15,345,348.94,95
ABSLNN50ET,20210629,400,400,393.11,395.28,112
ACC,20210629,2054.3,2064.9,2040,2053.05,279895
ACCELYA,20210629,1174,1187,1151,1154.85,77115
ACCURACY,20210629,80.85,80.85,71.6,73.6,63277
ACE,20210629,235.2,237.5,228,229.5,503642
ACRYSIL,20210629,610,659.6,610,658.45,668282
ADANIENT,20210629,1526,1548.7,1513,1523.55,5551918
ADANIGREEN,20210629,1120,1145,1100.1,1126.3,1995959
ADANIPORTS,20210629,717.5,723,709,711,9303151
ADANIPOWER,20210629,119.4,119.8,116,116.3,2687722
ADANITRANS,20210629,1164.1,1199.8,1101.05,1115.2,334173
ADFFOODS,20210629,928.85,938.5,911.3,915.2,44622
ADL,20210629,44.5,44.5,40.75,43,4498
ADORWELD,20210629,651.95,684,651.95,665.9,145632
ADROITINFO,20210629,11.6,11.65,10.55,11.65,126184
ADSL,20210629,62.2,64.5,62.2,63.8,165956
ADVANIHOTR,20210629,69.95,70,68.15,69,48938
ADVENZYMES,20210629,413.55,424,411.15,414.5,243252
AEGISCHEM,20210629,348.95,357.1,343.05,344.75,209887
AFFLE,20210629,4600,4600,4499,4529.8,27370
AGARIND,20210629,327,335.8,317.05,325.95,67033
AGCNET,20210629,1180,1180,1100,1110,11349
AGRITECH,20210629,45.85,47,44.55,46.25,34380
AGROPHOS,20210629,13.7,13.7,12.45,12.85,147103
AHLADA,20210629,190.6,203.25,190.6,203.25,67996
AHLEAST,20210629,177.95,179,175.65,176.2,4401
AHLUCONT,20210629,390.9,391,365.95,368.85,131255
AHLWEST,20210629,217.6,237.9,216,222.9,30901
AIAENG,20210629,2126,2174,2101.65,2149.85,35848
AIRAN,20210629,30.7,31,28.5,29.25,466238
AJANTPHARM,20210629,2019,2114.8,1990,2085.85,478990
AJMERA,20210629,282,300,274.3,279.25,1151888
AJOONI,20210629,58,59.15,56.7,59,155923
AKASH,20210629,227.05,227.05,219.55,220.3,9947
AKG,20210629,27.75,29.15,27.75,27.85,19121
AKSHARCHEM,20210629,348.3,367.6,342.5,349.8,50693
AKSHOPTFBR,20210629,8.7,8.7,8.45,8.7,827554
AKZOINDIA,20210629,2300,2338,2269.95,2321.15,19627
ALANKIT,20210629,26.25,27.2,25.2,26,2600076
ALBERTDAVD,20210629,484,496.55,482.9,489.75,22867
ALEMBICLTD,20210629,128.85,129.2,126.5,127.35,413679
ALICON,20210629,560.2,573.25,560,564.45,4768
ALKALI,20210629,71.15,71.8,70,70.05,21462
ALKEM,20210629,3137.65,3235,3116.05,3195.75,199510
ALKYLAMINE,20210629,3627.9,3638.4,3582,3594.05,29298
ALLCARGO,20210629,159.75,167.5,157.2,161.2,3847612
ALLSEC,20210629,371.15,381,371.15,379.4,13583
ALMONDZ,20210629,52.7,53.95,51.05,52.85,57299
ALOKINDS,20210629,25.05,27.65,25.05,27.65,23076721
ALPA,20210629,58.5,59.45,56.55,57,41272
ALPHAGEO,20210629,316.1,317,300,301.8,84368
ALPSINDUS,20210629,3.25,3.25,3.1,3.1,18341
AMARAJABAT,20210629,750.9,754.95,745.05,745.9,619799
AMBER,20210629,2966,2975,2892,2910.45,95906
AMBICAAGAR,20210629,20.9,21.45,20.1,21.35,70478
AMBIKCO,20210629,1170.1,1178.85,1155.4,1166.95,16484
AMBUJACEM,20210629,344.3,345.8,342,344.4,1671869
AMDIND,20210629,26.5,27.65,26.35,27.65,167849
AMJLAND,20210629,30.25,32,29.65,31,96366
AMRUTANJAN,20210629,683.5,692.25,675.75,685.4,35248
ANANTRAJ,20210629,56.1,58,56.1,57.7,84918
ANDHRACEMT,20210629,15.1,16.6,15.1,16.6,2542831
ANDHRAPAP,20210629,249,249,239.2,241.35,44758
ANDHRSUGAR,20210629,562.05,627.4,562.05,610.25,2674283
ANGELBRKG,20210629,815.2,880,811,855.6,769252
ANIKINDS,20210629,21.15,22.5,21.15,22.5,178144
ANKITMETAL,20210629,1.8,1.8,1.8,1.8,95086
ANMOL,20210629,148.9,159.8,144.25,154.9,30667
ANSALAPI,20210629,8,8.3,7.8,8.1,118135
ANSALHSG,20210629,7.7,8,7.6,7.7,102453
ANUP,20210629,879,900.05,872.8,883.9,44104
ANURAS,20210629,742.9,774,739.25,754.65,301183
APARINDS,20210629,520,523.2,514.5,516.9,39168
APCL,20210629,352.6,352.6,336.6,339.7,63718
APCOTEXIND,20210629,322,325,318.8,320.9,53783
APEX,20210629,273.15,291.9,270.05,282.8,1915011
APLAPOLLO,20210629,1608.5,1628.8,1554.95,1576.35,102697
APLLTD,20210629,1001.05,1004.5,979.2,986.8,285100
APOLLO,20210629,115.4,116.5,114.15,114.5,107982
APOLLOHOSP,20210629,3420,3604.95,3420,3591.15,2268589
APOLLOPIPE,20210629,1020.05,1039.9,1020.05,1030.9,22250
APOLLOTYRE,20210629,231.5,236,224.85,226.45,10736632
APOLSINHOT,20210629,782,872.7,782,872.7,5741
APTECHT,20210629,240.8,251.3,240.6,241.85,460164
ARCHIDPLY,20210629,34.3,35.5,34,35.35,13396
ARCHIES,20210629,17.35,20.3,17,20.2,5513944
ARENTERP,20210629,16.85,16.85,16,16.1,2062
ARIES,20210629,146.95,152.7,142.15,145,1447866
ARIHANT,20210629,27.9,27.9,26.2,27,10259
ARIHANTCAP,20210629,129.25,129.6,126.2,126.85,18927
ARIHANTSUP,20210629,95.15,95.15,93,93.15,17649
ARMANFIN,20210629,679.55,690.7,652.1,660.75,10842
AROGRANITE,20210629,61.5,61.5,59,60.3,241854
ARROWGREEN,20210629,178,178,169.55,171.2,13767
ARSHIYA,20210629,35.1,36.1,34.1,36.1,261322
ARSSINFRA,20210629,30.8,31.5,30,31,10161
ARTEMISMED,20210629,306,320,306,317,12305
ARVEE,20210629,113.8,115.95,113,113.65,1933
ARVIND,20210629,80,80.2,78.5,78.95,757324
ARVINDFASN,20210629,138.5,138.9,135.7,136.5,254069
ARVSMART,20210629,107.2,107.2,105.25,105.55,34205
ASAHIINDIA,20210629,322.95,338,321.8,333.6,322098
ASAHISONG,20210629,339.05,348.85,334.6,335.1,22354
ASAL,20210629,72.4,73.1,70.85,73.1,96487
ASALCBR,20210629,492.35,492.35,485.05,486.8,32855
ASHAPURMIN,20210629,159,160,154,154.9,54066
ASHIANA,20210629,136,141.35,135.1,140.15,182456
ASHIMASYN,20210629,19.35,19.9,18.8,19.05,72698
ASHOKA,20210629,106,109.75,106,108.95,3484835
ASHOKLEY,20210629,124.95,126,123.15,123.55,12822253
ASIANHOTNR,20210629,90.1,90.35,88,89.2,12549
ASIANPAINT,20210629,2989,3023.85,2973.05,3001.5,1242734
ASIANTILES,20210629,186.1,188.15,184.65,185.9,356188
ASPINWALL,20210629,196.6,198.5,193,193.9,2495
ASTEC,20210629,1365,1370,1341,1345.45,10381
ASTERDM,20210629,157,157,154.3,155.3,571912
ASTRAL,20210629,1956,1974.6,1917.1,1926.4,234433
ASTRAMICRO,20210629,168.75,173.45,168.1,169.1,647803
ASTRAZEN,20210629,3626.05,3669.85,3610,3621.9,15147
ASTRON,20210629,56,56,53.85,54.3,62128
ATFL,20210629,967.9,968,932.55,941.95,13345
ATGL,20210629,1073.5,1073.5,1073.5,1073.5,149796
ATLANTA,20210629,13.95,14.2,12.9,14.2,62281
ATUL,20210629,8976,9033,8840,8869.75,6344
ATULAUTO,20210629,188.75,188.75,185,186.2,106553
AUBANK,20210629,1053.5,1085.55,1040,1077.3,2210068
AURIONPRO,20210629,151.9,159.75,149.5,154.2,122579
AUROPHARMA,20210629,968.5,979.9,963.5,967.2,1243208
AUSOMENT,20210629,86.65,86.65,83,83.8,13449
AUTOAXLES,20210629,1337,1350,1307.45,1316.95,3991
AUTOIND,20210629,46,46.8,45,45.65,10729
AVADHSUGAR,20210629,522,548,507.2,525.95,1287323
AVANTIFEED,20210629,544.75,552.8,525.5,531.45,813662
AVTNPL,20210629,67,79,66.75,76.85,2755801
AWHCL,20210629,332,332,320.05,321.75,60205
AXISBANK,20210629,761,763.55,750.05,751.95,7500655
AXISBNKETF,20210629,352,352.61,350,350.81,1781
AXISBPSETF,20210629,10.15,10.15,10.13,10.13,49182
AXISCADES,20210629,80.1,83.9,78.2,79.7,48282
AXISGOLD,20210629,40.51,41.1,40.51,40.7,74465
AXISHCETF,20210629,87.5,87.5,86.81,87.37,6145
AXISNIFTY,20210629,163.93,165,163.73,164.62,2568
AXISTECETF,20210629,305,305,290.05,291.08,2304
AYMSYNTEX,20210629,74.65,77.25,73.55,74.9,20629
BAFNAPH,20210629,148,148,140.75,143,7284
BAGFILMS,20210629,3.75,3.8,3.65,3.75,316130
BAJAJ-AUTO,20210629,4185,4188.85,4117,4124.65,332405
BAJAJCON,20210629,286.5,292.5,286.05,288.65,875469
BAJAJELEC,20210629,1035,1043.55,1022,1030.55,49986
BAJAJFINSV,20210629,12389,12490,12271.05,12299.9,157178
BAJAJHIND,20210629,19.4,19.4,19.4,19.4,1616502
BAJAJHLDNG,20210629,3664,3665.85,3553.8,3581.55,44642
BAJFINANCE,20210629,6040,6137.65,6002.1,6052.4,1310079
BALAJITELE,20210629,65.1,67.2,64.3,65.1,508010
BALAMINES,20210629,2706,2737.25,2642,2670.25,59273
BALAXI,20210629,587.9,598.9,573.8,584,2757
BALKRISHNA,20210629,18.5,19.75,18.1,18.6,4891
BALKRISIND,20210629,2250,2267.95,2236,2242.65,147567
BALMLAWRIE,20210629,142.1,142.9,140,140.4,377396
BALPHARMA,20210629,99.35,99.35,97.1,97.9,19234
BALRAMCHIN,20210629,365,370,359,364.25,1982586
BANARBEADS,20210629,55.75,60.95,55.15,58.25,140669
BANARISUG,20210629,1950,1978.8,1860,1895.25,16470
BANCOINDIA,20210629,165.9,168.65,160.25,161.5,476927
BANDHANBNK,20210629,345,349,334,335.8,6553062
BANG,20210629,34.5,35.15,34.05,34.3,15811
BANKA,20210629,68.15,69.5,67.55,68.75,6576
BANKBARODA,20210629,87.95,88.9,86.4,87.1,63682439
BANKBEES,20210629,364.9,364.9,351.62,352.73,662256
BANKINDIA,20210629,80.7,80.7,78.1,78.65,3942390
BANSWRAS,20210629,166.95,169.9,160.1,163,5597
BARBEQUE,20210629,890,905,875.05,879.25,44287
BASF,20210629,2572,2650,2520,2532.2,37266
BASML,20210629,76.25,76.25,74,74.85,49377
BATAINDIA,20210629,1625,1626.95,1598.25,1601,375572
BAYERCROP,20210629,5660,5720.9,5571.1,5696.5,11338
BBL,20210629,1229.15,1249.2,1215,1227.95,12526
BBTC,20210629,1367.2,1367.2,1334,1337.4,115386
BCG,20210629,21.3,21.3,21.3,21.3,270781
BCLIND,20210629,258.9,269.75,258.8,264.7,191149
BCP,20210629,4,4,3.8,3.8,534305
BDL,20210629,363.3,363.5,358,359.65,185946
BEARDSELL,20210629,13.2,13.6,12.95,13.3,3998
BECTORFOOD,20210629,400,411,398.55,403.35,258807
BEDMUTHA,20210629,35.1,36.3,35,35.2,6396
BEL,20210629,173.45,175.85,172.55,174.65,16535082
BEML,20210629,1345,1364.5,1332.5,1335.55,308977
BEPL,20210629,174.65,175.3,172.1,172.8,432696
BERGEPAINT,20210629,806.5,814,803.25,804.35,404991
BESTAGRO,20210629,339.9,344.95,327.65,339.2,85099
BFINVEST,20210629,379.8,384,367.55,368.65,82067
BFUTILITIE,20210629,507.7,514,493.3,497.5,442728
BGRENERGY,20210629,70.7,75.3,69.6,73.35,673712
BHAGERIA,20210629,247.4,267.45,247.25,263.75,282485
BHAGYANGR,20210629,49,51.85,49,49.55,39091
BHAGYAPROP,20210629,29.2,30.25,28.55,29.1,78206
BHANDARI,20210629,3.25,3.3,3.25,3.25,370355
BHARATFORG,20210629,743.8,763.95,740.7,747.55,4442304
BHARATGEAR,20210629,101.5,101.5,98,98.45,36709
BHARATRAS,20210629,12699.85,12750,12541,12609.75,1967
BHARATWIRE,20210629,72.35,72.35,72,72.35,47314
BHARTIARTL,20210629,531.25,532.25,524,524.95,8553386
BHEL,20210629,66.25,66.75,64.3,64.9,60695920
BIGBLOC,20210629,98,100.15,94.5,97.1,7722
BIL,20210629,248,262.1,241.15,247,5538
BINDALAGRO,20210629,26.8,26.8,25.8,26,188992
BIOCON,20210629,406.9,411,402,407.55,2239813
BIOFILCHEM,20210629,70.5,70.5,68.1,68.65,27577
BIRLACABLE,20210629,111.15,121.7,111.15,115.9,642586
BIRLACORPN,20210629,1242.1,1246,1215,1229,55765
BIRLAMONEY,20210629,56.05,57.4,55.5,56,334165
BIRLATYRE,20210629,29.25,31.95,29,31.25,2453516
BKMINDST,20210629,1.25,1.25,1.2,1.25,8559
BLBLIMITED,20210629,9.5,9.65,9,9.6,121758
BLISSGVS,20210629,108.95,109.9,107.85,108.1,179998
BLKASHYAP,20210629,25.9,26.65,25.45,25.9,736274
BLS,20210629,130,133,128.5,129.8,300772
BLUEDART,20210629,5777.7,5850,5746.8,5799.55,37727
BLUESTARCO,20210629,818,819.2,808.9,815.3,86660
BODALCHEM,20210629,101.95,104.35,101,102.4,782155
BOMDYEING,20210629,89.9,89.9,86.9,87.55,4011492
BOROLTD,20210629,220.9,225.75,218.7,222.4,205949
BORORENEW,20210629,274,277,267.35,268.45,142124
BOSCHLTD,20210629,15200,15250,14970,15025.6,30973
BPCL,20210629,469,469.5,465,466.25,2960797
BPL,20210629,37.5,40.4,36.2,37.15,1135979
BRFL,20210629,11.3,11.3,10.55,10.65,2705427
BRIGADE,20210629,281.3,283.6,277,278.45,240653
BRITANNIA,20210629,3655,3667.1,3610.05,3657.15,357263
BRNL,20210629,33.9,34.6,32.6,33.35,123801
BROOKS,20210629,93.5,95.85,92.85,94.35,80869
BSE,20210629,927.9,934,910,914.55,409625
BSELINFRA,20210629,1.7,1.7,1.7,1.7,16806
BSHSL,20210629,216.25,219.95,213.8,219.95,2008
BSL,20210629,55.7,56.9,55.5,55.95,10324
BSLGOLDETF,20210629,4314.95,4314.95,4270,4277.45,642
BSLNIFTY,20210629,176.69,176.69,173.96,174.3,821
BSOFT,20210629,384.75,398.9,383,392.9,2035242
BURGERKING,20210629,155.5,163.1,155.1,161.25,5275241
BUTTERFLY,20210629,734,734,695.1,699.75,34745
BVCL,20210629,24.2,24.95,23.7,23.85,7233
BYKE,20210629,29.95,30.4,29,29.4,41876
CADILAHC,20210629,644.95,648.9,633.3,640.65,5896727
CALSOFT,20210629,12.3,12.3,12.3,12.3,10511
CAMLINFINE,20210629,172.5,178.75,172.5,174.4,656528
CAMS,20210629,2789,2804.1,2750,2757.75,70397
CANBK,20210629,156.8,157.75,153.3,153.75,9926727
CANFINHOME,20210629,521,526.8,514.5,520.05,434086
CANTABIL,20210629,427.15,430.95,416.8,421.35,80950
CAPACITE,20210629,193.9,196.8,192.2,194.75,228759
CAPLIPOINT,20210629,665.1,667.75,655.4,658.5,76843
CAPTRUST,20210629,101.95,107.85,96.55,107,82304
CARBORUNIV,20210629,610,610,588.3,596.2,184274
CAREERP,20210629,144,147.9,139.3,139.95,428601
CARERATING,20210629,727.95,730,716.5,719.2,129153
CASTROLIND,20210629,144.35,145.2,143.25,143.85,495514
CCCL,20210629,0.6,0.65,0.55,0.6,256512
CCHHL,20210629,6.5,6.55,6.3,6.4,55914
CCL,20210629,363.45,368,358,362.25,678936
CDSL,20210629,998,998,981.7,985.05,313177
CEATLTD,20210629,1349.3,1360,1338,1350.65,79026
CEBBCO,20210629,33.5,34.15,32,34.15,998441
CELEBRITY,20210629,9,9,9,9,20285
CENTENKA,20210629,405.9,409.1,395.1,397.1,124529
CENTEXT,20210629,10.15,10.7,9.8,10.15,1607732
CENTRALBK,20210629,26.3,26.5,25.55,26,20046319
CENTRUM,20210629,46.75,47.8,45.9,46.95,2125650
CENTUM,20210629,407.95,408.6,396.85,399.75,2659
CENTURYPLY,20210629,401.1,410,401.1,406.35,180500
CENTURYTEX,20210629,599.9,614.4,598,607.1,776504
CERA,20210629,4528.95,4535.95,4351.1,4498.4,22875
CEREBRAINT,20210629,62.3,62.7,60.15,60.6,310473
CESC,20210629,771.05,786,767.75,777.35,489151
CGCL,20210629,532.95,536.2,528,530.55,34821
CGPOWER,20210629,77.05,79.5,77,79.05,1732932
CHALET,20210629,182.6,183.55,178,179.3,121112
CHAMBLFERT,20210629,297.65,312,296.5,310.25,3449947
CHEMBOND,20210629,203.15,204.05,200,202.7,17353
CHEMCON,20210629,456.7,460.05,453.05,453.85,79484
CHEMFAB,20210629,148,148.75,146.3,147.25,4626
CHENNPETRO,20210629,146.3,147.7,139.45,144.35,837927
CHOLAFIN,20210629,524.8,527,515.7,519.35,2568036
CHOLAHLDNG,20210629,670,689.95,662.9,684.65,194172
CIGNITITEC,20210629,617.45,626.95,600,613.45,456270
CINELINE,20210629,48.9,50.5,47.2,47.75,146771
CINEVISTA,20210629,13.15,13.95,13.15,13.85,53467
CIPLA,20210629,964,989,960.05,979.6,4300755
CLEDUCATE,20210629,119.9,119.9,114,118,30362
CLNINDIA,20210629,587.8,590,571.6,573.6,60717
CLSEL,20210629,128.75,129.45,126.5,127.1,39283
CMICABLES,20210629,50.15,54.5,50.15,54.1,98542
COALINDIA,20210629,147.1,147.9,143.95,144.5,21576435
COCHINSHIP,20210629,401.45,403.45,382,386.2,619066
COFFEEDAY,20210629,42.95,44.1,40.6,41.5,4568853
COFORGE,20210629,4121.85,4121.85,4032,4061.3,289428
COLPAL,20210629,1674.8,1690,1665,1669.55,512449
COMPINFO,20210629,29.3,29.55,28.6,28.75,350347
COMPUSOFT,20210629,14.7,14.7,14.1,14.4,47446
CONCOR,20210629,698,707.25,692.5,694.3,517367
CONFIPET,20210629,59.45,61.4,59,59.2,615267
CONSOFINVT,20210629,97.9,97.9,96.1,96.85,7559
CONTROLPR,20210629,365,372.25,360,361,8654
CORALFINAC,20210629,43.05,52,42.85,50.15,1531513
CORDSCABLE,20210629,73.8,76.15,70.7,72.95,164907
COROMANDEL,20210629,918.5,923.55,894.1,898.6,341182
COSMOFILMS,20210629,881.05,899.15,881.05,891.3,39154
COUNCODOS,20210629,2.75,2.95,2.75,2.8,144472
CPSEETF,20210629,26.4,26.5,26.14,26.21,2167338
CRAFTSMAN,20210629,1775,1800,1748.6,1793.9,39508
CREATIVE,20210629,161.9,161.9,161.9,161.9,85713
CREATIVEYE,20210629,3,3,2.85,3,1140
CREDITACC,20210629,756.65,760.1,748.45,756.6,447739
CREST,20210629,104.4,104.4,101.6,101.75,15654
CRISIL,20210629,2595.4,2649.95,2513.6,2571.9,37343
CROMPTON,20210629,430,433.5,415.75,421.95,1417476
CSBBANK,20210629,360.8,360.8,345,347.6,1143307
CTE,20210629,35.85,37.1,34.1,34.15,92211
CUB,20210629,171,172.5,168,169.75,1781994
CUBEXTUB,20210629,26.7,27.7,26.3,27.7,17572
CUMMINSIND,20210629,871.8,879.25,841.55,850.95,950940
CUPID,20210629,219.25,221.75,216.25,217.85,48945
CYBERMEDIA,20210629,11.2,11.2,10.4,10.7,21067
CYBERTECH,20210629,141,147.5,138.5,144.95,262608
CYIENT,20210629,825,876,823.2,845.45,125856
DAAWAT,20210629,74.95,75.3,74.05,74.35,829293
DABUR,20210629,565.1,570.5,561.55,567.35,1761569
DALALSTCOM,20210629,1.4,1.4,1.4,1.4,53510
DALBHARAT,20210629,1880,1888,1854.2,1874.15,68307
DALMIASUG,20210629,476.9,499,475.15,484.95,766941
DAMODARIND,20210629,41,44.7,41,44.7,850633
DANGEE,20210629,177,186,177,184.35,44089
DATAMATICS,20210629,175.95,194.2,173.55,189.1,1108845
DBCORP,20210629,105.95,107.35,101,102.45,470821
DBL,20210629,552,557.95,544.2,546.7,159468
DBREALTY,20210629,25.9,25.9,24.5,24.7,568945
DBSTOCKBRO,20210629,13.65,14.6,13.65,14.25,5223
DCAL,20210629,211,218.8,209,211.45,1652870
DCBBANK,20210629,105.8,106.65,104.5,104.7,952595
DCM,20210629,42.95,42.95,40.4,41.2,11101
DCMFINSERV,20210629,3.5,3.5,3.5,3.5,2758
DCMNVL,20210629,135.25,138.95,132,133.95,34737
DCMSHRIRAM,20210629,890,913.7,867,880.6,1002210
DCW,20210629,41.45,42.7,40.5,41.75,5392279
DECCANCE,20210629,599,606.75,587.95,589.9,40666
DEEPAKFERT,20210629,409.9,409.9,395,397.75,135426
DEEPAKNTR,20210629,1777,1789.9,1747.6,1760.3,647060
DEEPENR,20210629,44.2,45.25,43.2,43.85,57496
DEEPINDS,20210629,81,83.15,80.35,81.4,80805
DELTACORP,20210629,180.65,182.7,178.25,178.65,949606
DELTAMAGNT,20210629,53.9,56.45,51.25,53.05,5059
DEN,20210629,56.25,58.2,56.1,56.7,2298436
DENORA,20210629,333,349.4,333,342,19040
DFMFOODS,20210629,385.1,397.9,385,391.85,181100
DGCONTENT,20210629,15.5,15.5,14.8,15.5,113742
DHAMPURSUG,20210629,376.95,390,371.15,381.5,1480783
DHANBANK,20210629,16.6,16.6,15.35,15.7,2329529
DHANI,20210629,177.5,184.35,174.6,177.05,2670808
DHANUKA,20210629,967,972,951,954.1,74493
DHARSUGAR,20210629,28.1,28.1,28.1,28.1,11909
DHUNINV,20210629,574.55,609.45,559,563.85,29674
DIAMONDYD,20210629,673.95,684.7,665.8,672.8,29865
DICIND,20210629,468.5,469,457,461.65,6568
DIGISPICE,20210629,42.6,44.1,42.1,42.25,71878
DISHTV,20210629,14.35,14.5,13.9,13.95,7331240
DIVISLAB,20210629,4316.6,4369.5,4300,4356.15,374334
DIXON,20210629,4501,4542,4451,4477.75,92226
DLF,20210629,293.4,296.35,285,287.2,7969215
DLINKINDIA,20210629,138.1,140.45,136.05,136.85,778480
DMART,20210629,3338,3349.7,3251,3270.85,310346
DNAMEDIA,20210629,3.7,3.7,3.7,3.7,143222
DODLA,20210629,614.7,627.3,583,585.7,4039010
DOLAT,20210629,73.45,73.65,72.4,72.8,92189
DOLLAR,20210629,305.25,308.15,303.05,304.8,62031
DONEAR,20210629,40.95,41.8,40.25,40.5,102422
DPABHUSHAN,20210629,169.9,169.9,163.05,165,6429
DPSCLTD,20210629,18.05,19,18.05,18.65,133443
DPWIRES,20210629,173.85,173.85,163.95,167.4,17196
DRCSYSTEMS,20210629,272.9,285,270.05,273.15,3232
DREDGECORP,20210629,417.35,424.45,412.1,413.65,222328
DRREDDY,20210629,5411,5454.95,5380,5433.1,576261
DSSL,20210629,157.9,163.7,153.8,162.55,90654
DTIL,20210629,474.95,480,460,466.7,25945
DUCON,20210629,16.15,16.15,16.15,16.15,183446
DVL,20210629,248.9,252,240.1,241.85,60759
DWARKESH,20210629,80,82.7,77.65,80.75,14382951
DYNAMATECH,20210629,1472.25,1473.95,1430.45,1439.95,7033
DYNPRO,20210629,472,478.15,458.1,461.5,59154
EASEMYTRIP,20210629,399,410.95,395.25,398.15,1859786
EASTSILK,20210629,5.05,5.15,4.8,4.95,171891
EBBETF0423,20210629,1136.5,1137,1135.5,1136.7,9664
EBBETF0425,20210629,1048,1048,1046,1047.36,3962
EBBETF0430,20210629,1160.94,1160.99,1159.11,1160.92,21554
EBBETF0431,20210629,1043.1,1043.1,1041,1042.89,21659
EBIXFOREX,20210629,700,715,686.45,694.7,6208
ECLERX,20210629,1795,1860,1795,1846.25,61210
EDELWEISS,20210629,72.9,73.9,71.95,72.2,1269472
EICHERMOT,20210629,2740,2749,2700,2705.1,290136
EIDPARRY,20210629,461,468.6,437,445.5,1513808
EIHAHOTELS,20210629,358,363,350.7,352.05,11437
EIHOTEL,20210629,113.85,115.7,111.2,111.7,394327
EIMCOELECO,20210629,366.1,375.25,364.05,365.75,3096
EKC,20210629,96.65,98,95.5,97.1,117593
ELECON,20210629,140.7,141.15,137.05,138.1,748127
ELECTCAST,20210629,36.1,38.7,35.9,37.75,2645464
ELECTHERM,20210629,168.5,174.8,168.5,171,45432
ELGIEQUIP,20210629,210.55,213.25,210,210.5,38348
ELGIRUBCO,20210629,37.05,37.8,36.8,37.6,61894
EMAMILTD,20210629,547.9,552,540.35,549.9,276323
EMAMIPAP,20210629,154.95,156.95,151.85,153.6,15897
EMAMIREAL,20210629,60.9,63.6,58,61.6,187227
EMKAY,20210629,84.65,84.65,81.05,81.7,96543
EMMBI,20210629,96.15,98.15,94,96.7,47345
ENDURANCE,20210629,1597.8,1605,1545.3,1593.35,176827
ENERGYDEV,20210629,13.45,13.65,13.2,13.5,166739
ENGINERSIN,20210629,80.65,81.7,80.25,80.55,1454320
ENIL,20210629,178.6,179.3,174,175.55,112294
EPL,20210629,278.85,281.25,270,280.4,991432
EQ30,20210629,384.53,384.53,379,384.5,268
EQUITAS,20210629,94.05,95.5,92.7,94.95,1947232
EQUITASBNK,20210629,60.95,61.2,59,59.4,463997
ERIS,20210629,704.95,709.4,690,696.4,38881
EROSMEDIA,20210629,26.7,28.55,26.05,28,522995
ESABINDIA,20210629,1905.5,1921.45,1843.1,1858.45,9022
ESCORTS,20210629,1206.5,1214.95,1189.4,1195.35,950899
ESSARSHPNG,20210629,11.35,11.7,10.85,11.5,116714
ESTER,20210629,134.8,136.1,130.15,131.25,212346
EUROTEXIND,20210629,7.9,7.9,7.9,7.9,346
EVEREADY,20210629,311.9,317,308,309.55,225380
EVERESTIND,20210629,367.9,384,365.15,379.75,124327
EXCEL,20210629,3.3,3.6,3.3,3.5,177897
EXCELINDUS,20210629,1060,1069,1050.05,1057.55,10010
EXIDEIND,20210629,183.7,184.95,182.1,182.85,2005216
EXPLEOSOL,20210629,765.1,855.15,745,832.65,285459
FACT,20210629,133,141.6,133,139.75,1227434
FAIRCHEMOR,20210629,1500,1535,1480,1483,14702
FCL,20210629,88,89.7,88,88.65,201916
FCONSUMER,20210629,9.65,9.65,9.35,9.35,7912445
FCSSOFT,20210629,1.9,1.9,1.9,1.9,3154382
FDC,20210629,358.8,359.7,352.5,354.35,132620
FEDERALBNK,20210629,87.45,87.75,86,86.5,17100260
FEL,20210629,11.7,11.7,11,11.3,1719667
FELDVR,20210629,14.35,14.8,14.1,14.15,32209
FIEMIND,20210629,753,768.95,736,743.05,125283
FILATEX,20210629,100,101.5,97.95,98.4,332964
FINCABLES,20210629,528.6,529.9,511.35,514.4,314068
FINEORG,20210629,2900,2924,2851,2871.75,22587
FINPIPE,20210629,185.5,186.7,177.6,179.85,2291555
FLEXITUFF,20210629,21.5,21.5,20.95,21.5,19298
FLFL,20210629,74.9,75.9,73.8,74.35,156327
FLUOROCHEM,20210629,1062.1,1087.9,1025.1,1034.15,63154
FMGOETZE,20210629,333,337,326.95,329.35,582583
FMNL,20210629,20.65,20.65,18.95,19.1,84423
FORCEMOT,20210629,1233.8,1256.9,1228.55,1236.15,45903
FORTIS,20210629,237.15,245.35,236.05,240.3,3567997
FOSECOIND,20210629,1619,1669.7,1575,1600.35,37860
FRETAIL,20210629,65,65.95,63.4,63.7,1818570
FSC,20210629,93.85,95,91,92.35,27071
FSL,20210629,175.25,205.5,175,188.45,42236208
GABRIEL,20210629,122,122,118.25,118.7,284082
GAEL,20210629,175.7,176,169.6,170.85,328609
GAIL,20210629,153.45,153.75,151.35,152,6409358
GAL,20210629,2.8,2.85,2.65,2.65,1035867
GALAXYSURF,20210629,3020.05,3049,3003,3014.8,24960
GALLANTT,20210629,76.15,78.95,72.25,77.7,968874
GALLISPAT,20210629,59.3,60.75,55.5,57.15,458388
GAMMNINFRA,20210629,2.4,2.4,2.4,2.4,1217847
GANDHITUBE,20210629,426,426,417.95,421,29753
GANECOS,20210629,529,529,508.1,520.05,28538
GANESHHOUC,20210629,94,95.9,91,94.1,28287
GANGESSECU,20210629,83.7,95,80.5,89,209324
GARFIBRES,20210629,3411.5,3455,3365.25,3399.5,16415
GATI,20210629,163.8,168.8,160.15,165.4,2515540
GAYAHWS,20210629,0.85,0.95,0.85,0.9,436367
GAYAPROJ,20210629,31.5,32.05,31.5,31.6,557082
GDL,20210629,295,295,285.75,287.6,93450
GEECEE,20210629,158.7,164.8,156,158.4,37494
GEEKAYWIRE,20210629,93,94,91.5,92,25488
GENCON,20210629,45.3,46.7,45.05,45.5,21685
GENESYS,20210629,132,141.15,130.5,139.8,200714
GENUSPAPER,20210629,11.1,11.25,10.85,10.9,856010
GENUSPOWER,20210629,53.8,60.9,52.6,58.95,2106564
GEOJITFSL,20210629,74.6,78.4,74.5,76.3,887118
GEPIL,20210629,344.95,344.95,333.3,339.5,401553
GESHIP,20210629,392.9,396,383.6,385.8,329033
GET&D,20210629,141.2,143.6,137.6,138.95,165864
GFLLIMITED,20210629,70.75,71.25,69.7,70.3,97435
GFSTEELS,20210629,2.75,2.75,2.65,2.75,5546
GHCL,20210629,272.4,276.15,265.5,268.55,127896
GICHSGFIN,20210629,156.7,181.8,153.85,181.8,7934078
GICRE,20210629,199.5,207.75,198.75,204.3,2589861
GILLANDERS,20210629,49,51.25,46.5,48.65,129146
GILLETTE,20210629,5751,5758,5690,5703.6,2471
GINNIFILA,20210629,35.45,35.9,33.35,33.7,303483
GIPCL,20210629,82.95,83.55,82.15,82.35,198101
GKWLIMITED,20210629,562.95,570.3,561.6,563.9,1003
GLAND,20210629,3252.5,3477,3225,3398.1,893668
GLAXO,20210629,1529,1536.05,1510.35,1516.15,28228
GLENMARK,20210629,666.95,671.3,653,655.2,1433644
GLFL,20210629,2.5,2.65,2.5,2.65,33031
GLOBAL,20210629,49.85,51.85,49.15,50,6907
GLOBALVECT,20210629,50.35,50.95,48.05,49,21711
GLOBE,20210629,125.75,125.75,125.75,125.75,47218
GLOBUSSPR,20210629,645,645.85,631,645.85,90638
GMBREW,20210629,582.9,593,575,583.95,35448
GMDCLTD,20210629,76.55,76.75,70.65,71.85,3101199
GMMPFAUDLR,20210629,4615.1,4639.65,4565,4577,18100
GMRINFRA,20210629,31.25,31.65,30.5,30.7,52048148
GNA,20210629,438.25,442.9,431.8,434.35,38672
GNFC,20210629,366,378.65,365,373.65,976814
GOACARBON,20210629,408.4,409.9,395,396.5,11688
GOCLCORP,20210629,281,281,266.1,270.25,67862
GODFRYPHLP,20210629,1008,1026.75,1003,1006.85,157358
GODHA,20210629,38.5,38.5,38.5,38.5,19000
GODREJAGRO,20210629,612,648.85,609,638.4,1855259
GODREJCP,20210629,873.8,908,873.05,877.8,4206824
GODREJIND,20210629,583,597,571.2,583.6,819141
GODREJPROP,20210629,1409.05,1413.65,1393.95,1406.05,304321
GOKEX,20210629,143,149.95,142.5,143.15,340833
GOKUL,20210629,30.6,30.6,29.9,30.15,68615
GOKULAGRO,20210629,41.75,41.75,40.2,40.65,187356
GOLDBEES,20210629,40.82,40.88,40.62,40.73,2013217
GOLDENTOBC,20210629,50.45,60.2,48.75,57.85,195165
GOLDIAM,20210629,467.5,470,443,451.05,83492
GOLDSHARE,20210629,41.45,41.45,40.85,40.9,108562
GOLDTECH,20210629,12.4,12.45,11.85,12.2,39322
GOODLUCK,20210629,112.15,116.5,109.55,112.4,423963
GOODYEAR,20210629,1087,1113.95,1081.35,1105.05,146520
GPIL,20210629,1290,1329.45,1281,1321.65,25088
GPPL,20210629,113.5,118.8,113.25,115,3099130
GPTINFRA,20210629,79.4,84.7,79,80.05,158983
GRANULES,20210629,317.55,326.8,316.55,324.8,3911171
GRAPHITE,20210629,626,648,619,631.5,1287880
GRASIM,20210629,1517,1523.25,1499,1503.3,734358
GRAVITA,20210629,130.2,133.5,129.2,129.75,575991
GREAVESCOT,20210629,167.75,168.7,160.8,161.75,3211192
GREENLAM,20210629,1251.6,1280,1213.05,1251.05,6686
GREENPANEL,20210629,228.8,232,225,229.35,100618
GREENPLY,20210629,204.45,207.5,198.3,199.55,365374
GREENPOWER,20210629,3,3,2.95,2.95,3096931
GRINDWELL,20210629,1205,1254.6,1190.05,1242.2,215945
GROBTEA,20210629,1389,1410,1290,1347.7,5528
GRPLTD,20210629,990,1005.85,977.1,988.35,834
GRSE,20210629,206.8,212.95,202.85,208.45,546875
GSCLCEMENT,20210629,46.6,46.8,44.45,44.95,496364
GSFC,20210629,111.6,115.6,111.5,113.55,1566847
GSPL,20210629,335.05,336.4,329.1,335.2,492726
GSS,20210629,66.9,66.9,65.4,66.05,100953
GTL,20210629,24.9,24.9,24.9,24.9,50961
GTLINFRA,20210629,1.85,1.85,1.85,1.85,2746679
GTNTEX,20210629,8.8,8.8,8.45,8.55,25654
GTPL,20210629,175.65,182.85,172.85,181.2,258496
GUFICBIO,20210629,185.9,186,181.05,183.3,203121
GUJALKALI,20210629,408.45,416,405.45,407.9,278767
GUJAPOLLO,20210629,238,257.3,223.55,225,362179
GUJGASLTD,20210629,675.8,682.9,658.1,662.45,2872417
GUJRAFFIA,20210629,65.4,68.65,62.25,68.65,19857
GULFOILLUB,20210629,696,714,684.05,690.3,249425
GULFPETRO,20210629,63.6,64,61.7,62.05,123363
GULPOLY,20210629,195.5,196.75,189.25,190.4,94742
HAL,20210629,1058,1067,1028,1036.3,348530
HAPPSTMNDS,20210629,952,957.6,941.55,948.75,1211253
HARRMALAYA,20210629,212.9,215.8,209.6,210.35,198298
HATHWAY,20210629,26.45,26.8,26.1,26.2,6961430
HATSUN,20210629,913.1,915.65,901.15,906.35,17296
HAVELLS,20210629,993.65,996.65,977,978.8,1104845
HAVISHA,20210629,2,2,2,2,45633
HBANKETF,20210629,351.16,352.5,349,349.93,1063
HBLPOWER,20210629,45.1,46.15,44.05,44.35,778174
HBSL,20210629,23.75,24,23.1,23.2,20473
HCC,20210629,12.25,12.8,12.1,12.8,4009610
HCG,20210629,225.1,226.3,220,221.6,155815
HCL-INSYS,20210629,16.55,16.55,16.55,16.55,310014
HCLTECH,20210629,986.95,993.9,980.5,983.6,1895170
HDFC,20210629,2510,2510,2476.9,2501.2,2671608
HDFCAMC,20210629,2943,2976.9,2930,2944,226803
HDFCBANK,20210629,1507,1508.2,1492.15,1502.05,5485846
HDFCLIFE,20210629,680.25,702.5,680.05,686.5,30820343
HDFCMFGETF,20210629,42,42,41.74,41.77,321181
HDFCNIFETF,20210629,168,168.3,167.2,167.72,10045
HDFCSENETF,20210629,569.99,569.99,562,563.18,865
HEG,20210629,2207.2,2240.45,2186,2191.85,100457
HEIDELBERG,20210629,252,253.8,250.5,251.5,148741
HEMIPROP,20210629,140,142,139.5,139.95,338071
HERANBA,20210629,690.6,697.35,689.35,691.8,77061
HERCULES,20210629,140.5,154.4,140.5,150.3,501801
HERITGFOOD,20210629,402.4,438.8,401,429.95,1303882
HEROMOTOCO,20210629,2943.65,2957.55,2915,2927.5,470337
HESTERBIO,20210629,2664,2664,2590,2600.25,8571
HEXATRADEX,20210629,122,123.7,113.15,114.7,35528
HFCL,20210629,66.95,68.8,66.3,67.2,15116250
HGINFRA,20210629,394,407.25,393,401.95,359308
HGS,20210629,2309,2399.9,2211,2391.9,25462
HIKAL,20210629,482.95,503.2,477,489.9,830803
HIL,20210629,4649,4695,4533.15,4596.6,8698
HILTON,20210629,12.4,12.4,11.55,11.85,13166
HIMATSEIDE,20210629,180.15,183.65,177.8,180,104949
HINDALCO,20210629,383.4,383.5,372.7,374.25,9106037
HINDCOMPOS,20210629,323.45,326.85,321,323.05,5156
HINDCOPPER,20210629,150,150.6,145.3,146.25,2537344
HINDMOTORS,20210629,8.8,9.25,8.7,9,677994
HINDNATGLS,20210629,47.85,49.85,46.8,49.85,89168
HINDOILEXP,20210629,119.5,122.5,118,118.2,678608
HINDPETRO,20210629,298,299.4,290.75,292.55,4292255
HINDUNILVR,20210629,2455,2497.5,2445,2492.55,1354397
HINDZINC,20210629,339.5,341,335.3,340.1,647407
HIRECT,20210629,158.3,162.7,153,154.1,27671
HISARMETAL,20210629,143.7,143.7,137.55,138,61324
HITECH,20210629,410.25,416.5,410.25,414.3,46548
HITECHCORP,20210629,234,243,226.3,240.55,31617
HITECHGEAR,20210629,250.2,274,250.2,259.5,90565
HLEGLAS,20210629,3425,3435.2,3333,3373.75,5750
HLVLTD,20210629,10.15,10.45,10.05,10.15,466032
HMVL,20210629,80,84,76.4,80.8,4127701
HNDFDS,20210629,2009.15,2027,1995,2005.05,4021
HNGSNGBEES,20210629,353,362.75,353,358.54,499
HOMEFIRST,20210629,527,532.25,525.5,530.65,26857
HONAUT,20210629,39989,40184.85,39350,40010.4,12793
HONDAPOWER,20210629,1227.9,1244.05,1194.7,1203.7,13606
HOTELRUGBY,20210629,2,2,2,2,679
HOVS,20210629,52.95,54,50.15,54,39789
HPL,20210629,65.2,67.95,65,67.95,1247496
HSCL,20210629,58.6,61,58.3,59.05,15367131
HSIL,20210629,242.35,247.4,240,242.1,155846
HTMEDIA,20210629,26.6,28.5,26.6,27.2,575309
HUBTOWN,20210629,27.65,27.65,26.6,26.8,37975
HUDCO,20210629,55.9,56.75,54.45,55.15,6705207
HUHTAMAKI,20210629,298.8,299.95,292.5,293.8,87586
IBMFNIFTY,20210629,156.2,157.97,156,156.73,537
IBREALEST,20210629,113.45,117.7,112.65,115.1,13220546
IBULHSGFIN,20210629,270,270.9,262,264,12229932
ICEMAKE,20210629,85.6,85.6,82.5,82.8,15212
ICICI500,20210629,224.98,224.98,222.5,223.08,115020
ICICIALPLV,20210629,163.98,163.98,157.3,157.37,1570
ICICIB22,20210629,40.25,40.25,39.62,39.73,193630
ICICIBANK,20210629,646.3,648.75,636.45,640.1,12225470
ICICIBANKN,20210629,353,353,348.33,348.85,2321
ICICIBANKP,20210629,184.1,184.1,180.2,181.04,11649
ICICIGI,20210629,1598,1608,1573,1581.9,575662
ICICIGOLD,20210629,38,41.98,38,41.7,103913
ICICILIQ,20210629,999.95,1000,999.95,1000,29087
ICICILOVOL,20210629,126.75,137.7,126.75,129.95,26259
ICICIM150,20210629,103.2,103.68,102.32,102.59,4093
ICICIMCAP,20210629,94.8,94.8,93.4,93.87,5934
ICICINF100,20210629,174.95,174.95,172.65,173.2,3966
ICICINIFTY,20210629,194.2,194.2,167.05,168.47,49172
ICICINV20,20210629,93.2,93.2,77.8,85.21,16401
ICICINXT50,20210629,43.1,43.1,38.9,39,67544
ICICIPHARM,20210629,86.81,87.6,86.8,87.54,11535
ICICIPRULI,20210629,619,619,611,614.7,1327365
ICICISENSX,20210629,576.99,576.99,569.55,570,378
ICICITECH,20210629,306.3,306.3,293.05,293.59,5839
ICIL,20210629,175.05,179.9,175.05,175.65,940920
ICRA,20210629,3250,3291,3225,3243.95,2340
IDBI,20210629,38.4,39.25,38.1,38.25,10856808
IDBIGOLD,20210629,4350,4350,4301,4311.25,79
IDEA,20210629,10.45,10.7,10,10.1,188762210
IDFC,20210629,55.95,56.25,54.75,55.15,3234606
IDFCFIRSTB,20210629,57.35,57.35,55.75,55.85,34793174
IDFNIFTYET,20210629,170.31,170.31,164.75,164.87,110
IEX,20210629,386.9,387.5,376.2,379.05,1110189
IFBAGRO,20210629,581.7,588.15,554.05,561.85,37943
IFBIND,20210629,1054.8,1071.15,1040,1044.4,34260
IFCI,20210629,14.1,14.45,13.8,14.05,10658313
IFGLEXPOR,20210629,382,386,377.9,380.7,47366
IGARASHI,20210629,498.9,525.55,493.2,502.4,474143
IGL,20210629,536.2,558,532.3,549.95,8682058
IGPL,20210629,618.3,627,610,619.9,71633
IIFL,20210629,240.95,249,239.7,242.3,55783
IIFLSEC,20210629,75,76.95,74,74.7,712362
IIFLWAM,20210629,1130,1141.15,1120.55,1129.7,33949
IITL,20210629,68.65,68.65,63.65,64.65,18225
IMAGICAA,20210629,8.6,8.75,8.1,8.3,125724
IMFA,20210629,589.75,599,579,590.6,107567
IMPAL,20210629,777.65,777.65,755,757.15,8618
INCREDIBLE,20210629,30.85,37,29.65,37,1255425
INDBANK,20210629,24.75,24.75,22.5,22.85,998066
INDHOTEL,20210629,147.5,147.55,142,142.45,3409231
INDIACEM,20210629,192.6,192.6,189.1,189.75,989279
INDIAGLYCO,20210629,607.9,649,605,641.2,2873245
INDIAMART,20210629,7040.55,7079,6980,6993.9,40890
INDIANB,20210629,142,148,141.25,144.8,20182494
INDIANCARD,20210629,158.35,161.35,156.8,157.2,3358
INDIANHUME,20210629,216.4,217,212.05,213.4,50206
INDIGO,20210629,1731.85,1752.95,1722,1729.25,354016
INDIGOPNTS,20210629,2560,2578.7,2531.75,2544.3,13253
INDLMETER,20210629,13.75,13.75,12.8,12.9,78559
INDNIPPON,20210629,368,376.2,365.3,373.2,52153
INDOCO,20210629,392.85,400.65,392.05,394.8,311925
INDORAMA,20210629,51.45,51.45,48.55,50.2,80128
INDOSTAR,20210629,355,365.4,349.05,353.95,72025
INDOTECH,20210629,220.85,220.85,220.85,220.85,24591
INDOTHAI,20210629,52.2,54.3,50.7,53.6,4838
INDOWIND,20210629,6.65,7.15,6.55,7.15,1183311
INDRAMEDCO,20210629,85,86.3,83.7,84.3,540633
INDSWFTLAB,20210629,102.25,111.7,102.25,106.7,254784
INDTERRAIN,20210629,43,43.5,41.25,41.9,394871
INDUSINDBK,20210629,1009,1022,1000,1018.15,4543628
INDUSTOWER,20210629,244.6,245.4,240.5,241.7,1874012
INEOSSTYRO,20210629,1480,1492,1450,1456.75,25114
INFIBEAM,20210629,52.7,53.85,51.95,52.25,5607212
INFOBEAN,20210629,367,428.4,365,401.25,750470
INFOMEDIA,20210629,3.95,4.05,3.95,4.05,1461
INFRABEES,20210629,455,457,448.86,451.71,1930
INFY,20210629,1561,1573.65,1559.2,1563.05,5913567
INGERRAND,20210629,991.65,1019,980.05,1008.15,66106
INOXLEISUR,20210629,311.25,311.25,305.65,308.8,250893
INOXWIND,20210629,83.4,85,81.55,82.25,154124
INSECTICID,20210629,733.9,750,723.15,732.9,38130
INSPIRISYS,20210629,55.65,55.95,53.5,54.65,10770
INTELLECT,20210629,722.4,727.6,710.2,714.7,296504
INTENTECH,20210629,71,72.8,70.05,70.35,36279
INVENTURE,20210629,4.35,4.4,3.85,4.05,10499788
IOB,20210629,26.55,26.7,25.55,25.8,25572725
IOC,20210629,110.85,111.9,107.8,108.15,15190047
IOLCP,20210629,619.4,626.25,610,612.4,250744
IPCALAB,20210629,2014.95,2040,1995.05,2022.15,132242
IRB,20210629,158,162.9,154.55,156.35,4118671
IRCON,20210629,48.95,48.95,47.65,47.9,2788226
IRCTC,20210629,2092,2126.9,2065.05,2081.85,1673477
IRFC,20210629,24.9,26.45,24.7,25.3,100006129
IRISDOREME,20210629,118.55,123.85,117.75,121.35,7915
ISEC,20210629,634,652.75,627.25,636.2,609343
ISFT,20210629,102,104.25,99.3,104.25,198262
ISGEC,20210629,735,777,693,704.6,1451347
ISMTLTD,20210629,25.55,25.55,25.55,25.55,177046
ITC,20210629,203.6,205.3,203.15,203.3,13326068
ITDC,20210629,410,418.55,400.1,404.6,389028
ITDCEM,20210629,82.95,84.8,82.95,83.7,360631
ITI,20210629,128,129.45,127.35,127.95,367242
IVC,20210629,6.05,6.15,5.75,5.9,277550
IVP,20210629,134,134.95,126.65,128.75,987
IVZINGOLD,20210629,4248.45,4250.45,4222.1,4248.9,52
IVZINNIFTY,20210629,1718.55,1718.55,1709,1709,3
IWEL,20210629,410.55,410.55,410.55,410.55,3894
IZMO,20210629,83.05,83.15,80,82.15,54851
J&KBANK,20210629,41.25,41.6,40.05,40.15,5664273
JAGRAN,20210629,63.9,65.2,62.7,63.35,571852
JAGSNPHARM,20210629,162.4,163.5,153.1,153.85,187875
JAIBALAJI,20210629,54.85,56.45,52.2,52.55,114878
JAICORPLTD,20210629,159.2,162,155.35,157.5,2164043
JAMNAAUTO,20210629,82.5,83.15,80.45,81.95,430716
JASH,20210629,607.9,628,570,572.7,178132
JAYAGROGN,20210629,227.2,229.15,215,218.4,82493
JAYBARMARU,20210629,216.5,217.85,211.1,211.85,61415
JAYNECOIND,20210629,19.75,20.2,19.15,19.95,94985
JAYSREETEA,20210629,103.9,107.25,102.5,104.85,372776
JBCHEPHARM,20210629,1649,1650,1618.2,1630.8,95789
JBFIND,20210629,39.55,39.55,37,39.55,1351420
JBMA,20210629,449,452,434.7,437.15,36707
JCHAC,20210629,2248.9,2267,2228,2232.95,12321
JHS,20210629,22.9,22.9,22.25,22.45,60087
JINDALPHOT,20210629,68.4,68.4,66,66.5,2207
JINDALPOLY,20210629,862.2,867,848,853.2,73411
JINDALSAW,20210629,113.75,117.2,112,115.9,6455071
JINDALSTEL,20210629,408.2,410.7,397.2,398.95,7162050
JINDRILL,20210629,131,132.45,124.2,126.45,48516
JINDWORLD,20210629,63.85,64.35,62.4,62.8,210756
JISLDVREQS,20210629,17.45,17.45,16.45,17.15,14096
JISLJALEQS,20210629,25.3,26.75,25.3,25.9,5223586
JITFINFRA,20210629,16.7,17.15,16.45,17.15,26882
JIYAECO,20210629,6.3,6.3,5.9,6,26580
JKCEMENT,20210629,2882,2882,2831.4,2853.3,19785
JKIL,20210629,187.3,187.9,183.1,184,75519
JKLAKSHMI,20210629,580,580,567.5,574,161081
JKPAPER,20210629,196.8,197.65,192.1,192.95,1210052
JKTYRE,20210629,140,141.5,137.8,138.55,1114785
JMA,20210629,52.8,53.5,51.5,53.2,106209
JMCPROJECT,20210629,115.2,122.3,114.4,120.75,543339
JMFINANCIL,20210629,91.55,92.35,88.9,89.35,832208
JMTAUTOLTD,20210629,2.95,3.05,2.95,3.05,1104225
JOCIL,20210629,193.9,193.9,189.6,190.9,11552
JPASSOCIAT,20210629,13.25,13.25,12.65,12.9,6120653
JPINFRATEC,20210629,2.75,2.75,2.75,2.75,853673
JPPOWER,20210629,5.4,5.55,5.35,5.55,58357837
JSL,20210629,106.9,109.8,106.05,107.4,1965974
JSLHISAR,20210629,208.8,209.5,201.8,208.1,731010
JSWENERGY,20210629,153,165,148.25,162.65,6190571
JSWHL,20210629,4789.75,4880.85,4676,4755.3,1035
JSWISPL,20210629,38.75,39.2,37.25,37.45,6753581
JSWSTEEL,20210629,695,696.5,683.6,685.9,4377422
JTEKTINDIA,20210629,107,110.4,107,108.55,311746
JUBLFOOD,20210629,3118,3157.65,3096.35,3108.7,384725
JUBLINDS,20210629,306,337.45,306,330.85,268292
JUBLINGREA,20210629,539.95,545,524.9,530.7,339594
JUBLPHARMA,20210629,742.6,744,732.6,734.3,122178
JUMPNET,20210629,9.25,10.15,9.25,10.15,4994907
JUNIORBEES,20210629,408.25,408.3,401.15,405.16,59857
JUSTDIAL,20210629,979.8,999,966.8,975.55,1799520
JYOTHYLAB,20210629,155,155.9,151.75,152.3,498660
KABRAEXTRU,20210629,197.25,204.8,192.75,194.6,387638
KAJARIACER,20210629,996.7,997.85,970,979.9,167998
KAKATCEM,20210629,277.35,286,270,272.5,73680
KALPATPOWR,20210629,421,424.95,411.05,413.9,236373
KALYANIFRG,20210629,206.35,214,202.5,208,1094
KALYANKJIL,20210629,78.05,79.1,77.2,77.45,928364
KAMATHOTEL,20210629,48,49.15,46.5,47.05,27747
KAMDHENU,20210629,160.65,163.55,156.75,159.45,83091
KANANIIND,20210629,11.15,11.2,11,11.2,17048
KANORICHEM,20210629,146.65,147.9,143.2,144.6,26482
KANPRPLA,20210629,237,237.5,222,226.1,47819
KANSAINER,20210629,591,595,581.1,584.3,51547
KAPSTON,20210629,89.6,90.45,86.25,90.3,717
KARDA,20210629,171,174.5,170.45,173.85,687709
KARMAENG,20210629,18.2,18.75,17.1,18.75,2964
KARURVYSYA,20210629,52.9,53.1,52,52.1,1033661
KAUSHALYA,20210629,1.95,2.05,1.95,1.95,3817
KAYA,20210629,323,325.75,319.25,321.85,12891
KCP,20210629,142,157.4,141.5,148.55,5476733
KCPSUGIND,20210629,27.8,27.8,27.8,27.8,494510
KDDL,20210629,340.05,349.85,340,340.95,731
KEC,20210629,454.25,457.65,442,449.1,391442
KECL,20210629,19.5,19.85,18.7,19.4,80153
KEERTI,20210629,22.25,22.25,21.15,21.65,22086
KEI,20210629,694.9,719.8,692,696.15,842224
KELLTONTEC,20210629,69,69.4,66.8,68,1044071
KENNAMET,20210629,1244.95,1244.95,1188,1222.2,2007
KERNEX,20210629,70.6,76.7,70.6,76.35,33660
KESORAMIND,20210629,91.7,96.75,91,93.85,3983249
KEYFINSERV,20210629,72.75,75.9,70.5,71.35,10865
KHADIM,20210629,304,321.05,298,314.7,496934
KHAICHEM,20210629,50.5,51.85,50.15,51.35,267703
KHANDSE,20210629,16.95,16.95,15.75,16,7316
KICL,20210629,2081.05,2081.05,2036.6,2055,1030
KILITCH,20210629,164,164,161,161.75,33460
KIMS,20210629,996.45,1013,965,968.9,1718095
KINGFA,20210629,1027,1027,976.25,997.1,3192
KIOCL,20210629,281.25,284.8,268.2,271.3,129232
KIRIINDUS,20210629,625.5,654.9,612,614.95,1294791
KIRLFER,20210629,254,288.8,251.6,281.45,2017143
KIRLOSBROS,20210629,407,420,402.3,412.25,21381
KIRLOSENG,20210629,237.6,241.75,235,237.7,148679
KIRLOSIND,20210629,1750,1789.95,1686.1,1753.75,7554
KITEX,20210629,122.35,125.35,122.35,124.1,244909
KKCL,20210629,890.05,904.1,888.95,893.35,2264
KMSUGAR,20210629,34.25,34.25,33.3,34.05,810224
KNRCON,20210629,220,228.25,220,226.15,771150
KOKUYOCMLN,20210629,65.6,68.35,65.55,66.75,412640
KOLTEPATIL,20210629,224,224.45,219.35,220.15,148753
KOPRAN,20210629,213,220.85,213,220.85,339246
KOTAKBANK,20210629,1737.8,1738,1702,1705.85,10394662
KOTAKBKETF,20210629,355,355.85,352.65,353.81,85246
KOTAKGOLD,20210629,411,412.65,409,409.35,19021
KOTAKIT,20210629,29.19,29.58,28.83,29.33,8645
KOTAKNIFTY,20210629,165.08,166.21,165,165.22,14677
KOTAKNV20,20210629,88.29,88.29,86.7,87.06,7133
KOTAKPSUBK,20210629,250,252,248.05,249.41,37618
KOTARISUG,20210629,42.2,43.8,41.6,42.25,1109299
KOTHARIPET,20210629,41.05,41.8,40.1,40.4,91965
KOTHARIPRO,20210629,88,90.9,85.7,88.95,41743
KPITTECH,20210629,247.45,248,244,245.45,327012
KPRMILL,20210629,1544,1559.5,1520,1529.9,19311
KRBL,20210629,256.5,259.7,246.55,247.85,1597102
KREBSBIO,20210629,118.9,120.2,117.3,118.5,12238
KRIDHANINF,20210629,7.15,7.2,6.6,6.8,280538
KRISHANA,20210629,107.2,111.85,106.35,107.4,9337
KSB,20210629,939,1011,934.2,999.7,613693
KSCL,20210629,704,732.8,702.25,721.3,370399
KSL,20210629,405,406.1,388,390.15,96697
KTKBANK,20210629,63.1,63.25,62.5,62.6,577029
KUANTUM,20210629,72.05,72.5,71.5,71.55,41512
L&TFH,20210629,95.2,95.65,93.4,93.7,6654807
LALPATHLAB,20210629,3150,3213.9,3146.95,3184.25,292037
LAMBODHARA,20210629,97,102.8,96.1,96.95,191796
LAOPALA,20210629,264.2,267.9,262.15,263.2,51107
LASA,20210629,82.75,83.7,81.3,81.7,106303
LAURUSLABS,20210629,684,697.8,678,679.35,5580397
LAXMIMACH,20210629,6623.4,6725,6455.2,6529.5,22171
LCCINFOTEC,20210629,1.9,1.9,1.9,1.9,102792
LEMONTREE,20210629,43.45,43.75,42.4,42.6,5947588
LFIC,20210629,81.2,82,79.05,79.2,3581
LGBBROSLTD,20210629,449.25,469.7,449.25,457.05,182302
LGBFORGE,20210629,8.25,8.25,8.25,8.25,184109
LIBAS,20210629,63.6,63.75,62,62.65,241839
LIBERTSHOE,20210629,159,165.4,158.15,161,414957
LICHSGFIN,20210629,468.2,478,467.55,473.25,3894114
LICNETFGSC,20210629,22.12,22.12,21.98,22.02,2162
LICNETFN50,20210629,201.96,201.96,201.96,201.96,154
LICNETFSEN,20210629,564.4,564.4,558.95,558.97,105
LICNFNHGP,20210629,167.5,167.5,161.95,164.02,1485
LIKHITHA,20210629,404.25,410,403,405,55792
LINCOLN,20210629,316.6,350.25,316.6,341.3,2131457
LINCPEN,20210629,193,198.5,193,194,3730
LINDEINDIA,20210629,1650.9,1660,1620.1,1628.95,65384
LIQUIDBEES,20210629,999,1000.87,999,999.99,995551
LIQUIDETF,20210629,1000.04,1000.04,999.99,1000,23686
LODHA,20210629,688,689.5,673,675.65,144194
LOKESHMACH,20210629,45,45.45,43.5,43.7,15960
LOTUSEYE,20210629,54.9,57.55,52.25,53.55,85175
LOVABLE,20210629,118.7,123.9,115,118.6,22920
LPDC,20210629,6.05,6.05,6.05,6.05,23843
LSIL,20210629,3.35,3.35,3.35,3.35,901090
LT,20210629,1513,1529.8,1503.9,1510.9,2174022
LTI,20210629,4124.95,4152,4087.65,4134.15,226795
LTTS,20210629,2887.8,2923.05,2860.35,2892.75,129858
LUMAXIND,20210629,1543.7,1561.45,1530.3,1538.65,2364
LUMAXTECH,20210629,155,157.2,154.3,155.45,190069
LUPIN,20210629,1156.05,1174.25,1155.35,1161.2,833000
LUXIND,20210629,3610,3648,3577.7,3597.85,33475
LXCHEM,20210629,222,223.4,220.55,221.25,599382
LYKALABS,20210629,61.2,61.65,57.5,60.6,141024
LYPSAGEMS,20210629,5.65,5.9,5.6,5.85,138627
M&M,20210629,789,792,779.4,781.6,3167773
M&MFIN,20210629,158.05,159.9,156.8,157.65,2760577
MAANALU,20210629,329.9,335,322.35,326.1,25383
MACPOWER,20210629,151.45,156.1,151.25,156.1,44643
MADHAV,20210629,55.5,56.7,51.95,54.85,22719
MADHUCON,20210629,6.55,6.55,6.2,6.45,74677
MADRASFERT,20210629,33.1,33.8,32.7,32.95,481506
MAESGETF,20210629,26.98,27.03,26.82,26.87,9717
MAFANG,20210629,54.1,54.95,54.1,54.68,639196
MAGADSUGAR,20210629,319.9,319.9,319.9,319.9,10514
MAGMA,20210629,150,150,147,149,138504
MAGNUM,20210629,9.2,9.2,9.2,9.2,56240
MAHABANK,20210629,25.65,25.75,25.25,25.35,2911921
MAHAPEXLTD,20210629,89.15,95.55,89.15,94.6,13910
MAHASTEEL,20210629,98.1,98.1,93.65,95.25,35273
MAHEPC,20210629,153,159.7,152.85,156.2,151968
MAHESHWARI,20210629,108,108,104,105.15,20664
MAHINDCIE,20210629,231,247,227.55,230.45,3058104
MAHLIFE,20210629,593,595,584.6,590.55,19381
MAHLOG,20210629,567.05,577,554.3,557.65,99941
MAHSCOOTER,20210629,3777,3799,3720,3737.1,2735
MAHSEAMLES,20210629,308.5,309.7,301,301.85,88475
MAITHANALL,20210629,1029,1029,976,1018,113795
MAJESCO,20210629,92.75,96.2,92.75,94,370511
MALUPAPER,20210629,34.3,34.3,32.2,32.4,61561
MAN50ETF,20210629,162.37,162.7,161.45,161.6,962
MANAKALUCO,20210629,17.45,17.65,16.85,17.5,72347
MANAKCOAT,20210629,15.5,15.6,14.65,15.5,506965
MANAKSIA,20210629,65.55,67,64.4,65.45,187968
MANAKSTEEL,20210629,24.8,24.9,24.6,24.8,73092
MANALIPETC,20210629,83.45,84.3,81.15,82.45,721555
MANAPPURAM,20210629,164.35,166.3,162.15,162.75,3357493
MANGALAM,20210629,138.9,154,138.45,145.95,570782
MANGCHEFER,20210629,85,86.7,84,84.3,234002
MANGLMCEM,20210629,326.85,326.85,321.05,322.7,34325
MANGTIMBER,20210629,11.95,12,11.95,12,590
MANINDS,20210629,107.35,109.5,106.35,107.8,184019
MANINFRA,20210629,59,59.35,57.6,57.8,333806
MANUGRAPH,20210629,15.2,15.2,14.4,14.5,6868
MANXT50,20210629,387.2,388.71,384.08,384.91,3390
MARALOVER,20210629,47.75,48.15,47.25,47.45,29037
MARATHON,20210629,69,70.1,66.5,67.1,107109
MARICO,20210629,511,543.45,511,537.7,8975819
MARINE,20210629,67,68,64.25,64.55,1285289
MARKSANS,20210629,87.8,89.35,86.7,87.15,4471466
MARUTI,20210629,7596,7601,7452.55,7487.5,480219
MASFIN,20210629,883,884.95,857.55,861.75,15852
MASKINVEST,20210629,42.45,42.8,42.45,42.8,843
MASTEK,20210629,2325,2344,2284.05,2312.15,111095
MATRIMONY,20210629,961.2,995,960,979.2,18042
MAWANASUG,20210629,72.3,72.3,72.3,72.3,21529
MAXHEALTH,20210629,256.8,257.5,252.75,253.6,493687
MAXIND,20210629,70.7,71,69.85,70.25,288095
MAXVIL,20210629,73.9,74.75,72.5,74.25,245376
MAYURUNIQ,20210629,517.7,529.2,507.25,513.7,263457
MAZDA,20210629,620,620,595,599.3,27302
MAZDOCK,20210629,253.75,254,247.5,248.55,482481
MBAPL,20210629,115,124,114.1,117.4,9433
MBECL,20210629,8.9,8.95,8.6,8.65,23625
MBLINFRA,20210629,23.75,26.1,23.75,23.75,696296
MCDHOLDING,20210629,60.5,62.5,60.5,61.75,27092
MCDOWELL-N,20210629,671.6,677.6,664,667.55,988787
MCL,20210629,84.8,85.95,81.4,83.65,16839
MCLEODRUSS,20210629,36.35,36.35,36.35,36.35,600894
MCX,20210629,1511.65,1526,1498.05,1507.9,82687
MEGASOFT,20210629,13.8,13.8,13.15,13.15,151074
MENONBE,20210629,71.9,71.9,69.6,71,37017
MEP,20210629,25.2,25.75,24.6,24.7,292598
MERCATOR,20210629,1.9,1.95,1.85,1.95,2977034
METROPOLIS,20210629,2840,2873.25,2765.05,2790.55,100323
MFSL,20210629,1073,1097.55,1070,1079.5,979696
MGEL,20210629,48.9,49.2,48.05,48.55,124120
MGL,20210629,1159.7,1171,1146,1159.6,664622
MHRIL,20210629,259.8,264,253,253.75,616485
MIDHANI,20210629,208.15,209.4,204,204.35,410807
MINDACORP,20210629,129.75,131.4,129.2,129.7,204729
MINDAIND,20210629,658.1,659.85,645.75,648.3,111492
MINDTECK,20210629,70.7,70.7,67.5,67.95,32285
MINDTREE,20210629,2550,2589.35,2543.1,2581.8,463308
MIRCELECTR,20210629,16.75,17.6,16.7,17.6,854877
MIRZAINT,20210629,56.1,57.75,55.35,55.9,1311098
MITTAL,20210629,12.15,12.15,11.8,11.9,45870
MMFL,20210629,692,692.95,673.1,673.9,12107
MMP,20210629,103.95,106.15,101.45,102.8,61924
MMTC,20210629,54.5,55.3,54.4,54.65,2839214
MODIRUBBER,20210629,73.15,74.5,71.25,73.85,3237
MODISNME,20210629,77.45,77.9,75.15,76.6,79921
MOGSEC,20210629,48.15,48.25,48.1,48.1,3574
MOHITIND,20210629,16.5,16.5,16.3,16.5,17383
MOHOTAIND,20210629,7.8,7.85,7.55,7.65,35906
MOIL,20210629,194.3,198.8,193.9,195.5,984355
MOKSH,20210629,96.7,99,92.35,96.05,580877
MOLDTECH,20210629,67.5,69,64.5,66.6,159095
MOLDTKPAC,20210629,488.2,488.2,480.4,483.8,18277
MOM100,20210629,28.39,28.45,28.11,28.24,600104
MOM50,20210629,158.7,158.7,155.25,156.42,2454
MON100,20210629,106.8,107.4,105.59,106.47,774921
MONTECARLO,20210629,337.35,340.7,331.5,334.4,27592
MORARJEE,20210629,17.25,19,16.85,18.75,48736
MOREPENLAB,20210629,62.95,65.95,62.2,64.15,5437697
MOTHERSUMI,20210629,238,244.75,235.6,236.5,29197466
MOTILALOFS,20210629,790.9,812,777,780.55,392935
MOTOGENFIN,20210629,24.2,24.25,22.15,22.4,41562
MPHASIS,20210629,2054.95,2094,2030.6,2086.15,480765
MPSLTD,20210629,562.75,576.15,560.3,574.85,18261
MRF,20210629,80750,80750,79527.75,80222.25,14280
MRO-TEK,20210629,34.2,34.2,32,32.55,3161
MRPL,20210629,52,53.2,51.6,51.85,1655485
MSPL,20210629,11.55,11.55,10.9,11,296036
MSTCLTD,20210629,277.9,284,274.5,275.9,694838
MTARTECH,20210629,1019.95,1027,1002.35,1006.25,79670
MTEDUCARE,20210629,10,10.25,9.8,10.25,139481
MTNL,20210629,22.5,23,21.25,21.8,8124438
MUKANDLTD,20210629,129.95,129.95,126.5,129.95,379699
MUKTAARTS,20210629,37.35,39,37.05,37.2,19518
MUNJALAU,20210629,66,66.5,63.65,64,293056
MUNJALSHOW,20210629,150,152.8,150,150.4,55248
MURUDCERA,20210629,28.6,29.45,28.3,28.55,169149
MUTHOOTCAP,20210629,405.65,405.65,397.5,399.55,22225
MUTHOOTFIN,20210629,1496,1501,1463,1468.75,1035297
NACLIND,20210629,79.4,79.75,76.1,76.7,94535
NAGAFERT,20210629,12.15,12.15,12.15,12.15,377271
NAGREEKCAP,20210629,7.6,7.65,7.6,7.65,2584
NAGREEKEXP,20210629,30.15,31.05,30.1,30.45,13479
NAHARCAP,20210629,173.65,174,168.65,169.55,31685
NAHARINDUS,20210629,89.7,89.7,83.9,84.3,83814
NAHARPOLY,20210629,175.7,175.7,166.35,168.3,138316
NAHARSPING,20210629,232.9,233,225,230.45,77814
NAM-INDIA,20210629,370,372.3,362.55,366.9,1049386
NATCOPHARM,20210629,1093,1103,1083.3,1094.3,337712
NATHBIOGEN,20210629,382.6,397,382.6,392.15,44804
NATIONALUM,20210629,81.5,82.55,76.5,77.15,100454076
NAUKRI,20210629,4975,5007.85,4916.15,4952.85,222913
NAVINFLUOR,20210629,3625,3733.95,3625,3714.2,212049
NAVKARCORP,20210629,41.75,42.9,41.45,41.65,687364
NAVNETEDUL,20210629,94.3,95.1,92.4,92.9,172521
NAZARA,20210629,1558,1569.95,1533,1540.15,68654
NBCC,20210629,54.8,55.85,52.2,52.8,19657799
NBIFIN,20210629,2220,2272.4,2219.65,2228.6,2572
NBVENTURES,20210629,108.95,109.95,105.3,106.6,455963
NCC,20210629,86.85,86.95,84.5,85.6,2996465
NCLIND,20210629,218.9,220.45,212.5,213.45,284155
NCPSESDL24,20210629,104.89,104.95,104.87,104.9,202
NDGL,20210629,1840,1928,1755,1790.5,9417
NDL,20210629,47,47.5,45,47.4,22204
NDRAUTO,20210629,294.25,301.85,291,294.4,6837
NDTV,20210629,74.25,77.2,72.3,73.7,154790
NECCLTD,20210629,14.75,15,14.15,14.45,153212
NECLIFE,20210629,39.45,42,39.25,40.85,1747013
NELCAST,20210629,73.95,74.45,73,73.4,59227
NELCO,20210629,329,388,320.25,379.6,7335812
NEOGEN,20210629,847.95,859,839.85,844.65,38838
NESCO,20210629,615.2,623.7,602.1,606,69625
NESTLEIND,20210629,17590,17750,17489.65,17599.25,71096
NETF,20210629,195.91,195.91,195.91,195.91,444
NETFCONSUM,20210629,70,70.23,68.1,69.6,2246
NETFDIVOPP,20210629,39.7,40.29,39.12,39.98,2593
NETFGILT5Y,20210629,48.18,48.18,48.18,48.18,1
NETFIT,20210629,29.7,29.84,29.37,29.45,465144
NETFLTGILT,20210629,22.56,22.58,22.48,22.58,11845
NETFMID150,20210629,103.99,103.99,102.15,102.38,164089
NETFNIF100,20210629,167.99,168,162.56,165.48,331
NETFNV20,20210629,88,89.6,87.2,87.95,3225
NETFSDL26,20210629,104,104,103.62,103.66,106
NETWORK18,20210629,48.7,53,48.2,50.45,5694842
NEULANDLAB,20210629,1988.05,2081.45,1988.05,2081.45,27409
NEWGEN,20210629,588.45,634,581,617.25,1550299
NEXTMEDIA,20210629,6.3,6.4,6.05,6.05,6241
NFL,20210629,66.1,67.4,65.9,66.3,2100839
NH,20210629,485,499,473.25,482.15,560007
NHPC,20210629,26.7,26.95,25.05,25.75,28054648
NIACL,20210629,165.3,175.7,165.2,172.85,3641343
NIBL,20210629,21.95,22,21.5,21.7,13039
NIFTYBEES,20210629,184.43,184.43,166.66,169.33,1121228
NIITLTD,20210629,270.3,285.4,267.85,278.7,2735866
NILAINFRA,20210629,6.3,6.6,6.2,6.3,457121
NILASPACES,20210629,2.3,2.45,2.3,2.3,1893669
NILKAMAL,20210629,2251,2251,2178,2191.55,14871
NIPPOBATRY,20210629,948,1050,922,937.2,41113
NIRAJ,20210629,45.35,45.65,43.85,44.75,13451
NITCO,20210629,27.85,28.85,27.8,28.45,90394
NITINSPIN,20210629,141.4,144.2,138,142.25,408073
NITIRAJ,20210629,50,51,49.55,50.55,4392
NKIND,20210629,24.9,26.3,24.9,26.3,1635
NLCINDIA,20210629,63.9,64.2,60,60.65,6911860
NMDC,20210629,182.1,184.6,180.65,181.55,20225772
NOCIL,20210629,216,216.3,210.05,211.8,757482
NOIDATOLL,20210629,6.2,6.55,6.1,6.2,309850
NORBTEAEXP,20210629,6.55,6.55,6.3,6.3,815
NOVARTIND,20210629,874.95,894.9,861,868.45,40195
NPBET,20210629,186.21,192.5,183.99,184.89,705
NRAIL,20210629,233,233.3,226.6,228.55,37348
NRBBEARING,20210629,143,144.35,138.75,139.3,512664
NSIL,20210629,1719.45,1725,1685,1718.15,542
NTL,20210629,1.3,1.3,1.3,1.3,625
NTPC,20210629,116.25,118.55,115.4,117.6,33488455
NUCLEUS,20210629,592.9,617.95,589.7,607.7,295711
NURECA,20210629,1613.95,1715.1,1553.3,1584.05,100562
NXTDIGITAL,20210629,479.55,480,474,479.15,1999
OAL,20210629,771.6,784,762.05,766.4,11926
OBEROIRLTY,20210629,608,617.15,604.3,610.5,236596
OCCL,20210629,1060,1073.3,1027.75,1043.3,11587
OFSS,20210629,3605,3610.95,3562.5,3574.5,55797
OIL,20210629,162.5,163.9,151,154.35,4705925
OILCOUNTUB,20210629,8,8.2,7.85,8.2,46306
OLECTRA,20210629,213.15,217,208.35,209.25,595030
OMAXAUTO,20210629,63.9,67.7,63.9,65.85,878867
OMAXE,20210629,81.7,82.15,80,80.3,93630
OMINFRAL,20210629,28.8,29.25,28.15,28.7,165199
OMKARCHEM,20210629,9.95,9.95,9.05,9.2,21145
ONEPOINT,20210629,29.85,29.85,29.85,29.85,9153
ONGC,20210629,121.8,122.45,119.1,119.4,20857415
ONMOBILE,20210629,110.6,114.7,110.3,111.45,424075
ONWARDTEC,20210629,201,202.5,196.5,201.35,20941
OPTIEMUS,20210629,159.9,159.9,154.05,155.4,29152
OPTOCIRCUI,20210629,5,5.1,4.9,5.1,376573
ORBTEXP,20210629,67,67,65.5,66.2,33269
ORCHPHARMA,20210629,961.75,961.75,961.75,961.75,1325
ORICONENT,20210629,26.65,27.15,26.25,26.5,127792
ORIENTABRA,20210629,33.1,33.65,31.6,32.3,286241
ORIENTALTL,20210629,12,13.2,11.25,12.45,1393336
ORIENTBELL,20210629,324.15,327.65,310.55,312.75,32255
ORIENTCEM,20210629,137.05,139,135.05,136,411271
ORIENTELEC,20210629,309.95,312,304.05,306.9,546482
ORIENTHOT,20210629,39.2,39.5,38.2,38.55,134876
ORIENTLTD,20210629,81.85,82,80,80.55,10293
ORIENTPPR,20210629,28.5,29.8,27.9,28.95,3128699
ORIENTREF,20210629,329.8,332.2,321.1,323.85,192363
ORISSAMINE,20210629,3499.7,3508,3379.7,3395.95,13828
ORTINLAB,20210629,36.2,38,35.75,38,397350
OSWALAGRO,20210629,14.8,14.8,13.85,14.05,164350
PAGEIND,20210629,29601.1,30036.45,29512.65,29640.85,18379
PAISALO,20210629,617,617,603,607.2,14824
PALASHSECU,20210629,86.95,89.7,86.95,89.7,7624
PALREDTEC,20210629,123.1,134.9,121.95,123.6,158177
PANACEABIO,20210629,379.9,384.25,373.3,374.4,96846
PANACHE,20210629,60.9,61.35,59.65,60.1,29507
PANAMAPET,20210629,245.75,245.8,234,235.4,137483
PARACABLES,20210629,14.6,16.7,14.6,16,4417827
PARAGMILK,20210629,138.6,140.4,137.5,137.95,547908
PARSVNATH,20210629,16,16,15,15,1449947
PATELENG,20210629,19,19.8,18.85,18.95,2115315
PATINTLOG,20210629,25.8,26.5,25.5,25.95,79946
PATSPINLTD,20210629,7.5,7.9,7.4,7.6,24464
PBAINFRA,20210629,19,19,19,19,15682
PCJEWELLER,20210629,27.25,27.75,26.85,26.95,1312181
PDMJEPAPER,20210629,39.9,40.7,38.7,39,298530
PDSMFL,20210629,1023.95,1030.05,985.1,1015,2416
PEARLPOLY,20210629,16.9,17.35,16.6,16.95,13561
PEL,20210629,2433.95,2450,2402.65,2414.4,642993
PENIND,20210629,26.8,26.9,25.85,26.25,847669
PENINLAND,20210629,13,13,12.35,12.35,359382
PERSISTENT,20210629,2707.9,2849.95,2707.9,2812.5,306439
PETRONET,20210629,228.2,228.9,225,225.85,5161028
PFC,20210629,124.4,125.35,123.5,124.05,3821959
PFIZER,20210629,5585,5740,5585,5647.85,197253
PFOCUS,20210629,59.95,61.95,59,61.1,11135
PFS,20210629,19.65,19.85,19.15,19.3,842529
PGEL,20210629,449.9,449.9,425.1,427.65,30389
PGHH,20210629,13632,13700,13101.15,13168.5,9370
PGHL,20210629,5810.1,5835.85,5770,5778.6,22125
PGIL,20210629,210,217.7,209.65,213.3,6807
PHILIPCARB,20210629,227.5,229.9,226.1,227.95,520995
PHOENIXLTD,20210629,822.6,826,808,818.8,83673
PIDILITIND,20210629,2156,2185,2148.1,2161.75,352800
PIIND,20210629,2945,2959,2883.1,2902.65,193258
PILANIINVS,20210629,1990,1999.75,1960,1987.6,5323
PILITA,20210629,8.9,8.9,7.5,8.05,10443718
PIONDIST,20210629,134.8,136.45,133,133.45,17587
PIONEEREMB,20210629,55,55.45,54.5,54.75,103917
PITTIENG,20210629,125.55,131.85,125.55,127.4,313593
PKTEA,20210629,315,347.4,315,347,5175
PLASTIBLEN,20210629,264.5,269.9,256.55,259.65,51746
PNB,20210629,43.45,43.9,42.9,43,137925510
PNBGILTS,20210629,72.7,74,72.35,73,425346
PNBHOUSING,20210629,711.15,711.15,675.6,677.1,125675
PNC,20210629,40.55,42.95,40.5,42.75,42414
PNCINFRA,20210629,247.45,264.4,246.7,260.15,3070910
PODDARHOUS,20210629,176.15,186.15,175,179.05,15368
PODDARMENT,20210629,272.8,274.95,260.1,263.05,55058
POKARNA,20210629,331,343.3,331,336.25,203155
POLYCAB,20210629,1957,1981,1940,1947.6,110313
POLYMED,20210629,1009.95,1020,985.7,1004.35,352056
POLYPLEX,20210629,1331.95,1340.05,1314,1321.8,44606
PONNIERODE,20210629,337,350.55,332.45,350.55,366672
POWERGRID,20210629,232.6,237.9,231.65,236,34362892
POWERINDIA,20210629,1839,1839,1802,1805.9,7422
POWERMECH,20210629,716,756.95,714.5,736.4,352883
PPAP,20210629,223,231.8,223,228.05,53775
PPL,20210629,184,187.8,180.05,184.65,154155
PRAENG,20210629,11.8,11.8,11.25,11.35,111004
PRAJIND,20210629,378,385,364,366.9,675705
PRAKASH,20210629,77.75,78.15,75.3,76.1,1169665
PRAKASHSTL,20210629,1.35,1.35,1.35,1.35,192928
PRAXIS,20210629,46.8,47.35,45.4,47.35,36161
PRECAM,20210629,78.55,79.95,76.4,77.4,169264
PRECOT,20210629,229,230.15,216.45,223.8,14544
PRECWIRE,20210629,227.55,239.4,226.15,233.05,81184
PREMEXPLN,20210629,159.7,160.9,152.5,158.2,181259
PREMIER,20210629,3.75,3.8,3.55,3.7,16239
PREMIERPOL,20210629,55.1,57.05,53.9,54.7,51611
PRESSMN,20210629,29.35,30,28.3,28.75,229646
PRESTIGE,20210629,290,296.2,287.5,291.15,669686
PRICOLLTD,20210629,95,100.85,94.35,98.7,3130699
PRIMESECU,20210629,61.8,61.8,57.95,60.45,119269
PRINCEPIPE,20210629,698,719,698,703.1,542384
PRIVISCL,20210629,1087,1120,1087,1105.55,25022
PROINDIA,20210629,4.7,4.7,4.7,4.7,159
PROZONINTU,20210629,29.25,32.25,29.25,32.25,1496777
PRSMJOHNSN,20210629,131,131.9,130,130.3,105554
PSB,20210629,21.65,21.75,21.05,21.1,1077467
PSPPROJECT,20210629,417.85,420.6,412.2,414.7,76148
PSUBNKBEES,20210629,28.4,28.4,27.58,27.68,1735487
PTC,20210629,103.45,104.9,103,103.65,800237
PTL,20210629,54.9,54.9,54.2,54.5,388653
PUNJABCHEM,20210629,1309,1309,1255,1262.8,16570
PURVA,20210629,87.05,89,85.5,85.75,170822
PVR,20210629,1374,1377,1345.55,1353.85,346141
QGOLDHALF,20210629,2029,2029,2023,2024,372
QNIFTY,20210629,1638.95,1638.95,1634,1634,6
QUESS,20210629,845.65,846,822,825.95,186668
QUICKHEAL,20210629,272.4,278,268.15,269.85,408158
RADAAN,20210629,1.55,1.55,1.55,1.55,2915
RADICO,20210629,778,781.35,762.1,766,346928
RADIOCITY,20210629,26.7,26.75,26.25,26.3,517238
RAILTEL,20210629,144.5,145.7,142,142.45,957141
RAIN,20210629,192.9,196.5,191.5,192.8,2522604
RAJESHEXPO,20210629,575.65,579.1,568,571.05,211544
RAJMET,20210629,141,143.5,136.1,142.3,2832
RAJRATAN,20210629,1329.9,1329.9,1265,1297.6,23517
RAJSREESUG,20210629,29.8,30,29.8,30,89638
RAJTV,20210629,49.25,54.7,49.15,54.7,728730
RALLIS,20210629,328.5,328.75,323,325.25,257588
RAMANEWS,20210629,20.05,20.25,19.6,19.7,137186
RAMASTEEL,20210629,116,124.85,116,124.85,102907
RAMCOCEM,20210629,1037,1042,1028,1035.9,185312
RAMCOIND,20210629,281.9,284.5,277,277.85,111690
RAMCOSYS,20210629,605,629.9,605,615.3,425754
RAMKY,20210629,165.15,165.25,160.5,165.25,94391
RANASUG,20210629,28.7,28.7,28.7,28.7,415073
RANEENGINE,20210629,309.7,325,302.45,307.2,24137
RANEHOLDIN,20210629,638.6,667,632.55,657.1,68913
RATNAMANI,20210629,2044.8,2045.9,2017.4,2034.15,24077
RAYMOND,20210629,416,425,409.25,411.3,498482
RBL,20210629,898.15,939.1,892.2,930.5,21243
RBLBANK,20210629,215.5,216.1,210.7,211.85,5266622
RCF,20210629,81.15,83.6,81.05,82.2,4658348
RCOM,20210629,4.05,4.45,4.05,4.15,404889174
RECLTD,20210629,142.75,144.5,142.25,143,3458225
REDINGTON,20210629,265.7,268.45,261.15,262.85,336310
REFEX,20210629,160,169,160,162.05,528348
RELAXO,20210629,1178.3,1185,1145.1,1153.1,219128
RELCAPITAL,20210629,24.4,26.9,24.4,25.25,38604064
RELIANCE,20210629,2089.5,2109,2084.1,2087.8,12526981
RELIGARE,20210629,125.8,129.3,124.35,125.15,2046267
RELINFRA,20210629,90.5,91.7,89.9,91.7,950761
REMSONSIND,20210629,248.5,248.5,225,227.1,29308
RENUKA,20210629,37.5,37.5,37.5,37.5,998838
REPCOHOME,20210629,377.7,380,371,375,231995
REPL,20210629,255,257.7,246,247.5,30249
REPRO,20210629,365,368.55,360.1,365.1,6689
RESPONIND,20210629,145.65,147.45,145,145.4,12967
REVATHI,20210629,693.05,703.85,686.3,689.7,4054
RGL,20210629,565,580,555,567.2,38973
RHFL,20210629,5.5,6,5.5,6,5433526
RICOAUTO,20210629,46.2,47.15,45.7,46,546733
RIIL,20210629,798.7,813.7,790,793.6,404352
RITES,20210629,281,281,275.35,276.55,480834
RKDL,20210629,12.05,12.35,11.9,11.9,58838
RKEC,20210629,96,98,94,95.2,77699
RKFORGE,20210629,643,655.2,640,648.3,74803
RML,20210629,368.9,380.95,364.15,366.05,52665
ROHLTD,20210629,82.95,84.6,80.4,80.9,63558
ROLLT,20210629,3,3.1,2.85,2.95,284721
ROLTA,20210629,7.6,8.2,7.5,8.2,3106078
ROML,20210629,91.25,92.85,90.3,90.95,9418
ROSSARI,20210629,1213,1220.45,1194.2,1198.05,59843
ROSSELLIND,20210629,160,168.9,158.05,161.4,1036350
ROUTE,20210629,1687,1719,1681,1687.45,130224
RPGLIFE,20210629,446.05,457.8,445.3,447.85,20436
RPOWER,20210629,14.1,15,14.1,15,41572639
RPPINFRA,20210629,66.3,67.4,65.95,66.35,98527
RPSGVENT,20210629,539.95,588.8,536.95,573.85,346722
RSSOFTWARE,20210629,35.35,37.55,34.65,37.5,43097
RSWM,20210629,273,277.7,266.5,270.65,77019
RSYSTEMS,20210629,147.85,163.25,146.75,157.5,657685
RTNINDIA,20210629,42.2,42.2,42.2,42.2,200169
RTNPOWER,20210629,7.7,7.7,7.7,7.7,1625577
RUBYMILLS,20210629,237,241.1,230.9,236,19211
RUCHI,20210629,1191.4,1193.15,1181.05,1193.15,32905
RUCHINFRA,20210629,9.2,9.2,8.65,9.05,209416
RUCHIRA,20210629,91.85,92.8,88.8,89.4,82518
RUPA,20210629,483.75,484,478.1,481.5,109547
RUSHIL,20210629,258,260.85,246,260.85,534653
RVHL,20210629,21.1,21.1,20,20.15,37378
RVNL,20210629,32.75,33.5,32.55,32.85,10139559
S&SPOWER,20210629,23.45,23.5,22.5,23.15,977
SABEVENTS,20210629,2.5,2.5,2.5,2.5,2690
SADBHAV,20210629,79.45,93.3,78.55,89.45,9236039
SADBHIN,20210629,30.95,36.5,30.2,35.1,10728466
SAFARI,20210629,645.3,664,645.3,655.85,6193
SAGARDEEP,20210629,55.85,57.6,53.1,55.95,33386
SAGCEM,20210629,1147.7,1147.7,1100,1107.65,47528
SAIL,20210629,133.2,133.85,129.25,130.3,31437450
SAKAR,20210629,142.7,148,142.45,145.5,28777
SAKHTISUG,20210629,17.3,17.35,17.2,17.35,369653
SAKSOFT,20210629,534,540,524,526.3,78477
SAKUMA,20210629,10.3,11.25,10.3,11.25,1892185
SALASAR,20210629,703,714,697.95,700.9,82904
SALONA,20210629,146.35,147.8,136,141.35,6546
SALSTEEL,20210629,6.35,6.35,6.35,6.35,124693
SALZERELEC,20210629,158,162.45,158,161,149749
SAMBHAAV,20210629,3.55,3.7,3.55,3.65,62998
SANCO,20210629,10.7,10.95,10.4,10.6,16735
SANDESH,20210629,807.55,820,800.5,819.6,744
SANDHAR,20210629,246.85,246.85,241.45,245.45,16654
SANGAMIND,20210629,107.2,109.3,104.2,105.25,40980
SANGHIIND,20210629,55.4,55.4,54.05,54.15,340077
SANGHVIMOV,20210629,201.5,206.8,199.5,201.6,219438
SANGINITA,20210629,22.5,22.95,22.15,22.35,28905
SANOFI,20210629,7631,7660,7601,7619.65,17428
SARDAEN,20210629,654.9,659.95,641.05,648.15,17239
SAREGAMA,20210629,3080,3103.55,3014.95,3087.75,35089
SARLAPOLY,20210629,37.4,37.4,35.5,35.7,428364
SASKEN,20210629,1026.6,1035,1011,1022.6,17325
SASTASUNDR,20210629,299.95,302.4,290.05,302.4,266335
SATIA,20210629,92.45,94.55,89.2,91.15,478700
SATIN,20210629,90.6,90.65,87.45,87.75,210216
SBCL,20210629,140.8,140.8,125.55,130.2,134436
SBICARD,20210629,965,978,960.65,974.8,3329810
SBIETFIT,20210629,296.99,298.99,293,293.96,1546
SBIETFPB,20210629,185,185.25,183.1,184.35,904
SBIETFQLTY,20210629,138.24,138.7,137.54,138.48,4299
SBILIFE,20210629,1000.1,1017.3,995.25,999.4,2486963
SBIN,20210629,427.5,428.95,420.55,421.5,22275961
SCAPDVR,20210629,2.3,2.3,2.15,2.25,211320
SCHAEFFLER,20210629,5607.65,5690.1,5450,5550.3,9081
SCHAND,20210629,115.95,117.85,112.15,115.25,116282
SCHNEIDER,20210629,120.7,124.2,120.05,120.65,564582
SCI,20210629,113.7,113.75,111,111.35,2577567
SDBL,20210629,46.85,48.05,46.5,47.5,111042
SEAMECLTD,20210629,503.9,503.9,495.25,501.45,24606
SECURKLOUD,20210629,91.85,92.7,90.65,91.6,29800
SELAN,20210629,166,166,158.5,159.5,112000
SEPOWER,20210629,7.3,7.45,7.1,7.35,87150
SEQUENT,20210629,295.2,336.5,291.2,323.6,20717428
SESHAPAPER,20210629,185.45,192,183.75,186,103948
SETCO,20210629,23,23.85,22.8,23.5,612607
SETF10GILT,20210629,207,207,205.35,205.99,40
SETFGOLD,20210629,4198.5,4198.5,4166.45,4168.45,14496
SETFNIF50,20210629,160.72,160.93,159.91,160.2,290895
SETFNIFBK,20210629,351,352,348.99,349.93,43953
SETFNN50,20210629,436.9,436.9,398.11,402.76,6183
SETUINFRA,20210629,1.7,1.7,1.7,1.7,114056
SEYAIND,20210629,66.25,68.35,65.7,66.45,43165
SFL,20210629,2258.8,2268.9,2216.85,2244.1,10138
SGL,20210629,11.95,12.9,11.65,12.9,254488
SHAKTIPUMP,20210629,792.4,792.5,772,776.3,90751
SHALBY,20210629,173.5,176.35,169.3,170.4,361819
SHALPAINTS,20210629,109.8,112,105.25,105.85,281039
SHANKARA,20210629,437.9,443.85,433.9,440.4,96020
SHANTIGEAR,20210629,142.2,143.1,140.15,140.9,10248
SHARDACROP,20210629,344.15,346.4,341.75,343.1,91096
SHARDAMOTR,20210629,529,529,504.15,509.55,83093
SHAREINDIA,20210629,454,479.85,445.05,469.15,245913
SHARIABEES,20210629,411.02,411.33,407,408.66,354
SHEMAROO,20210629,118.3,124.2,116.65,124.15,82468
SHIL,20210629,329.9,333,320,323.7,23077
SHILPAMED,20210629,557.45,557.75,546.1,551,319757
SHIVAMAUTO,20210629,24.5,24.55,23.6,24.35,44154
SHIVAMILLS,20210629,84,84.05,79.6,83.35,84389
SHIVATEX,20210629,176.55,179.9,166.7,170.7,13431
SHK,20210629,177.45,178.8,170.15,171.3,425250
SHOPERSTOP,20210629,248.75,254.85,240.3,243.2,581482
SHRADHA,20210629,57.5,57.55,54.3,54.65,1394
SHREDIGCEM,20210629,83.05,83.5,81,81.95,311976
SHREECEM,20210629,28399.95,28467.7,28100.3,28134.45,25900
SHREEPUSHK,20210629,177.9,179.95,177,179.3,63522
SHREERAMA,20210629,12.55,12.75,11.85,12.1,403342
SHRENIK,20210629,2.1,2.15,2.05,2.1,582220
SHREYANIND,20210629,104.8,106,101.75,101.9,90145
SHREYAS,20210629,185.2,190,183.3,184.3,62099
SHRIPISTON,20210629,963,963,919,948.9,268
SHRIRAMCIT,20210629,1701.4,1718,1675,1678.45,27447
SHRIRAMEPC,20210629,5,5,4.85,4.95,977979
SHYAMCENT,20210629,10.15,10.25,9.65,10.05,342687
SHYAMMETL,20210629,378.15,382.95,362.2,364.3,2125937
SHYAMTEL,20210629,13.5,13.8,12.75,13.65,10331
SICAGEN,20210629,22.4,22.4,21.8,21.85,13205
SICAL,20210629,15.5,15.5,14.8,15,146198
SIEMENS,20210629,2015.8,2024.95,1981.1,1992.25,186875
SIGIND,20210629,49.5,53,48.9,52.05,172729
SIL,20210629,16.8,17.4,16.5,16.7,26062
SILGO,20210629,40.25,41,39.7,40,32810
SILINV,20210629,273,287,273,278.2,20010
SILLYMONKS,20210629,21.5,22,20.9,21.1,1879
SIMBHALS,20210629,30.95,30.95,30.9,30.95,247482
SIMPLEXINF,20210629,53.85,53.85,53.85,53.85,116604
SINTERCOM,20210629,79.35,79.7,77.5,77.55,130315
SINTEX,20210629,4.75,4.8,4.6,4.8,4177129
SIRCA,20210629,334.9,335.35,327.45,330.8,30529
SIS,20210629,431.5,431.95,424.5,427.3,71744
SITINET,20210629,1.5,1.5,1.5,1.5,968707
SIYSIL,20210629,317.95,321.95,312,313.85,40975
SJVN,20210629,29,29,27.05,27.4,5935706
SKFINDIA,20210629,2614.95,2614.95,2535,2548.9,40049
SKIL,20210629,3.75,3.95,3.75,3.75,141848
SKIPPER,20210629,90.8,92.9,87.05,87.85,785417
SKMEGGPROD,20210629,89.1,92.5,86.75,89.6,544900
SMARTLINK,20210629,110.45,110.75,106.2,107.45,69690
SMCGLOBAL,20210629,77.6,78.8,77,77.8,139467
SMLISUZU,20210629,470.6,474.7,462,463.15,18670
SMSLIFE,20210629,801,813.9,772.2,781.4,51909
SMSPHARMA,20210629,175,177,172.1,173,76080
SNOWMAN,20210629,53.75,54.5,53.1,53.35,1812347
SOBHA,20210629,473.5,484.5,473,479.1,246505
SOLARA,20210629,1715.75,1715.8,1672,1693.75,55103
SOLARINDS,20210629,1580.4,1597.9,1576.1,1588.2,15339
SOMANYCERA,20210629,620,620,590,610.2,68033
SOMATEX,20210629,7.65,7.65,7.05,7.05,21721
SOMICONVEY,20210629,58.9,60.7,58.05,60.7,48130
SONACOMS,20210629,345,352,340.85,349.1,2476272
SONATSOFTW,20210629,716.95,760,711.05,754.6,442250
SORILINFRA,20210629,150,152.05,147.05,147.85,30676
SOTL,20210629,1429.85,1485,1415.95,1428.85,216949
SOUTHBANK,20210629,13.45,13.6,13.2,13.3,26760585
SOUTHWEST,20210629,42.7,43.65,39.9,41.05,102495
SPAL,20210629,224.65,227.8,220,221.15,52594
SPANDANA,20210629,681,681.9,660.05,662.45,58329
SPARC,20210629,229.9,241.55,228.25,235.15,1748489
SPECIALITY,20210629,60.75,63.9,60.05,62.7,555784
SPENCERS,20210629,79.55,80.85,78.65,78.85,213435
SPIC,20210629,49.85,50.8,48.3,48.9,2332481
SPICEJET,20210629,82,82.7,81,82.25,21726454
SPLIL,20210629,42.1,43.1,41.8,42.3,35213
SPMLINFRA,20210629,11.65,12.45,11.65,12.2,47440
SPTL,20210629,5.65,5.65,5.65,5.65,617672
SREEL,20210629,203.3,211.35,201,205.05,18078
SREINFRA,20210629,13.9,14.7,13.65,13.65,31844745
SRF,20210629,7129.8,7195.95,7059.8,7081.9,85691
SRHHYPOLTD,20210629,355.7,360,348.15,355.4,58575
SRIPIPES,20210629,215,221,214,218.4,118924
SRPL,20210629,40.4,40.4,37,37.5,4829
SRTRANSFIN,20210629,1372.4,1396,1348.2,1357.85,1175000
SSWL,20210629,790,846,785.95,839.65,231630
STAR,20210629,776,782.2,762.6,764.1,229139
STARCEMENT,20210629,109.9,109.95,106.15,107.1,230937
STARPAPER,20210629,142.95,146.55,142,142.5,134262
STCINDIA,20210629,115.8,115.8,110.65,112.15,118197
STEELCITY,20210629,54.95,54.95,51.3,51.7,39563
STEELXIND,20210629,58.05,60.4,57.45,58.3,639027
STEL,20210629,119.4,119.4,114.5,115.3,49535
STERTOOLS,20210629,186.5,188.2,181.15,183.25,102137
STLTECH,20210629,266.3,266.65,260.25,260.7,221360
STOVEKRAFT,20210629,611,734,609.05,716.5,1408162
SUBEXLTD,20210629,57,57.95,56.7,57.1,6141368
SUBROS,20210629,312.45,321.2,305.65,315.2,753952
SUDARSCHEM,20210629,684.25,687.55,672.5,674.2,72495
SUMEETINDS,20210629,6.9,6.9,6.5,6.8,374479
SUMICHEM,20210629,387,392,371.65,373.25,649628
SUMIT,20210629,14.45,15.45,13.75,13.95,1350388
SUMMITSEC,20210629,705,705,655,661.45,22583
SUNCLAYLTD,20210629,3475.4,3522.65,3425,3439.15,3591
SUNDARAM,20210629,2.2,2.2,2.2,2.2,84512
SUNDARMFIN,20210629,2627.85,2675,2627.85,2668.6,7238
SUNDARMHLD,20210629,75.95,77.8,74.7,75.9,525434
SUNDRMBRAK,20210629,439.7,443.6,425,427.1,9550
SUNDRMFAST,20210629,803,812.3,792,795,44662
SUNFLAG,20210629,82.7,83.75,80.85,81.4,524672
SUNPHARMA,20210629,673.25,681.5,673.1,677.6,2937766
SUNTECK,20210629,308.7,324.95,303.05,306.65,1323104
SUNTV,20210629,538.5,546,533.25,536.4,2297703
SUPERHOUSE,20210629,160.8,163.65,156.65,157,125784
SUPERSPIN,20210629,8.1,8.4,7.8,7.8,97740
SUPPETRO,20210629,746,755,740,743.55,48191
SUPRAJIT,20210629,285.65,288,280.05,282.2,117411
SUPREMEENG,20210629,37.95,38.3,36.55,37.95,37385
SUPREMEIND,20210629,2195.2,2209.85,2151,2172.05,36973
SURANASOL,20210629,12.15,12.4,12,12.05,93008
SURANAT&P,20210629,6.25,6.4,6.05,6.4,216035
SURYALAXMI,20210629,47.35,49.5,46.5,49,16091
SURYAROSNI,20210629,555,558.4,532,538.25,271195
SURYODAY,20210629,224,224,220.65,221.25,79166
SUTLEJTEX,20210629,56.5,56.9,55.3,55.6,89271
SUULD,20210629,577.5,578.05,570.5,578.05,25097
SUVEN,20210629,89.8,90.55,88.5,88.95,336049
SUVENPHAR,20210629,471.35,477.25,468.05,475.85,148232
SUVIDHAA,20210629,26.3,26.6,24.55,26.05,255943
SUZLON,20210629,8,8,7.6,7.65,45136919
SWANENERGY,20210629,142.6,144.3,141.5,142.9,128466
SWARAJENG,20210629,1930,1994,1902,1913.2,104259
SWELECTES,20210629,225,233.95,221,230.25,56740
SWSOLAR,20210629,267,273.7,261,262.45,4958538
SYMPHONY,20210629,1038.75,1047,1030,1037.6,107290
SYNGENE,20210629,584,586,580,584.05,250799
TAINWALCHM,20210629,73.05,79.8,73.05,76.95,58294
TAJGVK,20210629,142.25,143.3,138,138.6,423063
TAKE,20210629,63.9,64.8,63.35,63.8,1979276
TALBROAUTO,20210629,277.05,280.6,268.15,274.25,33961
TANLA,20210629,820,820,771.1,800.95,79780
TARAPUR,20210629,5.5,5.5,5.25,5.45,64896
TARC,20210629,32.5,38.15,31,36.3,8451072
TARMAT,20210629,65.7,66.2,62.6,63.7,79378
TASTYBITE,20210629,16700,17600,16600,17130.2,13102
TATACHEM,20210629,725,730.8,716.8,720.6,1521271
TATACOFFEE,20210629,185.1,189,184.55,185.75,4588800
TATACOMM,20210629,1292,1305,1275.5,1287.95,170173
TATACONSUM,20210629,766.4,771.9,755.85,758.05,1506378
TATAELXSI,20210629,3850,4020,3831.3,4002.95,573811
TATAINVEST,20210629,1132.4,1132.5,1113.1,1121.9,25374
TATAMETALI,20210629,1138.55,1144.75,1106,1115.9,91800
TATAMOTORS,20210629,342.65,346.5,339.6,341.55,22462297
TATAMTRDVR,20210629,158.4,159.75,155.35,157.8,1936763
TATAPOWER,20210629,122.95,124.75,121.75,122.8,30981874
TATASTEEL,20210629,1184.5,1192,1165.55,1172.55,7803759
TATASTLBSL,20210629,91.2,91.8,90,90.2,2162329
TATASTLLP,20210629,954,958,937,941.3,17224
TBZ,20210629,79.7,81,78.1,78.6,274155
TCI,20210629,420.05,427,417.2,419.35,21763
TCIDEVELOP,20210629,392.85,394.75,379.45,389.6,961
TCIEXP,20210629,1440,1459.8,1395.05,1450.9,53155
TCIFINANCE,20210629,6.4,6.4,6.25,6.25,2500
TCNSBRANDS,20210629,575,581.15,564.25,573.7,79476
TCPLPACK,20210629,500,500,481.65,483,2011
TCS,20210629,3342,3366.3,3326.5,3340.85,1497322
TDPOWERSYS,20210629,191.05,196,186.45,190.85,83509
TEAMLEASE,20210629,3649.5,3649.5,3575.1,3602.9,6560
TECHIN,20210629,5.6,5.85,5.4,5.5,12960
TECHM,20210629,1109,1109.4,1083,1088.15,2956332
TECHNOE,20210629,337,340,329.25,335.35,96468
TEJASNET,20210629,174.9,174.9,170.9,171.55,85607
TEMBO,20210629,183.65,198,183.65,191.45,11203
TERASOFT,20210629,56.5,59.55,56.1,56.35,71170
TEXINFRA,20210629,65.85,68.4,65.65,66,95626
TEXMOPIPES,20210629,54.2,54.2,54.2,54.2,195659
TEXRAIL,20210629,37.35,39.5,36.3,38.25,9646990
TFCILTD,20210629,80,80,76,76.45,444270
TFL,20210629,4.4,4.65,4.35,4.4,15644
TGBHOTELS,20210629,8.1,8.5,8.1,8.5,35828
THANGAMAYL,20210629,814,814,800,801.15,13174
THEINVEST,20210629,104.9,114.7,104.9,113.05,53451
THEMISMED,20210629,715,715,693.75,700.1,5766
THERMAX,20210629,1486.2,1488.25,1433.5,1442.05,17260
THOMASCOOK,20210629,68.75,69.05,65.5,65.85,2469942
THOMASCOTT,20210629,15.4,16.15,15.4,16.15,4431
THYROCARE,20210629,1320,1344,1307.35,1322.85,2204410
TI,20210629,39.9,40.05,37.5,38.1,294549
TIDEWATER,20210629,12200,12545,12100.05,12318.4,6927
TIIL,20210629,484,490,466.5,471.15,50003
TIINDIA,20210629,1173.25,1173.25,1140.85,1152.8,23482
TIJARIA,20210629,9.9,9.9,9.3,9.3,137443
TIL,20210629,181.9,185,177.1,179,2645
TIMESGTY,20210629,55.55,55.55,52,52.8,14067
TIMETECHNO,20210629,85.35,90.8,84.75,89.3,3490134
TIMKEN,20210629,1479,1554.95,1450.75,1490.4,274956
TINPLATE,20210629,222.5,226.55,218.25,220.15,978609
TIPSINDLTD,20210629,1365,1370.3,1350,1370.3,16634
TIRUMALCHM,20210629,135.2,136.55,133.2,135.1,715397
TIRUPATIFL,20210629,29.25,31,29.25,31,536
TITAN,20210629,1735.8,1746,1721.25,1731.6,1236704
TMRVL,20210629,18.7,18.9,18.5,18.9,36263
TNPETRO,20210629,125,127.5,120.1,121.6,4467253
TNPL,20210629,159.3,161.2,151.2,152.5,415095
TNTELE,20210629,6.95,7.25,6.95,7.25,20545
TOKYOPLAST,20210629,105,105.95,100.3,101.6,21548
TORNTPHARM,20210629,2933,2948.75,2888,2922.25,192105
TORNTPOWER,20210629,454,456.15,446.6,454.85,698402
TOTAL,20210629,49.4,53.5,48.3,51.95,177822
TOUCHWOOD,20210629,83.6,89.65,83.5,86.85,10056
TPLPLASTEH,20210629,237.05,244.65,236.4,242.1,14883
TREEHOUSE,20210629,10.6,10.65,10.6,10.65,36081
TREJHARA,20210629,55.9,57,55,56,33049
TRENT,20210629,879,881,856.1,862.65,324166
TRF,20210629,142.15,168.65,139.1,162.9,1797516
TRIDENT,20210629,16.5,16.6,16.2,16.25,8339231
TRIGYN,20210629,122,133.25,120.05,131.1,550643
TRIL,20210629,33.45,33.45,31.9,32.05,310406
TRITURBINE,20210629,120,124.8,120,123.35,1000769
TRIVENI,20210629,204.9,209,198.35,203.35,2359874
TTKHLTCARE,20210629,672.8,684.05,663,671.9,32640
TTKPRESTIG,20210629,9190,9466.6,9109.05,9306.45,59213
TTL,20210629,64.1,64.1,63,63.3,3913
TTML,20210629,42.5,42.5,42.5,42.5,364688
TV18BRDCST,20210629,42.6,44.6,42.6,43.4,12502169
TVSELECT,20210629,164.55,165,159.95,161,46532
TVSMOTOR,20210629,623.9,624.65,611,612.3,560987
TVSSRICHAK,20210629,2105,2131.35,2070.35,2078.35,12931
TVTODAY,20210629,301,303.65,294,300.05,165339
TVVISION,20210629,1.95,2.15,1.95,2.15,44900
TWL,20210629,69.5,77.25,69.25,73.2,10017867
UBL,20210629,1430.3,1457.15,1420,1449.25,1645261
UCALFUEL,20210629,194.7,206.5,193.15,195.25,1039879
UCOBANK,20210629,15.35,15.35,14.9,14.95,17939303
UFLEX,20210629,476.75,484,475.15,477.45,196121
UFO,20210629,93.5,97.45,93.25,94.5,1366768
UGARSUGAR,20210629,32.9,34.25,32.85,34.25,2839732
UJAAS,20210629,3.15,3.25,3.1,3.15,734193
UJJIVAN,20210629,211.5,211.5,207.2,207.85,353314
UJJIVANSFB,20210629,31.95,31.95,31.05,31.15,2237533
ULTRACEMCO,20210629,6875,6880,6799.5,6824.7,235008
UMANGDAIRY,20210629,78.25,78.45,77.15,77.8,19766
UMESLTD,20210629,4.4,4.6,4.2,4.3,47119
UNICHEMLAB,20210629,321.3,327,320,321.5,37316
UNIDT,20210629,326.8,330,318.75,324.65,15079
UNIENTER,20210629,130.1,133.65,130.05,131.9,31029
UNIONBANK,20210629,39.5,39.85,39,39.2,17872837
UNITEDTEA,20210629,339.5,339.5,327.05,328.45,2920
UNIVASTU,20210629,43.25,45.75,43.25,44.5,10552
UNIVCABLES,20210629,200.7,208.85,195.3,202.7,349648
UNIVPHOTO,20210629,298,298,273.95,294,31956
UPL,20210629,810,817.95,799.3,805.4,2509072
URJA,20210629,8,8.1,7.7,7.75,3153005
USHAMART,20210629,58.9,59.75,55.3,56.6,2275279
UTIAMC,20210629,869.7,869.7,850.3,857.7,414151
UTIBANKETF,20210629,35.4,35.4,34.81,34.86,2601
UTINEXT50,20210629,40.4,40.42,39.81,40.04,3869
UTINIFTETF,20210629,1695.6,1695.6,1629.95,1650.32,325
UTISENSETF,20210629,570,570,548.7,552.09,247
UTISXN50,20210629,44.88,45.8,44,44.92,547
UTTAMSTL,20210629,5.85,5.85,5.35,5.35,25971539
UTTAMSUGAR,20210629,270.7,286.6,268,286.6,2050266
V2RETAIL,20210629,128.15,128.15,121.25,122.85,72539
VADILALIND,20210629,997.9,997.9,972.35,988.6,18007
VAIBHAVGBL,20210629,809,809,791,795.35,111519
VAISHALI,20210629,41.3,45.25,40.6,44.55,1152221
VAKRANGEE,20210629,43.45,43.9,42.4,42.6,2015624
VALIANTORG,20210629,1493.1,1567,1477.4,1552.75,68994
VARDHACRLC,20210629,47.35,49.2,47.1,47.75,172617
VARDMNPOLY,20210629,21.4,21.9,20.5,21.1,51033
VARROC,20210629,370,372.9,368,368.65,74575
VASCONEQ,20210629,20.3,21.2,20.25,20.7,473069
VASWANI,20210629,13.2,13.55,13.1,13.2,51047
VBL,20210629,734,736.5,722.5,724.65,304765
VEDL,20210629,266.6,269.7,264.3,266.5,7641687
VENKEYS,20210629,3428.05,3720,3352.8,3599.45,699518
VENUSREM,20210629,386.7,386.7,374.95,386.7,115521
VERTOZ,20210629,192,194.45,188.45,189.1,172096
VESUVIUS,20210629,1090.1,1118.7,1089,1106.4,19508
VETO,20210629,132.95,133,128.9,130,27965
VGUARD,20210629,269.8,270.5,263.45,266.75,749053
VHL,20210629,2520.05,2525.75,2475,2483.25,428
VIDHIING,20210629,213.6,216,212.5,214.8,62648
VIJIFIN,20210629,1.6,1.6,1.6,1.6,33317
VIKASECO,20210629,2.2,2.2,2.05,2.05,2745855
VIKASLIFE,20210629,2.85,3.05,2.85,2.85,46421299
VIKASPROP,20210629,2.6,3,2.5,2.9,10210504
VIKASWSP,20210629,7.25,7.4,6.95,7,933142
VIMTALABS,20210629,257,257,250.2,252.7,42861
VINATIORGA,20210629,1829.9,1863,1826.15,1855.7,60274
VINDHYATEL,20210629,1220,1260.9,1190.05,1228.75,61129
VINEETLAB,20210629,61,67.35,61,67.35,243988
VINYLINDIA,20210629,147.25,153.35,145.25,147.85,204275
VIPCLOTHNG,20210629,16.75,17.7,16.6,17.5,203387
VIPIND,20210629,385.8,391.1,382.5,386.85,296472
VIPULLTD,20210629,34.35,36.05,33.25,36.05,367430
VISAKAIND,20210629,696.7,704.9,685.1,690.5,78714
VISASTEEL,20210629,10.15,10.55,9.65,10.55,107230
VISHAL,20210629,70.4,72.3,63.7,68.25,2776130
VISHNU,20210629,519,537.8,516.05,537.8,12594
VISHWARAJ,20210629,150,151.9,145.7,146.9,339294
VIVIDHA,20210629,0.95,0.95,0.95,0.95,686466
VIVIMEDLAB,20210629,26.35,26.35,26.35,26.35,199896
VLSFINANCE,20210629,158.75,167.95,158.25,162.7,399039
VMART,20210629,2863.8,2863.8,2801,2814.95,10305
VOLTAMP,20210629,1432.25,1448.95,1400.05,1409.5,15368
VOLTAS,20210629,1048,1051.5,984.35,1028.4,2482160
VRLLOG,20210629,277.5,282.45,273.65,275.6,127128
VSSL,20210629,233,238,227.5,229.05,275563
VSTIND,20210629,3624.3,3662.2,3602,3607.75,7240
VSTTILLERS,20210629,1980,1993.15,1903.95,1943.5,20949
VTL,20210629,1391,1415,1361.25,1367.55,34673
WABAG,20210629,347.4,364.9,343.5,361.1,868306
WABCOINDIA,20210629,6900,6900,6801.1,6820.65,3547
WALCHANNAG,20210629,84.55,86.2,82.65,83.05,315028
WANBURY,20210629,90.2,90.2,90.2,90.2,14701
WATERBASE,20210629,123,126.45,121.7,122.35,392071
WEALTH,20210629,140,142,137.45,142,2032
WEBELSOLAR,20210629,61.4,61.55,61,61.55,252883
WEIZMANIND,20210629,57.8,60.6,56.4,58.25,38875
WELCORP,20210629,145,148.7,142.1,144,3979506
WELENT,20210629,112,112,110,110.4,103183
WELINV,20210629,584,584,526.3,539.5,49021
WELSPUNIND,20210629,92.3,95.45,92.3,93.65,1890918
WENDT,20210629,3921.6,4344,3800,4113.05,15593
WESTLIFE,20210629,494.85,510,489.65,505.8,90684
WHEELS,20210629,585.8,585.8,570.05,575.5,38194
WHIRLPOOL,20210629,2215,2221,2196.5,2217.45,63635
WILLAMAGOR,20210629,21.05,21.15,20.8,20.9,11344
WINDMACHIN,20210629,39.7,39.85,36.4,37.65,223925
WIPL,20210629,66,69.85,65.5,69.65,551
WIPRO,20210629,547.8,553.75,541,542.6,7927880
WOCKPHARMA,20210629,540,550.1,524.5,528.65,1058287
WONDERLA,20210629,220,224,216,218.45,98010
WORTH,20210629,81.9,82.7,79.25,80.75,21357
WSI,20210629,6.4,6.4,6.4,6.4,6
WSTCSTPAPR,20210629,249.45,251.2,243.2,245.5,264301
XCHANGING,20210629,80,84,79.35,82.95,814630
XELPMOC,20210629,306.1,315,301.2,307.2,32704
XPROINDIA,20210629,163.45,176.9,163.45,173.55,7330
YAARII,20210629,104,104,102.1,102.5,333269
YESBANK,20210629,13.65,13.8,13.5,13.55,77004331
ZEEL,20210629,220,220.75,215.45,216.05,5941840
ZEELEARN,20210629,16.75,17,16.2,16.25,2363297
ZEEMEDIA,20210629,11.4,11.4,11.4,11.4,1199616
ZENITHEXPO,20210629,89,92.95,84.6,90.7,961
ZENSARTECH,20210629,305,307.6,301.6,302.9,579036
ZENTEC,20210629,90.8,91.4,87,87.3,402353
ZODIACLOTH,20210629,113.25,116.45,111.15,112.35,88456
ZODJRDMKJ,20210629,32.75,34.9,32.75,34.3,1257
ZOTA,20210629,194,212,193,206,275152
ZUARI,20210629,129.95,130.55,127.4,128.15,241444
ZUARIGLOB,20210629,127.8,130.4,125.35,130.4,295342
ZYDUSWELL,20210629,2084,2106,2060,2092.6,21885
NSENIFTY,20210629,15807.50,15835.90,15724.05,15748.45,360334724,0
NIFTYJUNIOR,20210629,38779.30,39015.30,38593.25,38678.15,364527469,0
NIFTYMIDCAPLIQ15,20210629,6300.05,6328.30,6242.90,6257.00,76498520,0
NSE100,20210629,16050.50,16088.55,15966.85,15992.10,724862193,0
NIFTY200,20210629,8370.10,8389.90,8324.00,8337.60,1411539732,0
NSE500,20210629,13535.55,13567.80,13461.25,13481.95,2121753668,0
NSEMIDCAP150,20210629,10197.05,10224.40,10123.35,10144.60,743644742,0
MIDCAP50,20210629,7530.65,7558.70,7455.05,7474.20,634480427,0
NSEMIDCAP,20210629,27050.25,27116.40,26835.55,26901.10,686677539,0
NSESMLCAP100,20210629,9762.40,9784.80,9699.20,9712.50,-,0
NIFTYLARGEMIDCAP250,20210629,-,-,-,8761.16,1468506935,0
NIFTYAUTO,20210629,10712.15,10754.95,10588.25,10612.25,77044012,0
BANKNIFTY,20210629,35320.45,35337.45,34913.70,35010.30,266274918,0
NIFTYFINSERVICE,20210629,16660.40,16665.10,16506.15,16545.70,112920682,0
NIFTYFMGC,20210629,36059.45,36336.15,36035.35,36234.55,35681094,0
NSEIT,20210629,29049.65,29183.85,28934.15,28986.25,21706364,0
NIFTYMEDIA,20210629,1825.60,1839.10,1808.55,1811.80,35572840,0
NIFTYMETAL,20210629,5293.80,5308.95,5212.05,5226.05,221074648,0
NIFTYPHARMA,20210629,14241.80,14353.25,14205.60,14330.20,18793479,0
NIFTYPVTBANK,20210629,18571.70,18580.35,18347.75,18406.70,180867710,0
NIFTYPSUBANK,20210629,2563.40,2571.75,2524.05,2529.25,349020366,0
NIFTYREALTY,20210629,347.35,348.60,343.75,345.45,24632370,0
NIFTYCOMMODITIES,20210629,5193.55,5206.85,5138.80,5154.65,208724885,0
NIFTYCONSUMPTION,20210629,6353.35,6384.80,6328.60,6340.15,64068790,0
NIFTYCPSE,20210629,2067.40,2078.65,2050.45,2055.95,212931055,0
NIFTYENERGY,20210629,19883.10,19980.70,19757.85,19849.15,163066033,0
NIFTY100ESG,20210629,-,-,-,3183.48,420966781,0
NIFTY100ENHESG,20210629,-,-,-,3202.62,391562084,0
NIFTYINFRA,20210629,4363.45,4384.55,4340.45,4350.05,226235451,0
NIFTYMNC,20210629,17544.90,17572.70,17448.35,17476.70,218935083,0
NIFTYPSE,20210629,3635.45,3648.80,3597.45,3609.70,411066085,0
NIFTYSMEEMERGE,20210629,-,-,-,2600.15,718033,0
NIFTYSERVSECTOR,20210629,22058.45,22074.30,21911.05,21947.00,235443081,0
NIFTYSHARIAH25,20210629,-,-,-,6035.32,98248939,0
NIFTY50SHARIAH,20210629,-,-,-,3930.36,69429930,0
NIFTY500SHARIAH,20210629,-,-,-,4842.48,471317836,0
NIFTYABGROUP,20210629,-,-,-,4928.73,202803521,0
NIFTYMAHINDRA,20210629,-,-,-,13378.17,12934820,0
NIFTYTATA,20210629,-,-,-,11548.80,91594683,0
NIFTYTATA25CAP,20210629,-,-,-,8867.31,73225162,0
NIFTYABGROUP,20210629,-,-,-,4928.73,202803521,0
NIFTYLIQ15,20210629,4002.75,4013.65,3970.15,3979.20,147090392,0
NIFTY500VALUE50,20210629,-,-,-,5542.60,776279303,0
NIFTYQUALLOWVOL30,20210629,-,-,-,11433.07,90920897,0
NIFTYALPHAQUALLOWVOL30,20210629,-,-,-,13167.67,100783676,0
NIFTYALPHAQUALVALLOWVOL30,20210629,-,-,-,10056.15,136220956,0
NIFTY50EQUALWEIGHT,20210629,17812.45,17859.55,17688.25,17724.15,360334724,0
NIFTY100EQUALWEIGHT,20210629,18959.05,19030.80,18842.25,18877.45,724862193,0
NIFTY100LOWVOL30,20210629,12316.20,12371.90,12292.30,12323.40,189768950,0
NSEDEFTY,20210629,-,-,-,7350.94,-,0
NIFTY50DIVPOINT,20210629,71.69,71.69,71.69,71.69,-,0
NIFTYDIVOPPS50,20210629,3350.85,3363.90,3337.55,3346.05,370965374,0
NIFTYALPHA50,20210629,27148.50,27279.85,27025.60,27075.30,401976875,0
NIFTY50ARBITRAGE,20210629,-,-,-,1971.74,-,0
NIFTY50FUTINDEX,20210629,-,-,-,5124.88,-,0
NIFTY50FUTTRINDEX,20210629,-,-,-,16363.51,-,0
NIFTYHIGHBETA50,20210629,-,-,-,1981.81,671656101,0
NIFTYLOWVOL50,20210629,-,-,-,15166.67,181475216,0
NIFTY50VALUE20,20210629,8081.80,8122.05,8052.30,8073.50,172340980,0
NIFTYGROWSECT15,20210629,7614.70,7658.55,7607.10,7635.05,34766835,0
NIFTY50TR2XLEV,20210629,10117.65,10153.50,10010.90,10042.10,-,0
NIFTY50PR2XLEV,20210629,7511.50,7538.15,7432.20,7455.35,-,0
NIFTY50TR1XINV,20210629,239.80,241.05,239.35,240.70,-,0
NIFTY50PR1XINV,20210629,278.15,279.65,277.70,279.20,-,0
NIFTY-GS-COMPSITE,20210629,2307.67,2312.60,2307.67,2311.87,-,0
NIFTY-GS-4-8YR,20210629,2416.92,2422.01,2416.92,2421.46,-,0
NIFTY-GS-8-13YR,20210629,2268.87,2270.40,2268.87,2271.10,-,0
NIFTY-GS-10YR,20210629,2063.11,2065.55,2063.11,2064.68,-,0
NIFTY-GS-10YR-CLN,20210629,954.16,955.30,954.16,954.90,-,0
NIFTY-GS-11-15YR,20210629,2416.13,2422.66,2416.13,2421.92,-,0
NIFTY-GS-15YRPLUS,20210629,2584.37,2591.45,2584.37,2593.40,-,0
VIX,20210629,13.40,13.40,12.90,13.00,0,0
