20MICRONS,20210604,63.4,64.35,61.3,61.9,213663
21STCENMGM,20210604,15.95,16.25,15.95,16.25,358
3IINFOTECH,20210604,8.9,9,8.7,8.85,13804265
3MINDIA,20210604,26431.8,26648.7,26000,26110.45,2347
3PLAND,20210604,14.35,14.35,13.5,13.8,32752
5PAISA,20210604,395,426.6,393.6,417.1,588799
63MOONS,20210604,88.45,90,87.7,88,40865
A2ZINFRA,20210604,5,5,4.85,4.9,381215
AAKASH,20210604,163.95,165,161.3,163.65,45824
AARON,20210604,86.15,88.95,84.05,85.15,7401
AARTIDRUGS,20210604,759,763.55,752.55,759.7,296354
AARTIIND,20210604,1678,1720,1678,1690.75,907497
AARTISURF,20210604,1425,1437.8,1379.9,1396.9,22239
AARVEEDEN,20210604,22.75,24.25,22.35,23.05,13624
AARVI,20210604,70,71.8,67,67.9,93149
AAVAS,20210604,2325,2439.6,2304.45,2422.35,373401
ABAN,20210604,40.85,40.85,39,39.5,446030
ABB,20210604,1691.95,1698.95,1640,1650.5,194307
ABBOTINDIA,20210604,15999,16040,15910,15940.4,13351
ABCAPITAL,20210604,124.45,124.75,121.65,122.8,2346775
ABFRL,20210604,201,208.95,201,204,8144434
ABMINTLTD,20210604,62.9,62.9,59.4,59.85,3062
ABSLBANETF,20210604,363,363,348.85,349.66,200669
ABSLNN50ET,20210604,392,392,391,392,127
ACC,20210604,2024,2037.1,2005,2009.9,219638
ACCELYA,20210604,1020,1112.4,995.2,1094.95,124320
ACCURACY,20210604,60.4,61.5,58.25,59.2,11033
ACE,20210604,166.05,168.45,164.45,164.95,295072
ACRYSIL,20210604,553.85,575,545,563.4,204352
ADANIENT,20210604,1605,1713.55,1585.8,1700.95,21102075
ADANIGREEN,20210604,1305.2,1308,1271.25,1277.25,842516
ADANIPORTS,20210604,830.8,841.95,823,833.85,14457348
ADANIPOWER,20210604,101.4,105.75,99.35,105.75,56499148
ADANITRANS,20210604,1624,1625,1586.05,1602.05,923526
ADFFOODS,20210604,1005,1024,1003.5,1013.55,32356
ADL,20210604,29.2,30.75,29.2,30.15,4972
ADORWELD,20210604,521,550,521,537.25,148983
ADROITINFO,20210604,9.4,9.4,8.7,9.25,15838
ADSL,20210604,63.75,63.95,59.9,61.45,517445
ADVANIHOTR,20210604,63.35,66.45,62.55,65.75,72138
ADVENZYMES,20210604,418.5,420.9,412.05,414.95,204575
AEGISCHEM,20210604,375,379,364.5,366.85,582886
AFFLE,20210604,5434.8,5440,5322,5355.8,49167
AGARIND,20210604,219.75,221.7,211.55,217.05,29209
AGCNET,20210604,1408.05,1421.35,1354.5,1365.7,18735
AGRITECH,20210604,48.7,48.8,46.55,48.8,39560
AGROPHOS,20210604,13.5,14.45,13.5,14.25,255821
AHLADA,20210604,116.3,118,112.1,114.35,26720
AHLEAST,20210604,204.85,204.85,189.2,195,31213
AHLUCONT,20210604,317.2,334,315,324.75,23644
AHLWEST,20210604,241.8,248,232.55,243.85,43527
AIAENG,20210604,1941.8,1975,1920,1929.15,13312
AIRAN,20210604,22.5,23.95,22.15,22.95,498864
AJANTPHARM,20210604,1939.8,1975,1925,1955.3,60167
AJMERA,20210604,151,154.95,149,149.8,202348
AJOONI,20210604,56.9,59.85,56.9,56.9,521179
AKASH,20210604,233.4,234.05,219,225.85,44440
AKG,20210604,28,28,26.15,26.95,5397
AKSHARCHEM,20210604,297,302,291.15,295.25,37387
AKSHOPTFBR,20210604,7.25,7.3,7,7.1,350831
AKZOINDIA,20210604,2272.2,2293.95,2255.45,2264.35,8175
ALANKIT,20210604,18.3,20.05,17.95,19.35,1422753
ALBERTDAVD,20210604,470,479.6,462.9,472.85,34708
ALEMBICLTD,20210604,127.25,127.3,125,125.3,366139
ALICON,20210604,550.05,566.75,548.9,556.8,7858
ALKALI,20210604,63.95,70,62.3,68.35,267868
ALKEM,20210604,3192,3199,3157.3,3164.95,98675
ALKYLAMINE,20210604,3620,3622.9,3567.9,3592.8,51997
ALLCARGO,20210604,133.8,135.8,132.5,134.6,304371
ALLSEC,20210604,399.05,399.05,381.05,390.05,17667
ALMONDZ,20210604,47.1,47.1,43.15,46.05,42578
ALOKINDS,20210604,20.9,21.05,20.65,20.7,6381825
ALPA,20210604,56.55,57.5,55.55,56.15,48074
ALPHAGEO,20210604,286,291,279,282.5,91120
ALPSINDUS,20210604,2.05,2.15,2.05,2.15,110179
AMARAJABAT,20210604,757,762.4,751.1,758.6,2627489
AMBER,20210604,2798,2800,2750,2770.85,59227
AMBICAAGAR,20210604,24,24.4,23.2,23.9,34893
AMBIKCO,20210604,1300,1308,1246.4,1261.5,57006
AMBUJACEM,20210604,333.8,337.3,331.2,332.05,1739342
AMDIND,20210604,21.65,22.15,20.85,22.15,73380
AMJLAND,20210604,27.35,29.55,27.3,28.9,132387
AMRUTANJAN,20210604,708.7,711.05,698.9,705.35,68609
ANANTRAJ,20210604,63.45,66.25,63.3,66.25,1528445
ANDHRACEMT,20210604,10.6,10.6,10.6,10.6,214246
ANDHRAPAP,20210604,245.8,247.9,241,242.15,52358
ANDHRSUGAR,20210604,420,426.65,415,422.35,79341
ANGELBRKG,20210604,835.1,835.1,804,812.35,1142004
ANIKINDS,20210604,19.5,19.7,19.15,19.7,145753
ANKITMETAL,20210604,1.2,1.3,1.2,1.25,97751
ANMOL,20210604,189.9,191.25,181,187.7,46865
ANSALAPI,20210604,6.85,6.85,6.75,6.85,172940
ANSALHSG,20210604,7.65,7.9,7.35,7.9,722301
ANUP,20210604,925,939,882.9,892.2,161844
ANURAS,20210604,782.5,788.8,764.05,769.25,136135
APARINDS,20210604,550,550,538,541.2,66858
APCL,20210604,318.9,320.55,311.05,316.3,73063
APCOTEXIND,20210604,330.45,337.45,326,328.6,75427
APEX,20210604,279.55,280.95,271,272.4,155955
APLAPOLLO,20210604,1352,1418,1301,1322.65,787317
APLLTD,20210604,959,959,937.8,949.5,263851
APOLLO,20210604,112.1,117.9,111.6,116.1,561391
APOLLOHOSP,20210604,3425.35,3428.65,3375,3380.15,380548
APOLLOPIPE,20210604,1050,1059.95,1033.95,1038.45,25356
APOLLOTYRE,20210604,230.9,234.3,229.5,230.6,4684948
APOLSINHOT,20210604,872.5,889.95,860,864.25,2444
APTECHT,20210604,211.5,238.75,211.5,236.05,4373975
ARCHIDPLY,20210604,33,33,32.1,32.45,11471
ARCHIES,20210604,14.9,15.15,14.8,14.95,139385
ARENTERP,20210604,11.95,12,11.5,12,1619
ARIES,20210604,114.7,133.4,114.4,129.3,2283892
ARIHANT,20210604,23.55,23.55,23.55,23.55,10292
ARIHANTSUP,20210604,84.4,88.6,84.4,88.6,69670
ARMANFIN,20210604,621.65,629.9,604.55,608.6,8994
AROGRANITE,20210604,57.4,57.5,54.9,55.15,75949
ARROWGREEN,20210604,118,118.4,112,118.3,21911
ARSHIYA,20210604,30,30,29,29.7,71485
ARSSINFRA,20210604,34.05,34.4,32.5,32.85,41965
ARTEMISMED,20210604,271,280,271,274.7,13530
ARVEE,20210604,90.95,90.95,90.95,90.95,4285
ARVIND,20210604,79.4,80.15,78.3,78.6,733077
ARVINDFASN,20210604,146,147,144,145,681930
ARVSMART,20210604,111.65,113.1,107.8,109.1,212471
ASAHIINDIA,20210604,344,345.45,327.1,331.65,247127
ASAHISONG,20210604,375,391.5,375,382.3,81252
ASAL,20210604,41.95,42,41.4,42,36459
ASALCBR,20210604,442.8,448,437.25,441.55,70416
ASHAPURMIN,20210604,150.6,150.6,147.8,149.4,132155
ASHIANA,20210604,138.5,140.6,138,139.3,45308
ASHIMASYN,20210604,19.65,20.7,19.65,20.25,136582
ASHOKA,20210604,94,94.5,92,93,904346
ASHOKLEY,20210604,124.55,129.7,123.75,128.4,17082101
ASIANHOTNR,20210604,85,100.5,83,99.5,916828
ASIANPAINT,20210604,2953,2990,2908,2924.9,1509084
ASIANTILES,20210604,188.8,193.9,180,183.8,2997377
ASPINWALL,20210604,207.1,210,204.95,208.1,6674
ASTEC,20210604,1388.7,1417,1380.05,1398.25,39550
ASTERDM,20210604,147.4,152.5,146.2,150.3,1192593
ASTRAL,20210604,1905,1925,1895,1897.8,205324
ASTRAMICRO,20210604,132,141.9,131.6,140.75,1972158
ASTRAZEN,20210604,3764.75,3939,3759.95,3793.95,89378
ASTRON,20210604,53.4,54.3,51.4,52.65,690822
ATFL,20210604,997,997,970,976.25,10572
ATGL,20210604,1650,1678,1606.1,1637.5,1740082
ATLANTA,20210604,9.85,10.75,9.85,10.35,113572
ATUL,20210604,8555.9,8640,8555.9,8603.2,85212
ATULAUTO,20210604,191,201.1,188.9,192.3,702890
AUBANK,20210604,1006,1020.3,997.4,1001.95,697026
AURIONPRO,20210604,152.7,153.7,150.3,150.85,38900
AUROPHARMA,20210604,973,974.5,956.05,959.05,1524773
AUSOMENT,20210604,66.05,68,64.4,67.05,9628
AUTOAXLES,20210604,1361,1393,1327.7,1337.15,15485
AUTOIND,20210604,39.25,39.8,36.2,38.6,47622
AVADHSUGAR,20210604,312,315,304.2,312.2,82976
AVANTIFEED,20210604,604,607.25,593.05,596.55,559558
AVTNPL,20210604,64.05,64.7,63.5,63.85,127617
AWHCL,20210604,339.9,347.9,326.9,335.55,393393
AXISBANK,20210604,751,759.9,740.1,742.05,10336011
AXISBNKETF,20210604,355.72,357.89,350.95,353.15,1953
AXISBPSETF,20210604,10.43,10.43,10.14,10.15,14844
AXISCADES,20210604,81.8,81.85,78.8,79.85,179032
AXISGOLD,20210604,42.3,42.3,41.91,42.09,175379
AXISHCETF,20210604,85.7,89.7,85,85.06,34713
AXISNIFTY,20210604,163.4,164.49,163.17,163.69,5422
AXISTECETF,20210604,277,277,268,272.5,515
AYMSYNTEX,20210604,75.1,77.7,73.8,76.5,151751
BAFNAPH,20210604,138,138,133.65,135.4,9453
BAGFILMS,20210604,3.35,3.35,3.2,3.25,204012
BAJAJ-AUTO,20210604,4264.4,4295.45,4240,4250.05,374317
BAJAJCON,20210604,287.6,296,286,293.3,1213823
BAJAJELEC,20210604,1079,1079,1044.95,1060.55,177809
BAJAJFINSV,20210604,11855,12190,11785,12155.65,410769
BAJAJHIND,20210604,12.25,12.25,12.25,12.25,2472156
BAJAJHLDNG,20210604,3530.05,3544.7,3517.45,3527.35,69042
BAJFINANCE,20210604,5915,6010,5900,5993.45,2445367
BALAJITELE,20210604,67.55,68.5,66.85,67.15,302013
BALAMINES,20210604,2714,2738,2683,2701.15,58827
BALAXI,20210604,637.95,643.9,609,613.3,4944
BALKRISHNA,20210604,22,22.15,20.95,21.6,5295
BALKRISIND,20210604,2222,2244,2190.65,2213.2,292045
BALMLAWRIE,20210604,137.75,138.4,136,137,331603
BALPHARMA,20210604,103,103,101,101.1,28452
BALRAMCHIN,20210604,314.95,319.15,309.5,317,1348195
BANARBEADS,20210604,58.5,61.25,56.8,58.7,117635
BANARISUG,20210604,1768,1815,1713.6,1772.1,6039
BANCOINDIA,20210604,163,167.1,163,164.5,195757
BANDHANBNK,20210604,318.95,318.95,311.3,314.85,5654513
BANG,20210604,33.05,33.4,32,32.4,13822
BANKA,20210604,72.85,74.75,72.85,74.45,3424
BANKBARODA,20210604,82.1,82.85,81.15,81.85,38123227
BANKBEES,20210604,369,369,354.05,354.71,977349
BANKINDIA,20210604,80.85,84.8,80.55,82.4,44924053
BANSWRAS,20210604,177.2,182.45,167.55,174.5,109884
BARBEQUE,20210604,834.9,878,820,850.35,248984
BASF,20210604,2530,2549,2495,2499.65,33251
BASML,20210604,84.5,84.5,78.5,79.65,98143
BATAINDIA,20210604,1548.05,1562.85,1541.05,1558.95,219389
BAYERCROP,20210604,5319,5334.4,5285,5300.15,18542
BBL,20210604,1265,1279,1256.15,1271.75,9133
BBTC,20210604,1297.6,1310,1277.05,1282.3,52137
BCG,20210604,10.05,10.05,10.05,10.05,1187228
BCLIND,20210604,182.95,183.8,177,179.6,138867
BCP,20210604,3.6,3.65,3.4,3.4,3199175
BDL,20210604,368.85,373,363.7,365.2,153119
BEARDSELL,20210604,14.3,14.3,13.5,13.8,13596
BECTORFOOD,20210604,420,427.85,420,422.6,429420
BEDMUTHA,20210604,23.3,23.9,22.3,23.45,51190
BEL,20210604,151.6,153.2,150.85,152.8,7858061
BEML,20210604,1316,1366,1312.3,1346.15,1519294
BEPL,20210604,177.4,188.7,168,185.85,9229311
BERGEPAINT,20210604,797.55,804.5,794.35,796.35,620631
BESTAGRO,20210604,294.25,300.55,282.55,296.9,69197
BFINVEST,20210604,322.1,338,317.65,324.25,112077
BFUTILITIE,20210604,310.7,328.1,308.15,317,1179268
BGRENERGY,20210604,62.35,64.5,61.85,62.15,318766
BHAGERIA,20210604,199.9,204,197,199.9,146202
BHAGYANGR,20210604,51.5,54.5,51,54.15,79623
BHAGYAPROP,20210604,31.5,31.5,29,29.9,60078
BHANDARI,20210604,2.95,3.05,2.85,2.95,200822
BHARATFORG,20210604,698.5,758.65,695.1,750.9,22014361
BHARATGEAR,20210604,102.9,109.5,100.4,107.05,148886
BHARATRAS,20210604,13121,13188.7,12902.1,12997.1,2379
BHARATWIRE,20210604,56,57.7,55.3,56,39655
BHARTIARTL,20210604,533.95,535.8,531.2,532.7,4788898
BHEL,20210604,72.35,75.25,71.3,73.9,90382724
BIGBLOC,20210604,93.8,98.25,89,91.05,29181
BIL,20210604,213,216.15,209,215,4109
BINDALAGRO,20210604,24.7,25.45,24.45,24.85,145362
BIOCON,20210604,385.2,387.8,383.85,384.9,1481960
BIOFILCHEM,20210604,70.95,70.95,68.8,70,45340
BIRLACABLE,20210604,77.35,77.35,74.5,74.9,115200
BIRLACORPN,20210604,1267,1267,1222.3,1224.9,140824
BIRLAMONEY,20210604,46.45,49.05,46.45,47.85,679809
BIRLATYRE,20210604,28,28.3,27.4,28.05,339577
BKMINDST,20210604,1.05,1.05,1,1,39381
BLBLIMITED,20210604,7.05,7.05,6.65,6.8,31195
BLISSGVS,20210604,111.75,114.3,111.3,113.1,645620
BLKASHYAP,20210604,19.15,19.75,18.6,19.6,585355
BLS,20210604,127.85,128.7,124.25,125.3,572975
BLUEDART,20210604,6055,6100,6008.3,6035,11130
BLUESTARCO,20210604,844,851,823.4,827.25,111181
BODALCHEM,20210604,103.6,104.75,101.8,102.3,600723
BOMDYEING,20210604,83,83.2,80.8,81.7,2062027
BOROLTD,20210604,227.95,227.95,220.55,221.75,174578
BORORENEW,20210604,277.9,278.25,270.9,271.8,325557
BOSCHLTD,20210604,15574,15733.25,15515.1,15636.85,37524
BPCL,20210604,474.8,482.8,474.05,478.25,8879733
BPL,20210604,35.85,35.85,34.5,34.65,121240
BRFL,20210604,6.55,7,6.45,6.9,745361
BRIGADE,20210604,271.95,275.75,267,268.45,142408
BRITANNIA,20210604,3500,3512,3480,3489.3,312826
BRNL,20210604,31.35,31.9,30.3,30.65,238653
BROOKS,20210604,105.45,106.75,99.05,102.65,55991
BSE,20210604,931,947.45,921.3,928.95,603089
BSELINFRA,20210604,1.3,1.3,1.3,1.3,240390
BSHSL,20210604,204,204,188.8,196.05,2736
BSL,20210604,55,59.7,55,59.7,334837
BSLGOLDETF,20210604,4438.95,4463.2,4410.1,4425.95,291
BSLNIFTY,20210604,174.99,176.4,172.43,172.76,602
BSOFT,20210604,330.9,339.3,330,333.3,2187151
BURGERKING,20210604,150.6,157.8,150.25,156.65,7413197
BUTTERFLY,20210604,795.05,830,790.15,805.1,75041
BVCL,20210604,22,23,21.5,22.95,12919
BYKE,20210604,30.95,32.2,29.55,31.8,184277
CADILAHC,20210604,634.3,644.8,632.35,636.5,5495252
CALSOFT,20210604,10.2,10.2,9.85,9.9,32031
CAMLINFINE,20210604,181.3,181.65,175.05,177.55,324171
CAMS,20210604,2530,2566.5,2524.8,2533,131885
CANBK,20210604,163,163.95,159.85,161.1,13841718
CANFINHOME,20210604,545.1,562,542.1,550.6,1293219
CANTABIL,20210604,390.15,397.3,381.35,385.5,97330
CAPACITE,20210604,207.3,212,204.85,207.35,261543
CAPLIPOINT,20210604,607.9,608.9,597,598.2,141398
CAPTRUST,20210604,94.5,94.5,90.05,91.2,11267
CARBORUNIV,20210604,582.1,598.35,582.1,589.8,108557
CAREERP,20210604,139,145.05,136.2,140.25,491548
CARERATING,20210604,569.45,582.35,567.1,573.3,208887
CASTROLIND,20210604,139.3,144.5,138,141.05,16985452
CCCL,20210604,0.65,0.7,0.6,0.7,705869
CCHHL,20210604,6.2,6.2,5.7,6.2,319644
CCL,20210604,373,373,359.1,364.1,308406
CDSL,20210604,971.5,990.25,961.3,973.55,705654
CEATLTD,20210604,1343.9,1346.85,1322.5,1330.05,121782
CEBBCO,20210604,19.85,20.2,19.5,19.95,63916
CELEBRITY,20210604,7.2,7.2,6.75,6.95,64730
CENTENKA,20210604,403,414.4,393.2,400.25,443316
CENTEXT,20210604,7.45,7.55,7.05,7.25,390160
CENTRALBK,20210604,21.15,21.95,20.7,21.3,37587230
CENTRUM,20210604,37.5,38.5,37.25,37.8,1581718
CENTUM,20210604,423,453.05,420,435.2,47608
CENTURYPLY,20210604,411.25,411.9,402.75,405.05,152549
CENTURYTEX,20210604,506,512.45,505.15,508.9,312442
CERA,20210604,4022,4100,4020,4057.05,3674
CEREBRAINT,20210604,51.4,56.5,50.55,55.9,2693489
CESC,20210604,695,708.75,693.2,699.1,480139
CGCL,20210604,518.5,548.65,511.75,521,120922
CGPOWER,20210604,86.35,86.35,84.2,84.55,1647135
CHALET,20210604,188.3,195.5,187.25,191.55,1125720
CHAMBLFERT,20210604,289,292,287.1,289.45,680970
CHEMBOND,20210604,200.5,202.4,195.05,199.4,84757
CHEMCON,20210604,480.7,489.9,475,476.8,623276
CHEMFAB,20210604,150,150.05,145.6,146.85,9028
CHENNPETRO,20210604,133,138.5,132.8,136.15,1971306
CHOLAFIN,20210604,573.9,573.9,561.25,570.7,2270508
CHOLAHLDNG,20210604,680,685,672.9,679.75,135375
CIGNITITEC,20210604,461,469.5,445.5,459.35,102952
CINELINE,20210604,44.2,44.8,43,44.1,131150
CINEVISTA,20210604,12.45,12.45,11.65,12.3,41029
CIPLA,20210604,948,951.5,936.5,946.4,3057699
CLEDUCATE,20210604,92.75,93.6,87.55,93.6,124603
CLNINDIA,20210604,502.8,508,493.75,497.5,98506
CLSEL,20210604,130.95,133.65,128.75,129.9,107368
CMICABLES,20210604,46,48.2,44.6,48.2,110288
COALINDIA,20210604,149,154.4,148.2,153.1,29422387
COCHINSHIP,20210604,386.4,389.2,381,381.95,249856
COFFEEDAY,20210604,35.6,38.6,35.6,38.05,3333529
COFORGE,20210604,3660,3715,3650,3694.1,663470
COLPAL,20210604,1721,1721,1691.8,1696.65,361378
COMPINFO,20210604,29,29.2,26.6,27,833630
COMPUSOFT,20210604,10.8,10.95,10.5,10.6,133123
CONCOR,20210604,707,716.5,701.7,713.55,2180533
CONFIPET,20210604,63.35,63.5,61.5,61.75,650223
CONSOFINVT,20210604,65,69.1,61.25,67.85,30951
CONTROLPR,20210604,371.8,375,363.55,364.9,18102
CORALFINAC,20210604,34.05,34.05,33,33.25,71308
CORDSCABLE,20210604,58,59.4,56,56.45,193021
COROMANDEL,20210604,822.5,853.9,820.1,832.2,991173
COSMOFILMS,20210604,794.95,801,785,796.95,37240
COUNCODOS,20210604,2.4,2.5,2.4,2.45,299874
CPSEETF,20210604,25.8,25.95,25.45,25.9,7809569
CRAFTSMAN,20210604,1786,1807.7,1770,1791.9,108480
CREATIVE,20210604,86.8,87,84,84.1,88103
CREATIVEYE,20210604,2.9,3,2.9,3,6884
CREDITACC,20210604,692.8,751,689.05,737.45,713042
CREST,20210604,102,102.3,98,100.35,20574
CRISIL,20210604,2052,2080.45,2009,2018.55,47212
CROMPTON,20210604,418,418,398.15,400.05,1958545
CSBBANK,20210604,327,327,320,322.45,304485
CTE,20210604,33.35,34.5,33,33.55,34505
CUB,20210604,167.9,168.9,165.55,165.95,1899228
CUBEXTUB,20210604,27.15,27.4,26.4,26.85,12758
CUMMINSIND,20210604,812.5,820.9,804.5,810.7,1613019
CUPID,20210604,230,234.65,229.7,231.3,551031
CYBERMEDIA,20210604,10.75,10.75,9.95,10.1,40165
CYBERTECH,20210604,144.75,144.75,141.5,142,123034
CYIENT,20210604,803,807,800.1,803.95,100782
DAAWAT,20210604,78,78.5,76.65,77,2552134
DABUR,20210604,542,545,539.35,544.05,1964169
DALALSTCOM,20210604,0.7,0.75,0.7,0.7,15966
DALBHARAT,20210604,1798.4,1815.35,1775.6,1791.05,144927
DALMIASUG,20210604,331.65,337.9,328.5,335.25,191706
DAMODARIND,20210604,36.8,36.9,34.45,35.15,24327
DANGEE,20210604,162,172,162,168,9747
DATAMATICS,20210604,142.9,144.5,140,141.3,398519
DBCORP,20210604,95.55,96.15,94.3,95.4,275529
DBL,20210604,565,565.8,550.75,552.7,309154
DBREALTY,20210604,22.15,22.15,20.1,20.75,1781564
DBSTOCKBRO,20210604,17.3,17.8,17.25,17.25,19692
DCAL,20210604,213,214.7,208.1,210.95,536017
DCBBANK,20210604,104.55,105.3,102.65,104.25,1406744
DCM,20210604,34.85,38.1,34.4,36.95,261226
DCMFINSERV,20210604,1.85,1.85,1.75,1.8,13169
DCMNVL,20210604,128.8,129.9,123.4,127.45,56988
DCMSHRIRAM,20210604,726,726,701.25,707.25,140552
DCW,20210604,37.6,38.25,37.05,37.2,2276137
DECCANCE,20210604,503.8,512.2,501.5,510.6,56018
DEEPAKFERT,20210604,298,298,291.05,294.5,411318
DEEPAKNTR,20210604,1746,1755,1718,1731.65,886686
DEEPENR,20210604,42.05,42.9,40.65,41.4,57370
DEEPINDS,20210604,61.95,65.5,60.95,64.3,51875
DELTACORP,20210604,177.8,186.5,177.05,185.25,7380067
DELTAMAGNT,20210604,40.15,40.15,38.6,40.15,22072
DEN,20210604,53.25,54.25,52.7,53.45,6704397
DENORA,20210604,347.9,379.75,346.1,375.4,155205
DFMFOODS,20210604,399.9,411.55,382.55,388.3,285070
DGCONTENT,20210604,8.2,9.9,8.2,8.6,184994
DHAMPURSUG,20210604,323.8,329.9,320,325.85,381430
DHANBANK,20210604,15.2,16.15,14.9,15.4,3179719
DHANI,20210604,180,186.2,179.9,186.2,758682
DHANUKA,20210604,937,948,923,931.65,99573
DHARSUGAR,20210604,10.6,10.85,10.45,10.85,101219
DHFL,20210604,18.15,18.95,17.85,18.95,6039334
DHUNINV,20210604,417,449,417,443.2,14456
DIAMONDYD,20210604,627.5,633,621,623.65,29049
DICIND,20210604,480,529.8,472,504.9,362638
DIGISPICE,20210604,54,55.1,53.5,55.1,402190
DISHTV,20210604,15.3,16.3,15,15.95,25294891
DIVISLAB,20210604,4233.6,4277.9,4217.55,4261.6,389667
DIXON,20210604,4372,4395,4250,4287.25,261199
DLF,20210604,298.9,302.35,293.65,296.95,7966626
DLINKINDIA,20210604,112,113.6,110.6,111.1,614566
DMART,20210604,3222,3257,3170,3197,393038
DNAMEDIA,20210604,2.4,2.4,2.4,2.4,185825
DOLAT,20210604,74.45,75.25,73,74.2,228574
DOLLAR,20210604,336.1,339.1,324.1,326.4,220590
DONEAR,20210604,37.75,38.4,36.6,37.05,95671
DPABHUSHAN,20210604,162,169.9,152.6,160.35,86156
DPSCLTD,20210604,13.05,13.05,12.6,12.75,41353
DPWIRES,20210604,148,154.6,145.25,151.75,54640
DRCSYSTEMS,20210604,278,298,276.45,280.35,2061
DREDGECORP,20210604,394,411.7,390.85,404,420160
DRREDDY,20210604,5282.55,5290,5242,5255,401531
DSSL,20210604,120.8,124.45,114.85,116.1,59514
DTIL,20210604,357.5,373,350.3,365.6,38442
DUCON,20210604,9.8,9.8,9.5,9.8,252449
DVL,20210604,212,213.4,200.2,205.85,247778
DWARKESH,20210604,56.75,57.9,55.55,56.8,3274582
DYNAMATECH,20210604,1490,1520.05,1460,1490.65,27733
DYNPRO,20210604,519.1,536.65,495,501.7,193268
EASEMYTRIP,20210604,373.9,390,365.3,373.1,3238548
EASTSILK,20210604,3.9,3.9,3.9,3.9,101047
EBANK,20210604,3800,3929.25,3800,3914,6
EBBETF0423,20210604,1133.5,1133.99,1132.49,1133.94,36490
EBBETF0425,20210604,1044,1049,1044,1047.77,8735
EBBETF0430,20210604,1159.23,1159.99,1157,1158.11,21834
EBBETF0431,20210604,1041.97,1042.49,1040.8,1041.23,58526
EBIXFOREX,20210604,670,679.2,655.2,668.15,3287
ECLERX,20210604,1280,1280,1233,1267.65,57771
EDELWEISS,20210604,68.1,70.8,66.7,70.8,4380711
EICHERMOT,20210604,2767.45,2775,2724.1,2744.6,621362
EIDPARRY,20210604,425.5,427.9,418,419.55,318661
EIHAHOTELS,20210604,316.9,373,311.9,373,246971
EIHOTEL,20210604,113.4,121.25,111.85,116.65,6580861
EIMCOELECO,20210604,393,400,383.2,386.9,8220
EKC,20210604,104.75,107.7,102.5,103.65,789569
ELECON,20210604,123.75,130,123.5,124.4,2630241
ELECTCAST,20210604,32.8,32.95,31.9,32.05,622942
ELECTHERM,20210604,136.35,136.35,127.8,130.75,54533
ELGIEQUIP,20210604,215,215.45,212,213,109112
ELGIRUBCO,20210604,37.8,38.4,37.1,37.4,81844
EMAMILTD,20210604,552,566.6,536.65,538.6,752789
EMAMIPAP,20210604,168.95,169,159.25,160.75,327548
EMAMIREAL,20210604,63.8,64.05,57.5,61.35,226021
EMKAY,20210604,80.8,82.4,77.55,79.3,115495
EMMBI,20210604,106.45,106.6,101,102.5,97015
ENDURANCE,20210604,1515.45,1541.15,1486,1498.35,99760
ENERGYDEV,20210604,10.2,10.3,9.9,10.15,40621
ENGINERSIN,20210604,85.35,85.65,83.65,84.25,2557421
ENIL,20210604,175.35,179.8,173.25,173.85,85374
EPL,20210604,246.55,249.65,236,246.55,397989
EQ30,20210604,419,424.3,412.05,420.89,339
EQUITAS,20210604,89.95,92,89.25,91.25,2000464
EQUITASBNK,20210604,61.9,61.9,60.5,60.95,354405
ERIS,20210604,705,730,695,718.55,327154
EROSMEDIA,20210604,30.85,31.1,29.6,30.05,500242
ESABINDIA,20210604,1817.15,1837,1816.25,1833.15,3177
ESCORTS,20210604,1228.95,1234.25,1207.7,1218.95,2445770
ESSARSHPNG,20210604,10.1,10.55,10.05,10.15,198393
ESTER,20210604,141.2,141.9,137.15,137.85,197193
EVEREADY,20210604,330.8,343.85,330.8,334.75,897195
EVERESTIND,20210604,395.8,396.45,383.8,385.65,75197
EXCEL,20210604,2.4,2.45,2.35,2.4,80576
EXCELINDUS,20210604,1135.5,1148.8,1100,1106.55,35276
EXIDEIND,20210604,193,194.75,192.2,193.55,2148874
EXPLEOSOL,20210604,603,629,599,621.05,69832
FACT,20210604,123.9,127.75,121.35,122,420066
FAIRCHEMOR,20210604,942,942,925,937.05,13973
FCL,20210604,90,91.85,87.5,89.85,738462
FCONSUMER,20210604,8,8.4,7.8,8.35,66694660
FCSSOFT,20210604,1.4,1.4,1.4,1.4,1693952
FDC,20210604,339.45,339.45,335.65,336.9,202412
FEDERALBNK,20210604,88.1,88.5,86.9,87.85,13270504
FEL,20210604,10.3,10.6,9.9,10.6,3929640
FELDVR,20210604,13.85,13.85,13.15,13.6,105489
FIEMIND,20210604,684.1,693,673.05,683.6,48154
FILATEX,20210604,98,98.6,95.5,96.05,308585
FINCABLES,20210604,460,485.4,456.25,481.05,1915604
FINEORG,20210604,3014,3025,2976.7,3000.85,31453
FINPIPE,20210604,171.7,171.7,167.4,168.1,477641
FLEXITUFF,20210604,24,24.45,23.25,23.85,5653
FLFL,20210604,65.8,67.25,65.2,67.25,494065
FLUOROCHEM,20210604,1004.5,1049,992.35,1038.7,959494
FMGOETZE,20210604,332.95,335.75,323.3,327.7,254323
FMNL,20210604,16.1,16.45,15.9,16.4,174792
FORCEMOT,20210604,1199,1205.5,1184.5,1189.3,21221
FORTIS,20210604,228.35,229.2,223.65,226.95,6764676
FOSECOIND,20210604,1418.9,1446.95,1409.95,1435.55,3203
FRETAIL,20210604,54.25,55.1,53,55.1,8737147
FSC,20210604,84.95,86.6,82.6,86.6,222542
FSL,20210604,149.9,151.9,147.2,148.2,3654301
G5,20210604,48.36,48.41,48.34,48.41,1308
GABRIEL,20210604,129,129.7,125.45,128.7,1265633
GAEL,20210604,164.7,165.15,162,163,317638
GAIL,20210604,161.3,164.75,160.3,162,13451403
GAL,20210604,2.15,2.2,2.05,2.15,1164019
GALAXYSURF,20210604,3000,3009,2946.05,2974.95,38986
GALLANTT,20210604,59.7,60.2,58.5,59.35,31082
GALLISPAT,20210604,47.8,48.25,46.7,47.95,71646
GAMMNINFRA,20210604,1.75,1.75,1.65,1.75,11690191
GANDHITUBE,20210604,341.5,342,331.55,338.9,21970
GANECOS,20210604,561.6,570.5,549.95,555.9,183340
GANESHHOUC,20210604,91.35,91.35,91.35,91.35,45248
GANGESSECU,20210604,73,73.7,70.1,73.05,21845
GARFIBRES,20210604,2880,2900,2842.85,2892.8,9996
GATI,20210604,124.15,125.4,123.15,124,841022
GAYAHWS,20210604,1.1,1.1,1.05,1.05,188518
GAYAPROJ,20210604,35.7,36.1,34.8,35,634149
GDL,20210604,309.65,310,297.35,301.15,259184
GEECEE,20210604,111.1,114,110.3,111.25,10989
GEEKAYWIRE,20210604,90.15,91.45,89.2,90.6,6647
GENCON,20210604,46.8,46.85,44.5,44.95,34878
GENESYS,20210604,103.95,104.45,99,101.25,18469
GENUSPAPER,20210604,9.75,9.75,9.3,9.4,399342
GENUSPOWER,20210604,50.6,52.75,50.6,52.15,620118
GEOJITFSL,20210604,67.65,73.1,66.55,71.3,2124905
GEPIL,20210604,295,317.5,293.25,307.75,1722528
GESHIP,20210604,430,435.5,422.5,423.95,341979
GET&D,20210604,134.4,140,134,138.05,386161
GFLLIMITED,20210604,81.1,83.7,78.1,79.1,274958
GFSTEELS,20210604,2.8,2.8,2.8,2.8,1797
GHCL,20210604,269,275,267.15,273.05,373340
GICHSGFIN,20210604,143.4,152.4,143.05,150.45,4102624
GICRE,20210604,202.4,203.7,199.1,200.65,944342
GILLANDERS,20210604,43.5,45.8,42.5,45.3,46439
GILLETTE,20210604,5615,5685,5611.3,5658.45,8342
GINNIFILA,20210604,31.45,31.45,29.5,30,187745
GIPCL,20210604,82.2,83.45,81.8,81.9,533327
GISOLUTION,20210604,3.15,3.15,3.15,3.15,1303
GKWLIMITED,20210604,629.9,629.9,588.65,601,1990
GLAND,20210604,3196.5,3196.5,3112.85,3134.15,134920
GLAXO,20210604,1521,1527.05,1505.05,1507.6,16615
GLENMARK,20210604,619.4,625.9,612.25,614.4,2051532
GLFL,20210604,2.25,2.25,2.15,2.25,3501
GLOBAL,20210604,53.45,54.85,53.05,53.65,25585
GLOBALVECT,20210604,48.65,49.7,46.15,48.6,25250
GLOBE,20210604,54,55.8,51.3,55.8,292757
GLOBUSSPR,20210604,337.85,359.95,335,351.7,1642567
GMBREW,20210604,499.4,552.9,495.6,524.15,1120278
GMDCLTD,20210604,73.95,75.45,73,74.75,2350791
GMMPFAUDLR,20210604,4914,4970.95,4821,4844.45,53424
GMRINFRA,20210604,26.15,26.35,26,26.2,6786107
GNA,20210604,444.5,449,433.6,445.55,119978
GNFC,20210604,389,389,381.05,385.15,406346
GOACARBON,20210604,361.45,377,353.6,377,252972
GOCLCORP,20210604,255,255,237.05,249.75,85474
GODFRYPHLP,20210604,916.9,953.1,914.85,936.05,279243
GODHA,20210604,40.5,41.8,40.5,41.8,4829
GODREJAGRO,20210604,563.45,568.7,556.9,563.2,100313
GODREJCP,20210604,864.8,869.75,843.35,852.55,1553693
GODREJIND,20210604,529.25,531.55,525,525.9,119899
GODREJPROP,20210604,1419.5,1425,1403.05,1408.95,663211
GOKEX,20210604,150,153.8,146,149.55,760714
GOKUL,20210604,37,37.4,34.9,35.05,992802
GOKULAGRO,20210604,42.6,45.9,42.05,45.1,997577
GOLDBEES,20210604,42.24,42.24,41.99,42.12,5901860
GOLDENTOBC,20210604,52.35,52.35,49.6,50.15,29650
GOLDIAM,20210604,417.05,428,417.05,419.7,78376
GOLDSHARE,20210604,42.85,42.85,42.3,42.45,280121
GOLDTECH,20210604,11.35,11.5,11.05,11.25,24392
GOODLUCK,20210604,114.45,117.95,105.2,107.25,1271025
GOODYEAR,20210604,983.35,985.05,975,977.4,45271
GPIL,20210604,974,976,961,965.3,88854
GPPL,20210604,105,105.95,102.65,103.65,1178742
GPTINFRA,20210604,56.7,60.35,54.5,57.55,302339
GRANULES,20210604,324.9,331,322.15,327.85,4146489
GRAPHITE,20210604,768,771.9,752.7,757.7,879460
GRASIM,20210604,1458.8,1507,1452.35,1503.25,2556166
GRAVITA,20210604,102,103.8,100.85,102.1,111098
GREAVESCOT,20210604,129,131.95,128,129.2,1226382
GREENLAM,20210604,1258.4,1265.5,1203.6,1215.55,7949
GREENPANEL,20210604,244,251.4,243,249.55,287408
GREENPLY,20210604,197,210.6,197,203.65,1001059
GREENPOWER,20210604,2.4,2.4,2.35,2.4,1850703
GRINDWELL,20210604,1210.5,1220,1190.25,1202.15,73836
GROBTEA,20210604,988,992,941,968.55,3337
GRPLTD,20210604,1051.15,1105,1033.25,1077.7,2460
GRSE,20210604,187,187.9,183.55,184.85,236654
GSCLCEMENT,20210604,40.1,41.5,39.6,40.7,430995
GSFC,20210604,109.7,112.9,108.3,111.75,3529911
GSPL,20210604,290,310,290,308.1,13041860
GSS,20210604,66,66.55,64.6,65.4,110478
GTL,20210604,11,11.15,11,11.15,195778
GTLINFRA,20210604,1.15,1.15,1.1,1.1,39308565
GTNTEX,20210604,6.3,6.3,6,6.25,890
GTPL,20210604,165,179.8,165,169.2,653858
GUFICBIO,20210604,189.3,193.5,189.3,190.7,565874
GUJALKALI,20210604,407.85,410.6,401.6,404.15,270412
GUJAPOLLO,20210604,224,225.9,218.65,223.15,7813
GUJGASLTD,20210604,580.1,596,573.3,589.75,2600687
GUJRAFFIA,20210604,68.05,72.9,68.05,68.9,6079
GULFOILLUB,20210604,705,715,698.05,699.25,190585
GULFPETRO,20210604,62.6,65,61.9,64.65,676558
GULPOLY,20210604,168,168.65,163.3,165.05,85019
HAL,20210604,1056.1,1087.9,1032.55,1062.45,546453
HAPPSTMNDS,20210604,904,911.4,892.05,901.6,1790837
HARRMALAYA,20210604,191.7,203,187.75,198.95,351132
HATHWAY,20210604,25.95,26.65,25.85,25.9,6294542
HATSUN,20210604,857.95,861.9,846.35,857.05,27698
HAVELLS,20210604,1080,1084.8,1055,1056.8,1390616
HAVISHA,20210604,1.15,1.15,1.15,1.15,89120
HBANKETF,20210604,353.25,356.44,351,352.65,2142
HBLPOWER,20210604,44.9,45.45,43.7,44.1,773301
HBSL,20210604,18.15,18.15,17,17.15,26616
HCC,20210604,10.75,10.8,10.35,10.45,3700984
HCG,20210604,180.6,187.45,180.6,186.15,41164
HCL-INSYS,20210604,11.45,11.6,10.9,11.2,1533537
HCLTECH,20210604,940.1,944.2,934.75,936.55,3550303
HDFC,20210604,2588,2626,2584.05,2619.05,3593742
HDFCAMC,20210604,3079,3100,3060,3067.6,223282
HDFCBANK,20210604,1516,1520.65,1499.2,1500.95,4712238
HDFCLIFE,20210604,678.75,688.75,677.6,680.9,2532605
HDFCMFGETF,20210604,43.45,43.45,43.04,43.12,761112
HDFCNIFETF,20210604,180.8,180.8,165.02,166.58,11592
HDFCSENETF,20210604,555.99,559.85,546,557.36,2218
HEG,20210604,2250,2285.95,2225.4,2248.95,452895
HEIDELBERG,20210604,253.8,254.1,249,250.1,553324
HEMIPROP,20210604,143.75,147.1,142.3,147.1,2552286
HERANBA,20210604,760,775.5,753.4,767.15,331758
HERCULES,20210604,137,138.4,133.3,134.75,121265
HERITGFOOD,20210604,378,408,374.05,400.6,1680721
HEROMOTOCO,20210604,3005,3055,3004.85,3048.4,1023321
HESTERBIO,20210604,2720,2729.7,2644.4,2679.3,17065
HEXATRADEX,20210604,116.5,120.9,115,120.5,72093
HFCL,20210604,46.7,47.5,46.15,46.25,13759552
HGINFRA,20210604,411.4,428,397,419.85,301149
HGS,20210604,2061,2336.85,2051,2251.6,410343
HIKAL,20210604,430,442.65,422.1,442.65,1836955
HIL,20210604,4732,4799,4609,4641.65,19024
HILTON,20210604,13.3,13.3,12.65,12.75,13376
HIMATSEIDE,20210604,170.9,172,166.55,168.05,157847
HINDALCO,20210604,400,400,392.3,395.05,10040657
HINDCOMPOS,20210604,315.05,318.75,306.35,309.45,11504
HINDCOPPER,20210604,161,161.75,158,159,5857184
HINDMOTORS,20210604,8.15,8.15,7.8,7.95,203357
HINDNATGLS,20210604,35.5,35.7,34.8,35.05,36064
HINDOILEXP,20210604,105.9,106.7,104.25,104.7,801801
HINDPETRO,20210604,287.65,302.35,286.35,298.8,14910156
HINDUNILVR,20210604,2370,2370,2333.95,2342.05,1283795
HINDZINC,20210604,323,334.9,322.05,333.7,3080244
HIRECT,20210604,149.25,149.95,141.3,148.8,50914
HISARMETAL,20210604,115.9,115.9,111.55,113.65,21191
HITECH,20210604,421.9,429.35,419,427.8,94713
HITECHCORP,20210604,178,181,171.65,173.7,19780
HITECHGEAR,20210604,242,242,234,238.6,12633
HLEGLAS,20210604,3420,3444.8,3350,3380.9,5154
HLVLTD,20210604,9.25,10.85,9.2,10.85,5791600
HMVL,20210604,91.15,93,88.65,89.25,84611
HNDFDS,20210604,2110,2158.75,2091,2099.45,19824
HNGSNGBEES,20210604,353.9,353.99,350,352.82,2300
HOMEFIRST,20210604,567.15,574,553.25,570.15,171280
HONAUT,20210604,42249,42249,41852,41927.15,2133
HONDAPOWER,20210604,1080,1087.8,1072.65,1084.55,7804
HOTELRUGBY,20210604,1.55,1.55,1.55,1.55,7817
HOVS,20210604,53.65,55.9,52.5,52.9,7272
HPL,20210604,53.7,55.3,53.7,54.6,162603
HSCL,20210604,52,52.15,50.85,51.15,5466111
HSIL,20210604,229.6,234.55,225,227.95,176205
HTMEDIA,20210604,25.75,26.75,25.5,25.95,266994
HUBTOWN,20210604,22.65,23.75,22.65,23.65,114242
HUDCO,20210604,49.75,51.9,49.6,51.05,10160167
HUHTAMAKI,20210604,305,309.7,300,301.1,340028
IBMFNIFTY,20210604,160.6,168.95,153.6,160.57,4878
IBREALEST,20210604,106.9,114,104.05,112.75,27880963
IBULHSGFIN,20210604,229.9,272.75,227.75,261.35,67011564
ICEMAKE,20210604,76.3,83,76.25,81.4,76030
ICICI500,20210604,220.49,221.04,216.95,220.33,3085
ICICIALPLV,20210604,155.9,155.98,154,154.48,1861
ICICIB22,20210604,39.79,39.93,39.25,39.87,1258865
ICICIBANK,20210604,653,654.9,639.4,642.7,15111572
ICICIBANKN,20210604,364.11,364.11,350,352.18,28500
ICICIBANKP,20210604,185,185.05,181.73,182.48,87213
ICICIGI,20210604,1481,1481,1444,1447.5,1058971
ICICIGOLD,20210604,42.83,43.43,42.71,43.1,401067
ICICILIQ,20210604,1005,1018,999.99,999.99,54713
ICICILOVOL,20210604,129.4,129.4,125.49,127.1,153799
ICICIM150,20210604,100.15,100.99,99.7,100.11,60144
ICICIMCAP,20210604,93.7,93.7,91.25,91.8,21080
ICICINF100,20210604,172.99,172.99,170.4,171.88,10260
ICICINIFTY,20210604,192.2,192.2,165,167.01,201006
ICICINV20,20210604,71.3,89.4,71.3,82.41,9515
ICICINXT50,20210604,42.9,42.9,38.95,39.47,58353
ICICIPHARM,20210604,86,86,84.2,84.99,29259
ICICIPRULI,20210604,572.25,581,570.25,578.25,2107895
ICICISENSX,20210604,569.99,569.99,561.6,563.05,1577
ICICITECH,20210604,274.55,274.58,271.8,272.17,6538
ICIL,20210604,154,155.35,148.7,152.55,307371
ICRA,20210604,3279,3325,3188.95,3202.15,9378
IDBI,20210604,40.4,40.4,39.15,39.35,29380737
IDBIGOLD,20210604,4548,4548,4462.25,4483.8,65
IDEA,20210604,9.4,9.85,9.35,9.75,364137160
IDFC,20210604,57.1,57.5,56.35,57.1,3876999
IDFCFIRSTB,20210604,60.75,61.15,59.45,59.8,27777406
IDFNIFTYET,20210604,164,164.12,163.39,163.71,779
IEX,20210604,359,359.7,354.05,355,1715817
IFBAGRO,20210604,504,519.9,498,504.4,67993
IFBIND,20210604,1149.85,1150,1107.4,1117.9,81127
IFCI,20210604,13.25,13.25,12.8,12.85,5942398
IFGLEXPOR,20210604,362,383.7,362,380.7,262996
IGARASHI,20210604,433,434.9,425.6,429,44721
IGL,20210604,526,529.45,519.25,524.2,3250757
IGPL,20210604,601,606.45,588,591.2,286171
IIFL,20210604,263.5,270,256.65,266.05,259151
IIFLSEC,20210604,76.95,77.5,75.3,76.25,746327
IIFLWAM,20210604,1184.9,1195.9,1170,1179.5,26220
IITL,20210604,77.8,77.8,74.35,75.6,3708
IMAGICAA,20210604,7.55,7.9,7.35,7.75,352367
IMFA,20210604,453.4,479,447.05,477.3,160099
IMPAL,20210604,652,677,652,674.5,2777
IMPEXFERRO,20210604,0.85,0.85,0.85,0.85,13413
INCREDIBLE,20210604,29.25,29.4,28.4,28.6,25989
INDBANK,20210604,15.55,16.1,15.35,15.75,203620
INDHOTEL,20210604,139,144,135.25,136.8,19930452
INDIACEM,20210604,190,192.7,188,189.1,3656306
INDIAGLYCO,20210604,525.4,558.65,517.75,549.45,681599
INDIAMART,20210604,6959,7099,6878.15,6930.25,212185
INDIANB,20210604,146.6,147.95,142.15,143.4,3813824
INDIANCARD,20210604,159.9,164.75,155.55,159.7,6878
INDIANHUME,20210604,229,230.35,221,221.75,167832
INDIGO,20210604,1770,1780,1747.8,1754.45,423366
INDIGOPNTS,20210604,2542.7,2575,2468,2484,92503
INDLMETER,20210604,16.05,16.05,15.05,15.45,28734
INDNIPPON,20210604,364.9,365,358.3,359.5,48405
INDOCO,20210604,392.35,399.45,390.05,391.6,248802
INDORAMA,20210604,53.4,53.5,51.3,52.6,92181
INDOSTAR,20210604,380,415,370.15,392.9,1139364
INDOTECH,20210604,127,128,124,124.65,11909
INDOTHAI,20210604,51,53.45,51,53.35,3675
INDOWIND,20210604,4.45,4.5,4.35,4.5,145047
INDRAMEDCO,20210604,89.8,96,89.2,91.5,3874544
INDSWFTLAB,20210604,86.75,87.25,83.45,86.05,142415
INDTERRAIN,20210604,34.6,34.85,33.6,34.3,126331
INDUSINDBK,20210604,1012.2,1023.4,1004,1009.3,4323154
INDUSTOWER,20210604,247,248.9,244.25,248.15,2550954
INEOSSTYRO,20210604,1410,1490,1392.75,1465.5,191532
INFIBEAM,20210604,51.65,51.7,49.5,49.9,7069296
INFOBEAN,20210604,275.8,310,274,304.6,310641
INFOMEDIA,20210604,4.3,4.3,4.3,4.3,100
INFRABEES,20210604,462.45,463.94,447.65,458.33,5436
INFY,20210604,1393.95,1396.9,1377.65,1385.65,4194328
INGERRAND,20210604,970,995.95,960.25,981,140148
INOXLEISUR,20210604,320,320.9,314,317.35,222119
INOXWIND,20210604,87.25,87.25,82.5,83.25,555338
INSECTICID,20210604,555.95,574,550.05,557.9,72874
INSPIRISYS,20210604,43.15,44.4,43.05,43.2,20783
INTELLECT,20210604,752.3,755.9,731.3,735.4,238832
INTENTECH,20210604,73,76.5,70,74.15,272712
INVENTURE,20210604,35.2,36.95,35.05,35.5,1306992
IOB,20210604,18,20.1,17.5,19.25,114573970
IOC,20210604,112.5,114.95,112.4,114.6,28329820
IOLCP,20210604,719.9,725,690.5,700.85,1288898
IPCALAB,20210604,2099,2117.95,2052,2058.85,204526
IRB,20210604,128.8,129.7,124.45,125.3,3861759
IRCON,20210604,47.4,47.85,47,47.2,1744932
IRCTC,20210604,1937,1937,1913.55,1921.7,359621
IRFC,20210604,23.55,23.95,23.45,23.7,21328589
IRISDOREME,20210604,112.95,115.9,111.85,114.4,7451
ISEC,20210604,603,607.4,583,593.7,759152
ISFT,20210604,85.4,87,82.2,86.6,21192
ISGEC,20210604,592,594.9,575.65,579.95,137734
ISMTLTD,20210604,17.65,17.7,16.55,16.85,153928
ITC,20210604,209.5,209.7,208,208.75,30126021
ITDC,20210604,388.7,403,387.5,393.5,211415
ITDCEM,20210604,84,84.45,80.9,81.35,722367
ITI,20210604,125,126.85,123.1,124.1,2486559
IVC,20210604,5.65,5.9,5.6,5.85,215841
IVP,20210604,127.55,127.55,124.15,124.6,2078
IVZINGOLD,20210604,4396.5,4396.5,4338,4379.95,176
IVZINNIFTY,20210604,1720,1720,1680,1690.2,26
IZMO,20210604,76.85,78.65,76,77.75,59458
J&KBANK,20210604,29.75,29.8,29.25,29.45,3550090
JAGRAN,20210604,60.3,61.4,58.55,60.95,1153625
JAGSNPHARM,20210604,130.95,131.9,126,126.45,432888
JAIBALAJI,20210604,48.35,48.35,45.2,45.55,75106
JAICORPLTD,20210604,117,124.9,113.5,120.7,7992130
JAMNAAUTO,20210604,80.95,81.9,79.7,80.4,751062
JASH,20210604,415,416.75,410,410.2,10503
JAYAGROGN,20210604,199,225,197.75,220.6,762812
JAYBARMARU,20210604,383,383.2,374,381.85,153669
JAYNECOIND,20210604,20.05,20.5,20,20.5,495032
JAYSREETEA,20210604,97.75,98.8,97.15,98.25,150817
JBCHEPHARM,20210604,1507,1518.15,1482.25,1512.25,105702
JBFIND,20210604,24.75,24.8,23.6,24.6,326908
JBMA,20210604,420,433.75,417.95,430.05,36959
JCHAC,20210604,2236,2244.7,2207,2220.55,30299
JHS,20210604,21.2,21.9,20.5,21.65,350137
JIKIND,20210604,0.65,0.65,0.6,0.6,89119
JINDALPHOT,20210604,62.1,65.35,62,63.1,10404
JINDALPOLY,20210604,805,808.95,792,804.95,73000
JINDALSAW,20210604,114.95,115.15,110.7,111.8,3726029
JINDALSTEL,20210604,396.4,401.2,393.65,398.6,6761375
JINDRILL,20210604,116,118,113.6,114.3,81520
JINDWORLD,20210604,53.25,53.65,52,52.45,213764
JISLDVREQS,20210604,14.7,15.1,13.8,14.45,183962
JISLJALEQS,20210604,24,24.15,22.8,24.1,12271013
JITFINFRA,20210604,12.6,12.6,12,12.3,11866
JIYAECO,20210604,5.5,5.75,5.25,5.75,109322
JKCEMENT,20210604,2858.8,2872,2830.55,2838.45,130171
JKIL,20210604,184.35,184.35,180.3,180.7,116994
JKLAKSHMI,20210604,554,554,538.05,541.35,391253
JKPAPER,20210604,163,163.4,158.45,159.35,1534849
JKTYRE,20210604,134.8,136,133.55,133.9,2695317
JMA,20210604,45.9,48.75,45.45,46.8,75800
JMCPROJECT,20210604,112.25,114.75,109.85,112.8,190174
JMFINANCIL,20210604,88.2,93.45,87,92.5,6383712
JMTAUTOLTD,20210604,2.65,2.7,2.6,2.65,1216562
JOCIL,20210604,191,195,190.55,193.35,12730
JPASSOCIAT,20210604,8.9,9,8.6,8.7,10516678
JPINFRATEC,20210604,2.7,2.7,2.7,2.7,359499
JPPOWER,20210604,3.9,3.95,3.8,3.9,26964859
JSL,20210604,93.7,94.1,92,92.2,1883063
JSLHISAR,20210604,176.5,178.2,174,177.4,482155
JSWENERGY,20210604,137.8,137.8,133.5,135.1,5751647
JSWHL,20210604,5968,5968,5530.6,5707.3,5026
JSWISPL,20210604,63,63.9,59,60,3340090
JSWSTEEL,20210604,708.05,726,703.05,721.2,9653847
JTEKTINDIA,20210604,109,109.7,107.5,108.15,356115
JUBLFOOD,20210604,3204.7,3239.9,3155.9,3174.5,748461
JUBLINDS,20210604,293,313.55,285,313.55,223017
JUBLINGREA,20210604,528.8,600,527.95,571.85,3630077
JUBLPHARMA,20210604,847.5,863.05,825,836.5,388083
JUMPNET,20210604,8.7,8.7,8.7,8.7,161658
JUNIORBEES,20210604,409.95,410.8,400.55,407.16,90464
JUSTDIAL,20210604,937.5,965,923,952.75,3271525
JYOTHYLAB,20210604,157.85,163.9,157.2,159.25,1839727
KABRAEXTRU,20210604,196.7,198,190,191.75,93210
KAJARIACER,20210604,999.7,1010,982,989.55,339620
KAKATCEM,20210604,253.5,253.8,241.5,243.75,24621
KALPATPOWR,20210604,432.4,442,432.1,438.25,456525
KALYANIFRG,20210604,190.05,207.05,190.05,207.05,4617
KALYANKJIL,20210604,72.25,82.65,72.2,80.85,23826899
KAMATHOTEL,20210604,50.5,52.3,47.45,51.9,203825
KAMDHENU,20210604,163.8,167.4,160.2,162.8,277137
KANANIIND,20210604,5.3,5.45,5,5.35,62381
KANORICHEM,20210604,124.95,128.5,122.55,127.25,43178
KANPRPLA,20210604,244.05,244.05,225.65,226.75,97665
KANSAINER,20210604,580,590,571.25,579.65,118010
KAPSTON,20210604,89.85,90.95,89.85,90,992
KARDA,20210604,188.9,191.9,185.1,187.95,102361
KARMAENG,20210604,15.65,15.95,15,15.95,14085
KARURVYSYA,20210604,56.3,56.3,55.2,55.3,1531119
KAUSHALYA,20210604,1.65,1.7,1.65,1.7,1100
KAYA,20210604,315.25,372,314.8,356.85,478135
KCP,20210604,109.2,109.35,106,106.9,256632
KCPSUGIND,20210604,22.3,23.7,22.1,22.9,982999
KDDL,20210604,290.05,301.1,287.15,301.1,13852
KEC,20210604,408,410,403.35,405.7,153843
KECL,20210604,20.25,21,20.1,20.4,87629
KEERTI,20210604,21.9,21.95,21.75,21.8,21585
KEI,20210604,670.5,718.9,665.55,706.6,825988
KELLTONTEC,20210604,76.25,79.25,76.25,76.95,3564889
KENNAMET,20210604,1220,1233,1198.25,1201.6,7140
KERNEX,20210604,51.8,51.8,49.3,50.5,14423
KESORAMIND,20210604,81.05,83.55,80.75,81.1,1040138
KEYFINSERV,20210604,68.5,71.5,66.1,68.05,5325
KHADIM,20210604,161,161,157,158.85,33515
KHAICHEM,20210604,34.5,34.9,33.5,33.65,242392
KHANDSE,20210604,18.45,18.5,17.55,18.4,1851
KICL,20210604,1728.15,1864,1703.2,1842.65,7574
KILITCH,20210604,162,164,155.2,160.8,7223
KINGFA,20210604,979,1065.9,978.05,1052.35,44815
KIOCL,20210604,294.4,294.4,286.1,294.4,133289
KIRIINDUS,20210604,514,619.3,513,594.7,5474722
KIRLFER,20210604,245.4,249,244.35,245.9,80457
KIRLOSBROS,20210604,428.4,450.9,422,450.9,193211
KIRLOSENG,20210604,230.1,260,228,253.55,1653431
KIRLOSIND,20210604,1841,1886,1806,1817.1,8929
KITEX,20210604,114.35,114.85,112.5,113.7,209349
KKCL,20210604,904,919.1,853.6,890.5,11027
KMSUGAR,20210604,19.75,19.75,19.15,19.5,509937
KNRCON,20210604,224.7,231.6,224,229.05,796442
KOKUYOCMLN,20210604,66,66,63.65,64.7,519014
KOLTEPATIL,20210604,227.4,230,225.45,227.65,307004
KOPRAN,20210604,201.9,203.65,191,192.15,889997
KOTAKBANK,20210604,1820,1820.95,1797,1811.2,1508706
KOTAKBKETF,20210604,359,360.5,355.1,355.65,416786
KOTAKGOLD,20210604,425.95,425.95,422,423.7,37146
KOTAKIT,20210604,27.9,28,26.9,27.24,16298
KOTAKNIFTY,20210604,188.7,188.7,163.6,164.05,16759
KOTAKNV20,20210604,83.9,84.28,83,83.69,4218
KOTAKPSUBK,20210604,245,246.24,241.17,243.99,99020
KOTARISUG,20210604,38.6,38.95,36.8,37.8,330228
KOTHARIPET,20210604,39.85,41,36.15,39.3,259124
KOTHARIPRO,20210604,82.9,82.95,79.5,80.05,15966
KPITTECH,20210604,240,256,236.55,239.4,1088890
KPRMILL,20210604,1563.9,1573.95,1531.5,1536.15,28206
KRBL,20210604,230.45,232,226,227.3,924813
KREBSBIO,20210604,124.5,127,122,122.55,16874
KRIDHANINF,20210604,5.25,5.25,4.75,5.1,682250
KRISHANA,20210604,86.55,88.9,86.5,87.05,7570
KSB,20210604,1001.2,1026.55,1001.2,1017.55,40716
KSCL,20210604,711.4,714.15,705.5,709.2,143426
KSL,20210604,371,377.8,369.55,375.9,101724
KTKBANK,20210604,63.8,65.75,63.6,65.2,4200667
KUANTUM,20210604,71.45,71.45,69.25,69.75,75127
L&TFH,20210604,93.5,97.95,93.35,97.5,33716071
LALPATHLAB,20210604,2896.1,2919.9,2850.1,2868.1,170646
LAMBODHARA,20210604,70.55,73.5,70,71.9,196544
LAOPALA,20210604,284,294.05,278.5,283.1,670521
LASA,20210604,73.75,75.75,73.75,74.95,142878
LAURUSLABS,20210604,537.35,549.75,536,546.7,1989571
LAXMIMACH,20210604,6650,6898,6594.7,6809,9573
LCCINFOTEC,20210604,1.85,1.85,1.75,1.85,669364
LEMONTREE,20210604,43.05,45,43.05,44.45,10317930
LFIC,20210604,80.65,82,79.4,81.15,981
LGBBROSLTD,20210604,332,334,327.55,330.4,91912
LGBFORGE,20210604,4.25,4.5,4.25,4.5,92883
LIBAS,20210604,53,54.25,51,53.4,1548125
LIBERTSHOE,20210604,146.55,146.55,142,143.75,154192
LICHSGFIN,20210604,503,537.95,501,530.2,23367435
LICNETFGSC,20210604,21.91,22.15,21.91,21.95,17676
LICNETFN50,20210604,197.97,197.97,192.03,197.97,107
LICNETFSEN,20210604,558.9,574.48,545.07,547.12,113
LICNFNHGP,20210604,164.1,167.49,164,165.94,575
LIKHITHA,20210604,402.35,402.35,390.15,397.3,109838
LINCOLN,20210604,293.9,294.2,288.25,289.1,95071
LINCPEN,20210604,165.55,193.05,165.35,185.7,49753
LINDEINDIA,20210604,1610,1629.9,1595,1607.1,72231
LIQUIDBEES,20210604,1002.3,1002.3,998.3,1000,1340408
LIQUIDETF,20210604,1000,1000.01,999.99,1000,15598
LODHA,20210604,628,634,621,627.7,190382
LOKESHMACH,20210604,44.1,45.3,42.9,45,10191
LOTUSEYE,20210604,45.2,48.9,43.15,45.75,26304
LOVABLE,20210604,132,133.9,128,129.6,61052
LPDC,20210604,2.45,2.5,2.4,2.5,43826
LSIL,20210604,2.2,2.2,2.1,2.2,6688363
LT,20210604,1518.95,1547.25,1516.9,1537.55,5677538
LTI,20210604,3849,3879.6,3830,3856.6,170587
LTTS,20210604,2704,2779.5,2688,2720.9,432106
LUMAXIND,20210604,1648,1708.95,1645,1670.85,10162
LUMAXTECH,20210604,146.95,149.9,142.7,148.3,201129
LUPIN,20210604,1243.5,1244,1223,1231.5,1507257
LUXIND,20210604,3363,3413,3220,3251.5,140273
LXCHEM,20210604,223.7,223.85,220.3,221,1016541
LYKALABS,20210604,68.85,69.95,67.2,69.1,164479
LYPSAGEMS,20210604,4.6,4.8,4.6,4.8,51418
M&M,20210604,814,814,803.1,804.6,5084092
M&MFIN,20210604,163,169.4,162.5,168.15,20284196
M100,20210604,27.74,27.9,27.6,27.7,85154
M50,20210604,154.97,156,153.75,155.1,529
MAANALU,20210604,208,210,203.7,204.65,50227
MACPOWER,20210604,106.05,108.55,103.05,105.05,49989
MADHAV,20210604,57.8,57.95,55.6,55.95,22559
MADHUCON,20210604,5.2,5.4,5.1,5.35,62944
MADRASFERT,20210604,29.25,29.45,28.85,29.15,108270
MAESGETF,20210604,26.73,26.82,26.66,26.75,6494
MAFANG,20210604,48.9,49.15,48.25,48.39,460122
MAGADSUGAR,20210604,219.95,222,209.9,213.9,121835
MAGMA,20210604,165.4,165.4,157.25,165.4,8652395
MAGNUM,20210604,5.8,6.1,5.6,5.95,26858
MAHABANK,20210604,26.3,29.75,25.8,29.05,115224195
MAHAPEXLTD,20210604,89.95,91.9,88,90,4423
MAHASTEEL,20210604,89.05,94.45,88.75,92.35,81042
MAHEPC,20210604,154.95,154.95,151.35,153.1,120238
MAHESHWARI,20210604,113.65,113.7,109.5,110.05,24025
MAHINDCIE,20210604,209.3,229,209.3,226.4,2072563
MAHLIFE,20210604,575,584.7,566.5,573.45,158363
MAHLOG,20210604,547.2,578.1,547.2,551.9,476839
MAHSCOOTER,20210604,3819.65,3899,3803,3878.1,13105
MAHSEAMLES,20210604,289.9,290.9,285.1,286.65,108076
MAITHANALL,20210604,851,865,830.05,833.05,80029
MAJESCO,20210604,76.5,80,76.3,80,511887
MALUPAPER,20210604,36.8,37.65,33.6,34.15,709205
MAN50ETF,20210604,161.01,161.4,160.3,160.79,774
MANAKALUCO,20210604,20.45,20.9,19.35,20.2,142643
MANAKCOAT,20210604,15.3,15.65,14.9,15,51443
MANAKSIA,20210604,64,64,60.5,63,147185
MANAKSTEEL,20210604,30.45,30.45,27.7,28.35,239217
MANALIPETC,20210604,81.3,83,79.85,81.15,977509
MANAPPURAM,20210604,164.2,164.2,161,162.45,6487583
MANGALAM,20210604,135.6,137.45,134.4,136.35,136892
MANGCHEFER,20210604,85.25,85.9,83.5,85.2,381748
MANGLMCEM,20210604,307,308.95,302.45,304.55,25154
MANGTIMBER,20210604,12.35,12.9,12.3,12.3,20277
MANINDS,20210604,103.15,104,100.05,101.65,625777
MANINFRA,20210604,54.7,56.1,54.2,55.4,3198345
MANUGRAPH,20210604,12.1,12.3,11.9,12.3,34247
MANXT50,20210604,385.47,387.91,385.27,387.9,2401
MARALOVER,20210604,40.9,41.8,39.3,40.85,29849
MARATHON,20210604,66.4,67.95,65.1,67.95,139785
MARICO,20210604,494,495.5,485,486.9,2176435
MARINE,20210604,75.5,77.95,74.9,75.6,498442
MARKSANS,20210604,72.75,73.3,71.25,71.75,2199299
MARUTI,20210604,7200,7272,7151.1,7214.7,575591
MASFIN,20210604,924.7,944.95,912.2,918.15,34036
MASKINVEST,20210604,23.45,23.45,23.45,23.45,250
MASTEK,20210604,1930,1967.8,1912.9,1954.3,117757
MATRIMONY,20210604,910,924.25,891,902.3,23252
MAWANASUG,20210604,53.35,53.9,51.75,52.35,119529
MAXHEALTH,20210604,246.8,254,243,245.85,4966973
MAXIND,20210604,70,75.9,70,73.6,2254563
MAXVIL,20210604,73.1,75,72.7,73.25,204600
MAYURUNIQ,20210604,474.8,490,471.05,486.7,275810
MAZDA,20210604,652.45,659.5,642,654.3,16763
MAZDOCK,20210604,218.45,231,217.5,228.8,5123402
MBAPL,20210604,95.7,95.7,91.5,92.65,3739
MBECL,20210604,8.05,8.25,8,8.25,75481
MBLINFRA,20210604,23.9,23.9,22.7,22.95,111292
MCDHOLDING,20210604,49.45,51.75,47.55,48.75,141066
MCDOWELL-N,20210604,617,644.8,611.3,629.35,6477511
MCL,20210604,86.45,86.45,84.7,85.3,15024
MCLEODRUSS,20210604,37.95,38,36.5,38,2812911
MCX,20210604,1560,1582,1550.45,1575.25,146671
MEGASOFT,20210604,12.65,12.8,12.4,12.7,38141
MENONBE,20210604,68.8,71.3,67.1,70.4,196977
MEP,20210604,21.6,23.45,21.45,23.1,1050143
MERCATOR,20210604,1.35,1.35,1.35,1.35,429323
METROPOLIS,20210604,2485,2708.95,2460,2527.6,822022
MFSL,20210604,967.85,986,952.1,958,1398765
MGEL,20210604,47,47.5,43.65,45.05,44679
MGL,20210604,1187.3,1192.5,1170.45,1182.1,353619
MHRIL,20210604,259.3,272,257.45,261.15,1643210
MIC,20210604,1.4,1.4,1.4,1.4,252137
MIDHANI,20210604,195,195.7,191.35,192.45,324477
MINDACORP,20210604,134.5,136.45,132,133,1078865
MINDAIND,20210604,588.5,599.4,585,589,184345
MINDTECK,20210604,79.35,79.35,72,76.95,341368
MINDTREE,20210604,2358.3,2416,2351,2369.95,533219
MIRCELECTR,20210604,17.2,17.45,16.6,17.3,1011505
MIRZAINT,20210604,54.85,54.85,52.85,53.5,535844
MITTAL,20210604,12.3,12.6,12.2,12.3,91453
MMFL,20210604,490,536.95,482.75,518.2,66563
MMP,20210604,101,104,98.9,102.65,59799
MMTC,20210604,57.5,61.4,56.7,58.9,15433607
MODIRUBBER,20210604,74.55,75,73.25,74,2637
MODISNME,20210604,64.8,64.8,61.6,61.9,50673
MOHITIND,20210604,8.4,8.8,8.4,8.8,52794
MOHOTAIND,20210604,7.05,7.2,6.75,6.85,176566
MOIL,20210604,184,186.35,181.95,183.3,1472407
MOKSH,20210604,77,82.75,77,80.15,223901
MOLDTECH,20210604,60.65,60.65,58.75,59.5,52234
MOLDTKPAC,20210604,507,509.5,493.9,498.35,54522
MONTECARLO,20210604,308.5,314.05,302.15,304.4,80199
MORARJEE,20210604,16.95,17,16.4,16.65,15447
MOREPENLAB,20210604,59.5,60.8,57.3,58.65,7366375
MOTHERSUMI,20210604,252,254,245.5,252.05,30126712
MOTILALOFS,20210604,798.75,801.65,783.75,786.25,267298
MOTOGENFIN,20210604,19.5,19.9,19.5,19.6,3504
MPHASIS,20210604,1927,1948.85,1902,1909.45,325694
MPSLTD,20210604,538.2,550,538.2,542.7,32018
MRF,20210604,84850,85336,84240,84918.7,11134
MRO-TEK,20210604,25.35,26.75,24.5,25.9,8980
MRPL,20210604,51.7,52.3,51.05,51.15,2634235
MSPL,20210604,11.3,11.3,10.75,10.8,79953
MSTCLTD,20210604,258.2,266.1,256.5,257.5,412419
MTARTECH,20210604,1040,1048,1004.15,1008.65,284226
MTEDUCARE,20210604,8.2,8.9,7.9,8.45,676346
MTNL,20210604,21.95,21.95,20.75,21.1,2313898
MUKANDLTD,20210604,120.9,121.9,118.5,120.05,40785
MUKTAARTS,20210604,34.95,34.95,34.2,34.5,12678
MUNJALAU,20210604,64.95,65.45,64.1,64.55,225202
MUNJALSHOW,20210604,156.7,158.45,153.15,154.35,100404
MURUDCERA,20210604,25.85,25.85,24.8,25.2,90678
MUTHOOTCAP,20210604,437.55,465,436.05,439.2,605327
MUTHOOTFIN,20210604,1497,1550,1482.85,1509.35,5359959
N100,20210604,974.9,978.99,970.71,976.47,101050
NACLIND,20210604,56.55,63,56.5,62.2,1615926
NAGAFERT,20210604,10.1,10.1,9.5,9.6,1307503
NAGREEKCAP,20210604,6.7,7.4,6.7,6.75,297
NAGREEKEXP,20210604,24.6,27.05,24.6,26.65,169788
NAHARCAP,20210604,133,134.45,128.75,130.25,20953
NAHARINDUS,20210604,67.95,69.9,64,67.65,206420
NAHARPOLY,20210604,153.9,153.9,151.1,152.45,71185
NAHARSPING,20210604,156.85,156.85,149,152.3,149936
NAM-INDIA,20210604,370,371.9,365.1,369.65,539384
NATCOPHARM,20210604,1043.15,1050.75,1038.1,1040.4,237920
NATHBIOGEN,20210604,424.95,428.25,415.05,421.8,98593
NATIONALUM,20210604,73,73.15,71.5,72.75,20694407
NAUKRI,20210604,4540,4615.55,4527.2,4571.4,430604
NAVINFLUOR,20210604,3180,3198.25,3154.25,3185.7,100379
NAVKARCORP,20210604,42,42.2,40.7,41.3,809263
NAVNETEDUL,20210604,86.8,89,86,88.35,747300
NAZARA,20210604,1699.45,1709.9,1671.25,1679.7,171791
NBCC,20210604,48.2,49.15,47.55,48.35,10001661
NBIFIN,20210604,2290,2347.85,2260.05,2294.6,670
NBVENTURES,20210604,88.35,92.2,88.3,91.35,854783
NCC,20210604,82.2,82.25,80,81.25,3382359
NCLIND,20210604,208.5,208.5,204.65,205.4,167758
NCPSESDL24,20210604,105,105.08,104.93,105.02,50204
NDGL,20210604,1060.95,1105,1026.7,1081.05,405
NDL,20210604,46.8,47,44.65,46.85,22055
NDRAUTO,20210604,219.7,220.55,208.85,211.2,9446
NDTV,20210604,72.9,73.4,70.1,70.7,58372
NECCLTD,20210604,10.9,12.1,10.55,11.15,330556
NECLIFE,20210604,32.85,34.5,31.7,33.6,2509316
NELCAST,20210604,80.55,82.15,77.6,78.5,701937
NELCO,20210604,246.5,251.35,238.3,240.5,672836
NEOGEN,20210604,905.95,908.45,897.5,898.7,30709
NESCO,20210604,552,557.6,545,548.05,51027
NESTLEIND,20210604,17691.05,17706.4,17380,17426.8,201822
NETF,20210604,192.08,192.08,192.06,192.08,240
NETFCONSUM,20210604,65.62,67.8,65.62,66.59,21609
NETFDIVOPP,20210604,38.1,39.3,37.22,38.46,4126
NETFGILT5Y,20210604,48.39,48.4,48.35,48.38,136
NETFIT,20210604,27.49,27.49,27.26,27.38,215099
NETFLTGILT,20210604,22.5,22.54,22.45,22.47,12796
NETFMID150,20210604,106.8,106.8,99.86,100.86,166904
NETFNIF100,20210604,165.5,166.86,160.5,163.71,674
NETFNV20,20210604,85.2,85.3,84.07,85.09,4465
NETFSDL26,20210604,106.22,106.22,103.25,103.35,200500
NETWORK18,20210604,41.05,44.35,40.7,43.5,7451298
NEULANDLAB,20210604,2128.25,2139.85,2085,2093.4,46151
NEWGEN,20210604,424.7,426,413.25,422.65,146097
NEXTMEDIA,20210604,6.3,6.3,5.7,6.05,53252
NFL,20210604,68.3,68.85,68.1,68.25,1144706
NH,20210604,490,509,490,494.8,856286
NHPC,20210604,26,26.4,25.9,26.1,6404328
NIACL,20210604,171.95,176.8,169.2,174.2,2817227
NIBL,20210604,19.8,20.9,19.8,20.65,18850
NIFTYBEES,20210604,174.9,174.9,159,168.15,1058387
NIITLTD,20210604,199.7,231.4,198.95,221.35,16120936
NILAINFRA,20210604,5.1,5.3,5.05,5.3,453748
NILASPACES,20210604,1.65,1.65,1.55,1.65,412616
NILKAMAL,20210604,2400,2400,2326.3,2345.2,208304
NIPPOBATRY,20210604,1090,1114.3,975,984.75,107186
NIRAJ,20210604,42.85,43.3,41.7,42.25,19428
NITCO,20210604,25.4,25.9,25.05,25.5,31954
NITINSPIN,20210604,122,123,114.5,116.55,273658
NITIRAJ,20210604,55.9,56,52.05,53.9,6828
NKIND,20210604,22.5,22.5,22.5,22.5,10
NLCINDIA,20210604,61.1,65.7,60.65,63.85,25772229
NMDC,20210604,184.35,193.95,182.65,193.3,20663361
NOCIL,20210604,209.05,210.3,206,206.85,400568
NOIDATOLL,20210604,5.95,6.1,5.85,6,140114
NORBTEAEXP,20210604,5.75,6,5.75,6,4737
NOVARTIND,20210604,653.1,660.05,651.5,657.35,9481
NPBET,20210604,186.88,186.88,178.1,183.79,869
NRAIL,20210604,228.7,230.9,223.8,226.7,23356
NRBBEARING,20210604,122.9,135.8,122,133.7,4188672
NSIL,20210604,1821,1821,1718,1731,407
NTL,20210604,1,1,0.95,0.95,44730
NTPC,20210604,111.5,113,111.05,111.75,8930671
NUCLEUS,20210604,599,599,575,580.05,281713
NURECA,20210604,1526.75,1550,1515,1529.8,32842
NXTDIGITAL,20210604,507.95,508.6,496,499.6,3539
OAL,20210604,820,820,801.6,805.7,10387
OBEROIRLTY,20210604,667,681,647,654.35,1621750
OCCL,20210604,1146,1155.45,1128.45,1143.15,14905
OFSS,20210604,3547.95,3554.4,3504.55,3514.95,36178
OIL,20210604,140.45,142.4,139.05,141.35,1579219
OLECTRA,20210604,173.1,177,170.5,171.6,292716
OMAXAUTO,20210604,46.2,46.8,46,46.45,20037
OMAXE,20210604,84.85,84.85,81.3,81.85,65736
OMINFRAL,20210604,28.5,30,27.55,29,649074
ONELIFECAP,20210604,8.1,8.5,7.85,8.3,8047
ONEPOINT,20210604,19.4,19.5,18.55,19.5,23366
ONGC,20210604,124.6,126.7,123.35,125.45,72354379
ONMOBILE,20210604,123.75,127.35,122.1,123.2,1089924
ONWARDTEC,20210604,202.25,202.25,192.15,192.15,103775
OPTIEMUS,20210604,138,139.9,136.05,136.8,23612
OPTOCIRCUI,20210604,4.85,4.85,4.5,4.65,763171
ORBTEXP,20210604,70.15,71.3,68.5,69.95,18252
ORCHPHARMA,20210604,1430,1430,1344.55,1406.6,2131
ORICONENT,20210604,25.6,25.75,24.9,25.4,96603
ORIENTABRA,20210604,24.8,26.5,24.8,25.8,614232
ORIENTALTL,20210604,8.9,8.9,8.25,8.75,80259
ORIENTBELL,20210604,313,324.5,307.55,312.25,90493
ORIENTCEM,20210604,138.5,142.6,137,141.75,1151010
ORIENTELEC,20210604,302,312,300.35,309.4,942324
ORIENTHOT,20210604,39.9,43.35,39,41.45,1758934
ORIENTLTD,20210604,79.35,79.35,77.25,77.7,1581
ORIENTPPR,20210604,27.9,28.3,27.6,27.8,1353030
ORIENTREF,20210604,312.95,318,308.45,315.3,108027
ORISSAMINE,20210604,2927,3484.2,2903,3484.2,292646
ORTINLAB,20210604,28.9,28.9,27.3,27.9,18852
OSWALAGRO,20210604,12.5,12.8,12.45,12.55,130581
PAGEIND,20210604,30360.5,31100,30300,31043.7,47283
PAISALO,20210604,629,640,614.05,636.25,284383
PALASHSECU,20210604,65.85,68.1,63.7,68.1,24803
PALREDTEC,20210604,153.15,156.15,149.65,152.6,17698
PANACEABIO,20210604,403.5,405,390,392,384699
PANACHE,20210604,57.3,59.9,56.1,56.8,44176
PANAMAPET,20210604,214,215,207.6,210.05,150163
PARACABLES,20210604,11.95,14.25,11.85,14.2,11548360
PARAGMILK,20210604,139.6,144,138.35,139.25,527503
PARSVNATH,20210604,12.1,12.15,11.85,12.15,550526
PATELENG,20210604,14.85,15,14.7,14.85,953410
PATINTLOG,20210604,25.9,26.1,23.9,24.1,410549
PATSPINLTD,20210604,6,6.25,6,6.25,7580
PBAINFRA,20210604,9,9,9,9,822
PCJEWELLER,20210604,27.95,29.35,27.8,28.15,7235314
PDMJEPAPER,20210604,33,34.25,32.2,32.7,772956
PDSMFL,20210604,920,1043.9,910,988.15,19745
PEARLPOLY,20210604,18.8,20.45,17.75,20.15,204654
PEL,20210604,1845,1938,1833.05,1928.1,2050140
PENIND,20210604,27.45,27.65,25.6,26.35,3131929
PENINLAND,20210604,8.4,8.45,8.1,8.45,189284
PERSISTENT,20210604,2412,2470,2404.1,2462.3,115343
PETRONET,20210604,247,247.75,244.25,244.95,3891421
PFC,20210604,121,123.85,120.8,122.2,6991327
PFIZER,20210604,5203,5219.9,5168,5189.2,34033
PFOCUS,20210604,62.7,65,61.05,64.5,28957
PFS,20210604,21,21.25,20.65,20.9,2040202
PGEL,20210604,444,454,430,444.7,82261
PGHH,20210604,12900.1,13350.2,12802,12847.3,21988
PGHL,20210604,5837.7,5863.4,5781.35,5800.45,19719
PGIL,20210604,219.95,225,214,220.35,11787
PHILIPCARB,20210604,225,227.85,223.1,224.4,874990
PHOENIXLTD,20210604,882.45,884.9,861.25,876.15,418968
PIDILITIND,20210604,2080,2097.25,2075.55,2079.4,297659
PIIND,20210604,2689.95,2717,2650,2710.1,189368
PILANIINVS,20210604,1680,1699,1675.05,1683.1,13065
PILITA,20210604,11.65,11.85,11,11.2,3276443
PIONDIST,20210604,124.95,133.55,124,128.65,279104
PIONEEREMB,20210604,53.45,53.75,51.5,51.9,478067
PITTIENG,20210604,108.5,108.8,104.85,106.65,303340
PKTEA,20210604,225,225,221,221.2,407
PLASTIBLEN,20210604,242.1,246.05,242.1,244.5,24479
PNB,20210604,43.55,43.6,42.95,43.1,142152047
PNBGILTS,20210604,90.75,93.75,86.55,88.25,6328305
PNBHOUSING,20210604,839.45,839.45,810,839.45,1069940
PNC,20210604,43.9,45.65,43.5,44.1,55400
PNCINFRA,20210604,260,264.85,260,262.3,813219
PODDARHOUS,20210604,185.25,195.95,182.4,183.2,24537
PODDARMENT,20210604,223.95,227.05,219.05,224,6241
POKARNA,20210604,343.9,373,338,358.45,756623
POLYCAB,20210604,1694.25,1725,1685,1709.45,563053
POLYMED,20210604,1016.35,1021.9,1000,1000.85,61851
POLYPLEX,20210604,1129,1152,1112.15,1148.55,124720
PONNIERODE,20210604,204.4,207,195.35,204.45,20745
POWERGRID,20210604,226,228.15,224.8,226.15,3455150
POWERINDIA,20210604,1890,1935,1866.15,1895.75,28210
POWERMECH,20210604,650,725,646.95,690.8,736676
PPAP,20210604,218.95,220.35,213,215.05,28186
PPL,20210604,181.9,189.3,180.2,183.8,1051427
PRAENG,20210604,12.45,12.45,11.9,12.1,355996
PRAJIND,20210604,369,385,350.35,375.15,5586917
PRAKASH,20210604,81.9,81.9,80.1,80.6,733535
PRAKASHSTL,20210604,1.05,1.05,1,1,216287
PRAXIS,20210604,44.75,46.1,43.15,43.2,52920
PRECAM,20210604,52.5,55,52.5,53.3,379769
PRECOT,20210604,182.3,182.35,170.1,171.05,29528
PRECWIRE,20210604,203.95,209.25,197,207.3,47616
PREMEXPLN,20210604,150,151.8,147.5,147.9,10505
PREMIER,20210604,3.9,3.95,3.65,3.8,17490
PREMIERPOL,20210604,54.3,54.3,50.95,51.8,12771
PRESSMN,20210604,26.75,27.3,25.8,26.05,291393
PRESTIGE,20210604,288.95,295.7,287.05,289.25,768689
PRICOLLTD,20210604,84,89.8,82.2,87.5,3207568
PRIMESECU,20210604,55.65,57.45,54,55.7,29735
PRINCEPIPE,20210604,709.8,721,705.9,708.35,269263
PRIVISCL,20210604,1043.15,1067.8,1020,1045.95,26640
PROINDIA,20210604,2.25,2.25,2.25,2.25,537
PROZONINTU,20210604,42.15,42.15,38.15,42.15,2453643
PRSMJOHNSN,20210604,137,137.85,133.35,136.5,298024
PSB,20210604,20.7,21.5,20.3,20.55,2804590
PSPPROJECT,20210604,422.5,424.1,417,422.55,66653
PSUBNKBEES,20210604,27.56,27.56,27,27.25,1019632
PTC,20210604,92,92.85,91,91.3,539127
PTL,20210604,42.95,45.95,42.75,45.65,479544
PUNJABCHEM,20210604,1113.7,1174,1100,1166,30383
PURVA,20210604,90.9,91.35,86.65,87.25,705644
PVR,20210604,1362,1398,1343,1385.75,1223117
QGOLDHALF,20210604,2090,2095,2082,2090,2324
QNIFTY,20210604,1626,1628,1624,1624,29
QUESS,20210604,685,720,680.3,700.35,418577
QUICKHEAL,20210604,228,234.9,225.35,230.05,330812
RADAAN,20210604,1.05,1.05,1,1.05,74340
RADICO,20210604,649,663.8,642.2,648.55,1211406
RADIOCITY,20210604,25.75,26.4,25.25,25.4,2393414
RAILTEL,20210604,131.8,134.85,130.55,132.6,4118641
RAIN,20210604,181.9,182.25,176.55,177.8,2119495
RAJESHEXPO,20210604,527,540.65,525.9,538.4,345164
RAJMET,20210604,102.5,106,102.5,105.7,2965
RAJRATAN,20210604,1116.8,1130,1083.95,1088.8,11137
RAJSREESUG,20210604,22.4,23.15,22.25,23.15,72968
RAJTV,20210604,39.8,41.55,39.45,40.65,32520
RALLIS,20210604,318.8,324.8,316.1,317.85,859404
RAMANEWS,20210604,18.5,19,18.2,18.35,193224
RAMASTEEL,20210604,76,79.35,74,79.1,48640
RAMCOCEM,20210604,992,998.55,975,987.2,735343
RAMCOIND,20210604,273.6,273.8,269,270.25,73899
RAMCOSYS,20210604,561.7,565.75,552.55,556.6,94675
RAMKY,20210604,85.4,89.7,85.4,88.6,326570
RANASUG,20210604,16,16.2,15.65,15.8,1347486
RANEENGINE,20210604,301.95,326.85,298.35,308.1,105934
RANEHOLDIN,20210604,590.4,661,590.4,642.2,994106
RATNAMANI,20210604,2050,2066.35,2001,2009.05,87648
RAYMOND,20210604,398.5,402.45,390.75,396.5,1004649
RBL,20210604,876.5,965,876.5,919.35,115972
RBLBANK,20210604,218.65,220.35,211.25,214.75,20338093
RCF,20210604,82.3,83,82.2,82.45,2130899
RCOM,20210604,2.8,2.8,2.8,2.8,4579150
RECLTD,20210604,147.6,152.65,147.6,150.65,4789846
REDINGTON,20210604,243.8,262.5,230.05,251,2511770
REFEX,20210604,145,148.25,143.7,144.55,132859
RELAXO,20210604,1075,1094.4,1070,1076.1,161145
RELCAPITAL,20210604,16.15,16.85,15.7,16.05,18815945
RELIANCE,20210604,2214.8,2216.45,2184.25,2190.5,6677278
RELIGARE,20210604,121.9,142.4,119.2,142.4,22692899
RELINFRA,20210604,69.85,69.85,66.55,69.8,23470355
REMSONSIND,20210604,172.25,182.9,172.25,176.8,7977
RENUKA,20210604,16.35,16.35,16.35,16.35,1492934
REPCOHOME,20210604,370,379.8,366.85,371.45,307309
REPL,20210604,232.5,239,232.5,233.8,12958
REPRO,20210604,385,385,375.05,379.7,4241
RESPONIND,20210604,149.85,149.85,147.15,147.8,57492
REVATHI,20210604,570.95,580,570,577.2,1398
RGL,20210604,511.25,545,511.15,525.5,81711
RHFL,20210604,3.45,3.45,3.45,3.45,758895
RICOAUTO,20210604,47,47.35,46.2,46.6,427706
RIIL,20210604,463.4,468,448.75,461.15,879244
RITES,20210604,249.15,250,247.95,249.4,222684
RKDL,20210604,13.8,13.8,13.2,13.2,230665
RKEC,20210604,87.95,87.95,84.7,85.55,29911
RKFORGE,20210604,653.95,674.45,644.05,669,152299
RMCL,20210604,2.5,2.6,2.5,2.55,103576
RML,20210604,370.25,396.8,366.35,375.2,226565
ROHLTD,20210604,85.8,93,85.5,91.25,853741
ROLLT,20210604,2.95,3.05,2.85,2.95,56827
ROLTA,20210604,6.1,6.2,5.95,6.05,1055764
ROML,20210604,97.6,97.6,90.85,91.7,45556
ROSSARI,20210604,1283,1294,1254,1265.75,138815
ROSSELLIND,20210604,123.45,123.95,120.05,122.45,201066
ROUTE,20210604,1728,1739.8,1705.2,1713.55,215610
RPGLIFE,20210604,444,445,437.8,440.45,22713
RPOWER,20210604,9.95,9.95,9.35,9.95,150102762
RPPINFRA,20210604,72.5,73.7,67.85,68.6,436512
RPSGVENT,20210604,438.5,438.5,425.25,429.35,31574
RSSOFTWARE,20210604,28.25,28.85,28,28.3,69696
RSWM,20210604,260,260.7,250.1,259,253108
RSYSTEMS,20210604,136,137.4,131,133,50704
RTNINDIA,20210604,20.6,20.6,19,20.6,8431374
RTNPOWER,20210604,3.65,3.75,3.6,3.75,28931168
RUBYMILLS,20210604,241.7,244.75,232.05,233.15,30086
RUCHI,20210604,1195.25,1195.25,1157,1195.25,377498
RUCHINFRA,20210604,8.85,8.85,8.55,8.85,553751
RUCHIRA,20210604,77,84,77,81.25,894143
RUPA,20210604,487,489.9,472,477,437135
RUSHIL,20210604,253.8,256.5,250,254,10827
RVHL,20210604,22.8,22.8,20.9,21.4,74769
RVNL,20210604,29.95,31.85,29.5,30.65,13357394
S&SPOWER,20210604,19.65,20.25,19.5,19.8,2333
SABEVENTS,20210604,1.55,1.55,1.5,1.5,10629
SABTN,20210604,1.75,1.75,1.75,1.75,1102
SADBHAV,20210604,69.9,71,69.3,70.2,365023
SADBHIN,20210604,22.6,22.65,22,22.25,229986
SAFARI,20210604,680.7,699.15,665.85,678.05,15812
SAGARDEEP,20210604,41,44.25,40.75,42.75,29595
SAGCEM,20210604,882,882,855.25,862.4,13668
SAIL,20210604,122.35,124.15,121.3,122.9,30162901
SAKAR,20210604,142.9,143.8,137.5,139.35,30520
SAKHTISUG,20210604,13,13.25,12.65,13.25,482704
SAKSOFT,20210604,484.95,496.95,480,484.4,45786
SAKUMA,20210604,6.95,7.05,6.75,6.95,627974
SALASAR,20210604,640,681,635.75,670.4,159634
SALONA,20210604,131,131.05,123,126.65,5316
SALSTEEL,20210604,4.75,4.9,4.5,4.8,149791
SALZERELEC,20210604,153,154,147.05,148.75,139930
SAMBHAAV,20210604,2.65,2.7,2.55,2.7,132093
SANCO,20210604,8.9,9.2,8.8,9.2,43511
SANDESH,20210604,800,832,799.95,822.45,3311
SANDHAR,20210604,240,246.9,238.7,241.9,75564
SANGAMIND,20210604,107.95,109.2,103.4,105.7,27901
SANGHIIND,20210604,48.95,56.45,48.2,53.95,7805586
SANGHVIMOV,20210604,168,182.5,166.25,178.25,337399
SANGINITA,20210604,23.75,23.75,23.1,23.35,16090
SANOFI,20210604,7751,7785,7722.15,7758.6,5119
SARDAEN,20210604,535,538,528,533.45,115325
SAREGAMA,20210604,2524.85,2524.85,2400,2425.8,33636
SARLAPOLY,20210604,36.6,36.8,35.6,35.9,156878
SASKEN,20210604,979.45,983.6,956.3,969.4,16176
SASTASUNDR,20210604,216.95,223.4,208.55,221,122023
SATIA,20210604,86.35,87.9,83.8,84.4,615794
SATIN,20210604,85.45,86.8,82.8,84.5,699807
SBICARD,20210604,1052,1058.05,1040,1049.65,629772
SBIETFIT,20210604,276.95,276.95,272,273.13,1177
SBIETFPB,20210604,189,189,185,185.84,1187
SBIETFQLTY,20210604,136,138,134.53,134.77,1813
SBILIFE,20210604,994.95,994.95,984,989.15,996919
SBIN,20210604,437.5,441.9,431.75,433.6,36898769
SCAPDVR,20210604,1.95,1.95,1.85,1.95,293998
SCHAEFFLER,20210604,5220,5225,5144.05,5203.85,10834
SCHAND,20210604,97.05,98.05,94.15,96.6,129872
SCHNEIDER,20210604,124.45,127.8,122.8,123.2,629040
SCI,20210604,116.5,116.95,115.25,115.65,1830739
SDBL,20210604,47.5,48.9,47.35,47.6,337908
SEAMECLTD,20210604,470.5,480.55,470.05,472.1,9323
SECURKLOUD,20210604,88.5,89.3,86.1,88.7,83514
SELAN,20210604,154.3,156,151.05,154.25,119643
SEPOWER,20210604,7.2,7.4,7.05,7.4,98657
SEQUENT,20210604,263.9,265.8,258.5,260.05,552629
SESHAPAPER,20210604,177.05,179.2,173.05,173.65,36539
SETCO,20210604,20.5,20.8,19.8,20.05,338435
SETF10GILT,20210604,204.95,206,204,205.89,1257
SETFGOLD,20210604,4335.75,4345,4283.5,4316.9,13364
SETFNIF50,20210604,163.86,163.86,158.51,158.85,246276
SETFNIFBK,20210604,355,356.82,351.1,352.7,58359
SETFNN50,20210604,403.99,403.99,397.1,402.59,6789
SETUINFRA,20210604,1.05,1.1,1.05,1.1,163756
SEYAIND,20210604,58.95,58.95,56.65,56.9,35984
SFL,20210604,2058.9,2284.85,2038.9,2151.8,593848
SGL,20210604,12.7,13,12.5,12.6,78054
SHAKTIPUMP,20210604,848.6,877,833.05,849.65,906551
SHALBY,20210604,173.4,179.9,171.05,172.9,518673
SHALPAINTS,20210604,116.5,118.65,113.7,115.15,398077
SHANKARA,20210604,458.55,469,451.1,459.2,127656
SHANTIGEAR,20210604,149.9,151.7,146.2,147.8,32678
SHARDACROP,20210604,358.9,358.95,351,352.25,117274
SHARDAMOTR,20210604,419,419,404.85,409.05,23286
SHAREINDIA,20210604,471,477.75,460,469.9,29623
SHARIABEES,20210604,393.19,397.48,382.76,385.76,616
SHEMAROO,20210604,129,134.85,124,127.25,58783
SHIL,20210604,322,335.8,314,335.8,196310
SHILPAMED,20210604,557,568.15,550,562.35,2054328
SHIVAMAUTO,20210604,26.7,27.1,25.6,26.2,74348
SHIVAMILLS,20210604,79.2,79.2,73.05,79.2,187995
SHIVATEX,20210604,202.8,211.5,202,207.1,49097
SHK,20210604,161,161,155.55,157.3,358345
SHOPERSTOP,20210604,243.7,246,236.25,237.55,377631
SHRADHA,20210604,43.9,45.8,42.45,44.65,1010
SHREDIGCEM,20210604,81.7,82.5,79.45,80.4,656461
SHREECEM,20210604,28300.1,28428.75,28090,28153.65,26867
SHREEPUSHK,20210604,192.85,199,188.6,192.5,173816
SHREERAMA,20210604,15.95,16.85,15.75,16.5,375668
SHRENIK,20210604,2.2,2.4,2.2,2.4,4614281
SHREYANIND,20210604,105.5,106.25,103.35,104.6,74415
SHREYAS,20210604,226.9,228.35,212.5,212.5,160758
SHRIPISTON,20210604,776.9,803.45,746,775,442
SHRIRAMCIT,20210604,1660,1677.55,1660,1669.05,20274
SHRIRAMEPC,20210604,4.9,4.9,4.85,4.9,627174
SHYAMCENT,20210604,8.4,9.05,8.4,9.05,918847
SHYAMTEL,20210604,12,12.7,12,12.7,5305
SICAGEN,20210604,23.4,23.95,22.6,22.95,16737
SICAL,20210604,14,14.2,13.15,14.2,856454
SIEMENS,20210604,2160,2178,2106,2119.75,707215
SIGIND,20210604,56.7,56.7,53.75,54.15,103366
SIL,20210604,17.4,17.4,16.9,16.95,105584
SILGO,20210604,43.5,45,42.5,44.45,31319
SILINV,20210604,236,237.25,230,236.05,8321
SILLYMONKS,20210604,23.8,25,23.8,24.7,7254
SIMBHALS,20210604,14.95,15.65,14.95,15.65,108623
SIMPLEXINF,20210604,41.05,42.55,40,40.45,1266518
SINTERCOM,20210604,80,80,77,77.3,4671
SINTEX,20210604,3.9,3.95,3.8,3.95,4188080
SIRCA,20210604,371.5,371.5,351.8,356.7,141103
SIS,20210604,433.8,436,422.05,427.2,445960
SITINET,20210604,1.45,1.45,1.45,1.45,2121163
SIYSIL,20210604,319,325,309.25,318.4,280334
SJVN,20210604,27.55,28.8,27.35,27.95,10087721
SKFINDIA,20210604,2420,2444,2380,2389.4,11715
SKIL,20210604,3.5,3.65,3.5,3.65,59563
SKIPPER,20210604,63.25,64.65,56.9,62.45,185975
SKMEGGPROD,20210604,81.3,82.65,77.35,78.2,368976
SMARTLINK,20210604,98,98.95,94.75,96.3,99580
SMCGLOBAL,20210604,75,82.5,74.3,81.35,2508302
SMLISUZU,20210604,464,465.6,455.3,457.05,26335
SMSLIFE,20210604,616.9,633.7,605,628.25,9272
SMSPHARMA,20210604,163.85,163.85,160,160.75,126512
SNOWMAN,20210604,57.9,59.15,55.3,55.95,8960486
SOBHA,20210604,518,519.3,508,509.5,187671
SOLARA,20210604,1757.1,1757.1,1722,1735.5,51144
SOLARINDS,20210604,1592.2,1608.1,1550,1557.4,53260
SOMANYCERA,20210604,460.1,471.8,460.1,465.1,34304
SOMATEX,20210604,5.5,5.95,5.5,5.75,44188
SOMICONVEY,20210604,49.15,49.15,47,48,13114
SONATSOFTW,20210604,691,734.3,684.05,730.65,761493
SORILINFRA,20210604,170.8,177.8,165,175.75,217809
SOTL,20210604,1275,1315.25,1251.05,1287.05,100137
SOUTHBANK,20210604,10.35,10.4,10.2,10.25,9939072
SOUTHWEST,20210604,38.45,38.6,37,37.8,19702
SPAL,20210604,203.95,240.95,196.25,235.55,1341214
SPANDANA,20210604,705,820,682.35,746,8499051
SPARC,20210604,226,228.15,221.65,223.6,625494
SPECIALITY,20210604,53.3,57.7,53.3,55.8,426453
SPENCERS,20210604,75.7,76.75,75,76.2,476626
SPIC,20210604,45.5,45.7,44.6,44.8,719874
SPICEJET,20210604,78.25,81,77.6,79.7,7248550
SPLIL,20210604,49.5,50,47,47.25,151336
SPMLINFRA,20210604,11.5,11.6,11.3,11.4,41686
SPTL,20210604,4.35,4.45,4.15,4.45,8003491
SREEL,20210604,167.4,174.7,166.8,171,6658
SREINFRA,20210604,7.95,8.1,7.7,7.85,5115063
SRF,20210604,6586.25,6652.05,6584.75,6623.45,87374
SRHHYPOLTD,20210604,300.2,308.5,295.95,298.3,15969
SRIPIPES,20210604,191.35,192.9,188,189.05,80500
SRPL,20210604,30.85,30.85,28.25,30.75,2367
SRTRANSFIN,20210604,1425.1,1435,1407.75,1423.2,1262714
SSWL,20210604,765.5,785.4,761.65,776.5,43631
STAR,20210604,790.05,797.55,781.1,787.7,528489
STARCEMENT,20210604,109,111,109,110,254611
STARPAPER,20210604,146.2,146.8,140.4,142.6,245052
STCINDIA,20210604,94.8,101.4,92.55,98.5,293517
STEELCITY,20210604,48.45,48.45,45.5,46.15,72249
STEELXIND,20210604,59.25,59.25,57.5,57.95,505097
STEL,20210604,89.4,90.8,87.65,89.95,10489
STERTOOLS,20210604,204.05,205.6,200.05,200.65,21904
STLTECH,20210604,262,270.8,258.15,263.8,2488612
STOVEKRAFT,20210604,607,607.7,590,591.75,103662
SUBCAPCITY,20210604,19.05,19.05,19.05,19.05,1
SUBEXLTD,20210604,59.45,61.45,58.65,60.3,14737983
SUBROS,20210604,341.7,349,338,339.35,73182
SUDARSCHEM,20210604,694,725.6,691,699.75,1447572
SUMEETINDS,20210604,4.8,4.95,4.6,4.75,55833
SUMICHEM,20210604,362.3,364.8,355.85,357.8,845562
SUMIT,20210604,12.75,14.4,12.5,13,740217
SUMMITSEC,20210604,596.1,610,592.75,598.05,10585
SUNCLAYLTD,20210604,3647.55,3720,3585,3608.25,11633
SUNDARAM,20210604,1.65,1.65,1.65,1.65,240973
SUNDARMFIN,20210604,2534,2610,2518.3,2540.1,34512
SUNDARMHLD,20210604,76.3,77.9,75,75.75,222480
SUNDRMBRAK,20210604,357.55,362.65,350.2,352.7,6152
SUNDRMFAST,20210604,790,844.7,787.75,810.5,451660
SUNFLAG,20210604,81.35,81.35,79.25,79.55,537637
SUNPHARMA,20210604,678.9,679.25,672.8,673.95,3747803
SUNTECK,20210604,301,306.25,295.05,302.25,800112
SUNTV,20210604,528.8,530.75,520.05,521.75,1234470
SUPERHOUSE,20210604,151,153,147.65,148.85,27392
SUPERSPIN,20210604,6.4,6.5,6.1,6.25,23738
SUPPETRO,20210604,781,784,765,769.6,131750
SUPRAJIT,20210604,284.9,285.3,277,278.45,104979
SUPREMEENG,20210604,42.7,42.9,40,41.05,38206
SUPREMEIND,20210604,2288.4,2288.4,2222,2228.8,80181
SURANASOL,20210604,10.2,10.6,10.2,10.25,44624
SURANAT&P,20210604,5.2,5.4,5.15,5.3,232957
SURYALAXMI,20210604,46.15,48.65,44.5,47.1,34861
SURYAROSNI,20210604,498.35,502.95,487.05,495.45,161598
SURYODAY,20210604,225,230.45,223.5,226.8,185957
SUTLEJTEX,20210604,55.55,60.6,54.35,58.95,2134486
SUULD,20210604,436,448.95,436,439.7,100387
SUVEN,20210604,93.5,93.75,92,92.05,351794
SUVENPHAR,20210604,521.95,524,515.15,519,100045
SUVIDHAA,20210604,23.05,23.4,22.75,23.15,97321
SUZLON,20210604,7.2,7.6,7.05,7.35,204370435
SWANENERGY,20210604,137.05,137.05,135.1,136.45,97505
SWARAJENG,20210604,1544,1558.15,1535,1542.7,15640
SWELECTES,20210604,225,227,219.15,220.4,9752
SWSOLAR,20210604,241.85,244.9,239,241.55,1012537
SYMPHONY,20210604,1080,1093.5,1067.4,1071.1,153460
SYNGENE,20210604,594.8,594.8,586.25,589,194805
TAINWALCHM,20210604,77.95,79.65,76.15,76.65,16811
TAJGVK,20210604,138.3,147.45,137.35,144.65,2664883
TAKE,20210604,66.35,67.3,65.15,65.35,1107554
TALBROAUTO,20210604,249,250,241,247.15,44244
TANLA,20210604,903,908,885,889.75,234985
TARAPUR,20210604,5.5,5.75,5.25,5.55,7855
TARC,20210604,29.35,29.8,28.8,28.95,510308
TARMAT,20210604,62.5,62.75,59.5,60.45,48884
TASTYBITE,20210604,15800,15800,15443.75,15544.75,855
TATACHEM,20210604,732.6,748.9,727.8,746.15,5464935
TATACOFFEE,20210604,177.9,177.9,173.75,174.35,1339871
TATACOMM,20210604,1125.05,1151.8,1125.05,1141,320588
TATACONSUM,20210604,680.85,689.95,675,686.95,2398771
TATAELXSI,20210604,3571.5,3584.95,3555,3566.15,71678
TATAINVEST,20210604,1102.5,1111,1094.15,1099.2,62212
TATAMETALI,20210604,1069.95,1085,1060.25,1069.85,288379
TATAMOTORS,20210604,325.15,336.9,324.25,334.95,41278749
TATAMTRDVR,20210604,149,152.5,148.15,151.9,2671797
TATAPOWER,20210604,109.1,109.1,107,108.15,19048139
TATASTEEL,20210604,1116,1128.8,1107,1120.7,9713347
TATASTLBSL,20210604,96,96,94,94.1,5095026
TATASTLLP,20210604,926.1,934.65,915.25,927.75,41952
TBZ,20210604,83,88.85,82.5,84.55,3987431
TCI,20210604,443.4,449,436.05,438.6,166369
TCIDEVELOP,20210604,461.3,497.45,460,465.2,18841
TCIEXP,20210604,1491.9,1514.15,1431,1444.7,118686
TCIFINANCE,20210604,5.95,6.05,5.8,5.9,4238
TCNSBRANDS,20210604,547.7,555.55,537.9,542.55,29765
TCPLPACK,20210604,486,495,476.25,490.25,6976
TCS,20210604,3128,3156.85,3125,3143.75,1836060
TDPOWERSYS,20210604,198.65,198.9,193.6,198.1,36040
TEAMLEASE,20210604,3495,3495,3378.5,3400.5,14612
TECHIN,20210604,6.15,6.15,5.65,5.85,21731
TECHM,20210604,1019.55,1026.95,1011,1019.2,2315912
TECHNOE,20210604,341.75,341.75,333.1,335.6,108764
TEJASNET,20210604,183.9,187.2,182.65,185.35,1679499
TEMBO,20210604,183,186,177.8,182.9,95618
TERASOFT,20210604,45.85,46.85,45.1,46.15,42275
TEXINFRA,20210604,69.5,71,69.5,70.7,128703
TEXMOPIPES,20210604,52.75,53.5,49.55,50.8,1055203
TEXRAIL,20210604,32.65,33.25,32.5,32.55,1219310
TFCILTD,20210604,67.7,70.5,67.4,68.85,874933
TFL,20210604,4.05,4.05,3.9,4.05,9156
TGBHOTELS,20210604,6.6,6.65,6.5,6.65,42360
THANGAMAYL,20210604,845,927.55,845,875.3,288604
THEINVEST,20210604,109,109,103.45,105.6,7147
THEMISMED,20210604,796.9,835,744.15,777.3,240391
THERMAX,20210604,1505.45,1528.5,1488,1504.95,74048
THOMASCOOK,20210604,66.15,68.5,65.45,68.5,2263141
THOMASCOTT,20210604,8.4,8.75,8.4,8.75,1086
THYROCARE,20210604,1036.35,1071,1036.35,1050.8,283537
TI,20210604,37.35,38.8,37.35,38.05,976300
TIDEWATER,20210604,12299.95,12710,11950,12522.5,71736
TIIL,20210604,468,482,450.1,454.1,43056
TIINDIA,20210604,1199,1200,1186.45,1197.85,40356
TIJARIA,20210604,7.75,7.75,7.35,7.55,31146
TIL,20210604,176.1,181,172.2,177.8,8860
TIMESGTY,20210604,54.5,54.5,52.1,52.1,16638
TIMETECHNO,20210604,86.8,87.25,84.6,85.15,591826
TIMKEN,20210604,1334,1335,1309.95,1319.5,18824
TINPLATE,20210604,205.35,205.75,202.7,203.15,374724
TIPSINDLTD,20210604,856,870,822.2,838.25,24143
TIRUMALCHM,20210604,137.4,137.8,133.8,134.45,1089280
TIRUPATIFL,20210604,31,31,28.5,28.6,1687
TITAN,20210604,1713.8,1713.8,1665.5,1679.5,2952017
TMRVL,20210604,16.65,16.65,16.65,16.65,74242
TNPETRO,20210604,99.7,100.7,98.6,99.35,502840
TNPL,20210604,152.3,153.65,147.25,149.45,185920
TNTELE,20210604,5.5,5.5,5.3,5.45,10986
TOKYOPLAST,20210604,103.3,107,103.3,103.8,65403
TORNTPHARM,20210604,2788,2819.9,2770.5,2811.55,159634
TORNTPOWER,20210604,440.4,440.9,430.25,431.4,620183
TOTAL,20210604,42.65,42.65,41.75,41.95,24063
TOUCHWOOD,20210604,87.55,87.8,82.1,83.65,5478
TPLPLASTEH,20210604,249.95,249.95,239.5,241.35,11972
TREEHOUSE,20210604,8.1,8.2,7.95,7.95,9525
TREJHARA,20210604,39,39.8,37.8,38.2,34891
TRENT,20210604,852.75,863.25,847.5,852.1,781342
TRF,20210604,106,108.45,105.6,106.15,21114
TRIDENT,20210604,16.2,16.2,15.9,16,7166109
TRIGYN,20210604,104.4,123.3,102.3,119.4,1472831
TRIL,20210604,28.35,28.7,27.65,27.9,317489
TRITURBINE,20210604,114,114,110.45,113.05,450671
TRIVENI,20210604,153.45,154.9,149.85,151.75,1170813
TTKHLTCARE,20210604,681.45,691,668,671.7,29585
TTKPRESTIG,20210604,8790,8991,8790,8903.4,16715
TTL,20210604,66.65,69.95,64.5,66.85,25675
TTML,20210604,18.9,18.9,18.9,18.9,633292
TV18BRDCST,20210604,42,42.95,41.6,42.3,11737018
TVSELECT,20210604,156.1,156.65,150.55,151.25,127501
TVSMOTOR,20210604,625,630.85,620.2,623.4,2035626
TVSSRICHAK,20210604,2002,2014.7,1982.9,1997.05,8184
TVTODAY,20210604,317.95,319.95,310,312.95,136728
TWL,20210604,56.45,56.75,55.25,55.7,604788
UBL,20210604,1272.95,1378,1264.5,1337.1,5523161
UCALFUEL,20210604,167,168.8,164,167.7,30603
UCOBANK,20210604,13.45,13.7,13.2,13.5,14487296
UFLEX,20210604,443.9,449,437.2,442.4,93363
UFO,20210604,94.05,99,91.4,92.65,779518
UGARSUGAR,20210604,29.1,29.3,28.4,29,351402
UJAAS,20210604,3,3,2.9,2.9,1797805
UJJIVAN,20210604,216,221,216,217.75,600604
UJJIVANSFB,20210604,30.25,30.55,30.1,30.35,2944084
ULTRACEMCO,20210604,6630,6685,6615.65,6664.3,205504
UMANGDAIRY,20210604,73.3,73.9,72.25,72.75,35919
UMESLTD,20210604,4.7,4.75,4.4,4.75,88200
UNICHEMLAB,20210604,329.05,332.8,323.6,325.1,62292
UNIDT,20210604,328,328,310.2,315.3,12908
UNIENTER,20210604,124.9,124.9,118,119.3,47669
UNIONBANK,20210604,35.4,35.65,35.1,35.45,19102745
UNITEDTEA,20210604,341.3,358,326,348.9,11848
UNIVASTU,20210604,42.85,45.3,41.7,45.2,23933
UNIVCABLES,20210604,206.95,206.95,199.15,199.9,115104
UNIVPHOTO,20210604,216,218.9,207,209.95,7478
UPL,20210604,835,845.35,832.1,836.25,4116012
URJA,20210604,6.9,6.9,6.75,6.75,2162323
USHAMART,20210604,50.5,50.75,49.55,49.8,925431
UTIAMC,20210604,765,768,756.05,760.2,222083
UTIBANKETF,20210604,35.76,35.76,35.3,35.6,14534
UTINEXT50,20210604,41.2,41.94,40.05,40.71,25281
UTINIFTETF,20210604,1641.8,1646,1620.4,1643.25,1958
UTISENSETF,20210604,539.4,555,539.4,544,552
UTISXN50,20210604,44.54,44.54,43.21,44.33,1427
UTTAMSTL,20210604,8.2,8.3,7.6,7.7,5170745
UTTAMSUGAR,20210604,146,146.45,143.15,144.15,78866
V2RETAIL,20210604,126.9,129,124.1,125.7,52063
VADILALIND,20210604,1012.3,1016.5,985.1,995.8,15960
VAIBHAVGBL,20210604,830,835.55,820.7,825.45,109717
VAISHALI,20210604,37.35,37.35,36.05,36.6,33130
VAKRANGEE,20210604,45,45.95,43.75,44.35,12076801
VALIANTORG,20210604,1542,1568.2,1531.5,1559.6,53529
VARDHACRLC,20210604,44.7,44.7,42.3,42.55,154766
VARDMNPOLY,20210604,18.9,18.95,18.6,18.7,30873
VARROC,20210604,434.4,442.2,425.65,434.15,260028
VASCONEQ,20210604,21.45,22,19.6,21.45,3689213
VASWANI,20210604,13.9,14.3,13.8,13.95,31380
VBL,20210604,1034,1069,1032,1058.2,601641
VEDL,20210604,274.85,282.35,271.3,280.85,12113422
VENKEYS,20210604,2699,2730,2664,2677,124885
VENUSREM,20210604,326,334.2,320.55,329.45,221188
VERTOZ,20210604,225,226.9,220.05,224.05,134497
VESUVIUS,20210604,1124,1171.95,1070.75,1106,104381
VETO,20210604,126.15,128,125.15,127.25,13040
VGUARD,20210604,260.95,264.5,258.3,260.45,2218788
VHL,20210604,2505.5,2534,2500,2501.15,684
VICEROY,20210604,3.25,3.3,3.1,3.3,65171
VIDHIING,20210604,211.85,214.95,204.65,207.35,137515
VIJIFIN,20210604,1.05,1.05,1,1.05,184694
VIKASECO,20210604,2.4,2.45,2.4,2.45,1642543
VIKASLIFE,20210604,3.2,3.25,3.15,3.2,8629499
VIKASPROP,20210604,2.2,2.25,2.15,2.2,1962515
VIKASWSP,20210604,6.15,6.15,6.15,6.15,112989
VIMTALABS,20210604,238,246.95,237,243.4,363849
VINATIORGA,20210604,1780.05,1794,1760,1773.8,36353
VINDHYATEL,20210604,1089,1105,1070,1075.4,43171
VINYLINDIA,20210604,145,146.3,142,144.2,69190
VIPCLOTHNG,20210604,18.25,18.3,17.65,18.25,791897
VIPIND,20210604,387,395.05,385.1,390.4,403560
VIPULLTD,20210604,30.25,30.25,28.55,29.65,23067
VISAKAIND,20210604,672,672,640.1,649.45,95871
VISASTEEL,20210604,9,9.25,8.95,9.15,35238
VISHAL,20210604,46.5,48,46,48,188497
VISHNU,20210604,413,416.05,398.1,403.4,36234
VISHWARAJ,20210604,146,149,142.2,144.5,209349
VIVIDHA,20210604,0.9,0.9,0.85,0.85,2625886
VIVIMEDLAB,20210604,30.95,30.95,29.3,30,270224
VLIFE-RE,20210604,1.3,1.3,1.05,1.05,9880469
VLSFINANCE,20210604,126.85,130,123.95,126,84096
VMART,20210604,2792.4,2799.05,2746,2752.55,10608
VOLTAMP,20210604,1201.65,1213.7,1186,1207.5,6199
VOLTAS,20210604,1113,1125,1098,1104.45,2581739
VRLLOG,20210604,261,261,252,256.75,175357
VSSL,20210604,206,206.8,198,203.45,246276
VSTIND,20210604,3340,3499,3299,3456.25,32129
VSTTILLERS,20210604,2265.05,2295.05,2125,2133.8,68988
VTL,20210604,1314,1319,1296.85,1305.5,88997
WABAG,20210604,281.95,287.9,274.5,282.75,811382
WABCOINDIA,20210604,6835.4,6915,6775,6820,3172
WALCHANNAG,20210604,78.9,79.4,76.7,78.25,294930
WANBURY,20210604,104.75,106.95,101,105.8,17486
WATERBASE,20210604,121.5,122.35,119,119.45,206109
WEALTH,20210604,125,130,125,130,100
WEBELSOLAR,20210604,51,52.85,50.5,51,175475
WEIZMANIND,20210604,52.15,54.35,52,53.75,20890
WELCORP,20210604,150.3,150.3,147.45,147.75,936734
WELENT,20210604,118.8,122.6,117.4,120.9,1524296
WELINV,20210604,419.05,423.95,397.05,409.45,1436
WELSPUNIND,20210604,93.55,94.6,91.8,92.35,1799454
WENDT,20210604,3949,4100.2,3702,3778.6,11182
WESTLIFE,20210604,488,488,479.05,484.6,45048
WHEELS,20210604,619.3,645,615.2,620.5,147760
WHIRLPOOL,20210604,2203.9,2228,2185,2189.65,72855
WILLAMAGOR,20210604,22.05,22.1,21.1,21.2,48001
WINDMACHIN,20210604,36.9,37.5,35.25,36.35,246039
WIPL,20210604,63,67.05,60.75,67.05,7113
WIPRO,20210604,543.5,545.5,540.45,541.2,4771716
WOCKPHARMA,20210604,659.4,666,650.05,655.1,864463
WONDERLA,20210604,211.65,216,207.5,211.85,163020
WORTH,20210604,67.95,68.4,65.45,65.95,29030
WSI,20210604,5.5,5.5,5.5,5.5,3422
WSTCSTPAPR,20210604,233.95,238.35,231,234.4,519681
XCHANGING,20210604,74.45,75.8,74.2,75.4,288718
XELPMOC,20210604,289.4,290.9,283.5,289.35,21862
XPROINDIA,20210604,144,148,141.5,142.8,29199
YAARII,20210604,118,124.2,115.1,124.2,905860
YESBANK,20210604,13.55,13.9,13.5,13.75,183326321
ZEEL,20210604,216.6,221.45,216.1,218.3,21970877
ZEELEARN,20210604,13.5,13.8,13.4,13.55,1246599
ZEEMEDIA,20210604,9.95,10.05,9.65,9.75,2638619
ZENITHEXPO,20210604,99.85,99.85,95,97.9,2589
ZENSARTECH,20210604,285.5,289,284.4,286.75,176406
ZENTEC,20210604,72.45,72.45,70.9,71.1,144127
ZODIACLOTH,20210604,106,111.8,105.05,109.85,222828
ZODJRDMKJ,20210604,37.4,37.4,34.85,36.45,8456
ZOTA,20210604,184,184,160,173.6,121798
ZUARI,20210604,97.85,98.4,96.05,96.5,89071
ZUARIGLOB,20210604,93.95,94,91,92.65,53853
ZYDUSWELL,20210604,2095.25,2107.45,2080,2096.9,169249
NSENIFTY,20210604,15712.50,15733.60,15622.35,15670.25,414162241,0
NIFTYJUNIOR,20210604,38872.15,38945.10,38696.40,38914.50,510354471,0
NIFTYMIDCAPLIQ15,20210604,6317.20,6396.70,6301.80,6389.00,139268567,0
NSE100,20210604,15980.90,16000.00,15897.15,15945.85,924516712,0
NIFTY200,20210604,8315.45,8327.70,8275.05,8302.70,1994362648,0
NSE500,20210604,13412.75,13433.60,13352.15,13393.90,3073781029,0
NSEMIDCAP150,20210604,9949.65,9987.45,9919.80,9974.00,1140147611,0
MIDCAP50,20210604,7363.10,7421.00,7338.15,7414.50,977022796,0
NSEMIDCAP,20210604,26472.35,26571.85,26365.95,26551.60,1069845936,0
NSESMLCAP100,20210604,9497.20,9525.35,9465.80,9475.10,-,0
NIFTYLARGEMIDCAP250,20210604,-,-,-,8674.15,2064664323,0
NIFTYAUTO,20210604,10672.85,10749.15,10634.90,10735.75,125333298,0
BANKNIFTY,20210604,35657.85,35810.90,35176.15,35291.65,282780039,0
NIFTYFINSERVICE,20210604,16794.40,16866.30,16677.10,16744.20,124945536,0
NIFTYFMGC,20210604,35330.65,35330.65,35092.10,35138.00,54504461,0
NSEIT,20210604,27031.60,27167.50,26914.60,26996.75,18397467,0
NIFTYMEDIA,20210604,1801.65,1822.00,1791.60,1817.95,70699672,0
NIFTYMETAL,20210604,5259.45,5360.75,5235.50,5339.15,176692129,0
NIFTYPHARMA,20210604,14150.25,14156.65,14050.45,14101.55,17864251,0
NIFTYPVTBANK,20210604,18704.40,18771.75,18450.60,18523.35,286358518,0
NIFTYPSUBANK,20210604,2497.35,2511.95,2479.10,2491.65,587083754,0
NIFTYREALTY,20210604,355.30,356.80,351.40,353.80,43002684,0
NIFTYCOMMODITIES,20210604,5181.70,5216.60,5164.00,5206.60,274256223,0
NIFTYCONSUMPTION,20210604,6287.90,6287.90,6237.20,6248.70,95512153,0
NIFTYCPSE,20210604,2014.40,2042.05,2014.10,2038.05,196779023,0
NIFTYENERGY,20210604,20402.30,20487.80,20285.75,20368.05,176879245,0
NIFTY100ESG,20210604,-,-,-,3148.71,436390402,0
NIFTY100ENHESG,20210604,-,-,-,3166.34,394543403,0
NIFTYINFRA,20210604,4425.65,4446.70,4409.55,4432.65,247328947,0
NIFTYMNC,20210604,17111.65,17146.95,17042.10,17093.15,425650174,0
NIFTYPSE,20210604,3585.70,3633.30,3585.15,3624.70,372346480,0
NIFTYSMEEMERGE,20210604,-,-,-,2281.49,780066,0
NIFTYSERVSECTOR,20210604,21745.35,21808.55,21597.75,21676.90,182234190,0
NIFTYSHARIAH25,20210604,-,-,-,5940.46,153702839,0
NIFTY50SHARIAH,20210604,-,-,-,3703.49,133876080,0
NIFTY500SHARIAH,20210604,-,-,-,4670.63,485077245,0
NIFTYABGROUP,20210604,-,-,-,4923.75,388110505,0
NIFTYMAHINDRA,20210604,-,-,-,13204.77,32171053,0
NIFTYTATA,20210604,-,-,-,10911.18,115138791,0
NIFTYTATA25CAP,20210604,-,-,-,8504.41,105985551,0
NIFTYABGROUP,20210604,-,-,-,4923.75,388110505,0
NIFTYLIQ15,20210604,4031.95,4046.40,4005.60,4017.85,190767709,0
NIFTY500VALUE50,20210604,-,-,-,5578.54,842212954,0
NIFTYQUALLOWVOL30,20210604,-,-,-,11239.10,105466112,0
NIFTYALPHAQUALLOWVOL30,20210604,-,-,-,12991.04,114063697,0
NIFTYALPHAQUALVALLOWVOL30,20210604,-,-,-,9859.24,119569202,0
NIFTY50EQUALWEIGHT,20210604,17670.10,17711.80,17630.35,17693.80,414162241,0
NIFTY100EQUALWEIGHT,20210604,18894.30,18939.60,18846.90,18926.50,924516712,0
NIFTY100LOWVOL30,20210604,12135.20,12160.45,12094.60,12116.60,149033505,0
NSEDEFTY,20210604,-,-,-,7437.36,-,0
NIFTY50DIVPOINT,20210604,37.38,37.38,37.38,37.38,-,0
NIFTYDIVOPPS50,20210604,3253.55,3261.15,3246.70,3259.35,384523014,0
NIFTYALPHA50,20210604,27228.65,27289.60,27096.40,27226.50,558662224,0
NIFTY50ARBITRAGE,20210604,-,-,-,1964.60,-,0
NIFTY50FUTINDEX,20210604,-,-,-,5112.48,-,0
NIFTY50FUTTRINDEX,20210604,-,-,-,16283.22,-,0
NIFTYHIGHBETA50,20210604,-,-,-,2000.13,1073846305,0
NIFTYLOWVOL50,20210604,-,-,-,14836.44,164151923,0
NIFTY50VALUE20,20210604,7833.00,7846.30,7812.00,7838.20,203753537,0
NIFTYGROWSECT15,20210604,7575.20,7576.20,7521.00,7535.10,49448296,0
NIFTY50TR2XLEV,20210604,9979.35,10005.75,9865.10,9925.70,-,0
NIFTY50PR2XLEV,20210604,7441.05,7460.75,7355.90,7401.10,-,0
NIFTY50TR1XINV,20210604,241.30,242.70,240.95,241.95,-,0
NIFTY50PR1XINV,20210604,279.30,280.90,278.95,280.05,-,0
NIFTY-GS-COMPSITE,20210604,2314.76,2316.45,2311.85,2312.51,-,0
NIFTY-GS-4-8YR,20210604,2425.78,2428.17,2424.33,2424.86,-,0
NIFTY-GS-8-13YR,20210604,2270.83,2272.36,2267.71,2268.08,-,0
NIFTY-GS-10YR,20210604,2062.12,2065.11,2058.02,2058.79,-,0
NIFTY-GS-10YR-CLN,20210604,957.64,959.02,955.73,956.09,-,0
NIFTY-GS-11-15YR,20210604,2426.73,2428.66,2422.89,2423.46,-,0
NIFTY-GS-15YRPLUS,20210604,2628.83,2630.53,2627.89,2627.85,-,0
VIX,20210604,15.75,16.38,14.94,15.94,0,0
