20MICRONS,20210607,64,64.25,62.2,63.3,308284
21STCENMGM,20210607,16.55,16.55,16.55,16.55,417
3IINFOTECH,20210607,8.9,9.1,8.8,8.85,17716925
3MINDIA,20210607,26299,26440,26164.4,26339.65,1456
3PLAND,20210607,13.8,14.15,13.6,13.75,21579
5PAISA,20210607,415.9,423.5,396.25,399.55,197862
63MOONS,20210607,89.75,89.75,84.05,88.15,54365
A2ZINFRA,20210607,4.9,5.1,4.85,5.1,1317599
AAKASH,20210607,166.6,166.6,162.45,166,38059
AARON,20210607,84,86,81.15,84.35,7161
AARTIDRUGS,20210607,764.7,766.9,752,752.65,310559
AARTIIND,20210607,1710,1718,1695,1710.7,796923
AARTISURF,20210607,1440,1448,1383.95,1393.2,35716
AARVEEDEN,20210607,22.55,23.8,22.55,23.55,15888
AARVI,20210607,69.8,69.8,66.65,68.3,66768
AAVAS,20210607,2441.1,2533.65,2392.65,2434.3,143015
ABAN,20210607,40.1,43.45,39.85,43.45,796610
ABB,20210607,1659,1698,1637,1685.65,269594
ABBOTINDIA,20210607,15945.8,15972.75,15860.1,15897.95,9265
ABCAPITAL,20210607,123,126.5,123,124.9,3651379
ABFRL,20210607,206.35,209.95,204.3,205,3413775
ABMINTLTD,20210607,58.3,65.8,58.3,63.75,6396
ABSLBANETF,20210607,364.98,364.98,351,351.44,545
ABSLNN50ET,20210607,393,406,393,396.78,1133
ACC,20210607,2015.5,2058.9,2011,2045.95,494925
ACCELYA,20210607,1112,1133.45,1091,1114.75,66318
ACCURACY,20210607,60.95,71,58.1,70.95,105833
ACE,20210607,169.9,184.9,168.65,178.65,2461072
ACRYSIL,20210607,570.5,574,550,552.55,121710
ADANIENT,20210607,1715,1717.2,1613,1624.3,15350263
ADANIGREEN,20210607,1294.4,1294.4,1263,1264.85,647083
ADANIPORTS,20210607,837.4,898.8,835.65,878.6,33684310
ADANIPOWER,20210607,112.55,126.9,111.25,126.9,115150200
ADANITRANS,20210607,1616.9,1644.95,1552.6,1589.45,632473
ADFFOODS,20210607,1015,1042,1014,1024.8,45640
ADL,20210607,29.65,31.65,29.65,30.05,2913
ADORWELD,20210607,541,572,535,553.1,169757
ADROITINFO,20210607,10,10.15,9,9.65,57420
ADSL,20210607,62.35,64.25,61.2,63.1,375948
ADVANIHOTR,20210607,66.9,69.5,65.3,67.9,93550
ADVENZYMES,20210607,415.35,427.4,412.1,415.45,530913
AEGISCHEM,20210607,370,387.5,367.35,377.35,1678516
AFFLE,20210607,5356,5413.2,5101.05,5276.15,56216
AGARIND,20210607,224.7,238.75,223.15,238.75,88653
AGCNET,20210607,1366,1395,1302.6,1346.85,9102
AGRITECH,20210607,46.4,48.8,46.4,47.9,73045
AGROPHOS,20210607,14.65,15,13.5,14.35,381134
AHLADA,20210607,116.4,136.25,111.4,132.45,132503
AHLEAST,20210607,194.05,196.95,188,191.3,13516
AHLUCONT,20210607,329.75,329.75,320.1,322.35,22179
AHLWEST,20210607,248,251,240.25,241.3,17919
AIAENG,20210607,1938.2,1966,1922.65,1938.65,22293
AIRAN,20210607,23.8,24.9,23.25,24.2,271741
AJANTPHARM,20210607,1963,1966,1900.3,1951.45,50372
AJMERA,20210607,149.05,161.5,149.05,156.65,687584
AJOONI,20210607,54.1,59.7,54.1,59.55,216506
AKASH,20210607,227.5,227.5,219,222.35,13368
AKG,20210607,26.1,28,26.1,27.4,7170
AKSHARCHEM,20210607,297.15,312.3,297.15,307.7,74347
AKSHOPTFBR,20210607,7.15,7.3,6.95,7.2,544044
AKZOINDIA,20210607,2287.3,2300,2270.4,2277.2,7805
ALANKIT,20210607,20.6,20.9,19.7,20.35,737096
ALBERTDAVD,20210607,474.45,476.8,467.1,471.2,17072
ALEMBICLTD,20210607,126.05,128.45,125,125.8,460191
ALICON,20210607,570,575.4,556.45,570.55,16939
ALKALI,20210607,72,82,71.5,82,1066954
ALKEM,20210607,3164.95,3176.95,3121.9,3140.45,139241
ALKYLAMINE,20210607,3650,3707.95,3593.6,3628.5,125380
ALLCARGO,20210607,135.4,137,133.5,135.95,453056
ALLSEC,20210607,389,391.95,389,390.2,6347
ALMONDZ,20210607,47.95,48.2,46,47.1,25259
ALOKINDS,20210607,20.8,21.1,20.7,20.75,11089610
ALPA,20210607,56,57,55.55,56.15,40958
ALPHAGEO,20210607,285.4,295,282,283.95,65015
ALPSINDUS,20210607,2.25,2.25,2.2,2.25,37631
AMARAJABAT,20210607,761.95,765.7,758.6,760.5,1214766
AMBER,20210607,2790,2815,2761.25,2802.75,145460
AMBICAAGAR,20210607,23.2,24.9,23.05,24.15,45620
AMBIKCO,20210607,1282,1284,1252.05,1260.3,31481
AMBUJACEM,20210607,333.8,342.8,333.15,339.05,4163074
AMDIND,20210607,23.2,23.9,22.55,23,62069
AMJLAND,20210607,28.9,32,28.05,29.95,188756
AMRUTANJAN,20210607,712.6,715,695,699.95,58781
ANANTRAJ,20210607,67.2,69.4,63.5,65.4,2145375
ANDHRACEMT,20210607,11.1,11.1,11.1,11.1,269670
ANDHRAPAP,20210607,246,246,233,241,44557
ANDHRSUGAR,20210607,426.75,455,426.75,446.4,558514
ANGELBRKG,20210607,852.15,962.65,852.15,927.7,2795768
ANIKINDS,20210607,20.65,20.65,20.15,20.65,141853
ANKITMETAL,20210607,1.3,1.3,1.25,1.3,94212
ANMOL,20210607,195,197,170.65,172.9,35221
ANSALAPI,20210607,7.4,7.5,7.3,7.5,152558
ANSALHSG,20210607,8.3,8.65,8.1,8.65,258857
ANTGRAPHIC,20210607,0.5,0.6,0.5,0.55,596220
ANUP,20210607,909.9,931.9,870.35,898.4,104233
ANURAS,20210607,790,790,768,772.9,140131
APARINDS,20210607,543.95,545.9,530,532.6,126179
APCL,20210607,324.1,339,320.1,335,292737
APCOTEXIND,20210607,331.1,334.75,322.1,324.4,82511
APEX,20210607,274.5,277.6,270,270.55,168622
APLAPOLLO,20210607,1332.4,1358,1298,1348.25,441036
APLLTD,20210607,952.7,956,942,949.3,224680
APOLLO,20210607,116.5,118.95,115.35,115.8,198742
APOLLOHOSP,20210607,3380.15,3380.15,3308,3315.3,526855
APOLLOPIPE,20210607,1054,1058,1036.05,1055.15,28716
APOLLOTYRE,20210607,231,241.25,230.65,237.4,10922981
APOLSINHOT,20210607,887.95,888,855,857.05,2410
APTECHT,20210607,238,248.7,231.5,239.65,2278738
ARCHIDPLY,20210607,32.1,33.55,32.1,33.1,19698
ARCHIES,20210607,14.8,15.8,14.8,15.6,346128
ARENTERP,20210607,12,12.6,12,12.6,3737
ARIES,20210607,133,137,132.95,135.05,778414
ARIHANT,20210607,24.7,24.7,24.7,24.7,5507
ARIHANTSUP,20210607,93,93,92.9,93,20860
ARMANFIN,20210607,620.9,687,601.15,634.95,21221
AROGRANITE,20210607,57.4,57.4,53.25,54.05,59154
ARROWGREEN,20210607,123.9,124.2,118,124,18073
ARSHIYA,20210607,30,30,28.8,29.95,52997
ARSSINFRA,20210607,32.5,34.4,31.3,32.55,75460
ARTEMISMED,20210607,280,288.4,271.35,287.85,19222
ARVEE,20210607,86.45,95.45,86.45,95.45,18319
ARVIND,20210607,78.95,80.15,78.25,78.5,957518
ARVINDFASN,20210607,146,147.75,143.9,144.7,593709
ARVSMART,20210607,117.4,117.4,110.05,110.6,159955
ASAHIINDIA,20210607,334,336.75,324,326.1,79610
ASAHISONG,20210607,373,379.85,355.15,364.95,116589
ASAL,20210607,43,46.2,43,46.2,17121
ASALCBR,20210607,440,456.3,438,454.15,95680
ASHAPURMIN,20210607,150.5,161.7,149.8,154.95,351224
ASHIANA,20210607,138.25,143,133.85,137.65,80009
ASHIMASYN,20210607,20.7,21,19.75,20.4,110829
ASHOKA,20210607,94.25,95.7,93.35,94.3,1597225
ASHOKLEY,20210607,129.6,131.65,128,128.4,17273809
ASIANHOTNR,20210607,102,104.8,98,100.25,295808
ASIANPAINT,20210607,2930,2941,2903.95,2933.1,802415
ASIANTILES,20210607,185.3,187.95,178.35,180.7,1246006
ASPINWALL,20210607,206.3,210.95,205.2,206.9,6533
ASTEC,20210607,1409.45,1410.1,1381.1,1395.65,37545
ASTERDM,20210607,151.8,153.3,150.6,151.05,585001
ASTRAL,20210607,1901,1908.3,1883.8,1904.5,173045
ASTRAMICRO,20210607,142.2,145.95,140.05,142.25,1294106
ASTRAZEN,20210607,3845,3845,3783.4,3795.8,12807
ASTRON,20210607,52.5,52.8,50.05,50.4,203598
ATFL,20210607,985,988,967.15,976.45,15438
ATGL,20210607,1634,1677,1555.5,1626.95,1593104
ATLANTA,20210607,10.5,10.85,10.25,10.85,105304
ATNINTER,20210607,0.2,0.2,0.15,0.2,31128
ATUL,20210607,8603.2,8994,8595,8932.85,40751
ATULAUTO,20210607,195,205,192.8,198.35,659107
AUBANK,20210607,1008.8,1029.85,1006,1022.1,596448
AURIONPRO,20210607,153,157.75,152,154,90988
AUROPHARMA,20210607,964.05,968,956.45,959.5,1716989
AUSOMENT,20210607,67.45,69.05,64.3,67.1,24283
AUTOAXLES,20210607,1347,1449,1330,1386.35,51268
AUTOIND,20210607,39.2,42.45,39,42.45,163194
AVADHSUGAR,20210607,320,374.6,320,369.3,1648395
AVANTIFEED,20210607,604.65,604.65,582.85,586.9,417144
AVTNPL,20210607,64.75,67.7,63.05,66.5,414419
AWHCL,20210607,339,343.7,333.1,339,156222
AXISBANK,20210607,743.1,753.95,741.5,751.1,6986728
AXISBNKETF,20210607,354.59,354.59,352.3,353.49,709
AXISBPSETF,20210607,10.15,10.16,10.13,10.15,9102
AXISCADES,20210607,79.8,95.8,79.75,93.55,1499322
AXISGOLD,20210607,42.09,42.49,42.09,42.2,102121
AXISHCETF,20210607,85.9,87.99,84.95,85.48,32204
AXISNIFTY,20210607,163.8,165.12,163.8,164.49,4410
AXISTECETF,20210607,274,281.5,266,272.5,1678
AYMSYNTEX,20210607,77.9,77.9,75.7,76.2,107598
BAFNAPH,20210607,137.7,140.65,137,140.05,15383
BAGFILMS,20210607,3.3,3.4,3.25,3.35,252273
BAJAJ-AUTO,20210607,4258.55,4284.9,4240,4249.75,159646
BAJAJCON,20210607,295.85,307.8,295.35,298.45,1809441
BAJAJELEC,20210607,1067,1069.9,1047,1056.75,102671
BAJAJFINSV,20210607,11880,12008.8,11684.65,11828.55,514727
BAJAJHIND,20210607,12.85,12.85,12.85,12.85,1328963
BAJAJHLDNG,20210607,3540,3544.95,3479.55,3486,80677
BAJFINANCE,20210607,5800,5843.85,5682.45,5729.75,2835805
BALAJITELE,20210607,67.9,69.5,67.5,69.15,552987
BALAMINES,20210607,2720,2721.7,2657.95,2662.4,71647
BALAXI,20210607,613.3,634,582.65,606.15,17244
BALKRISHNA,20210607,21.6,22.4,21.3,21.6,1607
BALKRISIND,20210607,2218.65,2250,2215.35,2244.65,349870
BALMLAWRIE,20210607,137.7,145.9,137.1,143.95,2448989
BALPHARMA,20210607,101.5,103,99.1,100.2,51096
BALRAMCHIN,20210607,323.5,342.75,322.3,336.75,5067516
BANARBEADS,20210607,61.4,61.4,59,59.25,36776
BANARISUG,20210607,1795,1924,1749.5,1884.35,18435
BANCOINDIA,20210607,165.7,171.9,165.2,168.65,350562
BANDHANBNK,20210607,315,321.65,313.15,320,5580965
BANG,20210607,32.8,34,32.3,33.1,18983
BANKA,20210607,75.9,75.95,71.55,74.05,24667
BANKBARODA,20210607,82.6,84.1,81.85,82.9,48213715
BANKBEES,20210607,356.8,357.26,355.11,356.02,482275
BANKINDIA,20210607,82.4,87,81.1,84.6,19082021
BANSWRAS,20210607,174,178.55,165,175.3,79251
BARBEQUE,20210607,867.85,874.4,850.1,856.9,110995
BASF,20210607,2499.65,2532.7,2470.1,2483,23368
BASML,20210607,79.65,81,77.05,78.2,108754
BATAINDIA,20210607,1558.8,1598.75,1552,1575.4,920780
BAYERCROP,20210607,5359,5359,5304,5307.95,15736
BBL,20210607,1278,1301.75,1250,1261.95,21480
BBTC,20210607,1307.7,1338,1285.9,1312.2,162472
BCG,20210607,11.05,11.05,10.6,11.05,6802492
BCLIND,20210607,186.9,186.9,179,180.75,191343
BCP,20210607,3.45,3.55,3.35,3.45,2082395
BDL,20210607,374.2,374.7,366.8,369.15,325674
BEARDSELL,20210607,14.1,14.45,13.85,14.35,17497
BECTORFOOD,20210607,427,443.5,427,431.3,1225601
BEDMUTHA,20210607,25,28.1,23.65,28.1,328534
BEL,20210607,153,154.25,152.4,153.3,5629880
BEML,20210607,1358.55,1378.85,1341.25,1351.45,609576
BEPL,20210607,187,196.6,186.8,191.15,4281506
BERGEPAINT,20210607,796.35,812.9,795,810.65,750561
BESTAGRO,20210607,308.85,308.85,294.05,299.7,51531
BFINVEST,20210607,326.4,340,326.4,331.4,69863
BFUTILITIE,20210607,320,333,319,321.6,880695
BGLOBAL,20210607,1.45,1.45,1.4,1.45,49111
BGRENERGY,20210607,62.6,65.7,62.25,64.1,662307
BHAGERIA,20210607,201.5,201.5,196.25,198,150815
BHAGYANGR,20210607,55.4,55.4,51.1,51.7,75134
BHAGYAPROP,20210607,29.9,31.2,29.1,29.45,29855
BHANDARI,20210607,3,3,2.85,2.95,276074
BHARATFORG,20210607,788.45,790.9,744.15,750,10826618
BHARATGEAR,20210607,109.95,111,107.2,109.2,88969
BHARATRAS,20210607,12950,13005.75,12803.05,12935.05,2874
BHARATWIRE,20210607,55.6,56.25,54,54.3,44784
BHARTIARTL,20210607,534,541,533,536.45,9496183
BHEL,20210607,74.55,78.5,73.3,77,165279581
BIGBLOC,20210607,95,100.15,93.55,100,51270
BIL,20210607,208,222,208,217.25,5009
BINDALAGRO,20210607,25.45,25.45,24.6,24.75,246120
BIOCON,20210607,384.5,392,383.25,389.05,3314421
BIOFILCHEM,20210607,70,70.8,68.9,70.1,62451
BIRLACABLE,20210607,75.8,77.95,73.8,75.35,226355
BIRLACORPN,20210607,1230,1242,1214,1235.35,146102
BIRLAMONEY,20210607,48.2,54.45,47.85,53.6,3293415
BIRLATYRE,20210607,28.25,28.3,27.7,27.85,668493
BKMINDST,20210607,0.95,1,0.95,1,17765
BLBLIMITED,20210607,7.05,7.2,6.9,7.1,61634
BLISSGVS,20210607,114.4,116.5,113.2,113.55,852774
BLKASHYAP,20210607,20.95,21.55,19.45,21,1660561
BLS,20210607,130.7,131.65,128,128.7,681293
BLUECHIP,20210607,0.25,0.25,0.25,0.25,7311
BLUECOAST,20210607,5.4,5.4,5.4,5.4,88
BLUEDART,20210607,6050,6110,5975,5996.95,26893
BLUESTARCO,20210607,828,835.5,824,827.5,47918
BODALCHEM,20210607,103,105.7,102.05,103.2,779553
BOMDYEING,20210607,82.25,87,81.8,85.15,8936329
BOROLTD,20210607,223.9,224,219,220.3,133949
BORORENEW,20210607,273.5,275,268,269.55,315381
BOSCHLTD,20210607,15798.65,15870,15570,15649.25,31299
BPCL,20210607,480.8,485.4,478.75,481.4,6261695
BPL,20210607,35.7,38,35,36.6,677243
BRFL,20210607,7.25,7.85,7.2,7.65,3009604
BRIGADE,20210607,273.8,274,265.2,267,191421
BRITANNIA,20210607,3506.5,3555,3478.5,3542.6,357312
BRNL,20210607,31.15,31.5,30.5,30.95,101665
BROOKS,20210607,103.75,105.25,101.9,102.4,48702
BSE,20210607,932,944,921,931.5,535334
BSELINFRA,20210607,1.35,1.35,1.35,1.35,33525
BSHSL,20210607,196.1,200,191.9,194.85,2119
BSL,20210607,62,65.65,60.55,65.65,227591
BSLGOLDETF,20210607,4466,4466,4426.1,4459.95,195
BSLNIFTY,20210607,174.99,174.99,173.15,173.27,785
BSOFT,20210607,336.35,345,336,342.6,1375055
BURGERKING,20210607,159,167,158.6,165,9614815
BURNPUR,20210607,3.5,3.5,3.5,3.5,23151
BUTTERFLY,20210607,828,840,798.7,801.8,37803
BVCL,20210607,23.65,23.65,22.1,22.75,12473
BYKE,20210607,32,32.5,31,31.15,95400
CADILAHC,20210607,639.95,641.5,634.2,636.15,3255819
CALSOFT,20210607,10.2,10.3,9.95,10.2,109095
CAMLINFINE,20210607,178,180.5,171.35,172.45,1000686
CAMS,20210607,2558,2793,2550.1,2751.05,421910
CANBK,20210607,162,162.8,160.05,160.9,9575778
CANFINHOME,20210607,557.5,557.9,541.55,544,453616
CANTABIL,20210607,380.5,395.9,380.5,393.7,109199
CAPACITE,20210607,207.9,214.8,203.2,207.7,198124
CAPLIPOINT,20210607,603,605,592.1,597.2,158503
CAPTRUST,20210607,90.2,95,90.2,93,15656
CARBORUNIV,20210607,584.1,597.9,584.1,592.1,136603
CAREERP,20210607,142.95,144,138,139.4,139807
CARERATING,20210607,579.95,586.25,571.1,576.05,315189
CASTEXTECH,20210607,0.65,0.65,0.65,0.65,238425
CASTROLIND,20210607,143.4,154.9,143,153.3,13284232
CCCL,20210607,0.7,0.7,0.65,0.65,333088
CCHHL,20210607,6.4,6.5,6.2,6.5,233460
CCL,20210607,364.8,366.5,352.25,357.2,268587
CDSL,20210607,973.6,998.35,973.6,986,501354
CEATLTD,20210607,1335,1371.7,1326.55,1351.95,319850
CEBBCO,20210607,20.5,20.9,20,20.5,173836
CELEBRITY,20210607,7.1,7.15,6.75,6.8,144452
CENTENKA,20210607,400,403.4,389,390.95,220013
CENTEXT,20210607,7.4,7.5,7.1,7.2,327675
CENTRALBK,20210607,23,24.5,22.5,23,64145845
CENTRUM,20210607,38.45,39.1,37.65,38.05,1081163
CENTUM,20210607,440,440,418,423.9,12817
CENTURYPLY,20210607,410,424,410,417.9,426878
CENTURYTEX,20210607,511.8,526.45,506.8,518.75,1236869
CERA,20210607,4100,4400,4100,4348.1,58990
CEREBRAINT,20210607,57,62.9,54.5,61.9,3900800
CESC,20210607,705.8,759.4,701.5,742.65,2452269
CGCL,20210607,525,548,525,531.3,141615
CGPOWER,20210607,86,86.5,84.05,84.95,1962235
CHALET,20210607,192.95,196,187,187.65,503727
CHAMBLFERT,20210607,290,294,288.15,289.4,823259
CHEMBOND,20210607,199,216,199,212.45,162299
CHEMCON,20210607,480.8,505.35,478.45,502.25,1252959
CHEMFAB,20210607,149.95,149.95,146.45,146.9,14252
CHENNPETRO,20210607,136.45,137.55,135.1,135.9,668462
CHOLAFIN,20210607,572.75,584.75,562.9,580.1,5884824
CHOLAHLDNG,20210607,686,698.7,680,693.05,247141
CIGNITITEC,20210607,455.1,472,455.1,466.4,137402
CINELINE,20210607,44.2,45.5,43.5,44.95,298279
CINEVISTA,20210607,12.3,12.3,11.7,11.75,95147
CIPLA,20210607,951.75,951.75,937.55,939.8,2028426
CLEDUCATE,20210607,96,102.95,96,102.95,117884
CLNINDIA,20210607,512,562,509.45,551.2,750270
CLSEL,20210607,131,132.95,130.2,131.45,90783
CMICABLES,20210607,52.7,52.7,44.3,51,181160
COALINDIA,20210607,156,158.85,155.45,156.25,31071589
COCHINSHIP,20210607,387.5,403.65,384.5,397.4,1674613
COFFEEDAY,20210607,38.45,41.85,37.5,41.85,5308969
COFORGE,20210607,3694.1,3732,3660.8,3713.4,336542
COLPAL,20210607,1696.1,1717.9,1688.05,1710.6,281761
COMPINFO,20210607,27.2,27.95,27.1,27.4,404160
COMPUSOFT,20210607,10.6,10.85,10.3,10.4,172857
CONCOR,20210607,727.8,748,707.75,719.7,7207731
CONFIPET,20210607,62.1,62.55,60.5,60.75,1059160
CONSOFINVT,20210607,69.95,81.4,69.95,80.9,396153
CONTROLPR,20210607,366.05,374.05,364.1,367.25,17532
CORALFINAC,20210607,34,34.75,32.3,33.65,83144
CORDSCABLE,20210607,57,58.6,55.8,57.75,163060
COROMANDEL,20210607,838.8,864.45,836.2,859.85,811360
COSMOFILMS,20210607,804.9,820,802,804,96755
COUNCODOS,20210607,2.65,2.65,2.65,2.65,88006
CPSEETF,20210607,26,26.42,25.9,26.28,11185037
CRAFTSMAN,20210607,1795,1834.35,1771.3,1808.2,95360
CREATIVE,20210607,85.05,96.4,85,89.5,333586
CREATIVEYE,20210607,3.15,3.15,3.15,3.15,1020
CREDITACC,20210607,748.7,769.8,735,739.35,243217
CREST,20210607,100.35,106,98.6,102.8,34987
CRISIL,20210607,2030,2045.7,1976.35,2038.65,37665
CROMPTON,20210607,401,408.7,401,407.05,739324
CSBBANK,20210607,328,333,325.55,327,392423
CTE,20210607,33.75,34.7,31.9,33.45,56707
CUB,20210607,167.55,169.35,165.65,167.3,2533506
CUBEXTUB,20210607,26,27.9,26,27.55,8919
CUMMINSIND,20210607,811,824,811,812.95,892435
CUPID,20210607,235.9,235.9,227.9,228.25,183519
CYBERMEDIA,20210607,10.5,10.5,9.75,10.25,19341
CYBERTECH,20210607,144,144.9,142,143.15,136373
CYIENT,20210607,806.45,807.85,796.2,804.55,270630
DAAWAT,20210607,77.45,77.7,76.4,77.2,1729959
DABUR,20210607,545.15,550,542.4,548.5,2061081
DALALSTCOM,20210607,0.7,0.75,0.65,0.7,40015
DALBHARAT,20210607,1809.5,1819.9,1746.95,1768.8,257559
DALMIASUG,20210607,340.8,402.3,340.3,397.05,1475633
DAMODARIND,20210607,36.5,37.45,35,37.1,67108
DANGEE,20210607,166,172,162,168,7081
DATAMATICS,20210607,142.25,142.9,138,139.3,363759
DBCORP,20210607,96.9,100,96,97.7,553522
DBL,20210607,554.9,568.6,552.9,563.45,425458
DBREALTY,20210607,21.5,22.8,21,22.7,1002637
DBSTOCKBRO,20210607,16.9,18.1,16.4,18.05,45189
DCAL,20210607,212,230,212,222.05,2043435
DCBBANK,20210607,105.2,106.3,103.25,105.6,1931726
DCM,20210607,38.45,38.75,36.5,38.75,201021
DCMFINSERV,20210607,1.85,1.85,1.7,1.85,29628
DCMNVL,20210607,129.9,133.8,124.15,131.45,83762
DCMSHRIRAM,20210607,720,774.8,720,755.6,1127375
DCW,20210607,37.2,37.6,36.55,36.75,1514888
DECCANCE,20210607,520,544.7,515.05,540.1,146741
DEEPAKFERT,20210607,297,301.7,295.35,299.85,528413
DEEPAKNTR,20210607,1741,1760,1736.15,1754.15,771077
DEEPENR,20210607,42.1,42.15,41.25,41.7,57395
DEEPINDS,20210607,66,68.3,65,67.6,81041
DELTACORP,20210607,186.7,195.9,183.45,188.85,7824563
DELTAMAGNT,20210607,42.15,42.15,41.05,42.15,11067
DEN,20210607,54,58.3,53.8,56.8,17697434
DENORA,20210607,379,388.15,371,373.65,66299
DFMFOODS,20210607,391.45,398.8,386.2,389.65,145092
DGCONTENT,20210607,9.2,10,9.2,9.65,417455
DHAMPURSUG,20210607,333.95,357,332,344.35,2405186
DHANBANK,20210607,15.2,16,15.1,15.35,3197322
DHANI,20210607,194,195.5,191.25,195.5,1561697
DHANUKA,20210607,939.9,945.9,926,935.4,99065
DHARSUGAR,20210607,11.9,11.9,11.9,11.9,57598
DHFL,20210607,20.8,20.8,20.8,20.8,2305928
DHUNINV,20210607,461.9,519.8,445.3,489.75,10387
DIAMONDYD,20210607,629.95,638.2,620,621.7,12707
DICIND,20210607,512,519.5,491.45,497.65,39377
DIGISPICE,20210607,57.5,57.85,55.2,57.85,293386
DISHTV,20210607,16,16.25,15.8,15.85,13688254
DIVISLAB,20210607,4264.15,4299,4220,4229.95,429298
DIXON,20210607,4318.8,4330.2,4209.05,4267.2,170078
DLF,20210607,298.8,304.2,296.2,298.65,5565442
DLINKINDIA,20210607,111.45,114.8,110.55,111.35,658561
DMART,20210607,3219.95,3221.6,3175.05,3188.95,196757
DNAMEDIA,20210607,2.5,2.5,2.5,2.5,8937
DOLAT,20210607,74.15,74.75,73.9,74.5,203339
DOLLAR,20210607,329.65,331.65,320.45,324.5,116449
DONEAR,20210607,37.25,37.95,36.5,37.15,80251
DPABHUSHAN,20210607,162.75,163,157,160.85,20297
DPSCLTD,20210607,13.2,15.3,13.1,15.3,659282
DPWIRES,20210607,156.45,168.6,151.9,166.4,268355
DRCSYSTEMS,20210607,280.35,294,277.05,279,1749
DREDGECORP,20210607,406.1,433.6,404.35,428.25,1515438
DRREDDY,20210607,5261,5273.75,5212.7,5219.2,363967
DSSL,20210607,120,124.9,118.5,119.7,93832
DTIL,20210607,368.7,370,361.55,369.4,10252
DUCON,20210607,10.25,10.25,10.2,10.25,117310
DVL,20210607,207.5,218.8,206,212.3,235631
DWARKESH,20210607,58.95,67.75,58.65,65.95,27097101
DYNAMATECH,20210607,1520,1581,1490,1502.3,26442
DYNPRO,20210607,485,515,461.15,503.65,424580
EASEMYTRIP,20210607,376.7,381.3,367,373.25,1614769
EASTSILK,20210607,4.05,4.05,3.75,4,204069
EBANK,20210607,3900,3900,3900,3900,4
EBBETF0423,20210607,1134,1134,1131.62,1132.82,3246
EBBETF0425,20210607,1048,1048,1045.65,1045.75,2771
EBBETF0430,20210607,1159,1160.49,1106,1156.55,17163
EBBETF0431,20210607,1041.99,1041.99,1040,1040.39,19240
EBIXFOREX,20210607,682.35,682.35,655.05,662.55,7432
ECLERX,20210607,1267.75,1286,1250,1277,32879
EDELWEISS,20210607,72.25,76.35,71.4,74.35,9819720
EICHERMOT,20210607,2750.25,2797.9,2745.1,2754.45,602326
EIDPARRY,20210607,424.1,448,424.1,439.6,2429977
EIHAHOTELS,20210607,391,397.7,357,363.45,214359
EIHOTEL,20210607,118.05,120.65,118,118.55,1584234
EIMCOELECO,20210607,388.2,394.15,377.1,379.7,7251
EKC,20210607,105.8,105.8,100.55,101.3,590522
ELECON,20210607,125.3,125.9,119.95,120.65,1032349
ELECTCAST,20210607,32.1,33.4,32.1,32.45,812396
ELECTHERM,20210607,131.85,134.25,129.2,131.55,27999
ELGIEQUIP,20210607,215.3,216.8,214.05,214.7,142441
ELGIRUBCO,20210607,37.55,38.95,37,37.65,177871
EMAMILTD,20210607,544.4,546.7,530.6,534.8,195705
EMAMIPAP,20210607,160.85,162.45,154,155.5,143434
EMAMIREAL,20210607,63,64,62.05,63,185920
EMKAY,20210607,80.2,82.5,78.5,81,167401
EMMBI,20210607,103.75,106.35,100.5,104.6,66801
ENDURANCE,20210607,1517,1525,1490.45,1506.25,66713
ENERGYDEV,20210607,10.4,11.15,10.4,11.15,333081
ENGINERSIN,20210607,85,89.5,84.85,88.2,14419713
ENIL,20210607,179,184,173.2,180.9,191745
EPL,20210607,254,258,252,253.35,500575
EQ30,20210607,412,424.36,408,410.25,1280
EQUITAS,20210607,90.2,96,90.2,94.35,3306312
EQUITASBNK,20210607,62,63,60.1,60.3,3541793
ERIS,20210607,722,726,717.1,719.85,202069
EROSMEDIA,20210607,30.7,32.5,30.1,32.1,1146092
ESABINDIA,20210607,1842.35,1850.1,1825,1829.4,5394
ESCORTS,20210607,1230,1230,1209.2,1212.4,1751701
ESSARSHPNG,20210607,10.4,10.6,10.1,10.3,234770
ESTER,20210607,139.6,140.95,136.65,139.25,296075
EUROTEXIND,20210607,6.9,6.9,6.9,6.9,300
EVEREADY,20210607,333.1,348,333.1,345.6,988599
EVERESTIND,20210607,387.9,400,383.4,389.25,276408
EXCEL,20210607,2.4,2.5,2.35,2.45,52387
EXCELINDUS,20210607,1141,1141,1091,1101.8,35521
EXIDEIND,20210607,194.6,198,194.15,196.9,4779119
EXPLEOSOL,20210607,629,639.5,622,626.05,40762
FACT,20210607,122.85,124.75,122.55,124.2,321922
FAIRCHEMOR,20210607,940,949,928,932.9,48244
FCL,20210607,91.5,94,90.9,91.85,758234
FCONSUMER,20210607,8.55,8.65,7.9,8.2,40410016
FCSSOFT,20210607,1.45,1.45,1.4,1.45,12174079
FDC,20210607,336.9,341.75,332.25,333.55,161355
FEDERALBNK,20210607,87.9,88.6,87.2,87.55,14273855
FEL,20210607,10.7,11,10,10.2,2376234
FELDVR,20210607,14.25,14.25,13,13.3,107058
FIEMIND,20210607,689.45,689.45,668,670.4,31547
FILATEX,20210607,97,97.7,95.4,95.85,353745
FINCABLES,20210607,487,505,486,500.6,1926970
FINEORG,20210607,3034,3034,2961.3,2974.6,29666
FINPIPE,20210607,169.2,174.4,169.2,172.9,817041
FLEXITUFF,20210607,24.45,25,23.25,24.8,7604
FLFL,20210607,66.9,71.3,64.1,65.45,515841
FLUOROCHEM,20210607,1048.4,1099.4,1015,1084.7,476158
FMGOETZE,20210607,335,343.7,334,336.95,425609
FMNL,20210607,16.9,17.2,16.1,16.15,167950
FORCEMOT,20210607,1201,1237.8,1201,1214.4,55417
FORTIS,20210607,228.2,238.85,227.25,236.25,6820060
FOSECOIND,20210607,1450,1450,1418,1424.95,2703
FRETAIL,20210607,55.3,57.45,52.15,53.2,7695021
FSC,20210607,90,93.35,83.65,86,260745
FSL,20210607,150,154.35,148.7,152.3,3143785
G5,20210607,48.41,48.46,48.31,48.31,17238
GABRIEL,20210607,131,134.8,129,130.8,2234384
GAEL,20210607,161,173.7,160.45,169.3,2455749
GAIL,20210607,162.5,169.9,162,168.35,33224231
GAL,20210607,2.2,2.25,2.1,2.25,256560
GALAXYSURF,20210607,3024.95,3062.15,3003.1,3036.35,36983
GALLANTT,20210607,60.3,61.35,59.05,59.85,48176
GALLISPAT,20210607,48.5,49.5,47.95,48.9,89607
GAMMNINFRA,20210607,1.8,1.8,1.8,1.8,516323
GANDHITUBE,20210607,338.9,338.9,328,330.25,15951
GANECOS,20210607,556,572.25,556,560.5,52071
GANESHHOUC,20210607,95.9,95.9,86.8,94.1,436674
GANGESSECU,20210607,74.65,74.7,70.8,73.65,17516
GANGOTRI,20210607,0.85,0.85,0.8,0.85,33536
GARFIBRES,20210607,2960,2967,2905.65,2957.85,20083
GATI,20210607,127,130.5,126.25,128.95,2453577
GAYAHWS,20210607,1,1,1,1,175178
GAYAPROJ,20210607,36.1,36.8,35.1,36.2,777238
GDL,20210607,303.9,304,296.35,297.15,234505
GEECEE,20210607,111.2,118.7,110.65,117.25,27332
GEEKAYWIRE,20210607,89,91.95,89,89.4,11529
GENCON,20210607,46.35,46.35,44.55,44.8,37450
GENESYS,20210607,101.9,111.35,100.15,111.05,133825
GENUSPAPER,20210607,9.45,9.65,9.1,9.4,435423
GENUSPOWER,20210607,52.75,54.5,52.2,53.75,723767
GEOJITFSL,20210607,78.6,81.8,75.4,79.05,8502238
GEPIL,20210607,311.7,336.8,310.1,328.6,1963581
GESHIP,20210607,427.95,427.95,415.25,417.55,452655
GET&D,20210607,141,142,139,140.15,337389
GFLLIMITED,20210607,79.75,81.9,78.3,79,195129
GFSTEELS,20210607,2.8,2.8,2.8,2.8,259
GHCL,20210607,275.1,289.85,275.1,280.4,808462
GICHSGFIN,20210607,152,153.95,147.6,148.5,1225864
GICRE,20210607,202.85,203.6,200.1,201.15,702282
GILLANDERS,20210607,49.5,49.5,46.25,48.8,25588
GILLETTE,20210607,5690,5853.15,5661.05,5807.65,16966
GINNIFILA,20210607,30,30.45,28.9,29.85,205186
GIPCL,20210607,82.25,84.45,82.25,83.65,925867
GISOLUTION,20210607,3.3,3.3,3.3,3.3,731
GKWLIMITED,20210607,619,619,594.95,600.25,982
GLAND,20210607,3132,3190,3113,3118.6,120754
GLAXO,20210607,1520,1520,1490,1491.95,27995
GLENMARK,20210607,614.45,621.45,613,616.3,1041338
GLFL,20210607,2.25,2.25,2.25,2.25,11079
GLOBAL,20210607,54.05,56.3,53.55,53.9,50362
GLOBALVECT,20210607,50.8,52.9,48.85,52.4,64527
GLOBE,20210607,57,58.55,57,58.55,7800
GLOBUSSPR,20210607,358.7,369.5,355.1,360.6,1084293
GMBREW,20210607,531.9,628.95,531.9,628.95,1023139
GMDCLTD,20210607,75.25,75.65,74,74.45,1713330
GMMPFAUDLR,20210607,4844,4866.25,4772.85,4778.85,43169
GMRINFRA,20210607,26.2,27.4,26.2,26.7,17689975
GNA,20210607,449.15,451.85,436.6,437.7,89963
GNFC,20210607,385,391.85,380,381.5,600734
GOACARBON,20210607,391,414.7,386,414.7,519558
GOCLCORP,20210607,252,286.8,249.75,279.25,243895
GODFRYPHLP,20210607,950,952,930,934,83092
GODHA,20210607,40.55,41.75,40.55,41.75,4510
GODREJAGRO,20210607,564.95,565,557.95,560.5,142272
GODREJCP,20210607,855,858,847,849.1,561596
GODREJIND,20210607,527.75,544,526.05,533.85,303172
GODREJPROP,20210607,1417,1426,1400.7,1403.8,510046
GOKEX,20210607,151.5,151.5,143,144.75,370921
GOKUL,20210607,35.05,36.85,35,35.45,386844
GOKULAGRO,20210607,48.5,48.85,46.15,47.3,870526
GOLDBEES,20210607,42.57,42.57,42.17,42.28,5501444
GOLDENTOBC,20210607,51.7,52.75,50.3,51.4,39975
GOLDIAM,20210607,422.75,437.5,414.9,426.95,169606
GOLDSHARE,20210607,42.85,43.25,42.45,42.5,129213
GOLDTECH,20210607,12.2,12.2,11.25,11.55,75507
GOODLUCK,20210607,108.15,111.7,107,109,653596
GOODYEAR,20210607,987.7,1017,980,992.95,175299
GPIL,20210607,968.8,1005,968.8,983.8,249254
GPPL,20210607,105,107.7,103.95,105.55,3470872
GPTINFRA,20210607,58.9,59.9,56,56.7,152261
GRANULES,20210607,329.9,330,326.05,328.5,2064904
GRAPHITE,20210607,764.3,787,754,780.2,2535711
GRASIM,20210607,1518.6,1530.95,1495.6,1501,2491140
GRAVITA,20210607,103,109.9,101.65,109.15,550182
GREAVESCOT,20210607,130.2,131.7,129,129.6,793270
GREENLAM,20210607,1233,1260,1198.6,1205.45,5786
GREENPANEL,20210607,252.4,258.1,237.3,252.55,500332
GREENPLY,20210607,207,209.65,205,208.1,570470
GREENPOWER,20210607,2.4,2.6,2.4,2.6,6386763
GRINDWELL,20210607,1204,1229,1190.4,1199.95,56420
GROBTEA,20210607,1000,1000,957.45,982,3337
GRPLTD,20210607,1089.95,1180,1060,1072.15,4305
GRSE,20210607,186.45,206,186,203.55,2820030
GSCLCEMENT,20210607,41,41.5,40.5,40.65,450346
GSFC,20210607,112.75,115.9,111.5,115.15,2545543
GSPL,20210607,312,313.95,304,306,2697827
GSS,20210607,66,69.5,65.4,69.15,275265
GTL,20210607,11.7,11.7,11.7,11.7,31264
GTLINFRA,20210607,1.05,1.05,1.05,1.05,11454334
GTNTEX,20210607,6.25,6.55,6.25,6.55,2247
GTPL,20210607,175,177.85,169.35,173.15,264715
GUFICBIO,20210607,191,191.6,185.65,186.35,513460
GUJALKALI,20210607,404.75,409.75,404.05,407.55,343427
GUJAPOLLO,20210607,233,238.5,226.25,232.9,29820
GUJGASLTD,20210607,599.8,616,590,607.55,3548832
GUJRAFFIA,20210607,68.9,71.9,66.05,70,53684
GULFOILLUB,20210607,719.9,745,715,723.65,625189
GULFPETRO,20210607,67,77.55,66.5,74.85,3784912
GULPOLY,20210607,167.5,174.65,162.7,172.8,291655
HAL,20210607,1068.9,1074.7,1054,1065.35,219592
HAPPSTMNDS,20210607,905.9,909.8,890,894.75,1532649
HARRMALAYA,20210607,202.65,208.95,198.4,200.75,490425
HATHWAY,20210607,26.15,27.25,25.9,26.85,18096404
HATSUN,20210607,859,879,854,860.25,30471
HAVELLS,20210607,1060,1067.75,1046.65,1050.8,1031807
HAVISHA,20210607,1.2,1.2,1.1,1.2,218014
HBANKETF,20210607,351.85,354.86,351.83,353.42,2344
HBLPOWER,20210607,44.6,45.95,44.35,44.6,1302114
HBSL,20210607,16.8,18.15,16.5,17.95,15599
HCC,20210607,10.55,10.95,10.45,10.95,7809233
HCG,20210607,187,189.5,183.15,185.1,95706
HCL-INSYS,20210607,11.45,12.3,11.25,12.3,2920418
HCLTECH,20210607,939,951.95,937.1,949.6,3282517
HDFC,20210607,2635,2635.4,2582,2585.75,2222082
HDFCAMC,20210607,3068,3069.95,3004,3032.7,142526
HDFCBANK,20210607,1510,1514,1496,1499.85,4045834
HDFCLIFE,20210607,682.3,684.5,675,680.1,1746210
HDFCMFGETF,20210607,43.7,43.7,43.22,43.29,571322
HDFCNIFETF,20210607,168.6,168.6,165.96,167.05,17793
HDFCSENETF,20210607,597.88,597.88,550.16,557.43,5563
HEG,20210607,2269.45,2390,2238,2369.8,979448
HEIDELBERG,20210607,252,255.65,249.5,254.75,422093
HEMIPROP,20210607,152,161.8,151,161.8,6023263
HERANBA,20210607,774,787.85,765.1,780.7,531057
HERCULES,20210607,134,137.9,133.4,134.1,75467
HERITGFOOD,20210607,406,440,401.65,428.7,1560334
HEROMOTOCO,20210607,3065.25,3076.6,3040.75,3052.25,612460
HESTERBIO,20210607,2697.9,2832,2670.3,2758.3,26863
HEXATRADEX,20210607,121,124.45,118.1,119.8,39924
HFCL,20210607,47.5,49.7,47.2,48.2,31253318
HGINFRA,20210607,426.8,435.75,417.8,423.85,414262
HGS,20210607,2336.85,2490,2235.05,2406.2,315549
HIKAL,20210607,454.3,520.8,448.65,502.8,4236207
HIL,20210607,4655,4730,4608,4624.9,14182
HILTON,20210607,12.9,12.9,12.2,12.55,11092
HIMATSEIDE,20210607,169.75,172.75,168.4,169.35,193682
HINDALCO,20210607,396.15,401.4,394.25,395,6176784
HINDCOMPOS,20210607,314.4,314.9,308.3,311.8,7567
HINDCOPPER,20210607,161.6,164.75,160.5,161.35,4152826
HINDMOTORS,20210607,8.25,8.25,8,8.1,251458
HINDNATGLS,20210607,36.05,37,35.05,35.25,32274
HINDOILEXP,20210607,106,110.2,105.5,107.2,1621065
HINDPETRO,20210607,301,302.9,297,301.1,4089354
HINDUNILVR,20210607,2354,2354,2331,2339.3,1128300
HINDZINC,20210607,337.6,341,334.15,339.85,3505337
HIRECT,20210607,149.2,171.8,147,164.45,580262
HISARMETAL,20210607,114.65,116.2,112,114.3,15626
HITECH,20210607,420,439.25,420,431.25,172800
HITECHCORP,20210607,175.55,179,174.25,178.05,9691
HITECHGEAR,20210607,238.65,241,234,236.15,18677
HLEGLAS,20210607,3449,3515,3160.05,3371,22218
HLVLTD,20210607,11.4,11.9,11.35,11.9,4204491
HMVL,20210607,91.95,91.95,89,90.4,41722
HNDFDS,20210607,2101.1,2139,2065,2081.35,15479
HNGSNGBEES,20210607,352.88,354.5,350.25,354.33,1829
HOMEFIRST,20210607,570.5,577.4,561.85,563.75,151941
HONAUT,20210607,42200,42209.95,41367,41526.75,3456
HONDAPOWER,20210607,1090,1090,1071,1084.15,8984
HOTELRUGBY,20210607,1.6,1.6,1.6,1.6,3925
HOVS,20210607,54.9,55.5,51,54,30177
HPL,20210607,56,56.4,55.35,55.65,244491
HSCL,20210607,51.65,53.05,51.2,52.05,7485218
HSIL,20210607,228,237,227.6,231.45,216520
HTMEDIA,20210607,25.95,26.95,25.65,26.25,290248
HUBTOWN,20210607,24.5,24.8,24.5,24.8,67939
HUDCO,20210607,51.45,52.7,51.1,51.35,6269050
HUHTAMAKI,20210607,304.95,305,296.05,299.6,151662
IBMFNIFTY,20210607,158.6,166.95,155.1,162.68,1995
IBREALEST,20210607,114,117.9,111.55,112.35,19709085
IBULHSGFIN,20210607,263.5,263.7,246.4,247.8,29597092
ICEMAKE,20210607,86.95,86.95,81.4,83.65,85643
ICICI500,20210607,220,222.2,218,222.15,2116
ICICIALPLV,20210607,159.7,159.7,154.62,155.2,9583
ICICIB22,20210607,34.7,40.5,34.7,40.42,1630770
ICICIBANK,20210607,645.2,650,644.25,648.2,7556341
ICICIBANKN,20210607,363.7,363.7,331,352.1,7860
ICICIBANKP,20210607,184,184.98,183,183.99,3656
ICICIGI,20210607,1456,1457.25,1435.15,1444.35,694398
ICICIGOLD,20210607,40.5,43.69,40.5,43.24,1011444
ICICILIQ,20210607,999.5,1000,999.5,1000,28788
ICICILOVOL,20210607,124.1,132.7,124.1,128.82,211498
ICICIM150,20210607,102.7,102.7,100.11,102.21,21016
ICICIMCAP,20210607,94.7,94.7,91.1,92.78,5492
ICICINF100,20210607,177.7,177.7,170.51,172.89,4556
ICICINIFTY,20210607,188.7,188.7,165,167.6,103447
ICICINV20,20210607,93.1,93.1,82,82.96,22822
ICICINXT50,20210607,44.6,44.6,35.9,39.72,34739
ICICIPHARM,20210607,85.98,85.98,84.55,84.75,14478
ICICIPRULI,20210607,581.1,584.65,575.6,582.15,1608520
ICICISENSX,20210607,569.98,569.98,562.2,563.51,5000
ICICITECH,20210607,266.51,276.5,266.51,276.09,79667
ICIL,20210607,153,159.85,152,158.1,978656
ICRA,20210607,3227.8,3294.7,3202.9,3229.65,9947
IDBI,20210607,39.6,39.8,38.7,39.3,13304074
IDBIGOLD,20210607,4465.4,4495.9,4465.4,4475.05,65
IDEA,20210607,10,10.25,9.95,10.1,259698765
IDFC,20210607,57.35,57.6,56.6,57.15,3962343
IDFCFIRSTB,20210607,60.3,60.8,60,60.4,21273020
IDFNIFTYET,20210607,166,173.67,160.95,164.38,994
IEX,20210607,356.9,367.55,355.1,365.2,4041626
IFBAGRO,20210607,510,519.95,492.85,509.8,47173
IFBIND,20210607,1135,1170,1100.1,1148,105428
IFCI,20210607,13.05,14.1,12.9,14.1,18710701
IFGLEXPOR,20210607,370,372,352.3,360.75,407523
IGARASHI,20210607,445.55,463,443.05,449.55,397606
IGL,20210607,531.45,534,526,528.4,2760711
IGPL,20210607,596.65,619,594.7,610.35,353111
IIFL,20210607,272,279.35,268.05,279.35,322101
IIFLSEC,20210607,77.3,78.5,75.5,76.15,1059806
IIFLWAM,20210607,1188,1200,1170.85,1180.4,18907
IITL,20210607,75.05,77.45,73.3,74.4,3126
IMAGICAA,20210607,8.05,8.1,7.8,8.1,167300
IMFA,20210607,484.5,507.9,482,502.9,179542
IMPAL,20210607,677.9,695,674.95,691.05,6209
IMPEXFERRO,20210607,0.9,0.9,0.9,0.9,58506
INCREDIBLE,20210607,29.2,29.2,27.95,28.2,45004
INDBANK,20210607,15.7,17.1,15.7,16.9,633212
INDHOTEL,20210607,139,141.2,135.75,135.95,8250618
INDIACEM,20210607,189.1,193.85,186.9,189.85,3226894
INDIAGLYCO,20210607,559.5,574.8,546.1,565.45,649187
INDIAMART,20210607,6989.95,7150,6966.8,7119.9,149649
INDIANB,20210607,143.9,145.45,142,142.75,2077076
INDIANCARD,20210607,164.85,164.85,156.65,160.7,4377
INDIANHUME,20210607,221.9,231.7,218.65,221,177829
INDIGO,20210607,1754.45,1850.05,1742.75,1755.45,2648012
INDIGOPNTS,20210607,2484,2522.65,2481.1,2508.75,59386
INDLMETER,20210607,15.8,15.8,14.85,15.35,23145
INDNIPPON,20210607,363.5,365.9,358,363.35,43182
INDOCO,20210607,394,397.95,389.95,395.3,176662
INDORAMA,20210607,53.5,57.5,52,56.2,651294
INDOSTAR,20210607,392.9,394.7,372,374.2,177671
INDOTECH,20210607,128.7,137.55,124.05,135,77595
INDOTHAI,20210607,53.5,54.25,52.25,53.1,4181
INDOWIND,20210607,4.9,4.95,4.9,4.95,142485
INDRAMEDCO,20210607,92.2,98.8,92.2,95.9,5411502
INDSWFTLAB,20210607,88.5,89.7,87,87.3,265366
INDSWFTLTD,20210607,4.8,4.8,4.6,4.65,14418
INDTERRAIN,20210607,34.55,37.7,34.55,36.8,456211
INDUSINDBK,20210607,1018,1032.65,1009.5,1025.2,3823401
INDUSTOWER,20210607,249.8,255.6,247.7,252.45,4249443
INEOSSTYRO,20210607,1470,1560,1470,1540.2,186577
INFIBEAM,20210607,50.4,52.95,49.75,50.55,7695434
INFOBEAN,20210607,312,340,293.45,320.15,258969
INFOMEDIA,20210607,4.3,4.4,4.3,4.3,12319
INFRABEES,20210607,476.7,479.3,455,466.24,2796
INFY,20210607,1391,1392,1377.3,1389.65,5154576
INGERRAND,20210607,981.5,996.95,962.2,969.55,53718
INOXLEISUR,20210607,321.7,330,320.05,328.45,474190
INOXWIND,20210607,84.85,93.7,83.85,88.6,1264453
INSECTICID,20210607,563.2,593.7,561.85,568.75,133602
INSPIRISYS,20210607,44.8,44.85,43.35,44.6,19841
INTEGRA,20210607,4.1,4.1,4.1,4.1,100
INTELLECT,20210607,745,750,731.1,735.65,224045
INTENTECH,20210607,75.7,76.5,72,75.7,188807
INVENTURE,20210607,37,37,35.25,35.45,1974311
IOB,20210607,20,22.05,19.8,21.5,100276562
IOC,20210607,114.85,115.75,114.3,114.7,19210364
IOLCP,20210607,658.7,672.8,643.45,657.7,2388293
IPCALAB,20210607,2060,2065.9,2032.15,2042.35,255972
IRB,20210607,125.5,133,125.5,128.95,6248472
IRCON,20210607,47.35,48.5,47.15,47.85,4363787
IRCTC,20210607,1939,2113.85,1926.7,2094.8,6144067
IRFC,20210607,24,24.85,23.9,24.7,42832019
IRISDOREME,20210607,119.85,119.85,114.9,117.6,12452
ISEC,20210607,601.75,613,587.6,607.75,643221
ISFT,20210607,87,92.6,86.05,90.5,78254
ISGEC,20210607,590,609.9,588.95,605.1,146143
ISMTLTD,20210607,16.85,17.65,16.85,17,458944
ITC,20210607,210.4,212.4,210.2,211.45,31433280
ITDC,20210607,395.45,401.5,391.6,394.85,94162
ITDCEM,20210607,83,83.75,81.6,82.15,1095204
ITI,20210607,125.45,127.8,123.7,125.9,2036794
IVC,20210607,5.85,6.1,5.8,6.05,164459
IVP,20210607,127.3,131,127.3,130.4,5785
IVZINGOLD,20210607,4381.15,4419.65,4381,4385.95,61
IVZINNIFTY,20210607,1693.1,1695.4,1693.1,1695.35,35
IZMO,20210607,79.45,81.5,77.75,80.85,179114
J&KBANK,20210607,29.8,29.8,29.4,29.45,4238709
JAGRAN,20210607,62,62.5,60.1,60.5,803230
JAGSNPHARM,20210607,126.2,134.5,126.2,129.6,294756
JAIBALAJI,20210607,45.6,47.5,44.2,47.4,98796
JAICORPLTD,20210607,121,127.5,117.8,122.25,8139078
JAMNAAUTO,20210607,81,82.6,79.8,80.55,1229350
JASH,20210607,411.05,423,406.6,420.3,25384
JAYAGROGN,20210607,220.6,234,217,221.3,244108
JAYBARMARU,20210607,204.2,229.1,201.05,229.1,485853
JAYNECOIND,20210607,21.5,21.5,21.15,21.5,1051480
JAYSREETEA,20210607,98.95,100.5,97.25,98.7,633950
JBCHEPHARM,20210607,1532.7,1548,1507,1515.5,106559
JBFIND,20210607,25.4,25.5,23.5,24,446746
JBMA,20210607,435,435,424.05,426.45,27069
JCHAC,20210607,2229.95,2237,2209,2212.95,33370
JHS,20210607,22.05,23.8,22.05,23.4,900661
JIKIND,20210607,0.65,0.65,0.6,0.65,61257
JINDALPHOT,20210607,63.1,66,62.5,64.4,15471
JINDALPOLY,20210607,833,868,814.1,838.65,656066
JINDALSAW,20210607,112.8,112.85,108,109.45,3553144
JINDALSTEL,20210607,401.25,410.5,400,404.75,11066997
JINDCOT,20210607,2.2,2.2,2.2,2.2,2100
JINDRILL,20210607,116,125,116,123.45,331516
JINDWORLD,20210607,53.15,53.15,51.45,51.95,167148
JISLDVREQS,20210607,14.55,15.65,14.55,15.15,200032
JISLJALEQS,20210607,24.6,26,23.45,25.4,10342050
JITFINFRA,20210607,12.85,12.9,12,12.9,27098
JIYAECO,20210607,6,6,6,6,61286
JKCEMENT,20210607,2840,2900,2834.05,2871.25,77165
JKIL,20210607,181.85,183,178.2,179.15,184475
JKLAKSHMI,20210607,546.8,588,538,572.25,1829342
JKPAPER,20210607,160.25,165.35,159.6,161.45,1724662
JKTYRE,20210607,136.45,138.8,136,137.15,3186498
JMA,20210607,47.5,48,45.85,46.15,25821
JMCPROJECT,20210607,114.45,115.9,108.45,112.65,344690
JMFINANCIL,20210607,93,93.2,90.55,90.85,1849003
JMTAUTOLTD,20210607,2.7,2.85,2.65,2.75,2738939
JOCIL,20210607,193.35,197,191.15,193.35,18593
JPASSOCIAT,20210607,8.85,9.15,8.65,8.85,26135489
JPINFRATEC,20210607,2.8,2.8,2.8,2.8,544333
JPOLYINVST,20210607,35.45,35.45,35.45,35.45,4457
JPPOWER,20210607,3.95,4.1,3.85,3.9,82259684
JSL,20210607,92.7,94.25,92.7,93.2,833550
JSLHISAR,20210607,178.05,180.3,174.3,177,500931
JSWENERGY,20210607,136.4,143,136.4,140.15,8021062
JSWHL,20210607,5707,5707,5463.7,5536.7,3531
JSWISPL,20210607,62.9,62.9,57.9,59.85,1928348
JSWSTEEL,20210607,722.6,730.75,712.8,715.75,6872666
JTEKTINDIA,20210607,109.45,110.5,107,107.95,500573
JUBLFOOD,20210607,3195,3205,3121.1,3146.15,467453
JUBLINDS,20210607,329,338,315.55,324.85,279537
JUBLINGREA,20210607,579.8,596.9,556.25,589.45,2358385
JUBLPHARMA,20210607,795,809.9,777.9,786.25,1067142
JUMPNET,20210607,9.1,9.1,9.1,9.1,684250
JUNIORBEES,20210607,412.95,414.7,403,407.82,154233
JUSTDIAL,20210607,968,1014.35,968,989.35,6596838
JYOTHYLAB,20210607,160.45,161.65,158.6,159.45,631263
KABRAEXTRU,20210607,194.5,194.5,188.5,189.2,155691
KAJARIACER,20210607,992,998,980.25,992.05,132050
KAKATCEM,20210607,249.65,258.5,244.1,253.3,87044
KALPATPOWR,20210607,442.45,454.2,440.65,446.7,396415
KALYANIFRG,20210607,210,217.4,210,217.4,1702
KALYANKJIL,20210607,82.45,84.65,82.05,83.2,7670757
KAMATHOTEL,20210607,53,54.45,52.5,54.45,185217
KAMDHENU,20210607,164,175.45,161.2,172.95,785271
KANANIIND,20210607,5.6,5.6,5.25,5.6,72800
KANORICHEM,20210607,128.9,133.6,128.1,133.05,57042
KANPRPLA,20210607,232.8,233,222.05,225.9,69340
KANSAINER,20210607,580,604,580,589.35,656826
KAPSTON,20210607,90.1,94,90,92,4794
KARDA,20210607,188.1,189.7,179.1,182.65,448935
KARMAENG,20210607,17.45,17.5,16.7,17.5,24547
KARURVYSYA,20210607,55.75,55.9,54.9,55,1717684
KAUSHALYA,20210607,1.7,1.75,1.7,1.75,8206
KAVVERITEL,20210607,1.8,1.85,1.75,1.85,27646
KAYA,20210607,360.65,391,350.85,377.9,358271
KCP,20210607,108,117.4,107,115.15,2056293
KCPSUGIND,20210607,23.25,25.15,23.25,25.15,2099182
KDDL,20210607,315.95,316.15,310,316.15,4223
KEC,20210607,408.5,409.75,403.75,406.3,165052
KECL,20210607,21,21.4,20.5,20.55,150995
KEERTI,20210607,22.2,22.2,21.75,21.95,37299
KEI,20210607,714,717.85,676.45,684.7,442847
KELLTONTEC,20210607,77.5,79,77.05,78.15,1244801
KENNAMET,20210607,1228,1228,1185.25,1197.8,11965
KERNEX,20210607,50.5,53,49.1,53,25694
KESORAMIND,20210607,81.9,83.5,81.25,81.55,943629
KEYFINSERV,20210607,68.8,70.45,67.7,69.5,3826
KHADIM,20210607,159.85,162.95,158.4,161.15,66064
KHAICHEM,20210607,34.45,36.55,33.85,36,873396
KHAITANLTD,20210607,18.05,18.05,18,18.05,2391
KHANDSE,20210607,18.25,18.3,17.7,18.05,3011
KICL,20210607,1928,2025,1852,1914.55,20452
KILITCH,20210607,160.8,164,160,160.1,18372
KINGFA,20210607,1089,1109,1020.1,1079.35,31710
KIOCL,20210607,306.5,306.5,286.15,289.2,400467
KIRIINDUS,20210607,604.4,636.7,575.1,586.8,1963605
KIRLFER,20210607,247.9,249.4,245,247.15,126191
KIRLOSBROS,20210607,470,473.4,454.15,473.4,187730
KIRLOSENG,20210607,254.05,263,251,258.05,793050
KIRLOSIND,20210607,1864,1864,1751.2,1772.95,10228
KITEX,20210607,114,115.9,112.6,113.95,176564
KKCL,20210607,891.3,910,887.5,896.95,2938
KMSUGAR,20210607,21,23.4,20.8,23.4,3142900
KNRCON,20210607,231,232,227,227.45,428811
KOKUYOCMLN,20210607,65.25,67.1,64.4,65.85,608605
KOLTEPATIL,20210607,229,249.9,227.2,247.15,2646396
KOPRAN,20210607,194.8,194.8,188.05,189.2,359339
KOTAKBANK,20210607,1825,1825,1807,1814.9,1096139
KOTAKBKETF,20210607,357.3,358.01,356.01,357.05,69306
KOTAKGOLD,20210607,423.15,426.9,398.3,424.65,37181
KOTAKIT,20210607,28.05,28.2,26.91,27.46,23055
KOTAKNIFTY,20210607,178.8,178.8,164.05,164.69,28867
KOTAKNV20,20210607,84.88,88.85,83.31,85.49,14774
KOTAKPSUBK,20210607,246.98,247.77,243.31,245.97,43945
KOTARISUG,20210607,38.65,41.55,38.5,41.55,1644923
KOTHARIPET,20210607,39.9,42,39.55,41.65,377827
KOTHARIPRO,20210607,83.95,86,80,84.85,58966
KPITTECH,20210607,242.9,245,239.25,239.8,339929
KPRMILL,20210607,1560,1579,1550,1557.7,33913
KRBL,20210607,229.4,237.95,227.65,233.05,1671966
KREBSBIO,20210607,122.7,132.85,122.7,126.6,71784
KRIDHANINF,20210607,5.35,5.35,5.1,5.35,522914
KRISHANA,20210607,89.15,89.15,85.05,87.15,7176
KSB,20210607,1034.8,1105,1025.1,1064.45,215109
KSCL,20210607,714.4,717.35,705,707.85,153426
KSL,20210607,379.85,382.15,375.25,376.9,57711
KTKBANK,20210607,65.5,65.65,64.5,64.7,1746008
KUANTUM,20210607,71.25,72,68.6,70.85,120376
L&TFH,20210607,97.95,98.7,95.8,97.45,20419279
LALPATHLAB,20210607,2875,2985,2870,2968,481469
LAMBODHARA,20210607,72.8,72.8,70,70.7,58197
LAOPALA,20210607,285,288.15,280.25,281.45,261448
LASA,20210607,75.95,78.2,75,76.9,777515
LAURUSLABS,20210607,547,574,545.3,572.15,4414046
LAXMIMACH,20210607,6889,6949,6800,6807.6,5078
LCCINFOTEC,20210607,1.85,1.85,1.8,1.8,214682
LEMONTREE,20210607,44.9,46.4,44.55,45.45,6961366
LFIC,20210607,83.6,84,79.55,83.4,404
LGBBROSLTD,20210607,332.5,345,332.2,342.75,204236
LGBFORGE,20210607,4.7,4.7,4.3,4.7,268945
LIBAS,20210607,57,58.7,56.05,56.95,704581
LIBERTSHOE,20210607,145,148.95,144.65,147.35,266756
LICHSGFIN,20210607,534.55,534.9,518.15,520.3,5418112
LICNETFGSC,20210607,22.13,22.13,21.89,21.96,14645
LICNETFN50,20210607,199.46,199.46,199.46,199.46,182
LICNETFSEN,20210607,556.25,574.48,547.02,555.54,1099
LICNFNHGP,20210607,167.95,170,163.11,169.6,2794
LIKHITHA,20210607,399,404.95,391,392.6,103598
LINCOLN,20210607,291.9,295.2,288.05,293.4,175615
LINCPEN,20210607,195,217,176.3,190.85,91474
LINDEINDIA,20210607,1616,1625,1601,1605.65,59584
LIQUIDBEES,20210607,1000,1000.01,999.4,1000,1526249
LIQUIDETF,20210607,1000.01,1000.01,999.99,1000,7539
LODHA,20210607,633.7,689,631.55,670.05,1147825
LOKESHMACH,20210607,45,45.9,43,43.7,23348
LOTUSEYE,20210607,46.7,47.2,45.85,45.95,12877
LOVABLE,20210607,125,133,124.5,129,48671
LPDC,20210607,2.55,2.75,2.55,2.75,22544
LSIL,20210607,2.3,2.3,2.25,2.3,3314189
LT,20210607,1545.45,1569.5,1540.75,1557.8,3131245
LTI,20210607,3851.25,3907.1,3808.95,3889.8,149995
LTTS,20210607,2730,2805,2730,2776.95,447386
LUMAXIND,20210607,1679.25,1699.15,1647.4,1666.7,6466
LUMAXTECH,20210607,151,154.55,150,152.65,210785
LUPIN,20210607,1231.95,1237.7,1223.15,1233.55,1039414
LUXIND,20210607,3319,3319,3150.05,3216.65,71426
LXCHEM,20210607,222.3,225.7,221,222.65,1499707
LYKALABS,20210607,69,69,65.65,65.7,286060
LYPSAGEMS,20210607,5.15,5.25,4.65,5.15,91833
M&M,20210607,807.9,811.75,802.6,803.85,2994862
M&MFIN,20210607,169.65,172.05,166.8,170.7,12818424
M100,20210607,27.9,28.69,27.61,28.36,237117
M50,20210607,153.75,156,153.75,155.62,2824
MAANALU,20210607,208.3,208.9,203.9,205.85,65398
MACPOWER,20210607,113,114.7,101,103.5,80679
MADHAV,20210607,57,57.95,56.35,56.95,46675
MADHUCON,20210607,5.6,5.85,5.2,5.85,159947
MADRASFERT,20210607,29.6,29.9,29.2,29.35,305449
MAESGETF,20210607,26.85,27.25,26.72,26.88,103605
MAFANG,20210607,49.25,49.46,48.3,48.95,315602
MAGADSUGAR,20210607,219,235.25,218.9,235.25,322409
MAGMA,20210607,172.85,173.65,157.15,161.9,10479558
MAGNUM,20210607,6.15,6.2,5.7,5.95,28741
MAHABANK,20210607,30.5,32,27.9,28.65,72005621
MAHAPEXLTD,20210607,89,92,87,89.85,2769
MAHASTEEL,20210607,93.85,94.55,90.9,91,34096
MAHEPC,20210607,153.1,154.7,152.4,153,119852
MAHESHWARI,20210607,112.8,112.8,107.5,108.25,29245
MAHINDCIE,20210607,228.3,229.1,219.7,221.15,859270
MAHLIFE,20210607,582,583.25,566.55,571.6,53307
MAHLOG,20210607,557.3,567.3,553.2,557.45,132298
MAHSCOOTER,20210607,3900,3900,3844.85,3889.35,6619
MAHSEAMLES,20210607,287.5,293.05,287.3,288.65,154987
MAITHANALL,20210607,838.65,869.9,835,837,88453
MAJESCO,20210607,84,88,82.5,88,482073
MALUPAPER,20210607,34.5,34.75,32.5,32.65,140908
MAN50ETF,20210607,161.29,161.49,160.79,161.35,1946
MANAKALUCO,20210607,20.95,20.95,19.25,19.65,141425
MANAKCOAT,20210607,14.5,15.75,14.5,15.4,65857
MANAKSIA,20210607,63.8,64.5,62.6,63.95,128839
MANAKSTEEL,20210607,29.05,29.8,25.6,27.1,145785
MANALIPETC,20210607,82.45,88.7,81.95,85.25,2835968
MANAPPURAM,20210607,164,166,162,165.4,4807561
MANGALAM,20210607,137.4,138.5,128.2,133.2,208158
MANGCHEFER,20210607,85.85,86.8,84.95,86.05,426561
MANGLMCEM,20210607,301.7,316.75,301.7,312.15,97811
MANGTIMBER,20210607,12.35,12.9,11.7,12.8,28839
MANINDS,20210607,103.5,108.9,103.15,105.55,1430517
MANINFRA,20210607,55.9,57.6,54.3,57.05,2783913
MANUGRAPH,20210607,12,12.85,11.7,12.1,20055
MANXT50,20210607,389.5,389.79,387.38,388,1875
MARALOVER,20210607,41.5,43,41,42.75,81946
MARATHON,20210607,69,74.7,69,74.7,195907
MARICO,20210607,487,491.35,482.3,489.3,2108524
MARINE,20210607,79.7,90.7,77.35,77.75,4695247
MARKSANS,20210607,72.2,72.2,68.3,68.95,6050292
MARUTI,20210607,7221,7328.85,7211.1,7275.65,520482
MASFIN,20210607,927,936.6,887.5,893.6,53148
MASKINVEST,20210607,24.6,24.6,24.6,24.6,1101
MASTEK,20210607,1967.6,2010.85,1960,1994.4,126717
MATRIMONY,20210607,914,962.8,900,939.95,54565
MAWANASUG,20210607,54,54.95,53.75,54.95,147343
MAXHEALTH,20210607,248.1,249,240,244.15,1317402
MAXIND,20210607,73.95,74.45,72.4,72.65,462399
MAXVIL,20210607,74.8,74.8,72,72.15,166055
MAYURUNIQ,20210607,490,504,489.4,490.45,199564
MAZDA,20210607,655,678.95,634,649.05,40354
MAZDOCK,20210607,235,274.55,234.5,274,23401558
MBAPL,20210607,94,98,93.65,94.6,3770
MBECL,20210607,8.35,8.65,7.85,8.6,172086
MBLINFRA,20210607,22.7,23.4,22.1,22.8,194680
MCDHOLDING,20210607,49.5,51.15,46.5,50.7,194732
MCDOWELL-N,20210607,635,642,626.5,633.35,2846455
MCL,20210607,85.55,86.4,84.95,85.55,13007
MCLEODRUSS,20210607,39.9,39.9,38.8,39.9,1596929
MCX,20210607,1588,1636.25,1577.55,1610.3,268166
MEGASOFT,20210607,12.9,12.95,12.5,12.8,91496
MENONBE,20210607,71.4,72.5,69,69.15,99787
MEP,20210607,23.5,25.4,23.2,25.4,1579997
MERCATOR,20210607,1.4,1.4,1.4,1.4,347781
METROPOLIS,20210607,2550,2994.7,2550,2859.5,665502
MFSL,20210607,961,1002.5,958.3,983.65,1648479
MGEL,20210607,45.55,47.45,45.55,46.8,72568
MGL,20210607,1192,1202.4,1179.5,1185.15,518159
MHRIL,20210607,263.65,266.3,256.35,258.3,464768
MIDHANI,20210607,193.7,202.5,193.3,201.45,1363040
MINDACORP,20210607,133.85,137.2,132.25,135.4,1412543
MINDAIND,20210607,593.9,597,572.45,585.35,405389
MINDTECK,20210607,78,78,73.65,74.5,140289
MINDTREE,20210607,2381,2417,2365.1,2407.7,458288
MIRCELECTR,20210607,17.5,17.85,17.05,17.65,1366412
MIRZAINT,20210607,53.95,57.75,53.5,56.75,1665993
MITTAL,20210607,12.5,12.6,12.2,12.3,96607
MMFL,20210607,533.8,533.8,500.45,511.7,27609
MMP,20210607,105.9,106,99,100.5,29639
MMTC,20210607,59.35,60.7,58.6,60.1,10755961
MODIRUBBER,20210607,74.95,76.65,73.2,75.6,4089
MODISNME,20210607,64.45,64.45,61,62.8,213325
MOHITIND,20210607,8.8,9.2,8.75,9.15,33880
MOHOTAIND,20210607,6.9,7.5,6.65,7.5,187870
MOIL,20210607,193,201,189.3,191.45,7444800
MOKSH,20210607,82,82.9,78.05,78.3,95146
MOLDTECH,20210607,59.5,65.3,58.3,62,556885
MOLDTKPAC,20210607,507,508.65,492.9,496.45,34936
MONTECARLO,20210607,304,312.5,303,303.95,57022
MORARJEE,20210607,17.2,17.2,16.2,16.9,55894
MOREPENLAB,20210607,59.95,66.5,58.5,64.55,25910414
MOTHERSUMI,20210607,253,257.75,252.5,253.35,12765813
MOTILALOFS,20210607,790.4,802,781.5,784.15,357889
MOTOGENFIN,20210607,19.6,20,19.45,19.95,20470
MPHASIS,20210607,1919,1974,1914,1964.9,521073
MPSLTD,20210607,546,556.25,538,539.8,46978
MRF,20210607,85598.9,87300,82250,82400.5,69851
MRO-TEK,20210607,27,28.1,25.2,27.95,3461
MRPL,20210607,51.55,52.45,51.1,51.3,2489360
MSPL,20210607,11.1,11.3,10.7,11.2,331108
MSTCLTD,20210607,259.45,264.95,258.05,259.35,340158
MTARTECH,20210607,1017.65,1024.8,1003.6,1014.7,237976
MTEDUCARE,20210607,9.05,9.7,8.65,9.25,1244995
MTNL,20210607,21.5,22.15,21.05,22.15,5109846
MUKANDENGG,20210607,16.25,17.2,16.25,17.2,3989
MUKANDLTD,20210607,120.05,121.8,116.1,118.3,61222
MUKTAARTS,20210607,34.5,35.8,34,34.85,39763
MUNJALAU,20210607,65.45,66.3,64.55,65.6,444753
MUNJALSHOW,20210607,155.85,164.8,153.05,157.85,325408
MURUDCERA,20210607,25.7,27.8,24.9,26.05,549861
MUTHOOTCAP,20210607,444,444.95,425.9,430.35,97852
MUTHOOTFIN,20210607,1510,1525.65,1486,1513.15,2055428
N100,20210607,986.95,990.5,975,986.86,43616
NACLIND,20210607,63.5,73.4,63,69.85,2789072
NAGAFERT,20210607,9.75,9.9,9.4,9.6,648119
NAGREEKCAP,20210607,6.95,7.05,6.95,7.05,500
NAGREEKEXP,20210607,28.3,28.85,27,27.95,53616
NAHARCAP,20210607,128.3,135.95,128.3,135.1,34274
NAHARINDUS,20210607,68.7,71,68.25,70.15,146505
NAHARPOLY,20210607,154.9,158.75,152.6,156.4,112838
NAHARSPING,20210607,155.45,156.9,151,151.9,81550
NAM-INDIA,20210607,371.1,385.5,368.85,377,2818782
NATCOPHARM,20210607,1044.15,1047.85,1028.5,1038.3,293396
NATHBIOGEN,20210607,421.8,425.2,414,418.4,69883
NATIONALUM,20210607,73.45,75.75,73,74.2,27737714
NATNLSTEEL,20210607,5.05,5.05,5.05,5.05,4860
NAUKRI,20210607,4565,4699,4564.1,4661.7,659745
NAVINFLUOR,20210607,3203,3242.95,3193.55,3207.25,130198
NAVKARCORP,20210607,41.6,42.85,41.35,41.6,990246
NAVNETEDUL,20210607,88.95,89.1,88,88.5,328089
NAZARA,20210607,1690,1694,1650.15,1658.5,200430
NBCC,20210607,48.8,50.45,48.2,49.8,19363394
NBIFIN,20210607,2295.75,2330.95,2260.05,2297.6,693
NBVENTURES,20210607,93.45,96.9,93.2,95,1315079
NCC,20210607,81.7,83.75,81.55,82.3,4226314
NCLIND,20210607,207.45,211,206.3,206.85,289396
NCPSESDL24,20210607,105.06,105.06,105.01,105.06,49
NDGL,20210607,1092.25,1155,1079.8,1138.5,1220
NDL,20210607,46.85,49.15,45.75,49.1,79542
NDRAUTO,20210607,219,222.5,215,221.45,18313
NDTV,20210607,70.7,71.35,68.4,69.25,97733
NECCLTD,20210607,11.2,13.3,11.2,12.9,1715576
NECLIFE,20210607,35.2,36.6,34.15,35.5,3639940
NELCAST,20210607,79.4,79.4,77.4,77.7,259339
NELCO,20210607,240,254.95,239.95,248,562739
NEOGEN,20210607,900.05,918.55,890.1,897.35,58488
NESCO,20210607,552.7,567,548.25,562.15,144081
NESTLEIND,20210607,17474.55,17590,17353.5,17532.55,49436
NETF,20210607,193.53,193.53,193.53,193.53,105
NETFCONSUM,20210607,67.7,67.8,66.29,67.3,11028
NETFDIVOPP,20210607,38.45,39.74,38.27,39.5,16392
NETFGILT5Y,20210607,48.38,48.38,48.38,48.38,2
NETFIT,20210607,27.56,27.65,27.26,27.56,484610
NETFLTGILT,20210607,22.51,22.71,22.46,22.51,50168
NETFMID150,20210607,106.03,106.09,100,101.57,371570
NETFNIF100,20210607,166,170,163.71,170,756
NETFNV20,20210607,86.49,86.8,85.09,85.42,5396
NETFSDL26,20210607,103.5,103.5,103.38,103.45,1078164
NETWORK18,20210607,43.5,46.7,43,45.55,9049497
NEULANDLAB,20210607,2041,2069,2002,2039.2,113245
NEWGEN,20210607,423,429,414.85,421.35,113096
NEXTMEDIA,20210607,6.3,6.35,6.15,6.35,15986
NFL,20210607,68.25,71.8,68.25,70.05,4359556
NH,20210607,490,497.95,480,481.15,469806
NHPC,20210607,26.25,26.65,26.15,26.35,7601356
NIACL,20210607,175.95,183,173,176.8,4908864
NIBL,20210607,21.6,21.65,20.8,21.65,28335
NIFTYBEES,20210607,174.4,174.4,168.15,168.63,1733382
NIITLTD,20210607,224.75,259.7,224.75,253.05,10951613
NILAINFRA,20210607,5.7,5.8,5.35,5.8,662350
NILASPACES,20210607,1.7,1.8,1.65,1.8,926884
NILKAMAL,20210607,2345.2,2379,2300,2332.85,77012
NIPPOBATRY,20210607,994,1010.05,951.2,981.7,20663
NIRAJ,20210607,43.45,44.7,41.7,43.3,51477
NITCO,20210607,25.85,26.7,25.3,26.15,232847
NITINSPIN,20210607,117.8,121,115.35,117.3,235594
NITIRAJ,20210607,53.9,53.9,51.75,52.6,3669
NKIND,20210607,23.55,23.55,23,23.5,230
NLCINDIA,20210607,65,66.6,64.25,65.1,9321420
NMDC,20210607,195.2,195.2,181.35,182.3,29156239
NOCIL,20210607,208.35,209.9,205,205.15,926459
NOIDATOLL,20210607,6.05,6.15,5.9,6,308387
NORBTEAEXP,20210607,5.9,6.1,5.9,6.1,8912
NOVARTIND,20210607,657.35,685,657.35,668.2,32164
NPBET,20210607,184,188.88,177.95,183.15,984
NRAIL,20210607,227.05,235.65,226.25,227.3,52959
NRBBEARING,20210607,135,141.4,133.6,135.2,2623651
NSIL,20210607,1780,1780,1720.1,1725.6,686
NTL,20210607,0.95,1,0.95,1,1710
NTPC,20210607,112.15,116.75,112,116.4,28407410
NUCLEUS,20210607,582,593.5,566,567.25,179025
NURECA,20210607,1550,1550,1501,1512.1,17345
NXTDIGITAL,20210607,521.8,521.8,495,500.2,27597
OAL,20210607,815,820.85,791.35,807.6,15636
OBEROIRLTY,20210607,660,664.3,645.2,648.1,542583
OCCL,20210607,1145.8,1160,1114.85,1131.05,14626
OFSS,20210607,3515,3574.95,3485.25,3557.55,71579
OIL,20210607,142,144.4,141.95,143.1,989448
OILCOUNTUB,20210607,7,7.4,7,7.4,10000
OLECTRA,20210607,166.1,179.95,166.1,174.9,486037
OMAXAUTO,20210607,46.9,48.6,46.2,48.15,109492
OMAXE,20210607,82.85,83.55,81.3,82.15,103878
OMINFRAL,20210607,29.2,29.7,28.35,28.6,207607
OMKARCHEM,20210607,9.05,9.1,9.05,9.05,34800
ONELIFECAP,20210607,8.95,9.1,8.6,9.1,14886
ONEPOINT,20210607,19.5,19.5,18.6,19.15,22026
ONGC,20210607,126.95,127.5,124.9,125.15,28709907
ONMOBILE,20210607,124.25,125.15,121.3,122,837695
ONWARDTEC,20210607,188.5,195,182.55,190,113003
OPTIEMUS,20210607,140,140,132.15,132.5,31359
OPTOCIRCUI,20210607,4.65,4.8,4.45,4.6,707209
ORBTEXP,20210607,71.25,72.3,69,69.8,40607
ORCHPHARMA,20210607,1418.3,1430,1395,1401.1,6086
ORICONENT,20210607,26.05,26.65,26.05,26.65,301220
ORIENTABRA,20210607,26.2,27.9,26,27.35,642812
ORIENTALTL,20210607,8.9,9.9,8.5,9.55,280319
ORIENTBELL,20210607,316.95,330,313.1,322.4,82990
ORIENTCEM,20210607,141.1,143,140.7,141.1,460299
ORIENTELEC,20210607,314.75,315,303,304.95,543553
ORIENTHOT,20210607,42.4,42.6,40.5,41.85,544060
ORIENTLTD,20210607,79,93.2,79,93.2,44839
ORIENTPPR,20210607,28,28.75,27.9,28.1,2401552
ORIENTREF,20210607,317,319,308.95,311.85,164427
ORISSAMINE,20210607,3569,3595.15,3251.05,3270.35,124494
ORTINLAB,20210607,28.7,31.9,28.45,30.85,569826
OSWALAGRO,20210607,12.75,13,12.3,12.6,171368
PAGEIND,20210607,31247,31247,30655.05,30860.8,27528
PAISALO,20210607,627.95,627.95,612,623.85,66179
PALASHSECU,20210607,70,74.9,69.45,72.25,25650
PALREDTEC,20210607,155.6,157.05,149.65,155.8,9694
PANACEABIO,20210607,399.8,404,392,394.55,304978
PANACHE,20210607,59.7,59.7,56.2,57.2,40027
PANAMAPET,20210607,211.9,216,211,211.8,203722
PARACABLES,20210607,14.9,15.6,14.3,14.4,4714506
PARAGMILK,20210607,140.35,142.1,138.35,138.75,385275
PARSVNATH,20210607,12.75,12.75,12.2,12.75,233733
PATELENG,20210607,14.95,16.45,14.9,15.55,5122055
PATINTLOG,20210607,25,25,24.3,24.65,129971
PATSPINLTD,20210607,6.25,6.5,6,6.25,14454
PBAINFRA,20210607,9.45,9.45,9.45,9.45,3102
PCJEWELLER,20210607,28.35,28.9,28,28.15,2673950
PDMJEPAPER,20210607,33.95,34,32.5,32.65,491865
PDPL,20210607,4.65,4.65,4.65,4.65,692
PDSMFL,20210607,1038,1045,961.05,982.5,25351
PEARLPOLY,20210607,21,21.15,19.4,19.95,144940
PEL,20210607,1939.8,2055,1905.85,1960.75,2987925
PENIND,20210607,28,28.6,27.15,27.8,7525358
PENINLAND,20210607,8.85,8.85,8.85,8.85,63022
PERSISTENT,20210607,2466,2490,2440,2461.2,95883
PETRONET,20210607,246,250,245.05,249.35,2694351
PFC,20210607,122.95,126,121.5,125.75,8393705
PFIZER,20210607,5195,5210,5163.45,5199.15,30222
PFOCUS,20210607,64.5,65.1,62,62.55,82147
PFS,20210607,21.45,21.5,21.1,21.3,2054565
PGEL,20210607,466.9,466.9,466.9,466.9,48970
PGHH,20210607,12999.95,12999.95,12855.9,12900.05,15561
PGHL,20210607,5822.9,5875,5796.05,5824.8,5082
PGIL,20210607,217.05,221.5,214.05,215.15,9544
PHILIPCARB,20210607,226,245,224.5,242.5,6692721
PHOENIXLTD,20210607,886,888.9,837.95,850.05,210201
PIDILITIND,20210607,2085.95,2102,2076,2084.4,390899
PIIND,20210607,2730,2736.95,2680.05,2696.25,167237
PILANIINVS,20210607,1690,1869.9,1688,1831.6,92206
PILITA,20210607,11.35,11.65,10,11,2363270
PIONDIST,20210607,129.7,131.95,127.2,129.05,93831
PIONEEREMB,20210607,54.7,59,52.35,56.8,2214828
PITTIENG,20210607,107,108.45,104.9,105.45,287336
PKTEA,20210607,229.5,229.5,217.5,222.35,481
PLASTIBLEN,20210607,250,257,248.2,250.7,132021
PNB,20210607,43,43.1,41.85,42.1,157004801
PNBGILTS,20210607,89.95,90.3,82,82.55,2831632
PNBHOUSING,20210607,881.4,881.4,870,881.4,748392
PNC,20210607,45.75,45.75,42.3,43.45,38141
PNCINFRA,20210607,265,266,262.3,262.75,306566
PODDARHOUS,20210607,183.2,185,180.05,180.6,18321
PODDARMENT,20210607,226.95,228.75,216.9,221.8,17766
POKARNA,20210607,361.3,372,358.5,370.15,210262
POLYCAB,20210607,1720.45,1748,1712,1739.9,328880
POLYMED,20210607,1008.05,1019.95,1004.25,1015.45,65777
POLYPLEX,20210607,1228.95,1234.3,1200.05,1211.7,487040
PONNIERODE,20210607,209,229,205.55,224,189218
POWERGRID,20210607,227.3,237.8,226.9,236.25,10158072
POWERINDIA,20210607,1915,1926.95,1876.85,1889.15,23140
POWERMECH,20210607,698,704.85,679.05,681.5,78160
PPAP,20210607,215.5,219,214.3,216.05,29449
PPL,20210607,186,186,174.6,178.25,365652
PRADIP,20210607,1.1,1.15,1.05,1.15,15718
PRAENG,20210607,12.2,12.65,12.05,12.15,362441
PRAJIND,20210607,397,404.7,387,392.2,5248335
PRAKASH,20210607,81.45,82,79.4,80.3,1355499
PRAKASHSTL,20210607,1.05,1.05,0.95,1.05,346418
PRAXIS,20210607,44.5,45.35,41.15,45.1,110719
PRECAM,20210607,54,54.45,52.8,53.9,207665
PRECOT,20210607,179.55,179.55,169.05,173.65,11896
PRECWIRE,20210607,212,214.3,208,210.1,44830
PREMEXPLN,20210607,150.75,150.75,142.95,144.55,38267
PREMIER,20210607,3.95,3.95,3.65,3.65,34693
PREMIERPOL,20210607,52.85,52.9,50,50.25,11961
PRESSMN,20210607,26.5,26.65,25.5,25.85,105629
PRESTIGE,20210607,292.2,293,287,288.1,392207
PRICOLLTD,20210607,87.5,92.2,87,89.6,2814903
PRIMESECU,20210607,55.5,57.75,54.1,55.9,32811
PRINCEPIPE,20210607,710,715.8,700,701.15,334568
PRIVISCL,20210607,1050,1086.1,1032.2,1044.75,20179
PROINDIA,20210607,2.45,2.45,2.45,2.45,133
PROZONINTU,20210607,44.25,44.25,44.25,44.25,1922538
PRSMJOHNSN,20210607,137.8,140.5,135.25,137,284985
PSB,20210607,21.5,21.8,20.9,21,2690820
PSPPROJECT,20210607,430.5,434,423.5,430.05,67077
PSUBNKBEES,20210607,27.85,27.99,27.25,27.37,463713
PTC,20210607,91.8,93.05,91.1,91.7,915579
PTL,20210607,47,47.5,45.95,46.75,257587
PUNJABCHEM,20210607,1199,1235.9,1185.85,1228.75,67474
PURVA,20210607,87.8,93.9,86.2,90.6,1367789
PVR,20210607,1409,1444.7,1390,1431.05,1678759
QGOLDHALF,20210607,2103,2104,2093.05,2100,446
QNIFTY,20210607,1650,1672.72,1600,1633,31
QUESS,20210607,704.95,720.55,704.95,719.85,177994
QUICKHEAL,20210607,232,239,230.8,234.95,482754
QUINTEGRA,20210607,1.05,1.05,0.95,1.05,78891
RADAAN,20210607,1.05,1.1,1,1.1,129654
RADICO,20210607,652.1,742.3,651.5,705.25,4287619
RADIOCITY,20210607,25.7,26.5,25.2,26,2650716
RAILTEL,20210607,134,140.5,134,137.65,7575815
RAIN,20210607,178,185,176.7,182.9,5457457
RAJESHEXPO,20210607,544.1,575,540,570.3,520098
RAJMET,20210607,109,109.75,106.65,109.75,4090
RAJRATAN,20210607,1088,1119.9,1076,1093.5,12095
RAJSREESUG,20210607,24.3,24.3,24.25,24.3,78045
RAJTV,20210607,40.65,41.25,39.5,39.9,20248
RAJVIR,20210607,8.1,8.5,8.1,8.5,330
RALLIS,20210607,321,331.7,318.8,324.45,2011162
RAMANEWS,20210607,18.35,18.8,18.2,18.25,128064
RAMASTEEL,20210607,79.9,81.4,77,78.4,42039
RAMCOCEM,20210607,992,1004.5,986.55,988.65,742456
RAMCOIND,20210607,272.5,274.9,269,269.95,119938
RAMCOSYS,20210607,560.9,564.3,551.2,552.65,84295
RAMKY,20210607,90.5,97.45,90.5,96.7,461412
RANASUG,20210607,16.35,17.35,16.3,17.35,4119106
RANEENGINE,20210607,308.25,335,308,318.65,82269
RANEHOLDIN,20210607,645,730,639.4,669.85,834457
RATNAMANI,20210607,2029.95,2050,2007.5,2035.4,45847
RAYMOND,20210607,400,419,392.9,409.65,2934639
RBL,20210607,929.8,996.95,915.25,939.45,63696
RBLBANK,20210607,216,220.4,215.1,216.7,10781248
RCF,20210607,82.75,84.4,82.2,83.15,2950403
RCOM,20210607,2.9,2.9,2.9,2.9,3259472
RECLTD,20210607,151.65,154.2,150.8,153.6,3639363
REDINGTON,20210607,252.55,274.4,252.15,258.8,1697928
REFEX,20210607,149.95,157,146,150.5,481766
REGENCERAM,20210607,1.4,1.4,1.4,1.4,500
RELAXO,20210607,1085.9,1097.95,1072.35,1075.9,140970
RELCAPITAL,20210607,16.85,16.85,15.6,16.85,9216553
RELIANCE,20210607,2202,2242,2185,2227.4,7539326
RELIGARE,20210607,150.5,156,137.1,143.05,14922411
RELINFRA,20210607,73.1,73.25,70.1,73.25,11272552
REMSONSIND,20210607,180.55,212.15,180.55,212.15,107884
RENUKA,20210607,17.95,17.95,17.95,17.95,6176080
REPCOHOME,20210607,365,377,365,367.6,160577
REPL,20210607,230.05,238.25,228.95,231.95,133706
REPRO,20210607,385.4,385.4,368.05,378.2,13915
RESPONIND,20210607,149.75,149.75,146,146.95,62207
REVATHI,20210607,586,589.95,565.05,572.25,3256
RGL,20210607,526.05,549.05,526.05,542,41744
RHFL,20210607,3.6,3.6,3.6,3.6,343069
RICOAUTO,20210607,46.85,47.35,46.25,46.4,567901
RIIL,20210607,464,498.35,460.85,483.15,1680043
RITES,20210607,250.5,267,250.05,264.65,2035145
RKDL,20210607,13.2,13.5,12.55,12.55,165272
RKEC,20210607,84,96.65,84,92.85,126298
RKFORGE,20210607,667,670,658,661.35,63797
RMCL,20210607,2.65,2.65,2.55,2.6,172525
RML,20210607,376.1,408,374.25,385.8,156215
ROHITFERRO,20210607,2.8,2.8,2.8,2.8,10887
ROHLTD,20210607,91.05,93,89,91.55,197886
ROLLT,20210607,3.05,3.05,2.85,2.9,209054
ROLTA,20210607,6.15,6.35,6,6.35,1478875
ROML,20210607,94.8,100,94,99.3,24850
ROSSARI,20210607,1255,1284,1249,1252.65,142012
ROSSELLIND,20210607,122.6,124,122,122.7,164050
ROUTE,20210607,1727,1780,1708,1757.85,744519
RPGLIFE,20210607,442,447.9,438.8,441.95,37576
RPOWER,20210607,10.2,10.4,9.6,10.4,75490484
RPPINFRA,20210607,69.15,70,66.65,67.05,406960
RPSGVENT,20210607,434.95,453,434.1,449.7,84915
RSSOFTWARE,20210607,29.2,33.95,28.9,33.85,883210
RSWM,20210607,260.1,267,252.7,257,152776
RSYSTEMS,20210607,133,136.2,132.55,134.7,41882
RTNINDIA,20210607,21.6,21.6,21.6,21.6,125272
RTNPOWER,20210607,3.85,4.1,3.85,4.1,26974296
RUBYMILLS,20210607,234.1,239.85,228.05,233.35,30088
RUCHI,20210607,1222,1255,1213.95,1255,256236
RUCHINFRA,20210607,9,9.25,8.65,9.25,543574
RUCHIRA,20210607,86,86,81.55,82.65,508367
RUPA,20210607,478.3,482.5,457,460,459740
RUSHIL,20210607,255.2,259,248.3,249,67637
RVHL,20210607,22.3,22.35,20.8,21.05,128592
RVNL,20210607,31.1,32.1,31,31.55,16364717
S&SPOWER,20210607,20.8,20.8,20,20.6,3690
SABEVENTS,20210607,1.55,1.55,1.45,1.55,30445
SABTN,20210607,1.75,1.75,1.75,1.75,1050
SADBHAV,20210607,71,76.25,71,74,2712887
SADBHIN,20210607,22.2,26.7,22.2,24.8,4042680
SAFARI,20210607,684.05,699,671.25,678.75,13469
SAGARDEEP,20210607,44,44,40.65,43.85,9774
SAGCEM,20210607,878.4,878.4,856,860.9,19172
SAIL,20210607,125.2,125.95,122.5,123,38731208
SAKAR,20210607,138.3,143,138.3,139.85,70150
SAKHTISUG,20210607,13.85,13.9,13.55,13.9,233971
SAKSOFT,20210607,493.4,494.95,485.1,487.8,25524
SAKUMA,20210607,7.1,7.25,6.8,6.85,1165600
SALASAR,20210607,689.9,695.9,677.3,690.55,127121
SALONA,20210607,125.05,151.95,119,151.95,172545
SALSTEEL,20210607,4.95,5,4.7,4.95,85688
SALZERELEC,20210607,148.6,158.3,148.5,152.8,329434
SAMBHAAV,20210607,2.8,2.8,2.8,2.8,32152
SANCO,20210607,9.95,10.1,9.75,10.1,127718
SANDESH,20210607,832.05,849,820,829,3576
SANDHAR,20210607,244.85,247,240.35,245.25,79597
SANGAMIND,20210607,103.2,110.95,103.2,109.85,70568
SANGHIIND,20210607,56.65,58.45,55.2,57.35,5403409
SANGHVIMOV,20210607,179.05,184,174.2,176,147076
SANGINITA,20210607,23.3,24.5,23.05,23.85,93273
SANOFI,20210607,7791.95,7791.95,7710,7730.35,13481
SARDAEN,20210607,534,538.55,529.25,533.95,115460
SAREGAMA,20210607,2432,2480,2420,2448.7,23289
SARLAPOLY,20210607,36.3,37.65,36.2,36.45,193400
SASKEN,20210607,990,990,966.3,969.4,13210
SASTASUNDR,20210607,227,232.05,226.5,232.05,142129
SATHAISPAT,20210607,3.35,3.35,3.35,3.35,6091
SATIA,20210607,85,86.95,83.8,84,101100
SATIN,20210607,86.4,88,84.5,85.2,318788
SBICARD,20210607,1050,1052.9,1042,1044.3,585437
SBIETFIT,20210607,277,277,271,275.49,3244
SBIETFPB,20210607,184,190,182.1,188.36,28727
SBIETFQLTY,20210607,141.48,141.48,134.75,136.16,2773
SBILIFE,20210607,995,997.95,987,988.5,693875
SBIN,20210607,435.1,437.4,430.8,432.25,20201197
SCAPDVR,20210607,2,2,2,2,22742
SCHAEFFLER,20210607,5193,5260.25,5151.7,5201.85,10361
SCHAND,20210607,99.1,102.5,97.05,101.4,183939
SCHNEIDER,20210607,124.35,129.6,124.15,127.9,1059770
SCI,20210607,116.45,117.75,114.25,114.65,2943445
SDBL,20210607,47.55,48.95,45.25,48.25,352987
SEAMECLTD,20210607,499,499,470.5,473.2,63714
SECURKLOUD,20210607,92.9,96,90.25,93.9,127532
SELAN,20210607,164,164,157,157.35,283661
SEPOWER,20210607,7.7,7.7,7.05,7.45,78525
SEQUENT,20210607,261.9,279.8,261.85,277.25,1085611
SESHAPAPER,20210607,174.5,181.45,173.65,177.35,69870
SETCO,20210607,20.3,20.85,20,20.25,371318
SETF10GILT,20210607,206.85,206.85,204.95,205.8,257
SETFGOLD,20210607,4352.05,4359.5,4320,4330.7,15990
SETFNIF50,20210607,158.85,159.76,158.85,159.53,108082
SETFNIFBK,20210607,354,355.12,352.05,352.99,54914
SETFNN50,20210607,402,408,401.8,402.6,13470
SETUINFRA,20210607,1.15,1.15,1.05,1.05,285772
SEYAIND,20210607,56.95,58.7,56.95,58.4,57943
SFL,20210607,2169.05,2245,2147,2176.95,94415
SGL,20210607,12.9,12.9,12.3,12.5,71038
SHAHALLOYS,20210607,10.7,10.7,10.7,10.7,3300
SHAKTIPUMP,20210607,854.95,869,812.05,834.6,303077
SHALBY,20210607,176,180.1,172.45,173.3,553298
SHALPAINTS,20210607,115.9,118,112.05,113.85,310566
SHANKARA,20210607,461.75,481,455,466,264835
SHANTIGEAR,20210607,147.8,151,146.25,149.25,64907
SHARDACROP,20210607,356.9,359.3,348.15,352.7,333124
SHARDAMOTR,20210607,411.1,417.4,411.1,412.85,15628
SHAREINDIA,20210607,470,477.85,459.65,469.65,44734
SHARIABEES,20210607,394.98,394.98,382.5,388.42,370
SHEMAROO,20210607,131,133.6,123.45,133.6,167748
SHIL,20210607,345,352.55,343.95,352.55,140076
SHILPAMED,20210607,565.15,577.8,563,575.15,1226136
SHIVAMAUTO,20210607,24.9,26.8,24.9,25.7,67834
SHIVAMILLS,20210607,83.15,83.15,79,80.9,119368
SHIVATEX,20210607,209.85,210.05,203.1,204,13920
SHK,20210607,157,163.9,155.6,160.55,489151
SHOPERSTOP,20210607,239.35,248.5,239.3,243.55,287175
SHRADHA,20210607,44.7,48.65,42.9,46.8,754
SHREDIGCEM,20210607,81,84.5,81,83.1,1101780
SHREECEM,20210607,28209.95,29344.85,28209.95,29155.8,89841
SHREEPUSHK,20210607,194,198.9,192.5,193.8,108340
SHREERAMA,20210607,17.05,17.05,16.05,16.2,351773
SHRENIK,20210607,2.5,2.5,2.45,2.5,2717626
SHREYANIND,20210607,106,106.55,101.6,102.85,55251
SHREYAS,20210607,201.9,212.5,201.9,201.9,376828
SHRIPISTON,20210607,779,813.7,779,801.85,1943
SHRIRAMCIT,20210607,1727.3,1762.75,1698.5,1732.25,124179
SHRIRAMEPC,20210607,4.95,5,4.85,5,1723717
SHYAMCENT,20210607,10.8,10.85,9.55,9.95,4531957
SHYAMTEL,20210607,12.7,12.7,12.7,12.7,100
SICAGEN,20210607,23.95,23.95,22.25,22.9,21396
SICAL,20210607,14.6,14.9,14.45,14.9,552405
SIEMENS,20210607,2133,2148.95,2106.65,2110.9,228136
SIGIND,20210607,55,55,51.5,52.05,181388
SIL,20210607,17,17.35,16.4,17.05,14416
SILGO,20210607,45.1,46.7,42.9,43.3,121922
SILINV,20210607,238,238.65,232.1,237.35,10319
SILLYMONKS,20210607,25.9,25.9,23.5,23.55,7513
SIMBHALS,20210607,16,16.4,14.9,16.4,108433
SIMPLEXINF,20210607,42.45,44.45,41.25,44.45,548438
SINTERCOM,20210607,80.15,82,78,78.1,8600
SINTEX,20210607,4.3,4.3,4.3,4.3,1581026
SIRCA,20210607,369.9,369.9,356.05,357.35,74202
SIS,20210607,409.15,434,409.15,430.25,434508
SITINET,20210607,1.5,1.5,1.45,1.5,7931732
SIYSIL,20210607,320.5,322.85,301.85,307.4,259718
SJVN,20210607,28.3,29.05,28.2,28.4,6120507
SKFINDIA,20210607,2390,2436.3,2336.15,2381.4,40949
SKIL,20210607,3.8,3.8,3.5,3.8,327845
SKIPPER,20210607,63.05,64.35,62.2,62.8,145557
SKMEGGPROD,20210607,78.2,81,77.45,78.25,490384
SMARTLINK,20210607,96,100.8,93.6,98.05,107025
SMCGLOBAL,20210607,84.4,88.8,82.3,86.95,2586142
SMLISUZU,20210607,462.65,490.15,455.1,480.3,237628
SMSLIFE,20210607,690,690,642.7,648.8,59946
SMSPHARMA,20210607,164,164,157,158.75,142507
SNOWMAN,20210607,56.4,56.45,54.55,54.8,3412453
SOBHA,20210607,512,514.8,501,505.35,200344
SOLARA,20210607,1735.5,1749.7,1701.1,1717.3,81046
SOLARINDS,20210607,1575.6,1625,1575.6,1607.65,125887
SOMANYCERA,20210607,470,473.05,461.85,468.25,56471
SOMATEX,20210607,6.3,6.3,5.7,6.3,115435
SOMICONVEY,20210607,47,49.3,47,48.4,8885
SONATSOFTW,20210607,735,738.85,694.6,723.9,296146
SORILINFRA,20210607,176.4,176.4,169.3,170.15,94378
SOTL,20210607,1292,1387.95,1292,1339.6,144053
SOUTHBANK,20210607,10.3,11.05,10.2,10.8,71565093
SOUTHWEST,20210607,38.25,38.75,37.25,38.65,56398
SPAL,20210607,242.5,244.85,222.05,227.1,459051
SPANDANA,20210607,733,779.9,722.25,736.25,1497483
SPARC,20210607,224.75,238.4,222.55,232.5,2904725
SPCENET,20210607,1.85,1.85,1.85,1.85,9943
SPECIALITY,20210607,56.45,61.8,52.5,59.8,731835
SPENCERS,20210607,77.4,83.45,76.55,82.65,4305618
SPIC,20210607,44.9,45.95,44.6,44.95,1595676
SPICEJET,20210607,80.2,81.7,79.75,80.6,11660992
SPLIL,20210607,48.2,48.7,47.05,47.45,106684
SPMLINFRA,20210607,11.6,11.95,11.2,11.95,133946
SPTL,20210607,4.65,4.65,4.55,4.65,2817582
SPYL,20210607,0.65,0.7,0.6,0.6,1149770
SREEL,20210607,171,177,169.05,172.5,16662
SREINFRA,20210607,7.95,8.35,7.85,8.15,3872541
SRF,20210607,6629.45,6719,6610.1,6686.25,98494
SRHHYPOLTD,20210607,302.7,304.9,295.3,296.9,21247
SRIPIPES,20210607,191.85,191.85,185,189.95,120491
SRPL,20210607,29.35,31.35,29.35,31.05,269
SRTRANSFIN,20210607,1422.5,1514.45,1411.75,1487.45,4653545
SSWL,20210607,785.5,785.5,776,776.6,18128
STAMPEDE,20210607,0.65,0.7,0.65,0.7,70488
STAR,20210607,794,794.5,770.2,778.7,469410
STARCEMENT,20210607,111.3,115,111.25,114.6,1282979
STARPAPER,20210607,143.7,150.95,140.25,148.35,738245
STCINDIA,20210607,102.4,118.2,102.4,118.2,884907
STEELCITY,20210607,47,47,45,45.9,52930
STEELXIND,20210607,57.95,61,57.5,58.45,156821
STEL,20210607,91.7,98.55,89.75,97,95939
STERTOOLS,20210607,208,226.7,208,214.2,146049
STLTECH,20210607,265.8,266.15,260.05,261,428137
STOVEKRAFT,20210607,594.55,606.8,593.75,598.45,116952
SUBCAPCITY,20210607,19.15,20,19.15,20,437
SUBEXLTD,20210607,60.6,61.75,60.1,60.3,7191824
SUBROS,20210607,341.05,347.8,335,337.2,29178
SUDARSCHEM,20210607,702,713,692,696.05,298876
SUMEETINDS,20210607,4.85,4.95,4.75,4.95,137037
SUMICHEM,20210607,361.7,373.95,358.5,367.55,1294386
SUMIT,20210607,13.7,13.7,12.15,12.95,96148
SUMMITSEC,20210607,610.95,610.95,596.75,599.95,3533
SUNCLAYLTD,20210607,3702,3975,3702,3865.7,60734
SUNDARAM,20210607,1.7,1.7,1.7,1.7,431485
SUNDARMFIN,20210607,2588,2588,2522.35,2570.35,67355
SUNDARMHLD,20210607,76.5,80.55,75.7,77.95,806526
SUNDRMBRAK,20210607,359,372,348.2,360.8,20615
SUNDRMFAST,20210607,811.7,823.9,811,816.75,83210
SUNFLAG,20210607,80.45,80.9,79.5,79.8,608653
SUNPHARMA,20210607,673.95,677.8,670.9,675.35,2793705
SUNTECK,20210607,304.55,310.7,300,302.9,765525
SUNTV,20210607,527.75,529.8,522,523.5,1298476
SUPERHOUSE,20210607,151.75,158.8,147.2,156.65,64607
SUPERSPIN,20210607,6.5,6.5,6.05,6.2,48796
SUPPETRO,20210607,774.75,775,760,769.3,101950
SUPRAJIT,20210607,281,285,280.9,284.25,192514
SUPREMEENG,20210607,41.9,42,39,39.85,66959
SUPREMEIND,20210607,2254.75,2257.75,2218.5,2229.55,55920
SURANASOL,20210607,10.4,11.25,10,11.25,226247
SURANAT&P,20210607,5.5,5.55,5.3,5.55,296247
SURYALAXMI,20210607,47.1,48.9,47.1,47.65,18191
SURYAROSNI,20210607,497.6,501,476.35,482.2,144672
SURYODAY,20210607,228,247.65,225.65,234.25,631577
SUTLEJTEX,20210607,59.5,60.5,58,58.35,824702
SUULD,20210607,441.15,461.65,441.05,460.4,47756
SUVEN,20210607,95.9,95.9,93.05,93.75,443039
SUVENPHAR,20210607,521.2,523.45,514.05,515.8,148345
SUVIDHAA,20210607,24.3,24.3,22.9,23.15,121495
SUZLON,20210607,7.55,7.55,7,7.25,116320815
SWANENERGY,20210607,139.5,139.5,135.1,138.3,161315
SWARAJENG,20210607,1555,1555.25,1535,1543.8,16339
SWELECTES,20210607,225.95,227,219.1,222.95,21607
SWSOLAR,20210607,244,244.45,236,237.35,870831
SYMPHONY,20210607,1080,1095,1071.2,1076.05,187706
SYNGENE,20210607,594.6,594.6,584.35,585.8,177920
TAINWALCHM,20210607,75.3,78,75.3,76.3,10435
TAJGVK,20210607,146.5,147.4,145.2,145.9,586173
TAKE,20210607,65.9,67.7,64.5,65.5,2111251
TALBROAUTO,20210607,248.9,264,240.85,259.9,271242
TANLA,20210607,874.7,884.45,868,873.05,202206
TARAPUR,20210607,5.8,5.8,5.35,5.7,22354
TARC,20210607,29.5,29.6,28.5,29.2,554681
TARMAT,20210607,61.05,63.15,61,61.2,38911
TASTYBITE,20210607,15695,15698.4,15400,15516.7,944
TATACHEM,20210607,753.5,755.95,746,748.2,3781787
TATACOFFEE,20210607,176.4,176.65,173,174.35,1705257
TATACOMM,20210607,1146,1235,1141.05,1223.7,1915731
TATACONSUM,20210607,690,707,687.3,699.95,3511853
TATAELXSI,20210607,3581,3629.9,3572.1,3613,104539
TATAINVEST,20210607,1118,1135,1110,1123,62619
TATAMETALI,20210607,1075,1090,1070.05,1077.55,143788
TATAMOTORS,20210607,339.75,351,339.75,345.5,64986814
TATAMTRDVR,20210607,153.5,158.95,152.75,156.35,6063419
TATAPOWER,20210607,109,115,108.3,113.35,95358858
TATASTEEL,20210607,1130,1150,1125.55,1128.7,12218592
TATASTLBSL,20210607,94.75,95.75,93.85,94,4383238
TATASTLLP,20210607,930,942.5,927.75,937.9,49397
TBZ,20210607,84.55,84.6,81.35,82,629468
TCI,20210607,443.4,444.6,431.6,433.4,123063
TCIDEVELOP,20210607,465.2,474,451.6,455.05,3340
TCIEXP,20210607,1463.25,1497,1431,1467.2,108357
TCIFINANCE,20210607,6.1,6.45,6.1,6.45,20087
TCNSBRANDS,20210607,548.9,548.9,540.7,541.9,16175
TCPLPACK,20210607,481,495,476.4,483.5,7150
TCS,20210607,3145,3190.45,3133.6,3183.2,2559821
TDPOWERSYS,20210607,204.95,215,202.55,205.15,224363
TEAMLEASE,20210607,3465,3485.15,3413.15,3436,12092
TECHIN,20210607,5.75,6.1,5.6,6.1,73379
TECHM,20210607,1024.95,1038.95,1019.45,1034.4,1745475
TECHNOE,20210607,343.9,354,331.05,347.55,139689
TEJASNET,20210607,186,186,178,179.15,679149
TEMBO,20210607,184.85,190,183.45,189,204184
TERASOFT,20210607,49.45,55.35,47.25,53.95,715484
TEXINFRA,20210607,70.75,71.4,69.05,70,143663
TEXMOPIPES,20210607,49.6,51.8,49.5,49.75,538857
TEXRAIL,20210607,32.85,33.6,32.55,32.7,1597608
TFCILTD,20210607,67.5,73.6,67.5,72.65,2194003
TFL,20210607,4.05,4.25,4.05,4.25,3854
TGBHOTELS,20210607,6.95,6.95,6.85,6.95,48406
THANGAMAYL,20210607,894,898,843,849.1,46162
THEINVEST,20210607,105.65,112,102.35,108.25,20226
THEMISMED,20210607,789,825,789,809.95,129192
THERMAX,20210607,1530,1530,1487.2,1490.05,105769
THOMASCOOK,20210607,70.85,70.85,65.1,66.1,2714207
THOMASCOTT,20210607,9.15,9.15,8.35,9.15,1192
THYROCARE,20210607,1055,1150,1055,1131.45,1263776
TI,20210607,38.9,39.3,38.1,38.55,1304423
TIDEWATER,20210607,12700,12999,11896.4,11896.4,22535
TIIL,20210607,469.45,489,451,469.95,99082
TIINDIA,20210607,1193,1230,1188.8,1227.35,74748
TIJARIA,20210607,7.9,7.9,7.4,7.4,50741
TIL,20210607,179.8,183.8,177.55,183.05,5192
TIMESGTY,20210607,54,54,49.1,50.6,18613
TIMETECHNO,20210607,85.65,88.6,85.25,86.3,817326
TIMKEN,20210607,1325,1363,1320,1341,24098
TINPLATE,20210607,204.75,206.4,202.5,203.5,443270
TIPSINDLTD,20210607,830.15,880.15,830,880.15,20277
TIRUMALCHM,20210607,134.6,138.65,133.5,134.85,1714924
TIRUPATIFL,20210607,29.45,30,28.6,30,960
TITAN,20210607,1685.85,1713.85,1676,1685.1,1471576
TMRVL,20210607,17.45,17.45,17.45,17.45,28125
TNPETRO,20210607,99.9,102.4,98.8,101.75,892026
TNPL,20210607,149.55,152.85,149.5,150.9,259888
TNTELE,20210607,5.55,5.6,5.25,5.6,30154
TOKYOPLAST,20210607,104,104.7,100,100.35,29870
TORNTPHARM,20210607,2820,2837.35,2790.15,2824.8,208895
TORNTPOWER,20210607,433.75,472,432,461.2,5968231
TOTAL,20210607,41.9,50.3,41.9,50.1,565758
TOUCHWOOD,20210607,89,89,83.95,85,3595
TPLPLASTEH,20210607,253.3,253.3,240,242.95,16065
TREEHOUSE,20210607,7.9,8.15,7.9,8,17646
TREJHARA,20210607,39.75,42.5,38.2,42.05,112034
TRENT,20210607,851.1,874,845,857.5,463126
TRF,20210607,108.4,114.45,107,110.7,122682
TRIDENT,20210607,16.15,16.8,16,16.8,28374729
TRIGYN,20210607,120.7,126.4,119.4,120.45,544578
TRIL,20210607,28.25,28.45,27.6,27.8,352837
TRITURBINE,20210607,114,126.8,113.25,122.5,2376896
TRIVENI,20210607,154.3,174.5,154.3,167.95,5188285
TTKHLTCARE,20210607,677.6,677.6,667,670.7,23143
TTKPRESTIG,20210607,8910,8975.6,8800,8854.25,6940
TTL,20210607,68.8,68.8,64.1,65.2,18957
TTML,20210607,19.8,19.8,19.8,19.8,480509
TV18BRDCST,20210607,42.7,43.55,42.05,43.05,12595453
TVSELECT,20210607,152,153.95,149.15,150.65,100142
TVSMOTOR,20210607,645,662.85,630.6,648.8,6743832
TVSSRICHAK,20210607,2014,2032,1985.4,1995.5,14428
TVTODAY,20210607,314.9,316.3,307.3,310,120479
TVVISION,20210607,1.9,1.9,1.85,1.9,10476
TWL,20210607,56.05,60,55.85,58.65,2250418
UBL,20210607,1349.95,1381.95,1322,1346.05,1499139
UCALFUEL,20210607,168,183.55,165.85,175.1,342113
UCOBANK,20210607,13.65,13.8,13.55,13.6,16358209
UFLEX,20210607,446.6,449.9,443.6,447.1,102851
UFO,20210607,94.05,94.95,91.85,92.55,518590
UGARSUGAR,20210607,30.05,30.45,30.05,30.45,370021
UJAAS,20210607,2.95,3.15,2.9,3.1,3903684
UJJIVAN,20210607,219,219.75,214.5,215.25,530942
UJJIVANSFB,20210607,30.7,31.4,30.3,30.8,5189804
ULTRACEMCO,20210607,6689.95,6907.95,6663,6849.65,617042
UMANGDAIRY,20210607,76.7,81.6,76.7,79.65,340111
UMESLTD,20210607,4.9,4.95,4.7,4.95,52193
UNICHEMLAB,20210607,326.75,331.45,325.35,329.3,70884
UNIDT,20210607,315,323.7,309,312.75,7193
UNIENTER,20210607,122,123.4,117.05,117.85,38347
UNIONBANK,20210607,35.95,36.15,35.5,35.6,16940654
UNITEDTEA,20210607,357.9,365,336.3,355.45,6739
UNIVASTU,20210607,49.55,49.55,44.3,45.7,20693
UNIVCABLES,20210607,200.8,202.7,194.05,195.65,104724
UNIVPHOTO,20210607,212.95,224.5,210.2,223.1,11367
UPL,20210607,841,862.25,834.2,850.5,4774564
URJA,20210607,6.85,7.05,6.8,7.05,3395501
USHAMART,20210607,50.35,50.35,49.15,49.45,1077474
UTIAMC,20210607,770,770,757.45,763.75,186265
UTIBANKETF,20210607,35.75,35.75,35.41,35.69,4876
UTINEXT50,20210607,40.91,41.9,40,40.23,40767
UTINIFTETF,20210607,1625.46,1668,1625.46,1649.77,776
UTISENSETF,20210607,570,570,544,544.27,1792
UTISXN50,20210607,45.65,46.9,43.6,44.99,2091
UTTAMSTL,20210607,8,8,7.35,7.4,5956198
UTTAMSUGAR,20210607,151.75,171.65,150.2,166.95,1799471
V2RETAIL,20210607,134,134,126.8,131.4,73192
VADILALIND,20210607,1014.85,1035,1000,1029.9,32608
VAIBHAVGBL,20210607,825.45,833.8,810,813.25,200290
VAISHALI,20210607,37.2,37.2,36.3,36.8,35699
VAKRANGEE,20210607,46,48.75,44.6,48.75,9815753
VALIANTORG,20210607,1567.8,1615.1,1567.8,1605.05,98506
VARDHACRLC,20210607,43.5,44.35,42.5,42.85,107290
VARDMNPOLY,20210607,18.7,18.95,18.4,18.65,62357
VARROC,20210607,405,405,382.6,384.55,2115635
VASCONEQ,20210607,21.6,21.95,20.6,20.75,961054
VASWANI,20210607,14.3,14.3,13.5,13.85,61561
VBL,20210607,1081.2,1143.3,1077,1126.3,1157969
VEDL,20210607,281.05,282.75,276.6,278,10293892
VENKEYS,20210607,2697.25,2814.35,2690,2710.55,311201
VENUSREM,20210607,331.7,339.8,325.5,328.6,59527
VERTOZ,20210607,224.6,227.5,219,220.35,294057
VESUVIUS,20210607,1117.95,1135,1091.2,1098.2,22090
VETO,20210607,130.3,135,128.5,131.45,190996
VGUARD,20210607,264,269.75,262.75,265.4,3264468
VHL,20210607,2558,2583.95,2500,2501.85,1325
VICEROY,20210607,3.45,3.45,3.3,3.45,61349
VIDHIING,20210607,212.9,231.3,209.6,220.4,582678
VIJIFIN,20210607,1.1,1.1,1.05,1.1,563242
VIKASECO,20210607,2.55,2.55,2.55,2.55,867521
VIKASLIFE,20210607,3.25,3.35,3.2,3.35,6326197
VIKASPROP,20210607,2.25,2.5,2.25,2.5,6468268
VIKASWSP,20210607,6.45,6.75,5.95,6.75,3001748
VIMTALABS,20210607,248.5,252.25,241.5,246.95,288378
VINATIORGA,20210607,1777,1800,1762.55,1766,40143
VINDHYATEL,20210607,1081,1099,1064.6,1076.1,26315
VINYLINDIA,20210607,146.4,146.4,144,145.2,65683
VIPCLOTHNG,20210607,19.1,19.1,17.7,18.65,611023
VIPIND,20210607,392.9,393.9,384,384.75,261694
VIPULLTD,20210607,29,30.85,28.85,29.9,28320
VISAKAIND,20210607,650.1,672.3,650.1,655.85,45964
VISASTEEL,20210607,9.35,9.35,8.8,9.25,48124
VISESHINFO,20210607,0.15,0.2,0.15,0.2,59339254
VISHAL,20210607,50,52.8,49.9,52.8,267082
VISHNU,20210607,408.3,410,392.25,403.65,27414
VISHWARAJ,20210607,145.4,149,144.95,147.05,306961
VIVIDHA,20210607,0.8,0.9,0.8,0.8,7923824
VIVIMEDLAB,20210607,29.95,30.25,29.45,29.8,332558
VLSFINANCE,20210607,129,136,129,133.4,216738
VMART,20210607,2753.05,2877.8,2753.05,2821.9,19907
VOLTAMP,20210607,1256,1294.95,1230.05,1268.1,53466
VOLTAS,20210607,1109.95,1118.9,1093.9,1096.8,1434539
VRLLOG,20210607,257.5,277.45,256.75,263.25,550533
VSSL,20210607,209.25,209.9,198.5,199,198756
VSTIND,20210607,3465,3594.9,3429.95,3529.9,40047
VSTTILLERS,20210607,2150,2184.7,2136,2147.25,30175
VTL,20210607,1324,1344.6,1304.25,1325.3,174723
WABAG,20210607,290,304.6,286.55,299.4,3725214
WABCOINDIA,20210607,6786,6944.45,6786,6828.7,1589
WALCHANNAG,20210607,79,82.85,78.4,79.7,787000
WANBURY,20210607,106.5,108.4,100.6,102.5,57872
WATERBASE,20210607,120.4,122.5,120,120.55,202942
WEALTH,20210607,125,135,125,133.05,2048
WEBELSOLAR,20210607,51.05,52,49.6,50.15,269576
WEIZMANIND,20210607,54.85,56.4,52.85,54.2,20624
WELCORP,20210607,153.7,158.9,151.35,155.85,6425009
WELENT,20210607,121.15,122.45,116.5,120.95,970048
WELINV,20210607,413.95,423,402,406,486
WELSPUNIND,20210607,92.9,95.05,91.25,92.6,2239861
WENDT,20210607,3780,3897.8,3705.35,3784.4,3989
WESTLIFE,20210607,489,504,485.65,499.35,102941
WHEELS,20210607,625.35,626.9,604,608.1,33454
WHIRLPOOL,20210607,2198.3,2215,2180,2185.05,67667
WILLAMAGOR,20210607,21.75,22.2,20.3,21.75,29550
WINDMACHIN,20210607,36.5,38.25,36.1,36.85,899145
WIPL,20210607,67.05,70.4,65,70.4,3306
WIPRO,20210607,544.7,551.2,542.7,548.25,4348433
WOCKPHARMA,20210607,660.75,660.75,650.05,652.2,529848
WONDERLA,20210607,214.4,215,207.75,210.9,149833
WORTH,20210607,66,67.95,61.75,67.2,68320
WSI,20210607,5.75,5.75,5.75,5.75,1115
WSTCSTPAPR,20210607,233.2,235.95,230,231.45,293656
XCHANGING,20210607,76.45,77.8,75.55,76.55,565098
XELPMOC,20210607,296,299.5,290.75,294,23458
XPROINDIA,20210607,145.7,147.3,139,139.95,22768
YAARII,20210607,127.7,127.7,120.35,120.95,548255
YESBANK,20210607,13.85,15.2,13.8,15.05,566089990
ZEEL,20210607,219,222.7,217.1,217.6,23608067
ZEELEARN,20210607,13.7,14.15,13.6,13.9,2012157
ZEEMEDIA,20210607,10,10.05,9.8,9.85,1913065
ZENITHEXPO,20210607,99,100,96,99.75,2531
ZENITHSTL,20210607,1,1,0.95,0.95,34448
ZENSARTECH,20210607,288,288.8,283,284.85,171492
ZENTEC,20210607,71.5,71.9,70.9,71.05,214058
ZODIACLOTH,20210607,110,111.45,107.1,107.45,62418
ZODJRDMKJ,20210607,35.05,38,35.05,35.95,5139
ZOTA,20210607,173,179.85,166.1,172.15,56549
ZUARI,20210607,98.2,102.4,97.65,100.25,729501
ZUARIGLOB,20210607,101,101.9,97.5,101.9,220670
ZYDUSWELL,20210607,2117,2125,2097.05,2101.55,45970
NSENIFTY,20210607,15725.10,15773.45,15678.10,15751.65,393970049,0
NIFTYJUNIOR,20210607,39084.30,39118.85,38904.50,38948.05,889127492,0
NIFTYMIDCAPLIQ15,20210607,6442.40,6461.30,6409.75,6440.25,110643584,0
NSE100,20210607,16004.05,16042.60,15956.05,16018.60,1283097541,0
NIFTY200,20210607,8336.90,8361.35,8312.75,8348.90,2307521524,0
NSE500,20210607,13454.10,13498.30,13418.50,13479.65,3342703144,0
NSEMIDCAP150,20210607,10044.80,10111.20,10021.85,10097.95,1070798883,0
MIDCAP50,20210607,7473.90,7537.20,7448.00,7513.55,949826492,0
NSEMIDCAP,20210607,26746.50,26929.25,26659.25,26881.40,1024423983,0
NSESMLCAP100,20210607,9544.85,9631.70,9530.40,9622.65,-,0
NIFTYLARGEMIDCAP250,20210607,-,-,-,8747.97,2353896424,0
NIFTYAUTO,20210607,10814.25,10888.25,10791.20,10806.55,123931567,0
BANKNIFTY,20210607,35460.80,35545.85,35338.55,35443.65,253219977,0
NIFTYFINSERVICE,20210607,16779.60,16790.50,16653.90,16702.85,90777596,0
NIFTYFMGC,20210607,35336.10,35428.80,35199.50,35375.35,47675425,0
NSEIT,20210607,27078.40,27330.40,26997.80,27295.65,18628299,0
NIFTYMEDIA,20210607,1834.05,1851.80,1822.90,1839.10,63869927,0
NIFTYMETAL,20210607,5379.10,5421.50,5305.70,5315.50,206537973,0
NIFTYPHARMA,20210607,14126.95,14151.20,14049.05,14069.00,15290175,0
NIFTYPVTBANK,20210607,18616.95,18740.70,18561.55,18690.60,641507521,0
NIFTYPSUBANK,20210607,2512.40,2527.15,2491.50,2500.65,532811008,0
NIFTYREALTY,20210607,356.95,358.10,351.90,352.80,34110117,0
NIFTYCOMMODITIES,20210607,5239.20,5283.40,5234.85,5259.30,322392095,0
NIFTYCONSUMPTION,20210607,6270.25,6285.65,6259.25,6275.40,93553322,0
NIFTYCPSE,20210607,2055.95,2078.55,2052.25,2069.05,178203835,0
NIFTYENERGY,20210607,20497.10,20769.25,20416.30,20743.95,233606300,0
NIFTY100ESG,20210607,-,-,-,3161.00,422568750,0
NIFTY100ENHESG,20210607,-,-,-,3178.89,398052382,0
NIFTYINFRA,20210607,4456.00,4517.75,4447.30,4505.15,336222763,0
NIFTYMNC,20210607,17171.85,17254.30,17142.80,17219.05,316657805,0
NIFTYPSE,20210607,3653.30,3704.80,3645.10,3691.20,461862506,0
NIFTYSMEEMERGE,20210607,-,-,-,2335.78,1292033,0
NIFTYSERVSECTOR,20210607,21734.15,21768.70,21636.75,21740.75,224126798,0
NIFTYSHARIAH25,20210607,-,-,-,5969.86,107823482,0
NIFTY50SHARIAH,20210607,-,-,-,3722.89,90544632,0
NIFTY500SHARIAH,20210607,-,-,-,4699.41,550030894,0
NIFTYABGROUP,20210607,-,-,-,4997.51,279342300,0
NIFTYMAHINDRA,20210607,-,-,-,13286.37,19204595,0
NIFTYTATA,20210607,-,-,-,11062.85,208263877,0
NIFTYTATA25CAP,20210607,-,-,-,8611.54,194037584,0
NIFTYABGROUP,20210607,-,-,-,4997.51,279342300,0
NIFTYLIQ15,20210607,4022.70,4061.90,4017.95,4050.45,150272336,0
NIFTY500VALUE50,20210607,-,-,-,5637.30,1029033899,0
NIFTYQUALLOWVOL30,20210607,-,-,-,11303.84,105002372,0
NIFTYALPHAQUALLOWVOL30,20210607,-,-,-,13037.64,106454592,0
NIFTYALPHAQUALVALLOWVOL30,20210607,-,-,-,9942.52,124068849,0
NIFTY50EQUALWEIGHT,20210607,17754.20,17850.55,17745.35,17817.10,393970049,0
NIFTY100EQUALWEIGHT,20210607,19000.10,19050.25,18966.00,19000.05,1283097541,0
NIFTY100LOWVOL30,20210607,12168.30,12234.85,12134.90,12227.75,164810815,0
NSEDEFTY,20210607,-,-,-,7496.40,-,0
NIFTY50DIVPOINT,20210607,37.38,37.38,37.38,37.38,-,0
NIFTYDIVOPPS50,20210607,3276.30,3297.30,3270.05,3295.25,433044257,0
NIFTYALPHA50,20210607,27373.70,27424.20,27291.40,27381.50,573921440,0
NIFTY50ARBITRAGE,20210607,-,-,-,1964.58,-,0
NIFTY50FUTINDEX,20210607,-,-,-,5139.83,-,0
NIFTY50FUTTRINDEX,20210607,-,-,-,16375.19,-,0
NIFTYHIGHBETA50,20210607,-,-,-,2008.56,978108662,0
NIFTYLOWVOL50,20210607,-,-,-,14981.57,184477432,0
NIFTY50VALUE20,20210607,7874.35,7916.00,7861.05,7911.05,178834991,0
NIFTYGROWSECT15,20210607,7561.90,7565.85,7535.40,7543.00,45626092,0
NIFTY50TR2XLEV,20210607,9992.20,10052.85,9934.35,10025.80,-,0
NIFTY50PR2XLEV,20210607,7450.65,7495.90,7407.55,7475.70,-,0
NIFTY50TR1XINV,20210607,241.15,241.85,240.45,240.75,-,0
NIFTY50PR1XINV,20210607,279.15,279.95,278.30,278.70,-,0
NIFTY-GS-COMPSITE,20210607,2313.66,2316.06,2313.66,2315.80,-,0
NIFTY-GS-4-8YR,20210607,2426.00,2429.14,2426.00,2428.60,-,0
NIFTY-GS-8-13YR,20210607,2269.23,2270.30,2269.10,2270.22,-,0
NIFTY-GS-10YR,20210607,2059.80,2061.49,2059.46,2060.08,-,0
NIFTY-GS-10YR-CLN,20210607,956.09,956.87,955.93,956.22,-,0
NIFTY-GS-11-15YR,20210607,2424.78,2428.43,2424.78,2428.13,-,0
NIFTY-GS-15YRPLUS,20210607,2629.33,2632.45,2629.33,2631.14,-,0
VIX,20210607,15.94,15.94,14.74,15.57,0,0
