20MICRONS,20211109,60.5,63.8,59.5,61.65,251338
21STCENMGM,20211109,61.05,61.05,61.05,61.05,29018
3IINFOLTD,20211109,57.85,57.85,57.85,57.85,112962
3MINDIA,20211109,27500,27662,27172.2,27218,6114
3PLAND,20211109,13.25,13.25,12.55,13,6789
5PAISA,20211109,438.6,444.45,437.6,439.45,13173
63MOONS,20211109,97.3,100.85,97.3,99,50699
A2ZINFRA,20211109,5.7,6.05,5.65,6.05,2965601
AAKASH,20211109,210.05,215,206.5,209.55,25062
AAREYDRUGS,20211109,39.25,39.25,36.35,36.85,75707
AARON,20211109,107.3,108.8,103.4,104.55,5367
AARTIDRUGS,20211109,565.25,570.35,561,561.95,164230
AARTIIND,20211109,953.05,966.65,951.2,953.85,398206
AARTISURF,20211109,1267,1318.3,1235.2,1240,15483
AARVEEDEN,20211109,27,27,26.3,26.55,21342
AARVI,20211109,55.05,56.5,55.05,56.25,10441
AAVAS,20211109,2794.7,2794.7,2777.1,2782.1,15764
ABAN,20211109,55.75,57.8,55,57.45,85495
ABB,20211109,2094.95,2208.4,2084.45,2185.05,595914
ABBOTINDIA,20211109,19994,20250,19960.05,20071.7,7363
ABCAPITAL,20211109,107.95,113.2,107,112.75,9700179
ABFRL,20211109,290.15,306.9,289.3,305.75,9739451
ABMINTLLTD,20211109,107.3,111.85,105.05,106.75,1978
ABSLAMC,20211109,632.45,638,630.55,631.15,302366
ABSLBANETF,20211109,392.98,392.98,390.8,391.55,641
ABSLNN50ET,20211109,457.7,457.7,444.2,445.59,1035
ACC,20211109,2523,2552.5,2502.05,2538.3,531520
ACCELYA,20211109,1200,1213,1189.95,1194.55,18015
ACCURACY,20211109,182.7,184.35,178.5,180.6,31820
ACE,20211109,258.15,268.4,255.1,262.45,1257705
ACRYSIL,20211109,777.7,810.4,774.25,810.4,127480
ADANIENT,20211109,1555,1659,1554.95,1635.45,4713708
ADANIGREEN,20211109,1215,1235,1203.05,1230.8,2220381
ADANIPORTS,20211109,731,744.5,727.8,737.35,3456614
ADANIPOWER,20211109,104.4,109.7,104.15,109.7,8696567
ADANITRANS,20211109,1816,1888,1809,1859.8,65202
ADFFOODS,20211109,854.2,880,853.75,858.85,14866
ADL,20211109,52.2,52.7,48.05,51.95,4010
ADORWELD,20211109,709,745,703.3,738.1,23969
ADROITINFO,20211109,11.55,12.3,11.2,12.25,30065
ADSL,20211109,113.4,125.2,111.35,119.45,4806961
ADVANIHOTR,20211109,78.55,82.9,77.15,81,32465
ADVENZYMES,20211109,358.4,366,356.8,361.6,201537
AEGISCHEM,20211109,211,215.85,210.9,211.65,587818
AFFLE,20211109,1084,1120,1072.75,1101.7,247735
AGARIND,20211109,375,388.8,367.5,379.65,95224
AGCNET,20211109,969.9,994.55,950,994.55,6332
AGRITECH,20211109,71.5,71.7,68.05,69.95,4945
AGROPHOS,20211109,18.2,18.2,15.5,16.65,75611
AHLADA,20211109,166.6,171.8,165.6,166.65,12037
AHLEAST,20211109,188.8,188.85,185.05,187.6,2411
AHLUCONT,20211109,412,429,407.75,423.05,263676
AIAENG,20211109,1890,1915,1880,1906.25,178687
AIRAN,20211109,20.65,20.65,20,20.45,56412
AIROLAM,20211109,65.8,65.8,62,63.35,17171
AJANTPHARM,20211109,2166.05,2201,2135.75,2153.25,63380
AJMERA,20211109,356.2,359,341.25,350.45,12601
AJOONI,20211109,63,64.75,62.3,63.55,21610
AJRINFRA,20211109,1.35,1.4,1.35,1.4,1461128
AKASH,20211109,241.5,241.95,234.5,235.75,18794
AKG,20211109,42.05,42.75,40.35,40.9,6462
AKSHARCHEM,20211109,454.4,472.2,453.3,470.5,81173
AKSHOPTFBR,20211109,9.6,9.7,9.5,9.7,514224
AKZOINDIA,20211109,2113.1,2130,2095,2112.7,6902
ALANKIT,20211109,17.6,17.6,17.25,17.3,695602
ALBERTDAVD,20211109,617.3,626.95,612.45,614.95,16826
ALEMBICLTD,20211109,106.6,110.6,106.6,109.65,273074
ALICON,20211109,772.1,782.55,765,768.75,9172
ALKALI,20211109,97,97,92.1,93.3,29017
ALKEM,20211109,3606.3,3629.9,3570,3583.4,39055
ALKYLAMINE,20211109,3300,3369,3292,3355.85,60541
ALLCARGO,20211109,375,379,361.8,374.55,1542331
ALLSEC,20211109,550,550,527,532.65,19712
ALMONDZ,20211109,135,139.95,132.35,133.9,28991
ALOKINDS,20211109,22.85,23.1,22.75,22.9,4421801
ALPA,20211109,53,53,51.3,52.3,19853
ALPHAGEO,20211109,362.95,373.2,356.5,366.15,32506
ALPSINDUS,20211109,3.6,3.6,3.35,3.45,43599
AMARAJABAT,20211109,707.65,711.95,704.1,707.05,699660
AMBER,20211109,3525,3537.8,3455,3473.95,28987
AMBICAAGAR,20211109,18.95,19.7,18.95,19.25,6256
AMBIKCO,20211109,2242.4,2271,2175,2200.95,33849
AMBUJACEM,20211109,430.9,435,426.5,431.25,2378131
AMDIND,20211109,34.25,35.7,34.25,35,13541
AMIORG,20211109,1037.95,1068,1037.9,1047.15,131704
AMJLAND,20211109,34.9,34.95,33.5,33.9,27683
AMRUTANJAN,20211109,993.8,997.5,950,960.45,105082
ANANTRAJ,20211109,69.5,71.9,68,71.55,1120730
ANDHRACEMT,20211109,17.25,18.2,16.65,17.45,866018
ANDHRAPAP,20211109,243.1,244.7,236.55,237.05,66640
ANDHRSUGAR,20211109,677,691.3,675.05,680.55,70369
ANDREWYU,20211109,24.3,24.8,23.95,24.15,207310
ANGELBRKG,20211109,1238,1259.9,1229,1234.8,719987
ANIKINDS,20211109,22.9,22.9,21.6,21.65,21135
ANKITMETAL,20211109,5.8,5.8,5.8,5.8,27495
ANMOL,20211109,150.45,152,147.5,150.15,21781
ANSALAPI,20211109,12.4,13.4,12.2,13.4,699428
ANSALHSG,20211109,6.55,7.05,6.4,6.75,927830
ANTGRAPHIC,20211109,0.65,0.7,0.65,0.7,382621
ANUP,20211109,1103,1118.4,1055,1065.85,37839
ANURAS,20211109,821,833.4,820.25,825.95,89949
APARINDS,20211109,679.8,699,669.75,690.75,68108
APCL,20211109,416,418,412,414.7,65504
APCOTEXIND,20211109,404,409.9,400,402,144046
APEX,20211109,297.35,299.7,293.15,294.95,180470
APLAPOLLO,20211109,892.5,895,874.95,883.7,532360
APLLTD,20211109,786.3,798,776.1,780.35,159921
APOLLO,20211109,123.75,124.9,122.05,124.1,135419
APOLLOHOSP,20211109,4454,4555.55,4420,4532.9,547476
APOLLOPIPE,20211109,1825,1825,1751.1,1766.9,20337
APOLLOTYRE,20211109,229.2,232.5,228.15,231.3,2900718
APOLSINHOT,20211109,840,854.95,811.15,822.7,1488
APTECHT,20211109,372.5,406.8,370,397.5,1289236
APTUS,20211109,355,364.4,351.1,358.4,604489
ARCHIDPLY,20211109,37.5,38,36.75,37,29515
ARCHIES,20211109,17.15,17.5,16.65,17.15,52284
ARENTERP,20211109,30.6,30.7,26.85,28.05,21444
ARIES,20211109,163,163,154.5,155.95,194494
ARIHANT,20211109,45.3,50,45.3,50,40144
ARIHANTCAP,20211109,163.7,164,159.5,160.25,30654
ARIHANTSUP,20211109,181,181,176.5,177.05,139207
ARMANFIN,20211109,1017,1025,995.05,1010.55,19422
AROGRANITE,20211109,71,71,69,69.35,36528
ARROWGREEN,20211109,108,114.05,108,111.35,10609
ARSHIYA,20211109,30.55,31.7,30.3,31,112518
ARSSINFRA,20211109,28.65,28.65,27.4,27.95,15010
ARTEMISMED,20211109,34.05,35.75,33.85,35.75,181353
ARTNIRMAN,20211109,61.05,61.05,56.6,61.05,13482
ARVEE,20211109,71.5,76,70.3,75.65,306
ARVIND,20211109,139.65,144.25,139,139.95,3170037
ARVINDFASN,20211109,335,344.9,300,342.3,652712
ARVSMART,20211109,227,233,218.05,220.05,81516
ASAHIINDIA,20211109,454.65,454.65,428,430.65,120487
ASAHISONG,20211109,322.75,322.8,313.5,315.75,11029
ASAL,20211109,120.4,120.4,120.4,120.4,18474
ASALCBR,20211109,588.7,602,584.95,593.3,138682
ASHAPURMIN,20211109,108,118.6,107.7,118.1,202087
ASHIANA,20211109,192.25,194.9,189.2,190.25,107632
ASHIMASYN,20211109,17.95,19.3,17.05,18.8,85864
ASHOKA,20211109,108.35,112.5,107.9,110.55,1107324
ASHOKLEY,20211109,146.45,152.7,146.2,149.85,31041778
ASIANHOTNR,20211109,84.55,86.3,84,84.3,5105
ASIANPAINT,20211109,3140,3155,3120,3145.15,668840
ASIANTILES,20211109,136.7,140.4,136,138.8,474098
ASPINWALL,20211109,180.9,181,173.55,174.65,20270
ASTEC,20211109,1339,1378,1331.1,1369.55,27138
ASTERDM,20211109,193,196.9,192,194.5,231947
ASTRAL,20211109,2266,2308.95,2253,2299.15,324400
ASTRAMICRO,20211109,267.4,274.9,264.9,273,1405634
ASTRAZEN,20211109,3028.5,3043.1,3023.5,3028.85,9089
ASTRON,20211109,52.05,55.35,51.75,53.6,60021
ATFL,20211109,996.8,1007.65,989,991.55,4688
ATGL,20211109,1515,1576.65,1506.75,1575.1,257697
ATLANTA,20211109,19.7,19.7,19.55,19.7,36854
ATUL,20211109,8838,8960,8815.4,8831.35,20776
ATULAUTO,20211109,245,249.05,242.1,242.65,218259
AUBANK,20211109,1250,1253,1231.8,1239.5,541332
AURIONPRO,20211109,240,244,231.7,234.25,64137
AUROPHARMA,20211109,686,713.5,673.75,677,10508221
AURUM,20211109,95,95.9,93.55,94.15,182728
AUSOMENT,20211109,65.95,66.3,61.6,62.35,3612
AUTOAXLES,20211109,1421,1440,1380.25,1424.6,29179
AUTOIND,20211109,67.9,69.45,67,69.45,123015
AVADHSUGAR,20211109,445,458,443.95,449.65,97468
AVANTIFEED,20211109,567.7,580,563.15,573.9,175264
AVTNPL,20211109,85,85.4,78.75,81.65,255980
AWHCL,20211109,312.3,315.4,308.65,311.25,128792
AXISBANK,20211109,750,753.95,743.35,745.05,12120207
AXISBNKETF,20211109,395.54,397.46,393.3,395.1,225
AXISBPSETF,20211109,10.69,10.69,10.37,10.38,36029
AXISCADES,20211109,93.85,93.85,87.5,90.9,433082
AXISCETF,20211109,70.5,72.11,69.45,71.06,3060
AXISGOLD,20211109,41.9,41.9,41.45,41.57,74815
AXISHCETF,20211109,86.05,87.8,85.25,86.53,2088
AXISNIFTY,20211109,193,193,189.02,190.06,4519
AXISTECETF,20211109,359.95,364,355.05,360.21,1772
AYMSYNTEX,20211109,104.7,106,101.9,102.8,22603
BAFNAPH,20211109,132,133.3,128.9,132.45,13299
BAGFILMS,20211109,2.9,3,2.9,3,71355
BAJAJ-AUTO,20211109,3780,3845,3772,3794.45,521920
BAJAJCON,20211109,223.8,224.5,221.6,221.85,509214
BAJAJELEC,20211109,1090,1106.35,1090,1092.65,108755
BAJAJFINSV,20211109,18320,18475,18080,18172.5,198087
BAJAJHIND,20211109,13.75,14,13.75,13.9,1904010
BAJAJHLDNG,20211109,5000.1,5090,4980,5018.7,28775
BAJFINANCE,20211109,7700,7754.4,7550,7577.5,800247
BALAJITELE,20211109,64.8,65.9,64,64.65,196896
BALAMINES,20211109,3326.7,3340,3265,3270.85,77696
BALAXI,20211109,581,581,561.25,566.8,1458
BALKRISHNA,20211109,23.35,23.85,22.85,23.15,10579
BALKRISIND,20211109,2467.4,2512.7,2450.75,2496.95,299420
BALMLAWRIE,20211109,128.3,130.9,128.3,129.95,201303
BALPHARMA,20211109,99,100.9,98,98.4,22411
BALRAMCHIN,20211109,331,334.85,325.5,326.95,889514
BANARBEADS,20211109,81.4,81.4,77.15,78.7,33863
BANARISUG,20211109,2323.95,2325,2305.35,2314,1177
BANCOINDIA,20211109,198.5,200,191.7,193.25,151335
BANDHANBNK,20211109,297.1,308.5,295.55,306.9,13258081
BANG,20211109,34.5,35.8,33.5,35.55,16635
BANKA,20211109,75.6,75.6,69.75,72.75,20152
BANKBARODA,20211109,106.2,107.2,104.7,106.35,53688615
BANKBEES,20211109,399.5,399.5,394.64,396.21,171897
BANKINDIA,20211109,63.45,65.55,63.15,64.95,18959426
BANSWRAS,20211109,206.05,210.2,206.05,209.45,13231
BARBEQUE,20211109,1850,1945.95,1806.95,1913.1,437191
BASF,20211109,3175,3178.5,3123.5,3133.8,26620
BASML,20211109,69.95,72.75,68.9,72.75,343501
BATAINDIA,20211109,2132,2179.25,2125.55,2167.7,700997
BAYERCROP,20211109,4866,4969,4838.55,4921.3,25521
BBL,20211109,1690,1730,1666.25,1711.45,23094
BBTC,20211109,1104,1115.25,1101,1105.6,23923
BCG,20211109,81,83,81,83,3818468
BCLIND,20211109,235.9,236,231,234.9,32442
BCP,20211109,3.8,3.9,3.8,3.85,89352
BDL,20211109,430,436.2,427,430.1,204886
BEARDSELL,20211109,16.5,16.8,15.5,16.45,22405
BECTORFOOD,20211109,424,424,412.65,414,104719
BEDMUTHA,20211109,51.85,53.75,49.65,53.6,42926
BEL,20211109,212.45,224.2,212.45,220.8,17252200
BEML,20211109,1597.1,1677.2,1595.1,1665.6,444817
BEPL,20211109,183.6,186.4,183.05,185.6,499582
BERGEPAINT,20211109,752.9,778.05,752.05,774.95,926040
BESTAGRO,20211109,1311.1,1339.9,1251.25,1301.5,41582
BFINVEST,20211109,345,352.25,343.85,349.45,16888
BFUTILITIE,20211109,449,465.5,440.8,456,283371
BGRENERGY,20211109,63.6,66.4,63.25,64.8,168474
BHAGCHEM,20211109,848.95,848.95,775.3,807.35,1865
BHAGERIA,20211109,282.55,285,274.1,275.75,49836
BHAGYANGR,20211109,49.05,49.15,48.05,48.7,19013
BHAGYAPROP,20211109,32.15,32.9,31.7,32.1,65398
BHANDARI,20211109,3.75,3.85,3.7,3.8,388697
BHARATFORG,20211109,814.65,837.25,814.65,834.05,2985897
BHARATGEAR,20211109,165.9,165.9,162,162.75,31824
BHARATRAS,20211109,10274.5,10330,10190.05,10266.75,1652
BHARATWIRE,20211109,56.05,59.15,56.05,59.15,28546
BHARTIARTL,20211109,711.7,716.45,705.15,713.2,5278131
BHEL,20211109,73,74.5,71.6,72.1,60335360
BIGBLOC,20211109,164,167.95,162.95,164.5,45798
BIL,20211109,200.7,201.85,197,199.2,5083
BINDALAGRO,20211109,22.5,23.85,22.5,22.85,259619
BIOCON,20211109,349.4,352.4,345.8,347,1079524
BIOFILCHEM,20211109,62.9,62.9,61.55,62.15,12046
BIRLACABLE,20211109,85.2,88,85.2,87.15,30920
BIRLACORPN,20211109,1570,1650,1552.2,1610.4,232324
BIRLAMONEY,20211109,61.45,62.55,61.45,62,74695
BIRLATYRE,20211109,24.45,24.6,23.75,24.5,208480
BLBLIMITED,20211109,13.05,13.05,11.85,12.15,205452
BLISSGVS,20211109,105.4,105.8,104.15,105.1,158906
BLKASHYAP,20211109,28.95,28.95,27.5,27.9,554767
BLS,20211109,225.75,226.8,216.5,219.65,73724
BLUECOAST,20211109,5.65,5.65,5.65,5.65,107
BLUEDART,20211109,7000.15,7275,6990,7046.05,30237
BLUESTARCO,20211109,1037.4,1073.55,1035.05,1050.45,200730
BODALCHEM,20211109,133.95,135.7,129.3,130.95,532597
BOMDYEING,20211109,95.2,99.1,94.9,97.9,4159140
BOROLTD,20211109,297.45,304.8,294,299.8,266833
BORORENEW,20211109,480,484.8,466.85,475.25,251220
BOSCHLTD,20211109,18350,18889,18271,18762,107274
BPCL,20211109,432.7,432.75,427,430.5,2933590
BPL,20211109,76.05,82.7,75.55,82.7,455809
BRIGADE,20211109,494.85,511.8,487.2,494.1,497900
BRITANNIA,20211109,3590,3639,3535.15,3621.6,1399094
BRNL,20211109,29,29.1,28.55,28.85,19448
BROOKS,20211109,117,118.25,114.8,116.05,34914
BSE,20211109,1406.8,1419,1394,1397.35,380501
BSHSL,20211109,280,286.3,277.5,278.5,297
BSL,20211109,95.8,98.7,94,98.7,45799
BSLGOLDETF,20211109,4351.05,4380,4288.95,4379.5,513
BSLNIFTY,20211109,198.6,200.8,198.6,200.28,585
BSLSENETFG,20211109,576.02,578.39,576.02,576.02,12
BSOFT,20211109,418,443.45,412.45,434.4,5809548
BURGERKING,20211109,162,163.3,161.15,162.25,931341
BURNPUR,20211109,2.85,3,2.8,2.95,47187
BUTTERFLY,20211109,1018,1018,964.45,978.65,11365
BVCL,20211109,20.6,20.8,19.3,19.7,59843
BYKE,20211109,41.3,41.45,40.1,40.35,169164
CADILAHC,20211109,509.95,509.95,494,498.4,4841426
CALSOFT,20211109,31.7,31.9,30.55,31.05,25738
CAMLINFINE,20211109,166.6,168,163.7,164.55,228624
CAMS,20211109,3049,3049,2990,2999.9,146993
CANBK,20211109,245,247.6,241,242.8,23106634
CANFINHOME,20211109,655,658.65,647.15,652.45,353473
CANTABIL,20211109,576.6,590,560,570.3,15110
CAPACITE,20211109,178,181.1,177.05,178,107629
CAPLIPOINT,20211109,855.5,862.55,852.05,856.6,136221
CAPTRUST,20211109,98.4,98.4,96,96.7,6717
CARBORUNIV,20211109,878,889.4,843.05,858.35,305535
CAREERP,20211109,147.45,153,147.45,150,88814
CARERATING,20211109,675,676.8,669.75,670.1,130474
CARTRADE,20211109,1144,1159.45,1139.05,1140.9,90417
CASTROLIND,20211109,138.25,140.6,137.8,139.55,769851
CCCL,20211109,0.8,0.8,0.75,0.8,89835
CCHHL,20211109,7.1,7.2,6.9,6.95,42334
CCL,20211109,389.2,389.75,382.05,384.5,139066
CDSL,20211109,1446.65,1470,1432.25,1453.9,404456
CEATLTD,20211109,1268.8,1274.8,1254.45,1266.3,54408
CEBBCO,20211109,34.9,35,34.05,34.45,49281
CELEBRITY,20211109,10,10,9.75,9.85,31133
CENTENKA,20211109,440.9,440.9,432.45,434.75,26586
CENTEXT,20211109,8.5,8.55,8.35,8.45,326199
CENTRALBK,20211109,22.3,22.8,22.05,22.45,5498872
CENTRUM,20211109,40.85,42.05,40.3,40.6,450133
CENTUM,20211109,612,630.65,590,595.75,28030
CENTURYPLY,20211109,661.8,681.95,651.3,659.6,502324
CENTURYTEX,20211109,870,873.75,860.1,864.05,140624
CERA,20211109,5555,5645,5349.9,5416.2,7129
CEREBRAINT,20211109,60.35,67.25,59.55,66.55,2315439
CESC,20211109,91.9,92.65,91.15,91.3,2439640
CGCL,20211109,508.5,516.95,495.5,497.95,46103
CGPOWER,20211109,163.4,164.9,155,157,1444772
CHALET,20211109,263.9,266.85,254,258.95,655572
CHAMBLFERT,20211109,356.7,366.8,355.2,356.85,1239647
CHEMBOND,20211109,213.95,221,213.35,219.7,41240
CHEMCON,20211109,409,410.4,403.8,404.4,179774
CHEMFAB,20211109,177.05,177.05,163.95,168.75,19832
CHEMPLASTS,20211109,660,662.5,600.9,622.1,571610
CHENNPETRO,20211109,121.7,123.7,121.5,121.75,267820
CHOLAFIN,20211109,640,651.45,635,640,2148352
CHOLAHLDNG,20211109,705,708,698.6,700.1,164587
CIGNITITEC,20211109,635.1,654,629.1,645.85,223260
CINELINE,20211109,108.65,110.5,101.65,105.15,41911
CINEVISTA,20211109,15.6,15.6,14.9,15.15,18221
CIPLA,20211109,913,925,909.65,914.15,843911
CLEAN,20211109,2122,2143.1,2116,2124.1,114557
CLEDUCATE,20211109,111.85,111.85,104.5,107.8,34990
CLNINDIA,20211109,578.55,593.75,576.05,587.55,45301
CLSEL,20211109,117.55,120.5,115,116.15,133109
CMICABLES,20211109,41.5,42.4,41.5,41.75,31093
COALINDIA,20211109,172.05,172.4,169.6,170.5,5723308
COASTCORP,20211109,283,283,273.25,279.3,5970
COCHINSHIP,20211109,367.5,369,363.3,364.15,126935
COFFEEDAY,20211109,37.95,38.45,37.2,37.7,859927
COFORGE,20211109,5270,5413.95,5211.1,5381.95,377416
COLPAL,20211109,1550,1550.8,1530.3,1539.25,246212
COMPINFO,20211109,25,25.9,24.8,25.45,203853
COMPUSOFT,20211109,16.7,16.7,16,16.1,65809
CONCOR,20211109,685,710.55,685,701.45,2999385
CONFIPET,20211109,84.9,86.1,83.3,83.55,675005
CONSOFINVT,20211109,153,153,145.35,150.45,2208
CONTROLPR,20211109,333,333.95,320.9,324.3,12981
CORALFINAC,20211109,40.8,42.5,40,41,46363
CORDSCABLE,20211109,54.95,55.7,52.1,53.05,103822
COROMANDEL,20211109,779,796.4,776.15,791.05,585222
COSMOFILMS,20211109,1610,1630,1567.55,1580.5,37121
COUNCODOS,20211109,3.35,3.5,3.35,3.45,123445
CPSEETF,20211109,30.4,30.81,30.25,30.6,555630
CRAFTSMAN,20211109,2598,2625,2545,2602.15,37587
CREATIVE,20211109,377.9,377.9,361,362.05,12093
CREATIVEYE,20211109,4,4,3.8,3.8,63
CREDITACC,20211109,628.9,633.75,612.9,619.65,96018
CREST,20211109,131.5,131.5,124.55,127.2,6728
CRISIL,20211109,2960,2998.7,2931.35,2953.6,26452
CROMPTON,20211109,467.7,470.1,456.1,461.85,2473552
CSBBANK,20211109,299,302.9,296.35,298.85,112678
CTE,20211109,60.35,65,60.35,61.9,115394
CUB,20211109,172.95,173.6,168.65,170.5,1030383
CUBEXTUB,20211109,24.3,24.4,22.8,23.25,13736
CUMMINSIND,20211109,916.4,924.95,910,921.95,1040287
CUPID,20211109,229.6,233.5,229.35,230.9,34911
CYBERMEDIA,20211109,9.35,9.8,9.35,9.65,10588
CYBERTECH,20211109,159.5,163.05,158.85,160.1,75348
CYIENT,20211109,1167,1177.35,1131.25,1139.65,265191
DAAWAT,20211109,69.9,75.25,69.45,72.2,4453873
DABUR,20211109,606,609.4,600.15,603.2,876256
DALALSTCOM,20211109,1.15,1.15,1.15,1.15,4608
DALBHARAT,20211109,2093.65,2142.9,2075,2132.55,205319
DALMIASUG,20211109,403,406,399,400.2,64754
DAMODARIND,20211109,52.5,52.55,51.6,52.15,79222
DANGEE,20211109,198,200,196.05,197.7,4241
DATAMATICS,20211109,333.8,348.5,331,338.35,382658
DBCORP,20211109,101.9,104.75,101.3,103,258366
DBL,20211109,599.9,604,594.2,597.8,343455
DBREALTY,20211109,46.4,46.4,46.4,46.4,251590
DBSTOCKBRO,20211109,16.9,17.65,16.9,17.35,11400
DCAL,20211109,214,222.65,214,218.15,805978
DCBBANK,20211109,102.4,103.6,101.55,102.2,2505355
DCM,20211109,89.8,92.4,89.8,92.4,34218
DCMFINSERV,20211109,3.25,3.3,3.05,3.2,37408
DCMNVL,20211109,323.4,323.4,297.05,323.4,204943
DCMSHRIRAM,20211109,1004.75,1047.7,998.35,1041.4,55056
DCW,20211109,47,49.25,46,47.15,549491
DECCANCE,20211109,738.4,752,725.1,730.7,82695
DEEPAKFERT,20211109,409.95,409.95,402,404.05,272623
DEEPAKNTR,20211109,2303,2373.35,2288.85,2363.35,944251
DEEPENR,20211109,43.45,44.25,42.1,42.85,40946
DEEPINDS,20211109,145.1,174.3,145,165.35,1514153
DELPHIFX,20211109,600,610.95,596.45,607.2,991
DELTACORP,20211109,286,296,285,291.1,6576728
DELTAMAGNT,20211109,75.85,76,69.8,71.65,7592
DEN,20211109,44.3,45.3,43.8,44.7,2101771
DENORA,20211109,357,367,349.65,361.95,37777
DEVYANI,20211109,150.4,152,145.7,147.15,6244990
DFMFOODS,20211109,343,350,334.65,338.2,142167
DGCONTENT,20211109,16.5,17.1,16,16,136773
DHAMPURSUG,20211109,314.9,317.1,312.15,313.9,242329
DHANBANK,20211109,15.55,15.75,15.5,15.55,329043
DHANI,20211109,184.95,188.7,180.5,182.1,1743383
DHANUKA,20211109,756,778.4,750,774.55,63637
DHARSUGAR,20211109,18.65,18.8,18.35,18.5,18374
DHUNINV,20211109,636,639.95,622.25,629.6,2233
DIAMONDYD,20211109,724.6,730,715,723.4,13635
DICIND,20211109,437,449.5,437,441.4,2085
DIGISPICE,20211109,43,44,42.6,43.15,55285
DIGJAMLMTD,20211109,40.75,40.75,40.75,40.75,38
DISHTV,20211109,16.9,17,16.6,16.7,2732404
DIVISLAB,20211109,4968,5093.25,4915.45,4951.3,1441073
DIXON,20211109,5537,5724.45,5501.1,5595.25,478929
DLF,20211109,442.35,442.35,433.05,437.4,5558139
DLINKINDIA,20211109,148.9,151.95,148.2,148.75,266299
DMART,20211109,4748,4774.3,4723.7,4757.15,180363
DNAMEDIA,20211109,2.45,2.45,2.35,2.45,234258
DODLA,20211109,594.75,595,579.3,584,26440
DOLAT,20211109,93.3,93.5,91.25,92.8,262760
DOLLAR,20211109,466,470.95,462.3,466.6,98201
DONEAR,20211109,59.5,62.6,58.8,62.4,408015
DPABHUSHAN,20211109,266.3,288.25,255.05,276.35,137311
DPSCLTD,20211109,16.3,16.3,16,16.2,24723
DPWIRES,20211109,239.15,246.9,235.15,241.25,17743
DRCSYSTEMS,20211109,347,347,346.9,346.9,22
DREDGECORP,20211109,348,357.35,348,350.2,88090
DRREDDY,20211109,4790,4835,4775.3,4792.35,249887
DSSL,20211109,146.25,148,143.1,146.2,15252
DTIL,20211109,279.4,283.15,276.55,278.45,10427
DUCON,20211109,10.25,10.3,9.95,9.95,724194
DVL,20211109,284.35,294,284.35,290.85,41055
DWARKESH,20211109,75.2,75.75,74.25,74.55,713710
DYNAMATECH,20211109,2281.05,2447,2281.05,2296.55,7024
DYNPRO,20211109,639.05,654.95,639.05,647.9,18860
EASEMYTRIP,20211109,540,544.9,513.05,529.75,179441
EASTSILK,20211109,5.15,5.35,5,5.1,138872
EBANK,20211109,3999,3999.99,3920.06,3929.6,139
EBBETF0423,20211109,1152.61,1154,1152.24,1152.63,3137
EBBETF0425,20211109,1072.3,1073,1070.55,1071.2,6285
EBBETF0430,20211109,1155,1244.95,1155,1184.31,36694
EBBETF0431,20211109,1061.09,1064.48,1061.09,1063.95,15963
ECLERX,20211109,2366.6,2409,2350,2379.6,60084
EDELWEISS,20211109,82,84.45,81.8,83.25,2861012
EICHERMOT,20211109,2701.2,2743.55,2700.7,2724.25,726392
EIDPARRY,20211109,470,509.8,464,503.3,1382860
EIFFL,20211109,142,142,130.05,135.5,475
EIHAHOTELS,20211109,399.95,407.7,395.5,396.55,29569
EIHOTEL,20211109,152.2,155,150.6,152.8,1317916
EIMCOELECO,20211109,391.4,397.65,390.1,390.9,4668
EKC,20211109,127.4,129.15,125,127.95,462196
ELECON,20211109,169.45,174,168.05,169.8,232893
ELECTCAST,20211109,35.7,36.5,35.25,35.7,402475
ELECTHERM,20211109,127.7,127.7,125.75,127.05,12953
ELGIEQUIP,20211109,218,228,212.25,219.4,4044998
ELGIRUBCO,20211109,39.85,40.15,38.7,39.1,25793
EMAMILTD,20211109,557.85,578.5,555.45,569.95,824932
EMAMIPAP,20211109,153.1,156,152.85,154.65,39543
EMAMIREAL,20211109,66.8,67,65.85,66.75,50138
EMKAY,20211109,118.6,122.45,118.5,119.5,46531
EMMBI,20211109,103.5,107.2,102.25,104,53923
ENDURANCE,20211109,1884,1895,1846.65,1854.05,45272
ENERGYDEV,20211109,11.1,11.35,10.75,11.25,68936
ENGINERSIN,20211109,72.3,73.35,71.9,73,1575744
ENIL,20211109,209.5,209.5,201.1,204.05,67612
EPL,20211109,222.9,230,222.9,226.2,712915
EQUITAS,20211109,129,130.65,127,130.15,396365
EQUITASBNK,20211109,65.75,65.75,63.55,65.1,4170806
ERIS,20211109,801,808.65,787.25,793.5,63799
EROSMEDIA,20211109,20.3,20.3,19.6,19.9,164370
ESABINDIA,20211109,2535,2840,2509,2785.1,76043
ESCORTS,20211109,1515,1579.85,1515,1570.75,1753403
ESSARSHPNG,20211109,9.95,10.05,9.85,9.9,81589
ESTER,20211109,143.4,147,140.7,145.2,148827
EUROTEXIND,20211109,10.9,10.95,10.45,10.95,1361
EVEREADY,20211109,345.55,350.6,336.9,341.75,632353
EVERESTIND,20211109,439,457.7,435.05,450.1,256448
EXCEL,20211109,3.05,3.05,2.95,3,51273
EXCELINDUS,20211109,968.45,978.9,965,971.5,7333
EXIDEIND,20211109,184,184.9,182.65,184.05,1858894
EXPLEOSOL,20211109,1120,1163.4,1111.95,1152.25,22004
EXXARO,20211109,148,151,148,148.8,127630
FACT,20211109,120.75,122.5,119.3,121.05,62664
FAIRCHEMOR,20211109,1965,2046.45,1877.95,1884.85,152425
FCL,20211109,130.5,133.4,127.65,128.55,1039828
FCONSUMER,20211109,7.15,7.15,6.95,7.05,4136656
FCSSOFT,20211109,1.5,1.5,1.45,1.5,1908297
FDC,20211109,328,345,325,326.35,175755
FEDERALBNK,20211109,101.55,103.35,100.75,102.05,22350613
FEL,20211109,8.85,8.95,8.75,8.8,639909
FELDVR,20211109,11.6,11.6,11.25,11.3,33633
FIEMIND,20211109,1248,1267.9,1227.1,1241.35,42764
FILATEX,20211109,108.2,109.25,104.5,105.15,3708015
FINCABLES,20211109,499,501.95,490,492.2,55909
FINEORG,20211109,3385,3385,3340,3355.85,13203
FINPIPE,20211109,226,229.45,226,227.85,575089
FLEXITUFF,20211109,20.8,21.45,19.5,19.7,114498
FLFL,20211109,55.7,56,54.3,54.75,104373
FLUOROCHEM,20211109,1875,2040.5,1850,2019.3,235797
FMGOETZE,20211109,263,277.85,262.95,275.1,88845
FMNL,20211109,8.75,8.75,8.6,8.65,75369
FORCEMOT,20211109,1519,1585,1500,1563.75,254544
FORTIS,20211109,252.45,269.9,251.25,268.1,3677143
FOSECOIND,20211109,1472.1,1481,1458.1,1465.7,1678
FRETAIL,20211109,49.3,50.25,49.1,49.3,1277938
FSC,20211109,72.95,73,71.35,71.65,46563
FSL,20211109,201.9,203.5,198.15,198.75,2450751
GABRIEL,20211109,155,156.5,153.7,154.75,302381
GAEL,20211109,169.9,172.35,168.85,171,267021
GAIL,20211109,152,152.7,150.2,150.65,10971902
GAL,20211109,2.3,2.3,2.25,2.25,239317
GALAXYSURF,20211109,3056.15,3078,3034.6,3071,23769
GALLANTT,20211109,74.8,76,73.55,74.6,22531
GALLISPAT,20211109,52.7,53.5,52.05,53,30205
GANDHITUBE,20211109,431,434.95,425.05,428.9,3193
GANECOS,20211109,509.4,510.8,501.95,506.8,26607
GANESHBE,20211109,87.3,88.9,85.55,87.9,39778
GANESHHOUC,20211109,223,223,210.25,213.45,36095
GANGAFORGE,20211109,17.25,17.6,16.3,17,1073807
GANGESSECU,20211109,88.05,89,86.15,86.35,1927
GARFIBRES,20211109,3750,3777.55,3633,3659.5,13007
GATI,20211109,170.65,179,164.15,176.6,3506814
GAYAHWS,20211109,0.75,0.85,0.75,0.85,6104
GAYAPROJ,20211109,42.25,42.75,41.05,41.85,633672
GDL,20211109,295.3,302.95,295.3,299.1,93697
GEECEE,20211109,162.4,162.7,157.5,160.5,15874
GEEKAYWIRE,20211109,95.05,95.3,92.1,93.55,4975
GENCON,20211109,40,41.2,39.8,40.1,17327
GENESYS,20211109,293.8,293.8,271.7,271.9,113182
GENUSPAPER,20211109,10.7,11.05,10.7,10.95,296157
GENUSPOWER,20211109,64,65.65,63.6,63.95,619774
GEOJITFSL,20211109,81,82.5,80.9,81.5,205717
GEPIL,20211109,291.2,295.9,284.2,284.95,183744
GESHIP,20211109,349,352.1,345.8,346.5,114817
GET&D,20211109,133.2,134.4,131.75,133.15,115045
GFLLIMITED,20211109,82.5,84.4,81.15,82.45,142131
GFSTEELS,20211109,2.85,2.85,2.75,2.75,136
GHCL,20211109,423.05,435.55,423,424.9,104128
GICHSGFIN,20211109,166,166.6,164.1,164.35,92983
GICRE,20211109,140.9,141.15,139.4,139.8,269904
GILLANDERS,20211109,52,52,48.2,50.25,5503
GILLETTE,20211109,5799,5799,5632.05,5712.5,3854
GINNIFILA,20211109,38.7,38.7,36.35,37.8,210920
GIPCL,20211109,89,89.75,88.8,89.3,250791
GKWLIMITED,20211109,630,647.65,630,638.55,489
GLAND,20211109,3719.9,3719.9,3591.05,3624.25,194358
GLAXO,20211109,1675.2,1685.35,1600.25,1609.85,106003
GLENMARK,20211109,524,532.25,521.6,524.55,712315
GLFL,20211109,3.05,3.05,2.85,2.85,235
GLOBAL,20211109,46.9,46.9,40.7,43.85,6775
GLOBALVECT,20211109,54.4,54.95,53.8,54.45,4906
GLOBE,20211109,14.3,14.3,13.8,13.9,288108
GLOBUSSPR,20211109,1210,1267.75,1147.5,1225.2,178945
GLS,20211109,637.7,639.55,634.25,637.1,58669
GMBREW,20211109,764.8,773.9,759.05,769.65,62190
GMDCLTD,20211109,73.4,73.75,72.3,72.65,391548
GMMPFAUDLR,20211109,4790,4920,4769.35,4824,38016
GMRINFRA,20211109,42.25,42.65,41.95,42.25,7742826
GNA,20211109,786.1,799,757.1,770.6,110523
GNFC,20211109,462,469,460.55,464.35,527506
GOACARBON,20211109,371.5,382.65,370.95,375.05,25982
GOCLCORP,20211109,372.65,378.4,359.95,361.85,50714
GODFRYPHLP,20211109,1272.5,1339,1272.5,1297.6,66050
GODHA,20211109,58.5,58.5,57.9,58.5,1078
GODREJAGRO,20211109,628,635,620.1,631.2,138747
GODREJCP,20211109,973.1,975,950,960.3,639253
GODREJIND,20211109,604.45,648.1,602.5,643.5,2045904
GODREJPROP,20211109,2451,2484,2410,2420.95,1347552
GOKEX,20211109,261.85,261.85,248,250.25,988757
GOKUL,20211109,35.25,41.3,33.55,41.25,2696900
GOKULAGRO,20211109,69.45,69.45,62.85,69.45,1672808
GOLDBEES,20211109,41.96,41.96,41.42,41.67,3392048
GOLDENTOBC,20211109,135.9,135.9,133,134.45,11053
GOLDIAM,20211109,965.95,979.5,945,951.25,127219
GOLDSHARE,20211109,41.7,41.95,41.7,41.9,104281
GOLDTECH,20211109,38.25,41.25,38.25,41.25,66361
GOODLUCK,20211109,298.2,301.25,293,293.75,60598
GOODYEAR,20211109,1027,1036.75,1007.15,1013.55,24760
GPIL,20211109,340,342,326.35,328.5,173745
GPPL,20211109,115.9,116,113.7,114.4,229233
GPTINFRA,20211109,85.05,87,84.9,85.2,18068
GRANULES,20211109,319.25,324.2,318.6,320.6,730945
GRAPHITE,20211109,513.2,524.85,511.85,520.1,643178
GRASIM,20211109,1851,1879.9,1848.55,1863.85,1045350
GRAUWEIL,20211109,62,66,62,65.5,450508
GRAVITA,20211109,227.85,229.8,222.25,226.35,405497
GREAVESCOT,20211109,133.9,143.95,133.7,140.2,4342053
GREENLAM,20211109,1410,1425,1387.55,1399.55,2694
GREENPANEL,20211109,414.7,422,402.9,406.95,277939
GREENPLY,20211109,238,249.5,228.5,240.3,2934048
GREENPOWER,20211109,5.05,5.15,4.75,5.1,3706317
GRINDWELL,20211109,1707.8,1759.1,1687.95,1695.25,332912
GRINFRA,20211109,1981,2044,1976,2022.2,47488
GROBTEA,20211109,1060,1123.35,1034.5,1113.05,2298
GRPLTD,20211109,975.1,993,960.1,963.95,817
GRSE,20211109,264.9,265.95,255,258.25,705013
GSCLCEMENT,20211109,47.45,48.9,47,48.25,176952
GSFC,20211109,135.95,137.95,132.8,133.8,1930692
GSPL,20211109,324.9,324.9,316.8,317.3,1390973
GSS,20211109,86.05,89,86.05,86.7,50095
GTL,20211109,14.5,15,14.25,15,248634
GTLINFRA,20211109,1.6,1.6,1.5,1.5,27252840
GTNTEX,20211109,9.45,9.45,9.45,9.45,3092
GTPL,20211109,271.85,275.9,269,273.75,36346
GUFICBIO,20211109,187,197.7,184,195.5,350683
GUJALKALI,20211109,754.9,762,734.6,737,358348
GUJAPOLLO,20211109,224.75,224.75,220.1,220.8,4466
GUJGASLTD,20211109,628.25,654,627,645.25,2273782
GUJRAFFIA,20211109,35.15,35.65,35,35,2887
GULFOILLUB,20211109,600,615,593.95,609.35,128590
GULFPETRO,20211109,50.5,51.6,49.85,50.55,53369
GULPOLY,20211109,272,285,266.5,275.25,78309
HAL,20211109,1354.8,1391,1352.05,1369,787936
HAPPSTMNDS,20211109,1340,1370,1300,1341.5,129786
HARRMALAYA,20211109,174.8,174.8,171.9,172.35,36947
HATHWAY,20211109,21.1,21.7,20.85,21.05,7328380
HATSUN,20211109,1372.9,1383,1353,1364.4,15633
HAVELLS,20211109,1326.3,1339,1312.05,1326.9,613322
HAVISHA,20211109,1.25,1.25,1.2,1.25,65727
HBANKETF,20211109,394.83,396.49,391.93,392.93,1000
HBLPOWER,20211109,53.6,54.6,53.1,53.4,683511
HBSL,20211109,41.5,41.5,39,39.65,13114
HCC,20211109,9.6,10,9.45,9.8,3803682
HCG,20211109,270,273.4,260,261.85,190209
HCL-INSYS,20211109,13.85,13.85,13.5,13.6,594505
HCLTECH,20211109,1188,1191,1170.45,1172.8,3565461
HDFC,20211109,2955.05,2966.95,2916.1,2941.6,2947787
HDFCAMC,20211109,2670,2681.5,2647.35,2672.9,287046
HDFCBANK,20211109,1594.6,1594.6,1569.05,1572.25,6347738
HDFCLIFE,20211109,709.7,709.95,698.8,706.45,2647708
HDFCMFGETF,20211109,42.69,42.79,42.53,42.7,490429
HDFCNIFETF,20211109,193.9,193.9,192.26,192.94,19383
HDFCSENETF,20211109,655.99,655.99,646,649.12,2945
HEALTHY,20211109,8.53,8.84,8.53,8.69,21060
HEG,20211109,2020,2090,2000.3,2049.55,135111
HEIDELBERG,20211109,254.8,255.3,251.9,253.45,126395
HEMIPROP,20211109,145,155.7,144.15,152.25,4777739
HERANBA,20211109,739,749.95,730,732.85,149616
HERCULES,20211109,143.2,146.95,141.7,145.3,63817
HERITGFOOD,20211109,520,522.6,510,512.85,160330
HEROMOTOCO,20211109,2694.95,2750,2683.6,2714.35,723569
HESTERBIO,20211109,2491.55,2500,2440,2471.65,6563
HEXATRADEX,20211109,139.15,149.85,139.15,141.8,21152
HFCL,20211109,75.15,79.7,75.15,76.2,5411903
HGINFRA,20211109,765,765,728.35,734.6,499975
HGS,20211109,2807,2875,2807,2850.9,19518
HIKAL,20211109,524.85,527.35,518.1,519.85,116619
HIL,20211109,4600,4600,4483.4,4504.85,9456
HILTON,20211109,14.8,14.8,14.8,14.8,44155
HIMATSEIDE,20211109,259.95,269.65,258,262.85,115713
HINDALCO,20211109,470.7,476.2,462.3,464.6,8628327
HINDCOMPOS,20211109,322.05,329.8,321,323.05,3435
HINDCON,20211109,71.9,71.9,66.8,68.35,20779
HINDCOPPER,20211109,131.5,134.45,130.45,133.1,4013443
HINDMOTORS,20211109,13.35,13.45,12.6,12.85,589595
HINDNATGLS,20211109,31.1,31.4,29.35,30.4,41580
HINDOILEXP,20211109,202.4,204.95,200,202.4,406372
HINDPETRO,20211109,347.2,348.7,341.85,344.55,3978587
HINDUNILVR,20211109,2439.8,2446.2,2416.45,2431.15,1696949
HINDZINC,20211109,322.3,322.75,315.25,317,711829
HIRECT,20211109,193,196.25,191,191.95,12843
HISARMETAL,20211109,125.1,125.1,122.15,123.1,3870
HITECH,20211109,628.8,644.4,623,631.95,91069
HITECHCORP,20211109,218,220,216,219.7,3032
HITECHGEAR,20211109,245,248,244.05,247.1,3051
HLEGLAS,20211109,6868.2,7080,6801.45,6951.85,11615
HLVLTD,20211109,11.3,11.3,10.7,11.25,159508
HMVL,20211109,76.15,78.6,76,77.1,115235
HNDFDS,20211109,1930,1930,1885.85,1901.3,2366
HNGSNGBEES,20211109,321.99,323.1,315.31,321.48,2766
HOMEFIRST,20211109,733.7,737.8,725.15,725.4,37796
HONAUT,20211109,43035.3,43123,42615,42880.15,1908
HONDAPOWER,20211109,1360,1380,1340.1,1355.7,8860
HOTELRUGBY,20211109,3.8,3.8,3.7,3.7,2693
HOVS,20211109,53.8,54.25,52.55,54.05,6856
HPL,20211109,68.05,71,68,69.6,314205
HSCL,20211109,52.25,53,51.65,52.25,5443965
HSIL,20211109,248.6,251.9,246,249.65,159852
HTMEDIA,20211109,26.6,27.25,26.6,27,243769
HUBTOWN,20211109,38.8,39.8,38,38.2,128060
HUDCO,20211109,43.5,45.15,43.5,44.65,2866791
HUHTAMAKI,20211109,250,252,246.85,249.1,33531
IBMFNIFTY,20211109,184.81,190,184.01,188.88,1120
IBREALEST,20211109,190.45,195.9,187.7,191.05,20040324
IBULHSGFIN,20211109,234,248.45,233.35,243.65,22506548
ICDSLTD,20211109,55,55,50.1,52.4,6939
ICEMAKE,20211109,69.8,70.4,67,69.6,15138
ICICI500,20211109,25.61,25.9,25.5,25.74,42247
ICICIALPLV,20211109,179.49,179.5,177.4,178.71,5659
ICICIB22,20211109,45,47.2,43.6,46.91,225362
ICICIBANK,20211109,784,788.6,779.2,786.55,10084357
ICICIBANKN,20211109,405.7,405.7,384,392.22,8241
ICICIBANKP,20211109,202.88,202.88,198.52,198.79,24670
ICICICONSU,20211109,72.15,75.28,72.15,72.15,1463
ICICIFMCG,20211109,391,391.9,390.4,391.79,2292
ICICIGI,20211109,1511,1520,1505.05,1508.9,332602
ICICIGOLD,20211109,43.08,43.08,42.33,42.67,117219
ICICILIQ,20211109,1000,1000,998.74,999.99,19858
ICICILOVOL,20211109,152,152,139.75,143.55,33317
ICICIM150,20211109,120,121.84,119.19,121.67,10224
ICICIMCAP,20211109,115,115,107.45,109.77,15626
ICICINF100,20211109,199.59,199.59,197.52,198.09,2980
ICICINIFTY,20211109,194.95,194.95,193,193.85,66065
ICICINV20,20211109,96.99,96.99,95.51,96.41,18292
ICICINXT50,20211109,45.67,45.67,40.25,44.61,58929
ICICIPHARM,20211109,87.48,87.48,86.2,86.74,8488
ICICIPRULI,20211109,660.7,660.7,646.85,651.3,654373
ICICISENSX,20211109,661.99,669.98,655.2,657.3,1150
ICICITECH,20211109,368.98,369.72,362.73,366.09,10702
ICIL,20211109,254.5,258.8,251,252.7,330512
ICRA,20211109,3520.85,3548.95,3508.1,3525.35,748
IDBI,20211109,53.35,55.2,53.1,54,12934482
IDBIGOLD,20211109,4410.05,4426.9,4392.45,4422.15,247
IDEA,20211109,9.8,10.6,9.75,10.4,308063929
IDFC,20211109,57.55,59.8,57,58.95,10418802
IDFCFIRSTB,20211109,51.5,52.55,51.35,52.25,25791926
IDFNIFTYET,20211109,189.53,189.67,189.14,189.48,2253
IEX,20211109,780.35,794.9,772.15,782.1,8501913
IFBAGRO,20211109,683,709,683,696.2,20976
IFBIND,20211109,1232.05,1295,1232.05,1278.95,58682
IFCI,20211109,12.25,12.45,12.2,12.3,1781862
IFGLEXPOR,20211109,312.35,315.1,305.5,309.9,15938
IGARASHI,20211109,549,566,546.9,554.65,143974
IGL,20211109,494.75,496.65,486.3,494,2446127
IGPL,20211109,810,851.35,810,847.6,165537
IIFL,20211109,350,358.8,335.55,351.05,1012233
IIFLSEC,20211109,99.9,101,99.15,99.8,311659
IIFLWAM,20211109,1635,1635,1580.1,1588.6,11129
IITL,20211109,64,64.95,64,64.7,166
IMAGICAA,20211109,12.95,12.95,12.45,12.95,183129
IMFA,20211109,772.2,790,770,776.55,15513
IMPAL,20211109,784.5,788.85,761.25,781.55,2166
INCREDIBLE,20211109,25.45,25.75,24.1,25.7,6023
INDBANK,20211109,23.55,23.85,23.05,23.3,69847
INDHOTEL,20211109,214,224.9,214,219.85,11701669
INDIACEM,20211109,216.95,226.6,215,223.1,5753281
INDIAGLYCO,20211109,935,1017.8,926,1002.7,801064
INDIAMART,20211109,7180,7298.8,7100,7212.6,274823
INDIANB,20211109,177.45,184.6,176.35,179.05,6804347
INDIANCARD,20211109,183,183.7,176.8,179.5,3403
INDIANHUME,20211109,196.4,196.4,192.55,193.25,38759
INDIGO,20211109,2169,2202.5,2143.55,2155.2,734072
INDIGOPNTS,20211109,2357,2375.05,2340.05,2346.6,18903
INDLMETER,20211109,12.4,12.55,11.7,12.4,28111
INDNIPPON,20211109,422.95,422.95,411.55,414.45,18084
INDOCO,20211109,451,453.9,445,447.4,123357
INDORAMA,20211109,50.5,51.4,50.25,50.9,54611
INDOSTAR,20211109,268.05,274.45,268.05,271.95,27603
INDOTECH,20211109,166,171,163,167.45,15765
INDOTHAI,20211109,109.5,113.5,107.65,109.85,92860
INDOWIND,20211109,11.1,11.3,10.8,11.3,423633
INDRAMEDCO,20211109,75.15,76.95,75.15,76.6,171728
INDSWFTLAB,20211109,74.2,74.45,70.05,73.35,223930
INDSWFTLTD,20211109,13.25,13.3,12.95,13.3,64152
INDTERRAIN,20211109,48.75,55,48.15,52.15,2125737
INDUSINDBK,20211109,1081,1084.9,1062.5,1068.25,7752739
INDUSTOWER,20211109,292,295.6,286.3,290.75,2779461
INEOSSTYRO,20211109,1489.9,1525,1470.05,1501.5,17688
INFIBEAM,20211109,45.6,45.9,45,45.2,2505518
INFOBEAN,20211109,498,498,461.8,466.7,44261
INFOMEDIA,20211109,6,6,5.65,5.65,14670
INFRABEES,20211109,496.6,561.68,496.6,545.97,6158
INFY,20211109,1734.75,1750,1726,1742.5,4016134
INGERRAND,20211109,1179,1197,1146.1,1159.6,18381
INOXLEISUR,20211109,465.2,465.2,438.85,442.2,1112806
INOXWIND,20211109,139.9,141.9,134.25,135.55,660778
INSECTICID,20211109,657.4,665,646.6,648.85,30030
INSPIRISYS,20211109,54.5,55.5,50.9,51.75,133144
INTELLECT,20211109,697.4,703.65,685,698.8,247231
INTENTECH,20211109,69,70.9,67.6,68.15,48406
INTLCONV,20211109,66,66.45,63.25,65,98244
INVENTURE,20211109,2.5,2.55,2.45,2.5,2329792
IOB,20211109,21.5,21.8,21.2,21.55,6118434
IOC,20211109,141.45,141.5,138.95,139.7,12921755
IOLCP,20211109,550.15,558.8,550.1,553.2,198738
IPCALAB,20211109,2125,2196.95,2125,2182.25,260465
IPL,20211109,330.8,334.7,327.75,332.1,170690
IRB,20211109,232,234.55,227.8,230.9,1246515
IRCON,20211109,48.6,50.75,48.3,49.65,9157557
IRCTC,20211109,835,858,834,856,9656004
IRFC,20211109,25.7,26,25.35,25.85,27949534
IRIS,20211109,161.8,165.5,152,158.3,148381
IRISDOREME,20211109,223.55,232.6,223.55,229.7,3399
ISEC,20211109,789,793.75,773.4,779.15,193915
ISFT,20211109,160.9,169.4,157.3,163.65,225733
ISGEC,20211109,692,709.85,691.15,693.25,42954
ISMTLTD,20211109,30.6,31.15,30.3,31.15,203312
ITC,20211109,229.85,230.9,227.85,228.75,11520817
ITDC,20211109,379,384,376.25,378.35,44996
ITDCEM,20211109,79.4,79.65,78.5,78.95,1185264
ITI,20211109,122.5,123.35,121.55,121.85,171663
IVC,20211109,6.4,6.6,6.15,6.4,518090
IVP,20211109,118.3,130.1,118.3,129.75,65785
IVZINGOLD,20211109,4265.05,4329,4265,4317.05,95
IVZINNIFTY,20211109,1961,1961,1961,1961,20
IWEL,20211109,939.95,939.95,852.7,870,1377
IZMO,20211109,91.7,93.5,90,90.95,27485
J&KBANK,20211109,47.7,47.95,46.35,47.15,7003981
JAGRAN,20211109,65.9,69,65.4,68.3,401833
JAGSNPHARM,20211109,173.3,173.75,166.1,167,175018
JAIBALAJI,20211109,57.2,62.3,57.2,58,354324
JAICORPLTD,20211109,126.25,127.8,126.1,127.05,589507
JAIPURKURT,20211109,54.1,54.2,52,53.1,5879
JAMNAAUTO,20211109,100.4,110.9,100.4,108.25,8948389
JASH,20211109,491.85,496.8,485,487.05,12019
JAYAGROGN,20211109,234.3,242,232,239.25,39306
JAYBARMARU,20211109,191.5,195.95,190,191.55,51829
JAYNECOIND,20211109,28.6,28.85,28.35,28.5,98906
JAYSREETEA,20211109,105.5,107.6,105.5,106.75,57345
JBCHEPHARM,20211109,1684,1685.3,1657.9,1672.55,49548
JBFIND,20211109,24.1,24.15,22.8,23.2,97319
JBMA,20211109,673.4,726,670.55,719.85,817115
JCHAC,20211109,2111,2148,2070.8,2113.85,7044
JHS,20211109,24.95,25.15,24.55,24.65,82697
JIKIND,20211109,0.55,0.55,0.45,0.55,99227
JINDALPHOT,20211109,272.95,281.45,270.05,281.45,42732
JINDALPOLY,20211109,969.8,988,969.2,983.6,38786
JINDALSAW,20211109,112.7,113.7,112.3,112.55,735712
JINDALSTEL,20211109,424.8,431,410.3,413.3,11324467
JINDRILL,20211109,143,144.6,141.15,143.3,33742
JINDWORLD,20211109,138.4,142,136.55,138.35,289819
JISLDVREQS,20211109,26.55,26.9,26,26.45,12202
JISLJALEQS,20211109,44.45,45.3,43.9,44.6,1910753
JITFINFRA,20211109,219.75,221,208.1,208.15,69105
JKCEMENT,20211109,3750,3774.65,3631.35,3654.95,182140
JKIL,20211109,182.7,187.95,177.3,182.8,1644085
JKLAKSHMI,20211109,658,658,643.15,653,357660
JKPAPER,20211109,229,231.7,227.6,228.45,815109
JKTYRE,20211109,146.5,147.85,144.5,145.15,996572
JMA,20211109,70,76,68.9,70.55,505802
JMCPROJECT,20211109,104.5,106.55,103.1,105.6,71823
JMFINANCIL,20211109,83.75,84.9,83.5,84.65,949539
JOCIL,20211109,212.1,218,212.1,217.45,15031
JPASSOCIAT,20211109,8.8,9,8.8,8.95,2496801
JPINFRATEC,20211109,2,2,1.95,2,972042
JPOLYINVST,20211109,231.75,238,230,238,23421
JPPOWER,20211109,4.8,4.9,4.75,4.8,17817573
JSL,20211109,196.4,196.4,190.2,191.35,1211525
JSLHISAR,20211109,341,343.65,333.05,337.35,201494
JSWENERGY,20211109,309,331,309,318.15,2171870
JSWHL,20211109,4769,4769,4643.9,4650.7,342
JSWISPL,20211109,29.7,30.9,29.65,30.45,1366795
JSWSTEEL,20211109,686,691.35,675.15,676.65,2494969
JTEKTINDIA,20211109,101.7,103,99.85,100.15,188914
JUBLFOOD,20211109,3894,3924,3853.2,3904.1,263148
JUBLINDS,20211109,572.8,575.5,557.9,571.75,32093
JUBLINGREA,20211109,671.4,672.45,658.45,662.05,404566
JUBLPHARMA,20211109,609.95,626,606.6,618.8,130153
JUMPNET,20211109,7.35,7.45,7.25,7.35,287912
JUNIORBEES,20211109,463,463,447,459.53,61996
JUSTDIAL,20211109,779.6,788.8,773.8,776.5,305651
JYOTHYLAB,20211109,162,163.6,160.55,161.3,288884
KABRAEXTRU,20211109,249,254.95,242.2,251.55,66072
KAJARIACER,20211109,1218.8,1239.9,1217.45,1229.25,106755
KAKATCEM,20211109,233.9,248.9,233.9,247.7,69363
KALPATPOWR,20211109,422,422,416.5,420.1,188328
KALYANIFRG,20211109,195,209,195,202.55,1335
KALYANKJIL,20211109,78.3,79.8,78,78.65,1554141
KAMATHOTEL,20211109,61.7,64.5,61.6,62.5,75418
KAMDHENU,20211109,246.8,251.25,242.2,244.1,34490
KANANIIND,20211109,8.35,8.35,7.95,8.25,21800
KANORICHEM,20211109,179.35,179.35,168.5,171.9,17994
KANPRPLA,20211109,180,181.5,176.6,179.15,19339
KANSAINER,20211109,592,610,586,601.65,418571
KAPSTON,20211109,87.5,89.65,86.05,87.25,3571
KARDA,20211109,20.1,20.7,19.65,19.75,534248
KARMAENG,20211109,22.2,22.2,21.45,21.6,5090
KARURVYSYA,20211109,53.5,57.4,53.5,55.9,24849264
KAUSHALYA,20211109,2.3,2.3,2.3,2.3,6603
KAVVERITEL,20211109,6,6.55,6,6.55,29547
KAYA,20211109,493.1,522.5,493,506,25604
KCP,20211109,132.9,139.6,132.9,138.95,419748
KCPSUGIND,20211109,22,22.15,21.25,21.55,180616
KDDL,20211109,612.8,626,601.55,613.05,24000
KEC,20211109,478.8,478.8,465.2,467.5,228298
KECL,20211109,25.7,25.7,25,25.7,152520
KEERTI,20211109,18.8,18.95,18.45,18.85,7926
KEI,20211109,979.8,995,961.25,982.35,217039
KELLTONTEC,20211109,49,51.95,48.7,50.4,726552
KENNAMET,20211109,1462,1479,1362.35,1447.4,8777
KERNEX,20211109,85,92.85,85,90.05,19997
KESORAMIND,20211109,67.45,69.4,65.7,66.6,1735472
KEYFINSERV,20211109,95.2,104,93.6,102.7,48325
KHADIM,20211109,320,334.8,315.4,324.75,115328
KHAICHEM,20211109,66.5,68,66.5,67.1,52413
KHAITANLTD,20211109,34,34.35,31.8,33.85,5327
KHANDSE,20211109,17,17.5,16,17.45,4933
KICL,20211109,2020.05,2067,1975.85,2024.3,2822
KILITCH,20211109,181.15,190.2,180.5,181.4,9657
KIMS,20211109,1175,1185,1150,1175.15,35552
KINGFA,20211109,958,959,939.1,945.65,3575
KIOCL,20211109,266,271.15,265.05,268.35,41508
KIRIINDUS,20211109,493.95,523.7,493,505.85,326960
KIRLFER,20211109,236.6,239.75,234.1,237.2,84624
KIRLOSBROS,20211109,380,389.95,375,376.9,5611
KIRLOSENG,20211109,201.9,208,200,201.85,307189
KIRLOSIND,20211109,1673.75,1690,1630.5,1649.5,11129
KITEX,20211109,170.8,174.5,169.1,171.2,717926
KKCL,20211109,1208.8,1220,1200,1207.65,43478
KMSUGAR,20211109,24.95,25.1,24.5,24.8,132835
KNRCON,20211109,297.6,305.3,294.5,301.45,1360366
KOKUYOCMLN,20211109,69.65,72,68.55,71,599882
KOLTEPATIL,20211109,337.85,344.7,336.05,338.95,303832
KOPRAN,20211109,227.4,235.7,227.3,235.7,309485
KOTAKBANK,20211109,2120,2126.95,2083.3,2097.2,1777573
KOTAKBKETF,20211109,399,399.36,396.45,397.94,36137
KOTAKGOLD,20211109,41.78,42.24,41.75,42.02,1021917
KOTAKIT,20211109,36.23,36.7,36.23,36.34,13200
KOTAKNIFTY,20211109,193.9,193.9,189.61,190.26,17407
KOTAKNV20,20211109,99,99,97.07,98.27,7460
KOTAKPSUBK,20211109,296,300,294.95,298.13,41904
KOTARISUG,20211109,32.25,35.9,32.25,34.9,788473
KOTHARIPET,20211109,52.9,54.85,52.15,52.6,291852
KOTHARIPRO,20211109,96.85,101.65,96.6,101.6,13189
KOVAI,20211109,1676,1700,1654,1682.5,4903
KPIGLOBAL,20211109,185,198.85,184.1,198.85,67159
KPITTECH,20211109,356.35,383.1,348.75,373.45,3263137
KPRMILL,20211109,546.5,548,510.35,517.55,648999
KRBL,20211109,284,307,276.55,281.6,3720116
KREBSBIO,20211109,173.05,176.2,164.9,171,67629
KRIDHANINF,20211109,5.15,5.15,4.8,4.9,53172
KRISHANA,20211109,163.1,167.9,162,163.85,3188
KRITI,20211109,120.25,123.5,116.65,119.65,48998
KRSNAA,20211109,684.9,697,679.35,689.1,72886
KSB,20211109,1332.05,1353.8,1285.75,1314.3,101651
KSCL,20211109,531.35,543.6,526,538.95,205919
KSL,20211109,364,372.5,364,370.45,28808
KTKBANK,20211109,72,74.7,72,73.85,5483407
KUANTUM,20211109,84.75,86.75,84.15,85.05,122270
L&TFH,20211109,87.45,88.35,86.25,86.6,7375687
LAGNAM,20211109,55.8,55.8,52.2,53.9,12486
LALPATHLAB,20211109,3648.7,3683.1,3602.85,3645.2,67133
LAMBODHARA,20211109,87.95,89,86.2,87.15,15787
LAOPALA,20211109,349.9,365.7,347.95,356,636294
LASA,20211109,63.35,64.5,61,62.8,104338
LAURUSLABS,20211109,499.45,500,490.05,490.6,1881363
LAXMIMACH,20211109,9547,9825,9450,9676.25,21615
LCCINFOTEC,20211109,1.95,1.95,1.95,1.95,67147
LEMONTREE,20211109,56.2,57.4,55.7,56,3748094
LFIC,20211109,81.5,96.15,80.15,96.15,65443
LGBBROSLTD,20211109,554.4,560.95,538,541.75,205707
LGBFORGE,20211109,6.75,6.8,6.65,6.75,97741
LIBAS,20211109,45.95,47.8,44.8,46.9,282321
LIBERTSHOE,20211109,179.7,184.7,174.05,177.35,801929
LICHSGFIN,20211109,435.7,438.5,430.5,433.65,1517814
LICNETFGSC,20211109,23.3,23.3,22.5,22.79,34948
LICNETFN50,20211109,192.99,200.4,188.45,193.05,7238
LICNETFSEN,20211109,657,657,650.02,653.69,215
LICNFNHGP,20211109,186,186,180.42,181.19,815
LIKHITHA,20211109,378.25,382.95,374.95,375.8,42051
LINCOLN,20211109,353,356.95,335.55,349.8,88991
LINCPEN,20211109,238.55,246.5,235,239.1,10936
LINDEINDIA,20211109,2480,2670,2480,2660.55,285762
LIQUIDBEES,20211109,1002.2,1002.2,999,999.99,1880545
LIQUIDETF,20211109,999.99,1000.01,999.99,999.99,7001
LODHA,20211109,1165.8,1220,1160.65,1183.7,461226
LOKESHMACH,20211109,53.4,53.4,51.5,52.5,10653
LOTUSEYE,20211109,45,46,43.45,45.7,8207
LOVABLE,20211109,129.95,137.5,129.35,133.7,118835
LPDC,20211109,4.7,4.75,4.55,4.75,146084
LSIL,20211109,6.95,6.95,6.95,6.95,446276
LT,20211109,1933.5,1964.1,1930.3,1943.6,3550645
LTI,20211109,6849,6932.2,6758.2,6839.65,228146
LTTS,20211109,5100,5149,5066,5093.65,158462
LUMAXIND,20211109,1335.45,1352,1320.1,1338.2,2333
LUMAXTECH,20211109,132.4,134.6,130.3,132.05,180691
LUPIN,20211109,932.7,942.55,926.5,937.35,673669
LUXIND,20211109,3975,4019.8,3935,3945.7,69869
LXCHEM,20211109,405,430.25,405,423.6,2785166
LYKALABS,20211109,105,105,99.35,99.6,690244
LYPSAGEMS,20211109,5,5.05,4.8,4.9,48531
M&M,20211109,864,905.4,862.6,892.15,15376349
M&MFIN,20211109,199.75,206.35,198.9,202.5,8332449
MAANALU,20211109,125.8,131.9,125.8,129.65,13647
MACPOWER,20211109,197,199.7,194.75,198.95,8466
MADHAV,20211109,56.7,57.15,55.25,56.8,8528
MADHUCON,20211109,5.2,5.35,5.1,5.2,66863
MADRASFERT,20211109,29.4,30.2,29.15,29.85,106761
MAESGETF,20211109,30.65,30.73,30.5,30.6,4725
MAFANG,20211109,61.59,61.59,59.1,59.48,466095
MAFSETF,20211109,19.22,19.83,19,19.09,66075
MAGADSUGAR,20211109,296.9,297.4,276.35,285.85,25033
MAGNUM,20211109,7.85,7.85,7.4,7.6,34461
MAHABANK,20211109,21.5,22,21.4,21.8,5854177
MAHAPEXLTD,20211109,93.95,93.95,91.4,91.5,2390
MAHASTEEL,20211109,90.15,90.15,87.9,88.4,13940
MAHEPC,20211109,127.7,127.95,125.05,126.75,54261
MAHESHWARI,20211109,94.5,96.95,94.5,96.2,17195
MAHINDCIE,20211109,277.8,289.7,277,279.25,387252
MAHLIFE,20211109,282.5,288.5,280.35,283.4,58103
MAHLOG,20211109,700,718,696.1,705.75,143030
MAHSCOOTER,20211109,4409.95,4444.75,4400,4424.15,4220
MAHSEAMLES,20211109,519.9,526,502,503.8,282704
MAITHANALL,20211109,1101.7,1120,1090.1,1111.85,97393
MALUPAPER,20211109,35,35.25,34.35,34.75,16762
MAN50ETF,20211109,189.98,189.98,185.4,186.37,3796
MANAKALUCO,20211109,20.35,20.35,19.05,19.5,116210
MANAKCOAT,20211109,23.9,24,21.7,22,459062
MANAKSIA,20211109,68,69.4,66.9,68.2,51989
MANAKSTEEL,20211109,32.55,33.75,31.65,33.05,37474
MANALIPETC,20211109,118,121.25,116,118.7,392996
MANAPPURAM,20211109,219.95,224.2,216.45,222.3,7836730
MANGALAM,20211109,136,138.75,134.2,137.85,41832
MANGCHEFER,20211109,73,74,72.2,73.85,197979
MANGLMCEM,20211109,467.45,471.7,459,461,54642
MANGTIMBER,20211109,18.75,18.9,17.2,17.85,44402
MANINDS,20211109,105.35,107.6,105,105.3,112865
MANINFRA,20211109,139,143.8,138.25,142.6,1649373
MANORG,20211109,1125,1274.95,1125,1242.6,186552
MANUGRAPH,20211109,11.5,11.9,11.4,11.6,16991
MANXT50,20211109,502,502,434.95,437.62,1304
MARALOVER,20211109,89.4,89.4,86.3,87.45,55148
MARATHON,20211109,89.25,92.8,89.25,91.2,15932
MARICO,20211109,561.6,568.55,553.65,564.25,1498615
MARINE,20211109,33.1,33.1,31.5,31.8,879407
MARKSANS,20211109,66.65,68.1,66.2,67.35,1125037
MARUTI,20211109,7709,7764.5,7538.7,7577.55,632879
MASFIN,20211109,761,779,731,767.65,22620
MASKINVEST,20211109,34.8,37.2,34.5,35,204
MASPTOP50,20211109,30.48,30.48,30.05,30.16,97449
MASTEK,20211109,2910,2939.7,2885.05,2893,42675
MATRIMONY,20211109,990,1009.85,986.2,1005.5,7021
MAWANASUG,20211109,82.6,86,80.6,85.6,254709
MAXHEALTH,20211109,340,341.45,336.75,338.2,2845353
MAXIND,20211109,75.7,75.7,75.05,75.2,67873
MAXVIL,20211109,151.7,152.7,147,147.9,360077
MAYURUNIQ,20211109,440,449.7,437.2,446.1,27012
MAZDA,20211109,621,679.9,621,658.05,10644
MAZDOCK,20211109,306.55,315.85,302.3,311.95,1318562
MBAPL,20211109,176.2,176.2,170,170.7,7507
MBECL,20211109,7,7.05,6.8,6.9,41999
MBLINFRA,20211109,24.1,24.5,22.7,23.5,322214
MCDHOLDING,20211109,118.8,118.8,118.8,118.8,24117
MCDOWELL-N,20211109,999,1019.95,993.15,1004.5,2937600
MCL,20211109,35.5,36,34.5,35.65,26352
MCLEODRUSS,20211109,29.75,29.75,29.75,29.75,517842
MCX,20211109,1832.8,1846.1,1811.35,1838.75,237622
MEDICAMEQ,20211109,680,696.35,655.25,660.7,7441
MEGASOFT,20211109,20.8,20.8,20.25,20.8,423241
MENONBE,20211109,87.4,87.7,82.7,83.25,132995
MEP,20211109,22.8,23.3,22.8,22.9,49908
MERCATOR,20211109,1.3,1.3,1.2,1.2,2462046
METROPOLIS,20211109,3114.8,3210.05,3079.95,3182.15,198680
MFL,20211109,782,782,759.2,764.45,73229
MFSL,20211109,1005.1,1013.9,992.55,1000.75,636700
MGEL,20211109,101.95,104.75,96.9,100.8,31862
MGL,20211109,1008,1023.7,1006,1020,268224
MHRIL,20211109,243,250.55,243,244.9,392124
MIDHANI,20211109,198.5,201,197.6,198.6,318582
MINDACORP,20211109,178,178.9,172.7,174.5,626180
MINDAIND,20211109,842.5,884,835.1,849.45,1106111
MINDTECK,20211109,107,107,101.5,104.65,55920
MINDTREE,20211109,4825.7,4950,4797.8,4815.5,1325168
MIRCELECTR,20211109,23.65,23.9,22.85,23.65,997090
MIRZAINT,20211109,80,82.9,79.4,80.7,2795735
MITTAL,20211109,10.1,10.2,9.95,10.1,21832
MMFL,20211109,911,939.85,873.55,879.75,23203
MMP,20211109,157,166.35,157,163.9,46714
MMTC,20211109,43.4,44.35,43.25,43.55,1006839
MODIRUBBER,20211109,81,85,78.55,83.85,2700
MODISNME,20211109,77,83.1,73.6,76.25,464516
MOGSEC,20211109,50.61,50.61,49,49.05,4130
MOHITIND,20211109,12.5,12.5,11.65,12.1,6906
MOHOTAIND,20211109,9.25,9.4,8.85,8.9,35745
MOIL,20211109,170,174.4,170,172.6,749484
MOKSH,20211109,36.95,37,33.2,35.05,895501
MOL,20211109,101.75,101.85,96.5,97.4,1556739
MOLDTECH,20211109,77.5,77.95,74.85,76.7,16193
MOLDTKPAC,20211109,715.4,778.9,712.7,738.45,55014
MOM100,20211109,33.95,33.95,33.45,33.67,104622
MOM50,20211109,181.99,181.99,176.4,178.99,873
MON100,20211109,120.5,120.5,117.55,119.41,641653
MONTECARLO,20211109,421.4,421.5,414.15,416.15,42937
MORARJEE,20211109,19,19.25,18.4,19,11005
MOREPENLAB,20211109,51,51.6,50.6,51.2,852179
MOTHERSUMI,20211109,239.8,240.8,236.9,238.65,3636671
MOTILALOFS,20211109,925,995,925,990.05,1338787
MOTOGENFIN,20211109,23.6,23.85,23,23.4,4759
MPHASIS,20211109,3385.15,3462,3365,3373.1,625236
MPSLTD,20211109,722,729.5,718.25,725.35,14678
MRF,20211109,80295,80489.85,78001,78508.7,23116
MRO-TEK,20211109,53.05,55.45,52.05,54.2,11219
MRPL,20211109,50.5,51.25,50.3,50.45,744744
MSPL,20211109,9.1,9.25,9.05,9.15,128400
MSTCLTD,20211109,390.05,410.5,390,403.2,1161253
MTARTECH,20211109,1826.1,1888,1826.1,1869.85,272065
MTEDUCARE,20211109,8.2,8.2,8.05,8.1,43590
MTNL,20211109,18.85,19.4,18.65,18.85,1458235
MUKANDLTD,20211109,135.65,137.3,132.95,134.95,35504
MUKTAARTS,20211109,52.2,54.15,50.2,51.8,159949
MUNJALAU,20211109,57.7,60.6,57.5,59.2,272041
MUNJALSHOW,20211109,131.85,134.85,130.8,133.9,50730
MURUDCERA,20211109,25.6,25.85,25.1,25.65,56060
MUTHOOTCAP,20211109,389.25,396.9,389.25,392.8,11879
MUTHOOTFIN,20211109,1659,1672.8,1616.4,1629.05,1287977
NACLIND,20211109,73.75,74,72.8,73.15,55007
NAGAFERT,20211109,9.45,9.45,9.1,9.35,262931
NAGREEKCAP,20211109,7.85,7.85,7.85,7.85,100
NAGREEKEXP,20211109,40.05,41.1,40,41.1,67238
NAHARCAP,20211109,345.15,362.75,345.15,356.75,27139
NAHARINDUS,20211109,146.55,147.85,138.1,144.15,159402
NAHARPOLY,20211109,248.4,250.5,244.7,247.75,22960
NAHARSPING,20211109,563,575.9,540,570.6,98118
NAM-INDIA,20211109,429,436,426.05,430.05,493004
NATCOPHARM,20211109,878,881.6,871.05,873.7,84949
NATHBIOGEN,20211109,302,304,296,298.05,19757
NATIONALUM,20211109,101,103.8,100.1,102,35770531
NAUKRI,20211109,6200,6240,6110,6219.15,381714
NAVINFLUOR,20211109,3448.3,3523.6,3430,3492.4,125661
NAVKARCORP,20211109,46.85,47.65,45.9,46.8,928325
NAVNETEDUL,20211109,106.7,107.85,106.1,106.3,79249
NAZARA,20211109,2320,2344,2265.55,2319.35,48024
NBCC,20211109,46.7,47.7,46.5,47.45,4909262
NBIFIN,20211109,2519.9,2557,2455,2467.85,100
NBVENTURES,20211109,121,125,115.1,118.9,1102765
NCC,20211109,79.6,83.9,79.05,80.9,19017907
NCLIND,20211109,237.7,241.9,236,236.55,155144
NCPSESDL24,20211109,106.75,106.8,106.73,106.79,334
NDGL,20211109,1257,1258,1180,1223,221
NDL,20211109,95.4,95.4,90.35,90.75,109579
NDRAUTO,20211109,372,383.45,366,369.3,4619
NDTV,20211109,89.6,89.6,86,87.4,103101
NECCLTD,20211109,19,19.25,18.9,18.9,262028
NECLIFE,20211109,27,27.35,26.75,26.85,257810
NELCAST,20211109,82.6,83.5,81.85,82.05,85154
NELCO,20211109,799.5,799.5,799.5,799.5,14809
NEOGEN,20211109,1248,1298,1245,1281.8,68079
NESCO,20211109,619.15,639.9,618.95,624.15,45415
NESTLEIND,20211109,19016.95,19045,18801.05,18940.75,43648
NETF,20211109,189.25,189.34,185.2,187.95,1790
NETFCONSUM,20211109,78.29,78.5,77.01,78.49,8385
NETFDIVOPP,20211109,47.5,48.65,45.1,45.95,22551
NETFGILT5Y,20211109,49.12,49.18,49.12,49.13,82
NETFIT,20211109,36.65,36.85,36.33,36.65,589568
NETFLTGILT,20211109,22.63,22.81,22.5,22.71,30193
NETFMID150,20211109,124,124,119.15,121.68,3109286
NETFNIF100,20211109,190.99,192.9,188,188.19,2386
NETFNV20,20211109,96.4,99.77,96.4,98.99,10947
NETFPHARMA,20211109,14.02,14.08,13.85,13.93,129656
NETFSDL26,20211109,106.23,106.23,106.13,106.22,150804
NETWORK18,20211109,94,94.45,89.5,89.9,2348196
NEULANDLAB,20211109,1700,1700,1648.85,1655.5,20061
NEWGEN,20211109,578.8,578.8,572,575.65,32954
NEXTMEDIA,20211109,5.6,5.6,5.25,5.4,12417
NFL,20211109,56.05,56.95,56.05,56.45,299520
NGIL,20211109,101.95,102.3,97.05,100.2,3323
NH,20211109,544,552.85,540.7,549.9,305179
NHPC,20211109,32,32.85,31.9,32.6,5772115
NIACL,20211109,157.5,158.85,156.25,157.65,232828
NIBL,20211109,24.4,24.65,23.85,24.65,43599
NIFTYBEES,20211109,200,200,193,194.88,893324
NIITLTD,20211109,304.75,310.9,304.05,306.4,562084
NILAINFRA,20211109,5.9,5.9,5.55,5.8,115457
NILASPACES,20211109,1.75,1.75,1.7,1.75,321316
NILKAMAL,20211109,2386,2490,2369.3,2456.95,17786
NIPPOBATRY,20211109,483.15,484.5,475.05,478.7,8713
NIRAJ,20211109,37,39,31.8,36.7,62572
NITCO,20211109,23.25,24,23.25,23.75,25348
NITINSPIN,20211109,268.2,281.15,255,281.15,1653229
NITIRAJ,20211109,51,51,47.3,48,3593
NKIND,20211109,38.4,38.4,35.35,36,343
NLCINDIA,20211109,67.45,67.7,66.3,66.5,1815813
NMDC,20211109,146,148.5,144.8,147.8,10674592
NOCIL,20211109,267,270.35,259,261.1,890395
NOIDATOLL,20211109,7.2,7.35,6.9,7,244517
NORBTEAEXP,20211109,7.1,7.1,7.1,7.1,551
NOVARTIND,20211109,805.15,809,792.9,804.85,12103
NPBET,20211109,205.95,205.95,201.12,202.41,733
NRAIL,20211109,311.7,319,305.15,307.95,16819
NRBBEARING,20211109,136,137.8,135.95,136.85,137427
NSIL,20211109,1748.95,1748.95,1678.25,1692.55,613
NTL,20211109,2.15,2.3,2.15,2.15,147050
NTPC,20211109,140.75,141.4,138.05,138.5,9556650
NUCLEUS,20211109,578.65,595,576.3,592.8,65260
NURECA,20211109,1731,1786.9,1730,1757.05,8397
NUVOCO,20211109,554.1,556.35,539,543.05,331157
NXTDIGITAL,20211109,407,409.65,400,403,2182
OAL,20211109,804,814.9,803,808.65,7787
OBEROIRLTY,20211109,1012,1031.2,991.6,1014.05,1663582
OCCL,20211109,1044.4,1052,1025.5,1035.95,8741
OFSS,20211109,4480,4540,4425.1,4440.35,49611
OIL,20211109,223.45,229,219.35,221.75,1101940
OILCOUNTUB,20211109,9.2,9.2,8.6,8.9,10988
OLECTRA,20211109,657.95,659.85,632,650.55,319877
OMAXAUTO,20211109,43.65,44.75,43.65,44.3,8741
OMAXE,20211109,79.5,80,77.25,78.1,26524
OMINFRAL,20211109,33.5,36.8,33.1,36.05,376301
OMKARCHEM,20211109,25.2,25.2,25.2,25.2,135055
ONELIFECAP,20211109,17.95,17.95,16.6,16.8,6773
ONEPOINT,20211109,61.9,61.9,57.7,60,33759
ONGC,20211109,156.5,158.15,155,156.65,13601954
ONMOBILE,20211109,113.5,120,113.25,117.55,562494
ONWARDTEC,20211109,229.8,231.5,218,222.65,29609
OPTIEMUS,20211109,321,328,305.25,308.3,85016
ORBTEXP,20211109,78.5,80.8,78.5,79.25,12981
ORCHPHARMA,20211109,415,415,402.05,405.65,3022
ORICONENT,20211109,27.45,27.8,25.25,26.55,95561
ORIENTABRA,20211109,28.2,28.25,27.7,28.15,41554
ORIENTALTL,20211109,9.45,11.25,9.4,9.65,123765
ORIENTBELL,20211109,385,402,385,393.9,57864
ORIENTCEM,20211109,182.9,182.9,178,179.15,630312
ORIENTELEC,20211109,389.45,393,383.6,384.65,223986
ORIENTHOT,20211109,38.7,39.4,38.5,38.75,189699
ORIENTLTD,20211109,72,73.35,70.2,71.2,14208
ORIENTPPR,20211109,38,38.75,37.7,37.95,4637735
ORISSAMINE,20211109,2609.95,2689.95,2606,2658.35,9857
ORTINLAB,20211109,30.1,30.7,29.8,30.2,32508
OSWALAGRO,20211109,18.4,18.45,18.4,18.45,132021
PAGEIND,20211109,39450,40135.7,39265,39769.35,20994
PAISALO,20211109,995,1014.95,990,1009.15,90518
PALASHSECU,20211109,73.35,82,71.6,80,9549
PALREDTEC,20211109,139.2,145.9,139.2,142.15,36913
PANACEABIO,20211109,209.85,211.3,207.05,208.6,74222
PANACHE,20211109,63.8,65,61.55,63.6,6096
PANAMAPET,20211109,258.8,259.15,253.55,256.2,65515
PANSARI,20211109,89.35,89.35,89.35,89.35,150
PAR,20211109,270,270,249.7,250.2,96035
PARACABLES,20211109,11.6,11.9,11.4,11.75,197618
PARAGMILK,20211109,136,144.4,136,139.3,1164836
PARAS,20211109,754.3,813.55,742.35,813.55,3269902
PARSVNATH,20211109,16,16.4,15.75,16.2,481187
PASUPTAC,20211109,34.8,36.8,33.4,33.9,316526
PATELENG,20211109,24.75,25.1,24.35,24.45,993100
PATINT-RE1,20211109,4.3,4.3,3.45,3.45,219078
PATINTLOG,20211109,15.9,15.9,14.7,14.9,276759
PATSPINLTD,20211109,9.3,9.6,8.7,9.2,37058
PBAINFRA,20211109,10.5,10.5,9.6,10.15,20401
PCJEWELLER,20211109,27.45,27.9,27.2,27.3,1339306
PDMJEPAPER,20211109,40.15,40.95,39.95,40.1,154312
PDSMFL,20211109,1380,1440,1379.35,1417.45,9968
PEARLPOLY,20211109,15.1,15.35,14.95,15.05,22511
PEL,20211109,2770,2797.3,2744.05,2772.8,247777
PENIND,20211109,28.15,30.1,28.15,29.25,630435
PENINLAND,20211109,12.15,12.15,11.8,11.95,119493
PERSISTENT,20211109,4122,4175,4090.45,4137.35,188712
PETRONET,20211109,235,236.75,233.75,235.6,1982517
PFC,20211109,141.35,141.75,138.4,139.05,3714156
PFIZER,20211109,5250,5259,5160.05,5240.5,44031
PFOCUS,20211109,79,80.45,76.75,77.25,30387
PFS,20211109,20.45,20.45,19.9,20.05,707245
PGEL,20211109,565.65,569,545,548.35,71505
PGHH,20211109,14478.35,14478.35,14245.6,14401.95,11531
PGHL,20211109,5430,5440,5376,5403.8,3826
PGIL,20211109,301.6,301.6,294.35,295.45,12633
PHILIPCARB,20211109,221.95,229.4,219.3,228.2,2059557
PHOENIXLTD,20211109,1100,1109.6,1074,1089.5,225660
PIDILITIND,20211109,2395,2406.2,2372.75,2392.1,334935
PIIND,20211109,2750,2794.5,2746.3,2785.95,552743
PILANIINVS,20211109,1996.9,1996.9,1973.05,1986.35,14789
PILITA,20211109,6.75,6.9,6.75,6.85,335703
PIONDIST,20211109,202.05,209.4,201.75,205.65,49021
PIONEEREMB,20211109,55.2,57.35,55.2,56.25,79636
PITTIENG,20211109,197.75,197.75,188.45,193.25,445963
PKTEA,20211109,305,309.75,298.1,306.55,562
PLASTIBLEN,20211109,245,254.6,245,251.1,18559
PNB,20211109,42.6,43.25,42.5,42.9,55276093
PNBGILTS,20211109,67.95,68.65,67,68,167014
PNBHOUSING,20211109,480,480,465,472.2,185257
PNC,20211109,46.2,48.95,45.65,46.2,93162
PNCINFRA,20211109,338.5,344.9,334.3,338.05,428431
PODDARHOUS,20211109,196.4,196.4,192.3,193.3,1565
PODDARMENT,20211109,329.45,337,312.55,320.3,28432
POKARNA,20211109,643.65,668.9,640.1,660.65,54869
POLYCAB,20211109,2370,2480,2366.5,2473.1,798194
POLYMED,20211109,909,920,902.4,907.1,25830
POLYPLEX,20211109,1736.7,1750,1730,1734.5,53429
PONNIERODE,20211109,235.95,241.95,234.1,237.45,4825
POONAWALLA,20211109,168,173.2,167.1,169.8,9408416
POWERGRID,20211109,190.35,190.35,185.3,186.55,7785863
POWERINDIA,20211109,2319.35,2350,2300,2310.9,16218
POWERMECH,20211109,1013.75,1030,1001.1,1023.9,8491
PPAP,20211109,246.05,257.5,245.4,251.8,18436
PPL,20211109,157,164.9,155.1,163.2,217800
PRAENG,20211109,17.6,17.6,17.05,17.15,60217
PRAJIND,20211109,354,366,342.25,361.85,879676
PRAKASH,20211109,69.65,74,68.8,73,2446168
PRAKASHSTL,20211109,2.9,2.95,2.9,2.95,321908
PRAXIS,20211109,37.5,41,37.5,40.1,356050
PRECAM,20211109,101.3,104.9,99.6,102.1,162373
PRECOT,20211109,354,374.9,351.1,364.75,100469
PRECWIRE,20211109,303.9,306.5,296,298.05,41063
PREMEXPLN,20211109,242.85,254.65,235.95,238.7,10173
PREMIER,20211109,5.75,5.75,5.3,5.75,83984
PREMIERPOL,20211109,68.15,72.9,68.15,72.9,11174
PRESSMN,20211109,28.6,31.3,28.6,29.85,89365
PRESTIGE,20211109,489,517,489,514.85,3867720
PRICOLLTD,20211109,107.8,113.4,106,112.25,1456028
PRIMESECU,20211109,130,132.55,124.05,128.5,106884
PRINCEPIPE,20211109,850,897,849.5,859.2,2681960
PRITIKAUTO,20211109,19.2,19.3,18.55,19.05,138002
PRIVISCL,20211109,1735.25,1746.95,1694.6,1717.5,14610
PROINDIA,20211109,84.45,93.25,84.45,93.25,255555
PROZONINTU,20211109,27.35,27.7,27.1,27.3,171248
PRSMJOHNSN,20211109,131.5,138.8,131,136.4,1655720
PSB,20211109,18.1,18.35,17.95,18.05,667735
PSPPROJECT,20211109,535.95,538.9,524.1,526.2,223409
PSUBNKBEES,20211109,33.3,33.39,32.55,33.14,2151595
PTC,20211109,127.65,128.9,125,125.95,435061
PTL,20211109,53.25,53.9,52.35,53.45,126231
PUNJABCHEM,20211109,1536,1589.95,1525,1581.4,32603
PURVA,20211109,156.95,166.5,156.25,162.95,746258
PVP,20211109,4.8,4.8,4.7,4.8,58818
PVR,20211109,1808.8,1822.4,1786.85,1792.95,487224
QGOLDHALF,20211109,2060.05,2073.05,2060.05,2072.65,962
QNIFTY,20211109,1882,1882,1876,1876,18
QUESS,20211109,883,885,866.45,877.65,65366
QUICKHEAL,20211109,229.35,234.15,229.35,230.55,90973
RADAAN,20211109,1.35,1.35,1.3,1.35,46136
RADICO,20211109,1077,1114.9,1072.2,1107.2,724467
RADIOCITY,20211109,24.5,24.7,24.3,24.6,790727
RAILTEL,20211109,124.4,126.9,123.7,124.95,1240989
RAIN,20211109,219,223.8,218.65,221.7,1224013
RAJESHEXPO,20211109,643,644.75,639.05,641,223422
RAJMET,20211109,158.5,164.5,158.5,164,12373
RAJRATAN,20211109,2285,2289.95,2230,2273.6,6237
RAJSREESUG,20211109,25.35,25.35,23.6,24.75,16697
RAJTV,20211109,34.25,36.05,34.25,35.7,3681
RALLIS,20211109,271.8,273.5,268.85,270,203903
RAMANEWS,20211109,19.05,19.25,19.05,19.05,33049
RAMASTEEL,20211109,274,277.25,267.8,269.65,81839
RAMCOCEM,20211109,1099,1106,1076.55,1080,410762
RAMCOIND,20211109,279.6,284.95,279.6,281.55,123437
RAMCOSYS,20211109,397,409.2,380,403.25,226288
RAMKY,20211109,150.9,150.9,143.1,145.15,41617
RANASUG,20211109,27.55,28.1,27.55,27.9,485079
RANEENGINE,20211109,273.85,275.95,270.5,274.8,4444
RANEHOLDIN,20211109,611.15,631,611.15,627.65,23017
RATNAMANI,20211109,2193.2,2193.2,2161.5,2176.15,3260
RAYMOND,20211109,510.8,524.2,508,518.45,727540
RBL,20211109,828,835,803,822.3,9302
RBLBANK,20211109,204,219.4,203.1,217.25,22769279
RCF,20211109,79.6,81,79.6,80.4,1040572
RCOM,20211109,2.95,3.05,2.95,2.95,10434945
RECLTD,20211109,154.75,155.3,152.1,152.75,3063573
REDINGTON,20211109,144.55,146.5,144.15,144.8,1015046
REFEX,20211109,127.6,137.5,126,136.1,300832
RELAXO,20211109,1402.8,1414,1392,1394.35,143929
RELCAPITAL,20211109,19.5,19.65,18.95,19.15,465466
RELIANCE,20211109,2505,2528.9,2487.05,2521.7,7237470
RELIGARE,20211109,166.85,167,163,163.45,263873
RELINFRA,20211109,84.5,86,82,84.7,657100
REMSONSIND,20211109,240.5,246.95,235.35,240,5955
RENUKA,20211109,26.85,27.2,26.55,26.75,2913467
REPCOHOME,20211109,291.5,296.5,285.55,287.9,79642
REPL,20211109,212.45,217.5,204.05,213.3,35177
REPRO,20211109,579.6,613.55,572.55,598,78700
RESPONIND,20211109,122.3,123.2,119.4,120.6,52962
REVATHI,20211109,681.9,750,675.05,735.9,28486
RGL,20211109,949.9,1008.95,936.9,962.75,64342
RHFL,20211109,3.95,3.95,3.85,3.9,841245
RHIM,20211109,352,355.3,344.75,345.9,91454
RICOAUTO,20211109,44.5,45.7,44.25,45.35,467784
RIIL,20211109,665.85,672,661,667.4,95203
RITES,20211109,286.35,290.6,285,285.5,184260
RKDL,20211109,13.6,13.65,12.7,12.7,81407
RKEC,20211109,72.75,73.5,70.2,72.1,17391
RKFORGE,20211109,1053.55,1061.9,1039,1041.35,104706
RML,20211109,374.6,383,373.05,379.35,10178
ROHITFERRO,20211109,19.55,19.55,17.75,18.05,760688
ROHLTD,20211109,94.7,94.7,92.1,93.25,16461
ROLEXRINGS,20211109,1200,1226,1195.3,1213.8,78288
ROLLT,20211109,2.9,2.95,2.85,2.95,1713662
ROML,20211109,79.4,83.6,78.95,83.4,10077
ROSSARI,20211109,1410,1411.9,1381,1389.55,50289
ROSSELLIND,20211109,160.95,167.95,158,161.9,204096
ROUTE,20211109,1975,1987,1941.1,1971.65,127923
RPGLIFE,20211109,691.45,705.8,681.7,701.7,69560
RPOWER,20211109,14.1,14.3,14,14.15,14855027
RPPINFRA,20211109,58.9,59.45,58.4,58.75,57402
RPSGVENT,20211109,779.5,824.1,779.35,801.95,63491
RSSOFTWARE,20211109,44,44,40.7,40.7,1069651
RSWM,20211109,465,479,448.7,466.7,416594
RSYSTEMS,20211109,250,259.75,248.7,252.75,329981
RTNINDIA,20211109,45.4,46.65,44.15,46.65,8909375
RTNPOWER,20211109,3.9,4,3.85,3.95,12409048
RUBYMILLS,20211109,282,286.7,279.95,281.8,13668
RUCHI,20211109,966.95,969.05,955.25,965.65,9409
RUCHINFRA,20211109,6.6,6.8,6.6,6.7,43011
RUCHIRA,20211109,83.05,85,82.95,84,33617
RUPA,20211109,453,459.7,442,444.75,312636
RUSHIL,20211109,328.8,349,288.2,341.2,625316
RVHL,20211109,28,28.15,27.25,27.4,15968
RVNL,20211109,39.5,40.55,38.7,39.3,14172813
S&SPOWER,20211109,31.85,31.9,29.35,31.9,8185
SABEVENTS,20211109,3.6,3.65,3.35,3.65,16946
SABTN,20211109,2.2,2.2,2.2,2.2,3500
SADBHAV,20211109,48.2,48.4,47.8,48.05,184865
SADBHIN,20211109,15.5,15.8,15.4,15.6,385796
SAFARI,20211109,914.7,945,907.45,915.15,82003
SAGARDEEP,20211109,30.2,30.4,29.2,30.05,11893
SAGCEM,20211109,295.65,296.5,288,289.85,80159
SAIL,20211109,122.8,124.55,120.2,123.35,62396450
SAKAR,20211109,153.05,154.9,149.2,150.8,53746
SAKHTISUG,20211109,15.6,15.6,15.25,15.3,42286
SAKSOFT,20211109,920,972.35,913.65,962.75,46515
SAKUMA,20211109,13.3,13.3,13.3,13.3,325768
SALASAR,20211109,262.8,262.8,259.1,260.9,28658
SALONA,20211109,206.05,210.2,200.65,204,3248
SALSTEEL,20211109,10.2,10.4,10.15,10.4,302236
SALZERELEC,20211109,200,207.75,195.8,197.65,556934
SAMBHAAV,20211109,3.3,3.3,3.3,3.3,32726
SANCO,20211109,9.95,9.95,9.4,9.5,59266
SANDESH,20211109,781.15,800,780,795.85,2571
SANDHAR,20211109,290,290,284.05,285.55,21833
SANGAMIND,20211109,297.5,304.5,283.15,287.05,99088
SANGHIIND,20211109,71.25,72.3,70.8,71.25,705121
SANGHVIMOV,20211109,225.35,234,223.25,226.4,77602
SANGINITA,20211109,28.3,29.7,28.3,28.75,25740
SANOFI,20211109,8099,8130.75,7976,8000.15,28628
SANSERA,20211109,731,735,722.25,724.45,26035
SARDAEN,20211109,892.95,899.95,870,877.65,42489
SAREGAMA,20211109,4452,4460,4301.1,4383.8,7658
SARLAPOLY,20211109,59.55,62.75,59.5,60.05,366945
SASKEN,20211109,1325.25,1347,1286.25,1293.85,24449
SASTASUNDR,20211109,479.85,479.85,479.85,479.85,34156
SATIA,20211109,93.8,95.4,93,93.55,110066
SATIN,20211109,75.4,77.4,73.65,75.05,126626
SBCL,20211109,354,354,326,338.1,147478
SBICARD,20211109,1109.4,1109.4,1073.1,1083.05,1822776
SBIETFCON,20211109,73,73,71.51,72.29,4016
SBIETFIT,20211109,365.37,367.99,362.1,365.6,4462
SBIETFPB,20211109,202.63,202.85,201.5,201.9,1152
SBIETFQLTY,20211109,157.99,157.99,155.12,156.94,3175
SBILIFE,20211109,1212,1212,1192.4,1207.25,1521269
SBIN,20211109,526.25,532,522.2,529.15,25451967
SCAPDVR,20211109,10.25,10.4,10.25,10.25,68709
SCHAEFFLER,20211109,7950,8049.9,7855,7923.2,21958
SCHAND,20211109,128.3,137.5,126.65,134.5,315308
SCHNEIDER,20211109,126,126.8,122.4,123.4,921541
SCI,20211109,133.5,136.8,133.2,135.65,1741664
SDBL,20211109,41.95,43,41.35,42.05,160185
SEAMECLTD,20211109,1161,1215,1161,1182.4,2000
SECURKLOUD,20211109,158.1,160,155,158,56255
SELAN,20211109,145.4,146.9,144,144.45,60431
SELMC,20211109,6.75,6.75,6.75,6.75,19
SEPOWER,20211109,12.8,13.1,11.9,13.1,140634
SEQUENT,20211109,189.75,189.8,183.25,184.55,1004132
SERVOTECH,20211109,20,20.1,19.3,19.45,105377
SESHAPAPER,20211109,177.15,178.3,175,177.35,15927
SETCO,20211109,17,17.15,16.65,16.85,137663
SETF10GILT,20211109,206.55,206.55,206.55,206.55,1
SETFGOLD,20211109,4256.15,4280,4255,4278.2,11433
SETFNIF50,20211109,195.5,195.5,180.1,184.33,94856
SETFNIFBK,20211109,397.99,397.99,391.75,392.78,12868
SETFNN50,20211109,455.99,455.99,450.01,454.3,8273
SETUINFRA,20211109,1.3,1.35,1.3,1.3,174108
SEYAIND,20211109,59,60,58,58.5,32314
SFL,20211109,2749,2749,2680,2702.6,6938
SGIL,20211109,149,152.7,144.6,147.5,12171
SGL,20211109,15.55,15.55,15.1,15.2,7084
SHAHALLOYS,20211109,26.3,28.2,26.15,26.55,16773
SHAKTIPUMP,20211109,688.9,694.9,675,677.5,47372
SHALBY,20211109,151.7,153.85,148.25,149.7,180693
SHALPAINTS,20211109,91.6,98.4,91.6,95.95,485111
SHANKARA,20211109,599.95,619.1,592,594.7,97035
SHANTI,20211109,24.95,25.1,22.8,23.5,17923
SHANTIGEAR,20211109,162.4,164.95,160.05,163.25,147548
SHARDACROP,20211109,316.1,327.5,315.8,325.6,162217
SHARDAMOTR,20211109,629,638,620.45,633.3,11566
SHAREINDIA,20211109,924.35,926.9,900.8,906.5,27462
SHARIABEES,20211109,457.7,457.7,444.87,447.38,244
SHEMAROO,20211109,137.9,144.35,135.2,143.4,32370
SHIL,20211109,480,484.7,470,477.9,19473
SHILPAMED,20211109,589.85,601,584.5,586.35,147718
SHIVAMAUTO,20211109,26.15,26.55,26,26.45,43567
SHIVAMILLS,20211109,120,123.75,112.25,119.65,67657
SHIVATEX,20211109,225.5,231.9,225.5,227.65,7636
SHK,20211109,158.75,183.5,155.3,183.5,7849854
SHOPERSTOP,20211109,360.2,409,358.4,395.4,2422033
SHRADHA,20211109,52.6,54.65,52.6,54,863
SHREDIGCEM,20211109,82.15,84.4,82.05,82.65,238101
SHREECEM,20211109,29700,29760,29151.5,29229.65,18387
SHREEPUSHK,20211109,225.9,226.75,221,224.1,135209
SHREERAMA,20211109,12,12.5,11.8,12,69132
SHRENIK,20211109,2.1,2.1,1.85,1.9,11288550
SHREYANIND,20211109,132,132.7,130.15,131.4,30314
SHREYAS,20211109,386.4,395.8,375.8,389.9,126262
SHRIPISTON,20211109,929.8,955,906,909.35,70666
SHRIRAMCIT,20211109,2188,2215.15,2166.05,2190.1,16474
SHRIRAMEPC,20211109,7,7.05,6.65,6.7,763318
SHYAMCENT,20211109,13.95,13.95,13.3,13.5,143370
SHYAMMETL,20211109,365,373,347.8,349.9,2070304
SHYAMTEL,20211109,10.15,10.15,9.7,10,3550
SICAL,20211109,16.8,16.8,15.8,15.95,149839
SIEMENS,20211109,2379,2422.35,2361.45,2408.5,516214
SIGIND,20211109,42.8,44.25,41.25,41.65,46845
SIKKO,20211109,65.65,65.65,64.45,65.65,10815
SIL,20211109,15.3,16,15.3,15.6,9743
SILGO,20211109,36.7,36.7,35.9,36.05,9656
SILINV,20211109,319.55,319.55,305.1,310.35,3562
SILLYMONKS,20211109,21.2,21.35,20.45,20.9,2884
SIMBHALS,20211109,23.7,24.2,23,23.35,20433
SIMPLEXINF,20211109,41.35,41.4,40.55,40.9,44395
SINTERCOM,20211109,84.5,84.65,82,82.5,3128
SINTEX,20211109,7.35,7.35,7.35,7.35,674581
SIRCA,20211109,389.7,448.4,388.25,428.25,555989
SIS,20211109,441.5,456.8,441.5,450.4,153927
SITINET,20211109,1.85,1.85,1.85,1.85,182140
SIYSIL,20211109,462,469.3,462,467.1,46384
SJVN,20211109,30.15,30.9,30.05,30.6,3968763
SKFINDIA,20211109,3959.45,4047,3820,3940.05,74101
SKIL,20211109,3.75,3.75,3.65,3.65,225647
SKIPPER,20211109,77.95,81.8,77.75,80.15,757405
SKMEGGPROD,20211109,75.9,78.2,75.15,76.5,104626
SMARTLINK,20211109,115.5,116,114.2,115.1,14352
SMCGLOBAL,20211109,83,86.9,80.5,84.15,1325879
SMLISUZU,20211109,721.05,803.55,721.05,771.8,310568
SMSLIFE,20211109,884.95,895.85,870.2,883.9,3368
SMSPHARMA,20211109,144.95,145.35,142,143.65,85008
SNOWMAN,20211109,43.55,43.9,42.8,42.95,774712
SOBHA,20211109,925,980,898,907.05,3533836
SOLARA,20211109,1351.3,1380.6,1313.25,1374.1,118931
SOLARINDS,20211109,2494,2525.2,2444,2509,53732
SOMANYCERA,20211109,884.95,896,840,863.55,82798
SOMATEX,20211109,10.2,10.4,10.15,10.4,68489
SOMICONVEY,20211109,47.15,47.2,45.2,45.6,9323
SONACOMS,20211109,668,697.55,661.4,684.95,2961288
SONATSOFTW,20211109,893.15,893.9,869.9,873.35,161546
SORILINFRA,20211109,113.8,115,112,112.35,29729
SOTL,20211109,1287.85,1297.5,1280,1282.2,26117
SOUTHBANK,20211109,9.5,9.5,9.4,9.45,5636120
SOUTHWEST,20211109,138,144.85,138,144.45,52244
SPAL,20211109,342,347.95,320,341.15,233180
SPANDANA,20211109,556.9,557.75,545,550.25,44881
SPARC,20211109,271.45,275.7,270.05,270.75,203059
SPECIALITY,20211109,100.75,102,98.2,99.6,107703
SPENCERS,20211109,130.5,139.6,130.05,136.35,1877314
SPIC,20211109,48.2,48.95,48,48.2,280972
SPICEJET,20211109,72.75,75.5,72.35,74.35,5014787
SPLIL,20211109,47.25,48.85,46,47.65,42988
SPMLINFRA,20211109,11,11.15,10.65,10.9,14553
SPTL,20211109,8.15,8.3,8.15,8.3,1211718
SREEL,20211109,191,191,186.8,189.35,11657
SREINFRA,20211109,5.2,5.25,5.15,5.25,2043925
SRF,20211109,2148,2227,2145.95,2172.45,1688961
SRHHYPOLTD,20211109,346,349,341.35,342.75,12220
SRIPIPES,20211109,199.75,206.55,199.75,203.7,141065
SRPL,20211109,35.4,35.4,33.05,33.05,516
SRTRANSFIN,20211109,1676.7,1696.4,1581.05,1616.05,2525791
SSWL,20211109,1820,1855,1800,1835.8,35855
STAR,20211109,552,559.8,546.3,551,647575
STARCEMENT,20211109,103.7,106.1,103.1,104.5,809188
STARPAPER,20211109,145.8,146.85,145,145.85,23236
STCINDIA,20211109,101.1,102.95,100.2,101.75,16224
STEELCITY,20211109,62,63.5,62,62.6,56899
STEELXIND,20211109,88.7,90.35,87.25,88.05,406582
STEL,20211109,169.6,183.8,164.2,168.95,320416
STERTOOLS,20211109,196.9,200,196.15,197.15,46381
STLTECH,20211109,273,277.65,271.6,272.4,229539
STOVEKRAFT,20211109,1047.85,1058,1028.2,1034.4,65012
STYLAMIND,20211109,1070,1094,1050.4,1057.65,18257
SUBCAPCITY,20211109,20.15,22.25,20.15,22.25,505
SUBEXLTD,20211109,42.15,48.05,41.9,47.35,22100994
SUBROS,20211109,380,389.15,375.3,378.95,32447
SUDARSCHEM,20211109,596.5,610,592.9,605.35,95819
SUMEETINDS,20211109,8.55,8.75,8.25,8.4,221908
SUMICHEM,20211109,388,394.7,387.4,390.4,300341
SUMIT,20211109,11.75,11.8,11.25,11.8,43637
SUMMITSEC,20211109,734.9,743,730,740.75,1434
SUNCLAYLTD,20211109,4042,4213,4030,4124.05,53675
SUNDARAM,20211109,2,2,2,2,251402
SUNDARMFIN,20211109,2495.5,2513.8,2451.05,2497.5,129651
SUNDARMHLD,20211109,84,85.9,83.7,85.1,261426
SUNDRMBRAK,20211109,404.8,419.9,399.5,413.85,4914
SUNDRMFAST,20211109,859,869,852.25,857.8,25484
SUNFLAG,20211109,81.8,83.5,81.05,82.95,352856
SUNPHARMA,20211109,800,812,797,801.35,3232291
SUNTECK,20211109,479.75,494,476.4,488.5,531527
SUNTV,20211109,580.15,583.5,570.7,581.1,2005596
SUPERHOUSE,20211109,189.6,192.3,184.6,186.2,25018
SUPERSPIN,20211109,13.3,13.8,13.15,13.7,951240
SUPPETRO,20211109,700,709.05,680,683.7,58292
SUPRAJIT,20211109,378.3,381.05,376,377.7,113356
SUPREMEENG,20211109,20.45,20.5,20.25,20.35,30396
SUPREMEIND,20211109,2378.45,2470,2354.5,2452.1,112360
SUPREMEINF,20211109,19.25,21.25,19.25,20.9,73765
SURANASOL,20211109,17.5,18.3,16.8,17.6,82934
SURANAT&P,20211109,9.5,9.5,9.05,9.1,138691
SURYALAXMI,20211109,64.35,64.35,61.1,61.9,11438
SURYAROSNI,20211109,657.9,674.8,651.05,659.3,210427
SURYODAY,20211109,176.9,176.9,169.5,170.35,120477
SUTLEJTEX,20211109,75.4,81.35,74.8,76.95,3486249
SUULD,20211109,230.05,248.3,230.05,248.3,131611
SUVEN,20211109,101,104.9,100.75,103.85,594533
SUVENPHAR,20211109,504.5,509.9,499.55,505.3,194673
SUVIDHAA,20211109,13.9,13.95,13,13.15,907660
SUZLON,20211109,7.25,7.25,7.05,7.1,16348919
SVPGLOB,20211109,135,135.3,130.1,131.5,687969
SWANENERGY,20211109,128.3,129.55,126.3,126.9,34904
SWARAJENG,20211109,1748.25,1775.75,1745.05,1763.45,11187
SWELECTES,20211109,249.25,249.25,240.05,241.9,14292
SWSOLAR,20211109,453.5,455.95,439.5,443.2,801685
SYMPHONY,20211109,1048,1063.9,1042.2,1046.7,33328
SYNGENE,20211109,546.8,556,540.1,553.1,268517
TAINWALCHM,20211109,74.85,75.65,74.2,74.5,3363
TAJGVK,20211109,151.7,154.9,150.15,151.2,353475
TAKE,20211109,49,49.6,48.6,48.75,418760
TALBROAUTO,20211109,283.15,296,283,293.95,171563
TANLA,20211109,1240,1257,1190,1196.2,95335
TARAPUR,20211109,4,4,4,4,2035
TARC,20211109,49.2,51.15,49,51.15,1900004
TARMAT,20211109,65,66.6,63.5,63.7,16117
TASTYBITE,20211109,16020,16302.65,15827.9,16156.9,2070
TATACHEM,20211109,928.5,954.85,926.15,947.9,3150110
TATACOFFEE,20211109,216.05,221.5,215.55,218.75,1661913
TATACOMM,20211109,1283.65,1295.9,1258.35,1268.4,241771
TATACONSUM,20211109,835.9,841.5,826,835.65,1481130
TATAELXSI,20211109,6184.55,6285.4,6184.55,6270,179117
TATAINVEST,20211109,1628,1629.9,1570,1590.75,63964
TATAMETALI,20211109,988.35,992.5,975,983.7,56456
TATAMOTORS,20211109,505,520.65,503.5,509.65,50458762
TATAMTRDVR,20211109,269.7,292.9,269.7,286.15,13878051
TATAPOWER,20211109,235,247.95,234.65,241.9,103894620
TATASTEEL,20211109,1342.85,1360.3,1328.85,1335.95,4756516
TATASTLBSL,20211109,89.8,90.1,88,88.75,1402696
TATASTLLP,20211109,863,865,851,856.8,25712
TATVA,20211109,2755.5,2827,2682.15,2730.4,70669
TBZ,20211109,91,96.5,89.2,92,995106
TCI,20211109,776.75,810.95,750,756.1,185113
TCIDEVELOP,20211109,356,376,355.6,364.25,626
TCIEXP,20211109,1978,2004,1924.05,1951,64346
TCIFINANCE,20211109,5.45,5.45,5.4,5.4,2078
TCNSBRANDS,20211109,779.8,799,776.2,788.65,11275
TCPLPACK,20211109,545,564.1,545,558.3,10814
TCS,20211109,3508,3535,3496,3505.7,1782692
TDPOWERSYS,20211109,337.5,354.1,332,345.2,62733
TEAMLEASE,20211109,4775,4798.55,4664,4699.95,12269
TECH,20211109,36,36.17,35.2,36.02,7228
TECHIN,20211109,6.1,6.15,5.75,6.1,31453
TECHM,20211109,1561,1572,1553,1559.2,2061369
TECHNOE,20211109,258.55,264,258.55,262.5,26762
TEJASNET,20211109,438,449,425,434.25,195915
TEMBO,20211109,299.55,304.5,292,301.5,10322
TERASOFT,20211109,52.55,53.5,51.1,51.65,14810
TEXINFRA,20211109,60.1,61.15,59.45,60.1,14834
TEXMOPIPES,20211109,52,57,51.95,57,1181481
TEXRAIL,20211109,31.85,32.2,31.65,31.9,476247
TFCILTD,20211109,68.25,68.95,67,67.9,184653
TFL,20211109,5.8,6.35,5.8,6.35,17328
TGBHOTELS,20211109,10.2,10.2,9.8,9.95,15124
THANGAMAYL,20211109,1290,1295,1209,1218.3,21027
THEINVEST,20211109,111.5,114.45,110,111.35,15290
THEMISMED,20211109,995,1031.55,995,1031.55,16419
THERMAX,20211109,1375.95,1390,1330,1337.75,50403
THOMASCOOK,20211109,78.35,81,78.35,79.55,1162743
THOMASCOTT,20211109,19.8,20,18.9,19.15,7805
THYROCARE,20211109,1165,1166.95,1137.15,1140.45,33419
TI,20211109,74.95,82.75,74.95,82.6,844157
TIDEWATER,20211109,1729.9,1765.15,1716.8,1748.8,8836
TIIL,20211109,860,885,860,881.1,9549
TIINDIA,20211109,1681,1716,1651,1659.15,134738
TIJARIA,20211109,6.85,7.2,6.85,7.1,16673
TIL,20211109,172.5,172.5,164.05,165.7,7942
TIMESGTY,20211109,48.8,52.6,48.75,51.65,4259
TIMETECHNO,20211109,72.15,72.5,71.5,71.9,264336
TIMKEN,20211109,1849,1849,1799.45,1812.55,12386
TINPLATE,20211109,295.3,311.9,295.3,308.5,590433
TIPSINDLTD,20211109,1374.75,1448.95,1315.1,1439.7,11583
TIRUMALCHM,20211109,245.4,269.15,245.35,266.55,1760690
TIRUPATIFL,20211109,10.35,10.85,10.35,10.85,62135
TITAN,20211109,2528.95,2543.8,2491.15,2512.1,1097405
TMRVL,20211109,17.2,17.2,16.5,16.95,111939
TNPETRO,20211109,126,126,121.05,121.5,1429567
TNPL,20211109,138,138.3,136.2,136.95,104144
TNTELE,20211109,8.1,8.1,7.5,7.95,37415
TOKYOPLAST,20211109,100.65,101.95,99.55,100.8,6633
TORNTPHARM,20211109,2902,2915,2834.4,2847.35,134575
TORNTPOWER,20211109,528.5,539,527.35,529.8,880823
TOTAL,20211109,54.1,55.95,53.5,55.15,20355
TOUCHWOOD,20211109,115.65,119.9,111,114.25,9091
TPLPLASTEH,20211109,192.5,198.5,188,188.9,33908
TREEHOUSE,20211109,9.1,9.3,8.75,9.3,33754
TREJHARA,20211109,59.25,60.5,59.25,59.7,12550
TRENT,20211109,1100,1133,1094.1,1127.4,1034509
TRF,20211109,131.1,135.9,131,132.1,5567
TRIDENT,20211109,40,41.1,39.5,40.15,18006882
TRIGYN,20211109,123.05,136.5,123.05,136.2,630232
TRIL,20211109,28.6,30.25,28.55,29.55,193055
TRITURBINE,20211109,206.5,214.45,200.05,210.65,1592135
TRIVENI,20211109,204.15,206.75,199.8,201,331129
TTKHLTCARE,20211109,682.15,689,671.2,678.05,4472
TTKPRESTIG,20211109,11433.2,11436.15,11181,11271.6,14768
TTL,20211109,86,86.05,84,84.2,17156
TTML,20211109,70.25,70.25,67.25,70.25,27702811
TV18BRDCST,20211109,45.9,46.8,45.25,45.95,8303053
TVSELECT,20211109,171.2,180.45,171.2,176,128614
TVSMOTOR,20211109,755,813.95,726.7,731.45,25844281
TVSSRICHAK,20211109,2346.9,2445,2334.95,2392.3,11179
TVTODAY,20211109,340,345.8,333,340.1,334420
TVVISION,20211109,3.8,3.8,3.5,3.5,47611
TWL,20211109,94,96.45,94,94.65,465485
UBL,20211109,1735.45,1785.8,1716.3,1778.6,999742
UCALFUEL,20211109,156,157.05,154.1,155.7,26291
UCOBANK,20211109,14.55,14.8,14.55,14.65,5278301
UFLEX,20211109,524.5,532,519.3,524.05,224370
UFO,20211109,124.9,125.4,118.25,118.85,1292163
UGARSUGAR,20211109,28.15,29.25,27.9,28.65,201673
UGROCAP,20211109,169.95,171.8,164.9,165.7,564947
UJAAS,20211109,3.15,3.15,3.05,3.1,480771
UJJIVAN,20211109,165,170.6,165,167.75,1086097
UJJIVANSFB,20211109,19,21.35,18.5,21.1,15860565
ULTRACEMCO,20211109,8200,8255.05,8143,8166,253056
UMANGDAIRY,20211109,76.85,76.85,74.55,74.85,8760
UMESLTD,20211109,4.85,4.85,4.55,4.85,63174
UNICHEMLAB,20211109,222.7,224.9,220.05,220.55,55439
UNIDT,20211109,475.7,493.7,470.25,479.35,175285
UNIENTER,20211109,129.15,131,127.5,128.5,10288
UNIONBANK,20211109,54,54.8,52.6,54.05,37016833
UNITEDTEA,20211109,386.9,388,382.1,384.55,704
UNIVASTU,20211109,74,74.95,64.3,71.75,90847
UNIVCABLES,20211109,172.95,177.9,168.05,173.55,24183
UNIVPHOTO,20211109,420,425,420,420.15,2564
UPL,20211109,744.7,753.4,742.65,746.35,1622626
URJA,20211109,7.7,7.8,7.6,7.65,2192289
USHAMART,20211109,100,102.55,96.75,99.9,1784129
UTIAMC,20211109,1155.7,1165.85,1148.25,1156.2,354034
UTIBANKETF,20211109,39.95,39.95,39.29,39.63,2921
UTINEXT50,20211109,45.8,46.12,44.55,45.65,9434
UTINIFTETF,20211109,1910.24,1910.4,1878.05,1891,832
UTISENSETF,20211109,637.12,654.95,631.46,637.42,1171
UTISXN50,20211109,50.75,52.61,49.11,49.57,2120
UTTAMSTL,20211109,4.2,4.2,4.1,4.15,312366
UTTAMSUGAR,20211109,177,178.85,174.5,175.2,13599
V2RETAIL,20211109,197.95,201,191.7,200.8,153977
VADILALIND,20211109,1017.5,1017.5,982.85,997.2,1494
VAIBHAVGBL,20211109,570.5,572.65,566.7,569.85,92099
VAISHALI,20211109,37.05,37.3,35.55,35.65,36072
VAKRANGEE,20211109,38,38.15,37.65,37.9,2509942
VALIANTORG,20211109,1317,1318,1299.85,1307.2,23385
VARDHACRLC,20211109,55.5,55.95,54.5,54.9,169514
VARDMNPOLY,20211109,24.65,25.85,24.65,25.85,48213
VARROC,20211109,290,293.6,288.9,291.05,145649
VASCONEQ,20211109,25.1,26.35,25.1,25.35,675478
VASWANI,20211109,16.45,17,15.8,16,97257
VBL,20211109,1010,1011.3,952.75,966.1,893091
VEDL,20211109,322.75,323.95,315.2,318.6,19869811
VENKEYS,20211109,2784.5,2851.95,2784,2811.3,74410
VENUSREM,20211109,509.9,523.9,503.7,508.4,44687
VERTOZ,20211109,95.1,101.45,94.2,99.95,77318
VESUVIUS,20211109,1146.95,1151,1125.05,1139.55,7274
VETO,20211109,117.4,119.2,112.05,115.6,69321
VGUARD,20211109,260.2,261.6,257.5,260.25,318076
VHL,20211109,3449,3449,3340,3359.25,1858
VIDHIING,20211109,366.9,376,358.5,370.45,91598
VIJAYA,20211109,560.1,574.9,543.65,570,295703
VIJIFIN,20211109,2,2.2,2,2.2,329302
VIKASECO,20211109,2.05,2.1,2,2,3797950
VIKASLIFE,20211109,3.45,3.45,3.4,3.4,2317531
VIKASPROP,20211109,1.95,2.05,1.9,2,1522443
VIKASWSP,20211109,4.45,4.45,4.05,4.05,32725856
VIMTALABS,20211109,384,387.8,373.5,380.9,200161
VINATIORGA,20211109,2025,2032.2,2001.5,2014.3,31046
VINDHYATEL,20211109,1148,1195,1144.55,1186.65,19369
VINEETLAB,20211109,83.15,84,79.05,80.2,30734
VINYLINDIA,20211109,283.45,290.25,282,283.45,54378
VIPCLOTHNG,20211109,21.2,21.75,20.6,21.75,923358
VIPIND,20211109,634.05,668.85,625.15,654.6,1678180
VIPULLTD,20211109,28.2,28.85,27.7,27.9,31644
VISAKAIND,20211109,609,619.95,602.8,613.6,45070
VISASTEEL,20211109,16.05,16.6,15.55,15.85,36943
VISHAL,20211109,99.3,100.65,98,99.45,58387
VISHNU,20211109,957.35,957.35,866.25,920,43420
VISHWARAJ,20211109,33.05,33.55,32.5,32.8,869098
VIVIDHA,20211109,0.85,0.85,0.8,0.85,3121945
VIVIMEDLAB,20211109,20,20.3,19.3,19.6,276732
VLSFINANCE,20211109,202.6,219,201.6,214.8,225668
VMART,20211109,4054,4148,4023,4100.5,38977
VOLTAMP,20211109,1621.55,1730,1621.55,1708.25,62270
VOLTAS,20211109,1242.8,1269.7,1242.05,1252.05,1989568
VRLLOG,20211109,493.7,528.85,482.65,515.25,2237671
VSSL,20211109,283.8,287.85,280,281.05,94789
VSTIND,20211109,3280,3323,3256.05,3295.7,6318
VSTTILLERS,20211109,2925.75,3022,2890,2962,53594
VTL,20211109,2146,2150,2066.95,2082.75,176949
WABAG,20211109,343.4,363.8,341.3,354.05,943552
WABCOINDIA,20211109,7690,8030,7587.2,7957.15,8419
WALCHANNAG,20211109,54.45,55.6,54.15,54.8,202686
WANBURY,20211109,83.4,83.4,79.5,83.4,19019
WATERBASE,20211109,113.8,115,113.55,114.1,58882
WEALTH,20211109,250.05,254,248,254,2100
WEBELSOLAR,20211109,79.8,81.5,78.1,78.75,278278
WEIZMANIND,20211109,53.15,54.75,53.15,53.5,2517
WELCORP,20211109,128.8,133.4,128.65,132.65,1020738
WELENT,20211109,97.45,100,96,98.8,129631
WELINV,20211109,305.95,306,299.3,300.95,1955
WELSPUNIND,20211109,143.25,143.95,140.05,140.55,1215600
WENDT,20211109,4813,5010,4691.75,4723.85,3759
WESTLIFE,20211109,595,595,583.05,588.9,103639
WHEELS,20211109,699.3,717.2,696.15,709.1,15920
WHIRLPOOL,20211109,2293,2325,2245,2299.35,204465
WILLAMAGOR,20211109,23.25,28.05,23.1,28.05,736791
WINDLAS,20211109,306,312,306,306.6,71582
WINDMACHIN,20211109,27.4,28.15,27.15,27.95,56296
WIPL,20211109,58.3,58.3,55.5,57.4,7616
WIPRO,20211109,663.1,666.25,656.7,658.45,4142065
WOCKPHARMA,20211109,459.9,479.65,453,468.1,1174242
WONDERLA,20211109,248,248.7,238.95,243.9,70006
WORTH,20211109,96.75,96.75,93.05,94.4,18348
WSTCSTPAPR,20211109,262.4,263.7,256.1,258.25,117576
XCHANGING,20211109,107.4,112,106.9,110.4,483957
XELPMOC,20211109,493.65,493.8,464.55,470.05,37123
XPROINDIA,20211109,687.1,716.35,675,703.65,80653
YAARII,20211109,94.3,95.75,93.1,93.95,95010
YESBANK,20211109,13.15,13.25,13.05,13.1,40719001
YUKEN,20211109,644,644,612.2,620.1,1511
ZEEL,20211109,316,327.85,312.55,324.6,17183572
ZEELEARN,20211109,13,13.1,12.75,12.9,714877
ZEEMEDIA,20211109,12.15,12.25,11.9,11.95,708763
ZENITHEXPO,20211109,84.1,90.5,84.1,86.05,8784
ZENSARTECH,20211109,457.9,469.15,456.5,464.3,332859
ZENTEC,20211109,211.5,221,211.05,221,1097374
ZODIACLOTH,20211109,116.8,123.4,112.35,118.15,221187
ZOMATO,20211109,133,138.9,131.65,137.65,26457361
ZOTA,20211109,373,375,367,372.65,48439
ZUARI,20211109,112.35,114.9,112.35,113.9,32253
ZUARIGLOB,20211109,140.2,146,140,141.55,12181
ZYDUSWELL,20211109,2055,2099,2040,2062.3,27193
NSENIFTY,20211109,18084.35,18112.60,17983.05,18044.25,270197527,0
NIFTYJUNIOR,20211109,43736.85,43862.60,43571.55,43822.00,338686633,0
NIFTYMIDCAPLIQ15,20211109,7838.05,7961.85,7826.15,7898.40,232200414,0
NSE100,20211109,18338.35,18364.60,18240.80,18309.05,608884160,0
NIFTY200,20211109,9604.05,9626.45,9565.40,9601.80,1546650580,0
NSE500,20211109,15542.05,15579.50,15487.70,15541.95,2039428417,0
NSEMIDCAP150,20211109,11924.35,12037.60,11910.05,12010.80,955298064,0
MIDCAP50,20211109,8959.25,9067.15,8949.05,9017.80,732969692,0
NSEMIDCAP,20211109,31913.30,32259.25,31879.75,32186.35,937766420,0
NSESMLCAP100,20211109,11182.35,11232.80,11159.75,11213.00,-,0
NIFTYLARGEMIDCAP250,20211109,-,-,-,10205.30,-,0
NIFTYAUTO,20211109,11701.25,11824.90,11691.35,11766.25,131434929,0
BANKNIFTY,20211109,39517.85,39560.60,39223.40,39368.80,203521905,0
NIFTYFINSERVICE,20211109,19212.30,19226.10,19014.15,19085.30,86491036,0
NIFTYFMGC,20211109,39064.20,39126.35,38860.95,38964.25,25793337,0
NSEIT,20211109,35839.20,36117.95,35763.85,35815.10,18282149,0
NIFTYMEDIA,20211109,2375.60,2380.55,2350.15,2372.55,41556913,0
NIFTYMETAL,20211109,5777.95,5812.60,5737.45,5761.60,172634309,0
NIFTYPHARMA,20211109,13920.10,14061.25,13851.20,13878.70,27766917,0
NIFTYPVTBANK,20211109,20252.30,20300.60,20074.80,20176.00,123282896,0
NIFTYPSUBANK,20211109,3030.55,3054.75,3008.30,3040.60,250725415,0
NIFTYREALTY,20211109,557.55,560.90,553.60,556.15,37727466,0
NIFTYCOMMODITIES,20211109,5954.95,5976.50,5924.45,5945.05,292259441,0
NIFTYCONSUMPTION,20211109,7226.80,7250.40,7199.65,7238.35,73713389,0
NIFTYCPSE,20211109,2380.55,2388.90,2362.70,2372.85,82289395,0
NIFTYENERGY,20211109,23963.70,24062.85,23853.10,24004.30,171189387,0
NIFTY100ESG,20211109,-,-,-,3677.39,318346099,0
NIFTY100ENHESG,20211109,-,-,-,3703.97,301025408,0
NIFTYINFRA,20211109,5282.60,5299.15,5267.45,5289.90,240080244,0
NIFTYMNC,20211109,19630.10,19679.60,19560.05,19632.65,374753893,0
NIFTYPSE,20211109,4192.35,4199.50,4161.30,4179.05,280997851,0
NIFTYSMEEMERGE,20211109,-,-,-,3394.01,1034799,0
NIFTYSERVSECTOR,20211109,25393.40,25434.15,25209.35,25295.70,161550913,0
NIFTYSHARIAH25,20211109,-,-,-,6459.23,67881969,0
NIFTY50SHARIAH,20211109,-,-,-,4278.13,45153641,0
NIFTY500SHARIAH,20211109,-,-,-,5385.70,360254899,0
NIFTYABGROUP,20211109,-,-,-,5913.52,337504987,0
NIFTYMAHINDRA,20211109,-,-,-,17239.66,26816124,0
NIFTYTATA,20211109,-,-,-,13384.08,226179661,0
NIFTYTATA25CAP,20211109,-,-,-,11152.24,169887083,0
NIFTYABGROUP,20211109,-,-,-,5913.52,337504987,0
NIFTYLIQ15,20211109,4621.65,4630.35,4592.80,4611.20,111301744,0
NIFTY500VALUE50,20211109,-,-,-,6585.06,688233663,0
NIFTYQUALLOWVOL30,20211109,-,-,-,12657.55,57923794,0
NIFTYALPHAQUALLOWVOL30,20211109,-,-,-,14743.10,50145674,0
NIFTYALPHAQUALVALLOWVOL30,20211109,-,-,-,11176.45,59205199,0
NIFTY50EQUALWEIGHT,20211109,20292.80,20336.25,20186.80,20239.75,270197527,0
NIFTY100EQUALWEIGHT,20211109,21478.60,21518.15,21370.00,21455.05,608884160,0
NIFTY100LOWVOL30,20211109,13570.10,13577.05,13500.75,13530.20,96046929,0
NSEDEFTY,20211109,-,-,-,8445.26,-,0
NIFTY50DIVPOINT,20211109,140.43,140.43,140.43,140.43,-,0
NIFTYDIVOPPS50,20211109,3797.75,3815.30,3787.50,3795.40,306158537,0
NIFTYALPHA50,20211109,32605.75,33077.25,32590.75,33057.90,266946388,0
NIFTY50ARBITRAGE,20211109,-,-,-,1993.55,-,0
NIFTY50FUTINDEX,20211109,-,-,-,5823.17,-,0
NIFTY50FUTTRINDEX,20211109,-,-,-,18841.80,-,0
NIFTYHIGHBETA50,20211109,-,-,-,2330.42,1029071290,0
NIFTYLOWVOL50,20211109,-,-,-,16507.74,103966678,0
NIFTY50VALUE20,20211109,9063.45,9103.50,9025.80,9042.00,95025698,0
NIFTYGROWSECT15,20211109,7819.45,7863.05,7782.05,7820.75,39019947,0
NIFTY50TR2XLEV,20211109,13139.00,13179.25,12992.00,13080.75,-,0
NIFTY50PR2XLEV,20211109,9675.35,9705.00,9567.10,9632.45,-,0
NIFTY50TR1XINV,20211109,210.40,211.60,210.10,210.90,-,0
NIFTY50PR1XINV,20211109,245.10,246.45,244.70,245.65,-,0
NIFTY-GS-COMPSITE,20211109,2362.26,2366.70,2362.26,2366.40,-,0
NIFTY-GS-4-8YR,20211109,2482.06,2482.78,2481.56,2482.66,-,0
NIFTY-GS-8-13YR,20211109,2298.10,2300.22,2298.10,2300.28,-,0
NIFTY-GS-10YR,20211109,2060.68,2063.77,2060.68,2063.42,-,0
NIFTY-GS-10YR-CLN,20211109,932.22,933.65,932.22,933.49,-,0
NIFTY-GS-11-15YR,20211109,2469.98,2475.53,2469.98,2475.14,-,0
NIFTY-GS-15YRPLUS,20211109,2684.34,2699.78,2684.34,2699.39,-,0
VIX,20211109,16.34,16.62,14.64,16.00,0,0
