20MICRONS,20210625,64,64.15,62.4,62.5,60252
21STCENMGM,20210625,21.4,21.4,21.4,21.4,3008
3IINFOTECH,20210625,9.6,9.95,9.6,9.6,8617639
3MINDIA,20210625,25485,25485,24999.8,25060.45,1449
3PLAND,20210625,14.2,14.4,13.4,13.5,69566
5PAISA,20210625,418.1,425,415.05,423.7,19681
63MOONS,20210625,94.2,97,92.7,95.1,41449
A2ZINFRA,20210625,6.1,6.1,5.7,5.75,556982
AAKASH,20210625,196,199,189.15,194.2,50837
AARON,20210625,76.8,80.5,73.1,80.4,20497
AARTIDRUGS,20210625,710.9,714.95,704.05,706.5,226291
AARTIIND,20210625,875,875,845.05,859.05,1392183
AARTISURF,20210625,1359,1364.45,1345.95,1357.4,8462
AARVEEDEN,20210625,23,23.8,22.3,23.4,4124
AARVI,20210625,68,68,66.45,66.85,32903
AAVAS,20210625,2548.6,2559.75,2501,2523.4,16600
ABAN,20210625,47,47.5,45,45.4,112411
ABB,20210625,1823.6,1839.9,1794.05,1824.05,448519
ABBOTINDIA,20210625,16487.85,16572.35,16355.05,16471.4,6029
ABCAPITAL,20210625,119,120.4,118.6,119,1693273
ABFRL,20210625,212,223.6,208.5,221.5,11144807
ABMINTLTD,20210625,78.2,78.2,71.55,72.75,11577
ABSLBANETF,20210625,354,354,348.31,352,141
ABSLNN50ET,20210625,391,391,391,391,53
ACC,20210625,2028.9,2048,2028,2041.15,329128
ACCELYA,20210625,1188.5,1219.95,1174.55,1192.35,111979
ACCURACY,20210625,84.5,84.95,77.25,80.9,42086
ACE,20210625,220.9,228.15,220.4,222.6,469416
ACRYSIL,20210625,578.3,584,560,561.65,151689
ADANIENT,20210625,1525,1534,1501,1519.45,4962963
ADANIGREEN,20210625,1116.95,1170,1090,1167.25,1964847
ADANIPORTS,20210625,715,719,706.5,712.2,12085421
ADANIPOWER,20210625,115.05,121.4,114,116.75,4588667
ADANITRANS,20210625,1231.65,1237.9,1192.9,1192.9,284591
ADFFOODS,20210625,942,944.95,926,937.35,21202
ADL,20210625,43.15,43.15,40.3,43.15,8842
ADORWELD,20210625,585.65,604.5,585.65,596.85,14462
ADROITINFO,20210625,11.35,11.35,10.5,10.6,8227
ADSL,20210625,65,65.75,61.8,62.35,192262
ADVANIHOTR,20210625,65.05,67,65.05,65.55,18340
ADVENZYMES,20210625,411,431.7,405.05,409.2,476476
AEGISCHEM,20210625,341,366,341,361.5,883593
AFFLE,20210625,4700,4700,4569,4586,28280
AGARIND,20210625,317.45,318,305.05,307.95,25447
AGCNET,20210625,1176,1234,1176,1187.45,2218
AGRITECH,20210625,46.55,46.55,44,44.7,13776
AGROPHOS,20210625,14,14,12.7,13.15,166140
AHLADA,20210625,169.1,174.9,167,168.05,25400
AHLEAST,20210625,173.65,188,173.45,178.85,32469
AHLUCONT,20210625,323.5,339.4,317.45,331.5,59396
AHLWEST,20210625,215.45,219.9,215.3,218.25,8293
AIAENG,20210625,2090,2135,2055.25,2116.5,46895
AIRAN,20210625,35.55,35.55,29.5,32.7,1149682
AJANTPHARM,20210625,1980.85,1980.85,1943.05,1954.25,35930
AJMERA,20210625,234.7,270,230.65,258.9,5744845
AJOONI,20210625,55.9,55.9,53.75,53.85,61140
AKASH,20210625,222.25,232.7,220.25,227.75,98099
AKG,20210625,28.8,28.95,28.1,28.6,16994
AKSHARCHEM,20210625,348.9,354.15,347.2,350.65,22320
AKSHOPTFBR,20210625,8.25,8.25,7.7,7.95,507693
AKZOINDIA,20210625,2354,2355,2294,2310.65,26823
ALANKIT,20210625,23.35,23.35,22.55,23,263939
ALBERTDAVD,20210625,483,489.95,478.1,480.25,23300
ALEMBICLTD,20210625,127.8,129.35,126.55,127.45,394943
ALICON,20210625,576.3,590,558.05,564.6,7758
ALKALI,20210625,71.3,71.3,69.1,69.9,23517
ALKEM,20210625,3100,3148.75,3090,3142.05,51233
ALKYLAMINE,20210625,3558.8,3680,3531.4,3608.6,103078
ALLCARGO,20210625,145,163.9,144,160.65,12181473
ALLSEC,20210625,373.25,382.85,366,381.05,13539
ALMONDZ,20210625,49.2,49.9,45.25,49.9,54977
ALOKINDS,20210625,27.25,27.3,25.9,26,14134343
ALPA,20210625,54.5,55.95,53.2,54.9,37400
ALPHAGEO,20210625,288,305,280.05,296.15,109095
ALPSINDUS,20210625,3.55,3.7,3.4,3.4,7936
AMARAJABAT,20210625,741.95,747.25,738.7,745.25,663095
AMBER,20210625,2985,3030,2907,2929.8,199094
AMBICAAGAR,20210625,20,20.7,19.6,20,46387
AMBIKCO,20210625,1181,1201.1,1168.15,1175.3,21772
AMBUJACEM,20210625,346.9,349.5,345.15,348.05,2206671
AMDIND,20210625,28.8,28.8,27.25,27.25,76407
AMJLAND,20210625,30.45,30.95,29.2,30.6,60495
AMRUTANJAN,20210625,682,687.25,672,676.1,29509
ANANTRAJ,20210625,58.6,59,57,58.05,86527
ANDHRACEMT,20210625,16.65,16.65,16.65,16.65,97091
ANDHRAPAP,20210625,248.55,250.7,243.95,246.3,21635
ANDHRSUGAR,20210625,490,507,471.55,498.05,1803117
ANGELBRKG,20210625,819.5,822.95,792,802,104123
ANIKINDS,20210625,21.9,21.9,20.25,21.15,184280
ANKITMETAL,20210625,2,2,1.9,1.9,240347
ANMOL,20210625,149.5,149.5,140,140.4,28104
ANSALAPI,20210625,8.35,8.4,8.1,8.15,149901
ANSALHSG,20210625,8.3,8.3,8,8.05,62160
ANUP,20210625,873,876,850,870.45,23273
ANURAS,20210625,740,748.2,728.6,745.25,162493
APARINDS,20210625,521.75,528.95,515.5,521.35,22981
APCL,20210625,341.45,345,335.1,343.6,66968
APCOTEXIND,20210625,304,314,302.05,310.45,43363
APEX,20210625,280.4,281.6,270,271.4,157987
APLAPOLLO,20210625,1628,1635,1610,1618.8,126218
APLLTD,20210625,980,992.35,971.45,981.2,137274
APOLLO,20210625,115.95,116.7,114.1,114.6,86001
APOLLOHOSP,20210625,3253.25,3465,3222.25,3439,3717669
APOLLOPIPE,20210625,1010,1024.2,1000.05,1011.9,33870
APOLLOTYRE,20210625,220.45,224.35,219.25,221.25,4482718
APOLSINHOT,20210625,790.6,799.95,782,789.25,1748
APTECHT,20210625,243,246.7,238.65,240.1,268661
ARCHIDPLY,20210625,35.15,35.95,34,35.15,16880
ARCHIES,20210625,16.55,16.8,16.05,16.2,127413
ARENTERP,20210625,16.7,16.7,15.45,16.5,2666
ARIES,20210625,130.8,133.8,129,130,241740
ARIHANT,20210625,25.5,26.3,25.2,25.45,3744
ARIHANTCAP,20210625,125.3,129.5,125.15,127.4,19107
ARIHANTSUP,20210625,94.85,96,91.2,93.6,20389
ARMANFIN,20210625,650,650,625,633.5,42518
AROGRANITE,20210625,56.7,60.95,54.35,59.45,1001128
ARROWGREEN,20210625,149,161.5,148.1,161.5,18753
ARSHIYA,20210625,31.7,32.8,31.7,32.8,260136
ARSSINFRA,20210625,30.2,32,30.2,31,9044
ARTEMISMED,20210625,304.9,305,295,299.05,4774
ARVEE,20210625,118.1,120,109.75,117.8,857
ARVIND,20210625,80.65,81,78.45,78.95,632517
ARVINDFASN,20210625,139.25,140.5,138.2,139.05,293532
ARVSMART,20210625,109,109,105.55,106.3,54175
ASAHIINDIA,20210625,323.65,324,318,318.85,42642
ASAHISONG,20210625,338,344.4,335,338.3,18898
ASAL,20210625,68.65,68.65,62.6,66.6,155617
ASALCBR,20210625,481.8,488.95,477.6,481.35,42677
ASHAPURMIN,20210625,152.85,159.3,145.3,158.95,202516
ASHIANA,20210625,139.55,143.5,138.6,140.1,215307
ASHIMASYN,20210625,19,19.8,19,19.35,32260
ASHOKA,20210625,104.2,107.5,103.3,104.4,4623268
ASHOKLEY,20210625,123,129.5,122,123.4,104328686
ASIANHOTNR,20210625,90.4,91.9,89.15,90.2,11555
ASIANPAINT,20210625,3030.2,3053.5,2985,3003.9,786964
ASIANTILES,20210625,175.1,186.5,175.1,179.5,836444
ASPINWALL,20210625,201.2,203.8,193.2,197.5,5400
ASTEC,20210625,1342.65,1352,1327.05,1341.85,10824
ASTERDM,20210625,158.9,160.1,156.55,157.2,624415
ASTRAL,20210625,1950,1950.05,1886.1,1920.05,211592
ASTRAMICRO,20210625,174,175.9,171.2,172.5,651784
ASTRAZEN,20210625,3675,3675,3635,3641.75,10230
ASTRON,20210625,56.75,57.45,53.1,54.05,247732
ATFL,20210625,950,968,933.85,939.1,11602
ATGL,20210625,1189.4,1189.4,1189.4,1189.4,99247
ATLANTA,20210625,13.7,13.9,13.05,13.3,54460
ATUL,20210625,8992.35,8992.35,8865.6,8878.25,6999
ATULAUTO,20210625,192.5,194.5,189.8,190.35,96296
AUBANK,20210625,1019.55,1040.3,1016.2,1035.6,725955
AURIONPRO,20210625,148.3,148.3,143.4,144.6,41199
AUROPHARMA,20210625,940,959.05,939.6,950.35,1758141
AUSOMENT,20210625,87.2,87.2,83.65,85.05,13713
AUTOAXLES,20210625,1322.6,1355.35,1322,1341.85,11056
AUTOIND,20210625,45.95,47,43.1,46.85,32801
AVADHSUGAR,20210625,434,500,420,452.55,3679000
AVANTIFEED,20210625,557,562.6,551,552.95,188559
AVTNPL,20210625,67.5,67.85,66.1,66.65,113336
AWHCL,20210625,341,342,336.5,338.5,59784
AXISBANK,20210625,737.55,765.95,737.55,761.35,11170037
AXISBNKETF,20210625,348,353,344.95,351.53,1822
AXISBPSETF,20210625,10.14,10.15,10.13,10.14,4728
AXISCADES,20210625,80.7,82.9,76.7,78.3,55918
AXISGOLD,20210625,40.85,40.95,40.65,40.91,137547
AXISHCETF,20210625,86.9,86.9,85.1,86.14,4803
AXISNIFTY,20210625,164.14,165.16,163.91,164.8,3576
AXISTECETF,20210625,305.2,305.2,279,292.94,8808
AYMSYNTEX,20210625,73.95,76.75,73.65,75.15,67767
BAFNAPH,20210625,138,146.05,137.85,143.9,15386
BAGFILMS,20210625,3.75,3.75,3.5,3.55,541552
BAJAJ-AUTO,20210625,4220,4249,4178,4196.15,175051
BAJAJCON,20210625,287.7,287.75,283,283.65,308502
BAJAJELEC,20210625,1044.65,1060.4,1031.85,1044.8,91550
BAJAJFINSV,20210625,12355,12520,12320.5,12486.6,218717
BAJAJHIND,20210625,17.4,17.65,16.85,17.65,25001053
BAJAJHLDNG,20210625,3623.6,3690,3611.2,3656.4,21621
BAJFINANCE,20210625,6057,6107,6030.2,6075.8,961994
BALAJITELE,20210625,65.5,66.25,64.25,65.05,290726
BALAMINES,20210625,2547.8,2766,2545.45,2691.6,137730
BALAXI,20210625,599.15,599.15,586,587.2,2096
BALKRISHNA,20210625,18.85,19.6,18,18.15,1825
BALKRISIND,20210625,2239.95,2255.25,2227.5,2247.45,258137
BALMLAWRIE,20210625,143,146.25,140.6,141.55,717184
BALPHARMA,20210625,97,99.5,97,98.45,14718
BALRAMCHIN,20210625,355,363.8,346.7,351.05,3827109
BANARBEADS,20210625,57.2,57.2,55,55.55,13189
BANARISUG,20210625,1817.95,1875,1774.75,1819.7,13826
BANCOINDIA,20210625,199,199.9,187.25,191.8,471150
BANDHANBNK,20210625,333.4,339.5,332.05,333,3971203
BANG,20210625,33.35,34.3,33.2,33.5,23828
BANKA,20210625,68.65,69.6,68.45,68.6,21601
BANKBARODA,20210625,81.6,84,81,83.5,49628774
BANKBEES,20210625,350.99,356.45,350,354.99,766342
BANKINDIA,20210625,77.4,79.25,77,77.65,3450125
BANSWRAS,20210625,161,168.8,161,168.8,10296
BARBEQUE,20210625,908,915,888.05,892.2,112040
BASF,20210625,2583,2650.55,2575.1,2595.55,34767
BASML,20210625,76.25,76.25,74,75.3,32923
BATAINDIA,20210625,1651.9,1659.15,1625.45,1629.95,286082
BAYERCROP,20210625,5626.65,5697.9,5575.05,5603.4,8739
BBL,20210625,1234.65,1256,1220,1249.7,9432
BBTC,20210625,1337,1358.85,1325.1,1331.35,206543
BCG,20210625,19.35,19.35,19.35,19.35,805466
BCLIND,20210625,224.6,259,224.05,254.5,1131462
BCP,20210625,3.85,3.95,3.8,3.85,189381
BDL,20210625,357,357.35,353,354.3,143264
BEARDSELL,20210625,13.95,13.95,13.05,13.2,4429
BECTORFOOD,20210625,402,406.5,400.55,401.2,116417
BEDMUTHA,20210625,33.75,37.25,33.75,35.95,45190
BEL,20210625,171.15,175.9,170.85,175,23799864
BEML,20210625,1341,1363,1332.1,1344,245298
BEPL,20210625,178.65,179.4,172.6,174.25,1232879
BERGEPAINT,20210625,813,816,804,806.05,303831
BESTAGRO,20210625,314.1,319.9,310.5,317.1,27592
BFINVEST,20210625,405.6,409.9,384.75,395,131031
BFUTILITIE,20210625,525,538,512.8,525.95,1004283
BGRENERGY,20210625,71.5,72.9,69.7,70.05,243992
BHAGERIA,20210625,250,254.45,247.2,249.1,80748
BHAGYANGR,20210625,49.2,52.9,49.2,52.15,101090
BHAGYAPROP,20210625,28.4,30.3,27.8,29.15,192053
BHANDARI,20210625,3.55,3.6,3.55,3.55,349828
BHARATFORG,20210625,736.8,750,736,741.4,1918673
BHARATGEAR,20210625,102.75,106,99.6,100.45,39553
BHARATRAS,20210625,12630,12739,12496.8,12570.85,1373
BHARATWIRE,20210625,62.9,65.7,61.55,65.7,227456
BHARTIARTL,20210625,531.3,535.9,529.35,535.1,5402768
BHEL,20210625,65,66,64.75,65.2,41261986
BIGBLOC,20210625,94.65,99,94,97.35,13570
BIL,20210625,246.8,252,244,249.6,2865
BINDALAGRO,20210625,26.9,27.5,26.5,26.8,159656
BIOCON,20210625,396,399.95,394.4,396.95,642550
BIOFILCHEM,20210625,67.4,68.4,66.5,66.9,56258
BIRLACABLE,20210625,107,122.2,106.65,114.65,1293576
BIRLACORPN,20210625,1240.8,1257,1221,1226.95,136108
BIRLAMONEY,20210625,56.05,57.1,55.65,56.25,475022
BIRLATYRE,20210625,29.4,29.4,28.15,28.8,379093
BKMINDST,20210625,1.3,1.3,1.25,1.25,8533
BLBLIMITED,20210625,9.15,9.8,9,9.4,118494
BLISSGVS,20210625,111.4,111.4,109.05,109.35,149258
BLKASHYAP,20210625,25.15,25.15,25.15,25.15,231200
BLS,20210625,131.25,132.8,129.1,130.15,182519
BLUECOAST,20210625,4.95,4.95,4.95,4.95,90
BLUEDART,20210625,5882,5910.7,5820,5848.9,20034
BLUESTARCO,20210625,815.05,824.4,810,815.5,98340
BODALCHEM,20210625,105.6,105.6,98.4,100.9,1915511
BOMDYEING,20210625,91.8,93.55,90.6,91.8,4165646
BOROLTD,20210625,219,223,217.5,218.4,126099
BORORENEW,20210625,275,278,271,272.2,248816
BOSCHLTD,20210625,14994.85,15147.6,14971.05,15076.6,28461
BPCL,20210625,468.4,472.1,466.2,470.05,2952120
BPL,20210625,39.8,41.4,38,38.5,1843571
BRFL,20210625,12.4,12.4,11.6,11.65,1627460
BRIGADE,20210625,291.4,291.4,285,286.45,204505
BRITANNIA,20210625,3709.9,3709.9,3644.9,3670.05,176772
BRNL,20210625,33.2,34.4,33.1,33.2,88487
BROOKS,20210625,90.25,91.5,85.55,89,25837
BSE,20210625,886.9,918,880,907.75,476549
BSELINFRA,20210625,1.8,1.8,1.8,1.8,12377
BSHSL,20210625,228,228.05,222.05,228,8351
BSL,20210625,56.55,57,54.7,56.6,32959
BSLGOLDETF,20210625,4300,4325,4295,4318.4,897
BSLNIFTY,20210625,172.27,175.36,172.27,175.34,351
BSOFT,20210625,388.55,389.7,381.05,382.6,816225
BURGERKING,20210625,155.35,156.85,154.15,154.85,838969
BUTTERFLY,20210625,688,699,660,696.55,25611
BVCL,20210625,25.1,25.7,23.55,24.9,5649
BYKE,20210625,28.5,29.5,27.8,28.55,62772
CADILAHC,20210625,617.95,633,616.5,624,3101549
CALSOFT,20210625,13.55,13.55,13.55,13.55,5785
CAMLINFINE,20210625,167.1,172.4,167.1,171.35,415885
CAMS,20210625,2777,2794.8,2743.55,2773.3,68877
CANBK,20210625,150,155.3,149.35,153.4,15298977
CANFINHOME,20210625,520.7,527.9,516.25,520.05,480434
CANTABIL,20210625,441.35,445,433.7,436.55,57938
CAPACITE,20210625,195.55,199.2,191.1,192.85,357420
CAPLIPOINT,20210625,660,687.6,653,662,422336
CAPTRUST,20210625,101.85,101.85,95.3,96.35,14489
CARBORUNIV,20210625,584.9,588.35,580.15,584.5,53570
CAREERP,20210625,158.7,164,156.4,161.35,175890
CARERATING,20210625,721.4,742.95,717.6,727.2,432872
CASTROLIND,20210625,144.7,146.35,144.3,145.6,391108
CCCL,20210625,0.65,0.65,0.6,0.6,327862
CCHHL,20210625,6.75,6.8,6.5,6.55,60432
CCL,20210625,342,346.35,336.55,342.95,1023772
CDSL,20210625,964.9,976,964,971.9,217596
CEATLTD,20210625,1356,1356,1338,1340.6,85535
CEBBCO,20210625,31.55,31.65,31,31,245908
CELEBRITY,20210625,8.4,8.6,7.95,8.2,74395
CENTENKA,20210625,416.75,418.6,403.2,405.65,132156
CENTEXT,20210625,9.45,9.5,8.7,9.1,631127
CENTRALBK,20210625,23,25.35,22.75,24.75,38439498
CENTRUM,20210625,44,45.3,43.25,43.7,2654161
CENTUM,20210625,401.55,401.55,393.15,394.5,6989
CENTURYPLY,20210625,415,419.6,410,411.4,95937
CENTURYTEX,20210625,604,610,593.1,598.7,666081
CERA,20210625,4330,4385,4303.3,4352.3,4408
CEREBRAINT,20210625,60.2,61.3,59.2,60.2,448872
CESC,20210625,770,776.1,763.5,772.95,218006
CGCL,20210625,531.6,545,527.15,529.3,49377
CGPOWER,20210625,76,79,76,78.6,1271339
CHALET,20210625,178.9,184,176.25,181,766217
CHAMBLFERT,20210625,294.3,300.95,293.05,294.1,1299923
CHEMBOND,20210625,199.95,202.75,199.1,200.75,6589
CHEMCON,20210625,460.4,464.2,456,458.1,104651
CHEMFAB,20210625,147.7,149.35,146.05,147.1,6429
CHENNPETRO,20210625,145.15,145.15,141,141.4,586698
CHOLAFIN,20210625,531.75,536,529.1,531.9,2700418
CHOLAHLDNG,20210625,639.5,639.5,626.25,632.7,25910
CIGNITITEC,20210625,562.4,571.5,554,556.25,181801
CINELINE,20210625,49.5,51.2,48.85,49.55,88123
CINEVISTA,20210625,12.4,13.1,12.15,13.05,26015
CIPLA,20210625,951,961,948.95,957.1,2134441
CLEDUCATE,20210625,115.75,120.45,112.05,115.7,115606
CLNINDIA,20210625,587.4,613,577.2,584.1,485226
CLSEL,20210625,125.9,135.75,123.1,130.85,316381
CMICABLES,20210625,55.85,57.9,52.5,54,141799
COALINDIA,20210625,146.75,149.25,146.75,148.75,7400514
COCHINSHIP,20210625,408.9,423,400.1,403.15,1239929
COFFEEDAY,20210625,38.55,39,37.55,38,652496
COFORGE,20210625,4100.75,4157.7,4055,4097.7,548604
COLPAL,20210625,1709,1710,1673.55,1676.95,170928
COMPINFO,20210625,30.2,30.85,29.3,29.6,565510
COMPUSOFT,20210625,13.9,14.45,13.75,14.45,100320
CONCOR,20210625,702.4,707.65,693.65,698.85,1260757
CONFIPET,20210625,60.3,60.45,59.5,59.75,290791
CONSOFINVT,20210625,98,98,95,95,8274
CONTROLPR,20210625,375,375,365.5,368.25,10400
CORALFINAC,20210625,41.7,45.65,41,42.45,666703
CORDSCABLE,20210625,73,83.55,70,76.4,3110652
COROMANDEL,20210625,915,956,911,929.35,1725411
COSMOFILMS,20210625,885.9,895,873.05,893.15,62444
COUNCODOS,20210625,3.2,3.2,2.95,3,235219
CPSEETF,20210625,26.33,26.4,26.04,26.18,1272181
CRAFTSMAN,20210625,1755,1793.7,1733,1743,17519
CREATIVE,20210625,140,140,132.3,133.85,195972
CREATIVEYE,20210625,3.15,3.15,3,3,356
CREDITACC,20210625,753.25,769,748.15,765.15,179311
CREST,20210625,103.45,103.75,99.75,101.25,20192
CRISIL,20210625,2822.9,2836.9,2625,2648.15,63537
CROMPTON,20210625,414,415,409.15,410.5,472311
CSBBANK,20210625,335,342,333,337.8,922348
CTE,20210625,37.3,37.7,36,37.7,72410
CUB,20210625,174.4,177.4,173.05,174.15,4909014
CUBEXTUB,20210625,25.95,25.95,24.65,25.15,3505
CUMMINSIND,20210625,832,865.9,832,857.95,2302682
CUPID,20210625,219.8,222,218.1,218.65,39160
CYBERMEDIA,20210625,11.2,11.2,10.4,10.95,31014
CYBERTECH,20210625,140.65,144.8,140.65,142.25,133505
CYIENT,20210625,854,856.8,837,839.5,104155
DAAWAT,20210625,74.05,76.15,73.7,74.05,2036602
DABUR,20210625,575.25,575.5,562.95,564.45,1190963
DALALSTCOM,20210625,1.3,1.3,1.3,1.3,44271
DALBHARAT,20210625,1814.7,1872.5,1810.15,1832.55,176681
DALMIASUG,20210625,448.9,461,431,433.9,1104191
DAMODARIND,20210625,37.5,37.5,35.1,35.8,13786
DANGEE,20210625,184,184,180,180.1,3878
DATAMATICS,20210625,178.15,180.4,171.55,173.45,157505
DBCORP,20210625,108.4,109.85,106.8,108.15,330742
DBL,20210625,570,571.6,554,555.95,262346
DBREALTY,20210625,24.1,24.9,23.4,24.35,410555
DBSTOCKBRO,20210625,14.4,14.4,14,14.35,784
DCAL,20210625,195.5,203.95,194.5,198.65,380775
DCBBANK,20210625,105.5,106.75,104.7,105.2,1661042
DCM,20210625,41.9,43.15,40.25,42.4,41946
DCMFINSERV,20210625,3.2,3.2,3.2,3.2,9777
DCMNVL,20210625,138.7,139.6,135.2,136.15,37103
DCMSHRIRAM,20210625,850,868,817.6,825.45,383129
DCW,20210625,39.85,42.6,39.7,41.55,15002605
DECCANCE,20210625,601.65,605.85,585,587.75,66323
DEEPAKFERT,20210625,409,415,399.4,407.35,137915
DEEPAKNTR,20210625,1748.8,1803,1737.1,1785.3,1128077
DEEPENR,20210625,42.8,47.95,41.4,45.8,805102
DEEPINDS,20210625,84.9,84.9,81.25,81.8,83950
DELTACORP,20210625,182.4,186,179.65,181.7,2103626
DELTAMAGNT,20210625,54.25,54.25,50.7,51.55,25015
DEN,20210625,58,58.35,56.3,56.75,2686132
DENORA,20210625,333.9,343.6,327.05,341.3,16708
DFMFOODS,20210625,388,393.35,383.1,384.5,89298
DGCONTENT,20210625,14.2,14.2,12.9,14.1,249751
DHAMPURSUG,20210625,357,374.6,348,357.55,2550220
DHANBANK,20210625,16.15,16.85,16.05,16.25,2812079
DHANI,20210625,177.5,180.5,174.6,177.3,383750
DHANUKA,20210625,960.85,965.95,950,960.55,62925
DHARSUGAR,20210625,25.55,25.55,25.55,25.55,32692
DHUNINV,20210625,528,528,502.3,507.35,19672
DIAMONDYD,20210625,662.65,684.75,658.8,677.05,15653
DICIND,20210625,479.55,484.8,470.05,474.45,3555
DIGISPICE,20210625,47.25,47.5,44.15,44.5,66563
DISHTV,20210625,14.1,14.35,13.75,14.15,7577628
DIVISLAB,20210625,4254.65,4289,4240.25,4248.75,215936
DIXON,20210625,4570,4585,4486,4499.1,168343
DLF,20210625,291,296.4,290.25,293.9,4304141
DLINKINDIA,20210625,132.75,141.45,130.4,140.25,2372207
DMART,20210625,3325,3347.85,3307,3315.35,107596
DNAMEDIA,20210625,4.45,4.45,4.05,4.05,714767
DOLAT,20210625,73.7,73.7,72,72.45,129720
DOLLAR,20210625,309.4,310.65,306.15,307.95,38693
DONEAR,20210625,41.75,41.85,40.45,40.75,81327
DPABHUSHAN,20210625,172.9,172.9,165.25,166.9,10327
DPSCLTD,20210625,18.95,18.95,18.2,18.6,273947
DPWIRES,20210625,177.85,177.85,170.1,171.65,27642
DRCSYSTEMS,20210625,276,284.75,276,277.1,1180
DREDGECORP,20210625,414,434.8,410.85,421.35,672736
DRREDDY,20210625,5277,5336,5267,5309.3,464073
DSSL,20210625,151.9,157,151.15,154.5,28095
DTIL,20210625,469,485,456.7,456.7,169902
DUCON,20210625,14.7,14.7,14.4,14.7,317147
DVL,20210625,238.5,246.6,235.05,238.8,110146
DWARKESH,20210625,73.5,75.85,71.65,72.85,12896486
DYNAMATECH,20210625,1418.95,1448.35,1402.4,1410.05,4918
DYNPRO,20210625,491.9,491.9,476.1,478.7,15745
EASEMYTRIP,20210625,392.5,395,383.05,385,571435
EASTSILK,20210625,4.6,4.75,4.6,4.75,134640
EBBETF0423,20210625,1135.58,1137.49,1135.57,1136.86,12702
EBBETF0425,20210625,1048.8,1048.8,1047.9,1048,4501
EBBETF0430,20210625,1159.45,1161.98,1158.5,1160.84,16733
EBBETF0431,20210625,1044.99,1044.99,1041,1044.1,49018
EBIXFOREX,20210625,597.05,676.95,597.05,668.25,17250
ECLERX,20210625,1830,1832.7,1767,1798.55,31149
EDELWEISS,20210625,75.9,75.9,72.85,73.4,2645843
EICHERMOT,20210625,2701,2725,2683,2720.8,455803
EIDPARRY,20210625,432.95,461.35,428.25,450.7,3153540
EIHAHOTELS,20210625,345.55,396.7,343.55,357.7,52028
EIHOTEL,20210625,112.9,115.9,111.7,113.85,1196225
EIMCOELECO,20210625,379.05,379.6,364.4,369.35,1981
EKC,20210625,103,104.5,98.05,99.2,413402
ELECON,20210625,132,139,131.6,137,1253678
ELECTCAST,20210625,36.05,36.7,35.4,35.7,971826
ELECTHERM,20210625,171.95,180.1,168.65,172.4,95114
ELGIEQUIP,20210625,213.65,215.85,210.5,212.1,146238
ELGIRUBCO,20210625,39,39,37.1,37.45,58722
EMAMILTD,20210625,557,557.55,539,539.95,330545
EMAMIPAP,20210625,154.7,157.05,150.35,154.8,31636
EMAMIREAL,20210625,54.15,60,52.95,60,148105
EMKAY,20210625,78.1,79.5,77,77.45,34097
EMMBI,20210625,100.55,102.5,98.05,98.7,57891
ENDURANCE,20210625,1533.9,1567.6,1525.05,1550,76930
ENERGYDEV,20210625,13.65,13.65,12.65,13.15,248227
ENGINERSIN,20210625,81.4,81.9,80.6,80.85,1404950
ENIL,20210625,176.5,179,175.3,176.9,58109
EPL,20210625,279.45,284.25,279.15,280.65,160151
EQ30,20210625,380.05,384.9,375.1,382.9,254
EQUITAS,20210625,93.5,95,93.25,94.45,889017
EQUITASBNK,20210625,58.95,59.9,58.4,58.75,163674
ERIS,20210625,697.95,700.8,693,697.65,160494
EROSMEDIA,20210625,28.4,29.15,27.85,28.75,592735
ESABINDIA,20210625,1958.7,1958.7,1902,1914.2,6475
ESCORTS,20210625,1156.5,1184.9,1156.5,1182.45,752309
ESSARSHPNG,20210625,11.7,12,11.4,11.55,128816
ESTER,20210625,133.95,136.95,132.95,133.35,253542
EUROTEXIND,20210625,8.35,8.45,8.35,8.45,652
EVEREADY,20210625,307.8,314.5,303.5,308.25,765784
EVERESTIND,20210625,359.6,362.05,356,357.2,44176
EXCEL,20210625,3.85,3.85,3.6,3.6,126881
EXCELINDUS,20210625,1061.25,1074.8,1057.25,1062.9,6627
EXIDEIND,20210625,182.45,183.85,182.35,182.75,1324865
EXPLEOSOL,20210625,689.15,700,686.3,692.3,32197
FACT,20210625,138.2,139.65,133.55,134.35,504411
FAIRCHEMOR,20210625,1500,1541,1480.1,1500.5,38691
FCL,20210625,90.5,93,90.2,90.4,427688
FCONSUMER,20210625,10,10.05,9.55,9.65,12130301
FCSSOFT,20210625,2.3,2.3,2.1,2.1,11845457
FDC,20210625,352,357.8,348.05,351.55,180363
FEDERALBNK,20210625,85.15,86.2,84.85,85.75,14215718
FEL,20210625,11.75,12.3,11.4,11.7,2569280
FELDVR,20210625,14.7,15.5,14.55,14.65,58673
FIEMIND,20210625,704.6,719,682.2,700.2,78438
FILATEX,20210625,100.8,101.4,99.5,100.1,214031
FINCABLES,20210625,519.4,538,509.5,512.65,269945
FINEORG,20210625,2917.8,2917.8,2848.15,2899.7,48215
FINPIPE,20210625,172.9,177.9,172.3,173.95,1633287
FLEXITUFF,20210625,20.95,20.95,19.55,20.2,5202
FLFL,20210625,77.2,78.55,73.35,75,172849
FLUOROCHEM,20210625,1107.9,1107.95,1080.85,1088.55,22498
FMGOETZE,20210625,338.8,341.5,336.5,339.1,151091
FMNL,20210625,18.9,20.6,18.9,19.35,255705
FORCEMOT,20210625,1193.35,1204.5,1185,1200.2,16253
FORTIS,20210625,232.9,245.6,231,241,9968856
FOSECOIND,20210625,1447.95,1709.8,1440.05,1709.8,112405
FRETAIL,20210625,66.8,67.8,64,65.25,2898500
FSC,20210625,99,99.8,93,94.8,42069
FSL,20210625,165,169.85,165,168.25,2572761
GABRIEL,20210625,121.2,122,119.35,120.15,364800
GAEL,20210625,179,182.35,177,177.95,825491
GAIL,20210625,153,154.7,152.25,153.1,6551074
GAL,20210625,2.45,2.65,2.45,2.65,557360
GALAXYSURF,20210625,3038,3055,3016,3040.3,21903
GALLANTT,20210625,66,70.75,66,68.8,527121
GALLISPAT,20210625,50.3,54.8,50.3,52.5,211063
GAMMNINFRA,20210625,2.6,2.65,2.6,2.6,3946811
GANDHITUBE,20210625,430,430,418,423.5,40542
GANECOS,20210625,528.05,538.05,524.95,530.05,6694
GANESHHOUC,20210625,91.5,93.9,89,89.35,30642
GANGESSECU,20210625,73,87.7,73,87.7,327668
GARFIBRES,20210625,3295,3297.7,3237.05,3250,13776
GATI,20210625,153.3,179.95,150.75,161.45,13124195
GAYAHWS,20210625,0.9,0.9,0.8,0.9,313772
GAYAPROJ,20210625,31.9,32.5,31.7,31.9,458103
GDL,20210625,296,296,280.1,285.05,137267
GEECEE,20210625,140.5,166.35,137.7,161.8,512952
GEEKAYWIRE,20210625,86.1,106,86.1,100.3,447246
GENCON,20210625,44.45,45.7,44.15,44.95,16899
GENESYS,20210625,118,119.9,115.05,116.85,13505
GENUSPAPER,20210625,11.2,11.9,11,11.05,1084514
GENUSPOWER,20210625,54.25,55.3,53,53.3,182819
GEOJITFSL,20210625,74.05,74.7,73.5,73.7,247192
GEPIL,20210625,336.45,340,326,328.3,349721
GESHIP,20210625,397.45,397.45,381,382.4,388499
GET&D,20210625,146.95,146.95,143.45,145.3,161753
GFLLIMITED,20210625,71.6,71.6,68.5,69.6,225777
GFSTEELS,20210625,2.8,2.8,2.8,2.8,220
GHCL,20210625,273.05,277.55,261,275.35,117041
GICHSGFIN,20210625,148.3,151.25,148.1,148.9,428360
GICRE,20210625,200.45,201.5,197.3,198.35,254470
GILLANDERS,20210625,49.7,50,49.25,49.45,10881
GILLETTE,20210625,5639.75,5750,5630.3,5709.55,4947
GINNIFILA,20210625,32.4,35.85,31.5,35.85,924672
GIPCL,20210625,82.05,84.9,81.8,83.15,405673
GKWLIMITED,20210625,572.95,579.6,541.7,565.65,1708
GLAND,20210625,3150,3220,3121.55,3190.35,129711
GLAXO,20210625,1515,1540,1510.6,1514.8,28954
GLENMARK,20210625,636,650,634.5,646.4,1332075
GLFL,20210625,2.6,2.6,2.5,2.5,6507
GLOBAL,20210625,50.6,50.6,48.1,48.7,15988
GLOBALVECT,20210625,51.95,51.95,48.35,49.45,33849
GLOBE,20210625,115.5,115.5,113,114.1,53488
GLOBUSSPR,20210625,585,600,570,585.85,149634
GMBREW,20210625,590.15,592.7,583,587.55,28493
GMDCLTD,20210625,74.3,75.65,74.2,75.15,984877
GMMPFAUDLR,20210625,4660.8,4727,4645.6,4687.15,20746
GMRINFRA,20210625,31.55,32.45,31.2,31.7,37040808
GNA,20210625,431.8,435,427.75,434.35,53101
GNFC,20210625,362.9,364.9,358.45,360.95,442868
GOACARBON,20210625,409.55,417.85,400.05,410,14948
GOCLCORP,20210625,251.05,257.1,250.1,251.8,10981
GODFRYPHLP,20210625,976.9,1110,976.9,1025.65,2825495
GODHA,20210625,37.2,37.2,37.05,37.05,144
GODREJAGRO,20210625,620.9,626.35,612,615.25,517082
GODREJCP,20210625,873.9,880,863,870.55,1237154
GODREJIND,20210625,563.75,582.85,556.5,570.65,605157
GODREJPROP,20210625,1390.45,1411.25,1386,1401.05,302288
GOKEX,20210625,144.5,148,142,143.85,361659
GOKUL,20210625,30.2,30.5,29.6,30.35,80413
GOKULAGRO,20210625,41.1,41.55,40.6,41.05,117789
GOLDBEES,20210625,40.92,40.99,40.72,40.95,3318404
GOLDENTOBC,20210625,51.65,53,49.65,51.6,58156
GOLDIAM,20210625,475.9,479,455.95,458.85,43459
GOLDSHARE,20210625,41.2,41.45,40.95,41.05,46084
GOLDTECH,20210625,13.05,13.55,12.75,12.95,101763
GOODLUCK,20210625,106.05,112.8,106.05,111.45,348110
GOODYEAR,20210625,1031.45,1074,1024.95,1057,267360
GPIL,20210625,1367,1381,1312,1324.25,39474
GPPL,20210625,111.45,112.2,108.5,109.2,690751
GPTINFRA,20210625,81.5,84.6,75.6,82.5,462535
GRANULES,20210625,313,315.5,310.5,314,1148987
GRAPHITE,20210625,631.9,642.65,621,626.25,1056988
GRASIM,20210625,1501.7,1515,1490,1506.85,1194203
GRAVITA,20210625,123.9,129.9,123.05,125.65,495769
GREAVESCOT,20210625,171,177.6,168,169.3,6814135
GREENLAM,20210625,1172,1239.45,1168,1214.95,12238
GREENPANEL,20210625,227.7,233,222.2,227.2,74164
GREENPLY,20210625,206.4,207.4,201.1,205.75,234442
GREENPOWER,20210625,2.95,3,2.9,2.9,2756710
GRINDWELL,20210625,1202,1212.35,1182.75,1197.7,217680
GROBTEA,20210625,1325.75,1325.75,1200,1325.75,6970
GRPLTD,20210625,987.6,994.05,970,974.25,1251
GRSE,20210625,212.1,213.9,207.6,208.45,334599
GSCLCEMENT,20210625,46.15,47.65,45,45.4,576983
GSFC,20210625,112.25,113.75,111.7,112.55,763291
GSPL,20210625,342,342.1,329.35,332.55,498136
GSS,20210625,67.55,68.4,66,66.1,159521
GTL,20210625,22.55,22.65,21.6,22.65,645544
GTLINFRA,20210625,1.75,1.75,1.75,1.75,4875062
GTNTEX,20210625,8.6,8.6,8.6,8.6,435
GTPL,20210625,168.95,172.45,166.45,170.9,47723
GUFICBIO,20210625,172.6,179.9,172.6,175.25,251304
GUJALKALI,20210625,399.05,419,399.05,408.8,474652
GUJAPOLLO,20210625,234.2,277.05,234.2,254.9,1057283
GUJGASLTD,20210625,655.2,657.8,637.45,643.3,1910983
GUJRAFFIA,20210625,59.15,64.1,59.15,62.35,9221
GULFOILLUB,20210625,693.6,694.9,689.1,689.7,27855
GULFPETRO,20210625,63,64,60.8,62,120025
GULPOLY,20210625,197.25,197.25,189.55,192.1,98625
HAL,20210625,1022,1039,1018.6,1037,150144
HAPPSTMNDS,20210625,928,959,927.1,941.4,4189945
HARRMALAYA,20210625,213.2,216.5,208.35,209.35,148145
HATHWAY,20210625,26.6,26.65,25.8,26.2,6226472
HATSUN,20210625,920,920,904,906.8,33276
HAVELLS,20210625,992,1001.55,990,999.35,587103
HAVISHA,20210625,1.9,1.9,1.8,1.9,472268
HBANKETF,20210625,349.15,355.63,348.61,352.47,2277
HBLPOWER,20210625,44.5,44.9,43.3,43.45,651273
HBSL,20210625,22.9,23.8,21.8,23.5,56301
HCC,20210625,12.35,13.15,12.35,12.6,16882581
HCG,20210625,205.1,234.3,204.3,219.5,1102600
HCL-INSYS,20210625,18.3,18.3,18.3,18.3,384225
HCLTECH,20210625,995,1010,989.25,995.65,5196000
HDFC,20210625,2511,2515,2482,2509.2,1871813
HDFCAMC,20210625,2947,3000,2934.65,2985.3,182970
HDFCBANK,20210625,1511.1,1522,1507,1515.1,5191588
HDFCLIFE,20210625,722,731.5,718.3,725.95,2833717
HDFCMFGETF,20210625,41.96,42.07,41.82,42.03,334796
HDFCNIFETF,20210625,175.7,175.7,167.64,168.68,16893
HDFCSENETF,20210625,560.1,570.99,560.1,566.78,2773
HEG,20210625,2210,2260.9,2201,2209.25,210105
HEIDELBERG,20210625,250.1,253.7,250.1,252.65,180817
HEMIPROP,20210625,141.25,144.5,141.25,142.55,264663
HERANBA,20210625,695.5,709,687,702.65,147268
HERCULES,20210625,143.65,143.65,139.5,140.15,49231
HERITGFOOD,20210625,399.8,414,398.5,400.25,154413
HEROMOTOCO,20210625,2908,2949.3,2901.95,2939.2,631005
HESTERBIO,20210625,2589,2657.95,2578.1,2592.25,12729
HEXATRADEX,20210625,117.25,118.9,108.3,118.75,85364
HFCL,20210625,67.6,68.25,63.7,64.7,22559092
HGINFRA,20210625,362,386.5,361.95,384.15,516407
HGS,20210625,2520,2520,2350,2428.65,23224
HIKAL,20210625,476.8,478.2,459.05,470.6,226951
HIL,20210625,4481,4550,4480,4489.65,3784
HILTON,20210625,12.85,12.85,11.9,12.3,7931
HIMATSEIDE,20210625,185,186.75,178,180.4,159192
HINDALCO,20210625,371.55,380.35,371.55,375.9,12815999
HINDCOMPOS,20210625,328.95,336.5,319.35,322.7,15822
HINDCOPPER,20210625,151,156.6,151,154.25,4998700
HINDMOTORS,20210625,9.25,9.4,8.5,8.75,548863
HINDNATGLS,20210625,48.2,49.9,48,48.7,46755
HINDOILEXP,20210625,118.4,123.5,117.3,122.7,1440195
HINDPETRO,20210625,297.7,299.85,296.35,298,2492381
HINDUNILVR,20210625,2488,2489.95,2445,2448.65,1112942
HINDZINC,20210625,338.25,341.5,336.35,339.55,917171
HIRECT,20210625,154,165,152,159.45,76095
HISARMETAL,20210625,134.9,143,126.55,141.7,381313
HITECH,20210625,406.9,423.4,406.9,416,147197
HITECHCORP,20210625,236.05,239.75,228.9,229.8,21443
HITECHGEAR,20210625,239.4,250,237.65,244,9863
HLEGLAS,20210625,3464,3496.45,3415,3441.75,3578
HLVLTD,20210625,10.25,10.85,10.05,10.35,1173772
HMVL,20210625,89.8,97,85.35,88.5,454987
HNDFDS,20210625,2050,2050,2000,2025.75,6008
HNGSNGBEES,20210625,356.98,356.98,350.01,352.93,768
HOMEFIRST,20210625,534,539.15,530.35,535,61212
HONAUT,20210625,40300,40500,39840,39896,3577
HONDAPOWER,20210625,1225.4,1262.85,1214,1231.3,17093
HOTELRUGBY,20210625,1.95,1.95,1.95,1.95,2034
HOVS,20210625,52.6,52.6,51.05,51.9,5735
HPL,20210625,61.8,62.85,61.05,61.9,258275
HSCL,20210625,59.65,60.65,58.6,59.05,8072292
HSIL,20210625,251.8,256.4,244.3,250.55,649292
HTMEDIA,20210625,26.65,27.55,26.5,27,302339
HUBTOWN,20210625,28.45,28.55,27,27.9,45301
HUDCO,20210625,55.35,56.2,54.35,54.55,4312734
HUHTAMAKI,20210625,293.5,294,289.05,292.3,68675
IBMFNIFTY,20210625,154.3,158.91,154.3,157.33,1541
IBREALEST,20210625,122,124.85,114.75,116.25,16575656
IBULHSGFIN,20210625,267.6,276.4,263.6,271.4,20318301
ICEMAKE,20210625,85.7,86,83.7,84,10631
ICICI500,20210625,225.42,225.42,220,223.48,2964
ICICIALPLV,20210625,158.45,158.45,155.1,156.92,1900
ICICIB22,20210625,39.4,40,39.24,39.94,293746
ICICIBANK,20210625,636.1,650,636.1,649,14785922
ICICIBANKN,20210625,377.8,377.8,322.4,351.45,3458
ICICIBANKP,20210625,182,183.67,180.8,183.09,5167
ICICIGI,20210625,1529,1559,1525.3,1549.15,706530
ICICIGOLD,20210625,41.43,42,41.43,41.89,192280
ICICILIQ,20210625,999.99,1002,999.99,999.99,16860
ICICILOVOL,20210625,127.1,131.7,127.1,129.84,50490
ICICIM150,20210625,102.5,102.5,101.05,102.23,4339
ICICIMCAP,20210625,93.58,93.58,91.4,93.12,6472
ICICINF100,20210625,172.92,179.77,171.13,173.88,3367
ICICINIFTY,20210625,193.9,193.9,168,169.35,46800
ICICINV20,20210625,77.4,85.79,77.4,85.31,13896
ICICINXT50,20210625,39.59,39.59,35.6,39.24,10479
ICICIPHARM,20210625,85.05,86.49,85.01,85.92,9007
ICICIPRULI,20210625,600,621.8,599,616.25,1877031
ICICISENSX,20210625,572,573,569.01,572.82,523
ICICITECH,20210625,290,299.97,290,294.33,379897
ICIL,20210625,170,174.4,168.95,171.5,343711
ICRA,20210625,3283,3290,3207.15,3224.9,6997
IDBI,20210625,38.8,38.95,38.2,38.4,10026758
IDBIGOLD,20210625,4325.3,4372,4303.5,4322.95,113
IDEA,20210625,9.7,10.85,9.65,10.6,501201896
IDFC,20210625,54.4,56.4,53.6,54.7,4520519
IDFCFIRSTB,20210625,57.3,58.5,57.2,58.25,23214704
IDFNIFTYET,20210625,165.21,165.88,165.21,165.88,19
IEX,20210625,376.8,378.7,373.9,375.8,994480
IFBAGRO,20210625,587.8,593,575.1,577.5,34816
IFBIND,20210625,1070.95,1082.95,1055,1059.5,15623
IFCI,20210625,15.35,15.65,14.6,14.75,12782905
IFGLEXPOR,20210625,393,393,381,383.25,36154
IGARASHI,20210625,474.9,498.85,474.9,484.8,549815
IGL,20210625,515.15,522.65,508.15,512.55,4909146
IGPL,20210625,625.1,625.1,615.65,620.7,46115
IIFL,20210625,252.6,252.6,243,247.8,31507
IIFLSEC,20210625,72.45,73.5,71.4,71.7,298334
IIFLWAM,20210625,1147,1148.05,1111,1125.75,20134
IITL,20210625,72,72.95,69.05,70.25,5601
IMAGICAA,20210625,8.35,8.75,7.95,8.2,220536
IMFA,20210625,558.8,571.95,554.5,558.3,71233
IMPAL,20210625,795.15,810.95,781,787.7,9704
INCREDIBLE,20210625,32.8,32.8,31.15,31.2,60078
INDBANK,20210625,19.9,20.85,19.9,20.25,238140
INDHOTEL,20210625,146.75,150.7,145.05,147.45,10382312
INDIACEM,20210625,193,194.6,190,190.55,1183511
INDIAGLYCO,20210625,540,555,540,553.2,199992
INDIAMART,20210625,7108.4,7121,6985,7003.6,69645
INDIANB,20210625,147.4,151,146.8,148.5,3036940
INDIANCARD,20210625,164.15,164.15,159.2,159.8,3915
INDIANHUME,20210625,215.65,217.25,212.6,213.35,51826
INDIGO,20210625,1695,1732.45,1692,1728.2,513349
INDIGOPNTS,20210625,2549.35,2570,2511.1,2518.5,23828
INDLMETER,20210625,13.9,14,13.65,13.7,28379
INDNIPPON,20210625,363.3,374.9,363.3,371.2,46830
INDOCO,20210625,399.5,410.25,390.2,391.9,124564
INDORAMA,20210625,51,52,50.45,51.2,31015
INDOSTAR,20210625,344,358.75,341.4,354.4,82019
INDOTECH,20210625,188,200.35,183.5,200.35,439909
INDOTHAI,20210625,51.35,51.9,51,51.4,505
INDOWIND,20210625,7.3,7.45,7.2,7.2,176477
INDRAMEDCO,20210625,85.05,88.35,84.6,85.05,1150394
INDSWFTLAB,20210625,109.1,114.7,109.1,111.8,222025
INDTERRAIN,20210625,38.9,41.4,38,40.25,895159
INDUSINDBK,20210625,997,1020,986.65,1012.9,3499315
INDUSTOWER,20210625,244.5,246,241.55,244.45,3049628
INEOSSTYRO,20210625,1420.2,1440.95,1411.2,1436.55,18246
INFIBEAM,20210625,55,56,54,54.65,8992868
INFOBEAN,20210625,305,310,300.1,303.4,24279
INFOMEDIA,20210625,4.55,4.55,4.35,4.35,2612
INFRABEES,20210625,451.27,458,450.26,453.21,713
INFY,20210625,1572,1578,1543,1574.2,9780240
INGERRAND,20210625,999,999,962.55,976.2,63064
INOXLEISUR,20210625,321,321,311.95,314.9,275989
INOXWIND,20210625,84.8,89,83.7,86.6,132880
INSECTICID,20210625,738,747.65,731,734.55,31700
INSPIRISYS,20210625,52,53.65,51.3,53.65,22509
INTELLECT,20210625,733,744,733,738.3,174432
INTENTECH,20210625,71.8,73.35,71.5,71.9,35432
INVENTURE,20210625,4.6,4.65,4,4.05,17011927
IOB,20210625,23,25.35,22.75,24.8,47560452
IOC,20210625,111.5,112.4,111.2,111.4,5213142
IOLCP,20210625,621.6,626.4,615,615.9,218356
IPCALAB,20210625,2010.7,2029.8,1997.8,2018.65,111670
IRB,20210625,167.9,168.6,160.2,162.3,3326310
IRCON,20210625,47.75,48,47.4,47.8,1302225
IRCTC,20210625,2084.35,2088.5,2053.1,2068.85,475822
IRFC,20210625,24.7,24.85,24.6,24.7,8120462
IRISDOREME,20210625,121.35,121.6,116.65,118.55,9434
ISEC,20210625,629.25,634,615,624.7,332058
ISFT,20210625,93.5,97.5,91.55,96.55,64514
ISGEC,20210625,627.9,635,607.05,615.6,99438
ISMTLTD,20210625,22.5,23.2,21.1,23.2,486239
ITC,20210625,204,205.6,203.75,205.05,13877208
ITDC,20210625,389,403.95,387.05,391.2,95967
ITDCEM,20210625,83.65,84.5,82.5,82.85,371406
ITI,20210625,131.55,131.55,127.9,128.25,663069
IVC,20210625,5.8,6,5.7,5.8,184426
IVP,20210625,136.7,136.7,130.2,134.35,57500
IVZINGOLD,20210625,4250,4288,4231,4277.75,59
IVZINNIFTY,20210625,1723.9,1723.9,1723.9,1723.9,1
IWEL,20210625,339.35,339.35,339.35,339.35,4483
IZMO,20210625,84.75,85.55,79.65,80.3,119747
J&KBANK,20210625,40.25,40.3,38.2,39,8717024
JAGRAN,20210625,68.05,69.55,66.25,66.65,918703
JAGSNPHARM,20210625,147.3,160.2,147.3,156.6,338113
JAIBALAJI,20210625,52.5,56.15,52.25,55,103080
JAICORPLTD,20210625,157,158.9,153.05,155.8,4719892
JAMNAAUTO,20210625,85,85,83.5,83.75,270575
JASH,20210625,471,544.35,454,523.35,440204
JAYAGROGN,20210625,210.1,229.9,210.1,222.65,296920
JAYBARMARU,20210625,218,223,216.65,219.4,80384
JAYNECOIND,20210625,19.95,20,19.35,19.65,109508
JAYSREETEA,20210625,103.6,105.5,102.1,102.85,117211
JBCHEPHARM,20210625,1562,1590,1551,1586.1,103551
JBFIND,20210625,36.05,36.05,32.65,35.95,3049824
JBMA,20210625,453.7,465,444.9,448.35,102912
JCHAC,20210625,2269,2293.95,2250,2253.95,11918
JHS,20210625,23.5,23.6,21.5,22.3,175122
JINDALPHOT,20210625,66,68,66,66.1,3317
JINDALPOLY,20210625,882,890,851.3,859.6,148667
JINDALSAW,20210625,105.9,109.8,105.65,107,1943188
JINDALSTEL,20210625,391.95,401.9,390.25,395.6,10914596
JINDRILL,20210625,124,129.5,124,126.25,32234
JINDWORLD,20210625,63.55,66.35,62.7,63.4,198436
JISLDVREQS,20210625,16.95,17.3,16.6,17.1,26115
JISLJALEQS,20210625,26.25,26.25,25.35,25.75,2347494
JITFINFRA,20210625,15.7,15.75,15.2,15.65,38693
JIYAECO,20210625,6.35,6.35,5.9,6,44426
JKCEMENT,20210625,2850,2863.9,2815.8,2854.9,64398
JKIL,20210625,187.5,194.7,186,188.45,127113
JKLAKSHMI,20210625,573.35,580,570.2,578.5,213132
JKPAPER,20210625,201.4,203.5,196.35,199.6,2276319
JKTYRE,20210625,144.5,145.1,142.15,142.7,834459
JMA,20210625,51.9,51.9,49.05,49.75,134523
JMCPROJECT,20210625,113.3,117.75,112,113.1,204710
JMFINANCIL,20210625,92.4,93.25,90.5,91.3,807601
JMTAUTOLTD,20210625,3.15,3.15,3.05,3.1,1530306
JOCIL,20210625,189.15,194,185,188.4,15921
JPASSOCIAT,20210625,12.6,13.85,12.6,13.4,18254457
JPINFRATEC,20210625,2.95,2.95,2.95,2.95,1117702
JPPOWER,20210625,5.55,5.55,5.55,5.55,20201566
JSL,20210625,105.2,108.6,105,106.75,3666422
JSLHISAR,20210625,198.1,206.9,197.75,200.6,904878
JSWENERGY,20210625,159,159.95,152.2,153.85,2071515
JSWHL,20210625,4850,4942.8,4825.1,4871.15,670
JSWISPL,20210625,38.05,39.8,37.2,39.8,33371996
JSWSTEEL,20210625,685,702.35,685,689.5,9066409
JTEKTINDIA,20210625,106.8,106.8,103.8,105.05,172505
JUBLFOOD,20210625,3164.95,3180,3092.05,3117.85,401686
JUBLINDS,20210625,314,317.75,301,311.1,28497
JUBLINGREA,20210625,545,560,541,549.65,598968
JUBLPHARMA,20210625,745,747.3,738,739.15,107598
JUMPNET,20210625,10.2,10.2,10.2,10.2,186873
JUNIORBEES,20210625,404,404.52,397.6,403.96,56910
JUSTDIAL,20210625,999,1013.5,988.05,992.25,1582116
JYOTHYLAB,20210625,155,155.6,154.25,154.7,189473
KABRAEXTRU,20210625,186,200.8,185.35,192.25,951189
KAJARIACER,20210625,988,994.4,976.05,993.9,80129
KAKATCEM,20210625,270.1,277.85,263.65,267.75,110745
KALPATPOWR,20210625,440.4,442,423.65,425.9,341792
KALYANIFRG,20210625,212,212,204.6,207.55,560
KALYANKJIL,20210625,80.1,80.1,78.6,79.2,1068780
KAMATHOTEL,20210625,47.5,47.5,46.2,46.45,34559
KAMDHENU,20210625,158.6,164.75,158.6,160.25,70300
KANANIIND,20210625,9.3,10.2,9.3,10.2,97553
KANORICHEM,20210625,142,150.15,137.25,149.15,95011
KANPRPLA,20210625,222,240.5,215,236.6,192053
KANSAINER,20210625,590,600,585.2,589.15,262324
KAPSTON,20210625,89,90.8,85.7,86.25,2619
KARDA,20210625,174.5,174.5,167,173.2,309714
KARMAENG,20210625,19.15,19.15,17.75,18.7,6186
KARURVYSYA,20210625,51.15,53.35,51.05,52.7,2991846
KAUSHALYA,20210625,2.2,2.2,2.15,2.15,11850
KAYA,20210625,325,331.85,324.6,326.7,10023
KCP,20210625,121.4,144,120.7,137.5,6146892
KCPSUGIND,20210625,25.3,25.9,24.6,25.25,1638628
KDDL,20210625,340.1,350,335,349.4,4539
KEC,20210625,450,459.9,445.8,456.25,620450
KECL,20210625,19.7,19.7,18.35,18.9,68346
KEERTI,20210625,21.7,22.8,21.4,22.2,51698
KEI,20210625,674.95,719.65,664,708.1,655238
KELLTONTEC,20210625,71.8,72.45,70.15,70.55,637872
KENNAMET,20210625,1196.65,1265.95,1181,1231.8,20969
KERNEX,20210625,70.5,72,70.4,70.55,16372
KESORAMIND,20210625,94.1,95.65,92.25,92.7,1621054
KEYFINSERV,20210625,74.25,75.15,72.25,72.85,2056
KHADIM,20210625,290,311,273.35,301.05,846657
KHAICHEM,20210625,50.75,52,49.1,50.7,181312
KHANDSE,20210625,17.85,17.85,16.25,16.6,6676
KICL,20210625,2050.05,2066.6,2025.1,2041.75,1177
KILITCH,20210625,173.25,173.25,158.1,163,34494
KINGFA,20210625,1030,1044.25,1009,1039.55,5495
KIOCL,20210625,267,276.25,265.1,276.25,83641
KIRIINDUS,20210625,599,623.75,596.15,609.75,541378
KIRLFER,20210625,237.75,246.8,235.55,245.15,310926
KIRLOSBROS,20210625,442,442,422.5,425.2,12174
KIRLOSENG,20210625,233,252.7,231.4,243.75,493451
KIRLOSIND,20210625,1700,1700,1657.65,1691.05,2022
KITEX,20210625,120.9,122.5,119.5,119.85,147017
KKCL,20210625,898,907.05,890,894.35,5063
KMSUGAR,20210625,31,31.1,30.55,31.1,1074750
KNRCON,20210625,223.4,223.8,219.2,220.25,169535
KOKUYOCMLN,20210625,67.85,68.05,66.65,66.95,292964
KOLTEPATIL,20210625,219.15,227.2,218,223.6,362785
KOPRAN,20210625,195.5,204,192.8,200.35,265178
KOTAKBANK,20210625,1735,1754,1720.9,1735,9577645
KOTAKBKETF,20210625,353.13,357.61,352,355.85,486691
KOTAKGOLD,20210625,412.2,412.4,409.9,411.65,28657
KOTAKIT,20210625,29.28,29.4,28.91,29.28,7088
KOTAKNIFTY,20210625,180.7,180.7,165.45,166.36,90099
KOTAKNV20,20210625,87,87.4,85.25,87.39,6682
KOTAKPSUBK,20210625,242.99,248.9,237.95,247.56,66856
KOTARISUG,20210625,41.5,42.4,39.85,40.2,1422751
KOTHARIPET,20210625,40.7,42.4,40.55,41.05,177803
KOTHARIPRO,20210625,88.2,89.8,84,85.1,25882
KPITTECH,20210625,245.25,246.9,239.1,241.25,295548
KPRMILL,20210625,1510,1557,1489.95,1517.65,29631
KRBL,20210625,264,264.95,250.5,254.2,2594338
KREBSBIO,20210625,117,119.7,115.2,115.95,17372
KRIDHANINF,20210625,6.15,6.75,6.15,6.6,271490
KRISHANA,20210625,107.05,112.75,107.05,108.05,9732
KSB,20210625,925,930,915,917.7,38716
KSCL,20210625,712.9,724,702.25,706.3,134987
KSL,20210625,401.2,412.3,398.3,408.4,196328
KTKBANK,20210625,63.1,63.25,62.5,62.6,803743
KUANTUM,20210625,74.8,74.8,71,71.95,52469
L&TFH,20210625,94.6,96.2,94.5,95.35,7278103
LALPATHLAB,20210625,3189,3210,3150.5,3160.1,159669
LAMBODHARA,20210625,83.8,93.6,80.25,89.85,323660
LAOPALA,20210625,269.65,271.85,266.1,266.9,33359
LASA,20210625,84,86.7,80.4,82.05,518564
LAURUSLABS,20210625,629,682.8,628.4,650.7,12830496
LAXMIMACH,20210625,6180,6194,6050,6126.4,21035
LCCINFOTEC,20210625,2.05,2.15,2.05,2.05,212084
LEMONTREE,20210625,41.9,42.2,41.05,41.35,2812540
LFIC,20210625,78.75,82.35,78.75,80.55,397
LGBBROSLTD,20210625,465.8,470.95,452,454.75,166140
LGBFORGE,20210625,7.2,7.55,7.2,7.55,1163344
LIBAS,20210625,61.85,61.9,60.7,61.1,243741
LIBERTSHOE,20210625,164,167.8,160.35,161.65,734289
LICHSGFIN,20210625,469,475.75,462.55,467.7,6646669
LICNETFGSC,20210625,22.15,22.15,21.95,22,2737
LICNETFN50,20210625,194.82,199.75,194.82,199.75,40
LICNETFSEN,20210625,563,563,554.5,562.89,59
LICNFNHGP,20210625,164.2,166.9,163.27,164.65,255
LIKHITHA,20210625,413.8,413.8,405.05,407.55,46671
LINCOLN,20210625,305.2,322.75,305.2,316.05,186777
LINCPEN,20210625,201.75,205,192.1,197.25,4508
LINDEINDIA,20210625,1612,1614,1586,1594.05,39052
LIQUIDBEES,20210625,1000,1000.01,998.15,999.99,1110460
LIQUIDETF,20210625,1000.04,1000.04,999.99,1000,16558
LODHA,20210625,687,687.75,673.05,676.25,113525
LOKESHMACH,20210625,42.9,44.6,40.85,43.8,31133
LOTUSEYE,20210625,53.3,57.8,50.1,56.2,388091
LOVABLE,20210625,125,127.85,122,124.65,75702
LPDC,20210625,5.55,5.55,5.55,5.55,28824
LSIL,20210625,3.65,3.65,3.65,3.65,2270355
LT,20210625,1510.5,1529.3,1507.5,1523.85,2099002
LTI,20210625,4200,4233,4175,4215.45,255481
LTTS,20210625,2889.9,2978,2865.1,2927.05,431984
LUMAXIND,20210625,1536.8,1553,1530,1533.4,3644
LUMAXTECH,20210625,151.65,151.65,148.1,148.5,54180
LUPIN,20210625,1148.4,1160.65,1134,1152.35,855782
LUXIND,20210625,3610,3671.5,3550,3601.75,34867
LXCHEM,20210625,222,226.7,221.1,222.8,887764
LYKALABS,20210625,62,62.4,57.4,58.95,55204
LYPSAGEMS,20210625,5.9,6.1,5.85,5.85,266410
M&M,20210625,793.2,801.9,790,794.25,1763201
M&MFIN,20210625,156.75,160.25,156.6,159.05,5578416
MAANALU,20210625,331.95,333.4,321.4,324.85,34782
MACPOWER,20210625,146.5,149.7,140.25,144.7,42562
MADHAV,20210625,56,57.45,55.25,56,18648
MADHUCON,20210625,6.8,6.8,6.3,6.5,41867
MADRASFERT,20210625,33.7,34.3,32.85,33.1,317988
MAESGETF,20210625,27.05,27.06,26.9,26.99,9473
MAFANG,20210625,53.75,53.8,52.3,53.49,664585
MAGADSUGAR,20210625,290.2,290.2,290.2,290.2,16233
MAGMA,20210625,147.4,152.95,143.6,151.75,416035
MAGNUM,20210625,8.2,8.4,8.2,8.4,79477
MAHABANK,20210625,25.25,25.95,25.05,25.25,8336406
MAHAPEXLTD,20210625,94.75,95.2,90,91.7,6735
MAHASTEEL,20210625,92.55,97.45,90.05,96.25,158529
MAHEPC,20210625,152.5,157.2,152,154.7,72387
MAHESHWARI,20210625,108,108.85,106,106.45,31008
MAHINDCIE,20210625,223,226.95,222.5,225.05,776514
MAHLIFE,20210625,585,599,585,593.65,11347
MAHLOG,20210625,579.9,579.9,567,571.2,92562
MAHSCOOTER,20210625,3751.75,3787,3738.25,3760.5,3775
MAHSEAMLES,20210625,313.9,324.4,312.05,319,161863
MAITHANALL,20210625,1000,1046.65,995,1013.8,216869
MAJESCO,20210625,95.25,95.25,93.1,94.9,1137026
MALUPAPER,20210625,33.75,34.65,33.2,33.65,66342
MAN50ETF,20210625,172.2,172.2,162.16,162.75,3152
MANAKALUCO,20210625,17.5,18.45,17.15,18.05,64808
MANAKCOAT,20210625,14.3,14.45,13.65,14.2,485925
MANAKSIA,20210625,63.95,69.25,63.6,65,517572
MANAKSTEEL,20210625,24.65,25.4,24.65,25.05,85736
MANALIPETC,20210625,78.9,82.1,78.65,80.6,433995
MANAPPURAM,20210625,161.55,164.8,160.4,164.05,3873605
MANGALAM,20210625,139.7,142.55,137.2,137.65,102731
MANGCHEFER,20210625,86,86.75,84,84.65,213188
MANGLMCEM,20210625,316.65,322.95,316.65,321.2,24101
MANGTIMBER,20210625,12.9,12.9,12,12.15,886
MANINDS,20210625,104.5,107.25,104.5,105.1,107011
MANINFRA,20210625,58.3,59.5,57,58.85,714208
MANUGRAPH,20210625,14.75,15.2,14.65,14.75,8307
MANXT50,20210625,382.5,385.14,382.41,385.14,6116
MARALOVER,20210625,45.3,47.95,45.3,47.5,53980
MARATHON,20210625,71.1,74.2,69,70.7,68576
MARICO,20210625,516,516.3,509.85,511.65,883218
MARINE,20210625,67.4,70.5,64.8,68.65,1398586
MARKSANS,20210625,87.6,90.75,86.2,87.15,6228735
MARUTI,20210625,7540,7665,7540,7649,1216123
MASFIN,20210625,860,876.75,860,869.15,5623
MASKINVEST,20210625,39,39,38.85,38.9,554
MASTEK,20210625,2284,2290.5,2246.35,2275.7,84718
MATRIMONY,20210625,953,998,953,962.35,26012
MAWANASUG,20210625,64.85,65.65,62.5,65.65,194256
MAXHEALTH,20210625,259.2,261.05,254,256.35,898056
MAXIND,20210625,70.65,71.7,70.1,70.4,194048
MAXVIL,20210625,70,70.15,68.5,69.45,176781
MAYURUNIQ,20210625,511.3,519.95,505,515,47124
MAZDA,20210625,647.05,647.05,628.3,636.3,3975
MAZDOCK,20210625,255,258.3,252.05,254.25,543576
MBAPL,20210625,102.1,105,102.1,105,519
MBECL,20210625,8.55,8.75,8.4,8.7,28685
MBLINFRA,20210625,26.25,26.25,26.25,26.25,104977
MCDHOLDING,20210625,61.2,63.8,61,61.7,37163
MCDOWELL-N,20210625,678,680.45,659,664.2,1631192
MCL,20210625,84.5,84.5,83.3,84.05,11936
MCLEODRUSS,20210625,33,33,33,33,121406
MCX,20210625,1516.6,1527,1498,1519.85,101751
MEGASOFT,20210625,13.9,13.95,12.75,13.95,460941
MENONBE,20210625,73.3,74.4,71.5,72.05,92104
MEP,20210625,26.2,26.4,24.8,25.25,295039
MERCATOR,20210625,2,2,2,2,747885
METROPOLIS,20210625,2857.95,3008,2845,2954.05,426682
MFSL,20210625,1029.3,1090,1024.05,1084.55,2168927
MGEL,20210625,48,48.6,46.6,47.45,33145
MGL,20210625,1134.1,1138,1125,1126.75,593801
MHRIL,20210625,253.5,255.45,250.55,252.6,125156
MIDHANI,20210625,216,218.5,207,208.45,2703559
MINDACORP,20210625,129.9,132.9,129,129.85,413959
MINDAIND,20210625,662.1,677.85,662.05,667.05,504661
MINDTECK,20210625,67,69,65.75,69,17676
MINDTREE,20210625,2553,2573.65,2515.5,2552.85,558113
MIRCELECTR,20210625,17.4,17.4,16.8,16.85,284354
MIRZAINT,20210625,57.8,58.3,56.5,56.7,829160
MITTAL,20210625,12.1,12.15,11.5,11.85,53369
MMFL,20210625,664.9,690,664.9,688.45,31794
MMP,20210625,106,111.9,104.75,106.55,53291
MMTC,20210625,55.95,56.7,55.35,55.55,3252261
MODIRUBBER,20210625,75.8,76.9,73.6,73.8,3347
MODISNME,20210625,78.05,81.45,77,77.85,166120
MOGSEC,20210625,48.23,48.27,48.12,48.22,8406
MOHITIND,20210625,14,15.15,14,15,54756
MOHOTAIND,20210625,8.05,8.1,7.8,7.85,52651
MOIL,20210625,195.4,199,192.4,193.2,769852
MOKSH,20210625,89,93.6,77.45,85.6,541223
MOLDTECH,20210625,68.95,74.75,66.5,69.15,1107616
MOLDTKPAC,20210625,490,490,482.15,486.65,20780
MOM100,20210625,27.55,28.3,27.55,28.06,65449
MOM50,20210625,153.54,157.22,153.54,156.4,1022
MON100,20210625,105.1,105.5,104.91,105.34,436907
MONTECARLO,20210625,341.7,342.9,333.05,337.9,57748
MORARJEE,20210625,18.3,18.85,17.75,17.85,8887
MOREPENLAB,20210625,64.05,64.5,62.9,63,1907807
MOTHERSUMI,20210625,236.5,240.8,235.7,236.65,5305993
MOTILALOFS,20210625,789.95,795,773,775.55,134564
MOTOGENFIN,20210625,21.45,22.2,21.05,22.2,23861
MPHASIS,20210625,2055.5,2087.55,2044,2067.15,526840
MPSLTD,20210625,565.45,577.4,561.15,565,12650
MRF,20210625,81217.9,81249.05,80375,80514.2,7525
MRO-TEK,20210625,31.05,34.9,31.05,33,2951
MRPL,20210625,52.25,52.6,51.2,51.4,2180268
MSPL,20210625,10.95,11.1,10.5,10.75,168631
MSTCLTD,20210625,257.75,272,257,269.5,1013792
MTARTECH,20210625,979,1036.95,968.05,1025,273520
MTEDUCARE,20210625,10.6,10.6,10.3,10.3,197139
MTNL,20210625,21.5,22.45,21.15,22.45,3688602
MUKANDLTD,20210625,113.95,117.95,113.95,117.95,73897
MUKTAARTS,20210625,37,38,36.5,37.7,16186
MUNJALAU,20210625,67.25,67.25,65.8,66.15,151686
MUNJALSHOW,20210625,155,155,148.05,149.55,137563
MURUDCERA,20210625,28,28.65,27.4,27.85,84767
MUTHOOTCAP,20210625,404.2,407,399,405,21623
MUTHOOTFIN,20210625,1469.1,1490,1465,1484.95,577924
NACLIND,20210625,76.5,78.4,71.25,74.7,156680
NAGAFERT,20210625,11.05,11.05,11.05,11.05,276545
NAGREEKCAP,20210625,8.1,8.15,7.7,8.15,309
NAGREEKEXP,20210625,30.6,31.75,30.05,30.5,14546
NAHARCAP,20210625,158,162,158,160,30100
NAHARINDUS,20210625,82.7,86.55,80.5,86.3,195246
NAHARPOLY,20210625,153.5,157.5,153.5,154.6,36501
NAHARSPING,20210625,226.95,236.75,218.45,236.6,212135
NAM-INDIA,20210625,362.3,365.4,355.5,362.2,1100323
NATCOPHARM,20210625,1095,1107,1085.6,1096.1,224086
NATHBIOGEN,20210625,411,411,396,397,158039
NATIONALUM,20210625,69,74.2,69,73.45,49539925
NAUKRI,20210625,4800,4975,4765.55,4954.2,501640
NAVINFLUOR,20210625,3430,3679,3416.85,3647.9,1136102
NAVKARCORP,20210625,40.25,42.3,40.25,41.2,1220413
NAVNETEDUL,20210625,95,96.45,94.8,95.3,84690
NAZARA,20210625,1519.4,1530.9,1517,1521.8,81300
NBCC,20210625,55.6,55.7,54.5,55,9886240
NBIFIN,20210625,2225.1,2249,2212,2239.95,748
NBVENTURES,20210625,103.1,107.95,103.1,105.6,553362
NCC,20210625,84.25,84.6,82.7,83.2,2306350
NCLIND,20210625,230.8,237,228.1,234.55,389101
NCPSESDL24,20210625,105.08,105.13,105.01,105.01,6011
NDGL,20210625,1682,1725,1588,1593.5,5669
NDL,20210625,46,46.95,44.95,45.85,13823
NDRAUTO,20210625,294.9,305,292,294.2,17579
NDTV,20210625,71.2,71.2,69.25,70.05,21057
NECCLTD,20210625,16.8,16.8,14.6,14.9,370999
NECLIFE,20210625,39.9,41.7,39.15,40.15,1276896
NELCAST,20210625,72.5,74.4,72.5,73.45,60925
NELCO,20210625,269.7,276.8,264,270.6,404759
NEOGEN,20210625,832.95,839.95,822.05,835.7,31841
NESCO,20210625,625,625.8,598.05,601.5,81441
NESTLEIND,20210625,17570.25,17650,17435,17506.7,39000
NETF,20210625,193.76,193.76,193.76,193.76,65
NETFCONSUM,20210625,69.97,69.97,67.5,69.75,3096
NETFDIVOPP,20210625,39.8,40.99,39.01,40.16,1631
NETFGILT5Y,20210625,48.26,48.26,48.11,48.19,2232
NETFIT,20210625,29.35,29.75,29.35,29.62,1310321
NETFLTGILT,20210625,22.51,22.59,22.5,22.59,6040
NETFMID150,20210625,101.21,103.39,101.11,102.65,764757
NETFNIF100,20210625,164.86,166.99,163,165.43,739
NETFNV20,20210625,88,88.39,86.62,88.25,3341
NETFSDL26,20210625,103.58,103.58,103.5,103.5,390
NETWORK18,20210625,51.45,51.8,49.35,49.55,2301376
NEULANDLAB,20210625,1980,2025,1970,2009.8,10270
NEWGEN,20210625,530,539,525.15,529.85,147228
NEXTMEDIA,20210625,5.9,6.15,5.9,6,12684
NFL,20210625,66,66.4,64.85,65.25,1572868
NH,20210625,481.8,486.2,475,476.2,366009
NHPC,20210625,26.5,26.95,26.25,26.6,4344826
NIACL,20210625,166.8,167.6,164.5,165.3,302330
NIBL,20210625,21.2,21.2,20.1,21.15,21012
NIFTYBEES,20210625,170.68,170.68,165,170.4,1087315
NIITLTD,20210625,273.2,273.45,264.6,265.95,486204
NILAINFRA,20210625,6.35,6.95,6.25,6.4,1924005
NILASPACES,20210625,2.6,2.65,2.5,2.5,474337
NILKAMAL,20210625,2206.1,2206.1,2167.25,2174.85,12289
NIPPOBATRY,20210625,922,985.05,922,959.1,9710
NIRAJ,20210625,47.35,47.4,43,44.6,42819
NITCO,20210625,28.9,29,28,28.1,57824
NITINSPIN,20210625,130.3,142.3,127.25,136.8,1571839
NITIRAJ,20210625,48.95,51.85,48.15,49.9,2651
NKIND,20210625,26.2,26.25,26.2,26.2,791
NLCINDIA,20210625,61.3,64.2,61.05,62.75,6573596
NMDC,20210625,177.25,180.2,176.55,177.75,11222739
NOCIL,20210625,217,221,214.5,217.7,1114001
NOIDATOLL,20210625,7,7.1,6.6,6.65,293376
NORBTEAEXP,20210625,6.25,6.3,6.25,6.3,1750
NOVARTIND,20210625,899,904.9,882.6,884.35,29072
NPBET,20210625,184,189.65,183,188.75,417
NRAIL,20210625,237.95,237.95,228,229.1,12682
NRBBEARING,20210625,143.85,145.3,142.2,143.45,673590
NSIL,20210625,1642.15,1651.8,1621.2,1632.75,374
NTL,20210625,1.3,1.3,1.3,1.3,23150
NTPC,20210625,119.1,119.1,115.7,116.05,12768348
NUCLEUS,20210625,600,607.7,591.05,597,77241
NURECA,20210625,1689.95,1711.6,1675,1711.6,24072
NXTDIGITAL,20210625,474,485,474,478.05,6510
OAL,20210625,775,787,770,771.25,8521
OBEROIRLTY,20210625,605.8,618,601.8,604.15,137504
OCCL,20210625,1075,1082,1059.05,1072.45,10054
OFSS,20210625,3600,3644,3585,3633.05,52475
OIL,20210625,156.9,160.5,156,156.75,3146733
OILCOUNTUB,20210625,7.5,7.5,7.45,7.5,12881
OLECTRA,20210625,203.9,222,202.25,218.1,2772918
OMAXAUTO,20210625,58.65,58.65,55.85,56.25,51444
OMAXE,20210625,81.95,82.85,80.5,81,27472
OMINFRAL,20210625,27.5,28.45,27.1,27.8,142653
OMKARCHEM,20210625,9.25,10.1,9.2,9.55,11883
ONEPOINT,20210625,27.1,27.1,27.1,27.1,9269
ONGC,20210625,122.95,124.95,120.35,120.9,34557609
ONMOBILE,20210625,111.9,112,110.7,111.2,242196
ONWARDTEC,20210625,200,200,193,197.15,17389
OPTIEMUS,20210625,165,165,151,156.45,53194
OPTOCIRCUI,20210625,4.75,4.75,4.75,4.75,283435
ORBTEXP,20210625,68.4,68.55,66.2,67.05,28618
ORCHPHARMA,20210625,1065.6,1065.6,1065.6,1065.6,50810
ORICONENT,20210625,27.5,28.65,26.6,26.85,195660
ORIENTABRA,20210625,32.35,32.8,30.6,30.85,520886
ORIENTALTL,20210625,10.85,10.85,10.15,10.3,119045
ORIENTBELL,20210625,328.85,331,318.95,326,20045
ORIENTCEM,20210625,134.2,138,133.8,137.2,951136
ORIENTELEC,20210625,309.9,314,305.25,310.35,756074
ORIENTHOT,20210625,37.9,40.5,37.9,38.8,284590
ORIENTLTD,20210625,79.8,83.3,77.4,83,40960
ORIENTPPR,20210625,30,31.2,29.65,30.15,1941317
ORIENTREF,20210625,335,338.7,325.5,327.85,219397
ORISSAMINE,20210625,3306,3366.95,3285,3299.55,15912
ORTINLAB,20210625,36.5,36.5,34.5,34.5,134925
OSWALAGRO,20210625,14,14.5,13.3,14.05,357317
PAGEIND,20210625,29600,29738.9,29315,29455.45,10705
PAISALO,20210625,614.95,619.95,605.05,610.9,8861
PALASHSECU,20210625,84,86.4,78.65,81.4,5672
PALREDTEC,20210625,151.8,153,146.95,150.55,12652
PANACEABIO,20210625,376,386.8,374.45,379.35,180001
PANACHE,20210625,63.7,63.7,60.3,60.85,58178
PANAMAPET,20210625,247.5,247.5,238.85,240.65,94228
PARACABLES,20210625,15.8,15.8,14.85,15,1155363
PARAGMILK,20210625,138.75,139,134.5,135.85,483895
PARSVNATH,20210625,16.9,17.2,15.85,15.85,937875
PATELENG,20210625,19.7,19.7,18.5,18.65,2169578
PATINTLOG,20210625,26.35,27.6,25.8,26.5,199739
PATSPINLTD,20210625,7.55,7.9,7.25,7.5,10458
PBAINFRA,20210625,21,21,21,21,10943
PCJEWELLER,20210625,27.1,27.3,26.8,27,1267865
PDMJEPAPER,20210625,38.2,39.55,38.1,39.05,208533
PDSMFL,20210625,1000,1000,975,982,6155
PEARLPOLY,20210625,16.6,17.6,16.6,16.85,22732
PEL,20210625,2415,2442,2394.05,2423.15,766422
PENIND,20210625,26.1,27.3,25.7,26.5,1222804
PENINLAND,20210625,13.65,13.65,13.15,13.15,148191
PERSISTENT,20210625,2599,2657.7,2585,2621.05,104645
PETRONET,20210625,227.3,228.85,226,228.25,3077330
PFC,20210625,124,124.25,122.25,123.5,2688528
PFIZER,20210625,5520,5608.75,5508.45,5545.35,40054
PFOCUS,20210625,59.6,62,57.05,60,33551
PFS,20210625,19.7,20.05,19.65,19.7,710280
PGEL,20210625,434.85,434.85,415.1,420.15,30811
PGHH,20210625,13939.95,14096.85,13701,13812.25,6751
PGHL,20210625,5765,5875,5765,5854.5,7179
PGIL,20210625,222.45,224.9,215.3,215.8,3894
PHILIPCARB,20210625,227.35,229.05,224.25,225.9,800008
PHOENIXLTD,20210625,803,821.4,803,813.8,31827
PIDILITIND,20210625,2163,2164.8,2125,2134.25,196267
PIIND,20210625,2847,2914.95,2822.05,2899.55,277623
PILANIINVS,20210625,1991.35,2005,1955,1971.75,3704
PILITA,20210625,9.9,9.95,9.2,9.65,4352045
PIONDIST,20210625,134.65,134.85,132,132.8,15673
PIONEEREMB,20210625,55.85,55.85,54,54.45,107923
PITTIENG,20210625,127,130,122,127.25,267396
PKTEA,20210625,329.05,338,313,315.15,2466
PLASTIBLEN,20210625,252.35,269.5,249,264.05,247551
PNB,20210625,42,42.7,41.7,42.3,111022988
PNBGILTS,20210625,72.25,75.2,72.25,73.45,1471353
PNBHOUSING,20210625,670.05,697.65,670.05,697.65,177117
PNC,20210625,41,41.75,40.65,41,8093
PNCINFRA,20210625,254,262,245.1,249.95,1470198
PODDARHOUS,20210625,184.9,184.9,176.35,182.9,7738
PODDARMENT,20210625,240.05,243.25,239,241.15,8426
POKARNA,20210625,331,333.75,318,320.35,186753
POLYCAB,20210625,1988,1996,1950,1957.55,117221
POLYMED,20210625,961,994.75,953.6,989.05,215202
POLYPLEX,20210625,1331.05,1342.05,1323,1325.8,59054
PONNIERODE,20210625,268,286.8,261.3,265.6,641071
POWERGRID,20210625,231.45,232.8,229.4,230.85,4351744
POWERINDIA,20210625,1820,1838.45,1800.75,1818.15,13339
POWERMECH,20210625,681.8,683.9,665.1,669.1,97126
PPAP,20210625,234.6,236.65,229.9,230.8,31096
PPL,20210625,188,193.3,186,186.8,219600
PRAENG,20210625,11.65,12.15,11.4,11.65,117815
PRAJIND,20210625,362,366.55,357.05,358.3,232375
PRAKASH,20210625,74.8,76.85,74.6,75.15,1565823
PRAKASHSTL,20210625,1.3,1.3,1.2,1.25,990903
PRAXIS,20210625,42.55,44.05,42.25,43.35,23932
PRECAM,20210625,76.6,82.3,74.4,80,920997
PRECOT,20210625,212.5,217.2,209,217.15,54609
PRECWIRE,20210625,238,238.95,229,231.45,77825
PREMEXPLN,20210625,140.95,152.35,137.3,152.35,310187
PREMIER,20210625,3.6,3.6,3.45,3.6,6574
PREMIERPOL,20210625,55,57.95,53.5,54.35,44089
PRESSMN,20210625,29.45,30.25,28.55,29.05,120976
PRESTIGE,20210625,291.5,293.4,286,286.8,362737
PRICOLLTD,20210625,95.4,97.25,93.2,95.9,1147923
PRIMESECU,20210625,56.75,56.75,56.75,56.75,10897
PRINCEPIPE,20210625,693.8,707.5,693.4,695.05,377417
PRIVISCL,20210625,1088,1117.5,1075,1081.1,13985
PROINDIA,20210625,4.3,4.3,4.3,4.3,673
PROZONINTU,20210625,32.35,32.35,32.35,32.35,141566
PRSMJOHNSN,20210625,128.85,133.5,128.55,131.05,470291
PSB,20210625,21.45,22,21.15,21.55,2245143
PSPPROJECT,20210625,429.7,430.85,417.2,419.2,94302
PSUBNKBEES,20210625,26.71,27.75,26.71,27.5,2324073
PTC,20210625,105,105.95,102.2,102.6,2121991
PTL,20210625,53,53,51.65,52.25,253293
PUNJABCHEM,20210625,1354.05,1354.05,1271.1,1290.45,25363
PURVA,20210625,90.2,91.75,88.1,88.9,811744
PVR,20210625,1394,1422,1378.5,1387.05,470743
QGOLDHALF,20210625,2029,2035.05,2028,2032,377
QNIFTY,20210625,1641,1655,1641,1655,112
QUESS,20210625,832.85,843,820.85,826.2,38792
QUICKHEAL,20210625,272,273.95,265.1,267.9,454086
RADAAN,20210625,1.65,1.65,1.65,1.65,1250
RADICO,20210625,782.1,791.95,765,767.45,268696
RADIOCITY,20210625,27.45,27.9,27.05,27.1,728216
RAILTEL,20210625,147.9,150,147.2,147.55,1598579
RAIN,20210625,189,193.7,187.3,190.05,2467791
RAJESHEXPO,20210625,573,582.55,557.9,567.2,295067
RAJMET,20210625,148.1,152,142.6,144.9,3335
RAJRATAN,20210625,1250.8,1326,1250.8,1284.45,15430
RAJSREESUG,20210625,26.8,27.45,25.6,27.25,100694
RAJTV,20210625,39.4,40.6,39.05,39.4,12307
RALLIS,20210625,330.5,339.8,322.2,324.1,668981
RAMANEWS,20210625,18.95,22.4,18.6,20.5,3176074
RAMASTEEL,20210625,123.2,123.2,123.2,123.2,66926
RAMCOCEM,20210625,1043,1058,1033.55,1037.7,475838
RAMCOIND,20210625,271.4,283,268,280.35,340959
RAMCOSYS,20210625,619.3,640.3,611,623.9,379375
RAMKY,20210625,140.05,149.95,136.5,149.95,255073
RANASUG,20210625,26.05,26.05,26.05,26.05,484952
RANEENGINE,20210625,308,310,299.3,301.75,4383
RANEHOLDIN,20210625,642.65,646.65,630,633.4,17134
RATNAMANI,20210625,2055.95,2056,2019.9,2040,17519
RAYMOND,20210625,416.3,422.4,411.75,417.15,711107
RBL,20210625,884.5,895,866,880.35,7133
RBLBANK,20210625,209,213.8,208.1,212.25,9592175
RCF,20210625,81.5,82.2,80.9,81.1,1871552
RCOM,20210625,4.55,4.65,4.45,4.45,50628947
RECLTD,20210625,142.75,144.6,141.9,143.35,3745408
REDINGTON,20210625,270.9,272.9,261.5,267.15,647134
REFEX,20210625,162.35,165.95,157.3,160.15,284379
RELAXO,20210625,1199,1207.25,1175,1183.2,249794
RELCAPITAL,20210625,27,27,27,27,515465
RELIANCE,20210625,2153.5,2153.5,2081.1,2104.45,25546334
RELIGARE,20210625,125,125.45,123,124.25,712476
RELINFRA,20210625,83.2,83.2,83.2,83.2,617279
REMSONSIND,20210625,220.15,222,212.1,220.2,16512
RENUKA,20210625,34.05,34.05,33.5,34.05,30062747
REPCOHOME,20210625,364.05,373,363.95,368.2,119824
REPL,20210625,252,252,242,244.8,25076
REPRO,20210625,374.15,376.25,368,370.45,3768
RESPONIND,20210625,143,145.95,142.75,144.05,14272
REVATHI,20210625,714.45,714.5,685.5,690.6,3871
RGL,20210625,567,569.8,550.3,555.3,46044
RHFL,20210625,6.65,6.65,6.05,6.05,4747725
RICOAUTO,20210625,47.2,47.85,46.5,46.75,511722
RIIL,20210625,841,845,800,810.85,885154
RITES,20210625,272.4,272.4,266,270.35,268678
RKDL,20210625,12.45,12.85,12.1,12.6,39185
RKEC,20210625,92.25,98.9,92.2,94.8,116841
RKFORGE,20210625,619.05,634,613.45,620.45,40383
RMCL,20210625,2.95,3.1,2.95,3,209022
RML,20210625,374.4,381.95,369.95,372.8,13214
ROHLTD,20210625,85.4,85.8,83.1,83.9,112084
ROLLT,20210625,3.2,3.2,3.15,3.15,126301
ROLTA,20210625,8.45,8.45,8.25,8.25,1703373
ROML,20210625,93.45,94,90.7,91.8,9399
ROSSARI,20210625,1219.9,1232.3,1207.35,1212.05,40620
ROSSELLIND,20210625,148.2,153.1,144.75,145.3,600972
ROUTE,20210625,1719.8,1741.95,1708.05,1713.8,154520
RPGLIFE,20210625,458.5,461.45,450.05,453.4,19261
RPOWER,20210625,15.05,15.05,15.05,15.05,5485899
RPPINFRA,20210625,67,68.1,65.6,65.95,102954
RPSGVENT,20210625,528,537.9,493.35,532.75,93331
RSSOFTWARE,20210625,38.35,38.35,36.1,36.9,42078
RSWM,20210625,258.8,269.7,255.55,267.1,118778
RSYSTEMS,20210625,161.4,165,150,152.1,857355
RTNINDIA,20210625,38.1,38.3,37.3,38.3,965055
RTNPOWER,20210625,6.9,7,6.5,7,57180310
RUBYMILLS,20210625,237.2,237.2,228,229.7,13668
RUCHI,20210625,1122,1122,1070.1,1082.25,59823
RUCHINFRA,20210625,8.45,8.7,8.4,8.5,140102
RUCHIRA,20210625,93.6,93.75,90.25,91.15,122723
RUPA,20210625,483.5,483.85,476.05,479.35,108995
RUSHIL,20210625,265,265,252.25,257.85,29797
RVHL,20210625,20.75,21.15,20.1,20.5,21181
RVNL,20210625,32.45,33.3,32.4,32.7,7471074
S&SPOWER,20210625,22.5,23.6,22.5,23.4,1255
SABEVENTS,20210625,2.3,2.3,2.2,2.3,20418
SADBHAV,20210625,77.45,78.5,75.8,76.05,436367
SADBHIN,20210625,29.9,31.35,29.55,30.4,670770
SAFARI,20210625,647.4,671.95,642.25,650.25,13179
SAGARDEEP,20210625,58,58,53.75,55.6,18205
SAGCEM,20210625,1100,1119,1062.4,1104.7,29990
SAIL,20210625,126.95,132,126.75,131.35,84119646
SAKAR,20210625,144.9,147.05,141,142.75,32996
SAKHTISUG,20210625,15.75,15.95,15.3,15.8,477453
SAKSOFT,20210625,480,489.3,480,484.4,12064
SAKUMA,20210625,10.35,10.45,9.9,10.05,762966
SALASAR,20210625,660,669,652.35,662.5,64949
SALONA,20210625,140,155,140,148.25,6379
SALSTEEL,20210625,5.85,5.85,5.35,5.8,81286
SALZERELEC,20210625,160,161.15,157,157.95,69739
SAMBHAAV,20210625,3.85,3.85,3.85,3.85,12436
SANCO,20210625,11.3,11.3,10.7,10.8,36258
SANDESH,20210625,819.85,819.9,790,808.85,1157
SANDHAR,20210625,242.15,246.5,240.1,244.15,81222
SANGAMIND,20210625,104.3,109.25,101,107.75,70766
SANGHIIND,20210625,54.9,55.45,54.05,54.3,770581
SANGHVIMOV,20210625,195.8,199.45,193,196.25,130045
SANGINITA,20210625,22.35,22.8,22,22.7,27595
SANOFI,20210625,7700,7723.55,7678.15,7698.3,27427
SARDAEN,20210625,654.85,672.45,645.15,651.65,42359
SAREGAMA,20210625,2749,2840,2700,2815.05,20673
SARLAPOLY,20210625,37.65,40.9,37.3,38.15,744814
SASKEN,20210625,1049,1049,1012.25,1026.45,37155
SASTASUNDR,20210625,263.1,275.15,253.6,274.3,144668
SATIA,20210625,94,96.65,90.75,93.15,1149025
SATIN,20210625,89,90.9,89,89.65,165944
SBCL,20210625,123.35,129.8,115.3,124.05,63377
SBICARD,20210625,975,980,958.1,972.35,3543630
SBIETFIT,20210625,295,298.9,293,296.4,1270
SBIETFPB,20210625,183,186,182.35,184.51,1423
SBIETFQLTY,20210625,138.25,138.25,137.72,138.22,1179
SBILIFE,20210625,997,1017.55,991.4,1007.15,980203
SBIN,20210625,421,431,419.05,428.8,29886797
SCAPDVR,20210625,2.15,2.15,2.1,2.15,68649
SCHAEFFLER,20210625,5490,5626.15,5420,5604.55,21291
SCHAND,20210625,119.5,119.5,115.3,116.9,90897
SCHNEIDER,20210625,120.05,122,118.5,118.8,679579
SCI,20210625,111.6,112.3,110.6,110.9,985890
SDBL,20210625,44.1,46.35,44,44.3,125850
SEAMECLTD,20210625,494.95,511,489.35,499.65,58540
SECURKLOUD,20210625,92.9,93.5,90.15,92.1,37766
SELAN,20210625,172.45,177.5,167,174.85,267751
SEPOWER,20210625,7.35,7.4,7.05,7.25,18469
SEQUENT,20210625,265,269.9,264.05,268.45,409150
SESHAPAPER,20210625,185.8,189,181,183.85,76872
SETCO,20210625,22.95,23.8,22.25,23.35,437638
SETF10GILT,20210625,207,212,205.01,206.4,129
SETFGOLD,20210625,4189.95,4204.35,4176,4195.45,8081
SETFNIF50,20210625,164.4,164.4,160.23,161.23,111445
SETFNIFBK,20210625,352,354,347.48,351.95,406997
SETFNN50,20210625,397.5,401.98,395.08,399.99,29458
SETUINFRA,20210625,1.6,1.6,1.6,1.6,180100
SEYAIND,20210625,66.25,69,63.7,67.65,72901
SFL,20210625,2309.95,2333.8,2208.75,2244.65,63517
SGL,20210625,11.75,11.9,11.45,11.65,24790
SHAHALLOYS,20210625,13.85,13.85,13.85,13.85,2860
SHAKTIPUMP,20210625,769,772.2,751,759.2,70560
SHALBY,20210625,161.4,172.15,159.25,166.7,1027636
SHALPAINTS,20210625,106,106.4,103.2,104.55,98905
SHANKARA,20210625,448.3,449.95,435.8,438.05,81426
SHANTIGEAR,20210625,141.5,146,141,143.45,28687
SHARDACROP,20210625,346.3,350.4,344.1,346.05,86801
SHARDAMOTR,20210625,492.7,512,490,503.05,268329
SHAREINDIA,20210625,447.95,455,428.1,450.4,60918
SHARIABEES,20210625,408.2,430,408,410.85,422
SHEMAROO,20210625,122.9,124.7,119,119.5,48695
SHIL,20210625,324,329,313.2,327.3,40943
SHILPAMED,20210625,551.7,581,545.55,568.05,1528592
SHIVAMAUTO,20210625,23.9,23.9,23.1,23.25,57186
SHIVAMILLS,20210625,75.7,77.8,70.4,76.25,104655
SHIVATEX,20210625,196.95,196.95,174.45,177.15,60387
SHK,20210625,178,182,176,176.8,237196
SHOPERSTOP,20210625,226.15,270,224,261.6,2890006
SHRADHA,20210625,52.2,57.7,50.95,55.5,7134
SHREDIGCEM,20210625,83.7,86.5,82.3,84,584097
SHREECEM,20210625,28700,28899.7,28605,28729.1,19694
SHREEPUSHK,20210625,179,184.55,177.3,179.65,111116
SHREERAMA,20210625,14.55,14.65,13.35,13.35,603357
SHRENIK,20210625,2.2,2.35,2.15,2.15,2012512
SHREYANIND,20210625,103.8,105.95,102.5,103.3,38358
SHREYAS,20210625,173,178.8,171.15,178.8,41426
SHRIPISTON,20210625,951,960,918,948.6,596
SHRIRAMCIT,20210625,1693,1718.5,1672.5,1704.65,8861
SHRIRAMEPC,20210625,5.05,5.1,4.9,5.05,960306
SHYAMCENT,20210625,9.85,10.05,9.75,10,227135
SHYAMMETL,20210625,378.4,406,373.7,389,10269222
SHYAMTEL,20210625,14,14,12.7,12.75,19739
SICAGEN,20210625,22.75,23.15,21.55,22.7,31387
SICAL,20210625,14.25,15.4,14.1,15.3,775249
SIEMENS,20210625,2031.55,2040,2002.55,2015.25,271595
SIGIND,20210625,48.85,48.85,46.65,47.4,59385
SIL,20210625,18,18,17,17.2,15168
SILGO,20210625,40.05,41.2,39.1,39.8,42209
SILINV,20210625,273.25,280.85,273.05,274.25,20156
SILLYMONKS,20210625,22,22,21.8,22,635
SIMBHALS,20210625,28.1,28.1,27,28.1,179432
SIMPLEXINF,20210625,48.4,48.9,47.3,48.9,609957
SINTERCOM,20210625,79.8,79.8,77,77.45,7429
SINTEX,20210625,4.6,4.7,4.4,4.4,2040921
SIRCA,20210625,329.9,329.9,316.6,324.1,22038
SIS,20210625,430,430.5,422.7,426.05,59347
SITINET,20210625,1.6,1.6,1.6,1.6,514873
SIYSIL,20210625,323.5,325.8,316.45,318.3,57274
SJVN,20210625,28.45,28.85,28.25,28.7,1573533
SKFINDIA,20210625,2580,2647.7,2569.95,2604.8,14219
SKIL,20210625,4.5,4.5,4.1,4.1,513891
SKIPPER,20210625,81.95,91.5,81.55,89.35,3295964
SKMEGGPROD,20210625,89.5,91.65,87.05,87.75,302657
SMARTLINK,20210625,107,119,104.3,113.05,269290
SMCGLOBAL,20210625,78.3,78.9,77.55,78.05,168920
SMLISUZU,20210625,468,477.5,465,467.35,25057
SMSLIFE,20210625,735.75,749.65,711.55,716.05,28675
SMSPHARMA,20210625,175,176.85,173,173.55,63181
SNOWMAN,20210625,53.15,55.9,52.65,54,4524864
SOBHA,20210625,477,477,459,460.75,425862
SOLARA,20210625,1694,1709.95,1656,1667.6,70108
SOLARINDS,20210625,1600,1608.45,1575,1581.6,5565
SOMANYCERA,20210625,610,620,580.1,600.25,61860
SOMATEX,20210625,7.05,7.7,7.05,7.25,42500
SOMICONVEY,20210625,57.7,58.35,56,58.1,18989
SONACOMS,20210625,387.9,413.9,355.45,364.7,30784367
SONATSOFTW,20210625,716,724,708.1,712.65,178632
SORILINFRA,20210625,148,149.85,145.65,146.9,21032
SOTL,20210625,1315,1343,1303,1325.45,27754
SOUTHBANK,20210625,13,13.15,12.5,12.9,28080688
SOUTHWEST,20210625,39.1,40.25,39.1,39.85,21933
SPAL,20210625,234,238,222.35,223.75,99527
SPANDANA,20210625,668,672.45,662.15,667,43860
SPARC,20210625,229.05,233.3,226.3,229.6,658394
SPECIALITY,20210625,63.6,65.2,61.15,61.75,298803
SPENCERS,20210625,79.9,81,79,80.35,300221
SPIC,20210625,46.6,49.4,46.5,48.25,3148022
SPICEJET,20210625,77.95,79.2,77.05,78.05,3711981
SPLIL,20210625,43.3,43.3,42.5,42.9,46044
SPMLINFRA,20210625,12.35,12.85,12.05,12.4,33095
SPTL,20210625,6.2,6.35,6.2,6.2,855517
SREEL,20210625,208.9,214,205.5,209.05,14119
SREINFRA,20210625,15.1,15.1,15.1,15.1,302932
SRF,20210625,6975,7117.9,6923.7,7046.55,106862
SRHHYPOLTD,20210625,340.1,347.85,337.2,338.4,31199
SRIPIPES,20210625,211.65,214.95,210.3,212.95,71242
SRPL,20210625,41.9,41.9,39.55,40.15,12799
SRTRANSFIN,20210625,1363.9,1378,1355.65,1368.1,1303376
SSWL,20210625,774.75,789.65,762.95,770.3,21245
STAR,20210625,763,770,757.8,759.05,284887
STARCEMENT,20210625,103.45,105.15,103.3,104.05,258075
STARPAPER,20210625,146.25,149,140.8,144.35,184950
STCINDIA,20210625,118.85,123,115.55,116.55,197422
STEELCITY,20210625,54.5,54.5,52.5,53.35,28139
STEELXIND,20210625,58,58,56.95,57.3,137820
STEL,20210625,109.1,112,104.1,111.4,186124
STERTOOLS,20210625,189.85,193,187.05,190.45,130600
STLTECH,20210625,268,268,261,264.9,368212
STOVEKRAFT,20210625,600,620,592.2,599.7,139966
SUBCAPCITY,20210625,22.7,22.7,22.7,22.7,6
SUBEXLTD,20210625,59.5,59.5,57.55,58.05,6051989
SUBROS,20210625,304.05,306.85,301.5,303.1,46837
SUDARSCHEM,20210625,675,679.55,665.65,673.7,68331
SUMEETINDS,20210625,6.3,6.3,6.3,6.3,255937
SUMICHEM,20210625,387.6,394.5,377.45,379.3,429275
SUMIT,20210625,12.7,14.9,12.6,13.6,543920
SUMMITSEC,20210625,602.15,617,597.8,614.5,6433
SUNCLAYLTD,20210625,3370,3490,3369.9,3479.15,5396
SUNDARAM,20210625,2.4,2.4,2.4,2.4,155494
SUNDARMFIN,20210625,2675,2675.15,2660,2670.15,44628
SUNDARMHLD,20210625,74.3,74.6,73.35,73.55,75832
SUNDRMBRAK,20210625,439.15,441.25,425,425.7,8897
SUNDRMFAST,20210625,795.6,800.6,783.2,790.35,33951
SUNFLAG,20210625,80.5,85.75,80.5,82.65,2486648
SUNPHARMA,20210625,664.8,677.4,664.8,672.25,3010243
SUNTECK,20210625,297.9,304.95,296.2,300.85,301893
SUNTV,20210625,542,551.4,538.5,542.9,3461770
SUPERHOUSE,20210625,173.4,178,166.65,168.6,57823
SUPERSPIN,20210625,8.65,8.65,8.2,8.3,78452
SUPPETRO,20210625,731.85,734,705,723.55,47382
SUPRAJIT,20210625,279,284.8,278.75,281.15,169331
SUPREMEENG,20210625,37.25,38,36.6,37,27886
SUPREMEIND,20210625,2107,2129,2092,2109.65,78303
SURANASOL,20210625,12.2,12.3,11.7,11.8,46131
SURANAT&P,20210625,6.5,6.55,6.35,6.35,196404
SURYALAXMI,20210625,45.55,47.4,45.5,47,18356
SURYAROSNI,20210625,550,560,544.6,554.35,275367
SURYODAY,20210625,222.5,231.15,220.1,220.95,478298
SUTLEJTEX,20210625,55.4,59.9,55,57.9,369942
SUULD,20210625,515,524.35,515,524.35,99344
SUVEN,20210625,91.35,92,90.15,90.5,225229
SUVENPHAR,20210625,470.55,474.5,467,471.75,510924
SUVIDHAA,20210625,26.2,27.15,26,26.05,189867
SUZLON,20210625,7.15,7.8,7.1,7.75,159277010
SWANENERGY,20210625,143.6,146.45,141.2,144.85,141019
SWARAJENG,20210625,1770,1790,1761.45,1782.1,21751
SWELECTES,20210625,223,227,221.5,225.1,19570
SWSOLAR,20210625,246.4,261.9,245.7,253.7,4990909
SYMPHONY,20210625,1045.8,1045.8,1025,1028.55,95250
SYNGENE,20210625,583.55,586.3,578.25,581.45,234652
TAINWALCHM,20210625,76.2,76.3,74.6,74.9,3950
TAJGVK,20210625,137.6,144,136.4,137.75,370613
TAKE,20210625,67.75,67.8,64.1,64.55,6557711
TALBROAUTO,20210625,279.2,283.45,274,279.5,37189
TANLA,20210625,850,851,830.1,845.25,76977
TARAPUR,20210625,6,6,5.6,5.6,7365
TARC,20210625,31.55,31.65,30.6,30.8,318111
TARMAT,20210625,62.35,65.35,61.35,64.55,141316
TASTYBITE,20210625,15499.8,15749.65,15310,15657.25,1940
TATACHEM,20210625,710,723.45,708.5,715.95,1900518
TATACOFFEE,20210625,173.05,178.95,172.2,177.8,2049731
TATACOMM,20210625,1292,1312.5,1280,1289.15,206802
TATACONSUM,20210625,755,763.45,753.5,757.6,1588289
TATAELXSI,20210625,3772,3820,3749.35,3768.65,167980
TATAINVEST,20210625,1125,1143.15,1125,1130.05,12408
TATAMETALI,20210625,1116.7,1139.9,1113.05,1125,191395
TATAMOTORS,20210625,335.9,342.8,335.9,339.65,22426352
TATAMTRDVR,20210625,155.7,159.05,154.3,155.7,1657703
TATAPOWER,20210625,119.9,122.6,119.55,121.1,25945027
TATASTEEL,20210625,1135,1170,1130,1165.25,18022770
TATASTLBSL,20210625,91,93.25,91,91.6,4985303
TATASTLLP,20210625,911.2,942,911.05,932.75,26380
TBZ,20210625,81.4,82.75,79.45,80.15,465889
TCI,20210625,420.75,440,420.75,424.35,134112
TCIDEVELOP,20210625,388,404.2,374.9,392.75,4545
TCIEXP,20210625,1434,1464.05,1422.35,1431.05,33305
TCIFINANCE,20210625,6.4,6.4,6.35,6.35,2997
TCNSBRANDS,20210625,584,599,555,563.3,80279
TCPLPACK,20210625,500,500,481.45,488.8,5098
TCS,20210625,3375.25,3399.65,3350,3380.8,2722861
TDPOWERSYS,20210625,194.05,196.5,192.4,194.5,31089
TEAMLEASE,20210625,3598,3611.85,3541.85,3554.45,6600
TECHIN,20210625,5.7,6.1,5.6,5.7,22301
TECHM,20210625,1087.4,1103.2,1077,1089.5,3200049
TECHNOE,20210625,327.5,339.8,321,334.05,91792
TEJASNET,20210625,177.05,179,174.35,176.45,58079
TEMBO,20210625,193.3,197,191.9,195.45,13447
TERASOFT,20210625,55.45,57.6,54.25,54.95,75640
TEXINFRA,20210625,68.4,68.85,67.2,67.35,24127
TEXMOPIPES,20210625,49.1,49.2,48.1,49.2,247303
TEXRAIL,20210625,36.3,36.55,34.85,35,1030623
TFCILTD,20210625,76,76,73.8,74.1,198763
TFL,20210625,4.45,4.65,4.3,4.55,2133
TGBHOTELS,20210625,8.2,8.2,7.7,7.8,33552
THANGAMAYL,20210625,790,807.9,781,802.4,13408
THEINVEST,20210625,103.5,103.9,102.7,103.45,9598
THEMISMED,20210625,700.5,720,695.4,707.05,12921
THERMAX,20210625,1426,1521,1422.05,1500.7,162784
THOMASCOOK,20210625,62,65.45,61.5,64.95,896632
THOMASCOTT,20210625,14.7,14.7,14.7,14.7,1395
THYROCARE,20210625,1375,1465,1360.05,1448.1,2091368
TI,20210625,40.5,40.5,39.6,39.85,180761
TIDEWATER,20210625,12340,12398.85,12100,12194.25,3709
TIIL,20210625,452.85,483.05,451,480.05,53476
TIINDIA,20210625,1168,1182.9,1133.95,1176.6,51024
TIJARIA,20210625,9.75,9.75,9.3,9.3,32672
TIL,20210625,174.95,178,171.65,177.65,2063
TIMESGTY,20210625,54,54.85,51.55,52.65,14794
TIMETECHNO,20210625,85.4,85.55,84.1,84.5,269159
TIMKEN,20210625,1508,1540,1475,1508.55,111848
TINPLATE,20210625,206,214.4,205.25,209.8,458280
TIPSINDLTD,20210625,1205.25,1265.5,1145,1242.95,15717
TIRUMALCHM,20210625,130.3,133.45,130.3,131.65,477007
TIRUPATIFL,20210625,30.1,30.95,29.45,30.75,86
TITAN,20210625,1785,1792,1742,1753.85,1378327
TMRVL,20210625,17.15,17.15,17.15,17.15,39185
TNPETRO,20210625,105.5,114.45,105.5,113.4,3637605
TNPL,20210625,174.05,174.7,169.8,173.05,240885
TNTELE,20210625,7.2,7.2,7.15,7.15,9136
TOKYOPLAST,20210625,99.5,105.4,96.7,99.45,35838
TORNTPHARM,20210625,2886.5,2907.55,2875,2886.25,66296
TORNTPOWER,20210625,446.95,455,444.65,452,686591
TOTAL,20210625,51.8,51.8,48.1,49.3,16587
TOUCHWOOD,20210625,88.95,88.95,85.25,86.55,8870
TPLPLASTEH,20210625,236,244,234.6,241.15,7023
TREEHOUSE,20210625,9.7,9.7,9.5,9.7,97916
TREJHARA,20210625,57.4,58.15,53.05,53.95,50237
TRENT,20210625,860,867.75,853.25,863.5,302991
TRF,20210625,126.2,131.95,121.25,127.25,110809
TRIDENT,20210625,16.7,16.95,16.5,16.6,10822995
TRIGYN,20210625,125.35,128.2,124.3,124.65,129353
TRIL,20210625,34,35.8,30.9,32.1,2377001
TRITURBINE,20210625,119.05,123.3,117.35,120.9,205090
TRIVENI,20210625,193,199.9,189,191.9,3933993
TTKHLTCARE,20210625,645,647.95,622.75,626.15,13642
TTKPRESTIG,20210625,9000,9040,8748.05,8803.85,6811
TTL,20210625,64,66,63.45,63.6,13536
TTML,20210625,38.6,38.6,35,38.6,13263814
TV18BRDCST,20210625,45.1,45.4,43.25,43.5,9001027
TVSELECT,20210625,161.25,165.65,161.25,163.7,56012
TVSMOTOR,20210625,615,626.85,615,622.35,814313
TVSSRICHAK,20210625,2045.2,2079,2031.2,2048.65,16265
TVTODAY,20210625,301,304.6,296.65,299.7,260657
TVVISION,20210625,2.15,2.15,2.15,2.15,45
TWL,20210625,66.7,67.25,64.6,65.4,1524126
UBL,20210625,1394.2,1403.95,1376,1381.7,756458
UCALFUEL,20210625,169.4,174.1,168.5,170.6,53604
UCOBANK,20210625,14.6,14.8,14.3,14.55,12052961
UFLEX,20210625,469.7,475,467,468.95,80333
UFO,20210625,95,98,92.3,93.5,2173235
UGARSUGAR,20210625,32.35,32.55,31.3,31.7,2060786
UJAAS,20210625,3.2,3.25,3.1,3.15,734214
UJJIVAN,20210625,210.5,210.95,207.9,208.55,325837
UJJIVANSFB,20210625,30.95,31.35,30.25,30.75,2099741
ULTRACEMCO,20210625,7000,7000,6890,6923,183496
UMANGDAIRY,20210625,78.65,80.4,77.4,78.55,42877
UMESLTD,20210625,4.85,4.85,4.5,4.6,31109
UNICHEMLAB,20210625,315.05,326.9,315.05,321.5,41260
UNIDT,20210625,323.5,333.6,321.3,326.25,28193
UNIENTER,20210625,134.95,134.95,129.05,130.15,28496
UNIONBANK,20210625,38.75,39.8,38.6,39.45,31987644
UNITEDTEA,20210625,352,354,331.55,338.9,6709
UNIVASTU,20210625,45.25,45.25,42.8,45.15,152232
UNIVCABLES,20210625,195.4,202.5,190.95,199.25,166853
UNIVPHOTO,20210625,292,310,292,301.7,11856
UPL,20210625,809,814,801.85,805.15,2566357
URJA,20210625,7.7,7.75,7.4,7.6,2277833
USHAMART,20210625,53.25,57,53.25,55.55,4469263
UTIAMC,20210625,864,882,836.6,852.55,1241477
UTIBANKETF,20210625,34.5,35.5,34.47,35.29,11273
UTINEXT50,20210625,40.97,40.97,39.8,39.88,5324
UTINIFTETF,20210625,1683.15,1683.15,1646.4,1664.55,106
UTISENSETF,20210625,558,558,545,554.98,1541
UTISXN50,20210625,45.15,46.41,44.52,45.43,1792
UTTAMSTL,20210625,5.65,5.65,5.35,5.35,3778594
UTTAMSUGAR,20210625,204,229.4,193.35,217.15,4480307
V2RETAIL,20210625,125.5,129.1,125.5,128.2,21003
VADILALIND,20210625,985.9,1001.85,973,979.15,11484
VAIBHAVGBL,20210625,796,810.05,787.5,804.95,169474
VAISHALI,20210625,41.8,43,40.35,40.85,208905
VAKRANGEE,20210625,43.7,43.7,41.6,42.15,4187814
VALIANTORG,20210625,1530,1530,1501.25,1514.8,16005
VARDHACRLC,20210625,46.55,48.7,46.1,46.8,136233
VARDMNPOLY,20210625,22.5,23,21.25,21.7,132671
VARROC,20210625,374.9,374.9,367.05,371.75,66897
VASCONEQ,20210625,20.7,21.05,20.3,20.35,274237
VASWANI,20210625,13.2,13.5,13,13.2,111503
VBL,20210625,727.9,732.7,714,716.45,696988
VEDL,20210625,253.75,263.9,252.3,262.2,12259906
VENKEYS,20210625,3545,3645.85,3382.65,3425.55,550471
VENUSREM,20210625,336.7,350.8,332.6,350.8,158276
VERTOZ,20210625,198,202,189.5,197.9,203875
VESUVIUS,20210625,1069.3,1096.75,1065.2,1082.6,22256
VETO,20210625,125.3,130.5,125.3,128.7,73387
VGUARD,20210625,274,274,268,270.5,527634
VHL,20210625,2560,2560,2485,2498.3,2403
VICEROY,20210625,3.75,3.75,3.75,3.75,49738
VIDHIING,20210625,215.25,218.05,213.1,215.1,62387
VIJIFIN,20210625,1.8,1.8,1.7,1.7,439453
VIKASECO,20210625,2.25,2.25,2.15,2.25,1712095
VIKASLIFE,20210625,3.05,3.25,3,3.15,5928976
VIKASPROP,20210625,2.7,2.8,2.55,2.6,4684674
VIKASWSP,20210625,6.4,6.8,6.3,6.8,2070918
VIMTALABS,20210625,253.2,257.4,250.4,252.15,55326
VINATIORGA,20210625,1865.25,1867.6,1840.5,1851.6,49084
VINDHYATEL,20210625,1230,1246,1196.7,1235.45,49691
VINEETLAB,20210625,58.35,58.35,53.4,53.5,30621
VINYLINDIA,20210625,147.95,147.95,145.2,146.65,34007
VIPCLOTHNG,20210625,17,17.3,16.6,17,121061
VIPIND,20210625,387.85,387.85,380.5,382.75,210862
VIPULLTD,20210625,31.55,34.45,31.55,34.3,11692
VISAKAIND,20210625,674.95,676.75,663,665.6,19778
VISASTEEL,20210625,10.1,10.1,9.5,9.9,55455
VISHAL,20210625,55.05,60.2,54.85,59.8,1120001
VISHNU,20210625,494.9,497.45,482.7,487.85,6758
VISHWARAJ,20210625,151.1,152.65,148.5,149.25,576834
VIVIDHA,20210625,1.05,1.05,1.05,1.05,783545
VIVIMEDLAB,20210625,28,28,27,27.55,159446
VLSFINANCE,20210625,156.4,164.15,153.15,162.4,439058
VMART,20210625,2839.55,2894,2783.95,2838.3,53901
VOLTAMP,20210625,1418,1459,1401.4,1424.4,21539
VOLTAS,20210625,1025.4,1038.2,1023.6,1029.95,921741
VRLLOG,20210625,271.25,287.8,271.25,280.85,594954
VSSL,20210625,225.5,244,223.05,241.8,1593684
VSTIND,20210625,3589.5,3712.5,3575,3596.65,27987
VSTTILLERS,20210625,1985,2014,1962.45,1978.4,104658
VTL,20210625,1382,1419.3,1375.35,1387.15,55568
WABAG,20210625,351.6,356.2,345.75,347.9,310463
WABCOINDIA,20210625,6767,6999.95,6750,6924.1,71179
WALCHANNAG,20210625,82.4,85.5,80.55,83.85,679933
WANBURY,20210625,97,98.8,92.15,92.15,71258
WATERBASE,20210625,124,125.9,122.5,124.3,178511
WEALTH,20210625,138.05,144.95,137.75,137.8,371
WEBELSOLAR,20210625,54.4,55.9,53.05,55.9,316019
WEIZMANIND,20210625,58.65,58.65,55.3,57.4,8397
WELCORP,20210625,148.5,150.45,145.6,146,1080070
WELENT,20210625,113,113.9,111.5,112.45,135114
WELINV,20210625,403.95,482.6,398.75,482.6,3995
WELSPUNIND,20210625,92.7,94.3,92.5,93.75,1138769
WENDT,20210625,4044.95,4044.95,3890,4019.2,2253
WESTLIFE,20210625,487.4,490.2,483,485.25,153059
WHEELS,20210625,584,592.5,582,583.85,13167
WHIRLPOOL,20210625,2203,2218,2185,2208.45,72548
WILLAMAGOR,20210625,21.3,21.3,20.5,20.85,7711
WINDMACHIN,20210625,37.3,37.3,36.1,36.6,48886
WIPL,20210625,67.05,70,65,69.7,2108
WIPRO,20210625,549.85,551,540.5,547.5,5039822
WOCKPHARMA,20210625,546,578.5,541.1,565.6,1675144
WONDERLA,20210625,221.7,222.55,215,217.8,367046
WORTH,20210625,83.65,84.95,82.35,82.95,45360
WSI,20210625,6.2,6.4,6.1,6.4,3105
WSTCSTPAPR,20210625,245,255,243,245.85,769168
XCHANGING,20210625,80.8,83.55,79.55,80.3,553243
XELPMOC,20210625,337,337,291.2,304.8,97575
XPROINDIA,20210625,173.9,180,171,176.1,12073
YAARII,20210625,105.5,108,100.1,101.4,115629
YESBANK,20210625,13.65,13.75,13.55,13.65,64386105
ZEEL,20210625,216.2,219.85,215.65,218.35,5652460
ZEELEARN,20210625,16.5,17.3,15.9,17.1,2874633
ZEEMEDIA,20210625,10,10.4,9.85,10.4,2501213
ZENITHEXPO,20210625,94,94,90,92.95,2369
ZENSARTECH,20210625,300,309.8,297.55,305.1,1396383
ZENTEC,20210625,82.2,83.4,80.85,83,371995
ZODIACLOTH,20210625,117.9,119.5,114.65,115.8,207298
ZODJRDMKJ,20210625,34.95,34.95,33.6,34.85,1416
ZOTA,20210625,182.25,209.4,176.95,199.45,1134423
ZUARI,20210625,125.9,125.9,122.45,123.5,127488
ZUARIGLOB,20210625,120.45,120.45,116.55,118.3,264919
ZYDUSWELL,20210625,2078,2087.9,2063.4,2071.95,13771
NSENIFTY,20210625,15839.35,15870.80,15772.30,15860.35,314614380,0
NIFTYJUNIOR,20210625,38436.50,38647.25,38341.90,38603.45,269227409,0
NIFTYMIDCAPLIQ15,20210625,6232.10,6286.10,6227.85,6270.05,176015205,0
NSE100,20210625,16058.95,16097.20,15998.55,16087.20,583841789,0
NIFTY200,20210625,8360.25,8386.00,8334.30,8380.60,1722706694,0
NSE500,20210625,13512.15,13549.10,13471.00,13539.40,2381374446,0
NSEMIDCAP150,20210625,10087.85,10149.85,10073.90,10137.30,1162635088,0
MIDCAP50,20210625,7400.95,7485.50,7398.85,7477.30,1062609741,0
NSEMIDCAP,20210625,26706.15,26932.60,26683.95,26895.00,1138864905,0
NSESMLCAP100,20210625,9685.80,9708.75,9664.35,9691.10,-,0
NIFTYLARGEMIDCAP250,20210625,-,-,-,8783.74,1746476877,0
NIFTYAUTO,20210625,10644.65,10754.90,10643.90,10706.80,141317283,0
BANKNIFTY,20210625,34916.65,35491.95,34915.85,35364.65,236854047,0
NIFTYFINSERVICE,20210625,16579.85,16757.55,16558.95,16722.35,97605456,0
NIFTYFMGC,20210625,36298.10,36329.25,35975.65,36006.55,24100094,0
NSEIT,20210625,29176.75,29284.00,28874.60,29210.55,27880485,0
NIFTYMEDIA,20210625,1847.65,1855.80,1833.90,1835.75,30251095,0
NIFTYMETAL,20210625,5147.40,5250.30,5140.90,5223.95,223236297,0
NIFTYPHARMA,20210625,13982.90,14133.45,13968.95,14069.60,12300244,0
NIFTYPVTBANK,20210625,18357.35,18666.55,18357.35,18586.40,159604412,0
NIFTYPSUBANK,20210625,2461.70,2522.05,2452.45,2507.25,361663729,0
NIFTYREALTY,20210625,346.70,349.65,345.45,346.55,22911076,0
NIFTYCOMMODITIES,20210625,5170.15,5199.50,5157.50,5179.15,205497054,0
NIFTYCONSUMPTION,20210625,6359.50,6369.15,6339.40,6356.45,47209990,0
NIFTYCPSE,20210625,2068.50,2077.05,2053.15,2059.55,120865675,0
NIFTYENERGY,20210625,20108.90,20110.55,19891.20,19961.05,122342626,0
NIFTY100ESG,20210625,-,-,-,3205.05,314446818,0
NIFTY100ENHESG,20210625,-,-,-,3225.46,285314373,0
NIFTYINFRA,20210625,4385.20,4385.25,4349.80,4371.50,271396828,0
NIFTYMNC,20210625,17517.30,17534.05,17473.55,17517.60,630281451,0
NIFTYPSE,20210625,3619.45,3632.20,3606.90,3617.65,302043310,0
NIFTYSMEEMERGE,20210625,-,-,-,2504.25,824000,0
NIFTYSERVSECTOR,20210625,22017.35,22173.35,21933.50,22154.75,167238088,0
NIFTYSHARIAH25,20210625,-,-,-,6019.35,76278108,0
NIFTY50SHARIAH,20210625,-,-,-,3938.49,75145582,0
NIFTY500SHARIAH,20210625,-,-,-,4847.50,322874884,0
NIFTYABGROUP,20210625,-,-,-,4993.58,528708696,0
NIFTYMAHINDRA,20210625,-,-,-,13466.26,11641383,0
NIFTYTATA,20210625,-,-,-,11621.84,105250437,0
NIFTYTATA25CAP,20210625,-,-,-,8892.68,85591188,0
NIFTYABGROUP,20210625,-,-,-,4993.58,528708696,0
NIFTYLIQ15,20210625,3984.15,4023.10,3976.70,4014.45,166779575,0
NIFTY500VALUE50,20210625,-,-,-,5545.68,635700221,0
NIFTYQUALLOWVOL30,20210625,-,-,-,11430.45,66862816,0
NIFTYALPHAQUALLOWVOL30,20210625,-,-,-,13117.78,71644242,0
NIFTYALPHAQUALVALLOWVOL30,20210625,-,-,-,10018.05,81404263,0
NIFTY50EQUALWEIGHT,20210625,17775.15,17836.40,17762.60,17822.55,314614380,0
NIFTY100EQUALWEIGHT,20210625,18857.80,18928.95,18834.25,18910.95,583841789,0
NIFTY100LOWVOL30,20210625,12355.75,12359.55,12295.65,12315.65,120518439,0
NSEDEFTY,20210625,-,-,-,7406.99,-,0
NIFTY50DIVPOINT,20210625,65.14,65.14,65.14,65.14,-,0
NIFTYDIVOPPS50,20210625,3348.70,3354.30,3334.85,3352.15,282018826,0
NIFTYALPHA50,20210625,26941.95,27172.85,26846.45,27106.20,744098940,0
NIFTY50ARBITRAGE,20210625,-,-,-,1971.75,-,0
NIFTY50FUTINDEX,20210625,-,-,-,5158.12,-,0
NIFTY50FUTTRINDEX,20210625,-,-,-,16463.02,-,0
NIFTYHIGHBETA50,20210625,-,-,-,1989.51,1102437825,0
NIFTYLOWVOL50,20210625,-,-,-,15121.93,105090667,0
NIFTY50VALUE20,20210625,8099.75,8115.50,8055.10,8102.65,135064921,0
NIFTYGROWSECT15,20210625,7585.15,7619.30,7576.35,7601.95,30388689,0
NIFTY50TR2XLEV,20210625,10153.95,10193.40,10068.55,10180.80,-,0
NIFTY50PR2XLEV,20210625,7544.70,7574.05,7481.25,7564.65,-,0
NIFTY50TR1XINV,20210625,239.30,240.35,238.85,239.00,-,0
NIFTY50PR1XINV,20210625,277.50,278.70,277.00,277.15,-,0
NIFTY-GS-COMPSITE,20210625,2315.51,2315.51,2311.28,2311.52,-,0
NIFTY-GS-4-8YR,20210625,2423.05,2423.05,2418.63,2418.94,-,0
NIFTY-GS-8-13YR,20210625,2274.79,2274.79,2271.66,2272.28,-,0
NIFTY-GS-10YR,20210625,2067.87,2067.87,2063.88,2066.80,-,0
NIFTY-GS-10YR-CLN,20210625,957.00,957.00,955.15,956.51,-,0
NIFTY-GS-11-15YR,20210625,2429.35,2429.35,2424.97,2423.58,-,0
NIFTY-GS-15YRPLUS,20210625,2609.06,2609.06,2605.51,2597.52,-,0
VIX,20210625,15.10,15.27,13.28,13.37,0,0
