20MICRONS,20210818,56.5,58,53.4,54.35,112212
21STCENMGM,20210818,28.85,28.85,28.8,28.85,57173
3IINFOTECH,20210818,8,8,7.6,7.65,3721398
3MINDIA,20210818,23827.05,23835.35,23440,23477,15171
3PLAND,20210818,15.25,15.25,14,14.45,4014
5PAISA,20210818,481,482.55,467.95,471.85,22724
63MOONS,20210818,94.9,94.9,90.2,91.25,51402
A2ZINFRA,20210818,4.35,4.35,4.2,4.25,296582
AAKASH,20210818,266.4,266.4,253,258.6,164093
AAREYDRUGS,20210818,38.05,38.9,37.45,37.9,57220
AARON,20210818,100.6,104.95,100.6,103.55,2746
AARTIDRUGS,20210818,624.95,627.85,615.05,617.6,255786
AARTIIND,20210818,959.95,967,952.5,957.2,881754
AARTISURF,20210818,1447,1467.15,1405.05,1425.8,23814
AARVEEDEN,20210818,21,21,19.4,19.45,71668
AARVI,20210818,57.05,57.75,54.2,54.7,101250
AAVAS,20210818,2608.95,2799.9,2426.1,2479.15,2443216
ABAN,20210818,42,42.35,38.5,39,242537
ABB,20210818,1739,1765.8,1705,1761.3,79837
ABBOTINDIA,20210818,18900,19125.4,18820,18886.7,5775
ABCAPITAL,20210818,113.05,114.2,111.1,113.2,1857563
ABFRL,20210818,208,208,203.15,205.9,1242325
ABSLBANETF,20210818,358.8,358.8,353.76,355.12,527
ABSLNN50ET,20210818,403,408.5,402.55,402.55,83
ACC,20210818,2315.15,2363.85,2311.2,2356.3,965286
ACCELYA,20210818,1308.8,1318,1252,1278.4,50076
ACCURACY,20210818,104.85,104.85,102,103.25,17106
ACE,20210818,219.25,221.45,213,214.35,270269
ACRYSIL,20210818,618.35,627.85,597.85,603.6,48548
ADANIENT,20210818,1441.9,1496.8,1432.6,1460,4738820
ADANIGREEN,20210818,950,955,929.05,942.5,2934048
ADANIPORTS,20210818,696.45,708.3,688.7,705.4,7354758
ADANIPOWER,20210818,79.95,80,76.5,77.3,5336843
ADANITRANS,20210818,1010,1075.2,1010,1075.2,112115
ADFFOODS,20210818,807,820.75,797,807.4,7684
ADL,20210818,35.55,38.9,35.55,37.85,8549
ADORWELD,20210818,714,714,676.55,691.55,14058
ADROITINFO,20210818,11.25,11.25,10.25,10.25,44841
ADSL,20210818,58.7,60,56.85,57.95,83922
ADVANIHOTR,20210818,68.5,75.35,67,70.75,91520
ADVENZYMES,20210818,379.4,379.8,371,377.5,159165
AEGISCHEM,20210818,276.5,278.3,267.55,273.15,374578
AFFLE,20210818,4130.05,4175,4080,4094.05,27159
AGARIND,20210818,333.65,333.65,320.2,324.15,15963
AGCNET,20210818,1080,1139,1046.85,1079.35,3199
AGRITECH,20210818,46.05,46.8,45.2,45.55,12501
AGROPHOS,20210818,17.4,17.4,16.2,16.3,54476
AHLADA,20210818,157.8,167.9,154.35,165.45,97089
AHLEAST,20210818,177.1,177.55,172.35,174.5,6424
AHLUCONT,20210818,379.8,379.8,368,370.5,17757
AHLWEST,20210818,299.8,300,288.1,292.65,5033
AIAENG,20210818,1985.25,2003.2,1962.2,1990.25,16089
AIRAN,20210818,23.35,23.35,21.55,21.55,134303
AJANTPHARM,20210818,2325,2325,2292,2297.75,24870
AJMERA,20210818,336.2,340,327,329.45,18131
AJOONI,20210818,58.7,58.7,54.3,55.1,97714
AJRINFRA,20210818,1.65,1.65,1.65,1.65,255668
AKASH,20210818,163.75,172.75,146,168.1,76675
AKG,20210818,23.3,23.95,22.1,23.05,3585
AKSHARCHEM,20210818,419.95,428.35,401,408.3,47916
AKSHOPTFBR,20210818,9.25,9.4,9.05,9.05,276553
AKZOINDIA,20210818,2232.55,2257.45,2219,2225.15,24961
ALANKIT,20210818,16.05,16.05,14.95,15.05,572793
ALBERTDAVD,20210818,624.95,625,589.05,593.65,52861
ALEMBICLTD,20210818,106.95,107.2,104.6,105.05,170350
ALICON,20210818,830.05,837.4,784.45,790.75,26899
ALKALI,20210818,75,76.5,72.75,73.1,12342
ALKEM,20210818,3715.45,3810,3702.45,3802.2,384062
ALKYLAMINE,20210818,4251.55,4274.35,4175,4194.55,39735
ALLCARGO,20210818,227.05,229.3,217.45,220.4,1533589
ALLSEC,20210818,434.75,434.75,419.4,425.8,9999
ALMONDZ,20210818,74.15,74.15,71.2,71.95,21328
ALOKINDS,20210818,21.65,22.2,21.5,21.8,4757613
ALPA,20210818,57.25,58.8,56.05,57.1,109091
ALPHAGEO,20210818,336.55,358,324.95,340.7,131956
ALPSINDUS,20210818,2.55,2.6,2.4,2.4,13395
AMARAJABAT,20210818,716.75,718.3,708.05,711.5,889277
AMBER,20210818,2870.1,2882.2,2845,2849.35,12706
AMBICAAGAR,20210818,18,18.65,17.5,18.1,5656
AMBIKCO,20210818,1473,1588,1452.1,1522.1,70444
AMBUJACEM,20210818,404.9,411,400.9,409.4,7112861
AMDIND,20210818,28.25,28.65,27.45,28.45,32840
AMJLAND,20210818,32.35,32.95,30.4,30.7,50584
AMRUTANJAN,20210818,708.65,708.65,687.55,691.35,50408
ANANTRAJ,20210818,59.9,60.7,57,60.25,297055
ANDHRACEMT,20210818,25.6,26.4,25.6,25.6,808903
ANDHRAPAP,20210818,237,239.95,232.45,233.85,18813
ANDHRSUGAR,20210818,556.05,564.25,547,549.6,62758
ANDREWYU,20210818,25.5,25.6,24.15,24.55,153375
ANGELBRKG,20210818,1218,1230,1190,1196.1,121143
ANIKINDS,20210818,19.05,20,18.7,18.95,15187
ANKITMETAL,20210818,1.75,1.75,1.75,1.75,12400
ANMOL,20210818,186.95,198,182.05,185.95,4560
ANSALAPI,20210818,10.3,10.3,9.25,9.9,578680
ANSALHSG,20210818,7.25,7.35,6.85,6.9,180610
ANUP,20210818,1015,1034.95,994.4,1005.35,25665
ANURAS,20210818,753.8,753.8,732.2,737.15,57151
APARINDS,20210818,622.95,627.95,604.55,609.25,54787
APCL,20210818,466.5,469,449.5,451.4,48301
APCOTEXIND,20210818,333.05,337.5,331,332.15,21525
APEX,20210818,268.8,279.9,261,263.05,262436
APLAPOLLO,20210818,1650,1658.35,1605,1623.85,101565
APLLTD,20210818,773.95,773.95,760,762.7,140780
APOLLO,20210818,110.95,110.95,108,108.25,67295
APOLLOHOSP,20210818,4850,4963,4762.05,4787.9,2941548
APOLLOPIPE,20210818,1300,1369.9,1300,1360.35,119187
APOLLOTYRE,20210818,222.5,223,219.25,220.25,2256555
APOLSINHOT,20210818,873.25,890,830,835.8,3338
APTECHT,20210818,257,259,245.85,248.35,204341
ARCHIDPLY,20210818,31,31.55,29.5,29.6,14518
ARCHIES,20210818,17.9,17.9,17.8,17.8,64732
ARENTERP,20210818,23.75,23.75,23.75,23.75,2629
ARIES,20210818,154.7,156.75,149.5,151.35,56861
ARIHANT,20210818,27,27.6,26.45,27,7272
ARIHANTCAP,20210818,156.95,156.95,148.5,149.1,19841
ARIHANTSUP,20210818,116.55,119.8,109.2,115.45,72454
ARMANFIN,20210818,655,669.9,642.05,652.85,8276
AROGRANITE,20210818,72.45,77,69.45,74.4,892227
ARROWGREEN,20210818,130.05,131.95,122.25,123.85,25189
ARSHIYA,20210818,29.75,30.5,28.5,29.1,104605
ARSSINFRA,20210818,28.9,28.95,26.1,26.7,17844
ARTEMISMED,20210818,343.95,354,335.25,347.55,13945
ARVEE,20210818,89,97,87.9,96.1,878
ARVIND,20210818,95.8,95.8,90.5,94.05,1155397
ARVINDFASN,20210818,252,263.25,238.3,250.6,1706063
ARVSMART,20210818,123.5,125.1,119.05,121.9,80081
ASAHIINDIA,20210818,338.75,347,338.3,342.75,93305
ASAHISONG,20210818,349.1,370.3,349,358.05,46644
ASAL,20210818,56.8,57.5,54,54,19840
ASALCBR,20210818,444.9,468.35,440,456.15,92508
ASHAPURMIN,20210818,138.35,139.9,130.5,132.7,31041
ASHIANA,20210818,163.8,163.8,155.05,155.5,61757
ASHIMASYN,20210818,18.55,18.6,18,18,16970
ASHOKA,20210818,103.5,103.5,100.7,101.55,1074635
ASHOKLEY,20210818,126.8,127.3,124.75,125.15,14330765
ASIANHOTNR,20210818,82.2,82.3,77.3,78.55,3339
ASIANPAINT,20210818,3048,3048,2992.55,3001.55,1375320
ASIANTILES,20210818,168.3,168.3,161.7,162.9,200560
ASPINWALL,20210818,190.65,193,185,185.6,6506
ASTEC,20210818,1314,1322.5,1291.65,1318.3,15487
ASTERDM,20210818,178,194.7,177,189.7,21807578
ASTRAL,20210818,2056.4,2075.15,2041.1,2071.15,205374
ASTRAMICRO,20210818,156,157.7,151.5,153,346671
ASTRAZEN,20210818,3129.8,3131.2,3095.35,3102.55,12823
ASTRON,20210818,64.9,64.9,59.5,60.2,602508
ATFL,20210818,1009,1012.8,995.3,1007.3,10640
ATGL,20210818,988.5,1021.8,980.1,1021.8,206240
ATLANTA,20210818,13.6,13.95,12.95,12.95,25446
ATUL,20210818,9347.6,9347.6,9230.45,9322.25,9139
ATULAUTO,20210818,203.3,204.25,199.5,199.9,70384
AUBANK,20210818,1360.5,1379.5,1329.75,1339,1153921
AURIONPRO,20210818,185.05,199.3,185.05,190.7,43336
AUROPHARMA,20210818,732.95,746.8,716,721.65,7732484
AUSOMENT,20210818,69.25,69.25,66.05,67.1,4494
AUTOAXLES,20210818,1212,1257.8,1212,1251.25,14936
AUTOIND,20210818,55,58.65,53.5,53.75,44384
AVADHSUGAR,20210818,454,464.8,446,457.2,107360
AVANTIFEED,20210818,572,578.55,561.5,567.8,207319
AVTNPL,20210818,75.65,78.25,74.7,75.2,352111
AWHCL,20210818,369.9,375.25,358.95,361.3,122358
AXISBANK,20210818,763.8,763.8,750.5,754.4,5370460
AXISBNKETF,20210818,356.8,361.6,354.14,354.84,226
AXISBPSETF,20210818,10.25,10.28,10.23,10.27,2440896
AXISCADES,20210818,78.55,78.65,73.25,73.7,70597
AXISGOLD,20210818,41.1,41.16,40.94,40.99,92547
AXISHCETF,20210818,89.47,89.47,88.16,88.55,3699
AXISNIFTY,20210818,175.7,175.9,173.72,174.96,5524
AXISTECETF,20210818,347.7,347.7,333.5,339.71,2054
AYMSYNTEX,20210818,91.9,96.85,85.1,92.45,164317
BAFNAPH,20210818,144,144,138.05,140.45,1791
BAGFILMS,20210818,3.55,3.55,3.2,3.25,191059
BAJAJ-AUTO,20210818,3810,3856.05,3775,3833.05,493285
BAJAJCON,20210818,255.5,258.5,245,247.15,696902
BAJAJELEC,20210818,1059,1069.85,1035,1038.7,95235
BAJAJFINSV,20210818,14737.25,15238,14736.7,15006.35,391734
BAJAJHIND,20210818,15.8,16.3,15.2,15.35,2883943
BAJAJHLDNG,20210818,4165,4189.95,4111.65,4173.75,48805
BAJFINANCE,20210818,6434,6640,6406.05,6544.1,2153730
BALAJITELE,20210818,62.85,62.85,60.5,61.05,194061
BALAMINES,20210818,3422,3432.7,3375,3402.15,33079
BALAXI,20210818,573,580,547.05,550,3309
BALKRISIND,20210818,2312,2318.9,2268.55,2276.7,595739
BALMLAWRIE,20210818,128.7,129.6,127.75,128.5,131080
BALPHARMA,20210818,99.2,99.2,94.8,96.25,24940
BALRAMCHIN,20210818,359,368.4,350.15,360.3,1732994
BANARBEADS,20210818,75.5,76.65,69.4,70.6,51014
BANARISUG,20210818,1840,1862.75,1819,1842.7,4992
BANCOINDIA,20210818,193.05,197.5,185.05,188.25,752671
BANDHANBNK,20210818,295,295.05,289.6,290.35,3553715
BANG,20210818,33.5,33.8,31.5,31.5,8133
BANKA,20210818,70.3,71.5,68,68.3,10361
BANKBARODA,20210818,78.3,79.6,77.6,78.75,29876996
BANKBEES,20210818,361.56,364.8,357.35,358.57,344407
BANKINDIA,20210818,66.6,67.7,66.4,66.7,1481974
BANSWRAS,20210818,177,183.4,176.7,183.2,8186
BARBEQUE,20210818,1147.3,1169,1090,1128.95,375289
BASF,20210818,3560,3639.35,3480,3487.2,37672
BASML,20210818,91.95,94.2,89.3,90.1,31761
BATAINDIA,20210818,1740,1768.5,1719.05,1759.5,929808
BAYERCROP,20210818,5772.5,5834.4,5718.4,5732.85,27562
BBL,20210818,1375,1379.95,1316.85,1351.25,19579
BBTC,20210818,1118.95,1118.95,1092.05,1096.35,76218
BCG,20210818,28.3,31.2,28.3,31.2,2782170
BCLIND,20210818,237.2,240.45,225,227.4,137339
BCP,20210818,3.95,3.95,3.75,3.8,156786
BDL,20210818,386,391.9,375,388.35,726160
BEARDSELL,20210818,14.45,15.15,14.4,15,18450
BECTORFOOD,20210818,396.5,397.9,391.35,394.55,82715
BEDMUTHA,20210818,37.75,37.75,36.25,36.3,10727
BEL,20210818,176.1,181.85,173.25,174.1,11403534
BEML,20210818,1303,1315,1297.65,1305.5,142302
BEPL,20210818,183.05,184.8,178,180.15,713098
BERGEPAINT,20210818,819.95,824.2,810.05,813.7,440159
BESTAGRO,20210818,630,655,629,645.35,18616
BFINVEST,20210818,355.5,363.8,345.2,350.55,52318
BFUTILITIE,20210818,419.9,427.5,411,418.7,151547
BGRENERGY,20210818,54.25,56.5,51.75,52.3,76432
BHAGERIA,20210818,242.5,245.9,240.15,241.5,47525
BHAGYANGR,20210818,55.75,55.75,49.5,50.1,219357
BHAGYAPROP,20210818,31.1,32,30.4,31.85,141035
BHANDARI,20210818,3.1,3.1,2.9,3,374073
BHARATFORG,20210818,814.5,823,799.5,802.9,2465802
BHARATGEAR,20210818,131.85,132.85,123.5,124.8,48440
BHARATRAS,20210818,12749.95,12789.9,12625,12655.8,1052
BHARATWIRE,20210818,64.8,69.85,64.8,69.05,25940
BHARTIARTL,20210818,625.9,634,620.85,622.95,7005347
BHEL,20210818,52.65,55.1,52.05,54.45,48195539
BIGBLOC,20210818,124.5,124.5,119,119.35,38276
BIL,20210818,220,224.15,207.4,208.8,2964
BINDALAGRO,20210818,23.6,23.6,21.7,22.05,191304
BIOCON,20210818,368.9,373.7,367.05,370,1733630
BIOFILCHEM,20210818,64.4,65.25,62.25,63.3,40561
BIRLACABLE,20210818,88.25,88.25,83.85,83.85,38686
BIRLACORPN,20210818,1365,1365,1327.55,1357.7,90874
BIRLAMONEY,20210818,66.45,67.95,62.6,64.7,172030
BIRLATYRE,20210818,25.45,25.45,24.5,24.6,113473
BKMINDST,20210818,1.5,1.55,1.45,1.5,161941
BLBLIMITED,20210818,10.5,11,10.25,10.25,47469
BLISSGVS,20210818,110.25,111.45,108.7,109.75,235318
BLKASHYAP,20210818,25.75,26.3,24.4,24.7,244497
BLS,20210818,152,153.45,147,148.3,172186
BLUEDART,20210818,5800,5825,5730,5765.9,7610
BLUESTARCO,20210818,815,822,803.5,816.75,36772
BODALCHEM,20210818,108.9,108.95,105.55,106.15,323682
BOMDYEING,20210818,91.75,92.5,88.55,89.45,2369882
BOROLTD,20210818,211,213.3,207.1,208.1,66727
BORORENEW,20210818,303.6,309.5,292,294.9,217967
BOSCHLTD,20210818,14068.4,14199,13935,13978.25,21023
BPCL,20210818,466.95,466.95,461.05,463.5,3973617
BPL,20210818,34.6,35,33.4,33.9,60493
BRFL,20210818,7.3,7.65,7.1,7.5,146318
BRIGADE,20210818,328.7,333.8,320.45,328.3,202275
BRITANNIA,20210818,3708.8,3730,3686.95,3720.75,426843
BRNL,20210818,33.05,33.4,31.2,32.15,51387
BROOKS,20210818,132.9,132.9,117.3,120.3,202103
BSE,20210818,1084,1175,1084,1133.8,776394
BSHSL,20210818,312,325.9,302,310.1,4583
BSL,20210818,63.5,63.5,60.5,60.9,83153
BSLGOLDETF,20210818,4349.95,4349.95,4298.2,4313.75,244
BSLNIFTY,20210818,184.99,185,180.95,184.04,809
BSOFT,20210818,430,433.3,420,421.9,1282983
BURGERKING,20210818,166.4,168.6,162.5,163.35,1276165
BURNPUR,20210818,2.55,2.75,2.55,2.65,73038
BUTTERFLY,20210818,780,780,751.6,763.55,57879
BVCL,20210818,26,26,25.25,25.3,1777
BYKE,20210818,28.35,29.15,27.7,28.6,28683
CADILAHC,20210818,537,545.6,531.1,542.8,3185524
CAMLINFINE,20210818,175.85,176.75,165.55,167.2,1082042
CAMS,20210818,3226.75,3268.7,3210.45,3233.55,153012
CANBK,20210818,152.6,158.6,151,157.15,34481078
CANFINHOME,20210818,522.5,527.5,509,515.55,554030
CANTABIL,20210818,379.55,384.8,370.6,380.1,8282
CAPACITE,20210818,207.85,210.75,205.1,207.3,94825
CAPLIPOINT,20210818,808.5,816.2,792,797.7,157319
CAPTRUST,20210818,93.7,93.7,85.3,88.4,19228
CARBORUNIV,20210818,709,714,688.6,708.95,105191
CAREERP,20210818,149.65,151.8,145,145.55,39203
CARERATING,20210818,673.85,682.1,668.05,672.85,107866
CASTROLIND,20210818,133.4,134.7,131.45,131.9,535327
CCHHL,20210818,6.65,6.95,6.55,6.55,40470
CCL,20210818,392.8,400.95,387.55,389.4,478123
CDSL,20210818,1211.9,1230,1203.5,1210.6,272770
CEATLTD,20210818,1310,1330.75,1304,1326.05,66891
CEBBCO,20210818,33,34,31.35,32.25,178390
CELEBRITY,20210818,10.2,10.25,9.5,9.9,83895
CENTENKA,20210818,438.25,444.8,431.9,434.85,31527
CENTEXT,20210818,11.15,11.15,10.2,10.4,323350
CENTRALBK,20210818,20.75,21.15,20.35,20.5,3991689
CENTRUM,20210818,36.9,37.1,35.4,36.4,1958865
CENTUM,20210818,449.9,449.9,439.5,441.45,7314
CENTURYPLY,20210818,412,413,405,408.6,108077
CENTURYTEX,20210818,814,817.5,785.55,789.45,402743
CERA,20210818,4789.3,4797,4735.75,4780.6,4894
CEREBRAINT,20210818,55.8,56.05,54.45,55.2,340124
CESC,20210818,771.05,784,766.1,782.05,396664
CGCL,20210818,529.7,532.7,520.4,525.45,33360
CGPOWER,20210818,81.2,82.5,80.1,81.8,1513314
CHALET,20210818,172,173.5,169.05,172,65473
CHAMBLFERT,20210818,328,338,326.1,335.5,1139889
CHEMBOND,20210818,233.05,236.5,225.8,229.15,30796
CHEMCON,20210818,467.65,472.2,456,458.8,153765
CHEMFAB,20210818,157.45,159,154.9,156.2,3158
CHENNPETRO,20210818,107.05,108.35,104.1,104.95,404144
CHOLAFIN,20210818,511.3,512.95,502.6,506.75,1844951
CHOLAHLDNG,20210818,637.8,656.3,635.65,651.95,28737
CIGNITITEC,20210818,539.65,546.8,532.45,536.05,68643
CINELINE,20210818,84.15,86.5,80.95,82.2,38373
CINEVISTA,20210818,14,14.55,13.75,13.75,11546
CIPLA,20210818,900.2,910.7,900,908.85,2323095
CLEAN,20210818,1512,1597.9,1470,1544.65,1365679
CLEDUCATE,20210818,134,137.8,131.75,133.3,59277
CLNINDIA,20210818,560,584,560,562,63102
CLSEL,20210818,113,114.3,110.55,111.2,49501
CMICABLES,20210818,51.45,52,49,49.6,85705
COALINDIA,20210818,139.25,140.25,138,138.35,7654460
COCHINSHIP,20210818,355.95,365.9,354,362.05,241895
COFFEEDAY,20210818,33,33,29.1,29.1,2875792
COFORGE,20210818,4908.85,5055,4872.3,4975.85,758653
COLPAL,20210818,1692,1692,1662,1668.75,515413
COMPINFO,20210818,28.45,28.55,27,27.35,247176
COMPUSOFT,20210818,14.9,16.2,14.85,15.5,504514
CONCOR,20210818,671,681.75,661,673.45,1962740
CONFIPET,20210818,73.1,74.4,69.35,70.35,5731973
CONSOFINVT,20210818,131.3,131.3,121.15,122,5716
CONTROLPR,20210818,358,366.55,350.05,353.9,15426
CORALFINAC,20210818,41,41.5,38.4,39.35,38357
CORDSCABLE,20210818,54.05,54.2,52,52.4,36282
COROMANDEL,20210818,827.8,854,822.95,848.7,617351
COSMOFILMS,20210818,1343.6,1347.95,1315,1322.25,50550
COUNCODOS,20210818,3,3,2.8,2.85,178519
CPSEETF,20210818,25.85,25.97,25.51,25.57,1114590
CRAFTSMAN,20210818,1990,1990,1920,1947.7,18813
CREATIVE,20210818,279.45,279.45,254,275.15,122398
CREDITACC,20210818,612.1,655,610,636.65,129618
CREST,20210818,116.05,122,116,119,3463
CRISIL,20210818,2674.6,2740,2666.15,2689.55,93874
CROMPTON,20210818,450.4,457,448.5,451.05,771803
CSBBANK,20210818,317.8,320,313.1,314,120617
CTE,20210818,51.05,56.35,51.05,56.15,493148
CUB,20210818,146.9,150.4,145.5,149.45,4459490
CUBEXTUB,20210818,22,22.5,21.55,21.7,21158
CUMMINSIND,20210818,1021,1034.75,1013.25,1030,1643945
CUPID,20210818,234.9,237.2,228.4,229.6,27061
CYBERMEDIA,20210818,11.55,11.55,10.55,10.55,3757
CYBERTECH,20210818,164.05,168.7,161.25,162.3,122732
CYIENT,20210818,956,965,932.6,941.35,193959
DAAWAT,20210818,69.7,70.75,68.15,68.5,686909
DABUR,20210818,598.35,600.75,594.15,597.4,1992466
DALBHARAT,20210818,1866.9,1910,1866.9,1902.95,532378
DALMIASUG,20210818,430.25,443.6,422.05,429,151396
DAMODARIND,20210818,42.1,42.1,40,40.3,4372
DANGEE,20210818,190,190,183.1,184.35,7645
DATAMATICS,20210818,283.95,294.75,281.1,291.05,262440
DBCORP,20210818,88.6,89.7,86.7,86.85,215368
DBL,20210818,524,524,513,522.1,229428
DBREALTY,20210818,23,23.6,21.6,22.4,223324
DBSTOCKBRO,20210818,27.8,27.8,27.8,27.8,4087
DCAL,20210818,192,195.4,187,188.2,484089
DCBBANK,20210818,90.8,90.8,87.45,87.95,774348
DCM,20210818,52.15,52.15,48.3,50.25,11437
DCMFINSERV,20210818,2.6,2.6,2.6,2.6,2900
DCMNVL,20210818,224.5,224.85,210.4,212,45754
DCMSHRIRAM,20210818,1023,1033.3,982.5,989.8,88735
DCW,20210818,35.7,36,34.5,34.7,775355
DECCANCE,20210818,763.7,774.9,725,731.45,91767
DEEPAKFERT,20210818,429.2,437.7,409.5,416.9,190849
DEEPAKNTR,20210818,2136,2168,2118,2134.3,694090
DEEPENR,20210818,41.4,42.45,39.55,40.6,21103
DEEPINDS,20210818,130,135.5,127.25,130.8,271090
DELTACORP,20210818,181.9,181.9,176.1,177.45,1061619
DELTAMAGNT,20210818,49.25,51.05,47.05,47.6,1671
DEN,20210818,49.45,49.7,48.3,48.9,697019
DENORA,20210818,331,337.65,320.2,324.2,20962
DEVYANI,20210818,127.5,127.5,123,124.15,12528072
DFMFOODS,20210818,338.9,338.9,331.8,334.35,41782
DGCONTENT,20210818,12.15,12.75,12.15,12.25,19974
DHAMPURSUG,20210818,310,318.9,306.3,310.8,393826
DHANBANK,20210818,15.85,16.15,15.3,15.55,2550931
DHANI,20210818,201.8,204.35,195.2,196.5,798269
DHANUKA,20210818,876,898.2,876,893.65,99028
DHARSUGAR,20210818,16.45,16.5,16.45,16.5,32213
DHUNINV,20210818,619,633.9,613.3,621.15,2465
DIAMONDYD,20210818,686,686,651.05,657.45,20175
DICIND,20210818,445.4,450.1,433.8,439.75,6308
DIGISPICE,20210818,57,60,56.7,56.9,130238
DISHTV,20210818,12.65,13.7,12.5,13.25,8464385
DIVISLAB,20210818,4911.85,4999.05,4902,4910.45,506142
DIXON,20210818,4126,4140,4070,4099.35,172889
DLF,20210818,327,332.9,324,327.1,6497642
DLINKINDIA,20210818,136.6,136.6,130.4,131.85,363786
DMART,20210818,3640,3668.25,3626.15,3650.6,147888
DNAMEDIA,20210818,2.05,2.1,1.95,1.95,79585
DODLA,20210818,594.15,597.55,587.1,588.9,42503
DOLAT,20210818,108,108.35,103.75,104.45,252232
DOLLAR,20210818,373.85,373.9,361.1,364.05,148718
DONEAR,20210818,53.3,54.8,51.2,52.15,173995
DPABHUSHAN,20210818,207.65,214.95,200.65,209,65893
DPSCLTD,20210818,15.1,15.5,14.5,14.7,32211
DPWIRES,20210818,224.9,235.25,215.35,219.3,44986
DRCSYSTEMS,20210818,297.15,308.35,284.6,293.95,443
DREDGECORP,20210818,338.1,343.5,332.5,336.65,50400
DRREDDY,20210818,4700,4755.05,4675,4687.05,553756
DSSL,20210818,125.05,135.05,125.05,131.4,49974
DTIL,20210818,317.8,320,309.15,309.85,3912
DUCON,20210818,11.55,11.85,11.3,11.3,51450
DVL,20210818,285.65,285.65,272,274.6,40804
DWARKESH,20210818,70.25,72.8,69.2,71.5,2341472
DYNAMATECH,20210818,2161,2239.8,2111.95,2168.3,42968
DYNPRO,20210818,549.1,557.1,532,534.55,29055
EASEMYTRIP,20210818,478,480.75,460.25,463.8,676182
EASTSILK,20210818,4.5,4.5,4.1,4.1,278256
EBANK,20210818,4019.99,4020,3682,3800,46
EBBETF0423,20210818,1142.33,1143.25,1141.7,1141.7,10194
EBBETF0425,20210818,1063.5,1067.5,1061,1065.34,30026
EBBETF0430,20210818,1164,1165,1160.05,1161.87,8141
EBBETF0431,20210818,1043.55,1044.99,1043.55,1043.6,10716
EBIXFOREX,20210818,575,575,550,559.2,2648
ECLERX,20210818,2349,2350,2275,2318.6,26178
EDELWEISS,20210818,85.95,87.5,82.7,83.2,2457806
EICHERMOT,20210818,2526,2599,2526,2589.65,1901521
EIDPARRY,20210818,417,419.7,409,414.15,288632
EIHAHOTELS,20210818,316.15,323,310.3,314,11236
EIHOTEL,20210818,103.25,104.25,102.9,103.65,140160
EIMCOELECO,20210818,398,475,389,457.55,69722
EKC,20210818,115.85,115.85,105.25,107.05,981800
ELECON,20210818,175.85,176.9,170.1,171.35,904236
ELECTCAST,20210818,36.95,36.95,35.45,35.8,586588
ELECTHERM,20210818,126,127.6,124.15,125.25,8735
ELGIEQUIP,20210818,205.1,205.95,203.6,205.1,100992
ELGIRUBCO,20210818,37.55,37.55,36.3,36.85,27894
EMAMILTD,20210818,594.85,608,587,597.45,704448
EMAMIPAP,20210818,185.75,190,181.15,182.3,130108
EMAMIREAL,20210818,66.65,70.45,64.25,68.85,126457
EMKAY,20210818,127.35,127.95,120.15,121.45,159106
EMMBI,20210818,108.95,109.35,103.4,104.2,29516
ENDURANCE,20210818,1608.2,1613,1580.3,1593.15,195457
ENERGYDEV,20210818,10.25,10.25,9.5,9.5,124773
ENGINERSIN,20210818,72,72.3,71,71.15,1155590
ENIL,20210818,191.55,197.4,191,195.9,52996
EPL,20210818,231.2,233.5,226.1,229.3,471198
EQ30,20210818,395,399.6,394,394.86,549
EQUITAS,20210818,126,128,122.8,123.65,684460
EQUITASBNK,20210818,63.2,63.2,59.45,60.8,539676
ERIS,20210818,726,735.45,721,732.45,59928
EROSMEDIA,20210818,19.1,19.1,18.3,18.7,450738
ESABINDIA,20210818,1921.2,2005,1906.8,1988.7,18299
ESCORTS,20210818,1253.1,1260,1223.7,1229.9,575036
ESSARSHPNG,20210818,10.2,10.2,9.6,9.85,59240
ESTER,20210818,137.2,140.55,135,135.4,241613
EVEREADY,20210818,339.6,349.9,333.45,343.2,431710
EVERESTIND,20210818,468,468.9,452.1,454.65,78457
EXCEL,20210818,2.85,3,2.85,2.85,38533
EXCELINDUS,20210818,1093.25,1109,1074.05,1084.05,37013
EXIDEIND,20210818,163.8,164.7,162.6,162.95,1824304
EXPLEOSOL,20210818,1039.7,1077.95,1029,1045.9,30061
EXXARO,20210818,125.1,128.05,121.65,122,1422523
FACT,20210818,126.5,128.15,124.35,125.8,87965
FAIRCHEMOR,20210818,1870,1915.65,1800,1834.95,17247
FCL,20210818,102.8,105.4,101.2,101.95,702771
FCONSUMER,20210818,6.85,7.2,6.8,6.9,5054393
FCSSOFT,20210818,1.7,1.75,1.7,1.7,1813676
FDC,20210818,342,349.75,341,343.95,144154
FEDERALBNK,20210818,83.65,84.15,82.4,83.25,11789254
FEL,20210818,8.2,8.95,8.05,8.25,743379
FELDVR,20210818,11.75,12.1,11.55,11.65,38419
FIEMIND,20210818,975,1038.7,952,1015.65,1477067
FILATEX,20210818,96.1,98,94,94.25,346745
FINCABLES,20210818,476.95,482.05,471.05,475.3,214288
FINEORG,20210818,2851,2866.65,2805.2,2840.9,15648
FINPIPE,20210818,170,170.8,166.2,166.95,315855
FLEXITUFF,20210818,16.15,16.65,15.85,15.9,14450
FLFL,20210818,49.25,52.45,48.2,49.4,336429
FLUOROCHEM,20210818,1700,1709.9,1636.5,1690.25,43242
FMGOETZE,20210818,279.95,280.45,273.65,275.75,70933
FMNL,20210818,9.15,9.2,8.55,8.65,415052
FORCEMOT,20210818,1378,1382.7,1351,1358.25,36480
FORTIS,20210818,264.5,274.5,259,267.75,11855819
FOSECOIND,20210818,1485.1,1504.95,1480.05,1488.6,1523
FRETAIL,20210818,44.7,47.5,44,45.25,2282202
FSC,20210818,63.95,67.45,62,64,67091
FSL,20210818,202,205.4,199.65,202.9,4108106
GABRIEL,20210818,155.45,156.8,143.75,146.85,1206510
GAEL,20210818,175.9,177,170.75,172.2,252336
GAIL,20210818,147.2,147.8,145.05,145.6,4409849
GAL,20210818,3.2,3.3,3,3.15,887928
GALAXYSURF,20210818,3049,3049,2985,2997.35,51202
GALLANTT,20210818,71.1,71.5,68.5,68.7,47724
GALLISPAT,20210818,58.6,59.35,56.45,57,46630
GANDHITUBE,20210818,481,482,451.1,476.65,22920
GANECOS,20210818,530,530,508.95,511.9,21822
GANESHHOUC,20210818,124.5,134.75,122.2,130.7,175879
GANGAFORGE,20210818,129,131,128.35,129.65,134829
GANGESSECU,20210818,82.55,85.9,80.55,82.05,18330
GARFIBRES,20210818,3225,3338.95,3205.55,3273.3,13075
GATI,20210818,146.25,146.85,141.1,141.75,312386
GAYAPROJ,20210818,43.1,43.65,40.8,41.15,1235355
GDL,20210818,278,282,265,269.95,76328
GEECEE,20210818,156.8,160.3,146.6,148.1,19579
GEEKAYWIRE,20210818,91.85,92.35,89.4,91.3,5116
GENCON,20210818,43.8,44.65,43.5,43.55,9952
GENESYS,20210818,139,140.45,134.05,138.05,60487
GENUSPAPER,20210818,10.7,10.8,10.1,10.2,91653
GENUSPOWER,20210818,62,62.7,60.35,60.85,459042
GEOJITFSL,20210818,78.8,81.35,78,78.3,397610
GEPIL,20210818,309.75,309.75,305.15,306.85,57706
GESHIP,20210818,310.05,310.05,299.9,302.4,342132
GET&D,20210818,133.05,139.3,132.3,137.2,413242
GFLLIMITED,20210818,66.8,67.85,64.5,66.35,65508
GFSTEELS,20210818,2.55,2.6,2.55,2.6,3400
GHCL,20210818,350,350.5,339.25,341.15,215125
GICHSGFIN,20210818,143.85,144.3,139.6,140.3,386242
GICRE,20210818,155.5,159.8,150,150.5,1233692
GILLANDERS,20210818,51.4,52.2,50.8,51.75,6130
GILLETTE,20210818,5950,6025.4,5950,6004.1,5265
GINNIFILA,20210818,30.4,31.25,30.15,30.8,82868
GIPCL,20210818,86.5,87.2,85.4,85.75,192184
GKWLIMITED,20210818,689,697.35,675.5,688.6,341
GLAND,20210818,4150,4160,4060,4071.35,78073
GLAXO,20210818,1600,1605.95,1565,1575.15,32869
GLENMARK,20210818,556,559,551,553.6,965450
GLFL,20210818,3,3,2.8,2.85,1725
GLOBAL,20210818,47.95,47.95,45,45.45,2474
GLOBALVECT,20210818,49.6,52.8,49.6,51.95,9093
GLOBE,20210818,11.1,11.1,11.1,11.1,31201
GLOBUSSPR,20210818,908.9,953.25,901.1,941.9,139405
GLS,20210818,723,731,716.55,720.15,298872
GMBREW,20210818,558.25,588,555.25,575.7,116551
GMDCLTD,20210818,62,62.8,60.85,61.9,542662
GMMPFAUDLR,20210818,4260,4384.7,4211,4303.55,44844
GMRINFRA,20210818,29,29.85,28.65,28.85,19673326
GNA,20210818,697.45,710,689,691.95,88351
GNFC,20210818,356.4,358,346,348.1,437949
GOACARBON,20210818,373.05,380,367,370.6,21930
GOCLCORP,20210818,273.95,273.95,259.95,262.75,31881
GODFRYPHLP,20210818,1050,1054,1020,1023.4,24273
GODREJAGRO,20210818,646,646,617.25,620.1,153867
GODREJCP,20210818,1011,1022.6,1002.4,1005.2,1136005
GODREJIND,20210818,563.4,575.45,561.9,567.1,634849
GODREJPROP,20210818,1530,1530.15,1496.45,1507.1,525931
GOKEX,20210818,211,216.7,206.05,209.75,218317
GOKUL,20210818,29.3,31,28.85,29.1,79878
GOKULAGRO,20210818,40.5,40.9,40,40.3,75158
GOLDBEES,20210818,41,41.19,40.95,41.03,1995891
GOLDENTOBC,20210818,89.25,89.25,89.25,89.25,3279
GOLDIAM,20210818,752,789,751.85,784.05,124559
GOLDSHARE,20210818,42.15,42.15,41.75,41.75,93675
GOLDTECH,20210818,13.8,14.25,13.5,13.75,34094
GOODLUCK,20210818,287.9,290,274.5,277.95,111475
GOODYEAR,20210818,1040,1069.5,1031,1040.5,71474
GPIL,20210818,1333,1340.8,1276,1294.6,56379
GPPL,20210818,102.9,106.7,102.3,104.4,1371716
GPTINFRA,20210818,87,87,84.05,85.2,45369
GRANULES,20210818,346.6,350.4,340.25,344.1,2305971
GRAPHITE,20210818,658,664.4,642.2,650.95,241222
GRASIM,20210818,1482.2,1508.8,1480,1501.2,888339
GRAUWEIL,20210818,61.6,61.9,58.7,59.35,132185
GRAVITA,20210818,211.15,213.85,196.35,199.1,1209134
GREAVESCOT,20210818,135.55,138.15,130.55,131.6,2390974
GREENLAM,20210818,1323.5,1329.75,1310,1314.85,2424
GREENPANEL,20210818,262,262,247.3,252.45,144055
GREENPLY,20210818,186.35,186.35,181.7,183.05,205079
GREENPOWER,20210818,3.2,3.25,3.05,3.1,2988551
GRINDWELL,20210818,1215.8,1225,1200,1210.75,20865
GRINFRA,20210818,1598,1614.95,1598,1600.55,80139
GROBTEA,20210818,1110,1121.05,1021,1033.65,815
GRPLTD,20210818,907.9,934.4,907.9,921.55,1520
GRSE,20210818,187.9,191.65,185,190.1,137238
GSCLCEMENT,20210818,50.75,52.75,50.75,51.7,453838
GSFC,20210818,105,108.4,103.45,104.8,2390250
GSPL,20210818,367.75,375.5,363.55,372.8,1441729
GSS,20210818,66,66.9,63.05,64.2,153934
GTL,20210818,13.1,13.1,13.1,13.1,209173
GTLINFRA,20210818,2.25,2.25,2.25,2.25,1217536
GTNTEX,20210818,7.4,7.5,7.4,7.5,861
GTPL,20210818,229.35,236.75,223.5,225.2,166498
GUFICBIO,20210818,198.95,209.5,191.4,206.95,833001
GUJALKALI,20210818,475,476,458.2,463.4,246025
GUJAPOLLO,20210818,221,222.95,216.1,218.7,7152
GUJGASLTD,20210818,733,739.75,718.45,725.5,814477
GUJRAFFIA,20210818,36.95,37.8,36.05,37.4,3039
GULFOILLUB,20210818,600,601.35,588.5,590.3,42478
GULFPETRO,20210818,56.85,56.85,54,54.5,49572
GULPOLY,20210818,235.5,249.3,235.5,241.6,43492
HAL,20210818,1099,1130,1083.3,1120.15,855153
HAPPSTMNDS,20210818,1415.1,1447.4,1407,1432.85,1322648
HARRMALAYA,20210818,189,192.45,186,188,184958
HATHWAY,20210818,24.25,24.6,23.4,23.55,4284211
HATSUN,20210818,940.35,947.15,930,932,19757
HAVELLS,20210818,1228,1266,1226.25,1234.15,2658601
HAVISHA,20210818,1.3,1.35,1.3,1.3,50023
HBANKETF,20210818,360,361.05,353.5,354.85,1142
HBLPOWER,20210818,47.45,51.45,46.5,49.1,1914055
HBSL,20210818,45.9,48.8,44.85,44.85,19122
HCC,20210818,9.7,9.75,9.2,9.2,4636908
HCG,20210818,230.5,237.6,224.15,234.4,294836
HCL-INSYS,20210818,12.2,12.75,12.2,12.75,654679
HCLTECH,20210818,1157.9,1157.9,1131.6,1134.25,4871006
HDFC,20210818,2750,2770.3,2698,2710.75,2501410
HDFCAMC,20210818,2997,3025,2961.55,2995.9,333973
HDFCBANK,20210818,1556.7,1565.35,1508.35,1513,11492966
HDFCLIFE,20210818,668.95,675.15,668.5,671.05,1968944
HDFCMFGETF,20210818,42.65,42.65,42.02,42.11,162998
HDFCNIFETF,20210818,176.6,178.55,176.6,177.43,13880
HDFCSENETF,20210818,601.99,620,597.06,613.87,2134
HEG,20210818,2330,2348.6,2291.75,2310.35,91977
HEIDELBERG,20210818,256.8,262.4,255,261.6,253866
HEMIPROP,20210818,133.95,134.75,132.15,132.7,290840
HERANBA,20210818,805.1,815,787,797.75,203320
HERCULES,20210818,142.65,144,137.05,139.45,117983
HERITGFOOD,20210818,476,487.1,464.95,469.55,90656
HEROMOTOCO,20210818,2790.5,2795,2752.5,2763.6,613650
HESTERBIO,20210818,2489.95,2489.95,2385.9,2405.35,11489
HEXATRADEX,20210818,214.5,220,201.8,211.3,74631
HFCL,20210818,63.6,64.25,60.4,60.6,3186327
HGINFRA,20210818,590,606.4,570,583.4,381116
HGS,20210818,3110.2,3160,3050.9,3076.55,23850
HIKAL,20210818,696.65,697.85,670,675.5,425140
HIL,20210818,5617,5679.9,5570,5605.15,7570
HILTON,20210818,12.7,12.7,11.85,12,7396
HIMATSEIDE,20210818,276,278.8,268,275.15,214736
HINDALCO,20210818,438.8,439.65,424.4,426.95,12169397
HINDCOMPOS,20210818,309,309.1,299.8,301.3,7214
HINDCON,20210818,67.2,68.7,63.25,64.45,28990
HINDCOPPER,20210818,130.4,131.7,126.1,128.2,4182550
HINDMOTORS,20210818,8,8.25,7.4,7.95,314361
HINDNATGLS,20210818,38.85,39.4,37.1,37.5,9589
HINDOILEXP,20210818,172,179.7,167.4,168.45,781335
HINDPETRO,20210818,254.7,255.8,251.6,253.8,2964155
HINDUNILVR,20210818,2485,2500,2454,2486.05,1545643
HINDZINC,20210818,316.5,324.95,313.3,321.25,1471950
HIRECT,20210818,152,153.95,147.4,151.5,11367
HISARMETAL,20210818,133.3,133.3,127.05,131.55,12368
HITECH,20210818,559.4,567.55,546,549.3,45250
HITECHCORP,20210818,220,220,215.15,217.15,3584
HITECHGEAR,20210818,278,280.75,266.75,268.95,9429
HLEGLAS,20210818,3335.2,3460,3240.05,3403.9,11300
HLVLTD,20210818,9.1,9.1,8.15,8.25,325934
HMVL,20210818,77.9,78.5,76.2,76.4,79018
HNDFDS,20210818,1864,1864,1732.95,1800.55,5225
HNGSNGBEES,20210818,332.35,332.35,330.02,331.28,276
HOMEFIRST,20210818,575,585.55,575,575.7,149862
HONAUT,20210818,39288,40188.8,39288,40000.3,1827
HONDAPOWER,20210818,1288,1288,1246.5,1254.85,8872
HOVS,20210818,62,65.9,61.5,61.5,7744
HPL,20210818,66.5,68,65.1,66,138886
HSCL,20210818,47.55,47.65,46.3,46.5,2683593
HSIL,20210818,232.1,234.8,224.75,225.9,127655
HTMEDIA,20210818,26.6,26.7,24.5,25.1,384723
HUBTOWN,20210818,36,37,34.2,34.2,34882
HUDCO,20210818,42.25,42.25,41.75,41.85,917659
HUHTAMAKI,20210818,273.95,275,268.95,270.8,54242
IBMFNIFTY,20210818,160.9,162.95,160,160.11,561
IBREALEST,20210818,150.5,151.4,142.6,144.5,7603361
IBULHSGFIN,20210818,250.6,254.5,239.2,241.35,17137291
ICDSLTD,20210818,70.6,70.6,70.6,70.6,4531
ICEMAKE,20210818,76.15,78.4,76.1,76.5,4692
ICICI500,20210818,233,234.3,231.5,232.23,5982
ICICIALPLV,20210818,174.7,174.7,167,168.2,14765
ICICIB22,20210818,40.5,40.59,40.2,40.34,282281
ICICIBANK,20210818,700.85,700.85,683.6,688.3,11069373
ICICIBANKN,20210818,360.99,360.99,353.73,355.3,5056
ICICIBANKP,20210818,183,184.5,181,181.94,3131
ICICIFMCG,20210818,392,392,371,377.73,8445
ICICIGI,20210818,1455,1490,1452.3,1484.4,854268
ICICIGOLD,20210818,42.68,42.68,41.63,41.91,541048
ICICILIQ,20210818,999.99,1000,999.99,1000,18904
ICICILOVOL,20210818,141.7,141.7,133.2,135.17,61594
ICICIM150,20210818,105.88,106,103.55,105.1,19884
ICICIMCAP,20210818,99.3,99.3,97,98.4,9146
ICICINF100,20210818,183.19,183.19,181.4,182.06,3093
ICICINIFTY,20210818,187.7,187.7,177.26,177.61,97013
ICICINV20,20210818,97.7,97.7,89,91.14,19570
ICICINXT50,20210818,44.7,44.7,40.31,40.83,31897
ICICIPHARM,20210818,90.5,90.5,89,89.89,21397
ICICIPRULI,20210818,677.8,694.5,677.05,680.7,1706339
ICICISENSX,20210818,605.99,609.5,605,605.21,1416
ICICITECH,20210818,342.24,346.7,337.5,338.22,623758
ICIL,20210818,254.9,262,247,255.4,278644
ICRA,20210818,3784,3811.95,3680,3698.2,2978
IDBI,20210818,38.1,38.3,37.35,37.6,9536430
IDBIGOLD,20210818,4385.9,4385.95,4305,4366.45,317
IDEA,20210818,5.65,6.85,5.6,6.45,459576977
IDFC,20210818,46.95,49.1,45.25,48,12034899
IDFCFIRSTB,20210818,44.4,45.1,43.6,44.65,33532201
IDFNIFTYET,20210818,174.51,174.99,173.57,173.82,342
IEX,20210818,408.5,413,402,404,2064769
IFBAGRO,20210818,570.1,580,561.05,568.85,13014
IFBIND,20210818,943,949.9,931.25,938.1,12098
IFCI,20210818,11.75,12,11.4,11.5,1954518
IFGLEXPOR,20210818,385,390,363,365.35,70730
IGARASHI,20210818,449.4,456.5,436.5,438.85,61864
IGL,20210818,537,537.45,525.55,528.1,1783360
IGPL,20210818,608.5,608.5,577,580.95,61472
IIFL,20210818,284.5,298,278,294.55,77023
IIFLSEC,20210818,94.7,97,93.1,94.15,234544
IIFLWAM,20210818,1573,1616.45,1546.6,1586.3,98850
IITL,20210818,64.5,66,64.1,65.05,774433
IMAGICAA,20210818,7.95,8.25,7.7,7.9,76384
IMFA,20210818,760.95,789.8,745,753.9,28330
IMPAL,20210818,773.95,794,770,774.15,2787
INCREDIBLE,20210818,30.1,30.1,28.6,28.9,10503
INDBANK,20210818,24.1,24.8,23.3,23.75,80927
INDHOTEL,20210818,141.3,141.9,140,140.55,762032
INDIACEM,20210818,170,174.7,169.4,171.6,2471294
INDIAGLYCO,20210818,726,729.4,707,712.9,179470
INDIAMART,20210818,7189.85,7190,7060,7114,37114
INDIANB,20210818,125.95,127.4,124,125.3,1530995
INDIANCARD,20210818,179,179,170.75,170.9,2739
INDIANHUME,20210818,217.7,218,208,209.85,43982
INDIGO,20210818,1706,1714.55,1691.1,1697.45,412379
INDIGOPNTS,20210818,2432,2442,2374.95,2391.2,24207
INDLMETER,20210818,12.2,12.7,12.2,12.6,15176
INDNIPPON,20210818,355.5,361.95,355,355.9,14454
INDOCO,20210818,462.9,470.4,457.25,463.05,318379
INDORAMA,20210818,51.95,52.3,50.25,50.7,25038
INDOSTAR,20210818,336,345.35,326.6,338.25,204645
INDOTECH,20210818,169.9,178.95,162,178.95,13332
INDOTHAI,20210818,84.85,85.6,81.75,85.5,108560
INDOWIND,20210818,6.8,7,6.5,6.75,137721
INDRAMEDCO,20210818,81.8,82.25,78.05,78.85,346151
INDSWFTLAB,20210818,70.5,71.3,65.75,66.4,358180
INDSWFTLTD,20210818,9.55,9.55,8.85,9.4,59484
INDTERRAIN,20210818,39.95,40.6,37.4,39.4,386552
INDUSINDBK,20210818,1003,1005.8,987,989.65,2344486
INDUSTOWER,20210818,215.45,224.25,214.55,218.6,4598376
INEOSSTYRO,20210818,1367.15,1373.7,1305,1336,44675
INFIBEAM,20210818,41.2,41.35,40.3,40.45,1537981
INFOBEAN,20210818,390,400,380,382,14100
INFRABEES,20210818,464.05,476.5,462.03,475.21,1380
INFY,20210818,1729,1755.5,1727,1733.45,6686090
INGERRAND,20210818,970,975.45,950.25,954.75,14343
INOXLEISUR,20210818,328.9,331,324.9,328.45,360125
INOXWIND,20210818,124,127,119.05,123.8,218880
INSECTICID,20210818,761,773.95,751.25,756.35,31138
INSPIRISYS,20210818,52.5,54,51.3,51.3,14115
INTELLECT,20210818,676.7,678.2,650,652.8,164611
INTENTECH,20210818,70.15,77.25,70,77.25,158739
INVENTURE,20210818,3.05,3.05,3,3,2038669
IOB,20210818,20,20.65,19.8,20.05,6519895
IOC,20210818,106.4,106.5,104.7,106.2,12592530
IOLCP,20210818,605.9,609.85,587,591.4,317517
IPCALAB,20210818,2468,2523.95,2401.15,2444.35,339296
IPL,20210818,326.15,329.7,316.4,318.35,386034
IRB,20210818,165,166.5,159.25,161,1303485
IRCON,20210818,42.2,43,42.1,42.35,2244645
IRCTC,20210818,2682.75,2750,2673.25,2719.05,2725954
IRFC,20210818,23.35,23.9,23.1,23.45,7908641
IRISDOREME,20210818,186.5,186.5,175,182.25,3088
ISEC,20210818,718.55,724,702,717.9,769834
ISFT,20210818,108.05,110,105,105.15,29807
ISGEC,20210818,694.9,706,682,692.15,246932
ISMTLTD,20210818,24.7,25.4,23,25.4,165734
ITC,20210818,209.6,211.5,208.35,208.95,10735658
ITDC,20210818,352.9,361.45,352.9,357.85,22676
ITDCEM,20210818,81.7,82.7,80.2,81,270870
ITI,20210818,118.5,119.15,116.2,116.75,181302
IVC,20210818,5.9,5.9,5.9,5.9,67423
IVP,20210818,110.7,117.3,110.7,115.35,2009
IVZINGOLD,20210818,4251.15,4299.4,4250,4268.1,13
IVZINNIFTY,20210818,1810,1815.1,1792.3,1815.1,7
IWEL,20210818,771.15,789.95,752.5,758.9,5780
IZMO,20210818,105.8,107.3,101,103.3,80185
J&KBANK,20210818,36.05,36.15,35.1,35.3,1998733
JAGRAN,20210818,61.2,61.7,58.55,59.05,184751
JAGSNPHARM,20210818,169.9,171.8,158.1,160.5,115347
JAIBALAJI,20210818,65.45,66.85,64.95,65.9,64444
JAICORPLTD,20210818,132.3,133.8,129,129.6,675016
JAMNAAUTO,20210818,81.95,83.5,81.25,82.95,456284
JASH,20210818,490,490,467.6,471.55,18408
JAYAGROGN,20210818,252,253.45,239.95,242.95,114371
JAYBARMARU,20210818,191.95,194.7,187.5,189.3,26037
JAYNECOIND,20210818,21.4,22.8,20.75,20.75,220676
JAYSREETEA,20210818,112.1,113.8,108.3,109.6,215302
JBCHEPHARM,20210818,1685,1744.8,1685,1713.25,59201
JBFIND,20210818,24.9,24.9,24.9,24.9,56769
JBMA,20210818,469.5,470.75,438.1,442.7,87419
JCHAC,20210818,2204.1,2207.75,2175.5,2181.75,6082
JHS,20210818,26.65,26.65,25.4,25.55,121871
JINDALPHOT,20210818,91.7,92.85,87.1,88.1,8444
JINDALPOLY,20210818,1015,1019.9,986.05,994.4,118504
JINDALSAW,20210818,124.1,127.5,119.5,120.95,2368977
JINDALSTEL,20210818,414.95,418.3,403.8,408,9405766
JINDRILL,20210818,133.1,135.05,129.5,130.05,37293
JINDWORLD,20210818,68,69,66,66.15,224306
JISLDVREQS,20210818,18.25,18.75,17.3,17.4,38743
JISLJALEQS,20210818,29.95,30,27.5,27.85,3337869
JITFINFRA,20210818,48.35,48.35,48.35,48.35,71476
JKCEMENT,20210818,3192,3284.05,3120.1,3161.9,80279
JKIL,20210818,214.4,217.6,210.05,212,112755
JKLAKSHMI,20210818,712.5,721.9,705.25,709.5,1377570
JKPAPER,20210818,260.9,265.5,253.1,257.45,1198137
JKTYRE,20210818,160.8,160.8,157.5,158.05,1184597
JMA,20210818,61.4,62.2,58.6,60.85,23957
JMCPROJECT,20210818,105.6,105.9,101.3,103.2,151950
JMFINANCIL,20210818,95.9,96.7,91.7,92.2,2119124
JMTAUTOLTD,20210818,2.5,2.55,2.4,2.45,527265
JOCIL,20210818,234.25,257.55,227,256.8,320748
JPASSOCIAT,20210818,8.4,9.2,8.4,9.2,11413579
JPINFRATEC,20210818,1.85,1.9,1.85,1.85,5607318
JPPOWER,20210818,4,4.05,3.8,3.8,97486791
JSL,20210818,153,154.2,147.25,148.05,1423346
JSLHISAR,20210818,288.6,290.75,275.05,278,440441
JSWENERGY,20210818,246,250,241.15,245.25,970640
JSWHL,20210818,4970,5069.9,4807,4850.5,740
JSWISPL,20210818,35.25,36,33.6,33.65,1753874
JSWSTEEL,20210818,748,748.9,732.9,737.45,5905871
JTEKTINDIA,20210818,108.3,108.8,104,106.15,374925
JUBLFOOD,20210818,3921.95,4164,3921.95,4040.4,2529037
JUBLINDS,20210818,557,557,526.15,530.65,53449
JUBLINGREA,20210818,734.95,736.8,705.55,720.2,880625
JUBLPHARMA,20210818,625.1,630.9,619,623.1,114769
JUMPNET,20210818,8.1,8.45,7.9,7.95,711321
JUNIORBEES,20210818,419,422,412,418.32,67646
JUSTDIAL,20210818,963.95,971,959.05,962.35,452712
JYOTHYLAB,20210818,163.2,167,162.5,165.4,428237
KABRAEXTRU,20210818,212.9,244.7,212,239.3,1832798
KAJARIACER,20210818,1058,1114,1052.05,1106.95,1509862
KAKATCEM,20210818,264.75,269.45,262,263.65,16744
KALPATPOWR,20210818,418.9,420.55,406,408,316606
KALYANIFRG,20210818,208,218.35,200.15,205.95,574
KALYANKJIL,20210818,63.55,64.65,62.6,62.85,961663
KAMATHOTEL,20210818,45.3,45.8,43.1,43.65,46647
KAMDHENU,20210818,167.6,168.8,164.9,165.7,44769
KANANIIND,20210818,10.55,10.55,10.05,10.05,4125
KANORICHEM,20210818,159.9,159.9,145.6,145.85,52096
KANPRPLA,20210818,249.9,249.9,225.55,234.55,11038
KANSAINER,20210818,635.95,636.6,627.3,634.7,310280
KAPSTON,20210818,87.5,89.5,83.6,84.9,2862
KARDA,20210818,22.15,22.7,22,22.7,1840319
KARMAENG,20210818,22.15,22.15,22.15,22.15,502
KARURVYSYA,20210818,43.45,43.9,42.75,42.9,760143
KAUSHALYA,20210818,3.15,3.15,3.15,3.15,16326
KAVVERITEL,20210818,4.25,4.25,4.25,4.25,552
KAYA,20210818,454.95,454.95,436,447.8,11802
KCP,20210818,147.7,149.25,145,146.45,216143
KCPSUGIND,20210818,24.05,24.1,22.95,23.05,329733
KDDL,20210818,355.05,371.65,355.05,362.2,9523
KEC,20210818,405.75,405.75,397.1,401.4,97289
KECL,20210818,17.7,18.35,16.7,17,147521
KEERTI,20210818,19.35,19.35,18,18.2,3766
KEI,20210818,730,737,720,723.65,175012
KELLTONTEC,20210818,50.9,51.25,46.5,47.2,1499921
KENNAMET,20210818,1243,1350,1184.55,1230.5,28255
KERNEX,20210818,74.55,78,74,74,2548
KESORAMIND,20210818,83.2,85.65,82.6,84.05,895551
KEYFINSERV,20210818,85.95,90,80,84.45,20510
KHADIM,20210818,255,257.75,236.7,243,51193
KHAICHEM,20210818,61.85,62.1,59.2,59.65,199358
KHANDSE,20210818,18.5,19.85,18.35,19.2,7575
KICL,20210818,2213.35,2272.45,2200,2218.05,3214
KILITCH,20210818,188,188,177.25,178.15,37377
KIMS,20210818,1393,1397.5,1335.1,1369.9,545465
KINGFA,20210818,1134,1164.9,1090,1119.6,9444
KIOCL,20210818,275,277,261.15,265.4,88125
KIRIINDUS,20210818,496.5,507.5,490,491.9,121410
KIRLFER,20210818,273,276.25,261.05,265.65,298124
KIRLOSBROS,20210818,380,394.9,374,375.1,12965
KIRLOSENG,20210818,223.8,225.4,215.1,216.5,105631
KIRLOSIND,20210818,1434,1434,1366.75,1384.6,43708
KITEX,20210818,156.65,159,154.5,155.6,133955
KKCL,20210818,855,857.45,836.5,841.15,2066
KMSUGAR,20210818,28.4,28.8,27.2,27.3,367328
KNRCON,20210818,304.8,306.35,295,302,865765
KOKUYOCMLN,20210818,65.15,65.7,63.75,64.3,96122
KOLTEPATIL,20210818,231.6,234.75,223.55,226.6,457905
KOPRAN,20210818,207.9,212,203,208.25,312266
KOTAKBANK,20210818,1788.35,1790.55,1745.6,1749.7,2763653
KOTAKBKETF,20210818,366,366,358.1,359.39,146630
KOTAKGOLD,20210818,41.49,41.49,41.18,41.22,126577
KOTAKIT,20210818,34.24,35.1,33.41,33.49,365118
KOTAKNIFTY,20210818,176.4,176.4,173.6,174.5,60920
KOTAKNV20,20210818,93.69,93.99,91.91,93.1,16332
KOTAKPSUBK,20210818,228.99,229.69,225,228.28,14612
KOTARISUG,20210818,35.55,36.2,34.4,34.75,160154
KOTHARIPET,20210818,52.8,52.9,50.4,50.7,81695
KOTHARIPRO,20210818,103.6,108.95,100.3,102.55,4917
KOVAI,20210818,1788.55,1800,1748.7,1755.8,6796
KPIGLOBAL,20210818,134.9,134.9,128.2,129,39850
KPITTECH,20210818,361,374.9,357.5,360.9,2777906
KPRMILL,20210818,1800.1,1824.95,1771,1779.9,31037
KRBL,20210818,262.4,262.7,250,251.95,481633
KREBSBIO,20210818,158,161.65,153.5,156.65,241375
KRIDHANINF,20210818,4.7,4.85,4.55,4.65,96559
KRISHANA,20210818,144.95,144.95,140,144.05,29207
KRSNAA,20210818,976,993,963.9,973.2,731844
KSB,20210818,1177,1189.8,1156.95,1159.85,17284
KSCL,20210818,605,623,579,583.7,3931338
KSL,20210818,402.95,408.05,394.8,397.15,68747
KTKBANK,20210818,58,58.05,56.4,57,777574
KUANTUM,20210818,81,82.95,78,79.1,37007
L&TFH,20210818,81.8,82.5,81,81.65,5042800
LALPATHLAB,20210818,3886.7,4068.1,3855.4,4004.15,716975
LAMBODHARA,20210818,83.65,88.95,81.35,82.9,20013
LAOPALA,20210818,275.05,278.1,270.5,275.1,74884
LASA,20210818,62.3,64,61.6,63.2,189451
LAURUSLABS,20210818,699.15,706,691,693.45,1456403
LAXMIMACH,20210818,8150,8175,7950.2,8024.4,4964
LCCINFOTEC,20210818,1.9,1.9,1.7,1.75,338490
LEMONTREE,20210818,40.2,40.2,39.6,39.9,1322675
LFIC,20210818,80.65,81.3,80,80.05,1464
LGBBROSLTD,20210818,446.45,455.05,443.7,448.45,122269
LGBFORGE,20210818,7.6,7.6,7.25,7.25,50811
LIBAS,20210818,70.75,70.75,67.8,68.6,527187
LIBERTSHOE,20210818,167.7,169.75,164.1,165.05,58557
LICHSGFIN,20210818,389,391,384.05,384.75,2999565
LICNETFGSC,20210818,22.08,22.08,21.94,22,497
LICNETFN50,20210818,177.99,178.55,174.1,177.04,1577
LICNETFSEN,20210818,599.9,603.9,595,597.28,313
LICNFNHGP,20210818,162,165.88,162,162.48,509
LIKHITHA,20210818,370.1,373.9,353.1,355.25,208058
LINCOLN,20210818,328.6,343,328.5,335.25,367897
LINCPEN,20210818,202.8,202.8,188.1,192.5,2744
LINDEINDIA,20210818,1873.5,1911.8,1834.5,1888.3,456188
LIQUIDBEES,20210818,1002.88,1002.88,999.33,999.99,750684
LIQUIDETF,20210818,1000,1000.01,999.99,999.99,17758
LODHA,20210818,849.85,877,837.7,861.35,240208
LOKESHMACH,20210818,38.6,41.7,38.2,40.1,39505
LOTUSEYE,20210818,48,48,44.15,44.35,10302
LOVABLE,20210818,113.45,113.85,110,110.3,16048
LPDC,20210818,4.95,4.95,4.55,4.8,85820
LSIL,20210818,2.9,2.95,2.85,2.85,2678562
LT,20210818,1647,1661.1,1627.1,1632.85,1570228
LTI,20210818,4958.5,5050,4910,4981.8,403770
LTTS,20210818,3865.25,3898,3791.25,3824,510610
LUMAXIND,20210818,1479,1479,1436,1441.85,3830
LUMAXTECH,20210818,151,151.65,147,147.45,79669
LUPIN,20210818,979.55,980,965,972.8,1850713
LUXIND,20210818,4035,4049.2,3892.65,4015.3,58292
LXCHEM,20210818,371,383,361,368.95,5906365
LYKALABS,20210818,78.5,79.85,75.9,75.9,245942
LYPSAGEMS,20210818,4.2,4.3,4.15,4.15,30317
M&M,20210818,793.9,797,786.9,791.35,2450964
M&MFIN,20210818,149.05,151.15,147.5,148.05,5640343
MAANALU,20210818,159.55,165,159.55,159.55,19110
MACPOWER,20210818,193.85,194,179.95,182.85,16897
MADHAV,20210818,58.75,60,56.05,59.3,23039
MADHUCON,20210818,5.25,5.25,5,5.05,38261
MADRASFERT,20210818,29.3,30,29.05,29.15,92669
MAESGETF,20210818,28.41,29.26,28.34,28.36,10023
MAFANG,20210818,52.9,52.9,51.03,51.33,351258
MAFSETF,20210818,17.71,17.83,17.24,17.26,186209
MAGADSUGAR,20210818,299.95,299.95,281.65,283.7,68636
MAGNUM,20210818,9.8,9.8,8.95,8.95,56155
MAHABANK,20210818,19.15,19.35,18.85,18.9,3632696
MAHAPEXLTD,20210818,113.8,113.8,107.2,107.25,1132
MAHASTEEL,20210818,100.45,100.45,93.2,94.4,38499
MAHEPC,20210818,133.85,136.15,131.95,133.2,45853
MAHESHWARI,20210818,116,117.9,103,105.1,457607
MAHINDCIE,20210818,247.05,250,243.8,245.6,103092
MAHLIFE,20210818,760.65,777.1,751.3,753.55,107708
MAHLOG,20210818,696.95,709,695.45,703.4,92152
MAHSCOOTER,20210818,4399.95,4500,4350,4365.15,16577
MAHSEAMLES,20210818,333.75,334.25,324.3,330.3,159424
MAITHANALL,20210818,1067,1087.95,1022.85,1034.9,120670
MAJESCO,20210818,77.3,79.7,77.3,79.1,86205
MALUPAPER,20210818,35.95,37.5,35.4,36,55933
MAN50ETF,20210818,167.6,172.06,167.6,170.76,5930
MANAKALUCO,20210818,16.9,17.35,16.7,16.9,19916
MANAKCOAT,20210818,12.15,12.15,11.25,11.45,59522
MANAKSIA,20210818,70.5,70.5,68.05,68.4,43175
MANAKSTEEL,20210818,36,36.25,34.75,35,92250
MANALIPETC,20210818,93,95,91.5,92.6,243207
MANAPPURAM,20210818,168.95,169.7,165,165.5,5701408
MANGALAM,20210818,145.7,147.95,141.1,145.3,94580
MANGCHEFER,20210818,69.1,70.5,68,68.55,277101
MANGLMCEM,20210818,492.3,510,476.45,486.8,244527
MANINDS,20210818,125.35,127.2,122,122.9,195574
MANINFRA,20210818,67.35,67.8,65.4,65.8,393123
MANUGRAPH,20210818,14.4,14.7,14.4,14.7,39182
MANXT50,20210818,408.41,408.41,396.93,398.32,993
MARALOVER,20210818,82.2,82.5,77.95,77.95,67703
MARATHON,20210818,81.9,87.8,81.05,86.35,224475
MARICO,20210818,523,527.65,520.25,523.7,1491558
MARINE,20210818,40.75,42.2,40.05,40.2,887841
MARKSANS,20210818,72.85,73.35,70.65,71.25,1420976
MARUTI,20210818,6943.75,6943.75,6820,6840.1,434144
MASFIN,20210818,740,766,732,756.35,50929
MASKINVEST,20210818,31.9,31.9,30.4,30.4,531
MASTEK,20210818,2548.65,2690,2511,2592.05,367970
MATRIMONY,20210818,1109,1172.5,1091,1124.5,86665
MAWANASUG,20210818,83.05,87.6,79.45,80.5,45382
MAXHEALTH,20210818,342,354,333.45,343.15,3316393
MAXIND,20210818,70.6,71.8,70.6,71.35,205472
MAXVIL,20210818,100.9,101.65,98.4,100.65,490936
MAYURUNIQ,20210818,497.55,500.8,491.1,493.8,31333
MAZDA,20210818,576.3,587.6,562.25,567.95,9293
MAZDOCK,20210818,237.85,238.5,234.45,235.75,301268
MBAPL,20210818,143.95,146,141.05,143.75,2424
MBECL,20210818,7.8,7.8,7.1,7.4,112492
MBLINFRA,20210818,20.6,20.6,18.8,19.35,85685
MCDHOLDING,20210818,41.9,46,41.25,42.2,271560
MCDOWELL-N,20210818,658.15,728.8,658.15,724.45,17766746
MCL,20210818,39.1,39.2,38.05,38.5,43831
MCLEODRUSS,20210818,21.3,21.3,21.3,21.3,105574
MCX,20210818,1484,1543.75,1483,1504.5,573170
MEGASOFT,20210818,12.95,13.45,12.4,13.25,74579
MENONBE,20210818,74,74.9,71.9,72.55,28502
MEP,20210818,23,23,20.5,21.05,656529
MERCATOR,20210818,1.8,1.8,1.8,1.8,78938
METROPOLIS,20210818,2727.65,2845,2709.25,2797.35,522613
MFL,20210818,387.1,406.45,387.1,406.45,96452
MFSL,20210818,1077,1085,1059.3,1066.8,723108
MGEL,20210818,53.05,53.05,49.95,51.05,6062
MGL,20210818,1130,1138.45,1119,1126.65,481038
MHRIL,20210818,302.9,309.95,300.4,303.85,265967
MIDHANI,20210818,183.9,185,181,181.8,215898
MINDACORP,20210818,127,133.9,127,130.35,736842
MINDAIND,20210818,737.15,752,730,740.3,454124
MINDTECK,20210818,100.7,100.7,93,93,56106
MINDTREE,20210818,3033.2,3243,3019,3196.3,3128081
MIRCELECTR,20210818,16,16.8,15.2,16.45,718080
MIRZAINT,20210818,57.55,59.1,56.5,57.15,550837
MITTAL,20210818,10.6,10.6,9.9,10,52452
MMFL,20210818,722.1,736.15,711.2,719.4,22126
MMP,20210818,153.7,154.95,137.5,141.45,115052
MMTC,20210818,43.3,43.75,42.1,42.5,1452911
MODIRUBBER,20210818,68,69.95,67,67.5,2365
MODISNME,20210818,78,78,73.55,75.25,168344
MOGSEC,20210818,48.55,48.61,48.41,48.57,3254
MOHITIND,20210818,12.25,12.5,11.65,12.35,62693
MOHOTAIND,20210818,8,8,7.35,7.55,20507
MOIL,20210818,170.7,173.8,169.65,171.65,400095
MOKSH,20210818,31.3,31.75,31.25,31.55,904873
MOL,20210818,85,89.25,85,89.25,242314
MOLDTECH,20210818,79.15,79.9,76,76.5,31783
MOLDTKPAC,20210818,498,498.75,484.35,490.4,25890
MOM100,20210818,29.3,29.3,28.81,28.98,44272
MOM50,20210818,165,165.87,163.71,164,2843
MON100,20210818,110.9,110.9,109.5,109.82,507954
MONTECARLO,20210818,349,350.95,338,339.65,48037
MORARJEE,20210818,16.1,16.7,15.45,15.55,10750
MOREPENLAB,20210818,53.5,55.4,52.2,54.75,1916639
MOTHERSUMI,20210818,216,217.25,213,214.3,5358685
MOTILALOFS,20210818,799.95,816.1,798.15,813.1,475376
MOTOGENFIN,20210818,26.9,28.95,26.9,27.9,9245
MPHASIS,20210818,2850,2938.8,2803.5,2844.25,959572
MPSLTD,20210818,698,798,691,773.2,292700
MRF,20210818,79099,79500,78900,79347.15,7011
MRO-TEK,20210818,54.1,54.1,54.1,54.1,12135
MRPL,20210818,45.15,45.4,43.55,45.1,2538408
MSPL,20210818,10.75,10.75,9.9,9.95,358276
MSTCLTD,20210818,270.7,273.85,263,265.25,324791
MTARTECH,20210818,1281,1296,1252.85,1261.3,127886
MTEDUCARE,20210818,8.25,8.25,7.6,7.7,88987
MTNL,20210818,18.05,18.25,17.65,17.85,583109
MUKANDLTD,20210818,163,164.7,150.9,155.5,149697
MUKTAARTS,20210818,36.9,36.9,35.8,36.35,9609
MUNJALAU,20210818,61.45,61.45,59.5,59.8,104893
MUNJALSHOW,20210818,135.95,137.7,134.6,135.35,77200
MURUDCERA,20210818,25.15,25.95,23.75,24.15,206822
MUTHOOTCAP,20210818,395.1,409,395.1,397.1,50269
MUTHOOTFIN,20210818,1488.1,1489,1470.7,1479.4,674182
NACLIND,20210818,63.9,63.9,58.85,59.2,165746
NAGAFERT,20210818,11.75,11.75,11.75,11.75,165881
NAGREEKCAP,20210818,8.85,8.85,8.5,8.5,19
NAGREEKEXP,20210818,38.95,38.95,35.65,35.65,11626
NAHARCAP,20210818,265,274.75,252.8,253.55,41256
NAHARINDUS,20210818,114.5,117.7,111.15,113.55,47646
NAHARPOLY,20210818,214.75,218.65,203.05,208.85,68082
NAHARSPING,20210818,389,408.45,389,396.6,78302
NAM-INDIA,20210818,399.9,409.5,393.2,396.9,3979381
NATCOPHARM,20210818,969.95,973.9,956.45,965.35,141460
NATHBIOGEN,20210818,350,352.85,340,340.8,21259
NATIONALUM,20210818,80.3,80.85,78,78.65,17623070
NATNLSTEEL,20210818,4.5,4.55,4.15,4.2,61481
NAUKRI,20210818,5455.25,5604,5419,5482.1,547793
NAVINFLUOR,20210818,3735,3750,3683.05,3733.9,138129
NAVKARCORP,20210818,43.2,43.75,42.2,42.55,307284
NAVNETEDUL,20210818,102,105.8,101.1,103,1162350
NAZARA,20210818,1669,1670,1617,1650.7,108569
NBCC,20210818,45,45.1,43.5,43.6,4545474
NBIFIN,20210818,2842.8,2950,2819.45,2845.4,40953
NBVENTURES,20210818,108.6,108.6,106.2,107,327912
NCC,20210818,81.1,81.9,79.1,79.7,1913392
NCLIND,20210818,254,260,253.1,256.9,167950
NCPSESDL24,20210818,105.95,106.08,105.95,106.08,389
NDGL,20210818,1429,1429,1325,1380,151
NDL,20210818,78.55,79.9,75.15,76.35,128849
NDRAUTO,20210818,392,393.2,371,388.85,14705
NDTV,20210818,77,79,74.7,77.25,44969
NECCLTD,20210818,17.15,17.15,16.75,16.75,136480
NECLIFE,20210818,32,32.6,30.7,31,494481
NELCAST,20210818,87,87,83.2,84.05,133420
NELCO,20210818,483.2,517.35,475.65,517.35,456165
NEOGEN,20210818,956,956,943.25,950.05,21422
NESCO,20210818,594,603.6,589.7,592.4,36543
NESTLEIND,20210818,18751,18969,18750.05,18911,39988
NETF,20210818,202.9,204.98,202.9,204.98,474
NETFCONSUM,20210818,72.9,72.9,69,70.56,16362
NETFDIVOPP,20210818,43.05,44.9,42.5,43.12,3071
NETFGILT5Y,20210818,48.54,48.59,48.54,48.59,44
NETFIT,20210818,34.19,34.77,33.85,34.05,1039609
NETFLTGILT,20210818,22.43,22.52,22.41,22.48,6008
NETFMID150,20210818,107.4,107.4,104,105.32,43746
NETFNIF100,20210818,173.23,175,172,173.31,915
NETFNV20,20210818,94.78,94.78,92.31,93.96,7542
NETFPHARMA,20210818,14.27,14.27,13.95,14.16,189781
NETFSDL26,20210818,104.77,104.8,104.75,104.79,497873
NETWORK18,20210818,48.75,51.7,48.5,50.75,1429814
NEULANDLAB,20210818,1654.9,1654.9,1590,1633.6,13035
NEWGEN,20210818,578,584.9,560,567.3,39907
NEXTMEDIA,20210818,5.1,5.2,4.85,5,10453
NFL,20210818,55.25,55.5,53.8,54.05,600052
NH,20210818,509.8,509.8,496.9,499.3,422118
NHPC,20210818,26.2,26.85,26.1,26.2,7242368
NIACL,20210818,140.2,141.05,136.95,137.85,364224
NIBL,20210818,18.05,19.8,17.55,19.55,24400
NIFTYBEES,20210818,194.75,194.75,174.63,178.76,1545056
NIFTYEES,20210818,21733,21733,21733,21733,2
NIITLTD,20210818,341,343.45,325,328.2,1088689
NILAINFRA,20210818,6.2,6.25,5.9,6,390209
NILASPACES,20210818,2.05,2.1,1.95,1.95,135285
NILKAMAL,20210818,2651.45,2720,2605.1,2654.6,16588
NIPPOBATRY,20210818,980,996.25,974,977.7,9281
NIRAJ,20210818,47.15,47.15,45.65,45.9,13508
NITCO,20210818,22.55,22.55,21.45,21.8,28998
NITINSPIN,20210818,222.9,222.9,212,215.1,288806
NITIRAJ,20210818,44.9,47.65,42,45.2,3851
NKIND,20210818,43.05,43.05,43.05,43.05,1265
NLCINDIA,20210818,53.3,53.3,51.75,51.95,1607225
NMDC,20210818,168.2,168.5,165.8,166.95,8443554
NOCIL,20210818,257.3,258.15,248.8,250.5,901380
NOIDATOLL,20210818,5.8,5.8,5.5,5.65,65677
NORBTEAEXP,20210818,6.85,6.85,6.7,6.7,486
NOVARTIND,20210818,836,836,787,806.05,61201
NPBET,20210818,186.99,188.65,181.16,186.39,409
NRAIL,20210818,326.8,328.4,312.7,315.35,32879
NRBBEARING,20210818,122.9,122.9,120.05,120.9,77239
NSIL,20210818,1789.8,1834.25,1725,1733.05,923
NTL,20210818,2.85,2.85,2.85,2.85,9272
NTPC,20210818,117.4,118.9,116.1,116.55,9357721
NUCLEUS,20210818,568.95,576.35,562.3,566.05,65830
NURECA,20210818,1677.95,1677.95,1590,1595.35,9660
NXTDIGITAL,20210818,467.55,467.75,455.2,457.6,1962
OAL,20210818,888,890.55,854.2,858.5,8467
OBEROIRLTY,20210818,696.45,698.1,676.2,684.55,108118
OCCL,20210818,1049.55,1065,1046,1052.2,6449
OFSS,20210818,4642.95,4654,4505,4524.65,100904
OIL,20210818,168,170.1,161.3,163.55,857655
OILCOUNTUB,20210818,7,7,6.55,6.85,6369
OLECTRA,20210818,307.15,316.8,303.1,306.5,86863
OMAXAUTO,20210818,48.4,48.4,45.1,45.8,27111
OMAXE,20210818,78.5,81.55,77.05,77.8,48989
OMINFRAL,20210818,34,34,31.65,32.15,183012
OMKARCHEM,20210818,15.35,15.35,15.35,15.35,16716
ONELIFECAP,20210818,22.5,22.5,22.5,22.5,17115
ONEPOINT,20210818,41.85,42.15,38.15,39.4,8052
ONGC,20210818,113.9,115.25,112.9,113.2,10074307
ONMOBILE,20210818,122.8,123.15,116.75,117.95,294793
ONWARDTEC,20210818,241.95,241.95,233.4,237.05,18613
OPTIEMUS,20210818,142.5,144.9,137.5,142.9,71187
OPTOCIRCUI,20210818,3.8,3.8,3.6,3.6,304098
ORBTEXP,20210818,76.55,78.5,76,76.1,14789
ORCHPHARMA,20210818,408.85,408.85,386.25,398.5,4086
ORICONENT,20210818,31.95,33.2,31,33.1,248115
ORIENTABRA,20210818,29.3,29.95,28.6,29.1,154460
ORIENTALTL,20210818,9,9.35,8.55,8.65,214497
ORIENTBELL,20210818,337.45,338,324.5,328.75,10486
ORIENTCEM,20210818,157.9,161,156.9,157.9,345507
ORIENTELEC,20210818,328.7,328.7,321.4,325.15,453637
ORIENTHOT,20210818,35.2,38,34.5,36.3,349161
ORIENTLTD,20210818,70.15,70.85,67.3,67.45,9177
ORIENTPPR,20210818,29.5,29.9,28.55,28.8,923027
ORISSAMINE,20210818,2793.7,2987.95,2788.25,2879.95,46629
ORTINLAB,20210818,28.65,29.45,28.55,28.85,47869
OSWALAGRO,20210818,16,16,15.5,15.55,98809
PAGEIND,20210818,30785,30951.15,30350,30823.9,18036
PAISALO,20210818,601.05,616.2,590,603.2,33576
PALASHSECU,20210818,72.95,72.95,67,69.25,29265
PALREDTEC,20210818,105.1,114,102,110.4,162159
PANACEABIO,20210818,317,320.5,312.35,314.6,59291
PANACHE,20210818,57.1,59.95,56,59.75,9722
PANAMAPET,20210818,285.95,286.35,275.05,276.9,207040
PARACABLES,20210818,13.4,13.95,13.25,13.25,232031
PARAGMILK,20210818,122.6,122.6,118.35,119.15,239704
PARSVNATH,20210818,13.85,14.2,13.2,13.75,368571
PATELENG,20210818,16.75,16.8,16.05,16.2,1697637
PATINTLOG,20210818,22.95,22.95,21.25,21.6,25633
PATSPINLTD,20210818,8.55,8.55,8.15,8.15,12999
PBAINFRA,20210818,11.95,12.5,11.5,11.65,11455
PCJEWELLER,20210818,22,22.2,21.8,21.9,1014171
PDMJEPAPER,20210818,42.65,43.6,41.85,42.15,150104
PDSMFL,20210818,1333,1338,1246.1,1257,5706
PEARLPOLY,20210818,17.85,17.85,16.55,16.65,49740
PEL,20210818,2710,2760.9,2684.05,2701.5,804607
PENIND,20210818,32,32.5,30.1,31.1,906126
PENINLAND,20210818,12.1,12.8,12.05,12.7,186656
PERSISTENT,20210818,3238.05,3255,3200,3214.45,207237
PETRONET,20210818,224.95,225.2,221.85,223.65,3306111
PFC,20210818,129,130.6,128,128.2,3168403
PFIZER,20210818,5837.95,5928.4,5802,5879.35,58840
PFOCUS,20210818,49.5,52.4,49.5,50.3,16363
PFS,20210818,18.75,18.85,17.9,18.05,1006220
PGEL,20210818,342.05,346.2,333.1,335.05,11750
PGHH,20210818,12612,12842.95,12611,12807,9095
PGHL,20210818,5465.3,5470,5411.05,5444.25,5636
PGIL,20210818,353.25,357.45,335.1,341.8,20753
PHILIPCARB,20210818,243.5,243.6,235.8,237.95,850840
PHOENIXLTD,20210818,830.35,840.8,825,831.05,58847
PIDILITIND,20210818,2220.1,2238.5,2210,2225.3,396668
PIIND,20210818,3215,3238.65,3170,3183.05,149876
PILANIINVS,20210818,1888.95,1894,1853,1859.1,781
PILITA,20210818,6.6,6.6,6.3,6.4,424686
PIONDIST,20210818,130.45,151.95,128.95,149.3,817867
PIONEEREMB,20210818,64.3,65,62.05,62.5,118418
PITTIENG,20210818,181,183.5,171.3,171.3,275230
PKTEA,20210818,349,360.6,335.5,343.65,585
PLASTIBLEN,20210818,288,288,276,279.45,65788
PNB,20210818,36.7,37,36.1,36.5,32386126
PNBGILTS,20210818,68,68.75,66.85,67.2,166839
PNBHOUSING,20210818,677,688,677,682.75,24047
PNC,20210818,36.4,37,35.9,36.45,6935
PNCINFRA,20210818,304.55,308.8,300.25,301.7,306132
PODDARHOUS,20210818,178,184.75,176.45,182.45,2281
PODDARMENT,20210818,361,365.95,351.65,354.9,11616
POKARNA,20210818,462.1,483,456.6,470.55,96727
POLYCAB,20210818,1949,1949,1890,1904.85,166172
POLYMED,20210818,889.9,906.8,872,892.8,63003
POLYPLEX,20210818,1456,1468.95,1425,1434.35,125381
PONNIERODE,20210818,251,260,248.55,252,9527
POONAWALLA,20210818,185.3,197.85,184.3,194.4,3756246
POWERGRID,20210818,183.7,186,180.15,180.6,18920646
POWERINDIA,20210818,1878,1880,1801.9,1819.5,87409
POWERMECH,20210818,861.95,869,842.3,852.55,71680
PPAP,20210818,247,252.35,244,248.55,50707
PPL,20210818,161,162.8,158,159.65,109265
PRAENG,20210818,21.6,22.85,20.75,22.85,200434
PRAJIND,20210818,337.55,339.9,321,322.7,475171
PRAKASH,20210818,73.95,74,70.5,71.1,833488
PRAKASHSTL,20210818,2.4,2.4,2.2,2.35,2874269
PRAXIS,20210818,45,48.4,44.5,44.65,4092
PRECAM,20210818,89.2,94.4,86.2,87.8,284662
PRECOT,20210818,242.1,257.75,241,246.2,7603
PRECWIRE,20210818,230.9,230.9,216.35,221.75,28202
PREMEXPLN,20210818,245.35,247.5,236.55,240.05,6440
PREMIER,20210818,6.15,6.15,5.65,5.65,63862
PREMIERPOL,20210818,79.2,84.35,78.3,79.05,16186
PRESSMN,20210818,30.5,30.6,28.65,29.15,38397
PRESTIGE,20210818,345.1,350.45,337.65,344.6,604292
PRICOLLTD,20210818,84.6,85.1,79.95,80.25,840872
PRIMESECU,20210818,88.3,88.3,83.9,83.9,26171
PRINCEPIPE,20210818,653,655,638.5,646.15,163710
PRITIKAUTO,20210818,19,19.05,18.2,18.55,63030
PRIVISCL,20210818,1658,1658.9,1601,1605.45,18783
PROINDIA,20210818,23.75,23.75,23.75,23.75,1424
PROZONINTU,20210818,29.65,30.15,27.7,28.25,322233
PRSMJOHNSN,20210818,133,134.95,131,132.35,153390
PSB,20210818,17.5,17.5,17.05,17.15,199336
PSPPROJECT,20210818,430,433.6,421.1,422.3,44169
PSUBNKBEES,20210818,25.7,25.79,25.22,25.41,415542
PTC,20210818,95.05,96.7,94.5,95,687708
PTL,20210818,46.65,47.8,46.15,46.9,37461
PUNJABCHEM,20210818,1662,1724.9,1633.55,1657.5,82120
PURVA,20210818,104.4,105.4,99.5,100.4,336669
PVP,20210818,5.4,5.65,5.4,5.4,143777
PVR,20210818,1389.9,1407.7,1377,1388.4,495403
QGOLDHALF,20210818,2042.05,2044.95,2039.5,2042,304
QNIFTY,20210818,1734.15,1738,1728,1728,27
QUESS,20210818,828.6,839.35,820.25,824.7,145203
QUICKHEAL,20210818,219.95,225.8,218.2,223.65,170377
RADAAN,20210818,1.25,1.25,1.25,1.25,2947
RADICO,20210818,922.4,925.5,890,904.2,817652
RADIOCITY,20210818,23.7,23.9,23.5,23.55,276321
RAILTEL,20210818,129.95,129.95,127,127.35,359414
RAIN,20210818,221.85,223.85,212.7,214.5,2546991
RAJESHEXPO,20210818,612.85,612.85,602.45,607.35,399161
RAJMET,20210818,184.6,186,184.1,184.1,1622
RAJRATAN,20210818,1895,1989,1881,1897.35,15309
RAJSREESUG,20210818,27.6,27.8,25.3,25.65,58200
RAJTV,20210818,38,39.4,35.9,36.7,12427
RALLIS,20210818,288.65,295.4,285.1,285.8,312213
RAMANEWS,20210818,19.85,20.5,19.5,19.65,87096
RAMASTEEL,20210818,240,249,236.55,246.5,128119
RAMCOCEM,20210818,985,1004.95,975.15,989.3,1359630
RAMCOIND,20210818,293.25,299.65,293,294.05,69497
RAMCOSYS,20210818,479,499,470.25,490.2,254142
RAMKY,20210818,186.4,186.4,172.35,175.5,14230
RANASUG,20210818,30.9,30.9,29,30.9,3033003
RANEENGINE,20210818,302.1,323.4,301.3,310.65,27044
RANEHOLDIN,20210818,672.1,704.9,662.25,666.8,93393
RATNAMANI,20210818,2133,2133,2085,2121.35,33496
RAYMOND,20210818,415,420.6,410.05,413.2,303898
RBL,20210818,947.35,984.8,940.05,950.95,12580
RBLBANK,20210818,170.5,171.3,167.65,168.85,7354468
RCF,20210818,74.35,74.75,73.2,73.55,1060936
RCOM,20210818,2.7,2.75,2.65,2.65,23266360
RECLTD,20210818,147.7,149.9,147.35,148.05,3540283
REDINGTON,20210818,165,175,162.65,164.55,2184938
REFEX,20210818,127.55,129.85,126.25,127.4,63282
RELAXO,20210818,1232.85,1245,1195.65,1210.15,246160
RELCAPITAL,20210818,14.5,15,13.9,14.55,1706162
RELIANCE,20210818,2174,2186.8,2152.6,2172.65,4650008
RELIGARE,20210818,146.25,148,141.55,144.85,794073
RELINFRA,20210818,62.85,66.65,60.6,66.1,1933128
REMSONSIND,20210818,214,220,208,217.35,6819
RENUKA,20210818,26.4,26.45,24.95,24.95,3948477
REPCOHOME,20210818,303.6,317.15,303.6,315.45,155256
REPL,20210818,239.2,239.25,233.6,236.05,11746
REPRO,20210818,488,503.95,456,461.5,26616
RESPONIND,20210818,126.4,131,125.2,127.35,8400
REVATHI,20210818,585,594.5,571.05,576.3,542
RGL,20210818,705,728.9,693.5,716.35,48150
RHFL,20210818,3.4,3.5,3.35,3.35,826625
RHIM,20210818,354.9,359.55,342.1,345.35,83772
RICOAUTO,20210818,52.55,53.75,50.5,51.2,535261
RIIL,20210818,649.95,654.7,635,640.4,81342
RITES,20210818,265.5,268,264.05,265.55,126806
RKDL,20210818,13.25,13.25,12.1,12.65,15213
RKEC,20210818,79,81.85,79,80.7,17519
RKFORGE,20210818,925.7,932.5,876,891.3,215575
RML,20210818,385.95,428.95,378.75,419.15,340718
ROHLTD,20210818,70.8,71.8,69.8,70,16788
ROLEXRINGS,20210818,1072,1104.7,1062,1098.35,247030
ROLLT,20210818,2.45,2.7,2.4,2.45,453124
ROLTA,20210818,5.45,5.45,5.4,5.4,219535
ROML,20210818,68.5,68.5,63,63.8,16765
ROSSARI,20210818,1380,1380,1341,1351.6,55131
ROSSELLIND,20210818,157.2,160.85,153.1,155.5,81184
ROUTE,20210818,1958.8,1966.7,1930,1937.95,116940
RPGLIFE,20210818,520.8,544.8,512.15,525.4,158748
RPOWER,20210818,10.05,10.95,9.95,10.6,31955571
RPPINFRA,20210818,76.6,78.9,76.15,76.85,81361
RPSGVENT,20210818,656.6,668.8,641,648.95,47939
RSSOFTWARE,20210818,34.25,34.25,31.15,31.95,25598
RSWM,20210818,335.05,344.95,331.55,339.8,98219
RSYSTEMS,20210818,195.75,198.5,194.5,196.7,93194
RTNINDIA,20210818,52.55,54,50.75,50.75,963583
RTNPOWER,20210818,5.65,5.65,5.65,5.65,1842119
RUBYMILLS,20210818,278.1,311.65,278.1,288.95,236509
RUCHI,20210818,1114,1146,1108,1113.7,156060
RUCHINFRA,20210818,8.15,8.15,7.75,7.8,42269
RUCHIRA,20210818,85.3,86.95,83.05,84.9,49800
RUPA,20210818,444.45,473.95,432.2,433.9,565534
RUSHIL,20210818,261,265.95,256,258.25,8736
RVHL,20210818,19.3,20.1,19.05,20,41730
RVNL,20210818,29,29,28.65,28.7,1368302
S&SPOWER,20210818,22.15,22.15,21.1,22.15,17297
SABEVENTS,20210818,3.6,3.6,3.45,3.6,9744
SADBHAV,20210818,60.7,62.1,58,58.7,923293
SADBHIN,20210818,20.4,20.75,20.2,20.2,1215208
SAFARI,20210818,761.8,790,750.1,770.55,26048
SAGARDEEP,20210818,65.45,65.45,65.45,65.45,3861
SAGCEM,20210818,310.85,310.85,252.8,294.05,227997
SAIL,20210818,130.25,131,127.7,128.4,24225712
SAKAR,20210818,181,182.3,174.1,176.8,118387
SAKHTISUG,20210818,16.35,16.4,15.45,15.65,105659
SAKSOFT,20210818,716.3,795,706,783.9,835759
SAKUMA,20210818,11.4,11.7,11.1,11.2,192662
SALASAR,20210818,314.5,314.5,291.15,298.85,96747
SALONA,20210818,208,218,196.1,201.2,17675
SALSTEEL,20210818,10.9,10.9,10.9,10.9,63421
SALZERELEC,20210818,160.55,160.55,151.2,152.45,63518
SAMBHAAV,20210818,3.15,3.25,3,3.2,16247
SANCO,20210818,9.35,9.5,8.55,8.8,26698
SANDESH,20210818,834.65,849.1,819,840.25,1752
SANDHAR,20210818,268.95,268.95,260.3,262.05,30754
SANGAMIND,20210818,144,149.55,141.8,142.9,20419
SANGHIIND,20210818,71.15,72.7,68.6,68.9,1022970
SANGHVIMOV,20210818,191,191.7,186.25,188.55,72879
SANGINITA,20210818,27.4,27.5,26.2,26.55,99653
SANOFI,20210818,8945,8991.55,8853,8916.45,11927
SARDAEN,20210818,750,750,725.25,742.6,20900
SAREGAMA,20210818,3379,3379.95,3230,3323.95,11824
SARLAPOLY,20210818,45,45.8,43.3,43.75,556416
SASKEN,20210818,1269.5,1350,1250.15,1345.65,280482
SASTASUNDR,20210818,285,295,281,283.35,10808
SATIA,20210818,100.2,100.2,96.15,97.35,155733
SATIN,20210818,75.65,79.5,74.7,75.6,122035
SBCL,20210818,171.65,171.9,162,165,23878
SBICARD,20210818,1007,1017.5,1005,1010.75,888608
SBIETFCON,20210818,65.31,65.9,65.31,65.75,1463
SBIETFIT,20210818,343.99,343.99,339,341.62,11740
SBIETFPB,20210818,187.45,187.45,184.1,184.1,962
SBIETFQLTY,20210818,148.99,148.99,145.11,146.35,2076
SBILIFE,20210818,1135,1146.4,1100.2,1114.05,3428721
SBIN,20210818,422.15,424.35,418,419.7,17668574
SCAPDVR,20210818,4.2,4.2,3.9,4.2,1062633
SCHAEFFLER,20210818,6801,6898.65,6700,6808.3,11103
SCHAND,20210818,119,120,114.3,114.95,65965
SCHNEIDER,20210818,119,121,116.55,117.2,427374
SCI,20210818,102,102.4,100.55,101.05,683033
SDBL,20210818,41.7,44,40.75,41.55,558279
SEAMECLTD,20210818,661.4,749,660.45,726.85,188946
SECURKLOUD,20210818,98.25,105.4,98.25,100.35,144784
SELAN,20210818,145.7,145.8,138.25,141,43890
SEPOWER,20210818,8.6,8.6,7.85,7.95,59363
SEQUENT,20210818,244.4,247.9,237.2,240.55,731198
SESHAPAPER,20210818,189.35,191.7,183.1,185.05,41261
SETCO,20210818,17.5,17.5,16.1,16.8,242758
SETF10GILT,20210818,205.99,206.35,204,204.1,36
SETFGOLD,20210818,4227.95,4228.5,4201,4210.8,6042
SETFNIF50,20210818,171.5,171.5,168.46,169.13,257286
SETFNIFBK,20210818,359,360.85,354.5,356.53,144388
SETFNN50,20210818,412,416.8,408.51,414.34,8083
SETUINFRA,20210818,1.2,1.2,1.2,1.2,19245
SEYAIND,20210818,65.5,65.5,62.25,62.3,18855
SFL,20210818,2311.35,2358,2311.35,2343.6,3638
SGIL,20210818,163.95,169,159,159.6,2461
SGL,20210818,13.5,13.9,13,13.1,47561
SHAKTIPUMP,20210818,715.9,722.55,701.6,708.45,43899
SHALBY,20210818,192.5,195.1,187.3,189.05,401107
SHALPAINTS,20210818,104,104.1,98.6,99.7,229842
SHANKARA,20210818,599.75,618,587.9,602.1,224248
SHANTIGEAR,20210818,174.8,180.9,173.3,179.6,202193
SHARDACROP,20210818,321.85,322.65,312.15,313.55,94415
SHARDAMOTR,20210818,683.9,688,665,668.65,7234
SHAREINDIA,20210818,520,538.6,516.65,528.75,36137
SHARIABEES,20210818,438,438,431.67,432.26,1413
SHEMAROO,20210818,116.25,117.95,111,111.85,69260
SHIL,20210818,371.95,389.8,360.1,380.15,76544
SHILPAMED,20210818,554.95,562.5,543.1,547.35,317540
SHIVAMAUTO,20210818,23.05,24.25,22.2,23.35,91086
SHIVAMILLS,20210818,84,85.95,82.65,83.15,14129
SHIVATEX,20210818,199.9,219.5,191.15,202.3,100445
SHK,20210818,151.2,152.55,147.55,148.2,154982
SHOPERSTOP,20210818,244.95,245.7,239.5,239.95,87591
SHRADHA,20210818,54.5,54.5,51,51.3,550
SHREDIGCEM,20210818,82.15,86.9,81.45,84.3,1937635
SHREECEM,20210818,26239,26560,26115,26327.3,52442
SHREEPUSHK,20210818,181.1,181.1,170.45,171.65,107593
SHREERAMA,20210818,12.9,13.1,12.55,12.6,47837
SHRENIK,20210818,1.6,1.6,1.45,1.5,5003876
SHREYANIND,20210818,130.4,135.9,124.3,125.85,52086
SHREYAS,20210818,260,262.5,255,262.5,127552
SHRIPISTON,20210818,930,945,920,930,365
SHRIRAMCIT,20210818,1957.7,1982.1,1912,1959.5,29773
SHRIRAMEPC,20210818,4.65,4.85,4.45,4.5,1741254
SHYAMCENT,20210818,13.55,14.5,13.45,13.5,364868
SHYAMMETL,20210818,418,419,407,411.9,553236
SICAL,20210818,11.9,11.95,11.15,11.4,222076
SIEMENS,20210818,2252.55,2297.8,2216.5,2226.7,517210
SIGIND,20210818,51,51,47.15,47.25,77719
SIL,20210818,16.5,17.2,16.1,16.75,4498
SILGO,20210818,34.35,34.9,32.95,33.9,25092
SILINV,20210818,300.9,300.9,288.55,289.35,2147
SILLYMONKS,20210818,20,21.15,18.05,20.25,19628
SIMBHALS,20210818,30.65,31.05,28.15,29.05,71782
SIMPLEXINF,20210818,39.8,39.8,37.05,38.1,141237
SINTERCOM,20210818,94.2,94.2,87,88.2,38435
SINTEX,20210818,4,4,3.8,3.85,966499
SIRCA,20210818,337,337,326,327.6,10668
SIS,20210818,454.8,459.6,434.8,437.3,212512
SITINET,20210818,1.5,1.5,1.5,1.5,414425
SIYSIL,20210818,377,379.95,371.5,374.05,27812
SJVN,20210818,26.75,26.8,26.25,26.35,1366454
SKFINDIA,20210818,2785.2,2794.3,2722.25,2753.7,6833
SKIL,20210818,3.6,3.65,3.45,3.45,65462
SKIPPER,20210818,80,81.65,76.8,79,433103
SKMEGGPROD,20210818,79.6,83.9,77.85,79.75,203861
SMARTLINK,20210818,109.2,112.15,106.4,108.15,14992
SMCGLOBAL,20210818,77.3,77.9,75.1,75.4,282325
SMLISUZU,20210818,596.65,605.95,580.3,587.1,35424
SMSLIFE,20210818,743.75,744.75,736,736.25,8022
SMSPHARMA,20210818,179.95,181,172.05,173.95,96449
SNOWMAN,20210818,45.3,45.3,44.3,44.4,435354
SOBHA,20210818,599.9,603,585,586.45,60620
SOLARA,20210818,1727.2,1735,1692,1697.35,27360
SOLARINDS,20210818,1690,1702,1677.2,1696.75,10724
SOMANYCERA,20210818,643.7,660,622,649.6,28152
SOMATEX,20210818,6.65,6.9,6.5,6.55,8207
SOMICONVEY,20210818,46.65,49.65,46,47.7,8171
SONACOMS,20210818,498.95,504.75,464.1,473.75,3623680
SONATSOFTW,20210818,898,902,861.6,868.05,555814
SORILINFRA,20210818,117.9,117.9,111.2,112.65,11313
SOTL,20210818,1664.25,1670,1596.1,1604.95,20934
SOUTHBANK,20210818,9.75,9.8,9.5,9.55,6644595
SOUTHWEST,20210818,80.25,85.9,80.25,83,21827
SPAL,20210818,320.05,328.7,316.15,319.95,33205
SPANDANA,20210818,649.9,651.05,639.65,649.55,48866
SPARC,20210818,302,303.3,287,289.65,1382468
SPECIALITY,20210818,70.8,71.6,68,68.6,97783
SPENCERS,20210818,107.05,107.95,102.4,104.1,782281
SPIC,20210818,53.6,54.95,51.1,52.05,546735
SPICEJET,20210818,72,72.65,68,69.65,5008409
SPLIL,20210818,51.05,57.8,50.2,53.4,406180
SPMLINFRA,20210818,11.9,12.8,11.8,12.05,21171
SPTL,20210818,4.35,4.5,4.2,4.2,2364332
SREEL,20210818,159.1,160.45,157.05,158.75,6950
SREINFRA,20210818,7.8,8.2,7.8,7.8,416611
SRF,20210818,9198,9280,8951.75,8983.55,226826
SRHHYPOLTD,20210818,323.45,323.45,310.05,311.9,20615
SRIPIPES,20210818,211,212.8,205,208.65,96190
SRPL,20210818,31.6,31.8,31,31.05,408
SRTRANSFIN,20210818,1288,1304.85,1276.45,1293.85,999601
SSWL,20210818,1725,1749.9,1645,1693.75,91100
STAR,20210818,638.8,643,626.25,631.9,411932
STARCEMENT,20210818,116.7,117.95,115.1,115.8,1619825
STARPAPER,20210818,157.55,161.9,152,154.1,164637
STCINDIA,20210818,109.7,110.75,104,105.6,53080
STEELCITY,20210818,65,66.7,63.05,63.6,38301
STEELXIND,20210818,79.9,79.9,77.5,77.95,452466
STEL,20210818,117.15,120,113.65,115,75717
STERTOOLS,20210818,211.4,213.35,203,204.75,36795
STLTECH,20210818,276,278.95,272.5,273.4,255277
STOVEKRAFT,20210818,784.8,798,775,784.75,207132
STYLAMIND,20210818,1118.95,1202,1092.25,1141.6,40271
SUBEXLTD,20210818,52.35,55.5,51.4,53.85,16010829
SUBROS,20210818,330,331,314.2,316.55,40303
SUDARSCHEM,20210818,609.7,628.7,595.5,600.8,403192
SUMEETINDS,20210818,8.1,8.1,7.55,7.7,239215
SUMICHEM,20210818,408.5,415,404,410.5,247475
SUMIT,20210818,13.6,14,13.6,13.7,13166
SUMMITSEC,20210818,707.95,729.7,698,713.55,153158
SUNCLAYLTD,20210818,3405,3755,3391,3665.6,26891
SUNDARAM,20210818,2.05,2.05,1.9,1.95,281148
SUNDARMFIN,20210818,2444.95,2465.2,2434.15,2447.95,15607
SUNDARMHLD,20210818,82.35,82.35,78.9,79.4,145133
SUNDRMBRAK,20210818,413.75,413.95,401.1,402.75,2807
SUNDRMFAST,20210818,790,790,771.05,785.25,42304
SUNFLAG,20210818,89,89.6,85.5,86.2,943008
SUNPHARMA,20210818,788,791.4,779.3,782.9,4036305
SUNTECK,20210818,375.5,385.55,373,377.75,381920
SUNTV,20210818,509.9,511.45,500,503.85,757764
SUPERHOUSE,20210818,165.95,165.95,158.1,160.85,39690
SUPERSPIN,20210818,10.8,10.8,10.05,10.05,118410
SUPPETRO,20210818,680.5,690.6,664,670.9,13346
SUPRAJIT,20210818,347.4,352.95,345.05,349.1,405695
SUPREMEENG,20210818,31.2,31.2,28.7,29.4,14291
SUPREMEIND,20210818,1990,1999.05,1975.25,1987.6,63643
SURANASOL,20210818,13.05,13.5,12.6,12.95,53603
SURANAT&P,20210818,6.8,6.8,6.55,6.6,101401
SURYALAXMI,20210818,60.25,60.55,56.75,56.8,12692
SURYAROSNI,20210818,553,563.5,541.85,545.35,98151
SURYODAY,20210818,172,178.35,157.25,160.65,3148681
SUTLEJTEX,20210818,64,64.9,61.75,63.15,155559
SUULD,20210818,587.9,596,551,556.85,109738
SUVEN,20210818,84.5,85,82.5,84.65,582585
SUVENPHAR,20210818,563,565,551,562.2,299964
SUVIDHAA,20210818,22,23,21.2,21.7,222350
SUZLON,20210818,6.35,6.4,6.05,6.05,59089424
SVPGLOB,20210818,143.8,154,132.8,150.9,862507
SWANENERGY,20210818,133.85,135.75,126.2,128.45,124161
SWARAJENG,20210818,1739.25,1762,1739.2,1742.3,14478
SWELECTES,20210818,238.85,238.85,213.65,215.5,88191
SWSOLAR,20210818,265.6,282.3,263.6,276.45,1938545
SYMPHONY,20210818,908.9,946,904.8,938.05,99035
SYNGENE,20210818,627.95,632.6,619.05,629.5,269941
TAINWALCHM,20210818,85.6,90.85,83.05,86.55,12622
TAJGVK,20210818,125.05,125.8,123.2,124.4,47092
TAKE,20210818,55.55,56.1,52.5,52.95,1514968
TALBROAUTO,20210818,296.95,299,288.25,290.75,35914
TANLA,20210818,933.6,933.95,910,915.65,58307
TARAPUR,20210818,4.8,5.15,4.75,4.75,24636
TARC,20210818,39.9,40,37.45,37.9,292104
TARMAT,20210818,72.4,73.45,69.1,70,46198
TASTYBITE,20210818,18700,19855.45,18252.1,18611.8,9359
TATACHEM,20210818,870,873,855.05,859.55,1790409
TATACOFFEE,20210818,200.5,201.7,197.8,199.95,1559798
TATACOMM,20210818,1410.3,1439,1390.1,1405.95,290777
TATACONSUM,20210818,839.25,844.85,830.15,841.4,3048603
TATAELXSI,20210818,4732,4795,4575,4722.2,295935
TATAINVEST,20210818,1275.8,1280.85,1256.85,1266.3,46480
TATAMETALI,20210818,1220.2,1228,1201,1209,81589
TATAMOTORS,20210818,296.9,297.75,292.6,293.35,18004320
TATAMTRDVR,20210818,137.75,138.35,135.15,135.85,2797010
TATAPOWER,20210818,131.7,131.8,130.1,130.45,18082061
TATASTEEL,20210818,1509.45,1518.9,1488.2,1500.45,12331745
TATASTLBSL,20210818,98.9,99.5,97,98.05,2231201
TATASTLLP,20210818,1020,1032,1007,1019.15,11138
TATVA,20210818,2174,2230,2148.4,2202.5,170423
TBZ,20210818,76.9,79.35,73.5,74.3,490259
TCI,20210818,439.55,439.55,432,434.6,16221
TCIDEVELOP,20210818,325.25,332.1,321.8,322.25,374
TCIEXP,20210818,1360.45,1371.6,1325,1332.7,27507
TCIFINANCE,20210818,5.05,5.05,5.05,5.05,100
TCNSBRANDS,20210818,570,574.5,560,564.6,24533
TCPLPACK,20210818,559.5,584,552.05,579.7,74307
TCS,20210818,3573.85,3595,3536.6,3560.55,2631309
TDPOWERSYS,20210818,247.75,249.9,233,237.15,158874
TEAMLEASE,20210818,4225,4240,4111.05,4152.3,18946
TECHIN,20210818,5.65,5.7,5.3,5.7,27355
TECHM,20210818,1418,1425,1404.25,1412.5,2939739
TECHNOE,20210818,285.1,287.2,278.2,280.75,38982
TEJASNET,20210818,368,391,361.5,381.45,1077201
TEMBO,20210818,220.1,240,220.1,237.7,177446
TERASOFT,20210818,54.35,57.35,54.3,54.3,22935
TEXINFRA,20210818,61.2,62.1,59.1,59.5,73333
TEXMOPIPES,20210818,51.5,52.1,50.3,50.7,84750
TEXRAIL,20210818,34.35,34.45,33.25,33.9,641037
TFCILTD,20210818,64.5,65.9,62.7,63.2,161802
TFL,20210818,4.95,4.95,4.75,4.95,178
TGBHOTELS,20210818,7.85,7.85,7.1,7.25,14997
THANGAMAYL,20210818,825.2,866.85,821.35,834.9,11285
THEINVEST,20210818,135.05,135.05,127,128.55,28704
THEMISMED,20210818,1087,1135,1061.75,1110.55,47566
THERMAX,20210818,1398.95,1414,1362.95,1369.85,33769
THOMASCOOK,20210818,60.95,61,57.45,57.9,511334
THOMASCOTT,20210818,17.75,17.75,17.05,17.75,2212
THYROCARE,20210818,1309.7,1338.4,1303.25,1310.25,194500
TI,20210818,41,42.5,40.3,41.95,235033
TIDEWATER,20210818,1829.5,1829.5,1829.5,1829.5,9936
TIIL,20210818,789,814,770.3,776,30185
TIINDIA,20210818,1277.75,1290,1248,1264.05,66587
TIJARIA,20210818,6.75,6.75,6.3,6.6,8320
TIL,20210818,154.9,154.9,147.1,147.85,7209
TIMESGTY,20210818,46.5,48.9,45.2,45.5,10020
TIMETECHNO,20210818,77.55,78.1,71.55,72.25,1036285
TIMKEN,20210818,1557.9,1577.95,1545,1548.15,74916
TINPLATE,20210818,249.3,249.3,242.3,243.2,297036
TIPSINDLTD,20210818,1124,1188,1100.05,1124.65,7062
TIRUMALCHM,20210818,190,192.9,182,184.35,553438
TIRUPATIFL,20210818,93,93.45,84.7,91.8,8379
TITAN,20210818,1887.8,1890.65,1860,1880.3,1029077
TMRVL,20210818,16.8,17.45,16.05,16.2,40341
TNPETRO,20210818,122,122.5,118.4,119.25,583111
TNPL,20210818,143.65,144.45,142,142.4,103218
TNTELE,20210818,12.15,12.15,12.15,12.15,1709
TOKYOPLAST,20210818,117,121.7,101.9,104.8,415452
TORNTPHARM,20210818,3010.75,3067.95,3006.25,3052.25,78854
TORNTPOWER,20210818,455.5,461,451.35,460.1,967129
TOTAL,20210818,52.6,52.6,51.05,51.3,16085
TOUCHWOOD,20210818,139,144.4,131,133.65,103509
TPLPLASTEH,20210818,318.75,335,315.5,322.2,6125
TREEHOUSE,20210818,9.95,9.95,9.1,9.15,17409
TREJHARA,20210818,57.05,68.25,57.05,64.95,808447
TRENT,20210818,894.65,903.9,878.65,900.75,477749
TRF,20210818,111.1,114.55,107.1,108.35,12245
TRIDENT,20210818,20.75,21.1,20.5,20.65,15402700
TRIGYN,20210818,127,129.95,125.05,126.35,78965
TRIL,20210818,27.75,28.3,26.2,26.95,255253
TRITURBINE,20210818,134,135.65,128.25,131.35,629060
TRIVENI,20210818,180.95,184,175.1,179.25,665467
TTKHLTCARE,20210818,699,710,670,679.15,16026
TTKPRESTIG,20210818,8800.6,8975,8775.15,8895.9,4788
TTL,20210818,68.75,69.75,66.1,67.75,12970
TTML,20210818,35.9,35.9,34.55,34.85,1761258
TV18BRDCST,20210818,36.85,37.45,36.3,36.75,3515754
TVSELECT,20210818,171,174,170.05,171,26279
TVSMOTOR,20210818,529,530.15,521,525,2265646
TVSSRICHAK,20210818,2157.35,2159.65,2120,2133.55,5578
TVTODAY,20210818,296.5,301.15,290.3,292.15,62367
TVVISION,20210818,2.75,2.85,2.65,2.85,18559
TWL,20210818,94.2,98.9,93.4,97.95,1998426
UBL,20210818,1413,1515,1400.55,1495.4,3492519
UCALFUEL,20210818,161.8,162.95,153.1,155,76869
UCOBANK,20210818,13.15,13.15,12.9,12.95,2469036
UFLEX,20210818,507.5,517,483,487,751569
UFO,20210818,93.5,94.5,91.8,92.2,131838
UGARSUGAR,20210818,30.3,31.05,29.55,29.9,265506
UGROCAP,20210818,120.5,138.65,120.5,131.4,314206
UJAAS,20210818,2.65,2.75,2.6,2.7,815705
UJJIVAN,20210818,206.2,207.45,201.5,202.55,224540
UJJIVANSFB,20210818,24.5,24.85,24.1,24.25,2777924
ULTRACEMCO,20210818,7425,7725,7406,7601.45,724989
UMANGDAIRY,20210818,76.8,79.8,75.9,77.45,26621
UMESLTD,20210818,4,4.15,3.8,3.95,16551
UNICHEMLAB,20210818,280,285.55,277.9,281.15,32333
UNIDT,20210818,338.9,343.7,325.9,328.45,54349
UNIENTER,20210818,116.95,121.95,116.25,117.7,13310
UNIONBANK,20210818,34.4,34.9,34.25,34.7,5575982
UNITEDTEA,20210818,388.9,420,388.9,402.5,24395
UNIVASTU,20210818,46,47.6,42.7,44.4,7738
UNIVCABLES,20210818,164.5,166.7,160,161.45,32415
UNIVPHOTO,20210818,299.95,299.95,289.1,290,2738
UPL,20210818,764.55,766.3,753.5,762.2,1846331
URJA,20210818,6.55,6.65,6.25,6.3,2783376
USHAMART,20210818,72.85,74.5,71.5,72.45,1401045
UTIAMC,20210818,1110,1147,1110,1129.4,729476
UTIBANKETF,20210818,35.81,36.31,35.65,35.74,4137
UTINEXT50,20210818,41.93,41.93,40.85,41.25,11507
UTINIFTETF,20210818,1740,1755.65,1740,1743.07,328
UTISENSETF,20210818,585.99,587.08,577.49,580.94,728
UTISXN50,20210818,46.41,46.5,45.55,46.05,857
UTTAMSTL,20210818,4.5,4.55,4.3,4.3,503727
UTTAMSUGAR,20210818,209.6,209.6,196.6,199.45,13635
V2RETAIL,20210818,114.15,115,108.55,110.35,29690
VADILALIND,20210818,1133,1135,1087.1,1101.2,19329
VAIBHAVGBL,20210818,774.95,777,760,763.55,44349
VAISHALI,20210818,43.1,43.1,38.8,40.75,259210
VAKRANGEE,20210818,37.4,38,36.65,37.15,5752909
VALIANTORG,20210818,1345,1360.9,1334.55,1338.75,23250
VARDHACRLC,20210818,63.8,65.6,63,63.35,176317
VARDMNPOLY,20210818,22.8,22.8,21,21.55,16864
VARROC,20210818,299,300.6,283.35,286.1,178655
VASCONEQ,20210818,25.55,26.05,25.55,25.55,351154
VASWANI,20210818,13.45,13.45,12.5,12.6,19750
VBL,20210818,794.2,800,771.05,791,836873
VEDL,20210818,298.9,305.7,292.55,295.9,36805826
VENKEYS,20210818,2645,2663,2563,2574,96548
VENUSREM,20210818,499.65,521.8,499.65,508.1,108990
VERTOZ,20210818,122.55,127.45,117.55,119.1,285306
VESUVIUS,20210818,1222.45,1234,1205,1220.05,33575
VETO,20210818,101.95,103.4,93.1,94.6,250301
VGUARD,20210818,242,249.8,240.1,248.1,1277494
VHL,20210818,3076.05,3128.45,3015,3028.15,777
VIDHIING,20210818,319.6,325,310.1,312.8,60344
VIJIFIN,20210818,1.75,1.75,1.75,1.75,596634
VIKASECO,20210818,2.35,2.35,2.25,2.3,4834553
VIKASLIFE,20210818,3.35,3.55,3.3,3.55,5439031
VIKASPROP,20210818,2.4,2.4,2.3,2.3,662305
VIKASWSP,20210818,5.7,5.75,5.6,5.75,690883
VIMTALABS,20210818,312,312.05,301.3,302.25,49388
VINATIORGA,20210818,1915,1940,1898.7,1907.05,40767
VINDHYATEL,20210818,1150.25,1150.25,1080.85,1087.6,31608
VINEETLAB,20210818,81.05,82.75,80.15,80.15,37384
VINYLINDIA,20210818,196.8,206.8,195.05,199.65,212740
VIPCLOTHNG,20210818,17.45,18.5,17.3,17.9,235384
VIPIND,20210818,490,490,470.1,474.05,734389
VIPULLTD,20210818,30.85,30.9,29.5,29.9,7204
VISAKAIND,20210818,735,752.35,728.25,734.1,26622
VISASTEEL,20210818,10.15,10.45,10.15,10.15,24120
VISHAL,20210818,119,121,113.2,114.45,221824
VISHNU,20210818,629.95,655.1,629.95,648.8,59051
VISHWARAJ,20210818,154.4,157.2,151.1,154.4,457398
VIVIDHA,20210818,0.8,0.8,0.75,0.75,1211332
VIVIMEDLAB,20210818,22.25,22.4,20.25,21.25,258842
VLSFINANCE,20210818,206,211.95,200.35,203.35,87426
VMART,20210818,3681.2,3750,3663.1,3714.75,17929
VOLTAMP,20210818,1457.1,1477.05,1421.65,1428.55,8809
VOLTAS,20210818,989.4,997.2,983.55,988.6,530954
VRLLOG,20210818,329,340.9,325.35,334.1,303599
VSSL,20210818,263,281,252.05,255.25,187872
VSTIND,20210818,3383.95,3388.05,3347,3364.05,4550
VSTTILLERS,20210818,2240.35,2634.95,2205.25,2621.45,789386
VTL,20210818,1835,1835.05,1770,1810.15,72982
WABAG,20210818,342.4,349.95,340.1,344.75,145762
WABCOINDIA,20210818,7289,7289,7100,7138.4,3494
WALCHANNAG,20210818,62.5,63.8,61.05,61.4,79660
WANBURY,20210818,80,81.9,76.1,79.05,3521
WATERBASE,20210818,119,119.85,115,115.55,117877
WEALTH,20210818,232,242,220.5,221.05,559
WEBELSOLAR,20210818,76.35,76.35,69,70,346136
WEIZMANIND,20210818,48,49.7,48,48.2,5344
WELCORP,20210818,119,121.1,114,114.85,1917867
WELENT,20210818,93.95,94.9,91.4,92.15,140398
WELINV,20210818,340.05,346.3,340,341.9,416
WELSPUNIND,20210818,126,127.7,123,125.2,1003784
WENDT,20210818,4280,4280,4110,4185.1,646
WESTLIFE,20210818,544,547.05,535.25,540.75,100180
WHEELS,20210818,866,866,837,851.55,13061
WHIRLPOOL,20210818,2020.6,2074.95,2007.55,2054.4,160025
WILLAMAGOR,20210818,23.8,23.8,21.7,21.95,30983
WINDLAS,20210818,407.95,407.95,385.4,388.3,828719
WINDMACHIN,20210818,31.7,31.9,30,30.05,88148
WIPL,20210818,66.5,66.5,61.25,61.25,742
WIPRO,20210818,635.75,639.2,624.6,629.4,6923577
WOCKPHARMA,20210818,490,491.7,474,479.75,405467
WONDERLA,20210818,229.95,231.85,222.4,227.05,115540
WORTH,20210818,98.9,102.7,96,100,32950
WSI,20210818,5.6,5.6,5.6,5.6,4721
WSTCSTPAPR,20210818,248.9,251.5,243.15,245.5,213292
XCHANGING,20210818,109.75,111.3,106.65,109.65,372603
XELPMOC,20210818,377,379,360,371.2,14073
XPROINDIA,20210818,266.05,277.9,260,261.3,23962
YAARII,20210818,96.7,99,92.6,94.8,123617
YESBANK,20210818,11.3,11.45,11.1,11.3,100746217
ZEEL,20210818,179.35,179.35,175,176.7,8089677
ZEELEARN,20210818,13.55,13.55,12.8,12.95,806755
ZEEMEDIA,20210818,10.45,10.55,10,10.1,1098527
ZENITHEXPO,20210818,78,88.75,77,82.85,3846
ZENSARTECH,20210818,460,460.75,442.5,446.05,1469543
ZENTEC,20210818,83.2,84.15,82,82.6,115343
ZODIACLOTH,20210818,114.35,114.35,108.6,110.2,33979
ZODJRDMKJ,20210818,30.25,31.15,29.5,29.95,2394
ZOMATO,20210818,134.5,136.8,133.3,134.95,22566920
ZOTA,20210818,350,354,330,335,51888
ZUARI,20210818,125.2,132.3,125,125.7,33642
ZUARIGLOB,20210818,128,130,123.65,124.5,33823
ZYDUSWELL,20210818,2197.9,2214,2142,2184.5,26728
NSENIFTY,20210818,16691.95,16701.85,16535.85,16568.85,251796822,0
NIFTYJUNIOR,20210818,39827.55,40080.15,39799.60,39973.65,279144847,0
NIFTYMIDCAPLIQ15,20210818,6193.25,6204.65,6126.95,6140.10,68455101,0
NSE100,20210818,16876.60,16897.30,16749.95,16778.80,530941669,0
NIFTY200,20210818,8771.55,8783.90,8711.45,8725.80,1393205463,0
NSE500,20210818,14171.05,14186.50,14072.00,14095.55,1753353294,0
NSEMIDCAP150,20210818,10470.40,10491.80,10431.35,10451.65,894890436,0
MIDCAP50,20210818,7489.30,7510.85,7449.10,7465.10,813416609,0
NSEMIDCAP,20210818,27711.75,27796.20,27612.35,27676.80,862263794,0
NSESMLCAP100,20210818,10130.40,10146.95,10028.70,10068.60,-,0
NIFTYAUTO,20210818,10123.75,10134.15,10045.60,10067.95,46364038,0
BANKNIFTY,20210818,36222.50,36248.90,35432.00,35554.50,140479197,0
NIFTYFINSERVICE,20210818,17516.65,17534.85,17226.20,17273.00,78376515,0
NIFTYFMGC,20210818,37571.65,37878.85,37538.90,37738.30,46270895,0
NSEIT,20210818,33482.85,33840.45,33268.60,33448.90,29402701,0
NIFTYMEDIA,20210818,1671.40,1673.30,1653.95,1666.90,23575408,0
NIFTYMETAL,20210818,5760.15,5776.75,5666.10,5702.60,143229194,0
NIFTYPHARMA,20210818,14070.60,14184.15,14024.70,14071.35,22384565,0
NIFTYPVTBANK,20210818,18725.80,18734.55,18316.45,18382.75,190016793,0
NIFTYPSUBANK,20210818,2324.60,2346.05,2314.55,2328.60,141813110,0
NIFTYREALTY,20210818,390.80,392.25,386.10,387.25,16333846,0
NIFTYCOMMODITIES,20210818,5396.00,5413.50,5360.90,5385.60,175321189,0
NIFTYCONSUMPTION,20210818,6632.90,6651.60,6610.15,6626.60,73567855,0
NIFTYCPSE,20210818,2029.50,2043.65,2005.95,2009.05,81715293,0
NIFTYENERGY,20210818,19803.70,19834.55,19609.90,19685.00,87958942,0
NIFTY100ESG,20210818,-,-,-,3380.41,296970754,0
NIFTY100ENHESG,20210818,-,-,-,3403.05,275232114,0
NIFTYINFRA,20210818,4581.20,4602.00,4560.05,4573.40,150835959,0
NIFTYMNC,20210818,18191.40,18270.00,18130.00,18239.70,550465112,0
NIFTYPSE,20210818,3601.55,3619.85,3572.55,3578.20,200191250,0
NIFTYSMEEMERGE,20210818,-,-,-,2732.20,1600700,0
NIFTYSERVSECTOR,20210818,23523.45,23547.60,23248.90,23290.60,154393533,0
NIFTYSHARIAH25,20210818,-,-,-,6247.12,65841483,0
NIFTY50SHARIAH,20210818,-,-,-,4167.62,49053698,0
NIFTY500SHARIAH,20210818,-,-,-,5106.52,241517806,0
NIFTYABGROUP,20210818,-,-,-,5167.49,476631620,0
NIFTYMAHINDRA,20210818,-,-,-,15259.32,11660296,0
NIFTYTATA,20210818,-,-,-,12362.05,66978904,0
NIFTYTATA25CAP,20210818,-,-,-,9601.72,58688259,0
NIFTYABGROUP,20210818,-,-,-,5167.49,476631620,0
NIFTYLIQ15,20210818,4241.50,4255.65,4206.90,4219.60,105709100,0
NIFTY500VALUE50,20210818,-,-,-,5524.62,392834802,0
NIFTYQUALLOWVOL30,20210818,-,-,-,11988.36,76423712,0
NIFTYALPHAQUALLOWVOL30,20210818,-,-,-,13886.67,67609862,0
NIFTYALPHAQUALVALLOWVOL30,20210818,-,-,-,10597.59,75327220,0
NIFTY50EQUALWEIGHT,20210818,18521.10,18539.75,18420.45,18443.20,251796822,0
NIFTY100EQUALWEIGHT,20210818,19544.85,19615.05,19507.10,19547.20,530941669,0
NIFTY100LOWVOL30,20210818,12810.10,12837.55,12759.35,12785.40,119600557,0
NSEDEFTY,20210818,-,-,-,7732.59,-,0
NIFTY50DIVPOINT,20210818,107.35,107.35,107.35,107.35,-,0
NIFTYDIVOPPS50,20210818,3558.10,3571.10,3541.70,3549.85,208492780,0
NIFTYALPHA50,20210818,28802.45,28889.15,28628.00,28745.85,162414615,0
NIFTY50ARBITRAGE,20210818,-,-,-,1982.61,-,0
NIFTY50FUTINDEX,20210818,-,-,-,5368.41,-,0
NIFTY50FUTTRINDEX,20210818,-,-,-,17226.98,-,0
NIFTYHIGHBETA50,20210818,-,-,-,1958.81,916754628,0
NIFTYLOWVOL50,20210818,-,-,-,15869.84,147110502,0
NIFTY50VALUE20,20210818,8634.65,8661.25,8566.90,8589.20,112208048,0
NIFTYGROWSECT15,20210818,7625.05,7646.80,7588.70,7603.90,35349541,0
NIFTY50TR2XLEV,20210818,11268.60,11281.15,11060.85,11103.15,-,0
NIFTY50PR2XLEV,20210818,8328.55,8337.80,8175.00,8206.30,-,0
NIFTY50TR1XINV,20210818,227.30,229.45,227.20,229.00,-,0
NIFTY50PR1XINV,20210818,264.30,266.75,264.15,266.25,-,0
NIFTY-GS-COMPSITE,20210818,2323.79,2327.42,2323.50,2327.06,-,0
NIFTY-GS-4-8YR,20210818,2445.64,2451.10,2445.42,2450.54,-,0
NIFTY-GS-8-13YR,20210818,2270.34,2272.74,2270.32,2272.05,-,0
NIFTY-GS-10YR,20210818,2043.19,2044.34,2042.96,2044.04,-,0
NIFTY-GS-10YR-CLN,20210818,937.14,937.67,937.03,937.53,-,0
NIFTY-GS-11-15YR,20210818,2419.66,2421.21,2419.06,2419.92,-,0
NIFTY-GS-15YRPLUS,20210818,2586.85,2587.68,2586.75,2587.83,-,0
VIX,20210818,13.41,13.41,11.12,12.91,0,0
