20MICRONS,20210203,37.75,40,37.2,37.4,270835
21STCENMGM,20210203,10.8,11,10.6,10.85,1460
3IINFOTECH,20210203,7.4,7.55,7.15,7.3,19398142
3MINDIA,20210203,20800,21200,20300,21019.9,11582
3PLAND,20210203,9.35,9.75,9.35,9.75,6346
5PAISA,20210203,264.9,288.8,263.05,283.75,106593
63MOONS,20210203,78.95,78.95,75.85,77.3,50264
A2ZINFRA,20210203,4.6,4.65,4.4,4.55,295335
AAKASH,20210203,97.7,100.1,96.7,100,14105
AARON,20210203,47.3,49.5,46.9,48,13621
AARTIDRUGS,20210203,684,695,677.1,686.8,295212
AARTIIND,20210203,1185,1206.95,1175.2,1188.1,701852
AARTISURF,20210203,900,928.65,879.05,928.65,10758
AARVEEDEN,20210203,19.05,20.3,18.85,20.2,17249
AARVI,20210203,43.85,44.95,41.85,42.8,14247
AAVAS,20210203,1999.85,2000,1910,1943.85,90777
ABAN,20210203,29.35,29.75,29.2,29.75,71992
ABB,20210203,1456.7,1465,1421,1447.45,321671
ABBOTINDIA,20210203,14199.85,14600,14094,14432.1,23496
ABCAPITAL,20210203,85.6,90.3,84.4,89.45,4112369
ABFRL,20210203,152,152.5,150.25,150.8,2729127
ABMINTLTD,20210203,30.85,31.05,30.85,31.05,2182
ABSLBANETF,20210203,341.95,346.3,340,343.84,651
ABSLNN50ET,20210203,322.95,347,321.08,335.56,94
ACC,20210203,1770,1783.95,1719.8,1727.65,893327
ACCELYA,20210203,990,992.95,975,978.95,6684
ACCURACY,20210203,38.5,39.95,36.8,39.85,23268
ACE,20210203,158.4,167.65,153,158.65,1654489
ACRYSIL,20210203,197.85,197.85,189.55,191.25,49907
ADANIENT,20210203,568,576.6,558.35,566.6,6087209
ADANIGREEN,20210203,1041.25,1043.7,1017.2,1026.7,397320
ADANIPORTS,20210203,549.55,562.3,542,560.1,7462289
ADANIPOWER,20210203,52.9,53.2,52.2,52.5,3936262
ADANITRANS,20210203,494.5,511.7,482.25,504.7,721495
ADFFOODS,20210203,670.3,705,652.25,698.15,115888
ADHUNIKIND,20210203,22.3,23.4,22.1,23.05,13929
ADL,20210203,28.5,28.95,27,28,1205
ADORWELD,20210203,299,304,292,295.25,35351
ADROITINFO,20210203,9.8,9.85,9.8,9.85,2509
ADSL,20210203,42.05,42.05,41,42.05,273539
ADVANIHOTR,20210203,47.95,47.95,46.6,47.15,3391
ADVENZYMES,20210203,329.7,343.4,328.5,337,513671
AEGISCHEM,20210203,281,307.4,280.75,292.2,973694
AFFLE,20210203,3823.85,3869,3771,3787.2,44885
AGARIND,20210203,144.7,145,137.2,138,13360
AGCNET,20210203,814.1,847.25,808,847.25,17743
AGRITECH,20210203,36.8,37.15,35.65,36.5,4110
AGROPHOS,20210203,14.8,14.8,13.8,14.1,114747
AHLADA,20210203,67.75,68.45,64.35,65.9,24994
AHLEAST,20210203,161.2,164.85,155.6,158.35,776
AHLUCONT,20210203,281,284.7,279,283,41667
AHLWEST,20210203,249.55,250.05,245,248.9,950
AIAENG,20210203,1947,2015,1912,1965.3,57501
AIRAN,20210203,19.4,19.4,18.45,18.55,60922
AJANTPHARM,20210203,1798.95,1878,1756.65,1801.65,944389
AJMERA,20210203,133,134.5,130.2,132,98202
AKASH,20210203,245.9,245.9,227.25,230.7,30954
AKSHARCHEM,20210203,269.9,272.3,261.25,265.35,12905
AKSHOPTFBR,20210203,6.9,7.3,6.8,7.2,529764
AKZOINDIA,20210203,2254,2325,2254,2300.3,40263
ALANKIT,20210203,17.3,17.3,16.8,16.9,36465
ALBERTDAVD,20210203,431.8,454,430.6,448.4,16807
ALEMBICLTD,20210203,96.5,105.85,96.25,103.9,1925353
ALICON,20210203,429,439.75,424,429.85,22002
ALKALI,20210203,53.15,58.15,52.95,56.1,31688
ALKEM,20210203,2911,2989.45,2905,2941.7,118604
ALKYLAMINE,20210203,5200,5220,4950,5019.65,62053
ALLCARGO,20210203,130.45,130.75,129.1,129.5,133581
ALLSEC,20210203,295.85,300,291.45,297.15,9096
ALMONDZ,20210203,20.3,20.7,19.4,20.55,16942
ALOKINDS,20210203,21.15,21.2,20.85,20.9,8095486
ALPA,20210203,35.15,36.5,35.15,36.1,15013
ALPHAGEO,20210203,203.15,207.5,197.3,200.7,66990
ALPSINDUS,20210203,2.35,2.55,2.35,2.45,37290
AMARAJABAT,20210203,950,968,937.4,955.9,1042839
AMBER,20210203,2749,2793.65,2680.5,2748.55,105246
AMBIKCO,20210203,1050,1055,998.4,1014.1,26870
AMBUJACEM,20210203,276.1,278.7,268,268.95,8099652
AMDIND,20210203,18.6,19.6,18.5,18.75,27580
AMJLAND,20210203,25.8,28.9,25.75,27.85,138386
AMRUTANJAN,20210203,517,529.9,511.25,519.45,46815
ANANTRAJ,20210203,40.15,40.45,38.6,40.15,703571
ANDHRACEMT,20210203,6,6.1,5.75,6,424342
ANDHRAPAP,20210203,212,216,209.6,214.25,21566
ANDHRSUGAR,20210203,322,322,313.9,317.65,20214
ANGELBRKG,20210203,343.5,356,343.05,347.15,169887
ANIKINDS,20210203,13.85,14.8,13.5,14.8,10207
ANKITMETAL,20210203,1.3,1.3,1.3,1.3,25
ANSALAPI,20210203,7.15,7.6,7.15,7.15,309182
ANSALHSG,20210203,6.2,6.4,6.1,6.15,39498
ANUP,20210203,624.9,624.9,595,596.7,69247
APARINDS,20210203,373,378.9,369,371.1,107495
APCL,20210203,224.05,225.9,216.05,217.9,91425
APCOTEXIND,20210203,183.8,187.65,181,184.05,141711
APEX,20210203,275.45,287.8,274.1,284.4,265634
APLAPOLLO,20210203,944,949.9,925,946.9,123143
APLLTD,20210203,978,991.55,954.15,958.55,310956
APOLLO,20210203,121.95,124.4,120.6,121,194907
APOLLOHOSP,20210203,2714.9,2808.15,2704,2720.7,1286454
APOLLOPIPE,20210203,710,715,700.6,702.25,18806
APOLLOTYRE,20210203,229.8,231.85,222.85,227.45,15076432
APOLSINHOT,20210203,554,554,542.55,544.6,2818
APTECHT,20210203,202.7,231.4,198.7,219.75,3227830
ARCHIDPLY,20210203,34.5,35.6,34,35.25,16440
ARCHIES,20210203,13.25,13.25,12.6,12.7,43397
ARENTERP,20210203,11.9,11.9,11.05,11.45,1052
ARIES,20210203,105,107.05,102,103.95,126971
ARIHANT,20210203,24.75,24.85,23.25,23.6,1022
ARIHANTSUP,20210203,37.1,38.35,37.1,37.4,21803
ARMANFIN,20210203,728.85,728.85,710,716.5,9387
AROGRANITE,20210203,46.45,47.4,44.5,45.2,47649
ARROWGREEN,20210203,59.45,61,58.4,58.75,8215
ARSHIYA,20210203,27.25,28.6,27,27.45,20734
ARSSINFRA,20210203,25.55,25.55,23.75,24.4,35411
ARTEMISMED,20210203,205.5,214,205.1,205.15,1578
ARVIND,20210203,53.65,53.7,52.35,52.6,1681890
ARVINDFASN,20210203,149,155.2,142.5,145.25,953960
ARVSMART,20210203,101.5,103.15,99.8,100.4,85033
ASAHIINDIA,20210203,295,302,291,293.5,280980
ASAHISONG,20210203,243.3,248.95,239.1,240.4,20485
ASAL,20210203,38,39.2,36.8,38.75,10512
ASALCBR,20210203,329.8,330.2,304.85,308.95,146017
ASHAPURMIN,20210203,116.4,120.45,113,117.85,224076
ASHIANA,20210203,100.5,104.4,100.5,103.25,61062
ASHIMASYN,20210203,12.85,13.75,12.85,13.75,155047
ASHOKA,20210203,101.7,109.4,100,107.15,5620724
ASHOKLEY,20210203,135,137.15,133,134.45,53915263
ASIANHOTNR,20210203,70.1,73.2,68.3,70.15,9177
ASIANPAINT,20210203,2503.85,2503.85,2438.35,2453.65,2409356
ASIANTILES,20210203,295,295.2,260,266.6,546535
ASPINWALL,20210203,150.95,164,147.4,162.75,6111
ASTEC,20210203,1093,1113.45,1076.6,1095.75,24697
ASTERDM,20210203,157.8,158,152.7,153.35,133874
ASTRAL,20210203,1878.9,2100,1851.25,1944.7,1060938
ASTRAMICRO,20210203,118.8,120.7,116.75,117.5,322035
ASTRAZEN,20210203,3660,3750.95,3620.25,3724.3,43939
ASTRON,20210203,43.6,44.9,43.1,43.45,34783
ATFL,20210203,820.05,858.7,820.05,853.25,17192
ATGL,20210203,405.8,413.15,382.15,389.65,1325312
ATLANTA,20210203,8.35,8.4,8.1,8.35,40083
ATUL,20210203,6560.95,6599,6425,6507.8,27104
ATULAUTO,20210203,184.75,189,182.75,185.05,127086
AUBANK,20210203,972.8,972.8,943.7,962.5,811046
AURIONPRO,20210203,76.15,83.65,76.15,83.65,62809
AUROPHARMA,20210203,921.6,948.75,916.95,920,4755801
AUSOMENT,20210203,48.45,49.35,46.85,47.9,6651
AUTOAXLES,20210203,1072.85,1079.2,1053.15,1066.6,4589
AUTOIND,20210203,30.55,32.15,30.55,31.4,11352
AVADHSUGAR,20210203,203.85,204,194.1,195.8,52785
AVANTIFEED,20210203,515,532,515,521.9,524189
AVTNPL,20210203,45.95,48,45.05,46.85,153273
AWHCL,20210203,304,309.45,300.7,303.15,197180
AXISBANK,20210203,720,736.8,715.55,733.8,23541361
AXISBNKETF,20210203,345,347,338.95,344.95,813
AXISCADES,20210203,52.95,54.55,52.3,53.65,36407
AXISGOLD,20210203,41.21,42.19,41.21,41.73,152718
AXISNIFTY,20210203,148.5,153.6,147.02,152.6,17569
AYMSYNTEX,20210203,53.05,53.05,53.05,53.05,11087
BAFNAPH,20210203,123.6,126.2,118.1,121.3,4016
BAGFILMS,20210203,2.85,2.85,2.75,2.85,90671
BAJAJ-AUTO,20210203,4205,4259.15,4160.1,4236.35,681937
BAJAJCON,20210203,213.2,255.8,213,255.8,8522456
BAJAJELEC,20210203,749,757,734.5,736.75,167300
BAJAJFINSV,20210203,9561.6,9639.3,9435.35,9536.05,623545
BAJAJHIND,20210203,6.75,6.75,6.6,6.6,2593535
BAJAJHLDNG,20210203,3361,3400.95,3325,3388.55,45568
BAJFINANCE,20210203,5218.6,5270,5140,5245.1,2650783
BALAJITELE,20210203,61.85,62.75,61.3,62,141716
BALAMINES,20210203,1159,1205,1153,1187.95,141228
BALAXI,20210203,522.9,523,500,510.25,2846
BALKRISHNA,20210203,23,23,21.8,21.8,11018
BALKRISIND,20210203,1680,1755,1680,1721.6,930198
BALMLAWRIE,20210203,122.9,123.8,121.05,122.25,230801
BALPHARMA,20210203,53.9,55.05,53.35,54,23368
BALRAMCHIN,20210203,164.9,165.85,157.05,157.5,3141511
BANARBEADS,20210203,58.1,58.9,57.7,57.9,5878
BANARISUG,20210203,1510.55,1534.95,1510.55,1523.5,1053
BANCOINDIA,20210203,143,152.75,142,150.55,383032
BANDHANBNK,20210203,347,347.65,337.15,342.85,12611884
BANG,20210203,27.3,27.95,26.45,26.9,9154
BANKA,20210203,76.1,76.1,76.1,76.1,4062
BANKBARODA,20210203,75.4,78.85,73.5,77.1,65076252
BANKBEES,20210203,342,350.2,341.24,348.51,1109640
BANKINDIA,20210203,53.9,54.9,52.5,54,8584468
BANSWRAS,20210203,111.5,114.35,110.45,112.2,11166
BASF,20210203,1600,1625,1581,1601.5,32527
BASML,20210203,147.85,148.5,144,144.65,15245
BATAINDIA,20210203,1546,1589,1536.9,1569.85,838170
BAYERCROP,20210203,5264.95,5264.95,5180,5195.35,27171
BBL,20210203,914.1,947,909.55,942.05,35034
BBTC,20210203,1267.95,1274,1244.45,1253.7,42778
BCG,20210203,7.1,7.15,6.85,7,3929994
BCP,20210203,5.85,6.1,5.65,5.65,356912
BDL,20210203,335.15,336.9,331.55,334.05,194286
BEARDSELL,20210203,9.7,9.7,9.3,9.3,16892
BECTORFOOD,20210203,410,419.15,402.6,411.3,1023770
BEDMUTHA,20210203,24.9,25.75,24.5,24.65,8008
BEL,20210203,134.2,141.2,134.15,139.1,21146786
BEML,20210203,929.9,955,918.8,941.15,499221
BEPL,20210203,140.5,144.5,134.5,135.95,823336
BERGEPAINT,20210203,737,737,715.3,728.95,1579882
BFINVEST,20210203,283.8,289,282.1,283.4,20480
BFUTILITIE,20210203,282.5,291.5,281.05,285,246259
BGRENERGY,20210203,44.85,46.45,44,46.05,86733
BHAGERIA,20210203,164.7,166.55,162.25,164.55,32146
BHAGYANGR,20210203,31.35,31.8,30.3,30.65,13628
BHAGYAPROP,20210203,24.15,24.4,24,24,5372
BHANDARI,20210203,3.25,3.25,3,3.05,648560
BHARATFORG,20210203,659.9,668,631.45,634.35,3529045
BHARATGEAR,20210203,68.15,71.55,65.25,71.55,11402
BHARATRAS,20210203,9950,10074.95,9905,9981.15,2021
BHARATWIRE,20210203,34.6,34.6,33.05,33.45,24071
BHARTIARTL,20210203,609.4,622.5,599.45,608.85,30076561
BHEL,20210203,39.15,41.35,39.1,39.7,104638908
BIGBLOC,20210203,107,107,102.75,103.25,25078
BIL,20210203,138.9,139.4,137.5,139,1395
BINDALAGRO,20210203,17.85,18,17.5,17.7,52223
BIOCON,20210203,396.35,404.9,391.55,401.2,7249108
BIOFILCHEM,20210203,89.3,91.1,88.35,88.35,65466
BIRLACABLE,20210203,64.3,66,62.65,63.35,110268
BIRLACORPN,20210203,780,822,780,808.2,959485
BIRLAMONEY,20210203,44.25,44.7,43.8,44.35,100759
BIRLATYRE,20210203,30.4,31,29.9,30.1,554337
BKMINDST,20210203,1.1,1.1,1,1.05,182787
BLBLIMITED,20210203,5.7,5.7,5.35,5.45,16718
BLISSGVS,20210203,187.3,190.2,186.05,187.95,584422
BLKASHYAP,20210203,10.2,10.7,10.1,10.7,54089
BLS,20210203,103.75,103.8,100.1,101.9,117646
BLUEDART,20210203,3900,4238,3900,4206.25,157296
BLUESTARCO,20210203,805,810,786.5,797.7,117938
BODALCHEM,20210203,76.25,78.55,75,76.9,612519
BOMDYEING,20210203,77.3,78,75.35,75.65,1444622
BOROLTD,20210203,191.35,196.65,189.45,191.15,133066
BORORENEW,20210203,272.5,281,267.5,271.65,451713
BOSCHLTD,20210203,16600,16780,16442.6,16551.05,54280
BPCL,20210203,405,417,402.35,414.9,8509253
BPL,20210203,21.3,21.3,20.65,21.05,55276
BRFL,20210203,11.85,12.2,11.3,11.35,256051
BRIGADE,20210203,252,261.75,248.25,256.9,89932
BRITANNIA,20210203,3526.05,3544,3501,3516.5,786972
BRNL,20210203,33.95,34.1,33.35,33.5,56005
BROOKS,20210203,63.05,65.65,61.55,64.95,39912
BSE,20210203,608.25,622.45,603.1,619.65,528240
BSELINFRA,20210203,1.1,1.1,1.05,1.05,98515
BSHSL,20210203,133,140,133,137,6503
BSL,20210203,32.5,33.3,32,32.95,13623
BSLGOLDETF,20210203,4469.95,4469.95,4362.5,4392.15,477
BSLNIFTY,20210203,156.66,163.52,156.66,162.6,529
BSOFT,20210203,250.8,264.7,248.6,260.45,2070801
BURGERKING,20210203,140,147.8,138.2,141.8,4483184
BURNPUR,20210203,2.35,2.35,2.15,2.15,105745
BUTTERFLY,20210203,537,585.75,537,585.75,369188
BVCL,20210203,17.4,17.4,16,16.45,3884
BYKE,20210203,19,19.9,18.75,19.35,13175
CADILAHC,20210203,471.45,482.8,468.4,476.9,6399214
CALSOFT,20210203,9.4,9.4,9,9.05,47242
CAMLINFINE,20210203,107.5,111.9,107.1,108.55,335471
CAMS,20210203,1815,1823.95,1803.7,1812.8,36467
CANBK,20210203,148,156.2,145.2,153.05,57336621
CANFINHOME,20210203,492.8,498,488.5,491.5,337331
CANTABIL,20210203,380.5,386.5,374.25,379.6,125086
CAPACITE,20210203,185.5,199,181.5,196.7,558019
CAPLIPOINT,20210203,471.35,491.9,468.15,485.55,250991
CAPTRUST,20210203,92.7,93.95,91.85,92.5,2085
CARBORUNIV,20210203,421.6,446.4,412.05,428.45,714782
CAREERP,20210203,167,167,157.35,158.2,71060
CARERATING,20210203,519.8,523.9,512,520.2,165048
CASTROLIND,20210203,127,129.85,126.05,129.1,2118457
CCHHL,20210203,5.25,5.25,4.9,5,37326
CCL,20210203,248.4,255.75,246.45,253.1,460338
CDSL,20210203,506,524,500.5,519.25,980878
CEATLTD,20210203,1501,1639,1480,1604.8,1025264
CEBBCO,20210203,21.9,22,21.15,21.9,42142
CELEBRITY,20210203,5.7,5.9,5.45,5.65,13218
CENTENKA,20210203,244.9,247,236.35,237.85,108775
CENTEXT,20210203,4.55,4.75,4.5,4.7,120330
CENTRALBK,20210203,14.2,14.25,13.85,14.1,6816089
CENTRUM,20210203,24.5,24.5,23.05,23.95,1117739
CENTUM,20210203,479.95,487.15,453.65,460.3,23773
CENTURYPLY,20210203,267.5,272,264.15,268.6,180820
CENTURYTEX,20210203,471.35,483.25,461.95,466.3,964499
CERA,20210203,3375.7,3560,3350,3523.8,29965
CEREBRAINT,20210203,48.4,52.5,48.2,51.1,678348
CESC,20210203,629.9,638,624.15,634.75,248724
CGCL,20210203,367.45,371.55,365.1,365.95,102136
CGPOWER,20210203,41.6,43.05,40.85,43.05,5169824
CHALET,20210203,174.8,174.8,171.55,172.65,102490
CHAMBLFERT,20210203,235.1,243.9,235,240.65,1212509
CHEMBOND,20210203,177.6,193,177.6,187.45,62376
CHEMCON,20210203,434.65,450,428,437.75,344059
CHEMFAB,20210203,134.25,135.75,132.15,133.95,2941
CHENNPETRO,20210203,92.65,94.75,91.65,94.3,1504183
CHOLAFIN,20210203,444.75,467.25,438.05,459.85,9972466
CHOLAHLDNG,20210203,535.75,548.65,523.1,541.05,145949
CIGNITITEC,20210203,374.9,381.8,370.8,376.65,30724
CINELINE,20210203,43.2,43.2,42,42.3,59399
CINEVISTA,20210203,6.25,6.3,6,6.2,10271
CIPLA,20210203,826,878.9,824.2,849.25,15674616
CLEDUCATE,20210203,70,72,67.15,68.95,31942
CLNINDIA,20210203,362,367,360.1,362.15,36226
CMICABLES,20210203,36.8,37.4,35,36.1,50254
CNOVAPETRO,20210203,7.45,7.45,7.15,7.15,246
COALINDIA,20210203,131.25,138,131.25,137.25,25483402
COCHINSHIP,20210203,363.7,363.8,352.8,354.25,187075
COFORGE,20210203,2470,2552,2428.6,2523.25,457239
COLPAL,20210203,1630,1634.9,1599.8,1609.1,677877
COMPINFO,20210203,15.45,15.45,14.8,15.1,149459
COMPUSOFT,20210203,9.3,9.3,8.9,9.1,39792
CONCOR,20210203,459,473.6,459,464.45,3880608
CONFIPET,20210203,42.95,43.9,41.95,42.55,1144748
CONSOFINVT,20210203,39.65,44.75,39.6,42.4,4953
CONTROLPR,20210203,249,249,240.2,241.65,18036
CORALFINAC,20210203,21.25,21.9,21,21.6,8540
CORDSCABLE,20210203,45.5,45.9,43.95,44.6,33027
COROMANDEL,20210203,794,797.65,781.05,784.65,727193
COSMOFILMS,20210203,535.7,542.9,526.55,536.9,153177
COUNCODOS,20210203,3.35,3.5,3.35,3.45,42004
CPSEETF,20210203,20.75,21.1,20.27,20.99,29486178
CREATIVE,20210203,105.95,111.05,103.25,106.2,16993
CREATIVEYE,20210203,3.25,3.25,3.1,3.1,486
CREDITACC,20210203,741.5,744,723,725.75,108644
CREST,20210203,95.35,97.9,93.25,94.85,9240
CRISIL,20210203,1949,1968.45,1918,1923.7,28800
CROMPTON,20210203,412.1,417.65,405,411.05,2580016
CSBBANK,20210203,228.5,231.5,224.6,229.95,214783
CTE,20210203,41.95,41.95,39.15,39.2,19140
CUB,20210203,182,183.3,178.05,182.55,2341714
CUBEXTUB,20210203,17.45,17.45,15.9,16.3,12245
CUMMINSIND,20210203,762,780,748.05,763.7,1420512
CUPID,20210203,220.9,223.95,217.45,221.3,69021
CYBERMEDIA,20210203,6.65,6.65,6.65,6.65,1462
CYBERTECH,20210203,139.45,139.45,137.1,139.45,97251
CYIENT,20210203,637,648.65,622,627.95,917653
DAAWAT,20210203,53,53.9,52.85,53.15,770028
DABUR,20210203,527.45,529.15,523,524.75,2680479
DALBHARAT,20210203,1266.65,1275.25,1240.05,1244,204134
DALMIASUG,20210203,138.2,140.6,138.2,139.1,138155
DAMODARIND,20210203,33.05,33.2,31.6,31.75,15131
DANGEE,20210203,111.1,118.15,110.55,114.9,43602
DATAMATICS,20210203,115.9,116.2,113.05,114.4,124773
DBCORP,20210203,85.4,93.9,84.4,92.2,1956796
DBL,20210203,462,494,455.8,487.4,792050
DBREALTY,20210203,19.2,20,18.85,18.95,211374
DBSTOCKBRO,20210203,9.65,10,9.15,9.85,5933
DCAL,20210203,125.3,130,125,126.5,608235
DCBBANK,20210203,115.75,117,112.6,115.05,2108549
DCM,20210203,28.2,28.2,26.5,26.75,26358
DCMFINSERV,20210203,1.7,1.7,1.7,1.7,200
DCMNVL,20210203,64,67.9,63,66.6,12476
DCMSHRIRAM,20210203,439.95,453,435.3,450.35,138807
DCW,20210203,20.2,21.25,20.05,20.15,692681
DECCANCE,20210203,382.1,390,377.7,380.5,122838
DEEPAKFERT,20210203,161.5,175,159.1,169.65,4490270
DEEPAKNTR,20210203,991.5,1062,985,1049.8,1475620
DEEPENR,20210203,42.25,42.25,41.5,41.7,11224
DELTACORP,20210203,153.8,157.8,152.2,156.5,2288864
DELTAMAGNT,20210203,27.9,27.95,26.3,27.3,15255
DEN,20210203,60.8,60.85,59.55,60,235397
DENORA,20210203,258,312.15,258,312.15,130948
DFMFOODS,20210203,392,411.65,390.7,409.05,53622
DGCONTENT,20210203,15,15,14,14.05,21673
DHAMPURSUG,20210203,172.1,172.9,166.3,167.3,727930
DHANBANK,20210203,13.55,13.9,13.4,13.75,479690
DHANI,20210203,363,363,342.4,345.8,720270
DHANUKA,20210203,740,746,723.25,739.2,149086
DHARSUGAR,20210203,5.95,5.95,5.5,5.55,5774
DHFL,20210203,19.25,19.25,19.25,19.25,503371
DHUNINV,20210203,238.95,248.5,235.5,238.65,4340
DIAMONDYD,20210203,705.55,725,703.1,715.65,10069
DICIND,20210203,410.85,410.85,397.65,400.5,12546
DIGISPICE,20210203,43.5,43.5,43,43.5,54522
DISHTV,20210203,12.55,12.7,12.3,12.45,5320084
DIVISLAB,20210203,3590,3716.9,3561.25,3680.25,1693164
DIXON,20210203,16100,16495,15462.55,15879.25,166073
DLF,20210203,300,301.4,285.65,289.95,24568816
DLINKINDIA,20210203,106.05,109.2,105.75,107.35,115246
DMART,20210203,2864.8,2945.75,2825.2,2877,575810
DNAMEDIA,20210203,0.7,0.75,0.7,0.7,60276
DOLAT,20210203,58.15,60,56.65,58.85,255131
DOLLAR,20210203,234.35,243.3,232,238.5,173037
DONEAR,20210203,34.9,35.7,34.2,34.35,51585
DPABHUSHAN,20210203,98.7,101.3,96.75,100.25,10782
DPSCLTD,20210203,14.3,14.3,13.45,13.6,115796
DPWIRES,20210203,112,112.15,102.6,109.6,16206
DREDGECORP,20210203,289.8,297,287.2,292.6,66788
DRREDDY,20210203,4578.95,4761.6,4542.45,4649.55,3445405
DSSL,20210203,62.9,63.95,59.55,60.15,23576
DTIL,20210203,248.05,251,247.7,248.9,2901
DUCON,20210203,6.55,6.75,6.55,6.75,19832
DVL,20210203,68.65,71.2,68.5,70,19231
DWARKESH,20210203,27.85,28.3,27.7,27.85,1108269
DYNAMATECH,20210203,811.9,811.9,791.75,802.05,9116
DYNPRO,20210203,300,314.95,298,304.85,259050
EBANK,20210203,3374,3374,3374,3374,1
EBBETF0423,20210203,1104.61,1105,1102.52,1103.07,13499
EBBETF0425,20210203,1019.99,1019.99,1016.57,1016.75,1960
EBBETF0430,20210203,1123.95,1123.95,1115.04,1118.97,15170
EBBETF0431,20210203,1010.75,1010.79,1004.11,1008.69,25689
EBIXFOREX,20210203,485.1,512.45,470,476.05,5974
ECLERX,20210203,988.5,1044,987.5,996.75,230839
EDELWEISS,20210203,68.35,71.2,68,70.55,4163363
EICHERMOT,20210203,2904.85,2948,2871.5,2916.9,1349528
EIDPARRY,20210203,338.85,349.6,338,341.15,314709
EIHAHOTELS,20210203,276.2,279.8,272,276.25,11350
EIHOTEL,20210203,92.3,95.4,91.85,94.2,593431
EIMCOELECO,20210203,335.9,355.25,333,350.55,4401
EKC,20210203,59.05,59.05,59.05,59.05,103467
ELECON,20210203,47.6,49.25,46.8,48.7,403904
ELECTCAST,20210203,21.9,22,21.1,21.55,297443
ELECTHERM,20210203,111.8,112.5,109.5,109.7,17987
ELGIEQUIP,20210203,163.9,167.85,161.85,164.4,112480
ELGIRUBCO,20210203,28.55,30.05,28.55,29.15,65902
EMAMILTD,20210203,478.25,493.4,475.05,486.1,1791401
EMAMIPAP,20210203,98.05,101.65,96.2,97.4,6506
EMAMIREAL,20210203,61.5,62.95,60.3,62.15,27799
EMKAY,20210203,73.3,77.1,72.2,74.9,62533
EMMBI,20210203,93,97,86.05,86.8,526880
ENDURANCE,20210203,1384.75,1443.95,1363.75,1432.05,113136
ENERGYDEV,20210203,10.75,11.6,10.75,11.6,72284
ENGINERSIN,20210203,75,75.45,73.5,73.75,2798432
ENIL,20210203,159.55,164.85,158.25,162.8,41139
EPL,20210203,238.15,239.9,217.5,219.05,1916395
EQ30,20210203,423.44,423.44,423.44,423.44,1
EQUITAS,20210203,78.75,81,76.05,80.45,2962449
EQUITASBNK,20210203,43.1,43.5,41.6,42.95,1195566
ERIS,20210203,614,614,593,596.15,71467
EROSMEDIA,20210203,22.85,23.3,22.55,23,213447
ESABINDIA,20210203,1862.5,2022.25,1839,1974.45,34976
ESCORTS,20210203,1335,1423.65,1306.4,1384.15,4606890
ESSARSHPNG,20210203,10.2,10.2,9.45,9.7,29570
ESTER,20210203,106.6,110.8,106.05,108.7,479525
EVEREADY,20210203,198,206.4,193,200.6,433301
EVERESTIND,20210203,296.15,309,291.3,301.65,100539
EXCEL,20210203,2.65,2.65,2.65,2.65,9765
EXCELINDUS,20210203,857.95,874,850,856.6,10757
EXIDEIND,20210203,205,208,201.2,204.5,6646484
EXPLEOSOL,20210203,484,488,467.2,478.6,21625
FACT,20210203,84.4,84.75,82,82.5,227517
FAIRCHEMOR,20210203,588,608,580.3,605.15,19819
FCL,20210203,65.35,66.6,64,65.75,1005773
FCONSUMER,20210203,8.15,8.25,8.15,8.15,9244141
FCSSOFT,20210203,0.85,0.9,0.85,0.9,2168239
FDC,20210203,290.1,297,290,294.35,219183
FEDERALBNK,20210203,80.75,82.2,79.2,81.6,36230202
FEL,20210203,11.6,11.6,11.6,11.6,727285
FELDVR,20210203,14.1,14.5,14.05,14.05,75439
FIEMIND,20210203,605.9,619.45,594.95,607.4,27665
FILATEX,20210203,60.95,65.8,60.15,63.05,448919
FINCABLES,20210203,379,380,365,369.95,258533
FINEORG,20210203,2391,2446,2383.05,2414.75,10743
FINPIPE,20210203,652,667.7,640.55,644.9,393158
FLEXITUFF,20210203,15.5,15.8,15.05,15.8,6002
FLFL,20210203,88.35,88.35,88.35,88.35,128242
FLUOROCHEM,20210203,580.1,596,577.25,584.2,37308
FMGOETZE,20210203,286.1,288.95,281.05,283.9,74306
FMNL,20210203,20.4,20.8,20.4,20.4,79675
FORCEMOT,20210203,1400,1427.95,1394,1402.75,51548
FORTIS,20210203,164.2,170,163.4,169.35,2928550
FOSECOIND,20210203,1305.85,1323.8,1276.55,1288.35,3330
FRETAIL,20210203,77.6,77.6,77.6,77.6,1444776
FSC,20210203,101.15,101.15,101.15,101.15,36083
FSL,20210203,93.1,96.5,91,93.3,3633738
G5,20210203,47.16,47.34,47.16,47.34,2700
GABRIEL,20210203,115.2,118,114,115.7,177207
GAEL,20210203,144,144,138.8,139.65,221451
GAIL,20210203,130,132.45,129.3,130.45,18339188
GAL,20210203,2.9,2.9,2.75,2.75,84332
GALAXYSURF,20210203,2111.3,2220,2103,2177.6,41055
GALLANTT,20210203,43.1,43.1,41.25,41.9,35641
GALLISPAT,20210203,38.7,39.75,38.05,38.7,35585
GAMMNINFRA,20210203,0.8,0.85,0.8,0.8,1235875
GANDHITUBE,20210203,258.8,268.95,258.75,266.8,7916
GANECOS,20210203,477.75,482.95,469.7,477.15,28884
GANESHHOUC,20210203,51.45,52.25,48.05,48.9,147325
GANGESSECU,20210203,57.45,57.45,55.3,55.45,1964
GARFIBRES,20210203,2225,2299.8,2195,2280.55,17427
GATI,20210203,90.15,92,90.15,91.6,328730
GAYAHWS,20210203,0.65,0.7,0.65,0.7,139402
GAYAPROJ,20210203,42.85,43.9,42.5,43.05,281406
GBGLOBAL,20210203,6.7,7.35,6.7,7.2,6940
GDL,20210203,159.75,162.95,151,156.15,187274
GEECEE,20210203,92,92,89.1,89.65,8124
GEEKAYWIRE,20210203,80.95,80.95,73.75,78.1,9264
GENESYS,20210203,66.9,70.55,65.25,70.4,15619
GENUSPAPER,20210203,6.95,6.95,6.7,6.8,127544
GENUSPOWER,20210203,35.75,37.3,34.8,36.9,1145580
GEOJITFSL,20210203,53.7,53.8,52.75,53,276119
GEPIL,20210203,284.7,295.45,278.35,288.35,263197
GESHIP,20210203,265,265,257.1,258.6,177958
GET&D,20210203,122.8,124.5,119.2,122.3,155640
GFLLIMITED,20210203,88,94,87,88.9,519505
GFSTEELS,20210203,2,2,2,2,2500
GHCL,20210203,211,211,204.6,207.25,305437
GICHSGFIN,20210203,122.6,125,121,122.9,549171
GICRE,20210203,140.8,140.8,137.1,137.75,292549
GILLANDERS,20210203,46.25,48.2,45.05,48.15,26478
GILLETTE,20210203,5610,5790.1,5607.7,5681.55,11408
GINNIFILA,20210203,20.4,20.4,19.45,19.65,115184
GIPCL,20210203,75.15,76,74.4,75.55,193663
GISOLUTION,20210203,2.65,2.65,2.6,2.6,828
GKWLIMITED,20210203,531.9,531.9,504.95,514.45,500
GLAND,20210203,2116.7,2155,2103.5,2132.1,141163
GLAXO,20210203,1460,1474.45,1452.5,1460.4,102489
GLENMARK,20210203,491.95,507.8,489.3,501.55,3475814
GLFL,20210203,2.6,2.8,2.6,2.75,14961
GLOBAL,20210203,50.55,53.5,50.55,51.2,4975
GLOBE,20210203,61.9,61.9,57.25,59.85,12728
GLOBOFFS,20210203,7.15,7.15,7.15,7.15,29249
GLOBUSSPR,20210203,385,406.8,378.65,393.85,598783
GMBREW,20210203,410,422.8,404.15,422.8,15229
GMDCLTD,20210203,56.35,57.7,55.9,57.2,1350588
GMMPFAUDLR,20210203,3574.9,3696,3552.55,3630.3,31089
GMRINFRA,20210203,24.9,27.35,24.75,26.3,66641152
GNA,20210203,394,394,381.7,383.95,70308
GNFC,20210203,214.05,224.9,213.1,221.75,2023775
GOACARBON,20210203,245.8,259,245.8,251.15,30334
GOCLCORP,20210203,221.35,233.95,221.3,228.05,14039
GODFRYPHLP,20210203,942.2,944.95,934,939.95,47041
GODREJAGRO,20210203,531.95,538,526.5,530.8,198163
GODREJCP,20210203,745,756.4,743.55,746.9,1225017
GODREJIND,20210203,447.75,456.9,447.55,454.75,354477
GODREJPROP,20210203,1412.1,1420,1383.45,1388.9,1076817
GOKEX,20210203,79.65,82.8,78.7,79.1,128326
GOKUL,20210203,19.4,19.8,18.75,19,42082
GOKULAGRO,20210203,25.25,26.3,24.65,25.15,237273
GOLDBEES,20210203,43.2,43.2,41.31,41.69,5486293
GOLDENTOBC,20210203,49.8,50.45,46.45,49.15,30669
GOLDIAM,20210203,224.25,228,216,219.95,65142
GOLDSHARE,20210203,4369.95,4369.95,4260.5,4318.5,6833
GOLDTECH,20210203,9.15,9.45,9.15,9.25,40155
GOODLUCK,20210203,70.1,74.35,69.55,71.35,274943
GOODYEAR,20210203,964,969.4,955,958.45,17287
GPIL,20210203,510.1,536.65,507,536.65,219983
GPPL,20210203,92.85,93.9,90.4,93.4,667285
GPTINFRA,20210203,42.95,44.5,42.95,44.4,87822
GRANULES,20210203,322.75,346.85,322.75,343.6,2970266
GRAPHITE,20210203,332,340.2,326.2,333.7,1303164
GRASIM,20210203,1178.1,1205.5,1172.25,1190.85,2427085
GRAVITA,20210203,79,81.9,77.5,77.85,292604
GREAVESCOT,20210203,89.35,90.7,88.1,89.65,825622
GREENLAM,20210203,890,899,855.5,880,26565
GREENPANEL,20210203,194.9,196,185,193.7,277638
GREENPLY,20210203,122.9,126,120.9,124.3,384631
GREENPOWER,20210203,2.7,2.8,2.6,2.75,853292
GRINDWELL,20210203,738.2,804.7,738.2,780.9,707467
GROBTEA,20210203,814,814,775.15,790.4,380
GRPLTD,20210203,816.05,845.45,803,820.5,637
GRSE,20210203,188.65,189.65,185.2,186.65,79252
GSCLCEMENT,20210203,38.55,38.85,36.6,37.05,455124
GSFC,20210203,80.5,82.5,78.5,80.4,3952478
GSPL,20210203,201.65,203.5,199,201.75,518909
GSS,20210203,45.7,47,45,46.8,156445
GTL,20210203,7.05,7.45,6.9,7,207768
GTLINFRA,20210203,1.1,1.1,1.05,1.1,16315878
GTNIND,20210203,12.35,12.35,11.8,11.8,1098
GTNTEX,20210203,6.2,6.2,5.9,5.9,1341
GTPL,20210203,136.7,138.1,133.7,134.75,73883
GUFICBIO,20210203,121.6,128.8,121.35,125.95,204212
GUJALKALI,20210203,337,339.75,335.25,337.3,64726
GUJAPOLLO,20210203,231.25,231.25,222,222.85,9214
GUJGASLTD,20210203,368,385.05,362.95,372.4,1147068
GUJRAFFIA,20210203,33.3,33.3,33.3,33.3,417
GULFOILLUB,20210203,686.95,690.95,680.05,682.5,14826
GULFPETRO,20210203,42.2,43.2,42.2,42.9,24110
GULPOLY,20210203,99.4,100,97.35,98.25,110248
HAL,20210203,977,977.9,950.2,964.7,925935
HAPPSTMNDS,20210203,351.85,356.65,348.7,350.15,754593
HARITASEAT,20210203,583.1,590.4,578.5,580.75,26726
HARRMALAYA,20210203,125.8,128,123.8,124.15,69559
HATHWAY,20210203,30.6,30.95,29.9,30.3,380285
HATSUN,20210203,712.05,723.25,705,717.8,20105
HAVELLS,20210203,1122.5,1143,1104.55,1112.75,3032392
HAVISHA,20210203,0.85,0.9,0.8,0.85,86501
HBANKETF,20210203,338.17,348,336.42,345.95,6495
HBLPOWER,20210203,35.65,36,34.65,35.45,358661
HBSL,20210203,9.1,9.1,8.3,8.75,4517
HCC,20210203,8.6,8.6,8.3,8.35,2342707
HCG,20210203,152,153.1,150.15,151.25,56491
HCL-INSYS,20210203,9.55,9.55,9.55,9.55,299961
HCLTECH,20210203,966,973.3,952.55,959.9,6354619
HDFC,20210203,2695,2734.5,2618,2703.55,4782433
HDFCAMC,20210203,3000,3074.1,2961.45,3025.2,357290
HDFCBANK,20210203,1579,1581.7,1542,1574.8,10118627
HDFCLIFE,20210203,685,695,679,689.2,2902411
HDFCMFGETF,20210203,4319.95,4319.95,4275,4282.15,20219
HDFCNIFETF,20210203,1557.91,1569.2,1506.55,1557.15,6313
HDFCSENETF,20210203,5347.11,5388,5220,5330.9,219
HEG,20210203,1049,1095,1026.65,1043.85,748510
HEIDELBERG,20210203,233.45,237.8,231.2,234.85,568537
HEMIPROP,20210203,142,142,135.1,136.8,726524
HERCULES,20210203,123.6,136,121.1,127.15,460141
HERITGFOOD,20210203,282.75,283.35,278,279.05,124131
HEROMOTOCO,20210203,3296.55,3422,3268,3380.8,1077971
HESTERBIO,20210203,1755.4,1755.45,1700,1703.15,12572
HEXATRADEX,20210203,41.05,42,40,40.45,22133
HFCL,20210203,27.9,28.75,27.7,28.15,10392598
HGINFRA,20210203,247.8,284.6,245.5,269,1315863
HGS,20210203,1202,1258.7,1152.05,1162,74181
HIKAL,20210203,179.9,183.7,177.05,178.7,855668
HIL,20210203,2669.95,2720,2576.3,2615.95,88677
HILTON,20210203,12,12.15,11.5,12.15,8532
HIMATSEIDE,20210203,148,152,145.85,148.2,113235
HINDALCO,20210203,254,263.4,252.55,257.25,15670948
HINDCOMPOS,20210203,297.85,309.7,282,301,26065
HINDCOPPER,20210203,64.55,64.6,62.7,63,1666529
HINDMOTORS,20210203,6.5,6.8,6.3,6.5,43390
HINDNATGLS,20210203,27.15,28,27.15,27.6,16132
HINDOILEXP,20210203,82.8,83.8,82.1,82.4,426653
HINDPETRO,20210203,223.95,228.45,220.6,225.25,11986880
HINDUNILVR,20210203,2231.5,2257,2217.6,2232.85,2353429
HINDZINC,20210203,289.5,290.6,283,289.2,1472275
HIRECT,20210203,151.55,158.5,151.55,153.6,37212
HISARMETAL,20210203,97.45,102.65,96.3,101.2,27851
HITECH,20210203,253.05,258.25,243.2,254.35,52488
HITECHCORP,20210203,112.65,115.85,111.4,115.15,1516
HITECHGEAR,20210203,181.95,187.3,176,187.3,13179
HLVLTD,20210203,5.95,6.05,5.85,5.95,296138
HMVL,20210203,54.5,56.85,54.1,55.4,122960
HNDFDS,20210203,1550,1650.55,1524.85,1589.05,28583
HNGSNGBEES,20210203,367,367,360,360.04,1752
HOMEFIRST,20210203,618.8,640,522,527.55,24532661
HONAUT,20210203,41250,42365.65,40835.15,41919.35,11273
HONDAPOWER,20210203,1059.9,1087,1036,1066.25,14485
HOTELRUGBY,20210203,1.25,1.3,1.25,1.3,1011
HOVS,20210203,40,40.4,39.5,40.2,4269
HPL,20210203,39.8,39.8,38.8,39.15,206679
HSCL,20210203,46.3,46.35,45.6,45.95,1868652
HSIL,20210203,145.1,159,143.2,156.85,475509
HTMEDIA,20210203,17.55,18,17.3,17.5,105816
HUBTOWN,20210203,19.4,19.4,18.3,18.85,28608
HUDCO,20210203,43.25,43.7,42.85,43.05,1555411
HUHTAMAKI,20210203,305.5,311,299.65,307.4,53964
IBMFNIFTY,20210203,146,146,143.1,144.76,884
IBREALEST,20210203,79.8,82.6,78.2,81.85,5253710
IBULHSGFIN,20210203,214.75,221.15,211.8,217.55,17774046
ICEMAKE,20210203,77,77,73.65,75.8,25253
ICICI500,20210203,199.98,200,193.6,198.57,21751
ICICIALPLV,20210203,144.7,144.7,139,141.09,2004
ICICIB22,20210203,34.75,35.71,34.41,35.42,3058399
ICICIBANK,20210203,623.4,627.5,614,622.35,27155908
ICICIBANKN,20210203,349.7,349.7,326.2,345.29,4382
ICICIBANKP,20210203,183.77,186.8,183,185.96,42981
ICICIGI,20210203,1382.5,1463,1382.5,1436.4,1189638
ICICIGOLD,20210203,41.4,43.49,41.4,42.65,2051986
ICICILIQ,20210203,1000,1000,999.99,999.99,21671
ICICILOVOL,20210203,119.7,121.7,116.3,118.21,16107
ICICIM150,20210203,84.9,85.3,83.7,84.77,7463
ICICIMCAP,20210203,83.9,84.99,82,84.75,39040
ICICINF100,20210203,164,170,158.51,159.83,7582
ICICINIFTY,20210203,160,160,154.64,156.62,94409
ICICINV20,20210203,77.7,77.7,75,76.28,15337
ICICINXT50,20210203,34.68,34.68,33.02,34.07,23259
ICICIPRULI,20210203,477,485.9,470.45,478.5,6378685
ICICISENSX,20210203,549.28,549.28,505.6,540.36,3353
ICICITECH,20210203,253,260.94,253,255.83,641604
ICIL,20210203,132,137.45,130.75,134.7,635469
ICRA,20210203,2782,2810,2772.2,2786.55,1901
IDBI,20210203,30.15,30.45,29.5,29.9,12539486
IDBIGOLD,20210203,4485.8,4488,4389,4402.25,281
IDEA,20210203,11.9,12.75,11.7,12.25,354263383
IDFC,20210203,43.85,44.25,43.35,43.9,11618975
IDFCFIRSTB,20210203,48.2,48.3,47.1,47.65,28568238
IDFNIFTYET,20210203,164,164,151,154.03,892
IEX,20210203,255.9,255.9,249.2,252.25,955405
IFBAGRO,20210203,454.75,479.95,448.2,465.25,22810
IFBIND,20210203,1419,1426,1382,1395.65,29751
IFCI,20210203,9.1,9.1,8.9,8.95,4178638
IFGLEXPOR,20210203,246.5,249.65,237.2,244.45,42381
IGARASHI,20210203,332.1,346,327.1,328.15,238755
IGL,20210203,557,558.25,544.2,545.8,1963735
IGPL,20210203,400.95,417.8,398,417.45,155015
IIFL,20210203,213.15,213.15,176.25,212,6891395
IIFLSEC,20210203,48.7,49.95,47.65,48.4,762531
IIFLWAM,20210203,1080,1089.9,1056.05,1068.6,30915
IITL,20210203,65.45,69.25,64.15,64.15,4704
IMAGICAA,20210203,5.6,5.7,5.4,5.45,70826
IMFA,20210203,437.1,447,432.05,438.35,52088
IMPAL,20210203,552.95,575,552.95,558.35,1530
INDBANK,20210203,12.1,12.4,11.15,11.45,266125
INDHOTEL,20210203,123.65,125,122.05,122.8,1664618
INDIACEM,20210203,167.75,169.7,165.5,166.05,1429393
INDIAGLYCO,20210203,414.7,421.5,401.2,405.05,243391
INDIAMART,20210203,8035,8335,7974.95,8255.9,136352
INDIANB,20210203,101.85,104.75,98.3,101.95,7843524
INDIANCARD,20210203,132,137,129,135.3,12342
INDIANHUME,20210203,199,205.2,196.1,201.8,93800
INDIGO,20210203,1645.9,1663.85,1618.05,1621.7,729638
INDIGOPNTS,20210203,3239,3329.95,2831.25,2924.25,2955005
INDLMETER,20210203,17.3,17.85,17.05,17.55,2080
INDNIPPON,20210203,354.05,356.7,348.5,352.75,10325
INDOCO,20210203,304.55,324.95,300.25,312.9,124117
INDORAMA,20210203,34.9,34.95,33.5,33.8,33951
INDOSTAR,20210203,357.7,357.7,348.5,352.75,31150
INDOTECH,20210203,99.75,101.95,99.75,101.05,2301
INDOTHAI,20210203,38.45,39.55,36.7,39.5,64327
INDOWIND,20210203,4.5,4.5,4.25,4.4,19566
INDRAMEDCO,20210203,54.3,54.75,53.85,54,112040
INDSWFTLAB,20210203,72.6,72.6,67.6,69.6,79259
INDTERRAIN,20210203,38.05,39.45,38.05,38.75,38980
INDUSINDBK,20210203,980,1080.8,972.2,1048.55,34995822
INDUSTOWER,20210203,250.2,251.45,244.45,248.1,6953619
INEOSSTYRO,20210203,969.95,1006.35,960.05,998.6,34629
INFIBEAM,20210203,78.55,79,76.55,77.8,1735765
INFOBEAN,20210203,140.45,144.45,137,138.6,32604
INFOMEDIA,20210203,2.9,3.15,2.85,3,26552
INFRABEES,20210203,423.25,423.25,411,417.29,3085
INFY,20210203,1277.65,1304,1273,1284.65,8182968
INGERRAND,20210203,752.2,762.8,745.85,751.1,32184
INOXLEISUR,20210203,332.45,340,325,336.55,1077532
INOXWIND,20210203,66,66.6,63.15,65.55,147567
INSECTICID,20210203,492,499,487,495.1,20630
INSPIRISYS,20210203,36.3,36.3,35.1,35.65,3604
INTEGRA,20210203,1.25,1.3,1.2,1.3,15019
INTELLECT,20210203,380.25,380.25,380.25,380.25,206123
INTENTECH,20210203,39.6,40.95,38.55,38.7,62264
INVENTURE,20210203,16.95,16.95,16.6,16.65,32669
IOB,20210203,11.1,11.2,11,11.1,4052643
IOC,20210203,100.6,102.4,99.9,101.85,58158800
IOLCP,20210203,685,721,683,712.05,522780
IPCALAB,20210203,1900,2054,1895.25,2036.7,569427
IRB,20210203,111,111.9,106.3,107.8,1248835
IRCON,20210203,85,86.25,84.2,85.25,700434
IRCTC,20210203,1477.4,1498,1462.15,1469.35,1862533
IRFC,20210203,24.8,24.9,24.05,24.25,45816269
ISEC,20210203,429.8,436.3,426,426.8,680184
ISFT,20210203,66.2,69.05,66.2,68.85,16500
ISMTLTD,20210203,12.2,12.45,11.8,11.85,116378
ITC,20210203,221.5,222,215.7,216.75,53643263
ITDC,20210203,299,307.95,296.25,303.45,35252
ITDCEM,20210203,67.8,70.65,67.3,69,594323
ITI,20210203,128.3,134,125.4,126.75,1026359
IVC,20210203,4.75,4.85,4.6,4.65,138406
IVP,20210203,79.4,79.8,76.25,77.35,3247
IVZINGOLD,20210203,4373,4375.15,4314,4330,102
IVZINNIFTY,20210203,1625.39,1625.39,1548.95,1600.75,16
IZMO,20210203,48,49,46.7,47.2,13274
J&KBANK,20210203,30.1,30.25,29.1,29.4,3007152
JAGRAN,20210203,41.45,43.7,41.3,43.1,554464
JAGSNPHARM,20210203,74.5,76.7,74.5,74.7,42247
JAIBALAJI,20210203,23,24.5,23,23.35,8395
JAICORPLTD,20210203,89.65,91.3,88.75,89.85,557947
JAMNAAUTO,20210203,66.45,69.9,65.5,68.05,3262032
JASH,20210203,268.9,298,266,285.9,53577
JAYAGROGN,20210203,132.2,136.15,132,135.05,10806
JAYBARMARU,20210203,258,260.2,255.2,257.1,27769
JAYNECOIND,20210203,5.85,5.85,5.45,5.65,42292
JAYSREETEA,20210203,68.6,69.2,67.8,68.15,63039
JBCHEPHARM,20210203,999.35,1015,979.9,991.9,419463
JBFIND,20210203,12.75,12.75,12.75,12.75,21638
JBMA,20210203,409,421.75,403.25,407.05,107535
JCHAC,20210203,2463.9,2567,2455.3,2549.6,8019
JHS,20210203,28.45,29.85,28.45,29.85,316975
JINDALPHOT,20210203,28.65,31.05,28.65,30.1,13366
JINDALPOLY,20210203,460.45,489,458.95,466.65,135375
JINDALSAW,20210203,74.1,77.5,73.7,76.75,1190006
JINDALSTEL,20210203,277.9,294.8,275.25,285.5,12034014
JINDRILL,20210203,85,86,84.35,85.6,17612
JINDWORLD,20210203,59,59.85,58.1,59.3,216282
JISLDVREQS,20210203,13.55,13.55,12.6,12.75,29665
JISLJALEQS,20210203,20.5,20.85,19.5,19.65,3321426
JITFINFRA,20210203,8.6,8.6,8.5,8.5,3448
JIYAECO,20210203,6.5,6.8,6.5,6.75,50620
JKCEMENT,20210203,2283.6,2312.75,2226,2247.4,105683
JKIL,20210203,158.2,169.5,152.35,167.65,658991
JKLAKSHMI,20210203,355,360.9,352,357.6,760440
JKPAPER,20210203,132.45,132.45,130,130.95,848256
JKTYRE,20210203,130,135,126.85,131.25,6196740
JMA,20210203,34.8,35.3,34.65,35.05,5943
JMCPROJECT,20210203,73.4,79.25,72.25,77.95,1758811
JMFINANCIL,20210203,87.35,88.5,85.55,86.35,1238932
JMTAUTOLTD,20210203,3.05,3.25,3,3.1,539526
JOCIL,20210203,158.9,162,158.3,159,13081
JPASSOCIAT,20210203,7.2,7.25,7,7.05,4859390
JPINFRATEC,20210203,1.85,1.9,1.85,1.9,1229258
JPPOWER,20210203,2.9,2.95,2.85,2.85,18167638
JSL,20210203,74,77.9,72.55,77.3,2028699
JSLHISAR,20210203,118.65,127.75,117.05,126.4,1227902
JSWENERGY,20210203,72.3,72.6,71.3,71.7,1719315
JSWHL,20210203,3772.8,3803.5,3700,3746.7,1439
JSWISPL,20210203,27.85,28.45,27.1,27.4,307584
JSWSTEEL,20210203,386.2,398.45,384.7,392.9,6063017
JTEKTINDIA,20210203,91,95.7,90.3,92.45,1202386
JUBILANT,20210203,931,1046.95,918.5,1025.6,1493898
JUBLFOOD,20210203,2727.85,2763.7,2595.75,2645.8,1995663
JUBLINDS,20210203,249,264.65,241,255.55,150642
JUMPNET,20210203,11.1,11.25,11.1,11.25,1828285
JUNIORBEES,20210203,356,356,336,350.13,35945
JUSTDIAL,20210203,627.8,648,619,630,1029291
JYOTHYLAB,20210203,161.5,161.6,154,155.45,938310
KABRAEXTRU,20210203,105,111.9,103,106.55,140184
KAJARIACER,20210203,836.8,879.45,835.8,867.8,833121
KAKATCEM,20210203,164.7,173.8,164,166.2,28127
KALPATPOWR,20210203,338.5,349,334.1,345.25,446807
KALYANIFRG,20210203,140.1,148.85,140.1,144.95,2122
KAMATHOTEL,20210203,35.7,36.6,35.45,36.1,34006
KAMDHENU,20210203,131.5,140.95,127.1,130.5,239121
KANANIIND,20210203,4.4,4.5,4.35,4.35,9769
KANORICHEM,20210203,57,58.15,57,58.15,17458
KANPRPLA,20210203,122.2,122.25,118,120.4,6039
KANSAINER,20210203,584,590.9,569.3,579.15,486710
KAPSTON,20210203,97.05,106.5,97.05,102,422
KARDA,20210203,103.95,105,102.4,104.7,24212
KARMAENG,20210203,17,17.9,16.6,17.7,6322
KARURVYSYA,20210203,43.8,44.35,43.5,43.95,1943945
KAUSHALYA,20210203,1.75,1.75,1.65,1.65,8001
KAYA,20210203,339,348,329.5,340.4,46164
KCP,20210203,73.75,75.2,73.4,74.55,392931
KCPSUGIND,20210203,15.1,15.65,15.1,15.4,135456
KDDL,20210203,250.75,250.75,244.05,248.5,1661
KEC,20210203,397,417,390.05,406.5,1297368
KECL,20210203,14.7,15.1,14.4,15.05,96828
KEERTI,20210203,27.6,29.1,26.85,27.2,168345
KEI,20210203,488.1,493.7,474.9,476.5,149908
KELLTONTEC,20210203,76.5,77.45,75.1,76.75,1199227
KENNAMET,20210203,905.15,947,894.95,920.4,4179
KERNEX,20210203,24.2,25,23.95,23.95,17300
KESORAMIND,20210203,64.95,68.65,63.6,65.95,1118506
KEYFINSERV,20210203,64.55,66.45,62.95,63.5,3132
KHADIM,20210203,124,125.7,122.85,123.25,46699
KHAICHEM,20210203,23.9,25.45,23.9,24.7,392045
KHANDSE,20210203,14.3,15.2,14.3,14.9,2650
KICL,20210203,1575.05,1587,1550,1559.2,738
KILITCH,20210203,89.85,92.95,88.5,92.6,1712
KINGFA,20210203,701.3,701.3,688.3,693.35,3968
KIOCL,20210203,128.5,132.2,126.05,132.2,21735
KIRIINDUS,20210203,482,488.8,477.05,479.8,78388
KIRLFER,20210203,148,151.85,145.3,146.05,177377
KIRLOSBROS,20210203,140.2,142.45,138.1,139.3,86719
KIRLOSENG,20210203,126.1,131.65,126.1,130.55,207162
KIRLOSIND,20210203,855.1,855.1,835,837.4,616
KITEX,20210203,108.75,108.75,106,107.05,80727
KKCL,20210203,903.2,950.55,900.05,923.75,3473
KMSUGAR,20210203,10.95,11.15,10.5,10.6,130755
KNRCON,20210203,234,242,210,219.2,3148498
KOKUYOCMLN,20210203,63.45,64.7,62.5,64.1,180247
KOLTEPATIL,20210203,264.3,264.95,257.05,258.85,199882
KOPRAN,20210203,119,122.95,116.1,122.95,282584
KOTAKBANK,20210203,1870,1883.15,1820,1852.2,4289395
KOTAKBKETF,20210203,346.32,351.3,342.5,349.99,221477
KOTAKGOLD,20210203,426.9,426.9,420.1,420.6,41229
KOTAKNIFTY,20210203,152.36,154.5,151.83,153.74,157644
KOTAKNV20,20210203,79.1,79.1,76.5,77.55,4436
KOTAKPSUBK,20210203,198.95,206,196,204.15,43614
KOTARISUG,20210203,20.8,20.8,19.75,19.9,85990
KOTHARIPET,20210203,23.75,25.1,23.05,24.15,186039
KOTHARIPRO,20210203,73.9,75.6,72,73.1,5169
KPITTECH,20210203,136.9,137.65,134.4,135.4,810617
KPRMILL,20210203,940,953.7,910.05,933.8,261461
KRBL,20210203,215,218,211.15,212.45,612569
KREBSBIO,20210203,118.6,120.25,117.2,118.5,12833
KRIDHANINF,20210203,4.05,4.1,3.95,3.95,161250
KRISHANA,20210203,72,72,68.3,70.5,373
KSB,20210203,653.5,659,645.2,649.1,13830
KSCL,20210203,551.55,557.2,548.35,551.5,192314
KSL,20210203,276.05,285.5,274,281.1,175681
KTKBANK,20210203,65.1,65.5,63.55,64,2845249
KUANTUM,20210203,51.4,60.2,50.7,60.2,175396
KWALITY,20210203,2.7,2.8,2.65,2.75,779000
L&TFH,20210203,94,94.95,92.25,92.6,14315063
L&TFH-RE,20210203,27.9,28.9,26.1,26.5,3315691
LALPATHLAB,20210203,2437.9,2469.7,2198.15,2372.55,170512
LAMBODHARA,20210203,46.7,46.7,44.8,45.5,9333
LAOPALA,20210203,214.95,225,214,215.95,169743
LASA,20210203,83,86.25,82.5,83,204251
LAURUSLABS,20210203,348.95,353,340,341.7,3874728
LAXMIMACH,20210203,5779.9,5975,5710,5915.85,20492
LEMONTREE,20210203,41,41.65,41,41.25,595788
LFIC,20210203,75.7,77.6,72.2,77.6,1399
LGBBROSLTD,20210203,314.8,338.15,310.5,324.3,372865
LGBFORGE,20210203,3.85,3.85,3.65,3.65,75164
LIBAS,20210203,46.85,48,44.6,46.05,14901
LIBERTSHOE,20210203,142.1,143.75,140.1,141.05,56329
LICHSGFIN,20210203,444.7,451.3,428.3,448.65,10279238
LICNETFGSC,20210203,21.9,21.97,21.43,21.84,16722
LICNETFN50,20210203,165,165,158,162.75,1555
LICNETFSEN,20210203,519.15,519.15,505,514.23,222
LICNFNHGP,20210203,150,152.97,146.05,151.13,532
LIKHITHA,20210203,203.45,211,197.5,206.5,299937
LINCOLN,20210203,223.65,223.65,218.65,219.3,192456
LINCPEN,20210203,175,180,170.1,175.85,2106
LINDEINDIA,20210203,960,970,946.05,964.4,37621
LIQUIDBEES,20210203,1001.9,1001.9,999.5,999.99,999302
LIQUIDETF,20210203,999.99,1000.01,999.99,999.99,22722
LOKESHMACH,20210203,38.35,41,38.35,40,12850
LOTUSEYE,20210203,35.85,37,34,35.65,11572
LOVABLE,20210203,82.8,83.5,80.55,81.7,21247
LPDC,20210203,2.45,2.45,2.35,2.35,14712
LSIL,20210203,0.95,0.95,0.9,0.95,1887400
LT,20210203,1530,1558,1505,1528.55,6197782
LTI,20210203,4050,4347,4038.55,4305.5,343177
LTTS,20210203,2555,2630.9,2518.05,2565.9,239517
LUMAXIND,20210203,1345,1379.8,1326,1372.05,5831
LUMAXTECH,20210203,129.05,132.15,127.85,128.65,35032
LUPIN,20210203,1037.7,1068.3,1026.6,1038.85,3785742
LUXIND,20210203,1662.5,1674.7,1631.3,1650.8,80853
LYKALABS,20210203,29,29.8,28.2,28.75,17072
LYPSAGEMS,20210203,4.75,4.9,4.55,4.55,22056
M&M,20210203,821,858.9,818,833.2,8802838
M&MFIN,20210203,173.8,185,170.05,184.05,12744365
M100,20210203,23,23.79,23,23.7,222984
M50,20210203,145.4,145.4,141.02,144.47,7763
MAANALU,20210203,106.9,111.8,105.3,109.75,26713
MACPOWER,20210203,98.4,98.5,95.5,96,14052
MADHAV,20210203,53.6,54.75,52.35,53.6,11664
MADHUCON,20210203,5,5.25,4.8,5.25,64333
MADRASFERT,20210203,27.8,29.15,26.75,29.15,202974
MAESGETF,20210203,25.56,25.56,24.82,25.15,190702
MAGADSUGAR,20210203,107.3,112.05,107,109.3,12979
MAGMA,20210203,53.9,60,51.3,56.05,3699930
MAGNUM,20210203,4.3,4.6,4.3,4.6,48589
MAHABANK,20210203,15.2,15.45,15.05,15.3,5815802
MAHAPEXLTD,20210203,80,83.5,76.7,79.5,9142
MAHASTEEL,20210203,103.45,108.5,102.6,107.7,18152
MAHEPC,20210203,157.55,159.6,153.2,156.1,130903
MAHESHWARI,20210203,83.5,86.75,82.75,85.85,103039
MAHINDCIE,20210203,163.45,168.9,162.5,167,80404
MAHLIFE,20210203,394.75,415,387,413.1,95252
MAHLOG,20210203,453,468.9,453,465.35,62368
MAHSCOOTER,20210203,3900,3930,3740,3764.3,15615
MAHSEAMLES,20210203,284.9,294.75,282.3,291.3,39154
MAITHANALL,20210203,609.05,639.95,605,627.35,43155
MAJESCO,20210203,46.5,46.5,46.5,46.5,358318
MALUPAPER,20210203,27.35,27.95,26.25,27.05,15065
MAN50ETF,20210203,149,151.77,148.93,151.3,61557
MANAKALUCO,20210203,9.05,9.45,8.85,9.05,32593
MANAKCOAT,20210203,8.9,9.1,8.65,9.1,69825
MANAKSIA,20210203,52.75,52.8,51.3,52.25,37172
MANAKSTEEL,20210203,22.5,22.65,21.35,22.25,54081
MANALIPETC,20210203,37,39,36.5,37.35,1789078
MANAPPURAM,20210203,170.2,175.1,168.9,172.85,6071041
MANGALAM,20210203,121.05,126.25,121.05,125,34597
MANGCHEFER,20210203,54.35,56.35,54.35,55.6,389874
MANGLMCEM,20210203,259.95,260,247,248.1,96130
MANGTIMBER,20210203,9,9.25,8.85,9.25,6475
MANINDS,20210203,80.2,80.7,79,79.25,161812
MANINFRA,20210203,37.5,38.5,36.25,36.65,1261436
MANUGRAPH,20210203,12.4,12.85,12.05,12.25,4871
MANXT50,20210203,335,335,332.35,333.58,554
MARALOVER,20210203,27.2,27.95,26.6,26.9,16505
MARATHON,20210203,74.05,74.95,72.05,74.25,207061
MARICO,20210203,424.8,426.75,413.8,415.7,2372737
MARINE,20210203,223.2,225.9,220,223.1,147778
MARKSANS,20210203,57.95,58.85,57.2,58.2,1236829
MARUTI,20210203,7680,7716.45,7475.85,7589.2,1491567
MASFIN,20210203,885.85,906.2,876.65,900.8,15375
MASTEK,20210203,1207.25,1235,1197,1213.85,254826
MATRIMONY,20210203,835,850,821.15,844.45,6441
MAWANASUG,20210203,31.7,31.9,30.85,31,22791
MAXHEALTH,20210203,174.45,174.5,170,170.7,315409
MAXIND,20210203,61.35,62.05,61.1,61.7,159426
MAXVIL,20210203,49.4,50.9,48.7,49.2,160973
MAYURUNIQ,20210203,296.85,305,295.1,300.65,58670
MAZDA,20210203,558.95,584.4,555,574.55,48145
MAZDOCK,20210203,216.45,218.5,215.2,216.1,418571
MBAPL,20210203,73.8,74.6,73,73,610
MBECL,20210203,8.95,8.95,8.95,8.95,62641
MBLINFRA,20210203,20.05,20.2,19.25,19.4,198693
MCDHOLDING,20210203,31.05,31.95,30.6,31.35,33685
MCDOWELL-N,20210203,581.2,591,576.55,578.7,3767441
MCL,20210203,96.2,100.35,94,99.75,31777
MCLEODRUSS,20210203,18.7,18.95,18.2,18.45,256725
MCX,20210203,1614.95,1627.55,1572,1574.7,453462
MEGASOFT,20210203,10.95,11.15,10.8,10.95,48243
MEGH,20210203,83.05,85.8,82.05,84.3,1560321
MENONBE,20210203,55,55.75,53.1,54.95,34036
MEP,20210203,17.35,19,17.2,17.5,895450
MERCATOR,20210203,1.1,1.1,1,1.05,464237
METALFORGE,20210203,4.5,4.9,4.5,4.6,6245
METROPOLIS,20210203,2083,2250,2077.95,2200.85,166489
MFSL,20210203,698,706.7,692.3,700.65,625616
MGEL,20210203,46.2,46.25,45.5,46.2,14490
MGL,20210203,1080.95,1098.95,1075,1084.55,400019
MHRIL,20210203,240,249.5,240,243.2,200705
MIDHANI,20210203,193.5,194.35,189.4,189.65,617658
MINDACORP,20210203,97.85,99.6,95.6,96.8,1286914
MINDAIND,20210203,491.4,491.4,477.3,481.2,235868
MINDTECK,20210203,47.5,47.5,45.1,46.75,6317
MINDTREE,20210203,1686.85,1753,1676.7,1699.7,888655
MIRCELECTR,20210203,11.25,11.3,10.55,10.95,817181
MIRZAINT,20210203,52.5,52.65,51.75,51.9,311164
MITTAL,20210203,11.5,11.5,11,11.05,159309
MMFL,20210203,515,517,500.4,504.9,10160
MMP,20210203,85.15,86.2,83.45,83.85,7565
MMTC,20210203,29.45,29.6,28.65,28.95,1321027
MODIRUBBER,20210203,67.45,67.45,64.35,67.45,9886
MOHITIND,20210203,6.25,6.45,6.15,6.2,7749
MOHOTAIND,20210203,9,9.65,8.9,9.35,15474
MOIL,20210203,140.8,142.75,139.65,140.5,246320
MOLDTECH,20210203,48.4,48.4,46.95,47.2,22366
MOLDTKPAC,20210203,341.45,347.45,332.5,343.25,55835
MONTECARLO,20210203,232,233,225.85,231.55,27421
MORARJEE,20210203,12.3,12.85,12.3,12.5,3876
MOREPENLAB,20210203,28.5,30.85,28.3,30.3,3934767
MOTHERSUMI,20210203,158.2,162.45,156.15,158.4,15575676
MOTILALOFS,20210203,622,648,618.65,633.95,238692
MOTOGENFIN,20210203,21,21,19.75,20,11292
MPHASIS,20210203,1578.85,1609.95,1534.95,1591.05,550668
MPSLTD,20210203,489.65,489.9,453,459.75,67686
MRF,20210203,91583.2,93278.35,89500.05,89963.5,44550
MRO-TEK,20210203,34.35,34.35,34.35,34.35,450
MRPL,20210203,34.4,34.8,34.1,34.65,1888704
MSPL,20210203,7.8,7.8,7.2,7.45,48450
MSTCLTD,20210203,251,256.8,235.5,241.95,1532539
MTEDUCARE,20210203,8.7,9.05,8.65,8.8,152167
MTNL,20210203,12.9,13,12.7,12.75,1457353
MUKANDENGG,20210203,11.75,12.15,11.5,11.85,4114
MUKANDLTD,20210203,64,65.8,62.15,64.7,26510
MUKTAARTS,20210203,32.3,32.35,30.6,31,11001
MUNJALAU,20210203,58.1,60.5,57.85,59.2,326816
MUNJALSHOW,20210203,142.9,144.65,141.05,142.2,25414
MURUDCERA,20210203,22.95,22.95,22.05,22.15,76219
MUTHOOTCAP,20210203,403.25,406,399.1,405.25,15960
MUTHOOTFIN,20210203,1170,1182.95,1161.85,1168.55,1435910
N100,20210203,976,979,969.72,975.8,57264
NACLIND,20210203,41.4,42.5,41.05,42.1,58224
NAGAFERT,20210203,4.9,4.9,4.7,4.9,200529
NAGREEKCAP,20210203,7.4,7.4,7,7.2,393
NAGREEKEXP,20210203,17.6,18.5,17.55,18.45,4202
NAHARCAP,20210203,82.55,87,82.55,85.05,9309
NAHARINDUS,20210203,43.35,44.45,43.1,43.7,9342
NAHARPOLY,20210203,94.9,95.7,92.25,93.7,107099
NAHARSPING,20210203,82,83.75,77.75,78.95,44888
NAM-INDIA,20210203,332.4,332.4,270,331.15,719005
NATCOPHARM,20210203,888,917.95,888,893.25,353992
NATHBIOGEN,20210203,279.4,291.4,276,286.5,31181
NATIONALUM,20210203,50.6,51.45,50.05,50.9,29879256
NATNLSTEEL,20210203,4.25,4.25,4.25,4.25,41147
NAUKRI,20210203,4910,4950,4776.5,4810.05,706931
NAVINFLUOR,20210203,2549,2575,2473.5,2556.25,142127
NAVKARCORP,20210203,42.45,43.5,41.45,41.75,960214
NAVNETEDUL,20210203,83,83.8,82.35,82.65,62554
NBCC,20210203,32.55,33.3,31.6,32.2,10843874
NBIFIN,20210203,1711.45,1712,1701.65,1711.45,275
NBVENTURES,20210203,58.8,60.8,58.3,60.25,1104560
NCC,20210203,68.8,78.75,66.8,77.55,39338638
NCLIND,20210203,159.5,162,157.9,158.35,490253
NCPSESDL24,20210203,102.7,102.7,102.01,102.01,99
NDGL,20210203,688.95,707,680,691.25,234
NDL,20210203,28.5,29.5,28.35,28.85,40980
NDRAUTO,20210203,224.05,224.15,213,219.95,2764
NDTV,20210203,40,40.4,39.6,39.85,57873
NECCLTD,20210203,9,9.2,8.9,9.05,8113
NECLIFE,20210203,21.1,21.6,20.7,20.9,348665
NELCAST,20210203,71.9,73.35,70.9,71.35,91970
NELCO,20210203,211.2,215.6,208.3,210.15,97258
NEOGEN,20210203,713,714,707.1,710.1,9953
NESCO,20210203,589.85,638,585,623.1,517168
NESTLEIND,20210203,17200.05,17289,17051,17166.4,112325
NETF,20210203,172.49,175.39,172.49,175.39,28
NETFCONSUM,20210203,66.5,67.4,65.11,65.97,97639
NETFDIVOPP,20210203,34.28,35.94,34.28,35.54,7058
NETFIT,20210203,26,26.15,25.63,25.95,707854
NETFLTGILT,20210203,22.83,22.83,22.13,22.21,57597
NETFMID150,20210203,85.75,85.75,83.34,84.75,104143
NETFNIF100,20210203,155,155,151.27,152.04,1977
NETFNV20,20210203,76.31,79,76.31,77.2,6199
NETWORK18,20210203,37.3,37.65,36.7,37.1,760152
NEULANDLAB,20210203,1465,1535,1425,1455.6,426292
NEWGEN,20210203,298.55,303.9,293.9,296,45245
NEXTMEDIA,20210203,5.8,5.8,5.3,5.35,2221
NFL,20210203,41.85,41.9,41.05,41.2,869858
NH,20210203,457.25,475.45,453,469.9,1068933
NHPC,20210203,23.35,23.65,23.3,23.5,6419331
NIACL,20210203,136.95,137.6,133.25,133.9,309777
NIFTYBEES,20210203,164.4,164.4,155.21,157.66,3184291
NIFTYEES,20210203,17760,18550.74,17760,18550.74,5
NIITLTD,20210203,189.1,197.8,188,194.45,616707
NILAINFRA,20210203,5.7,5.8,5.7,5.8,84630
NILASPACES,20210203,1.9,1.9,1.8,1.85,199690
NILKAMAL,20210203,1526.9,1543.8,1514.85,1524,8970
NIPPOBATRY,20210203,655.95,675.05,641.6,665.8,8711
NIRAJ,20210203,40.45,41.95,38.75,40.35,15283
NITCO,20210203,24.4,24.4,23.6,23.75,58781
NITINSPIN,20210203,78.95,79,77.15,77.25,67608
NKIND,20210203,17.5,18.2,17.5,17.5,331
NLCINDIA,20210203,52.3,54.3,51.75,54.1,1716493
NMDC,20210203,111.15,112.8,110,110.55,9386887
NOCIL,20210203,143.4,149,140.2,146.05,2034383
NOIDATOLL,20210203,5.8,6,5.7,5.85,47006
NORBTEAEXP,20210203,7.4,7.5,7.15,7.15,3699
NOVARTIND,20210203,655,684.9,652.05,671.5,11478
NPBET,20210203,182.5,184.97,175.65,180.61,1140
NRAIL,20210203,217.6,229.9,217.45,226.3,23372
NRBBEARING,20210203,108.8,117,107.35,112.9,1687825
NSIL,20210203,931.45,1024,920,962.85,5121
NTL,20210203,1,1,1,1,6200
NTPC,20210203,95.1,98.1,94.3,96.95,31420256
NUCLEUS,20210203,540,572.05,535.2,562.35,229793
NXTDIGITAL,20210203,525.7,535.45,523.65,528.4,4758
OAL,20210203,603.55,612.2,587.45,597.35,15252
OBEROIRLTY,20210203,546.95,568.5,545.3,559.55,1115017
OCCL,20210203,997,997,942.3,946.35,36505
OFSS,20210203,3299.75,3347,3252,3305.15,37822
OIL,20210203,115,115.9,113,114,1483467
OLECTRA,20210203,159.4,159.4,159.4,159.4,54307
OMAXAUTO,20210203,49.5,50.45,48.25,49.85,27858
OMAXE,20210203,76.95,78.4,75,75.5,26576
OMMETALS,20210203,23.15,23.8,22.9,23.05,79212
ONELIFECAP,20210203,7.2,7.5,7.2,7.5,551
ONEPOINT,20210203,17.1,18.4,16.75,17.55,11878
ONGC,20210203,94.6,95.3,93,93.35,25912911
ONMOBILE,20210203,60.05,61.2,59.5,61.2,609718
ONWARDTEC,20210203,88.05,90.5,86.95,89.9,60997
OPTIEMUS,20210203,95.9,96,88.4,90.35,104344
OPTOCIRCUI,20210203,5.1,5.1,4.9,4.95,540885
ORBTEXP,20210203,70.7,71.5,67.15,67.65,23963
ORCHPHARMA,20210203,377.45,377.45,377.45,377.45,62
ORICONENT,20210203,23.95,24.4,23.5,24.05,72383
ORIENTABRA,20210203,25,25,24.4,24.55,100660
ORIENTALTL,20210203,9.65,9.65,9.05,9.05,77922
ORIENTBELL,20210203,221.5,235.95,219.5,230,71690
ORIENTCEM,20210203,94.3,95.25,91.1,91.5,1034721
ORIENTELEC,20210203,275,282.75,271,275.3,821903
ORIENTHOT,20210203,23.3,24,23.2,23.5,56867
ORIENTLTD,20210203,93.6,93.9,90.7,90.9,1299
ORIENTPPR,20210203,21,21.35,20.45,20.55,522706
ORIENTREF,20210203,221.4,231.95,218.5,228.3,674695
ORISSAMINE,20210203,2345,2378.6,2333.35,2344.8,4508
OSWALAGRO,20210203,11.45,11.45,10.65,11.05,75961
PAGEIND,20210203,29680,29680,28860,29116.45,42521
PAISALO,20210203,723.35,735,716,723.25,15860
PALASHSECU,20210203,41.9,42.15,39.75,42.15,11428
PALREDTEC,20210203,76.9,76.95,76,76.95,9743
PANACEABIO,20210203,193.3,223.95,192.45,216.85,662933
PANACHE,20210203,41.5,41.85,40.15,40.55,10116
PANAMAPET,20210203,116.4,120,114.15,116.05,588656
PARACABLES,20210203,8.65,9.1,8.55,8.85,190054
PARAGMILK,20210203,114.75,117.5,113.5,115.3,287144
PARSVNATH,20210203,4.85,5.05,4.8,4.9,64965
PATELENG,20210203,13.6,13.6,12.9,13.15,511873
PATINTLOG,20210203,28.65,29.5,28.35,28.45,20947
PATSPINLTD,20210203,5.85,5.85,5.4,5.7,12415
PCJEWELLER,20210203,27.55,27.7,27.25,27.4,1957609
PDMJEPAPER,20210203,21.3,21.75,21.05,21.35,49746
PDSMFL,20210203,624.7,630,603.95,627.85,6540
PEARLPOLY,20210203,17.45,17.45,16.7,16.9,1177
PEL,20210203,1490.9,1557,1490.9,1515.3,2059170
PENIND,20210203,20.9,21.5,20.8,21.2,182480
PENINLAND,20210203,6.45,6.45,6.2,6.2,164426
PERSISTENT,20210203,1579.95,1709.25,1537.8,1657.45,256790
PETRONET,20210203,248,251.4,244.65,247.85,3412928
PFC,20210203,120.25,125.95,118.8,124.95,10862840
PFIZER,20210203,4475,4563.85,4453.05,4488.9,89980
PFOCUS,20210203,47.4,47.4,45.85,46.8,34135
PFS,20210203,18.1,19.65,18.1,19.5,1655303
PGEL,20210203,194,200.7,181.65,200.7,166539
PGHH,20210203,11211.85,11443.95,11100,11359.85,9983
PGHL,20210203,7168.05,7200.05,7021.1,7083.45,12705
PGIL,20210203,180.3,185,178.3,178.9,5549
PHILIPCARB,20210203,196.95,202.5,192.7,197.25,1570341
PHOENIXLTD,20210203,852,855.6,820.05,823.15,140310
PIDILITIND,20210203,1765,1778.8,1735,1739.4,476331
PIIND,20210203,2154,2304,2145.1,2250.15,1990754
PILANIINVS,20210203,1906.65,1945,1899,1927.3,9456
PILITA,20210203,12.45,12.7,11.7,11.8,131948
PIONDIST,20210203,111.6,114.45,111.6,112.6,17858
PIONEEREMB,20210203,45.9,48,44.3,45.55,515484
PITTIENG,20210203,65.65,65.65,63.5,64.2,209207
PKTEA,20210203,184.55,184.55,170.2,178,1304
PLASTIBLEN,20210203,238.2,239.7,235.05,236.3,6402
PNB,20210203,36.45,38.75,35.7,38.35,260980002
PNBGILTS,20210203,45.8,46.55,45.65,45.95,508178
PNBHOUSING,20210203,350,365,350,357.75,237339
PNC,20210203,20.9,21,19.75,20.5,12364
PNCINFRA,20210203,220,236,218.55,224.75,3411843
PODDARHOUS,20210203,192.45,198,188,190.3,614
PODDARMENT,20210203,184,191.9,184,189.2,6660
POKARNA,20210203,213,222.35,211.15,222,236575
POLYCAB,20210203,1275,1313,1255.55,1295.95,786932
POLYMED,20210203,510,516.45,505.25,506.65,48748
POLYPLEX,20210203,712.9,739,710,736,101181
PONNIERODE,20210203,154,156.65,152.75,156.25,3360
POWERGRID,20210203,194.5,210,194.5,206.5,41294096
POWERINDIA,20210203,1277.95,1311.25,1251.15,1287,66722
POWERMECH,20210203,485,501.35,484,491.25,131778
PPAP,20210203,264.2,268,253.55,260,41979
PPL,20210203,111.65,123.6,109.95,117.5,520243
PRABHAT,20210203,71.8,72.45,71.75,72.3,16225
PRAENG,20210203,9.2,9.8,9.2,9.35,29416
PRAJIND,20210203,122.1,127,120.65,122.8,1527705
PRAKASH,20210203,52.65,56.9,52.25,55.75,1363267
PRAKASHSTL,20210203,0.85,0.9,0.85,0.9,56154
PRAXIS,20210203,60.5,60.9,55.2,55.65,12606
PRECAM,20210203,43.05,45.8,42.5,44.4,227166
PRECOT,20210203,85,89.6,82.4,85.75,3335
PRECWIRE,20210203,159,161,154.55,159.4,24080
PREMEXPLN,20210203,141,157.1,141,154.6,44090
PREMIER,20210203,4.35,4.75,4.35,4.35,5328
PREMIERPOL,20210203,40.85,42.35,40.45,41.05,7891
PRESSMN,20210203,22.85,22.9,22.55,22.65,22166
PRESTIGE,20210203,287.9,293.9,282.6,290.25,441741
PRICOLLTD,20210203,49.1,52.5,49.1,51.95,1969376
PRIMESECU,20210203,42.65,42.65,41.8,42.1,4707
PRINCEPIPE,20210203,326,346.8,322.55,334.75,679325
PRIVISCL,20210203,734,734,715,727.8,20656
PROZONINTU,20210203,20.35,22,20.25,21.15,274807
PRSMJOHNSN,20210203,99.35,104.5,98,100.75,1727533
PSB,20210203,13.75,14,13.55,13.9,718720
PSPPROJECT,20210203,427.5,427.5,412.55,425.45,134308
PSUBNKBEES,20210203,23.4,23.4,21.95,22.67,14173139
PTC,20210203,60.05,62.8,60.05,62.35,4902961
PTL,20210203,44.9,45.45,44.55,44.8,25507
PUNJABCHEM,20210203,845.5,850.35,815.1,831.25,12790
PURVA,20210203,83.4,83.4,80.6,81.05,84417
PVR,20210203,1580,1580,1498,1506.15,4020535
QGOLDHALF,20210203,2082,2082,2066,2066.05,2256
QNIFTY,20210203,1518,1532,1518,1532,22
QUESS,20210203,604.4,605,591,601.7,188203
QUICKHEAL,20210203,166.75,170.1,165,168.35,363975
RADAAN,20210203,0.95,0.95,0.95,0.95,13590
RADICO,20210203,522.95,548.8,517,537.85,762143
RADIOCITY,20210203,23.3,23.65,23.05,23.3,209167
RAIN,20210203,132,133.8,130.15,131.25,1119000
RAJESHEXPO,20210203,479.65,485,476.1,477.2,304674
RAJRATAN,20210203,554.25,560,540.55,545.8,12771
RAJSREESUG,20210203,15.75,16,15.35,15.55,21129
RAJTV,20210203,34.35,36.25,34.35,35,27350
RALLIS,20210203,271.4,275,268.05,274.05,721225
RAMANEWS,20210203,14.85,14.85,14.5,14.55,30519
RAMASTEEL,20210203,73.95,74.85,71.1,72.1,12649
RAMCOCEM,20210203,889.45,889.45,851,860.7,2128033
RAMCOIND,20210203,253,253,235.05,237.9,517674
RAMCOSYS,20210203,644.9,664.9,641.1,655.35,104892
RAMKY,20210203,53.45,54,49.7,51.55,114816
RANASUG,20210203,6.3,6.3,6.1,6.15,274097
RANEENGINE,20210203,272.3,284,272.3,273.65,4337
RANEHOLDIN,20210203,654.95,665,640.65,645.75,55316
RATNAMANI,20210203,1599,1599,1545,1587.35,65462
RAYMOND,20210203,343.6,346.9,336.2,339.2,995259
RBL,20210203,814,814,805,808.3,9369
RBLBANK,20210203,243.9,262.4,239,256.55,35216299
RCF,20210203,55.25,55.75,54.5,55.05,1631881
RCOM,20210203,1.85,1.9,1.8,1.85,8511656
RECLTD,20210203,144.45,149.6,142.25,148.4,7049551
REDINGTON,20210203,149.85,156.7,146.35,154.5,1052668
REFEX,20210203,94.6,99.15,92.7,99.15,184899
RELAXO,20210203,845.15,845.15,831.65,838.25,190053
RELCAPITAL,20210203,10.25,10.55,10,10.55,1128299
RELIANCE,20210203,1928.3,1952,1900,1930.65,13984228
RELIGARE,20210203,64,67.9,63.25,66.2,2948738
RELINFRA,20210203,29.85,31,29.5,31,2486179
REMSONSIND,20210203,110.5,113.95,106.35,112.4,3792
RENUKA,20210203,10,10,9.8,9.9,1203010
REPCOHOME,20210203,256,261.9,254,256.35,227174
REPL,20210203,150.55,150.55,150.55,150.55,12717
REPRO,20210203,368.75,370.75,362.75,364.95,2537
RESPONIND,20210203,185,185,178.35,179.95,253499
REVATHI,20210203,591.35,601,575.15,592.45,4388
RGL,20210203,288.35,306.4,285.1,300.4,7421
RHFL,20210203,2.5,2.5,2.35,2.4,1222245
RICOAUTO,20210203,36.45,38,36.1,37.4,962173
RIIL,20210203,393.4,398.55,388.3,391.55,164664
RITES,20210203,264,266,261.9,265.2,249420
RKDL,20210203,8.55,8.95,8.15,8.35,14323
RKEC,20210203,48.75,49,47.65,48.25,35556
RKFORGE,20210203,528,562.25,527.45,553.55,83314
RMCL,20210203,3,3,2.85,3,60987
RML,20210203,279,279.35,270,272.55,21119
ROHITFERRO,20210203,3.2,3.2,3.2,3.2,1661
ROHLTD,20210203,71.95,72.65,71.2,71.85,23959
ROLLT,20210203,3.7,3.8,3.5,3.8,100333
ROLTA,20210203,4.15,4.2,4.1,4.15,486213
ROML,20210203,147.2,147.2,147.2,147.2,433
ROSSARI,20210203,906,915,898,900.75,77880
ROSSELLIND,20210203,122.4,125,121.35,122.15,20344
ROUTE,20210203,1128.7,1155,1119,1130.7,260956
RPGLIFE,20210203,414,429.8,412.25,419.95,96319
RPOWER,20210203,3.3,3.4,3.2,3.3,25787029
RPPINFRA,20210203,67.3,70,67.3,68.7,122886
RPSGVENT,20210203,300.5,329.95,300.5,325.75,108989
RSSOFTWARE,20210203,26.2,26.2,25,25.6,46678
RSWM,20210203,160,168.6,160,161.9,8104
RSYSTEMS,20210203,116.25,117.75,113.85,114.9,15999
RTNINFRA,20210203,7.3,7.7,7.05,7.5,927979
RTNPOWER,20210203,3.2,3.25,3.1,3.15,11246273
RUBYMILLS,20210203,190.05,199.5,187.6,195.5,9162
RUCHI,20210203,670.05,670.05,670.05,670.05,16938
RUCHINFRA,20210203,7.4,7.4,7.05,7.15,119772
RUCHIRA,20210203,63.35,63.35,60.05,60.8,28951
RUPA,20210203,290.9,294.05,285.6,288.75,42036
RUSHIL,20210203,170.7,173.15,168.6,170.55,19453
RVHL,20210203,23.1,24.25,23,23.25,52896
RVNL,20210203,30,30.25,29.2,29.5,6332124
S&SPOWER,20210203,13.15,14.25,13.15,14.25,4221
SABEVENTS,20210203,1.45,1.45,1.45,1.45,6
SADBHAV,20210203,62,64.6,60.3,64.05,1707729
SADBHIN,20210203,20.35,22.4,19.35,21.4,1043687
SAFARI,20210203,553.9,560.5,546.6,556.6,6493
SAGARDEEP,20210203,41.3,41.9,39.15,40.5,58331
SAGCEM,20210203,715,715,683.55,689.55,50716
SAIL,20210203,61.65,64.55,61.4,63.6,54055375
SAKAR,20210203,105.7,109.55,102.8,105.95,50528
SAKHTISUG,20210203,10.15,10.25,9.8,9.95,76337
SAKSOFT,20210203,351.95,357,345,354.9,25878
SAKUMA,20210203,5.65,5.85,5.5,5.6,506780
SALASAR,20210203,315.05,323,313.1,317.35,33664
SALONA,20210203,68.25,74.05,68.25,73.95,1901
SALSTEEL,20210203,4.05,4.05,3.9,4.05,22414
SALZERELEC,20210203,120,124.5,117.45,123.35,66077
SAMBHAAV,20210203,3,3.05,2.85,2.85,80813
SANCO,20210203,17.2,17.7,16,16.85,760968
SANDESH,20210203,669.95,698,668,685,4019
SANDHAR,20210203,244.9,249.45,240,240.6,61041
SANGAMIND,20210203,75.5,80.95,75.1,78.6,19369
SANGHIIND,20210203,42.35,42.65,41.4,41.75,7020101
SANGHVIFOR,20210203,21.45,21.45,20.45,20.45,2569
SANGHVIMOV,20210203,108.95,117.5,106,114.75,61599
SANGINITA,20210203,26.15,26.2,25.7,25.8,23109
SANOFI,20210203,7900,8034.25,7877.85,7886.35,41100
SARDAEN,20210203,352,385,352,373.05,117265
SAREGAMA,20210203,1031.9,1071.95,1012.15,1053.85,56047
SARLAPOLY,20210203,27.55,27.65,26.75,27.35,109993
SASKEN,20210203,840.65,857,824.9,838.4,30948
SASTASUNDR,20210203,124.7,125,121,121.95,13932
SATIA,20210203,88.55,90,85.65,88.3,98549
SATIN,20210203,75.25,78.6,74.1,78.6,88935
SBICARD,20210203,1010.95,1018.5,990,995.45,816467
SBIETFIT,20210203,255,261.9,254.55,259.21,3295
SBIETFPB,20210203,184.55,189.97,184.55,188.94,2663
SBIETFQLTY,20210203,128.42,129.9,127.53,128.21,1391
SBILIFE,20210203,870,879.95,858.35,866.15,1883217
SBIN,20210203,333.75,339.9,325.8,335.95,66420168
SCAPDVR,20210203,2.3,2.3,2.3,2.3,16428
SCHAEFFLER,20210203,4305,4563,4304.95,4515.95,17740
SCHAND,20210203,66,66.65,64.8,66.05,73918
SCHNEIDER,20210203,101.1,105,99.7,102.4,1141529
SCI,20210203,87.95,87.95,86.4,86.55,863380
SDBL,20210203,31.3,31.3,29.75,30,71877
SEAMECLTD,20210203,450.05,469.95,450.05,463.7,69510
SECURKLOUD,20210203,112,114.75,104.35,110.95,95164
SELAN,20210203,140,141.5,137,138.15,217725
SEPOWER,20210203,4.55,4.6,4.25,4.5,45419
SEQUENT,20210203,220.4,236.5,219,232.3,1615401
SESHAPAPER,20210203,143.6,145.2,142.35,144.65,24635
SETCO,20210203,14.7,14.7,14.7,14.7,42883
SETF10GILT,20210203,203.99,203.99,203,203.71,30
SETFGOLD,20210203,4324,4324,4275,4277.2,25539
SETFNIF50,20210203,152.54,154.1,150.85,153.57,130423
SETFNIFBK,20210203,341,347,338.14,345.67,156222
SETFNN50,20210203,353,353,344.01,345.91,9481
SETUINFRA,20210203,1,1,0.95,1,169550
SEYAIND,20210203,60.35,65.15,60.35,62.95,33569
SFL,20210203,2005.8,2090,1956.95,2068.2,11547
SGL,20210203,9.2,9.65,9.1,9.45,37010
SHAHALLOYS,20210203,7.7,8.1,7.7,8.1,420
SHAKTIPUMP,20210203,388.5,402,382.25,397,123031
SHALBY,20210203,114,120,113.1,114.9,337033
SHALPAINTS,20210203,106,111.55,103.3,109.95,549653
SHANKARA,20210203,352.4,382.95,348,375.7,408676
SHANTIGEAR,20210203,120.95,123.3,119,119.95,43144
SHARDACROP,20210203,280,297.7,277,284.55,266448
SHARDAMOTR,20210203,1985.05,2036.2,1985,1994.9,2788
SHAREINDIA,20210203,194,194,186.55,188.45,15300
SHARIABEES,20210203,358,361.68,356.51,357.89,1525
SHEMAROO,20210203,72.95,73.5,70,70.9,45052
SHIL,20210203,184.9,202.05,181,202.05,206729
SHILPAMED,20210203,432.85,448.8,428.15,446.6,264227
SHIVAMAUTO,20210203,20.15,21.15,19.95,21.15,148594
SHIVAMILLS,20210203,32.55,34.4,32.55,33.75,4279
SHIVATEX,20210203,126.75,126.9,121.55,122.45,2991
SHK,20210203,122.9,126.7,121.05,124.8,530514
SHOPERSTOP,20210203,203.4,211.8,201.2,206.7,416196
SHRADHA,20210203,56,58,55.1,58,839
SHREDIGCEM,20210203,60.6,61.2,60,60.3,603521
SHREECEM,20210203,26400,26579,25731.05,25994.4,110699
SHREEPUSHK,20210203,134.7,136.65,132.15,134.95,57969
SHREERAMA,20210203,8,8.25,7.85,8.1,40040
SHRENIK,20210203,3,3.05,2.85,3,1691013
SHREYANIND,20210203,85.35,85.35,82.6,82.85,19183
SHREYAS,20210203,75,77,75,75.35,33427
SHRIPISTON,20210203,752,757.85,731.1,757.85,629
SHRIRAMCIT,20210203,1243.4,1465.65,1240,1444.1,625592
SHRIRAMEPC,20210203,5.05,5.3,5,5.05,576312
SHYAMCENT,20210203,5.85,5.95,5.6,5.65,131162
SHYAMTEL,20210203,6.1,6.1,5.8,6.05,1718
SICAGEN,20210203,15.4,16,15,15.85,18369
SICAL,20210203,16.9,16.9,15.75,15.9,392991
SIEMENS,20210203,1802,1852,1782.1,1795,856999
SIGIND,20210203,27.15,28.7,27.1,27.85,20047
SIL,20210203,12.05,12.05,11.15,11.2,20193
SILINV,20210203,192.55,207,191.65,199.15,18308
SILLYMONKS,20210203,25.2,26.4,24,26.2,309
SIMBHALS,20210203,7.2,7.2,6.7,7.2,17079
SIMPLEXINF,20210203,38.2,39,38.2,38.75,101310
SINTERCOM,20210203,89.6,93.4,88.3,91.1,11446
SINTEX,20210203,4.7,4.7,4.5,4.7,3670634
SIRCA,20210203,352,357,343,350.75,14946
SIS,20210203,407,410.55,401.1,404.85,150979
SITINET,20210203,1.15,1.15,1.15,1.15,1253760
SIYSIL,20210203,206.7,208.65,202.5,204.3,200497
SJVN,20210203,25.25,25.5,25.15,25.3,2435600
SKFINDIA,20210203,1860,1896.8,1827,1871.2,24001
SKIL,20210203,3.7,3.7,3.45,3.7,90836
SKIPPER,20210203,63.05,64.1,62.4,63.45,38995
SKMEGGPROD,20210203,53.85,58.1,53.55,56.05,200946
SMARTLINK,20210203,87.25,88.4,87.2,87.4,6871
SMLISUZU,20210203,536.3,548,525.35,534.7,82328
SMSLIFE,20210203,573,579.75,568.45,571,1313
SMSPHARMA,20210203,118.9,120.9,117.65,119.4,166568
SNOWMAN,20210203,54,54.8,53.15,53.95,1826547
SOBHA,20210203,480,481.65,464.2,466.2,108967
SOLARA,20210203,1514.9,1534.5,1430,1453.15,168059
SOLARINDS,20210203,1210.9,1225,1200.2,1221.5,14503
SOMANYCERA,20210203,407.7,420,400.35,415.95,177816
SOMATEX,20210203,3.15,3.15,3.15,3.15,27253
SOMICONVEY,20210203,33.7,34.65,32.3,34.35,8737
SONATSOFTW,20210203,372.95,388,370.15,384.6,202052
SORILINFRA,20210203,116.25,125.65,116.25,122.25,109739
SOTL,20210203,733,733,700,704.3,13338
SOUTHBANK,20210203,8.5,8.6,8.3,8.45,9554227
SOUTHWEST,20210203,52,55,51.55,53.6,54893
SPAL,20210203,159,159,153.45,155.55,14108
SPANDANA,20210203,742.6,758.6,742.6,744.6,40458
SPARC,20210203,189.45,194.9,188.35,189.75,1662732
SPECIALITY,20210203,46.4,47.25,45.75,47,63563
SPENCERS,20210203,77.05,79.8,76.75,78.7,414139
SPIC,20210203,24.3,24.35,23.7,24.05,277775
SPICEJET,20210203,85.2,86.7,84.05,85.5,1909598
SPLIL,20210203,42.85,45,41.6,42.2,56736
SPMLINFRA,20210203,15.3,15.3,14.15,14.2,20537
SPTL,20210203,3.45,3.5,3.35,3.5,2532621
SREEL,20210203,145.6,147.95,144.8,146.75,18283
SREINFRA,20210203,7.25,7.6,7.2,7.35,1601967
SRF,20210203,5469.8,5722.95,5469.8,5619.95,346699
SRHHYPOLTD,20210203,235,237.6,230,232,15570
SRIPIPES,20210203,152.55,154.5,150,153.9,116687
SRPL,20210203,43.6,44.9,41.85,42.25,17553
SRTRANSFIN,20210203,1371,1476.15,1357,1465.3,5703639
SSWL,20210203,606.9,618,602.75,612.4,34070
STAR,20210203,913,916.75,886.1,895.5,834100
STARCEMENT,20210203,102.8,103.3,101.7,102.55,240068
STARPAPER,20210203,109.1,110.35,107.6,108.3,62841
STCINDIA,20210203,74.65,76.8,73.8,74.3,24959
STEELCITY,20210203,36.15,36.45,35.55,35.95,10250
STEELXIND,20210203,51.85,51.9,49.5,50.05,63852
STEL,20210203,85,88.5,82.3,86,17438
STERTOOLS,20210203,207.75,208,203.75,204.75,9157
STLTECH,20210203,181,182.45,175.55,176.85,988407
SUBCAPCITY,20210203,22.95,22.95,22.4,22.4,79
SUBEXLTD,20210203,25.25,25.55,24.8,24.9,3314567
SUBROS,20210203,334.8,342,330.8,337.55,194918
SUDARSCHEM,20210203,511.95,528.45,511.95,515.95,466997
SUMICHEM,20210203,315.8,324,314.1,316.25,441057
SUMIT,20210203,9.55,9.55,8.9,9.05,15959
SUMMITSEC,20210203,540,573.6,540,566.25,5099
SUNCLAYLTD,20210203,3741,3792.25,3625,3684.7,10298
SUNDARAM,20210203,1.45,1.5,1.4,1.5,300504
SUNDARMFIN,20210203,1889.5,1900,1822.55,1868.1,72410
SUNDARMHLD,20210203,73.8,75,71.25,73.7,110532
SUNDRMBRAK,20210203,358.5,358.55,343.2,347.3,4646
SUNDRMFAST,20210203,580,604,575,600.2,223359
SUNFLAG,20210203,58,63.5,57.05,62.05,1014931
SUNPHARMA,20210203,612.5,648.4,610.5,629.2,23788455
SUNTECK,20210203,351.2,360,347.9,352.1,166557
SUNTV,20210203,521,528.35,513.7,515.9,2325735
SUPERHOUSE,20210203,126.9,128.35,124.05,125.75,17715
SUPERSPIN,20210203,4.65,4.75,4.4,4.7,52932
SUPPETRO,20210203,377,386.5,372.85,378.9,50309
SUPRAJIT,20210203,213.5,216,208.05,209.6,98614
SUPREMEENG,20210203,24.5,26.6,24.45,26,13076
SUPREMEIND,20210203,1919,1985,1875.55,1915.35,120856
SURANASOL,20210203,10.1,10.6,9.8,9.95,28603
SURANAT&P,20210203,5,5.2,4.85,5.05,106622
SURYALAXMI,20210203,31.8,32.95,31.1,31.3,6438
SURYAROSNI,20210203,337.95,346.75,336,337.75,88785
SUTLEJTEX,20210203,46.7,46.7,44,44.6,51570
SUULD,20210203,146.9,147,141,147,23421
SUVEN,20210203,81.9,81.9,78.1,81.9,1002044
SUVENPHAR,20210203,475.15,483.65,471.15,480.15,261363
SUZLON,20210203,7,7,6.7,6.75,30268330
SWANENERGY,20210203,133.4,134.2,130.5,131.65,87272
SWARAJENG,20210203,1316.5,1347,1290,1296.2,43580
SWELECTES,20210203,209.3,209.3,197.65,200.7,29062
SWSOLAR,20210203,247.6,259,244,251.6,567814
SYMPHONY,20210203,1025,1030,1010.1,1017,47452
SYNGENE,20210203,568.2,584.8,566.4,577.4,439912
TAINWALCHM,20210203,73.1,79.2,72.2,76.2,37855
TAJGVK,20210203,134.45,135.4,132.1,132.45,134756
TAKE,20210203,56.85,58.45,56,56.7,1139119
TALBROAUTO,20210203,182,184.45,181.05,182.15,26812
TANLA,20210203,690.8,710.8,674.15,701.6,289256
TARC,20210203,22,22,21.05,21.25,453896
TARMAT,20210203,55.25,55.25,52.05,52.7,26604
TASTYBITE,20210203,11871,11909.4,11723,11765.05,780
TATACHEM,20210203,522.95,528,513.75,517.6,3559483
TATACOFFEE,20210203,113.4,114.5,112.1,113,879487
TATACOMM,20210203,981.65,1009,980,996.7,163091
TATACONSUM,20210203,589,598,571,580.15,10599727
TATAELXSI,20210203,2894.25,2940,2841,2876.3,782021
TATAINVEST,20210203,1138,1138,1090,1119.05,66600
TATAMETALI,20210203,785.2,793.15,760,770.05,344778
TATAMOTORS,20210203,339.2,341.9,326.2,331,224190114
TATAMTRDVR,20210203,136,138.4,128.85,132.45,24119222
TATAPOWER,20210203,84.15,85.5,82.25,84.2,41816643
TATASTEEL,20210203,644.9,664.3,637.25,653.15,14846381
TATASTLBSL,20210203,40.6,41.75,40.05,40.95,10068891
TATASTLLP,20210203,673,683.25,651.95,659.05,140610
TBZ,20210203,76.2,77.9,74.75,75.65,262710
TCI,20210203,250.05,255,250,250.4,35670
TCIDEVELOP,20210203,304,330,300.1,327.85,4974
TCIEXP,20210203,921,963.95,909.35,951.2,27417
TCIFINANCE,20210203,4.75,4.75,4.75,4.75,3382
TCNSBRANDS,20210203,401.8,407.35,395.4,398.15,23842
TCPLPACK,20210203,358.5,358.5,342.05,346.85,10446
TCS,20210203,3213,3236,3162.65,3200.05,2505866
TDPOWERSYS,20210203,144.95,146.95,142.75,145.4,72520
TEAMLEASE,20210203,2702.4,2748,2682.6,2719.5,36748
TECHM,20210203,965,1000,960.1,981.45,5640121
TECHNOE,20210203,248.95,258.8,247.95,256.65,121508
TEJASNET,20210203,138.5,144.05,135.85,144.05,365971
TERASOFT,20210203,48.35,49.1,47.35,47.75,54313
TEXINFRA,20210203,57.05,58.1,56.7,57.55,51811
TEXMOPIPES,20210203,24.6,24.6,23.15,23.35,151236
TEXRAIL,20210203,30.1,30.45,29.5,29.6,690928
TFCILTD,20210203,49.7,52.8,49.3,52.25,489671
TFL,20210203,2.9,2.9,2.9,2.9,750
TGBHOTELS,20210203,5.05,5.15,4.85,5.15,13787
THANGAMAYL,20210203,603.9,630.75,594.1,618.35,60967
THEINVEST,20210203,111.15,114.35,108,109.4,7065
THEMISMED,20210203,332.25,336.75,325.8,331.1,4528
THERMAX,20210203,1033.7,1050,1009,1014.45,32366
THOMASCOOK,20210203,44.9,44.9,43.1,44.1,1694765
THOMASCOTT,20210203,6.4,6.4,6.4,6.4,1
THYROCARE,20210203,894.95,909,884.05,900.15,322487
TI,20210203,27.85,29.15,27.2,28.3,294022
TIDEWATER,20210203,4341.1,4374.6,4340,4363.4,982
TIIL,20210203,365.05,371.1,360.35,363.2,26243
TIINDIA,20210203,833,855,822,843.25,304724
TIJARIA,20210203,7.55,8.2,7.55,8.2,205
TIL,20210203,182.85,186,179,182.05,14669
TIMESGTY,20210203,24.05,24.85,23.7,24.3,2319
TIMETECHNO,20210203,51.6,53.6,51.6,52.6,447856
TIMKEN,20210203,1296,1296,1270.5,1283.25,47624
TINPLATE,20210203,168.25,171.05,165.35,166.7,451538
TIPSINDLTD,20210203,379,379,361.1,365.4,3951
TIRUMALCHM,20210203,92.1,96.4,91.1,95.25,522012
TIRUPATIFL,20210203,24.55,24.55,24.55,24.55,50
TITAN,20210203,1492,1529,1492,1525.15,1853072
TMRVL,20210203,12.6,12.6,11.95,12.1,33166
TNPETRO,20210203,40.4,41.6,39.75,41.1,357506
TNPL,20210203,122.1,125.9,121.5,124.6,200584
TNTELE,20210203,5.3,5.3,5.3,5.3,4507
TOKYOPLAST,20210203,70.9,77.95,69.7,76.85,61121
TORNTPHARM,20210203,2562,2712,2562,2677.05,715059
TORNTPOWER,20210203,317,326.4,313.95,322.65,1019000
TOTAL,20210203,65.5,66.65,62.6,64.5,31337
TOUCHWOOD,20210203,93.5,97.5,90,92.9,3657
TPLPLASTEH,20210203,156.45,159.8,152.45,153.85,8180
TREEHOUSE,20210203,7.6,7.8,7.45,7.8,73161
TREJHARA,20210203,28.35,31.1,28.3,31.05,21780
TRENT,20210203,673.45,690,664.05,680.55,642063
TRF,20210203,98.45,99.45,95.1,96.4,13263
TRIDENT,20210203,14.45,14.45,14.1,14.15,9102342
TRIGYN,20210203,77,77,71.95,72.55,100903
TRIL,20210203,16.85,17.3,16.3,17.1,127377
TRITURBINE,20210203,92.8,92.8,89.05,89.5,430563
TRIVENI,20210203,72.45,74.45,71.95,72.3,374575
TTKHLTCARE,20210203,597,624.9,588.25,609.25,8806
TTKPRESTIG,20210203,6172,6172,5970,6006.1,8139
TTL,20210203,49.35,50.85,49.35,49.65,4652
TTML,20210203,19.8,19.8,19.8,19.8,587882
TV18BRDCST,20210203,28.5,29.15,28.35,28.9,4127894
TVSELECT,20210203,122.25,122.25,118,118.25,37667
TVSMOTOR,20210203,628.75,649.85,612.6,644.85,6701068
TVSSRICHAK,20210203,2051,2096.9,2020,2044.75,15309
TVTODAY,20210203,241.8,251.75,241.15,248.75,82310
TVVISION,20210203,2,2.1,1.95,2,18459
TWL,20210203,53,53.4,51.2,51.55,889399
UBL,20210203,1289.95,1302.7,1277,1292.8,459582
UCALFUEL,20210203,127.45,129,125.05,127.15,15221
UCOBANK,20210203,13.15,13.4,12.95,13.25,4984754
UFLEX,20210203,349.2,359,349.2,352.7,121481
UFO,20210203,86.75,87.6,85.85,86.4,107237
UGARSUGAR,20210203,15.4,15.8,15.25,15.65,46337
UJAAS,20210203,3.05,3.1,3,3,857402
UJJIVAN,20210203,263,268.7,261.35,262.7,748852
UJJIVANSFB,20210203,37,39,36.75,36.95,5393936
ULTRACEMCO,20210203,6155,6238,6040,6074.7,952770
UMANGDAIRY,20210203,61.05,62.4,60.8,61.05,18505
UMESLTD,20210203,7.25,7.25,7.25,7.25,15814
UNICHEMLAB,20210203,296.1,324.4,295,315.45,624805
UNIDT,20210203,270.6,272.5,267,267.45,15182
UNIENTER,20210203,81,82,77.4,81.1,126563
UNIONBANK,20210203,33.1,34,32.5,33.65,13633258
UNITEDTEA,20210203,306.5,313.5,305.1,311.7,2473
UNIVASTU,20210203,31.6,31.65,28.65,31.55,30600
UNIVCABLES,20210203,139.65,142.9,137.5,139.95,36771
UNIVPHOTO,20210203,188.05,196,181.85,190.2,6251
UPL,20210203,562.1,579.95,555,558.25,7268499
URJA,20210203,8.95,8.95,8.95,8.95,1651572
URJA-RE,20210203,5.8,6,5.05,5.55,1167682
USHAMART,20210203,33.85,34.15,33,33.2,621275
UTIAMC,20210203,556.2,572.9,555.6,564.65,303574
UTIBANKETF,20210203,334,351,331.6,348.4,493
UTINEXT50,20210203,346,348.09,345.94,346.08,387
UTINIFTETF,20210203,1564.96,1587,1558.95,1571.85,1310
UTISENSETF,20210203,540,549.2,530.46,536.65,1126
UTISXN50,20210203,407.17,409,391.22,400,26
UTTAMSTL,20210203,7.4,7.65,7.2,7.45,69779
UTTAMSUGAR,20210203,94.7,95.45,91.35,92.9,34799
V2RETAIL,20210203,132.4,132.4,132.4,132.4,14969
VADILALIND,20210203,796.85,835,780,812.55,14909
VAIBHAVGBL,20210203,2824,2900,2771,2785.75,30918
VAISHALI,20210203,41.25,45.5,41.25,42.15,134593
VAKRANGEE,20210203,55.1,57,54.2,54.65,3803542
VALIANTORG,20210203,1364,1490,1363.6,1424.1,39282
VARDHACRLC,20210203,36.75,37.1,35.65,36.15,50751
VARDMNPOLY,20210203,13.9,14.4,13.8,13.9,23429
VARROC,20210203,437.45,452.95,432.6,448.65,181012
VASCONEQ,20210203,15.05,15.15,14.6,15.05,340486
VASWANI,20210203,7.6,7.85,7.3,7.3,44989
VBL,20210203,874.95,904.9,872.05,897,327110
VEDL,20210203,173.25,176.9,172.8,173.9,9859693
VENKEYS,20210203,1601,1825,1593,1668.9,1887736
VENUSREM,20210203,170,176.95,168,176.95,52795
VERTOZ,20210203,230,238,225.75,235.05,69868
VESUVIUS,20210203,1074,1074,1043,1055.35,8403
VETO,20210203,93.7,93.95,88.55,90.05,63276
VGUARD,20210203,243.7,255,230,241.75,4450112
VHL,20210203,1368.65,1395,1368,1391.95,390
VICEROY,20210203,2.9,3,2.9,2.9,45496
VIDHIING,20210203,125.1,129,125,128.15,37738
VIJIFIN,20210203,0.7,0.7,0.6,0.65,283064
VIKASECO,20210203,2.85,2.9,2.75,2.75,10629344
VIKASMCORP,20210203,3.3,3.6,3.3,3.6,30681575
VIKASPROP,20210203,2.65,2.8,2.6,2.8,2949665
VIKASWSP,20210203,4.05,4.05,3.8,3.85,1359286
VIMTALABS,20210203,175,183,171,176.05,170809
VINATIORGA,20210203,1190,1224,1190,1208.6,125706
VINDHYATEL,20210203,820.05,838.5,814.1,825.65,10601
VINYLINDIA,20210203,120,124.15,119.25,120.75,76480
VIPCLOTHNG,20210203,14.5,15,14.05,14.65,66254
VIPIND,20210203,355.5,365,351.8,361.65,312440
VIPULLTD,20210203,18.65,19.9,18.1,19.5,133796
VISAKAIND,20210203,435,439.8,427.35,430.55,63609
VISASTEEL,20210203,7,7.35,6.95,7.2,30306
VISHAL,20210203,45.65,45.65,45.65,45.65,13725
VISHNU,20210203,175,182.85,174.65,178.65,10223
VISHWARAJ,20210203,128.95,132.95,127,131.35,3068
VIVIDHA,20210203,1.6,1.6,1.6,1.6,38399
VIVIMEDLAB,20210203,16.65,16.65,16,16.2,114495
VLSFINANCE,20210203,79.95,81.25,78.5,79.7,48151
VMART,20210203,2494,2494,2431.2,2459.05,60777
VOLTAMP,20210203,1249.5,1280,1221.05,1241.95,12862
VOLTAS,20210203,997.15,1029.9,990,1004.45,3255375
VRLLOG,20210203,200.4,202.85,197.6,199.7,234548
VSSL,20210203,120.05,123,119.75,120.75,25360
VSTIND,20210203,3638.85,3695.1,3610.35,3641.2,4741
VSTTILLERS,20210203,1861,1875.75,1840,1860.2,17229
VTL,20210203,1054.15,1092.95,1044.15,1075.8,27205
WABAG,20210203,202,204.5,199.1,201.2,277820
WABCOINDIA,20210203,5644.9,5694.1,5575,5679.3,3957
WALCHANNAG,20210203,62.95,64.9,62.2,63.2,95485
WATERBASE,20210203,118.2,125,117.25,123.05,319871
WEALTH,20210203,122.95,122.95,112.55,120.5,2193
WEBELSOLAR,20210203,39.1,39.9,37.95,37.95,435891
WEIZMANIND,20210203,40.5,41.7,39.75,41,5465
WELCORP,20210203,124.5,127.35,122,124.7,1115541
WELENT,20210203,87.45,90.5,85.5,89,321050
WELINV,20210203,370,378,357.5,367.15,2262
WELSPUNIND,20210203,69.55,72.25,68.55,72.25,1555981
WENDT,20210203,3221,3252,3111,3204,479
WESTLIFE,20210203,449.05,457.95,445,447.5,101157
WHEELS,20210203,490.5,493.9,483.05,485.95,8129
WHIRLPOOL,20210203,2650,2662,2545,2579.05,162833
WILLAMAGOR,20210203,26.6,27.1,25.7,26.7,133083
WINDMACHIN,20210203,17.85,18.3,17.25,18.05,16087
WIPL,20210203,48.1,49,48,48,5104
WIPRO,20210203,430.2,439.95,430.2,433.5,9897666
WOCKPHARMA,20210203,497,529.95,492.5,516.15,1385001
WONDERLA,20210203,204.85,204.85,198,203.05,59392
WORTH,20210203,60,64,59.3,62.95,25579
WSI,20210203,3.9,3.9,3.9,3.9,1867
WSTCSTPAPR,20210203,181.6,184.35,176.55,178.65,157817
XCHANGING,20210203,81.7,82.7,79.2,79.95,342209
XELPMOC,20210203,333.4,333.4,310.15,311.1,51872
XPROINDIA,20210203,42,44.2,41.5,42.2,5770
YAARII,20210203,95.5,99.9,94.55,99.9,303839
YESBANK,20210203,16.65,16.65,16.2,16.25,88995339
ZEEL,20210203,245,251.75,238.55,244.2,25334325
ZEELEARN,20210203,12.6,12.65,12.4,12.4,286521
ZEEMEDIA,20210203,5.35,5.4,5.2,5.35,1022446
ZENITHEXPO,20210203,68.35,70.7,68.35,68.35,1224
ZENSARTECH,20210203,228,234,226.75,232.95,217667
ZENTEC,20210203,87.8,88.45,85.8,87,214754
ZODIACLOTH,20210203,108.1,110,107.2,107.75,45842
ZODJRDMKJ,20210203,27.65,28.1,27.1,27.4,1187
ZOTA,20210203,158.05,158.2,152.85,155.65,5617
ZUARI,20210203,97.55,100.5,96.15,99.65,111203
ZUARIGLOB,20210203,88.8,90.6,85.8,87,36477
ZYDUSWELL,20210203,1945,1945,1866,1883,73156
NSENIFTY,20210203,14754.90,14868.85,14574.15,14789.95,869477087,0
NIFTYJUNIOR,20210203,33502.25,33687.95,33231.75,33486.10,504652602,0
NIFTYMIDCAPLIQ15,20210203,5863.20,5979.65,5809.65,5918.60,158161415,0
NSE100,20210203,14824.25,14931.65,14650.75,14854.00,1374129689,0
NIFTY200,20210203,7622.30,7682.50,7536.60,7642.15,2615216332,0
NSE500,20210203,12139.70,12234.70,12005.40,12174.05,3076713409,0
NSEMIDCAP150,20210203,8368.40,8467.10,8300.15,8420.20,1263133231,0
MIDCAP50,20210203,6518.35,6642.90,6457.10,6584.60,1095569094,0
NSEMIDCAP,20210203,22278.40,22580.10,22098.55,22434.80,1241086643,0
NSESMLCAP100,20210203,7464.50,7524.95,7388.80,7500.80,-,0
NIFTYLARGEMIDCAP250,20210203,-,-,-,7686.59,2637262920,0
NIFTYAUTO,20210203,10754.00,10860.05,10626.45,10749.15,326033358,0
BANKNIFTY,20210203,34555.60,34908.05,34011.90,34758.45,605204158,0
NIFTYFINSERVICE,20210203,16360.10,16452.45,16074.85,16403.65,200731060,0
NIFTYFMGC,20210203,33954.95,34009.75,33630.60,33682.35,82803006,0
NSEIT,20210203,25590.05,25949.70,25341.40,25680.90,35527910,0
NIFTYMEDIA,20210203,1775.90,1790.45,1747.55,1765.15,45179960,0
NIFTYMETAL,20210203,3288.65,3388.95,3278.90,3344.40,172726208,0
NIFTYPHARMA,20210203,12468.05,12899.80,12445.60,12706.65,67625168,0
NIFTYPVTBANK,20210203,18754.75,18989.85,18476.70,18902.70,215069450,0
NIFTYPSUBANK,20210203,2036.35,2100.30,1994.55,2076.70,504550733,0
NIFTYREALTY,20210203,340.45,341.35,334.30,335.80,32988443,0
NIFTYCOMMODITIES,20210203,3995.05,4034.25,3983.25,4006.00,310588979,0
NIFTYCONSUMPTION,20210203,6107.05,6124.70,6042.60,6084.35,166244894,0
NIFTYCPSE,20210203,1638.95,1691.95,1637.30,1678.15,177730178,0
NIFTYENERGY,20210203,17040.65,17317.15,16927.25,17221.50,251819575,0
NIFTY100ESG,20210203,-,-,-,2911.94,922443851,0
NIFTY100ENHESG,20210203,-,-,-,2938.05,842808869,0
NIFTYINFRA,20210203,4011.75,4047.75,3978.70,4017.25,415379075,0
NIFTYMNC,20210203,16168.90,16200.90,16027.00,16125.20,433468517,0
NIFTYPSE,20210203,2877.60,2957.60,2869.95,2940.95,470510121,0
NIFTYSMEEMERGE,20210203,-,-,-,1736.36,921500,0
NIFTYSERVSECTOR,20210203,21023.75,21203.70,20720.70,21097.25,435986140,0
NIFTYSHARIAH25,20210203,-,-,-,5343.34,137112243,0
NIFTY50SHARIAH,20210203,-,-,-,3453.74,131520969,0
NIFTY500SHARIAH,20210203,-,-,-,4113.93,512427211,0
NIFTYABGROUP,20210203,-,-,-,4124.68,380256441,0
NIFTYMAHINDRA,20210203,-,-,-,13075.41,27800536,0
NIFTYTATA,20210203,-,-,-,10325.79,343436587,0
NIFTYTATA25CAP,20210203,-,-,-,7273.95,304933342,0
NIFTYABGROUP,20210203,-,-,-,4124.68,380256441,0
NIFTYLIQ15,20210203,3612.60,3667.55,3570.85,3641.90,355694819,0
NIFTY500VALUE50,20210203,-,-,-,4368.05,1252628891,0
NIFTYQUALLOWVOL30,20210203,-,-,-,10659.23,154777508,0
NIFTYALPHAQUALLOWVOL30,20210203,-,-,-,12284.26,172079263,0
NIFTYALPHAQUALVALLOWVOL30,20210203,-,-,-,9233.57,204282339,0
NIFTY50EQUALWEIGHT,20210203,15662.60,15883.75,15545.65,15774.90,869477087,0
NIFTY100EQUALWEIGHT,20210203,16440.25,16611.00,16312.60,16513.10,1374129689,0
NIFTY100LOWVOL30,20210203,11281.55,11375.30,11202.35,11311.90,316603334,0
NSEDEFTY,20210203,-,-,-,7024.01,-,0
NIFTY50DIVPOINT,20210203,86.40,86.40,86.40,86.40,-,0
NIFTYDIVOPPS50,20210203,2963.75,2995.80,2940.20,2980.75,664251200,0
NIFTYALPHA50,20210203,20017.50,20331.30,19865.45,20196.80,445469830,0
NIFTY50ARBITRAGE,20210203,-,-,-,1928.81,-,0
NIFTY50FUTINDEX,20210203,-,-,-,4901.18,-,0
NIFTY50FUTTRINDEX,20210203,-,-,-,15422.48,-,0
NIFTYHIGHBETA50,20210203,-,-,-,1694.74,1436174973,0
NIFTYLOWVOL50,20210203,-,-,-,13479.15,320662865,0
NIFTY50VALUE20,20210203,7247.55,7345.75,7192.40,7281.40,305410846,0
NIFTYGROWSECT15,20210203,7332.80,7344.95,7212.15,7316.85,154100878,0
NIFTY50TR2XLEV,20210203,8914.25,9050.65,8698.85,8956.30,-,0
NIFTY50PR2XLEV,20210203,6706.10,6808.70,6544.05,6737.75,-,0
NIFTY50TR1XINV,20210203,258.00,261.20,256.00,257.40,-,0
NIFTY50PR1XINV,20210203,297.30,301.00,295.00,296.60,-,0
NIFTY-GS-COMPSITE,20210203,2265.24,2273.28,2265.22,2272.17,-,0
NIFTY-GS-4-8YR,20210203,2368.91,2379.03,2368.91,2377.04,-,0
NIFTY-GS-8-13YR,20210203,2225.55,2231.76,2225.53,2230.98,-,0
NIFTY-GS-10YR,20210203,2003.26,2009.74,2003.26,2008.71,-,0
NIFTY-GS-10YR-CLN,20210203,948.57,951.67,948.57,951.18,-,0
NIFTY-GS-11-15YR,20210203,2384.52,2393.13,2384.52,2391.13,-,0
NIFTY-GS-15YRPLUS,20210203,2682.82,2684.08,2677.31,2675.00,-,0
VIX,20210203,23.35,24.20,20.95,23.75,0,0
