20MICRONS,20210505,38.8,39.25,37.85,38.2,61186
21STCENMGM,20210505,11.9,12.25,11.9,12.25,886
3IINFOTECH,20210505,7.65,7.9,7.55,7.65,14131316
3MINDIA,20210505,25420,25799,24870,24965.3,2822
3PLAND,20210505,10.15,10.65,10.1,10.2,3346
5PAISA,20210505,340.7,348.5,336.95,339.3,25509
63MOONS,20210505,90.8,90.8,87.9,88.05,31344
A2ZINFRA,20210505,3.95,4.15,3.9,4,740128
AAKASH,20210505,142.55,146.15,140,145.5,41862
AARON,20210505,54.05,54.45,52.05,52.1,415
AARTIDRUGS,20210505,714.8,721.6,711.5,714.75,203192
AARTIIND,20210505,1751,1752,1652,1715.7,1605488
AARTISURF,20210505,1450,1524.4,1415.05,1492,36277
AARVEEDEN,20210505,20.2,20.55,19.25,20.5,23912
AARVI,20210505,48,49.1,47.75,48,8142
AAVAS,20210505,2280,2280,2235,2241.15,14409
ABAN,20210505,32,32.6,31.45,32.05,83956
ABB,20210505,1378.1,1387.55,1363,1370.65,51196
ABBOTINDIA,20210505,15309,15425,15233.6,15403.45,11092
ABCAPITAL,20210505,115,115.9,113.7,114.25,1433173
ABFRL,20210505,178.7,179.6,171.7,172.95,2206027
ABMINTLTD,20210505,55.1,55.1,49.9,51.85,12458
ABSLBANETF,20210505,324.99,327.93,321.3,325.97,5205
ABSLNN50ET,20210505,354.5,359,354.25,354.65,394
ACC,20210505,1875,1897.95,1870.1,1888.55,381806
ACCELYA,20210505,884.6,940,873.85,891.35,11679
ACCURACY,20210505,61,63.95,57.4,59.2,30548
ACE,20210505,145,147,144,145.15,133714
ACRYSIL,20210505,333.9,349.7,323,341.65,136774
ADANIENT,20210505,1274.4,1288.25,1240.25,1267.5,7805805
ADANIGREEN,20210505,1059,1080.8,1047.35,1064.55,446011
ADANIPORTS,20210505,772,774.8,732.7,738.1,29426971
ADANIPOWER,20210505,96.75,98.8,96.1,97.05,19274515
ADANITRANS,20210505,1082.2,1104.95,1065.8,1088.2,481259
ADFFOODS,20210505,910,934,897,906.8,23576
ADHUNIKIND,20210505,24.7,24.8,23.4,23.95,51446
ADL,20210505,27.95,30,27.55,28.25,2037
ADORWELD,20210505,380,430,379.9,420.5,159869
ADROITINFO,20210505,10.6,10.6,9.65,10.05,4012
ADSL,20210505,45.8,48.05,45.5,47.6,147681
ADVANIHOTR,20210505,52.75,52.75,51.25,51.45,4802
ADVENZYMES,20210505,454,468.95,440.2,456.5,790938
AEGISCHEM,20210505,326.9,332.55,322.2,327.05,548017
AFFLE,20210505,5565,5600,5425.9,5500,38354
AGARIND,20210505,175.55,175.55,169.5,175.55,63381
AGCNET,20210505,1585.8,1619.2,1555,1560.1,4123
AGRITECH,20210505,39.5,39.5,37.45,38.95,13505
AGROPHOS,20210505,12.2,12.2,11.25,11.55,74175
AHLADA,20210505,106.95,106.95,98.2,100.6,5004
AHLEAST,20210505,148.6,150.85,147.5,147.6,741
AHLUCONT,20210505,286.5,295,286,292.45,20434
AHLWEST,20210505,208.5,208.95,202.45,202.45,1543
AIAENG,20210505,1884,1891.55,1856.2,1879.05,29308
AIRAN,20210505,15.65,16.3,15.65,15.85,22314
AJANTPHARM,20210505,1874.85,1974.5,1848.05,1947.8,415462
AJMERA,20210505,113,114.9,112,112.15,16790
AKASH,20210505,187,187,179,180,30835
AKG,20210505,32,32,29.35,30,16393
AKSHARCHEM,20210505,267.05,268,259,262.5,11387
AKSHOPTFBR,20210505,6.45,6.45,6.05,6.35,412114
AKZOINDIA,20210505,2225.75,2245.2,2192.95,2198.9,11546
ALANKIT,20210505,14.15,14.4,14.1,14.2,42875
ALBERTDAVD,20210505,445,465,437.6,449.9,26639
ALEMBICLTD,20210505,132.7,135.9,128.05,130.05,3753134
ALICON,20210505,560,575,531,537.55,102435
ALKALI,20210505,55.8,56.45,54.25,54.85,15938
ALKEM,20210505,2805,2964.85,2803,2894.45,942578
ALKYLAMINE,20210505,8144,8199,7700,7817.3,92666
ALLCARGO,20210505,125,125.8,123.2,123.75,140768
ALLSEC,20210505,350.8,354,348,349.25,48467
ALMONDZ,20210505,27.55,28.65,26.7,27.7,2203
ALOKINDS,20210505,19.3,19.3,18.9,19,4834076
ALPA,20210505,55.95,57.5,55.95,57.5,37612
ALPHAGEO,20210505,221.3,222.25,214.5,218.9,18466
ALPSINDUS,20210505,1.6,1.65,1.6,1.6,4809
AMARAJABAT,20210505,767.35,776.8,766,769.35,622455
AMBER,20210505,3075,3097.25,3030,3044.2,60789
AMBICAAGAR,20210505,20.15,20.15,18.25,19.9,189376
AMBIKCO,20210505,1069.95,1104.6,1025.15,1050.7,267967
AMBUJACEM,20210505,310.9,312.3,307.15,311.45,2600385
AMDIND,20210505,17.95,19.1,17.85,19.1,46371
AMJLAND,20210505,25,25,20.95,23.6,33403
AMRUTANJAN,20210505,626.5,639,625.7,629.7,38138
ANANTRAJ,20210505,53,55.75,52.75,55.6,1002975
ANDHRACEMT,20210505,5.45,5.5,5.35,5.4,148575
ANDHRAPAP,20210505,231,235.15,225,228.2,32109
ANDHRSUGAR,20210505,415.95,438.95,415.95,425.3,307457
ANGELBRKG,20210505,434.3,460,406.65,426.85,2979183
ANIKINDS,20210505,12.25,13.2,11.6,11.75,732989
ANKITMETAL,20210505,1.05,1.05,1.05,1.05,98033
ANSALAPI,20210505,5.7,5.8,5.55,5.75,84197
ANSALHSG,20210505,5.35,5.35,5,5.1,19775
ANUP,20210505,580.25,589,570.65,582.1,23320
ANURAS,20210505,642.65,689,633.05,682.85,1272598
APARINDS,20210505,513.95,513.95,498,504.05,31432
APCL,20210505,215.2,215.2,212.65,214.25,15212
APCOTEXIND,20210505,242,242,239.95,240.65,81710
APEX,20210505,235,239.7,230,230.55,280108
APLAPOLLO,20210505,1320.05,1332.95,1292.9,1302.85,215662
APLLTD,20210505,997,997,947.05,955.8,1614773
APOLLO,20210505,107.45,109.7,105.3,106.8,214000
APOLLOHOSP,20210505,3199.8,3357,3176.15,3332.9,1679977
APOLLOPIPE,20210505,1160.05,1160.05,1065.7,1108.3,131953
APOLLOTYRE,20210505,219.7,220.5,211.95,214.6,9238790
APOLSINHOT,20210505,595,616,571.25,599.55,6445
APTECHT,20210505,205.15,213.8,204,204.9,721403
ARCHIDPLY,20210505,34.95,36.05,34.5,34.75,17416
ARCHIES,20210505,10.95,12.55,10.8,11.95,492020
ARENTERP,20210505,11.5,11.5,11.5,11.5,5
ARIES,20210505,96.15,100.75,96.15,97.6,189204
ARIHANT,20210505,16.9,17.65,16.9,17.65,2162
ARIHANTSUP,20210505,58,61,58,59.15,16638
ARMANFIN,20210505,569,569,551.4,556.7,6579
AROGRANITE,20210505,44.75,44.75,42.15,42.9,24896
ARROWGREEN,20210505,71.35,74.2,71.35,73.95,2167
ARSHIYA,20210505,29,30.65,28.3,30.65,15035
ARSSINFRA,20210505,25.15,25.45,24.75,24.95,9560
ARTEMISMED,20210505,206.9,217.85,200,214.5,51249
ARVEE,20210505,161.3,161.3,161.3,161.3,511
ARVIND,20210505,71.15,73.25,70.35,72.95,1245701
ARVINDFASN,20210505,141.8,141.8,134.05,138.75,223244
ARVSMART,20210505,93.5,95.35,92.65,93.6,39664
ASAHIINDIA,20210505,306.8,307.5,299,301.1,69130
ASAHISONG,20210505,392.95,395,377.7,382.75,41250
ASAL,20210505,31.45,33.4,31.35,32.9,2654
ASALCBR,20210505,416,417.1,412,414.6,16142
ASHAPURMIN,20210505,163.1,167.15,157.3,159.1,309459
ASHIANA,20210505,122.95,124.6,118.4,118.65,35272
ASHIMASYN,20210505,16.25,16.3,15.6,16,86670
ASHOKA,20210505,80.7,80.8,78.7,78.9,1196773
ASHOKLEY,20210505,111.9,112.6,109.8,112.15,12086811
ASIANHOTNR,20210505,64.5,66.7,64.5,66.15,412
ASIANPAINT,20210505,2617,2617,2546.1,2567.65,1220186
ASIANTILES,20210505,154.9,155.85,151.5,153.1,81297
ASPINWALL,20210505,184.35,193.95,184.35,190,2212
ASTEC,20210505,1123.7,1167.2,1101.5,1150.85,74366
ASTERDM,20210505,144.7,154.4,143,152.45,3806053
ASTRAL,20210505,1577,1597.45,1558,1571.4,109762
ASTRAMICRO,20210505,116.4,118.5,116.4,117.35,117530
ASTRAZEN,20210505,3825,3874.9,3765.05,3821.2,40819
ASTRON,20210505,42.6,42.75,40.7,40.9,41125
ATFL,20210505,920,1081,920,1054.5,720871
ATGL,20210505,1291.25,1298.9,1235,1264.75,1157568
ATLANTA,20210505,7.75,7.75,7.3,7.55,19314
ATUL,20210505,8230,8319,8145.75,8298.55,22252
ATULAUTO,20210505,175.3,177.9,173,173.6,40659
AUBANK,20210505,930,952.45,910,942.05,4578774
AURIONPRO,20210505,165.45,169.4,161.3,162.05,87296
AUROPHARMA,20210505,957.1,1024.9,955.8,1018.05,6019729
AUSOMENT,20210505,59.6,61.55,58.45,61.15,11467
AUTOAXLES,20210505,1011.95,1061.7,995,1046.1,20456
AUTOIND,20210505,35.4,35.4,34.5,34.7,7674
AVADHSUGAR,20210505,305.4,319,303.6,306.85,344992
AVANTIFEED,20210505,476.15,485.4,474,477.6,192892
AVTNPL,20210505,50.6,52.15,50.5,51.1,224904
AWHCL,20210505,291.55,293.7,286.45,291.55,59696
AXISBANK,20210505,709,719.05,700,717.2,11155033
AXISBNKETF,20210505,326,329.11,323.74,328,1211
AXISCADES,20210505,58.7,61.9,58.65,59.35,169799
AXISGOLD,20210505,40.99,40.99,40.55,40.62,90121
AXISNIFTY,20210505,152.18,152.6,150.8,151.31,2965
AXISTECETF,20210505,258,258,253.5,257.37,721
AYMSYNTEX,20210505,52.4,53.3,50,50.25,15196
BAFNAPH,20210505,140.05,140.05,140.05,140.05,8069
BAGFILMS,20210505,2.85,2.85,2.7,2.75,220185
BAJAJ-AUTO,20210505,3842.2,3852.6,3784.1,3843.8,371452
BAJAJCON,20210505,274.6,276.25,268.3,269.85,708155
BAJAJELEC,20210505,1158.75,1167.05,1133,1150.35,37169
BAJAJFINSV,20210505,11111,11194.65,10915.2,11114.45,307750
BAJAJHIND,20210505,8.95,9.4,8.75,9.05,22761230
BAJAJHLDNG,20210505,3457.05,3499,3410.2,3432.3,16385
BAJFINANCE,20210505,5683,5700,5452.4,5515.15,4378693
BALAJITELE,20210505,56.65,58,56.65,57.15,29891
BALAMINES,20210505,2520,2520,2381,2398.6,187365
BALAXI,20210505,581.3,588,567,584.75,1023
BALKRISHNA,20210505,19.15,20.55,18.9,19.25,13907
BALKRISIND,20210505,1800.85,1807.4,1775,1798.25,219558
BALMLAWRIE,20210505,131,131.2,125,126.45,347679
BALPHARMA,20210505,109,112.5,105.05,109.4,259644
BALRAMCHIN,20210505,304.9,324.9,303.2,318.35,5221041
BANARBEADS,20210505,48.95,49.85,48.05,48.9,2363
BANARISUG,20210505,1925,1989.9,1885.65,1925.65,5334
BANCOINDIA,20210505,154,160.2,152.1,154.9,170235
BANDHANBNK,20210505,321,322.2,310.2,311.25,9773654
BANG,20210505,28.95,28.95,27.05,27.65,2018
BANKA,20210505,62.1,63.2,61.5,63.1,6614
BANKBARODA,20210505,72.1,72.95,70.85,72.35,66540783
BANKBEES,20210505,327,330.99,322.18,329.39,875599
BANKINDIA,20210505,69.6,70.8,68.85,69.2,6705529
BANSWRAS,20210505,107.35,107.35,101,103.3,17313
BARBEQUE,20210505,608,614.85,593.65,607.75,195015
BASF,20210505,2302.1,2380,2285,2320.7,57043
BASML,20210505,66,66.6,62.65,63.2,94737
BATAINDIA,20210505,1368.6,1368.6,1353.55,1359.8,323774
BAYERCROP,20210505,5400,5425,5281,5383.75,15093
BBL,20210505,1136.1,1160,1122.4,1128.95,4528
BBTC,20210505,1174.55,1184.35,1164,1167.95,25656
BCG,20210505,7.6,7.6,7.25,7.45,1997712
BCLIND,20210505,124.45,124.9,121.45,122.2,50980
BCP,20210505,3.2,3.25,3,3.1,485927
BDL,20210505,333,339.3,332.5,334.95,70140
BEARDSELL,20210505,10.7,12.7,10.1,12.7,571744
BECTORFOOD,20210505,355,359.5,353.95,356.1,108155
BEDMUTHA,20210505,24.7,26.25,24,24.5,7545
BEL,20210505,133.6,138.5,132.5,137.85,17272091
BEML,20210505,1175.25,1194,1171.05,1186,209833
BEPL,20210505,166.5,169.9,161.3,164.1,1121409
BERGEPAINT,20210505,706,714.9,705,711.45,336078
BESTAGRO,20210505,359.7,374.15,340,344.2,57428
BFINVEST,20210505,300,304,293,294.35,33215
BFUTILITIE,20210505,282.9,288,277.55,280,164296
BGRENERGY,20210505,46.1,47.4,44.95,45.7,198901
BHAGERIA,20210505,165.6,171,165.6,170.3,37302
BHAGYANGR,20210505,48.55,49.75,47.5,47.9,13787
BHAGYAPROP,20210505,27.1,27.3,25.5,25.85,17336
BHANDARI,20210505,2.45,2.45,2.35,2.4,43446
BHARATFORG,20210505,632,643,623.25,639.7,2287909
BHARATGEAR,20210505,78.1,86.9,78,82.95,256716
BHARATRAS,20210505,11640,12300.05,11640,11952.1,3875
BHARATWIRE,20210505,42.4,44.15,40.5,42.85,23174
BHARTIARTL,20210505,556.9,564.95,554,559.95,11872729
BHEL,20210505,53.3,57.8,53.05,56.75,167171542
BIGBLOC,20210505,80.5,82.45,78.1,80.1,4183
BIL,20210505,193,198,193,195.75,2336
BINDALAGRO,20210505,17.5,17.9,16.7,16.85,123704
BIOCON,20210505,375,382.6,370.15,381.3,6252361
BIOFILCHEM,20210505,74,74,71.05,71.95,38811
BIRLACABLE,20210505,61.9,62,59,59.45,109581
BIRLACORPN,20210505,920,936.8,920,933.5,79141
BIRLAMONEY,20210505,44.4,44.8,43.05,43.15,263522
BIRLATYRE,20210505,24.5,24.5,23.9,24,118696
BKMINDST,20210505,0.85,0.85,0.85,0.85,5707
BLBLIMITED,20210505,5.95,6.1,5.85,6.05,30906
BLISSGVS,20210505,103.45,106,102.5,103.05,538988
BLKASHYAP,20210505,15,15.9,14.8,15.65,78567
BLS,20210505,89.7,89.7,86.55,88.5,56150
BLUEDART,20210505,5294,5400,5270,5336.55,44980
BLUESTARCO,20210505,848,850.95,830.05,836.65,82488
BODALCHEM,20210505,103.7,106.4,103.25,103.85,1398885
BOMDYEING,20210505,67.65,67.9,66.6,67.1,642048
BOROLTD,20210505,209.15,215,208,209,400408
BORORENEW,20210505,254.1,256.4,244.6,246.4,520439
BOSCHLTD,20210505,13225,13434.15,13225,13343.55,17413
BPCL,20210505,422.05,431.6,421,424.8,6889331
BPL,20210505,31,31,29.4,29.4,192377
BRFL,20210505,7.35,7.5,7.2,7.25,85687
BRIGADE,20210505,252.25,258.65,250.7,255.55,98783
BRITANNIA,20210505,3441.1,3458.9,3436.25,3451.6,234116
BRNL,20210505,27.5,28.6,27.5,28.05,11678
BROOKS,20210505,85.85,86.95,83,85.6,56593
BSE,20210505,629.85,630,619,625.9,240502
BSELINFRA,20210505,0.9,0.9,0.9,0.9,595
BSHSL,20210505,131.5,141,131.5,139.25,1310
BSL,20210505,37.75,39.45,37.1,38.3,25738
BSLGOLDETF,20210505,4255,4308,4250,4250.5,470
BSLNIFTY,20210505,161.01,161.04,159.8,161.04,5231
BSOFT,20210505,244.2,247.35,241.2,244.25,384642
BURGERKING,20210505,129.5,129.8,126.1,126.6,2754981
BURNPUR,20210505,2.8,2.8,2.7,2.75,93162
BUTTERFLY,20210505,654,656,621.1,631,70337
BVCL,20210505,18.95,18.95,17.3,18.2,9397
BYKE,20210505,22,22.45,19.55,19.9,625970
CADILAHC,20210505,571.05,607.75,565.5,601.7,23454643
CALSOFT,20210505,8.7,8.7,7.65,8.25,43957
CAMLINFINE,20210505,168.5,169.7,163.4,164.85,526730
CAMS,20210505,2250,2298,2211.1,2244.5,78635
CANBK,20210505,143.7,147.9,142.4,145.6,22404765
CANFINHOME,20210505,534,538.05,530.1,532.85,515577
CANTABIL,20210505,370.75,371.15,368.35,370.6,117243
CAPACITE,20210505,185,189.4,184.15,187.7,45177
CAPLIPOINT,20210505,515.9,529.9,515,523.7,600723
CAPTRUST,20210505,83.85,83.95,81.95,82.4,2556
CARBORUNIV,20210505,594,609.95,551.5,556.5,1693492
CAREERP,20210505,125.9,128.5,123.25,123.8,91241
CARERATING,20210505,526,535.5,524,526.75,240167
CASTEXTECH,20210505,0.7,0.75,0.65,0.7,336773
CASTROLIND,20210505,125,125.1,122.85,123.9,909787
CCHHL,20210505,4.75,4.85,4.55,4.65,32128
CCL,20210505,303,310.2,295.9,307.15,750134
CDSL,20210505,782.15,797.7,778,792,323580
CEATLTD,20210505,1392.8,1418,1351.3,1377.8,980128
CEBBCO,20210505,16.75,16.9,16.4,16.75,82045
CELEBRITY,20210505,5.5,5.5,5.35,5.4,9528
CENTENKA,20210505,264.6,265.55,258.65,261.1,28611
CENTEXT,20210505,5.75,6.1,5.6,5.75,206055
CENTRALBK,20210505,17.15,17.2,16.75,16.8,5958783
CENTRUM,20210505,30.9,31.7,28.8,30.3,3390923
CENTUM,20210505,397.45,406.05,391,393.65,8514
CENTURYPLY,20210505,372.9,375,358,361.1,280610
CENTURYTEX,20210505,478.9,486.75,469,472.25,293863
CERA,20210505,3850,4144.4,3801.1,4050.25,50159
CEREBRAINT,20210505,49.25,49.75,48.6,49.25,128937
CESC,20210505,627.3,635.7,621.15,633.1,182254
CGCL,20210505,435,458,431,450.6,42435
CGPOWER,20210505,78.4,80.35,77.5,80.35,3192549
CHALET,20210505,141.3,143.75,139.3,139.95,67573
CHAMBLFERT,20210505,215.2,218.5,214,216.45,432000
CHEMBOND,20210505,210.95,211.95,208.05,209.5,13801
CHEMCON,20210505,434.45,435.95,425.1,429.35,109953
CHEMFAB,20210505,145.2,151.2,145,147.05,17661
CHENNPETRO,20210505,110.65,114.5,110.05,111.6,1388695
CHOLAFIN,20210505,559.6,559.9,545.05,558.6,1997565
CHOLAHLDNG,20210505,570.25,579.7,568.85,573.2,37123
CIGNITITEC,20210505,391,399,385.1,389.35,30889
CINELINE,20210505,31.75,32.9,31.75,32.6,14888
CINEVISTA,20210505,10.35,10.35,10.35,10.35,5200
CIPLA,20210505,885,899,869,888.65,10491085
CLEDUCATE,20210505,85.45,87.05,85.1,86.55,8479
CLNINDIA,20210505,434.65,438.85,430,430.7,35978
CMICABLES,20210505,42.45,43.35,41.5,42.1,25369
COALINDIA,20210505,133,134.5,132.5,133.15,4877341
COCHINSHIP,20210505,372.4,379.4,368.05,372.7,378002
COFFEEDAY,20210505,32.5,32.5,32.5,32.5,104924
COFORGE,20210505,2856.4,2905.35,2835.3,2892.75,256580
COLPAL,20210505,1498.5,1504.6,1485.4,1493.6,321141
COMPINFO,20210505,17.85,18.2,17.5,17.7,278411
COMPUSOFT,20210505,8.5,8.65,8.4,8.45,59246
CONCOR,20210505,574,577.6,565,568.25,979546
CONFIPET,20210505,61,62,57.35,58.75,2245367
CONSOFINVT,20210505,61.8,63.9,57,61.45,6245
CONTROLPR,20210505,320.95,322.75,313.65,317.35,21767
CORALFINAC,20210505,26.95,27.3,25.8,26.55,34296
CORDSCABLE,20210505,40.65,41.1,40.15,40.9,13277
COROMANDEL,20210505,730,738.5,724.95,730.95,490471
COSMOFILMS,20210505,698,774.9,698,758.35,404153
COUNCODOS,20210505,2.15,2.15,2.05,2.15,30715
CPSEETF,20210505,23.4,23.6,23.34,23.48,3103161
CRAFTSMAN,20210505,1335,1400,1299,1378.2,72070
CREATIVE,20210505,95.75,97.65,94,95.1,18493
CREATIVEYE,20210505,2.95,2.95,2.95,2.95,314
CREDITACC,20210505,606.05,620,586.5,600.7,69400
CREST,20210505,80.6,82.6,80.5,81.95,4651
CRISIL,20210505,1900,1900,1878,1889,10426
CROMPTON,20210505,372.2,383.95,371,375.4,746994
CSBBANK,20210505,255,269.5,253.5,263.65,456310
CTE,20210505,29.7,30.75,28.25,28.3,18366
CUB,20210505,168.95,170.9,166,169.8,3330540
CUBEXTUB,20210505,28.9,30.2,28.5,29.6,34351
CUMMINSIND,20210505,840.55,858,833.8,852.25,869383
CUPID,20210505,230.4,233.95,228.5,229.4,36092
CYBERMEDIA,20210505,10.3,11,10.15,10.45,5376
CYBERTECH,20210505,128.3,131.05,127.3,128.85,92294
CYIENT,20210505,796,796.95,756.3,763.65,425977
DAAWAT,20210505,77.3,79.75,75.9,79.25,3128882
DABUR,20210505,538.8,542.45,537.05,540.95,1136917
DALALSTCOM,20210505,0.9,0.9,0.9,0.9,18762
DALBHARAT,20210505,1560,1590,1530.85,1538.5,103402
DALMIASUG,20210505,273,291.85,272.8,283.8,450868
DAMODARIND,20210505,25.3,26.95,25.3,25.8,6017
DANGEE,20210505,168.85,170,154,166.75,8560
DATAMATICS,20210505,121.05,121.35,118,119.2,210294
DBCORP,20210505,82.75,83.5,81,81.2,165349
DBL,20210505,537.95,537.95,523.75,532.2,153490
DBREALTY,20210505,22,22,20.65,20.65,217789
DBSTOCKBRO,20210505,8.35,8.35,8,8.25,2380
DCAL,20210505,156.6,166,156.15,162.5,1801917
DCBBANK,20210505,91,92.3,89.1,89.6,2540470
DCM,20210505,25.8,25.8,25,25.3,11057
DCMFINSERV,20210505,1.9,1.95,1.85,1.95,35039
DCMNVL,20210505,81.35,85.4,81.35,85.15,38289
DCMSHRIRAM,20210505,713,725.75,695.85,702.5,554661
DCW,20210505,37.3,37.7,35.35,35.6,3546913
DECCANCE,20210505,424.9,424.9,416.5,420.4,27974
DEEPAKFERT,20210505,261.45,265.4,260,261.3,224565
DEEPAKNTR,20210505,1864,1924.9,1845,1904,1257678
DEEPENR,20210505,34.85,41.2,34.05,41.2,621923
DEEPINDS,20210505,47.6,47.6,47.6,47.6,3383
DELTACORP,20210505,151.8,152.8,148.2,148.8,1259729
DELTAMAGNT,20210505,28.25,30,28.25,29.7,5004
DEN,20210505,43.55,44.5,43.4,44.05,1905263
DENORA,20210505,260.45,266.25,256.1,258.65,10596
DFMFOODS,20210505,353.85,355,336,337.9,166340
DGCONTENT,20210505,7.6,8,7.5,7.95,19054
DHAMPURSUG,20210505,252.9,271.7,252.7,265.5,2231881
DHANBANK,20210505,14,14,13.75,13.8,329545
DHANI,20210505,168.95,175.5,165.45,169.35,823652
DHANUKA,20210505,805,817.15,794.2,801.8,78667
DHARSUGAR,20210505,7.8,7.85,7.15,7.85,100234
DHFL,20210505,14.85,15.1,14.85,15,598350
DHUNINV,20210505,306,319.6,301.15,313.6,5417
DIAMONDYD,20210505,567.9,569.95,551.3,553.9,8004
DICIND,20210505,390.95,391.2,384.05,384.8,2011
DIGISPICE,20210505,31.95,31.95,30.1,30.15,113046
DISHTV,20210505,12,12.55,11.45,11.65,31572095
DIVISLAB,20210505,3999,4064.55,3975,4035.45,671260
DIXON,20210505,4134,4207.1,4062,4118.2,141151
DLF,20210505,248.8,253.5,246.8,248.45,4866052
DLINKINDIA,20210505,100,102.8,99.4,101.35,148319
DMART,20210505,2878.7,2889.6,2855,2874.4,136956
DNAMEDIA,20210505,1.15,1.15,1.15,1.15,15934
DOLAT,20210505,63.3,64.4,62.8,63.45,90510
DOLLAR,20210505,242,256,242,252.7,220731
DONEAR,20210505,29.2,29.35,28.6,28.95,24197
DPABHUSHAN,20210505,115.15,115.45,112.5,114.2,309
DPSCLTD,20210505,12.8,12.8,12.25,12.3,7565
DPWIRES,20210505,134.8,139.45,129,129.95,8075
DRCSYSTEMS,20210505,225.2,237.05,225.2,225.4,3567
DREDGECORP,20210505,377.9,383,374,378.75,217218
DRREDDY,20210505,5110,5202,5070,5160.95,1011199
DSSL,20210505,85.5,100.1,85.5,100.1,508143
DTIL,20210505,294.85,294.85,283.85,286.9,4910
DUCON,20210505,7.2,7.4,6.6,7.1,112706
DVL,20210505,116.5,118.5,112,114.15,47203
DWARKESH,20210505,48.05,51.8,47.25,49.6,12436892
DYNAMATECH,20210505,1017.35,1053.2,1014.55,1035.15,4743
DYNPRO,20210505,490.1,508.8,490,504.65,26553
EASEMYTRIP,20210505,190.25,199.6,189,196.95,1475156
EASTSILK,20210505,3,3,3,3,10872
EBANK,20210505,3311.25,3605.86,3311.25,3605,4
EBBETF0423,20210505,1124.08,1125.5,1124.08,1125.48,1395
EBBETF0425,20210505,1039.38,1039.49,1037.21,1038.04,4946
EBBETF0430,20210505,1149.85,1150,1147.5,1149.88,17482
EBBETF0431,20210505,1033.99,1033.99,1030.8,1032.92,7357
EBIXFOREX,20210505,465.15,472,461,468.4,2832
ECLERX,20210505,1241,1325,1232.05,1295.4,114502
EDELWEISS,20210505,58,58,56.9,57.05,1260292
EICHERMOT,20210505,2377,2387.2,2356.55,2372.4,382620
EIDPARRY,20210505,390.05,426.6,390.05,421.65,4891795
EIHAHOTELS,20210505,230,240,225.2,237.75,10892
EIHOTEL,20210505,88.8,89.35,87.5,88.7,205199
EIMCOELECO,20210505,334.95,368.95,334.95,357.75,2769
EKC,20210505,117,117,113.8,113.8,1528637
ELECON,20210505,90.25,95.4,88.75,93.95,844797
ELECTCAST,20210505,35.4,35.5,33.8,34,1075410
ELECTHERM,20210505,108.15,110.35,106.7,108.8,27370
ELGIEQUIP,20210505,219,223.2,216.15,217.45,90081
ELGIRUBCO,20210505,28.3,28.7,27.95,28.2,12349
EMAMILTD,20210505,494.95,497.5,482.1,488.6,225425
EMAMIPAP,20210505,127.05,131,125.25,126.6,63302
EMAMIREAL,20210505,44.8,46,44.5,44.85,15394
EMKAY,20210505,65.9,71.6,64.35,70.25,130556
EMMBI,20210505,83,87.75,81.65,86,108509
ENDURANCE,20210505,1326,1326,1292.75,1304.1,190278
ENERGYDEV,20210505,8.85,8.9,8.5,8.75,44579
ENGINERSIN,20210505,74.7,74.9,73.85,74.1,852407
ENIL,20210505,146.05,149,143.05,147.8,55336
EPL,20210505,223.85,229.5,221.7,227.4,444689
EQ30,20210505,421.08,421.08,415,421,83
EQUITAS,20210505,83.5,85.2,81.6,84.55,1953382
EQUITASBNK,20210505,56.6,58.75,56.3,58.05,1595650
ERIS,20210505,594,601.7,586.4,597.4,44900
EROSMEDIA,20210505,20.95,20.95,19.7,20.25,535994
ESABINDIA,20210505,1806,1855.2,1785,1806.85,14309
ESCORTS,20210505,1133,1134.45,1111.6,1123,819639
ESSARSHPNG,20210505,7.9,9.45,7.85,9.45,2178551
ESTER,20210505,151.8,159,146,153.25,1180554
EVEREADY,20210505,297,300.25,293.25,295.3,191422
EVERESTIND,20210505,347.5,369,337.1,361.95,764844
EXCEL,20210505,2.15,2.2,2.05,2.2,130372
EXCELINDUS,20210505,1100,1113.25,1030,1054.8,223164
EXIDEIND,20210505,182.7,183.6,181,182.8,1978863
EXPLEOSOL,20210505,560,609,557,599.7,170075
FACT,20210505,116.5,121,116,117.85,731054
FAIRCHEMOR,20210505,820.9,849,806.05,819.9,62755
FCL,20210505,79.4,84.3,77.8,82.6,1161989
FCONSUMER,20210505,6.9,6.9,6.7,6.8,3727213
FCSSOFT,20210505,0.7,0.7,0.65,0.7,2084150
FDC,20210505,316.9,323.55,313.1,319.15,470800
FEDERALBNK,20210505,80.45,81,79,80.05,15530336
FEL,20210505,9.25,9.35,9.1,9.15,664336
FELDVR,20210505,13,13,11.85,11.95,35197
FIEMIND,20210505,585,585,561.65,566.25,29858
FILATEX,20210505,88.4,93.8,86.1,88.65,814738
FINCABLES,20210505,368.85,368.85,356.95,360.95,182499
FINEORG,20210505,2866,2974,2844.9,2886.95,87295
FINPIPE,20210505,154.8,159.7,154.2,158.9,694230
FLEXITUFF,20210505,24.2,24.85,23.35,24.75,19774
FLFL,20210505,55.3,55.95,55.15,55.15,150157
FLUOROCHEM,20210505,797.7,808,785.6,794.9,84037
FMGOETZE,20210505,296.95,296.95,289,290.4,139073
FMNL,20210505,14.85,15.3,14.85,14.85,55376
FORCEMOT,20210505,1137,1140,1105,1108,14013
FORTIS,20210505,218,224.4,215.2,221,7484763
FOSECOIND,20210505,1410.45,1445,1404.1,1420.15,3613
FRETAIL,20210505,47.75,48.8,47.75,47.75,3360421
FSC,20210505,74.3,76,73.85,73.9,89305
FSL,20210505,123.8,130.8,122.5,127.6,6948485
G5,20210505,48.12,48.25,48.1,48.21,2352
GABRIEL,20210505,106.1,107,105.25,105.5,119895
GAEL,20210505,160.9,166,158.1,164.7,601742
GAIL,20210505,147.3,148.85,143,145.05,21923380
GAL,20210505,2.2,2.25,2.15,2.2,27510
GALAXYSURF,20210505,2869,2994,2811,2887.35,103797
GALLANTT,20210505,56.75,59.5,56.1,57.65,108496
GALLISPAT,20210505,46.5,47.05,45.25,45.55,59347
GAMMNINFRA,20210505,0.75,0.75,0.65,0.75,1739374
GANDHITUBE,20210505,289.5,295,285.5,287.45,13463
GANECOS,20210505,580,580,559.4,568.95,9434
GANESHHOUC,20210505,74.45,76,72,75.1,51866
GANGESSECU,20210505,68.95,73.8,66.3,73.4,44248
GARFIBRES,20210505,2673.4,2673.4,2570,2619.95,10088
GATI,20210505,102.6,107,102.6,105.15,1403761
GAYAHWS,20210505,0.55,0.6,0.55,0.6,217120
GAYAPROJ,20210505,29.6,29.7,27.8,28.4,822128
GBGLOBAL,20210505,7.3,7.3,6.8,6.9,5705
GDL,20210505,246,263.95,243.1,254.35,1347370
GEECEE,20210505,103.9,106.75,102.4,103.6,2608
GEEKAYWIRE,20210505,92,92,81,85.25,21735
GENCON,20210505,44.05,44.5,42.05,42.7,3802
GENESYS,20210505,105.85,105.85,100,101.1,8155
GENUSPAPER,20210505,7.75,8.2,7.35,8.05,811225
GENUSPOWER,20210505,54.1,54.9,51.7,54.15,438375
GEOJITFSL,20210505,56.75,58,55.45,56.4,742355
GEPIL,20210505,258.8,272.05,256.3,270.65,143014
GESHIP,20210505,352,411.65,351,401,6590651
GET&D,20210505,116.85,120.95,116,119.35,186787
GFLLIMITED,20210505,71,72.15,70.1,70.3,71412
GHCL,20210505,235,239.45,234.85,235.7,114636
GICHSGFIN,20210505,113.6,115.5,113.5,114.4,161970
GICRE,20210505,209.9,210.35,205,205.8,215608
GILLANDERS,20210505,42.45,42.45,39.25,39.9,6394
GILLETTE,20210505,5505,5516.75,5445,5448.9,5729
GINNIFILA,20210505,22.7,26.9,22.6,26.9,1286343
GIPCL,20210505,76.8,76.8,75.2,75.5,172298
GISOLUTION,20210505,2.25,2.25,2.25,2.25,200
GKWLIMITED,20210505,514.95,527.3,514.7,521.85,571
GLAND,20210505,2679.8,2684.55,2595,2609.3,372851
GLAXO,20210505,1465,1480,1452,1472.65,24565
GLENMARK,20210505,559,577.8,556.1,572.9,4679850
GLFL,20210505,2,2,2,2,10
GLOBAL,20210505,46.45,47.5,44.05,44.55,16326
GLOBUSSPR,20210505,328,331.35,325.1,328.1,116756
GMBREW,20210505,410.9,412,400.65,402.75,20195
GMDCLTD,20210505,61.35,62,60.15,60.55,1634112
GMMPFAUDLR,20210505,4149,4185,4101.1,4106.5,17816
GMRINFRA,20210505,23,23.85,23,23.75,9708027
GNA,20210505,382,384,372.1,375.2,52814
GNFC,20210505,362.2,368.75,356.6,364.2,750594
GOACARBON,20210505,319.7,319.7,310,311.15,17050
GOCLCORP,20210505,206.8,206.8,196.05,197.2,33301
GODFRYPHLP,20210505,866,875.65,857.05,864.4,23102
GODHA,20210505,40.2,44.2,40.2,42,223
GODREJAGRO,20210505,508.75,524,504.9,517.3,245463
GODREJCP,20210505,704.35,709,698.25,708.1,504265
GODREJIND,20210505,506.95,511.55,502.5,508.35,57922
GODREJPROP,20210505,1288,1308,1210.15,1223.4,1105279
GOKEX,20210505,90.1,98.35,89.7,94.35,1246739
GOKUL,20210505,19.35,19.55,18.85,19.1,14664
GOKULAGRO,20210505,23.6,23.8,23,23.45,106002
GOLDBEES,20210505,40.84,40.84,40.49,40.53,2612915
GOLDENTOBC,20210505,42.45,49.2,41.3,46.45,82486
GOLDIAM,20210505,372.05,377.8,371.3,375.7,42964
GOLDSHARE,20210505,41.85,41.95,41.65,41.85,64887
GOLDTECH,20210505,9.85,9.85,9.15,9.3,35578
GOODLUCK,20210505,94.55,96.35,90.45,91.85,163924
GOODYEAR,20210505,901.4,915,901.4,912.55,3379
GPIL,20210505,970,1027.65,966.15,990.9,141372
GPPL,20210505,95.55,95.55,92.35,92.5,643674
GPTINFRA,20210505,38.45,39.1,38.15,38.55,22027
GRANULES,20210505,335,354.4,330,352.45,9521766
GRAPHITE,20210505,744.5,755.95,732.7,738.55,1619721
GRASIM,20210505,1420.1,1454.95,1405,1420.9,2157276
GRAVITA,20210505,94.8,96,93.5,94.6,73356
GREAVESCOT,20210505,145.9,148,136.85,138.25,3441719
GREENLAM,20210505,1016.85,1031,1016.4,1021.5,1101
GREENPANEL,20210505,220,235.5,218,230,1011626
GREENPLY,20210505,208.5,215.05,204.35,205.9,699828
GREENPOWER,20210505,1.95,2,1.9,1.95,768823
GRINDWELL,20210505,1030,1064.9,1002,1045.35,428475
GROBTEA,20210505,859.9,864,824.95,848.95,984
GRPLTD,20210505,890,910,862.55,894.25,3539
GRSE,20210505,173.9,176.8,171.15,174.55,209846
GSCLCEMENT,20210505,36,36.35,35,35.3,76012
GSFC,20210505,94,97.6,93.8,96.55,1900964
GSPL,20210505,267.5,273.7,267,271.1,492844
GSS,20210505,70.8,71.7,68.85,70.2,73970
GTL,20210505,6.35,6.65,6.3,6.65,211156
GTLINFRA,20210505,0.65,0.7,0.65,0.7,4000880
GTNTEX,20210505,5.4,5.45,5.4,5.45,4236
GTPL,20210505,134,137.5,131.05,136.8,151256
GUFICBIO,20210505,135.7,144.4,135.2,139.8,650478
GUJALKALI,20210505,415,428.3,413.1,418.95,363622
GUJAPOLLO,20210505,223.95,223.95,212.1,213.15,3394
GUJGASLTD,20210505,534.15,539.25,526,531.7,412272
GUJRAFFIA,20210505,40.35,42,40.35,41.95,339
GULFOILLUB,20210505,696.65,702.85,692.25,697.45,8015
GULFPETRO,20210505,45.5,46,44,44.5,121821
GULPOLY,20210505,153.95,155,151,152.95,77987
HAL,20210505,979.8,979.8,964.1,968.45,215918
HAPPSTMNDS,20210505,757.5,765.1,737.1,746.65,1815878
HARRMALAYA,20210505,166.1,179.9,165.3,177.85,521368
HATHWAY,20210505,23.45,23.5,22.95,23,2499861
HATSUN,20210505,849.85,849.85,827,830.5,29681
HAVELLS,20210505,990,1006.6,980.1,997.2,918327
HAVISHA,20210505,0.8,0.8,0.75,0.75,36859
HBANKETF,20210505,324.85,329.02,321.58,327.21,1367
HBLPOWER,20210505,34.85,35.65,34.1,34.35,390261
HBSL,20210505,16.2,16.2,15.75,16,3149
HCC,20210505,7.65,7.75,7.6,7.6,818383
HCG,20210505,188,204.55,184.4,191.8,482851
HCL-INSYS,20210505,8.7,8.7,8.45,8.5,249168
HCLTECH,20210505,903.95,910.8,900.6,909.4,2696835
HDFC,20210505,2392,2403,2354,2377.6,3458463
HDFCAMC,20210505,2728,2750,2715.05,2729.95,195994
HDFCBANK,20210505,1401,1409.6,1381.7,1402.6,7210806
HDFCLIFE,20210505,670.05,675.8,667,674.4,2249063
HDFCMFGETF,20210505,41.95,41.98,41.52,41.61,462429
HDFCNIFETF,20210505,155.11,155.92,154,155.55,11005
HDFCSENETF,20210505,525.99,525.99,516.85,520.05,1053
HEG,20210505,2260,2268.7,2185,2197.6,306343
HEIDELBERG,20210505,242.5,243.4,238.9,243.05,133020
HEMIPROP,20210505,132,136.35,130.3,132.25,371522
HERANBA,20210505,716.4,724,702.55,718.5,343350
HERCULES,20210505,118.15,119.7,116.5,117.1,29269
HERITGFOOD,20210505,365.25,365.25,355.55,357.85,119359
HEROMOTOCO,20210505,2786.9,2800,2768,2788.2,365152
HESTERBIO,20210505,2150.1,2164.45,2112.7,2132.65,3883
HEXATRADEX,20210505,98,101,96.2,100.75,12619
HFCL,20210505,31.8,33.2,31.3,32.9,13182481
HGINFRA,20210505,289.7,292.4,285,285.5,19543
HGS,20210505,1680,1775.5,1670.45,1682.3,15463
HIKAL,20210505,295.55,313.95,295.55,313.95,1454533
HIL,20210505,3409,3470,3377.85,3411.2,6710
HILTON,20210505,10.5,10.5,10.2,10.5,5879
HIMATSEIDE,20210505,154.8,159,153,156.65,260621
HINDALCO,20210505,367,373.7,364.3,367.1,15192338
HINDCOMPOS,20210505,289.45,294.9,280.4,282.9,8517
HINDCOPPER,20210505,155,155.75,150.6,151.3,2833276
HINDMOTORS,20210505,6.85,6.85,6.55,6.6,67264
HINDNATGLS,20210505,34.4,34.4,33.1,34.1,152228
HINDOILEXP,20210505,106.5,108.05,103.45,104,783989
HINDPETRO,20210505,242.8,246.5,239,244.8,7377341
HINDUNILVR,20210505,2434,2434,2368.65,2394.65,1256857
HINDZINC,20210505,291.1,295.05,287,288.05,1988974
HIRECT,20210505,121.1,133,121,130.1,89509
HISARMETAL,20210505,117,118.75,113.15,114.15,18885
HITECH,20210505,371.8,371.8,362.15,365.85,58861
HITECHCORP,20210505,140.7,145,132.1,143.85,35460
HITECHGEAR,20210505,184.9,188.6,181.05,183.5,37534
HLEGLAS,20210505,2872.6,2968.55,2872.6,2952.25,24749
HLVLTD,20210505,6.1,6.2,5.95,6.1,118262
HMVL,20210505,61.9,62.4,60.45,61.85,13252
HNDFDS,20210505,2042.15,2165.35,2011,2165.35,19459
HNGSNGBEES,20210505,363.66,375.1,358.75,373.9,1483
HOMEFIRST,20210505,514,540.1,511.7,533.45,554063
HONAUT,20210505,42706,43024.55,41984.95,42094.3,1843
HONDAPOWER,20210505,998,1007.9,993.1,998.15,2419
HOVS,20210505,47.8,47.8,46,46.45,3085
HPL,20210505,47,48,46.05,47.4,127292
HSCL,20210505,45.75,46.7,45.4,46.15,5115744
HSIL,20210505,152,159.7,152,155.45,315818
HTMEDIA,20210505,21.45,21.45,20.85,21,96898
HUBTOWN,20210505,16.05,16.3,15.2,15.9,15526
HUDCO,20210505,43.1,43.75,42.7,43,1092875
HUHTAMAKI,20210505,283.7,288.9,282.1,283.55,91990
IBMFNIFTY,20210505,150,150,147,147.25,311
IBREALEST,20210505,78.3,79.65,76,77.45,7275823
IBULHSGFIN,20210505,180,181.3,177.3,179.55,6303970
ICEMAKE,20210505,68.8,70.85,68.6,70.4,8593
ICICI500,20210505,206.53,206.53,202.95,203.94,8833
ICICIALPLV,20210505,145.95,145.95,142.51,145.5,7810
ICICIB22,20210505,36.24,36.24,35.66,35.88,403108
ICICIBANK,20210505,595.3,604.8,584.7,602.8,17253943
ICICIBANKN,20210505,325,326.79,319.87,325.55,15062
ICICIBANKP,20210505,172,172.71,170,172.15,7962
ICICIGI,20210505,1457.75,1472,1440.9,1451.7,273192
ICICIGOLD,20210505,41.99,41.99,41.16,41.57,155426
ICICILIQ,20210505,999.95,1000.01,999.95,999.99,34655
ICICILOVOL,20210505,119.48,119.48,115.95,118.46,62483
ICICIM150,20210505,93.4,93.5,92.08,92.83,28037
ICICIMCAP,20210505,85.15,85.15,83.51,84.41,6365
ICICINF100,20210505,161.99,161.99,158.22,159.61,2223
ICICINIFTY,20210505,140.8,164,140.8,155.92,90093
ICICINV20,20210505,78,78.93,78,78.12,7035
ICICINXT50,20210505,40.8,40.8,35.35,36.09,120095
ICICIPRULI,20210505,561,574.7,551.5,559.4,5896393
ICICISENSX,20210505,524,526,521.51,522.7,572
ICICITECH,20210505,261.2,261.2,256.9,258.66,515624
ICIL,20210505,143.15,146.9,135.3,138.2,333310
ICRA,20210505,3324,3333,3257.15,3281.6,3009
IDBI,20210505,36.9,39.5,36.75,37.95,76189681
IDBIGOLD,20210505,4388,4388,4325,4368.8,35
IDEA,20210505,8.3,8.45,8.25,8.35,81857103
IDFC,20210505,53.45,55.75,52.15,52.4,9593229
IDFCFIRSTB,20210505,56.35,56.9,55.7,56.2,29480874
IDFNIFTYET,20210505,157,157,152.29,153.46,172
IEX,20210505,386.7,397,383,386.4,2401077
IFBAGRO,20210505,433.9,433.9,417.05,421.05,4884
IFBIND,20210505,973,980.95,955.15,959.15,23669
IFCI,20210505,11.05,11.25,10.85,10.95,1638076
IFGLEXPOR,20210505,382.5,391,376,379.45,41754
IGARASHI,20210505,352.2,375.05,352.2,372.15,179137
IGL,20210505,508.4,515.6,504,508.5,1254283
IGPL,20210505,472.9,472.9,458,463.8,18585
IIFL,20210505,258.9,258.9,239.4,251.9,253804
IIFLSEC,20210505,58.2,59.9,55.2,56.6,3566832
IIFLWAM,20210505,1136.25,1299,1110.25,1181.15,99051
IITL,20210505,54.4,57.9,51.3,56.7,5397
IMAGICAA,20210505,5.5,5.55,5.25,5.25,176081
IMFA,20210505,466.4,466.4,447.4,449.7,57915
IMPAL,20210505,657.1,663.9,650.1,656.55,1497
INDBANK,20210505,13.45,13.75,13.45,13.6,43042
INDHOTEL,20210505,113,113,109.5,111.75,1369097
INDIACEM,20210505,167.65,167.7,165.05,165.7,693810
INDIAGLYCO,20210505,521,532.15,505,509.3,422060
INDIAMART,20210505,7430.1,7594.7,7367.8,7476.85,218352
INDIANB,20210505,116.4,117.4,113.4,114.55,4158568
INDIANCARD,20210505,128.4,133.7,128.4,130.55,2055
INDIANHUME,20210505,173.8,176.75,173.8,175.35,19399
INDIGO,20210505,1633,1664,1596.6,1649.35,767445
INDIGOPNTS,20210505,2314,2329.8,2288,2292.5,17218
INDLMETER,20210505,14.45,14.45,13.9,13.9,5360
INDNIPPON,20210505,357.05,363.65,354.6,361.1,14048
INDOCO,20210505,325,348,321.6,344.75,718604
INDORAMA,20210505,43.1,44.9,41.1,43.05,190166
INDOSTAR,20210505,303.5,305.4,300.35,304.95,37394
INDOTECH,20210505,96,100.8,93.5,96.9,41665
INDOTHAI,20210505,50.2,53.65,50.2,51.5,2340
INDOWIND,20210505,3.8,3.8,3.65,3.8,36410
INDRAMEDCO,20210505,70,83.25,69.1,83.25,9595153
INDSWFTLAB,20210505,79.2,82.65,77.45,79.45,230517
INDTERRAIN,20210505,28.45,28.45,27.3,27.45,90665
INDUSINDBK,20210505,923,934.75,909.3,931.15,5975741
INDUSTOWER,20210505,256.95,256.95,251.1,253.55,1099052
INEOSSTYRO,20210505,1184,1197.8,1167,1171.3,29501
INFIBEAM,20210505,38.5,38.5,37.6,37.65,885311
INFOBEAN,20210505,201.75,207.2,198,201.7,67578
INFOMEDIA,20210505,3.9,3.9,3.8,3.85,9741
INFRABEES,20210505,427,429.35,418.19,419.02,3509
INFY,20210505,1341.1,1343.9,1327.8,1341.5,3939788
INGERRAND,20210505,745,749.7,735.15,737.5,22898
INOXLEISUR,20210505,267,269.75,265,268.2,141433
INOXWIND,20210505,77.4,77.4,76,76.35,111739
INSECTICID,20210505,490.2,511.8,490.2,509.65,90325
INSPIRISYS,20210505,47.6,48.9,47.15,47.85,13573
INTELLECT,20210505,698.2,709.85,691,696.05,174607
INTENTECH,20210505,44.95,44.95,42.05,42.45,47111
INVENTURE,20210505,24.45,24.5,23.75,23.95,82565
IOB,20210505,16.1,16.1,15.7,15.85,6826089
IOC,20210505,92.8,93.45,91.8,92.2,22976074
IOLCP,20210505,596,606.9,591.25,602.55,445627
IPCALAB,20210505,2116.2,2132,2090.45,2109.85,77976
IRB,20210505,105,105.9,102.3,103.1,646178
IRCON,20210505,88,88.4,87.6,87.7,773728
IRCTC,20210505,1775,1782.95,1715,1723.65,1215718
IRFC,20210505,21,21.2,20.95,21,9381211
IRISDOREME,20210505,106.7,116.75,105,116.65,147954
ISEC,20210505,454,476,452.3,468.15,1100846
ISFT,20210505,83.4,85.35,82.3,84.95,57213
ISGEC,20210505,596.25,618,567.55,572.95,246983
ISMTLTD,20210505,12.8,13.65,12.7,13.65,321216
ITC,20210505,201.45,202,199.5,201.4,13862655
ITDC,20210505,337.9,339.1,327,329.75,27934
ITDCEM,20210505,72.95,73.35,71.45,71.9,269155
ITI,20210505,107.1,113.6,107.1,110.95,523551
IVC,20210505,4.95,4.95,4.8,4.85,66094
IVP,20210505,115.05,119.5,115.05,118.85,1893
IVZINGOLD,20210505,4284,4284,4211,4236.6,246
IVZINNIFTY,20210505,1568.95,1584.4,1568,1584.4,8
IZMO,20210505,76,78.85,76,78.85,111731
J&KBANK,20210505,24.7,25.1,24.45,24.55,2183368
JAGRAN,20210505,56.8,57.7,55.75,56.65,569768
JAGSNPHARM,20210505,97.4,99.85,96.05,96.75,216095
JAIBALAJI,20210505,54.65,54.65,51.95,51.95,61014
JAICORPLTD,20210505,87.8,88.45,86.7,87.4,443973
JAMNAAUTO,20210505,71.05,71.6,69.6,70.2,529173
JASH,20210505,394.9,398.85,382.25,390.45,13735
JAYAGROGN,20210505,178,178.85,165.05,169.45,85292
JAYBARMARU,20210505,310.55,312.5,298.5,300,47247
JAYNECOIND,20210505,14.85,15.25,14.4,15.25,1190966
JAYSREETEA,20210505,90.85,92.9,89.6,90.55,384336
JBCHEPHARM,20210505,1408.5,1434,1395.95,1413.8,98348
JBFIND,20210505,14.75,16.2,14.7,16.15,351012
JBMA,20210505,411.95,415,406.8,410.55,9019
JCHAC,20210505,2331,2338.8,2285,2293.15,11740
JHS,20210505,19.6,19.8,18.9,19.6,116694
JIKIND,20210505,0.55,0.6,0.55,0.55,16203
JINDALPHOT,20210505,55.5,58,55.15,55.15,9532
JINDALPOLY,20210505,759.9,788.9,759.9,788.9,112091
JINDALSAW,20210505,88.6,90.4,87.15,88.95,3138147
JINDALSTEL,20210505,439.9,443,433.2,439.4,7379545
JINDRILL,20210505,92.8,101,91.5,98.25,341827
JINDWORLD,20210505,47.55,47.65,45,45.9,172419
JISLDVREQS,20210505,12.4,12.8,12.4,12.6,8216
JISLJALEQS,20210505,19.3,19.3,18.7,18.8,1182348
JITFINFRA,20210505,9,9.05,8.5,9,39451
JIYAECO,20210505,5,5,4.7,4.9,22094
JKCEMENT,20210505,2775,2798.15,2770,2775.15,15632
JKIL,20210505,179.9,181.2,175.3,176.3,46526
JKLAKSHMI,20210505,419.55,420.7,410.25,416.25,153777
JKPAPER,20210505,144.45,146.3,140.7,142.05,1504956
JKTYRE,20210505,119.85,121.5,115,117.8,713428
JMA,20210505,42,45,38.5,42,225764
JMCPROJECT,20210505,83,87.95,81.5,87.25,478901
JMFINANCIL,20210505,82.7,82.85,78.5,80.55,933117
JMTAUTOLTD,20210505,2.5,2.5,2.4,2.45,176841
JOCIL,20210505,166.1,176.95,166.1,174.05,16941
JPASSOCIAT,20210505,7.2,7.2,7,7,4127272
JPINFRATEC,20210505,1.5,1.5,1.45,1.45,631189
JPPOWER,20210505,3.1,3.1,2.95,3,9332178
JSL,20210505,90.05,94.9,89.1,91.35,1700333
JSLHISAR,20210505,163.55,166.15,162.05,165,624007
JSWENERGY,20210505,111.3,120.95,109.2,119.4,30820206
JSWHL,20210505,4075,4075,3960.05,4028.2,1500
JSWISPL,20210505,52.4,53,50.8,53,2785218
JSWSTEEL,20210505,723,733,713.1,717.7,12284261
JTEKTINDIA,20210505,83.45,83.45,81.3,81.65,109587
JUBLFOOD,20210505,2785.3,2810,2750,2796.8,401394
JUBLINDS,20210505,335,339,308.45,314.7,94335
JUBLINGREA,20210505,415,428,397.4,418.35,1047432
JUBLPHARMA,20210505,810.25,839,801.95,835.85,480245
JUMPNET,20210505,7,7.15,6.8,7,2015637
JUNIORBEES,20210505,371.25,371.25,356,369.74,88252
JUSTDIAL,20210505,838,844.9,812.75,816.25,890033
JYOTHYLAB,20210505,142.55,143.7,141.25,141.85,292232
KABRAEXTRU,20210505,167.35,172.8,165.1,166.7,43184
KAJARIACER,20210505,916,928.2,915.95,924.85,119045
KAKATCEM,20210505,225,237,220.05,234.7,165346
KALPATPOWR,20210505,362.1,371.25,348.7,350.5,275385
KALYANIFRG,20210505,192.3,193.9,186.05,191.95,347
KALYANKJIL,20210505,58.5,59.5,58,58.1,1580604
KAMATHOTEL,20210505,29.55,29.6,28.8,29.15,19563
KAMDHENU,20210505,152.9,152.9,145.95,147.65,136373
KANANIIND,20210505,4.3,4.3,4,4.1,11460
KANORICHEM,20210505,123.1,125.35,120.5,123.85,22663
KANPRPLA,20210505,150.05,160,149.45,157.45,26422
KANSAINER,20210505,575,596.5,572.7,592.15,890856
KAPSTON,20210505,90.4,93.45,85.95,93.35,1107
KARDA,20210505,117.75,120.9,117,117.25,225804
KARMAENG,20210505,12.95,12.95,12.35,12.7,14563
KARURVYSYA,20210505,53.9,54.6,53.5,53.8,645903
KAUSHALYA,20210505,1.35,1.35,1.35,1.35,8725
KAYA,20210505,273.5,277.45,265,266.25,12574
KCP,20210505,103.55,107.2,103.05,105.35,479237
KCPSUGIND,20210505,22.7,24.35,22.2,23.55,2707089
KDDL,20210505,317.8,317.85,301.6,309.85,8469
KEC,20210505,395,395.45,383.5,388.1,396234
KECL,20210505,13.2,13.2,12.9,13,35349
KEERTI,20210505,24.1,24.75,24.05,24.2,132284
KEI,20210505,522.2,524.25,517.7,522.5,84371
KELLTONTEC,20210505,66.7,66.7,64.4,64.95,288641
KENNAMET,20210505,1018,1040,1018,1037.9,1078
KERNEX,20210505,42.05,42.7,39.3,39.6,7682
KESORAMIND,20210505,74.3,74.45,72.45,73.1,402751
KEYFINSERV,20210505,59.6,59.9,53.95,54.9,6261
KHADIM,20210505,139.45,141.45,138.35,140.55,39983
KHAICHEM,20210505,23.95,27.1,23.9,26.15,1631125
KHANDSE,20210505,13.5,14.25,13.15,13.9,3279
KICL,20210505,1607.05,1625,1595,1618.3,1226
KILITCH,20210505,119.7,130.2,113.6,130.2,245380
KINGFA,20210505,572.1,590,572.1,587.7,4520
KIOCL,20210505,168.75,169.7,163.25,166.15,115852
KIRIINDUS,20210505,444.1,449.75,441.55,444.15,58396
KIRLFER,20210505,216.3,230,205.3,219.15,1351439
KIRLOSBROS,20210505,249.1,252,241,242.5,55799
KIRLOSENG,20210505,187,189.75,180.45,184.5,184565
KIRLOSIND,20210505,1349.95,1395,1300,1363.15,2532
KITEX,20210505,97.1,98.35,96.8,97.1,44876
KKCL,20210505,889,889.15,868,872.65,3240
KMSUGAR,20210505,17.65,19.25,17.25,18.45,2467048
KNRCON,20210505,198.65,201.4,196.1,198.1,225880
KOKUYOCMLN,20210505,56.35,56.35,55.3,55.6,41548
KOLTEPATIL,20210505,214.2,214.5,208.95,209.3,70359
KOPRAN,20210505,181.3,193,180.95,188.8,1221044
KOTAKBANK,20210505,1741,1778,1721.9,1770.75,2411643
KOTAKBKETF,20210505,328.17,331.32,323.95,330.66,31307
KOTAKGOLD,20210505,412.5,412.5,408.5,408.8,15144
KOTAKIT,20210505,25.85,28,25.15,25.73,12248
KOTAKNIFTY,20210505,153.09,153.3,151.95,153.01,29212
KOTAKNV20,20210505,80,80,79.04,79.77,1149
KOTAKPSUBK,20210505,208,213.37,207.5,209.91,25835
KOTARISUG,20210505,28.5,32.7,28.5,31.8,4967312
KOTHARIPET,20210505,29.8,29.85,28.5,28.9,56117
KOTHARIPRO,20210505,65.75,77.9,64.6,77.9,184099
KPITTECH,20210505,209,209.45,201.6,202.35,611290
KPRMILL,20210505,1474.8,1485,1451.2,1459.4,39026
KRBL,20210505,212.6,215.65,206.55,209.5,774045
KREBSBIO,20210505,122.2,125.2,120,121,25487
KRIDHANINF,20210505,3.85,4,3.65,3.85,148658
KRISHANA,20210505,82.05,85.75,82,84.05,3175
KSB,20210505,884.8,884.8,863.8,867.15,18757
KSCL,20210505,610,611.8,595.25,608.7,198406
KSL,20210505,372,377.8,365.5,367.8,67385
KTKBANK,20210505,63.35,63.9,62.55,62.7,1089459
KUANTUM,20210505,79.9,79.9,69.9,70.6,130053
L&TFH,20210505,85.7,86.85,84.7,85.55,11246142
LALPATHLAB,20210505,2870,2887,2825,2836.05,484640
LAMBODHARA,20210505,56.35,59.35,55.9,58.4,64466
LAOPALA,20210505,220.05,223.95,219.65,220.65,27597
LASA,20210505,78.05,81,77.05,77.45,280723
LAURUSLABS,20210505,491.9,498.9,487.1,491.6,3387887
LAXMIMACH,20210505,6450,6450,6210.5,6241.85,2899
LCCINFOTEC,20210505,1.8,1.8,1.8,1.8,31104
LEMONTREE,20210505,36.1,36.5,35,35.5,649475
LFIC,20210505,77,79.95,75.5,76,460
LGBBROSLTD,20210505,295.15,298.65,290,290.35,47585
LGBFORGE,20210505,3.8,3.8,3.7,3.75,25822
LIBAS,20210505,45.4,45.4,43.05,44.8,38337
LIBERTSHOE,20210505,132.2,133,129.35,130.5,36428
LICHSGFIN,20210505,411.95,415,406.2,412.55,1964013
LICNETFGSC,20210505,21.7,21.98,21.7,21.92,66831
LICNETFN50,20210505,171.5,172,170,171.53,496
LICNETFSEN,20210505,529.9,536.46,521,532.95,102
LICNFNHGP,20210505,156.9,156.9,152.02,154.3,87
LIKHITHA,20210505,367.95,371.85,363,367.25,33693
LINCOLN,20210505,291.8,303.2,282.7,293.5,330212
LINCPEN,20210505,151,152.65,148.7,150.3,1066
LINDEINDIA,20210505,1748,1843.9,1651,1817.3,164507
LIQUIDBEES,20210505,1000,1000.01,999.99,1000,797992
LIQUIDETF,20210505,1000,1000.01,999.99,999.99,12013
LODHA,20210505,591,612,587.5,606,291004
LOKESHMACH,20210505,47.9,47.95,45.1,45.75,6278
LOTUSEYE,20210505,44.3,45.05,44.05,44.65,11488
LOVABLE,20210505,90,91.65,87.55,90.05,43149
LPDC,20210505,2,2,1.9,2,30515
LSIL,20210505,1.6,1.6,1.6,1.6,386281
LT,20210505,1342.2,1346.75,1324,1338.65,1813150
LTI,20210505,3903.35,3964.95,3810.3,3915.15,390169
LTTS,20210505,2602,2620,2560,2567.85,351009
LUMAXIND,20210505,1543.25,1560,1514.8,1521.7,2480
LUMAXTECH,20210505,137.5,140.45,136.5,138,68489
LUPIN,20210505,1078.1,1209,1068.95,1200.5,26466899
LUXIND,20210505,1880.1,1920.2,1880.1,1914.95,29821
LXCHEM,20210505,222.7,227.5,219.2,223.25,2918280
LYKALABS,20210505,46,47.75,43.25,43.25,672156
LYPSAGEMS,20210505,4,4.1,3.9,4,32020
M&M,20210505,743.15,749,737.35,747.55,3102424
M&MFIN,20210505,156.4,157.55,151.55,153.75,14097568
M100,20210505,25.98,25.99,25.3,25.53,133427
M50,20210505,142.56,143.55,142.3,143.3,1533
MAANALU,20210505,184.85,184.85,179,181.7,28688
MACPOWER,20210505,87.55,88,85.3,86.25,482
MADHAV,20210505,50.65,50.7,48.9,49.3,8387
MADHUCON,20210505,4.9,4.9,4.7,4.75,8849
MADRASFERT,20210505,26.95,27.1,26.5,26.6,156334
MAESGETF,20210505,25.38,25.38,24.75,24.94,7416
MAGADSUGAR,20210505,166.3,174.5,160.95,168.1,166231
MAGMA,20210505,128.65,128.65,128.65,128.65,459678
MAGNUM,20210505,4.65,4.65,4.5,4.6,8185
MAHABANK,20210505,24.8,25.5,23.95,24.15,9046019
MAHAPEXLTD,20210505,65,66.85,64.35,64.9,1558
MAHASTEEL,20210505,91,92,88.3,89,20875
MAHEPC,20210505,145.25,146.55,144.25,145.45,44461
MAHESHWARI,20210505,104.75,105.55,99.5,101.05,42473
MAHINDCIE,20210505,172,174.65,170.55,172.45,121288
MAHLIFE,20210505,489.9,495.95,475,478.3,18870
MAHLOG,20210505,504.8,519.6,502.3,515.75,82713
MAHSCOOTER,20210505,3619,3624.95,3533.6,3554.35,1644
MAHSEAMLES,20210505,292.2,294.8,288.05,289.85,48845
MAITHANALL,20210505,835,865.9,821,857.35,181539
MAJESCO,20210505,71.9,72.5,71.65,72.1,224182
MALUPAPER,20210505,28,28.8,26.2,27.15,123404
MAN50ETF,20210505,151.06,151.06,148.57,149.28,18812
MANAKALUCO,20210505,10.95,11.3,10.5,10.7,39232
MANAKCOAT,20210505,16.85,16.85,15.6,16.6,165632
MANAKSIA,20210505,56.45,57.15,55,55.25,69082
MANAKSTEEL,20210505,24.65,25.6,24.2,25.25,74219
MANALIPETC,20210505,85,85.45,82.3,83.5,1634152
MANAPPURAM,20210505,149,150.25,147,149.1,1877244
MANGALAM,20210505,138.9,145,137.25,140.1,206953
MANGCHEFER,20210505,80.1,85.7,79.8,84.2,941930
MANGLMCEM,20210505,275.95,277.9,274.1,275.5,7271
MANGTIMBER,20210505,10,10.5,9.9,10.15,5364
MANINDS,20210505,93.5,94.7,91.55,91.95,415059
MANINFRA,20210505,38.55,39.2,38.35,38.6,233905
MANUGRAPH,20210505,11.5,11.5,10.7,10.9,14449
MANXT50,20210505,349.93,353.77,348.63,353.01,20379
MARALOVER,20210505,34.7,35.7,33.75,35.65,46409
MARATHON,20210505,48.85,49.5,46.75,47.15,41550
MARICO,20210505,466,467.65,451.65,455.3,4410455
MARINE,20210505,76.5,77,74.25,75.1,173729
MARKSANS,20210505,71.9,76.5,70.6,75.15,13174439
MARUTI,20210505,6557.7,6599,6483,6590.1,499160
MASFIN,20210505,803.95,807,791.35,801.45,7756
MASKINVEST,20210505,27,27,27,27,2
MASTEK,20210505,1554,1628.5,1554,1619.95,233674
MATRIMONY,20210505,946,976.6,946,960.95,16130
MAWANASUG,20210505,47,49.75,46.2,49.75,410278
MAXHEALTH,20210505,227.95,239.5,224.55,229.8,6709528
MAXIND,20210505,65.3,66.35,65.2,65.85,131857
MAXVIL,20210505,58.5,58.8,56.9,58.2,137084
MAYURUNIQ,20210505,445,454.9,434,449.45,95031
MAZDA,20210505,466.05,488,463.25,472.45,6031
MAZDOCK,20210505,202.5,212.5,202.5,210,1132174
MBAPL,20210505,80,81.55,77.15,79.25,1652
MBECL,20210505,7.45,7.45,6.9,7.15,5454
MBLINFRA,20210505,18.05,18.5,17.6,17.7,53528
MCDHOLDING,20210505,38,39.4,37.95,38.6,27879
MCDOWELL-N,20210505,530.7,545,526,542.15,2649970
MCL,20210505,87.05,89.15,87,87.55,12404
MCLEODRUSS,20210505,22.65,23.75,22.2,23.75,604424
MCX,20210505,1494.7,1494.7,1473.2,1479.65,71579
MEGASOFT,20210505,12.7,13.6,12.7,13,147815
MEGH,20210505,150.5,153.95,146.2,148.15,3125318
MENONBE,20210505,55.1,56.95,55.1,55.7,30886
MEP,20210505,15.75,16,15.65,15.95,41704
MERCATOR,20210505,1.15,1.15,1.05,1.05,2237559
METROPOLIS,20210505,2284.4,2345.45,2271.1,2322.55,72502
MFSL,20210505,899.15,907.25,875.25,889.55,496453
MGEL,20210505,47.5,48.9,46.6,46.7,1251
MGL,20210505,1164,1179,1132.8,1145.7,503803
MHRIL,20210505,213,213,207.5,209.95,36407
MIC,20210505,0.95,0.95,0.9,0.95,548293
MIDHANI,20210505,185.25,186.4,183.65,184.05,179099
MINDACORP,20210505,103.3,103.35,99.5,102.75,565411
MINDAIND,20210505,516,524.95,508.5,510.1,280857
MINDTECK,20210505,51.95,52.75,51,51.9,7640
MINDTREE,20210505,2124,2187.9,2121.2,2166.55,797084
MIRCELECTR,20210505,14.7,15.3,14.15,15.3,7855128
MIRZAINT,20210505,46,46.6,45.55,45.95,155804
MITTAL,20210505,10.3,10.3,9.6,10.05,36742
MMFL,20210505,477.1,491.9,468.05,474.35,12155
MMP,20210505,89.15,92.5,89.15,89.7,7307
MMTC,20210505,42.4,43.3,42.1,42.6,2521824
MODIRUBBER,20210505,74.25,80.5,74.25,79.2,5103
MODISNME,20210505,61.1,64,58,58.65,87256
MOHITIND,20210505,6.95,7.25,6.95,7.25,9196
MOHOTAIND,20210505,6.4,6.4,6,6.2,14934
MOIL,20210505,166.8,168.95,163.6,164.15,505316
MOLDTECH,20210505,44.1,46,44.1,45.3,16896
MOLDTKPAC,20210505,451.05,474.1,451.05,461.75,24025
MONTECARLO,20210505,227.05,237.55,227.05,234.25,84885
MORARJEE,20210505,14.25,14.3,13.9,14.05,6367
MOREPENLAB,20210505,62.55,63.5,62,62,2132482
MOTHERSUMI,20210505,218.75,221.6,211.8,219.65,13492021
MOTILALOFS,20210505,654,661,643.95,659.7,162489
MOTOGENFIN,20210505,20.4,20.85,19.5,20.05,2080
MPHASIS,20210505,1747,1778.9,1736,1747.15,207032
MPSLTD,20210505,635,635,615.3,630.35,13121
MRF,20210505,79299.95,79398.95,77751,78277.7,17889
MRO-TEK,20210505,23.2,23.25,23.2,23.2,359
MRPL,20210505,44.3,44.75,43.1,43.65,2813977
MSPL,20210505,13,13.3,12.1,12.5,228879
MSTCLTD,20210505,256,259.7,254.6,255.65,137246
MTARTECH,20210505,935,935.25,918.05,920.5,79187
MTEDUCARE,20210505,6.85,6.85,6.7,6.8,75498
MTNL,20210505,16.3,17.15,16.1,16.8,3749031
MUKANDLTD,20210505,118.45,120,115.1,116.7,43741
MUKTAARTS,20210505,28.65,29.2,28,28.25,7219
MUNJALAU,20210505,52.5,56.95,51.85,55.8,365746
MUNJALSHOW,20210505,136,139.35,136,137.5,14344
MURUDCERA,20210505,20.55,20.55,19.65,19.8,32580
MUTHOOTCAP,20210505,370.9,374.3,367.6,372.4,7517
MUTHOOTFIN,20210505,1164,1165,1145,1150.75,427270
N100,20210505,1004.9,1143.1,992.5,996.6,134948
NACLIND,20210505,39.1,40.65,39,39.4,88665
NAGAFERT,20210505,6.3,6.4,6.05,6.4,677905
NAGREEKEXP,20210505,18.45,18.6,16.8,17.05,13351
NAHARCAP,20210505,102.65,104.85,102,103.25,10465
NAHARINDUS,20210505,53,56.4,53,54.7,147924
NAHARPOLY,20210505,134.95,139.45,131.55,134.85,175614
NAHARSPING,20210505,106,110.6,106,110.6,48575
NAM-INDIA,20210505,342,343.15,336.2,339.1,307449
NATCOPHARM,20210505,934,944.9,926.3,932.9,665400
NATHBIOGEN,20210505,346,350.2,335.65,338.15,12578
NATIONALUM,20210505,67.6,68.3,66.35,66.7,23724457
NATNLSTEEL,20210505,4.8,4.85,4.6,4.6,3142
NAUKRI,20210505,4800,4861,4672,4838.8,577970
NAVINFLUOR,20210505,3430,3526,3326.5,3477.65,274100
NAVKARCORP,20210505,35.15,35.25,34,34.3,456775
NAVNETEDUL,20210505,75.15,75.75,74.5,74.8,66701
NAZARA,20210505,1806.7,1819,1771.2,1789.35,149060
NBCC,20210505,43.6,44.5,42.6,44.15,11178582
NBIFIN,20210505,1953.7,1954.65,1904,1948.8,189
NBVENTURES,20210505,83.6,84.25,81.45,83.2,842701
NCC,20210505,75,75.35,74.1,74.8,1538591
NCLIND,20210505,184.3,187.6,182.55,183.95,125392
NCPSESDL24,20210505,104.2,104.2,104.09,104.19,458
NDGL,20210505,833.05,833.05,774.95,816,164
NDL,20210505,30.05,32.8,30,31.8,47589
NDRAUTO,20210505,193.45,194.9,186,190.85,2780
NDTV,20210505,63.75,69.3,61.45,69.3,133744
NECCLTD,20210505,8.75,8.75,7.8,8.35,16907
NECLIFE,20210505,25.35,26.9,25.05,26,1594005
NELCAST,20210505,69.3,71.8,69.3,69.95,207454
NELCO,20210505,200.9,206,199.85,202.25,126208
NEOGEN,20210505,854.8,870,846.4,850.35,20745
NESCO,20210505,493.6,501.6,490.25,493.15,32163
NESTLEIND,20210505,16561.05,16610,16457.45,16549.25,35322
NETF,20210505,180.15,180.15,180.15,180.15,18
NETFCONSUM,20210505,63.3,64.5,62.5,63.95,2680
NETFDIVOPP,20210505,36.51,37.59,36.51,37.39,594
NETFGILT5Y,20210505,48.17,48.17,48.1,48.13,19
NETFIT,20210505,26,26.65,25.56,25.98,306225
NETFLTGILT,20210505,22.43,22.45,22.34,22.42,54395
NETFMID150,20210505,92.79,92.95,92.06,92.65,64958
NETFNIF100,20210505,153,153.5,150.8,151.58,293
NETFNV20,20210505,81.99,81.99,79.95,81.2,1285
NETFSDL26,20210505,102.45,102.45,102.45,102.45,5
NETWORK18,20210505,38.1,39.45,37.85,38.9,1038915
NEULANDLAB,20210505,2532.1,2684,2508.65,2614.85,44489
NEWGEN,20210505,320.55,329.05,320.55,327.2,35511
NEXTMEDIA,20210505,4.05,4.25,4.05,4.1,13210
NFL,20210505,59,60.9,58.4,59.8,3635800
NH,20210505,397.05,421,395.15,409.1,434279
NHPC,20210505,24.65,24.8,24.25,24.35,2275780
NIACL,20210505,157,158.1,153.6,154.25,465831
NIBL,20210505,21.4,22.25,20.3,22.25,19337
NIFTYBEES,20210505,158.9,158.9,151.35,156.81,1411068
NIITLTD,20210505,165.3,169.15,165.05,166.05,139914
NILAINFRA,20210505,4.3,4.4,4.2,4.3,83503
NILASPACES,20210505,1.4,1.4,1.35,1.35,174267
NILKAMAL,20210505,2048,2109.8,1966.15,1987.35,50588
NIPPOBATRY,20210505,742.2,759.95,742.05,750.95,1331
NIRAJ,20210505,40,42,38.5,39.8,6444
NITCO,20210505,19.55,20.95,19.5,20.35,74332
NITINSPIN,20210505,93.4,100.8,91,97.4,919690
NITIRAJ,20210505,41,41.9,39.05,41.05,1158
NKIND,20210505,25.1,25.5,24.95,25.5,722
NLCINDIA,20210505,48.75,49,48.2,48.3,611316
NMDC,20210505,160.9,168.2,160.25,167.35,23596828
NOCIL,20210505,200,203,194,195.1,924407
NOIDATOLL,20210505,5.8,6,5.7,5.95,81043
NORBTEAEXP,20210505,5.15,5.15,5.15,5.15,10
NOVARTIND,20210505,640,653.95,634.85,642.6,10751
NPBET,20210505,176,176,171.9,174.99,134
NRAIL,20210505,225.65,226.7,220.25,221.3,24490
NRBBEARING,20210505,106.25,109,105.95,106.2,93037
NSIL,20210505,1517.05,1534.55,1487.55,1514.85,756
NTL,20210505,0.7,0.75,0.7,0.75,5222
NTPC,20210505,104.75,105.65,102.8,103.9,14956169
NUCLEUS,20210505,529.1,534,517.5,519.5,33555
NURECA,20210505,1314.7,1333.35,1248.55,1333.35,68057
NXTDIGITAL,20210505,450.2,474.2,450.2,472.6,1410
OAL,20210505,928.9,928.9,887,896,28883
OBEROIRLTY,20210505,551,554.3,548,550.25,62827
OCCL,20210505,917.95,929,909.55,921.05,3600
OFSS,20210505,3495,3569.95,3495,3544.8,57520
OIL,20210505,122.5,124.75,121.4,122.1,668012
OLECTRA,20210505,190,193.95,183.65,185.85,170903
OMAXAUTO,20210505,39.4,40.85,39.4,40.3,30290
OMAXE,20210505,69.5,69.8,68.2,68.8,73968
OMINFRAL,20210505,20.8,20.8,19.7,19.9,68486
ONELIFECAP,20210505,6.7,7,6.45,7,3716
ONEPOINT,20210505,16.4,16.55,15.5,16.55,57224
ONGC,20210505,112.4,114,110.5,111.1,47588366
ONMOBILE,20210505,104.8,106.3,103.2,103.9,283412
ONWARDTEC,20210505,114.65,117.25,114.1,114.35,31221
OPTIEMUS,20210505,142,145.15,139.55,144.7,82805
OPTOCIRCUI,20210505,4.2,4.6,4.2,4.6,1042584
ORBTEXP,20210505,57.15,59,56.35,58.7,6784
ORCHPHARMA,20210505,1525,1620.65,1466.35,1589.05,6325
ORICONENT,20210505,21.8,22.85,21.75,22.8,135103
ORIENTABRA,20210505,25,25.75,24.75,25.4,144432
ORIENTALTL,20210505,7.4,7.7,7.25,7.5,38271
ORIENTBELL,20210505,225.45,233,224.6,231.1,27143
ORIENTCEM,20210505,110.1,111.9,108.65,111.05,694741
ORIENTELEC,20210505,274.5,274.5,270.1,272.9,222810
ORIENTHOT,20210505,25.65,25.7,24.2,24.75,52610
ORIENTLTD,20210505,76.25,76.3,73,73.7,1410
ORIENTPPR,20210505,24.6,26.4,24.55,25.7,2950748
ORIENTREF,20210505,320.05,325.4,316,319.6,164474
ORISSAMINE,20210505,2390,2440,2376.55,2390.7,7290
ORTINLAB,20210505,28.25,29.5,27.6,28.05,46148
OSWALAGRO,20210505,10.15,10.4,9.7,10,103976
PAGEIND,20210505,29799,29799,29260,29637.3,27903
PAISALO,20210505,619.55,624,608,621.05,11537
PALASHSECU,20210505,55.3,56.7,54.7,55.85,8521
PALREDTEC,20210505,145.7,145.7,138,139,5634
PANACEABIO,20210505,339,339,319,319.95,716637
PANACHE,20210505,57.05,59,56.45,57.25,132689
PANAMAPET,20210505,184.9,190,180.3,182.95,132176
PARACABLES,20210505,9,9.15,8.65,8.85,114174
PARAGMILK,20210505,115.7,137,115.55,134.1,9274147
PARSVNATH,20210505,7.6,7.85,7.5,7.65,49471
PATELENG,20210505,12.5,12.7,12.35,12.45,190353
PATINTLOG,20210505,18.95,19.4,18.85,18.95,82518
PATSPINLTD,20210505,4.45,4.7,4.3,4.65,14845
PCJEWELLER,20210505,23.65,23.65,22.95,23.15,600216
PDMJEPAPER,20210505,23.4,24.25,22.9,23.85,247271
PDSMFL,20210505,682.45,691,682,685,4257
PEARLPOLY,20210505,15.95,16.15,15.6,15.85,17118
PEL,20210505,1689,1733,1674.35,1720.9,977956
PENIND,20210505,20,20.15,19.25,19.35,1029619
PENINLAND,20210505,7.4,7.4,6.9,7,168079
PERSISTENT,20210505,2203.2,2294.95,2181.35,2252.95,289757
PETRONET,20210505,239.5,243.85,238.55,242.65,3487710
PFC,20210505,108.65,110,108.25,109.15,4899083
PFIZER,20210505,5280.15,5494.7,5260.6,5448.55,354078
PFOCUS,20210505,65,66.95,63,66,16559
PFS,20210505,18.9,18.95,17.95,18.15,794151
PGEL,20210505,320.05,338.15,317.65,338.15,89011
PGHH,20210505,13500,13695,13100.15,13558.95,30087
PGHL,20210505,6289.35,6365.6,6260,6294.2,6743
PGIL,20210505,183,183.85,172.05,181.05,1888
PHILIPCARB,20210505,205.5,207,203.1,204.75,771996
PHOENIXLTD,20210505,757,774.65,740.4,747.95,100252
PIDILITIND,20210505,1806.6,1816.8,1794.6,1812.65,167560
PIIND,20210505,2510,2699.9,2483.55,2672.4,571790
PILANIINVS,20210505,1689,1691.35,1673.9,1687.55,66919
PILITA,20210505,14.35,14.45,13.7,13.85,75964
PIONDIST,20210505,105,109,101.95,107.95,107179
PIONEEREMB,20210505,46.7,46.7,45.45,45.65,51915
PITTIENG,20210505,66.35,67.2,65.1,66.1,199687
PKTEA,20210505,229.3,229.3,218.45,220.25,247
PLASTIBLEN,20210505,225.95,245,221.15,240.05,42576
PNB,20210505,38.55,38.7,37.15,37.45,178293892
PNBGILTS,20210505,53.4,53.4,52.1,52.85,284515
PNBHOUSING,20210505,364.05,366.25,357.5,358.7,204113
PNC,20210505,40.6,40.6,40.6,40.6,32818
PNCINFRA,20210505,224.9,225.7,221,223.2,309847
PODDARHOUS,20210505,168.6,170.9,164.55,165,2718
PODDARMENT,20210505,214.55,215,212,213.3,4902
POKARNA,20210505,256.35,256.35,247.55,249.45,45727
POLYCAB,20210505,1463.2,1464,1425.45,1440.25,123522
POLYMED,20210505,1009.3,1009.3,950,975.85,229902
POLYPLEX,20210505,1061.8,1243.7,1035,1142.8,874357
PONNIERODE,20210505,194,201.9,181.55,192.15,56809
POWERGRID,20210505,218.05,220.35,216.8,218.2,13037762
POWERINDIA,20210505,1819.95,1845,1699.45,1756.45,53537
POWERMECH,20210505,570.25,580,561.1,576.4,28455
PPAP,20210505,197.65,212.65,197.5,207.75,208913
PPL,20210505,139.3,141.25,135.2,136.8,127805
PRAENG,20210505,8.8,9.3,7.6,9,40797
PRAJIND,20210505,247,261.4,244.45,254.8,7435748
PRAKASH,20210505,87.25,91.4,87.25,89.6,3051674
PRAKASHSTL,20210505,0.95,0.95,0.95,0.95,69092
PRAXIS,20210505,35.8,35.8,34.4,35.05,4277
PRECAM,20210505,44.1,45.8,44,45.35,173661
PRECOT,20210505,121.45,121.45,117.55,118.2,4250
PRECWIRE,20210505,198,199.05,192.4,192.9,12184
PREMEXPLN,20210505,150.15,154,149.75,150.9,4080
PREMIER,20210505,2.4,2.4,2.4,2.4,17376
PREMIERPOL,20210505,38.7,39,38,38.1,7402
PRESSMN,20210505,24.45,24.9,23.6,24.25,53779
PRESTIGE,20210505,268,273.95,267.85,271.85,268218
PRICOLLTD,20210505,81.1,85.35,79.85,83.7,2221420
PRIMESECU,20210505,42.75,42.8,42.25,42.5,3375
PRINCEPIPE,20210505,552.4,597.05,545,572.7,1441214
PRIVISCL,20210505,999.95,1004.65,971.55,985.05,22695
PROZONINTU,20210505,16.9,17.3,16.8,16.9,55804
PRSMJOHNSN,20210505,133.1,134.9,130,133.15,183618
PSB,20210505,18.35,18.95,18.35,18.7,776118
PSPPROJECT,20210505,415,425.25,411.8,413.25,18422
PSUBNKBEES,20210505,23,23.8,23,23.33,917629
PTC,20210505,82.15,83.65,82,83.25,614848
PTL,20210505,37.85,38.8,37.4,38.1,281316
PUNJABCHEM,20210505,1007.05,1045,990.45,1013.65,16060
PURVA,20210505,70.7,71.2,69.8,70.1,43145
PVR,20210505,1127.9,1127.9,1092,1110.9,1134250
QGOLDHALF,20210505,2035,2036,2017.55,2019.95,359
QNIFTY,20210505,1512,1512,1512,1512,3
QUESS,20210505,630,630,613.8,621.6,35975
QUICKHEAL,20210505,182.1,184.95,182,182.65,85412
RADAAN,20210505,0.85,0.85,0.75,0.8,24390
RADICO,20210505,562.15,566,551.55,555.05,105169
RADIOCITY,20210505,23.2,23.4,22.95,23.05,264104
RAILTEL,20210505,120.4,121.35,119.4,119.8,811406
RAIN,20210505,181,182.9,178.15,179.6,3173461
RAJESHEXPO,20210505,517,521.9,501.5,507.05,176504
RAJMET,20210505,92.8,92.8,92,92.25,2782
RAJRATAN,20210505,1060.1,1080,1050,1075.2,20394
RAJSREESUG,20210505,21.45,22,20.4,21.2,50722
RAJTV,20210505,37.05,37.5,36.2,36.4,5943
RALLIS,20210505,290.3,300,288.65,294.15,870061
RAMANEWS,20210505,16.2,16.45,15.75,16.05,126650
RAMASTEEL,20210505,80.75,82.85,79,79.8,7071
RAMCOCEM,20210505,966.4,981.75,965.8,974.2,303809
RAMCOIND,20210505,288,289.8,282,283.5,155999
RAMCOSYS,20210505,521,524,507.5,514.85,81875
RAMKY,20210505,74.8,76.9,73.45,73.7,37902
RANASUG,20210505,14.1,15.2,13.65,13.9,4037367
RANEENGINE,20210505,269.9,272,266,270.8,2296
RANEHOLDIN,20210505,585,597.7,574.1,575.45,17506
RATNAMANI,20210505,1936.6,1952,1923.75,1940.25,7198
RAYMOND,20210505,326.65,332.7,323.15,325.05,354180
RBL,20210505,805,823.25,802.1,809.25,2890
RBLBANK,20210505,180.25,186.9,180.25,184.2,21027159
RCF,20210505,74.8,78.7,74.3,76.85,11216066
RCOM,20210505,1.6,1.65,1.6,1.65,11162364
RECLTD,20210505,130,130.9,128.8,130.05,1854983
REDINGTON,20210505,178.6,180.75,176.65,177.4,122032
REFEX,20210505,128.65,141.15,128.65,133.65,541495
RELAXO,20210505,898.2,905.8,885.2,897.9,126634
RELCAPITAL,20210505,10.45,10.65,10.3,10.55,851444
RELIANCE,20210505,1923.35,1938.5,1908.05,1920.1,5719649
RELIGARE,20210505,85.25,92.2,84.5,89.65,3066681
RELINFRA,20210505,45.55,48.3,45.1,47.3,5890744
REMSONSIND,20210505,159.9,170.9,157.55,162.6,14380
RENUKA,20210505,12.3,12.75,12,12,21963744
REPCOHOME,20210505,345,361.55,341,347.95,275613
REPL,20210505,210,210,200,201.6,12937
REPRO,20210505,342.65,347.9,337,346.35,5860
RESPONIND,20210505,159.45,161.7,156.9,157.5,24563
REVATHI,20210505,540.05,579,522.65,553.85,3342
RGL,20210505,389.9,393.8,382,384.25,33559
RHFL,20210505,2.7,2.7,2.6,2.6,817743
RICOAUTO,20210505,42.6,42.9,40.75,41.2,633116
RIIL,20210505,379.1,382.1,373.3,374.95,69134
RITES,20210505,238.9,240.5,237.25,237.7,175773
RKDL,20210505,9,9.1,8.7,8.7,13901
RKEC,20210505,68,68,61.35,62.65,37279
RKFORGE,20210505,570.4,588.5,565,575.15,25930
RMCL,20210505,2.2,2.2,2.1,2.1,109766
RML,20210505,337.7,340.05,332.4,335.25,8975
ROHITFERRO,20210505,1.8,1.8,1.8,1.8,9398
ROHLTD,20210505,62.45,62.65,61,61.15,10362
ROLLT,20210505,3,3,2.85,2.95,22905
ROLTA,20210505,4.3,4.35,4.1,4.15,904775
ROML,20210505,110,113.8,106.15,107.3,5479
ROSSARI,20210505,1211.4,1229.85,1202.5,1212.45,62326
ROSSELLIND,20210505,121.05,123.5,117.1,118.55,21800
ROUTE,20210505,1593.8,1606,1575,1587.5,140168
RPGLIFE,20210505,452,462,448.5,450.35,81540
RPOWER,20210505,5.1,5.25,5,5.1,39744558
RPPINFRA,20210505,65.5,66,63.8,64.05,25534
RPSGVENT,20210505,379,379.5,363.15,371.85,66481
RSSOFTWARE,20210505,27.6,27.85,26.45,27,36389
RSWM,20210505,189.35,204.25,188,204.05,88748
RSYSTEMS,20210505,122.15,126.95,120.15,125.65,54796
RTNINDIA,20210505,11.75,11.75,10.65,11.55,15687515
RTNPOWER,20210505,3,3,2.9,2.9,16098101
RUBYMILLS,20210505,175,188,172.35,178.65,16991
RUCHI,20210505,675.5,689,675.5,682.3,11176
RUCHINFRA,20210505,5.75,5.75,5.55,5.65,33337
RUCHIRA,20210505,67.3,67.75,64.1,64.45,116327
RUPA,20210505,294.15,299,292,293.55,36995
RUSHIL,20210505,195.95,199.5,186.65,190.1,78227
RVHL,20210505,17.1,17.15,16.7,16.85,17157
RVNL,20210505,28.5,28.6,28.1,28.3,3842164
S&SPOWER,20210505,19.5,21.45,19.5,20.2,413
SABEVENTS,20210505,1.45,1.5,1.45,1.5,8186
SADBHAV,20210505,63,63.1,62.15,62.65,131671
SADBHIN,20210505,19.65,20.2,19.55,19.9,122401
SAFARI,20210505,611.8,613.85,590.5,602.55,24308
SAGARDEEP,20210505,36.25,37.2,34.05,36.8,43998
SAGCEM,20210505,724,734.95,724,731.85,8972
SAIL,20210505,132.5,134.3,126.55,130.3,104823675
SAKAR,20210505,139,144.95,131.3,138.6,90470
SAKHTISUG,20210505,14.1,14.95,14.1,14.2,1763988
SAKSOFT,20210505,497.5,497.5,481.9,486.65,14717
SAKUMA,20210505,5.2,5.4,5.2,5.25,169796
SALASAR,20210505,489.45,503,485.75,498.8,97923
SALONA,20210505,98,98,90.55,92.55,1038
SALSTEEL,20210505,4.65,4.85,4.55,4.7,59655
SALZERELEC,20210505,124,124.65,122,122.45,27584
SAMBHAAV,20210505,2.05,2.15,2,2.15,48694
SANCO,20210505,8.65,8.65,8.3,8.4,23032
SANDESH,20210505,651.05,695,651.05,665.6,1869
SANDHAR,20210505,186.55,189.9,185.3,186.8,25949
SANGAMIND,20210505,81.95,84.75,81,84.75,25899
SANGHIIND,20210505,45.65,46.35,45,45.5,1204676
SANGHVIMOV,20210505,129,129.75,126.25,127.1,23025
SANGINITA,20210505,23.6,23.6,22.05,22.65,14744
SANOFI,20210505,7610,7738.9,7566,7690.95,36570
SARDAEN,20210505,559.4,594.05,555,584.75,266613
SAREGAMA,20210505,1886,1948.5,1870.1,1919.7,15708
SARLAPOLY,20210505,30.5,31.3,29.4,29.75,423503
SASKEN,20210505,910,922.5,902,907.45,12273
SASTASUNDR,20210505,163.5,164,157.25,158.55,43841
SATIA,20210505,87.4,89,85.65,86.25,107820
SATIN,20210505,86.15,88.45,84.5,84.85,151220
SBICARD,20210505,960,975,946,964.9,1230133
SBIETFIT,20210505,260,261.95,255.95,260.06,1316
SBIETFPB,20210505,175.99,175.99,172.58,175.7,2611
SBIETFQLTY,20210505,126.2,126.2,124,124.56,564
SBILIFE,20210505,989.95,1019.8,965,973.1,5475550
SBIN,20210505,356.5,357.45,348,355.4,40872501
SCAPDVR,20210505,2.05,2.2,2.05,2.05,76584
SCHAEFFLER,20210505,5235,5235,5110.5,5167.05,7985
SCHAND,20210505,94.9,94.9,91.6,92.7,67460
SCHNEIDER,20210505,92,93,91.1,91.3,208914
SCI,20210505,109.2,117.8,108,116.25,17957666
SDBL,20210505,31.4,31.9,30.8,31.4,44536
SEAMECLTD,20210505,420,444,415.7,424.9,25723
SECURKLOUD,20210505,85.5,85.55,83.25,84.1,13092
SELAN,20210505,132.2,134,131.05,131.75,87537
SEPOWER,20210505,3.95,4.1,3.95,4.1,14264
SEQUENT,20210505,291.45,299.7,289.35,292.55,546457
SESHAPAPER,20210505,160,163.6,154.5,154.85,35217
SETCO,20210505,16.95,18,16.95,17.55,882500
SETF10GILT,20210505,203,205.49,203,205.49,139
SETFGOLD,20210505,4182.95,4198.5,4160.55,4164.05,6808
SETFNIF50,20210505,151.85,151.85,147.23,148.22,129409
SETFNIFBK,20210505,323,327.49,319.95,326.53,51966
SETFNN50,20210505,365.99,367,361.61,365.6,10086
SETUINFRA,20210505,0.75,0.75,0.65,0.7,163431
SEYAIND,20210505,54.9,55,54,54.2,13717
SFL,20210505,2047,2049.7,2014.55,2032.65,12823
SGL,20210505,8.1,8.4,8.1,8.15,3649
SHAKTIPUMP,20210505,538,554.25,535.35,547.95,110811
SHALBY,20210505,134.2,139.8,133.9,138.45,2548151
SHALPAINTS,20210505,89.7,90.75,88.55,88.9,94436
SHANKARA,20210505,379.4,381.55,369,372.85,22775
SHANTIGEAR,20210505,141.1,145.75,138.65,144.2,112601
SHARDACROP,20210505,309.95,316.45,307.55,312.15,85186
SHARDAMOTR,20210505,334.3,334.95,324.9,328.65,15153
SHAREINDIA,20210505,385,400,381.05,388.8,144857
SHARIABEES,20210505,374.4,374.4,363.59,366.8,158
SHEMAROO,20210505,98.7,100.4,96,97.4,65735
SHIL,20210505,277.5,290.65,276.1,286.05,104282
SHILPAMED,20210505,419.1,444.9,419.1,441.9,736296
SHIVAMAUTO,20210505,18.8,19.8,18.8,19.35,71186
SHIVAMILLS,20210505,45.5,47.3,44.2,46.25,10690
SHIVATEX,20210505,157.05,161.9,154.5,158.95,4608
SHK,20210505,148,148.95,144.05,146.25,396034
SHOPERSTOP,20210505,197.2,197.3,195.3,196.05,24738
SHRADHA,20210505,39,39,38,38,29
SHREDIGCEM,20210505,70,70.5,67.85,68.25,571921
SHREECEM,20210505,27850,28044.4,27713.3,27844.2,24250
SHREEPUSHK,20210505,157.45,158.9,155,156.35,37058
SHREERAMA,20210505,11.95,13.95,11.7,13.6,2560382
SHRENIK,20210505,1.85,1.85,1.85,1.85,398874
SHREYANIND,20210505,92.5,94,88.8,91.55,57732
SHREYAS,20210505,83.05,97.85,81.85,97.85,684484
SHRIPISTON,20210505,788,788,753,754.35,33
SHRIRAMCIT,20210505,1620,1686,1600,1655.9,121837
SHRIRAMEPC,20210505,4.35,4.35,4.1,4.15,229068
SHYAMCENT,20210505,5.55,5.95,5.55,5.75,59975
SICAGEN,20210505,20.6,21.75,20.6,21.25,72499
SICAL,20210505,12.15,12.15,11.4,11.5,261752
SIEMENS,20210505,1874,1890,1829.55,1836.45,224128
SIGIND,20210505,30.1,30.85,30,30.5,15380
SIL,20210505,17.5,17.5,17,17.3,4421
SILGO,20210505,51.85,51.9,46.45,49.15,44622
SILINV,20210505,207.95,242.9,203.15,242.9,57190
SILLYMONKS,20210505,21,21.45,20.05,21.4,314
SIMBHALS,20210505,10.6,10.6,10.2,10.6,93259
SIMPLEXINF,20210505,29.55,30.45,29.1,29.55,46325
SINTERCOM,20210505,75,84.4,75,77.45,53986
SINTEX,20210505,3.5,3.55,3.4,3.45,847286
SIRCA,20210505,342.95,349.9,340.05,343.55,14213
SIS,20210505,373.4,373.6,368.7,370.45,195370
SITINET,20210505,0.85,0.9,0.8,0.8,2027679
SIYSIL,20210505,207.7,235.8,207.7,214.6,998691
SJVN,20210505,25.5,25.6,25.3,25.35,556397
SKFINDIA,20210505,2230,2277,2220.1,2229.55,14675
SKIL,20210505,2.7,2.7,2.6,2.6,65612
SKIPPER,20210505,56,56.9,53.7,54.85,291141
SKMEGGPROD,20210505,53.1,54.65,52.15,53.95,100196
SMARTLINK,20210505,87.9,87.9,85.55,86.3,5202
SMCGLOBAL,20210505,69.9,70,67.95,68.6,57141
SMLISUZU,20210505,445.3,450.35,441.1,442.35,6907
SMSLIFE,20210505,595.65,610.05,584.4,602.85,6386
SMSPHARMA,20210505,159.4,163.9,155.65,158.55,572059
SNOWMAN,20210505,49.55,50.5,48.55,49.7,3285897
SOBHA,20210505,484.4,489.75,483.1,485,66484
SOLARA,20210505,1522,1647,1522,1611.5,517371
SOLARINDS,20210505,1224.5,1257.15,1217.7,1228.1,15729
SOMANYCERA,20210505,417.1,435,416,422.2,74699
SOMATEX,20210505,5.6,5.6,5.35,5.55,10033
SOMICONVEY,20210505,45.7,45.7,45.05,45.7,20979
SONATSOFTW,20210505,579.9,586.3,575,577.3,48939
SORILINFRA,20210505,124.95,126.05,120,121.75,53573
SOTL,20210505,1020.9,1034.3,1020.9,1030.45,9665
SOUTHBANK,20210505,8.2,8.25,8.1,8.15,7589332
SOUTHWEST,20210505,37.8,37.95,36.3,36.55,12606
SPAL,20210505,169.2,179.7,169.2,177.4,60847
SPANDANA,20210505,589,608.5,589,596.05,107513
SPARC,20210505,171.95,187.85,170.8,185.7,4999881
SPECIALITY,20210505,40.9,41.9,40.3,41.1,35335
SPENCERS,20210505,69.4,70.2,69.1,69.65,87644
SPIC,20210505,35.05,37.3,34.35,36,3056360
SPICEJET,20210505,61.9,63.6,61.25,62.9,2347880
SPLIL,20210505,36.9,36.95,35.35,35.85,28031
SPMLINFRA,20210505,9.8,9.85,9.45,9.65,12351
SPTL,20210505,3.15,3.25,3.15,3.2,1039409
SPYL,20210505,0.45,0.45,0.4,0.45,801268
SREEL,20210505,138.9,140.95,138.85,139.8,4371
SREINFRA,20210505,7,7.05,6.85,6.85,1111362
SRF,20210505,6808,6999,6653.6,6836.65,661029
SRHHYPOLTD,20210505,296,300,291.6,298.4,27783
SRIPIPES,20210505,195.1,198.15,190.9,192.65,164007
SRPL,20210505,30.4,30.4,27.55,29,372
SRTRANSFIN,20210505,1310,1310,1272.1,1287.05,2467446
SSWL,20210505,724.95,790.2,724.25,772.5,193819
STAR,20210505,842.8,874,840,851.95,1026602
STARCEMENT,20210505,102.4,102.9,100.55,101.5,159284
STARPAPER,20210505,127.85,131.95,127.1,127.65,281232
STCINDIA,20210505,82.85,85,81,82.45,54212
STEELCITY,20210505,38.65,39.5,38.45,39.1,11164
STEELXIND,20210505,64,65.35,62.25,62.85,40002
STEL,20210505,79.95,79.95,78.5,78.95,3344
STERTOOLS,20210505,189.35,193.95,188,191.7,6696
STLTECH,20210505,235,236.75,224.6,226.7,365388
STOVEKRAFT,20210505,455.05,505.55,450.95,496.35,318596
SUBCAPCITY,20210505,17.5,17.5,16,16.75,300
SUBEXLTD,20210505,51,54.25,50.6,53.65,14837321
SUBROS,20210505,302.3,306.25,300,302.05,13296
SUDARSCHEM,20210505,647,660.9,633.3,637.15,206593
SUMEETINDS,20210505,4.45,4.55,4.3,4.3,57595
SUMICHEM,20210505,303,304,297.05,299.4,167123
SUMIT,20210505,10.6,11.3,10.1,10.2,32574
SUMMITSEC,20210505,524.15,526.95,517,523,695
SUNCLAYLTD,20210505,3106.75,3147.95,3084.2,3100,57051
SUNDARAM,20210505,1.2,1.2,1.15,1.15,162261
SUNDARMFIN,20210505,2498.35,2520,2441.6,2492.7,7244
SUNDARMHLD,20210505,76.95,80,75.5,76.1,213765
SUNDRMBRAK,20210505,328.1,339.4,327.85,331.8,2840
SUNDRMFAST,20210505,736,755,727,731.55,146066
SUNFLAG,20210505,78.45,79.95,76.4,77.1,1208250
SUNPHARMA,20210505,642.25,687.9,642.25,683.4,25296369
SUNTECK,20210505,261.5,265,256,257.1,321848
SUNTV,20210505,495,509,492,500.65,3130867
SUPERHOUSE,20210505,122.65,132,122,125.85,94121
SUPERSPIN,20210505,6.05,6.2,6,6.2,135287
SUPPETRO,20210505,706.8,714.7,688,694.05,157247
SUPRAJIT,20210505,258.9,258.9,251.35,255.25,51915
SUPREMEENG,20210505,23.05,23.55,22.5,23.2,5304
SUPREMEIND,20210505,2180,2188,2125,2148.45,145872
SURANASOL,20210505,8.6,9.1,8.6,9.1,71491
SURANAT&P,20210505,4.2,4.3,4.05,4.25,21623
SURYALAXMI,20210505,30.75,31.05,30.05,31.05,4961
SURYAROSNI,20210505,436,467.05,427.25,460,342997
SURYODAY,20210505,246.4,248.9,245,246.15,94729
SUTLEJTEX,20210505,43.45,44.7,42.8,43.3,176022
SUULD,20210505,270,282.9,269.6,282.25,53425
SUVEN,20210505,97.7,99.95,91.1,94.65,1726715
SUVENPHAR,20210505,538.1,549.8,532.75,545.9,346477
SUVIDHAA,20210505,29.2,29.2,29.2,29.2,17387
SUZLON,20210505,5.05,5.2,5,5.05,8900113
SWANENERGY,20210505,130,132.25,128.5,129.65,114242
SWARAJENG,20210505,1515,1598.7,1467.45,1480.45,43279
SWELECTES,20210505,244.55,244.55,231,236.05,66876
SWSOLAR,20210505,312.25,314.9,307.25,310.2,356070
SYMPHONY,20210505,1130,1146.5,1090.4,1095.1,120203
SYNGENE,20210505,573,576.9,565,567,194672
TAINWALCHM,20210505,67.8,68.9,66.5,66.95,5860
TAJGVK,20210505,110.8,110.8,109.25,110,38739
TAKE,20210505,52,57.4,51.6,56.55,8368802
TALBROAUTO,20210505,209.9,216,208,212.3,14595
TANLA,20210505,862.1,880,852.9,865,63193
TARC,20210505,28.25,28.75,27.35,27.75,189345
TARMAT,20210505,49,50.1,48,48.2,10029
TASTYBITE,20210505,15500,15781.55,15070,15608,2466
TATACHEM,20210505,708,715,694.5,698.65,13401236
TATACOFFEE,20210505,143.4,145.65,140.55,142.55,4059952
TATACOMM,20210505,1100,1112.05,1069,1086.9,228101
TATACONSUM,20210505,649,656,640.05,649.05,3332318
TATAELXSI,20210505,3895.9,3945.95,3803.4,3844.45,326692
TATAINVEST,20210505,1045,1048.9,1032.9,1043.25,17934
TATAMETALI,20210505,1169.9,1197.3,1100,1147.1,1089353
TATAMOTORS,20210505,293.5,293.9,288.5,291.5,29350536
TATAMTRDVR,20210505,126.85,128,125.75,126.25,1032862
TATAPOWER,20210505,102.4,102.95,100.25,102,25421812
TATASTEEL,20210505,1084,1088.35,1047,1070.15,19249839
TATASTLBSL,20210505,104.3,108,90.15,93.6,45834492
TATASTLLP,20210505,980,999,938.1,971.95,414096
TBZ,20210505,62.8,64.5,61.75,63.5,225160
TCI,20210505,275.3,278,269,275.55,47375
TCIDEVELOP,20210505,305.05,306.5,297.95,301.9,3199
TCIEXP,20210505,886,919.95,876.35,904.9,12481
TCIFINANCE,20210505,4.7,4.7,4.7,4.7,294
TCNSBRANDS,20210505,505,530,502,513.6,64667
TCPLPACK,20210505,493,498.05,467.95,481.7,4714
TCS,20210505,3070,3099.4,3052.4,3095.7,1939289
TDPOWERSYS,20210505,174.15,188.3,174.15,186.1,128020
TEAMLEASE,20210505,3277.95,3426.3,3277.05,3364,7931
TECHIN,20210505,3.3,3.35,3.2,3.35,3832
TECHM,20210505,972.6,972.6,953.75,960.4,3041045
TECHNOE,20210505,298.85,303.7,293.3,296.85,75877
TEJASNET,20210505,185,188,178.05,179.25,371666
TEMBO,20210505,136.75,141.5,136.75,141.2,198722
TERASOFT,20210505,38.9,40.3,37,38.85,40296
TEXINFRA,20210505,70.75,71.05,70,70.5,59324
TEXMOPIPES,20210505,29.1,29.65,28.65,28.85,116479
TEXRAIL,20210505,25.35,25.6,25.3,25.35,96229
TFCILTD,20210505,56.6,58,55.65,56.5,170838
TFL,20210505,2.4,2.4,2.25,2.4,1575
TGBHOTELS,20210505,4.6,4.85,4.5,4.7,36263
THANGAMAYL,20210505,607.8,622.95,607,608.45,7397
THEINVEST,20210505,104.05,106,100.15,101.1,12381
THEMISMED,20210505,373.1,385,373.1,383.05,26381
THERMAX,20210505,1476,1535.15,1451.05,1496.05,79167
THOMASCOOK,20210505,47.25,48.5,46.8,47.55,204913
THOMASCOTT,20210505,6.35,6.95,6.35,6.95,192
THYROCARE,20210505,1046.25,1064,1031.35,1051.75,189522
TI,20210505,43.8,44.5,42.2,42.5,616780
TIDEWATER,20210505,4444.65,4459.95,4281.1,4445.35,1058
TIIL,20210505,393.25,401,389.25,398.75,9814
TIINDIA,20210505,1250,1262.25,1230.15,1247.35,45861
TIJARIA,20210505,7,7.3,6.8,7.05,5871
TIL,20210505,185,216.8,180.7,216.8,308119
TIMESGTY,20210505,44.1,48.35,43.75,48.35,13317
TIMETECHNO,20210505,77.5,79.5,76.8,76.95,523344
TIMKEN,20210505,1399,1399,1368,1379.3,71301
TINPLATE,20210505,206.5,209.65,201.45,203.5,907066
TIPSINDLTD,20210505,615,626,602.15,617.25,8918
TIRUMALCHM,20210505,95.75,97.1,95.1,95.35,259189
TIRUPATIFL,20210505,23.75,26.25,23.75,24.95,27
TITAN,20210505,1406,1431.9,1403.4,1428.4,1819256
TMRVL,20210505,11.5,11.8,11.5,11.6,20606
TNPETRO,20210505,79.7,86.7,79.3,84.35,2985100
TNPL,20210505,145.4,146.95,142.05,142.95,155449
TNTELE,20210505,5.55,5.6,5.15,5.2,13930
TOKYOPLAST,20210505,71.35,71.35,70,70.9,4863
TORNTPHARM,20210505,2526.8,2635,2484.95,2624.3,630735
TORNTPOWER,20210505,406,412.7,401.7,410.45,707428
TOTAL,20210505,41.75,41.8,39.9,40.6,47076
TOUCHWOOD,20210505,83.95,83.95,78.45,81.75,1354
TPLPLASTEH,20210505,228.35,233,222.6,226.55,29369
TREEHOUSE,20210505,8.3,8.4,8,8.05,14187
TREJHARA,20210505,36.75,36.75,33.65,34.25,33105
TRENT,20210505,787.65,810,775.6,796.05,1229552
TRF,20210505,99,101,97.25,98.95,27026
TRIDENT,20210505,14,14.1,13.8,13.85,4895199
TRIGYN,20210505,80.7,81.45,78.7,79.6,83911
TRIL,20210505,19.2,22,18.8,21.05,1505266
TRITURBINE,20210505,101.5,107,101,101.5,1203803
TRIVENI,20210505,128.9,135.5,128.5,132.9,2032584
TTKHLTCARE,20210505,585,600,577.65,593.35,17983
TTKPRESTIG,20210505,7475.6,7484.3,7400,7426.95,2613
TTL,20210505,45.95,46.75,44.65,45.3,7705
TTML,20210505,13.2,13.3,12.5,12.75,2376821
TV18BRDCST,20210505,33.55,33.95,33.15,33.25,3123265
TVSELECT,20210505,135.45,138.65,134.1,135.55,30478
TVSMOTOR,20210505,610,617.8,602.6,603.85,1664630
TVSSRICHAK,20210505,1810,1836.05,1790,1799.15,5774
TVTODAY,20210505,281.3,288.75,281.3,285.4,24726
TVVISION,20210505,2.5,2.5,2.5,2.5,33584
TWL,20210505,46.95,46.95,45.85,46,171211
UBL,20210505,1207.5,1215.2,1191,1205.4,191292
UCALFUEL,20210505,140.75,159.7,138.1,155.1,587789
UCOBANK,20210505,11.45,11.6,11.35,11.4,4968945
UFLEX,20210505,424,456.9,417.05,444.05,1251616
UFO,20210505,71.9,71.9,70.35,71.4,75730
UGARSUGAR,20210505,27,28,25.75,26.4,1124278
UJAAS,20210505,2.5,2.5,2.4,2.4,585663
UJJIVAN,20210505,205.1,208,201,202.95,456474
UJJIVANSFB,20210505,29,30.4,28.75,29.65,6557585
ULTRACEMCO,20210505,6344.95,6400,6294.4,6380.35,215973
UMANGDAIRY,20210505,58.7,66.3,58.7,63.8,399589
UMESLTD,20210505,2.95,2.95,2.85,2.9,12742
UNICHEMLAB,20210505,329.4,336,326.55,330.5,46463
UNIDT,20210505,295.1,306.55,287.8,288.4,5963
UNIENTER,20210505,79.05,83.4,79,81.85,21346
UNIONBANK,20210505,36.45,37.15,36,36.5,11966528
UNITEDTEA,20210505,319.5,329.55,310,318.55,2377
UNIVASTU,20210505,39.3,41.45,39.25,40.65,2093
UNIVCABLES,20210505,149,154.7,147,153.45,101767
UNIVPHOTO,20210505,195,202.1,188,198.55,9822
UPL,20210505,621.7,643,616.65,640.7,11454883
URJA,20210505,5.95,6.05,5.9,5.9,998525
USHAMART,20210505,52.45,54.4,48.75,50.15,5438096
UTIAMC,20210505,655,666.6,640.55,644.5,293576
UTIBANKETF,20210505,33.01,33.01,32.51,32.52,2880
UTINEXT50,20210505,36.48,36.9,35.3,36.41,8732
UTINIFTETF,20210505,1535.44,1535.59,1515,1529.99,408
UTISENSETF,20210505,510,514.99,505,508.91,160
UTISXN50,20210505,40.92,41,39,40.79,1573
UTTAMSTL,20210505,8.15,8.3,7.8,8.3,1549813
UTTAMSUGAR,20210505,138.25,151.6,138.25,143.95,782534
V2RETAIL,20210505,111,111,109.25,109.85,12653
VADILALIND,20210505,1015.05,1045,1010.1,1038.15,51836
VAIBHAVGBL,20210505,4310,4325,4201,4272.2,27941
VAISHALI,20210505,40,40,40,40,27391
VAKRANGEE,20210505,50.7,51.5,50.5,50.75,1487335
VALIANTORG,20210505,1560,1572,1509,1549,38336
VARDHACRLC,20210505,41.95,41.95,39.5,41.15,98407
VARDMNPOLY,20210505,18.75,18.75,17.95,18.15,48881
VARROC,20210505,367.7,379.75,367.4,375.55,49760
VASCONEQ,20210505,15.8,16.55,15.8,16.05,100986
VASWANI,20210505,11.5,12.05,10.85,12,91910
VBL,20210505,1028.7,1030,995.3,999.95,288692
VEDL,20210505,258.35,270.05,256.5,264.3,83074283
VENKEYS,20210505,1586,1641.9,1586,1618.25,97448
VENUSREM,20210505,340,348,329.45,331.6,33956
VERTOZ,20210505,246,254.8,240.8,250.1,177016
VESUVIUS,20210505,1026.05,1047.55,1026,1039.9,3053
VETO,20210505,127.05,130.35,122.7,125,23989
VGUARD,20210505,224.8,228.6,222.5,226.65,332969
VHL,20210505,1630.15,1725,1630.15,1694.05,870
VICEROY,20210505,2.1,2.1,1.95,2.1,16056
VIDHIING,20210505,209.95,225.15,208.8,224.65,928320
VIJIFIN,20210505,1.2,1.2,1.2,1.2,148298
VIKASECO,20210505,1.9,1.95,1.85,1.85,1874155
VIKASMCORP,20210505,3,3,2.9,2.95,2112532
VIKASPROP,20210505,2.15,2.25,2.1,2.2,1157564
VIKASWSP,20210505,5.85,5.85,5.85,5.85,163459
VIMTALABS,20210505,240.25,247.45,237.6,240.65,177848
VINATIORGA,20210505,1720,1749.55,1702,1707.9,46696
VINDHYATEL,20210505,851,865.55,850.1,857.2,10514
VINYLINDIA,20210505,134.25,141.35,134.25,136.95,155710
VIPCLOTHNG,20210505,13.55,13.55,12.9,13.3,37559
VIPIND,20210505,337.9,338,333.65,336.25,86529
VIPULLTD,20210505,26.25,26.45,25.5,25.6,6668
VISAKAIND,20210505,592.05,602.6,592.05,597.7,60647
VISASTEEL,20210505,8.9,8.9,8.9,8.9,74263
VISHAL,20210505,47,48.8,46.45,48.3,99560
VISHNU,20210505,333.95,334,311.55,321.35,22294
VISHWARAJ,20210505,124.35,131.95,121.95,126.4,144152
VIVIDHA,20210505,0.7,0.7,0.65,0.7,254012
VIVIMEDLAB,20210505,29.2,29.2,29.2,29.2,77534
VLSFINANCE,20210505,91.35,91.4,88.2,88.7,36019
VMART,20210505,2735,2743.85,2690,2696.7,4572
VOLTAMP,20210505,1072.75,1099.75,1067.4,1097.15,6512
VOLTAS,20210505,971.95,994,965,971.45,2475761
VRLLOG,20210505,219.75,221.85,216.2,217.55,50598
VSSL,20210505,195,196.4,186.1,189.85,134434
VSTIND,20210505,3234,3234,3149.95,3165.85,8613
VSTTILLERS,20210505,1826,1870,1786,1816.2,8585
VTL,20210505,1215,1275,1193.1,1265.75,279755
WABAG,20210505,247.85,247.85,240,243.7,224267
WABCOINDIA,20210505,6760,6998.95,6760,6927.25,2803
WALCHANNAG,20210505,63,63.2,61.9,62.3,84233
WANBURY,20210505,104.85,108,97.85,107.25,75495
WATERBASE,20210505,117,120.65,116.5,117.45,939594
WEALTH,20210505,121.8,131,121.8,121.8,520
WEBELSOLAR,20210505,43,44.7,42,42.45,113240
WEIZMANIND,20210505,44.25,45.95,43.8,44,2249
WELCORP,20210505,140.45,143.65,139.1,140.45,1108731
WELENT,20210505,100.6,102.9,99.8,100.7,111890
WELINV,20210505,395.75,397.3,385.15,392.85,269
WELSPUNIND,20210505,83.7,84.5,82.4,82.95,707791
WENDT,20210505,3199.95,3274.75,3126,3175.25,511
WESTLIFE,20210505,432,433.9,427.65,431.95,46566
WHEELS,20210505,451.15,452.05,441.75,448.1,3467
WHIRLPOOL,20210505,2208.8,2208.8,2145,2179.55,43423
WILLAMAGOR,20210505,19.4,19.8,17.95,18.1,12242
WINDMACHIN,20210505,30.55,31.45,29.9,30.45,225741
WIPL,20210505,56.5,59.5,56.5,57,51
WIPRO,20210505,484.8,496,483.3,490.6,11856591
WOCKPHARMA,20210505,521,557.4,518,534.35,6853772
WONDERLA,20210505,181.5,185.95,180.6,184.65,53577
WORTH,20210505,55.85,56.85,55.35,55.75,10918
WSI,20210505,4.3,4.5,4.3,4.5,702
WSTCSTPAPR,20210505,216.2,219.35,209.35,210.8,229850
XCHANGING,20210505,65.85,75.4,64.85,71.95,1589951
XELPMOC,20210505,280.05,283.8,276.65,279.5,16907
XPROINDIA,20210505,110.65,110.65,110.65,110.65,9908
YAARII,20210505,92.6,92.6,86.3,86.4,765928
YESBANK,20210505,13.95,14.05,13.8,13.85,55591203
ZEEL,20210505,183.65,184.85,181,182.95,5766913
ZEELEARN,20210505,10.65,10.75,10.35,10.45,298334
ZEEMEDIA,20210505,6.75,7,6.6,6.9,3094641
ZENITHEXPO,20210505,65.85,68.95,65.5,67.5,1515
ZENITHSTL,20210505,1.1,1.1,1.1,1.1,46487
ZENSARTECH,20210505,266.95,268,263.35,264.3,59266
ZENTEC,20210505,73.6,74.4,72.6,72.9,90909
ZODIACLOTH,20210505,92.75,92.75,90.45,90.95,23034
ZODJRDMKJ,20210505,27.1,28.45,26.3,27.1,2732
ZOTA,20210505,157.75,157.75,151.55,152.35,6377
ZUARI,20210505,87.75,88,85.45,86.25,76142
ZUARIGLOB,20210505,77.45,78.35,76.65,77.15,22028
ZYDUSWELL,20210505,2072.35,2129.8,2068,2110.35,39555
NSENIFTY,20210505,14604.15,14637.90,14506.60,14617.85,437261063,0
NIFTYJUNIOR,20210505,35185.55,35550.20,35024.75,35496.20,503219758,0
NIFTYMIDCAPLIQ15,20210505,5720.55,5743.20,5661.20,5724.20,87304107,0
NSE100,20210505,14793.00,14843.30,14698.95,14823.20,940480821,0
NIFTY200,20210505,7693.60,7717.00,7642.95,7707.30,1717201395,0
NSE500,20210505,12394.85,12426.95,12319.25,12413.00,2181353931,0
NSEMIDCAP150,20210505,9217.45,9233.10,9154.70,9214.80,868638002,0
MIDCAP50,20210505,6748.00,6760.70,6681.60,6745.20,692706179,0
NSEMIDCAP,20210505,24410.95,24448.30,24202.55,24410.10,776720574,0
NSESMLCAP100,20210505,8645.90,8673.60,8604.85,8616.20,-,0
NIFTYLARGEMIDCAP250,20210505,-,-,-,8039.02,1809118823,0
NIFTYAUTO,20210505,9631.05,9662.10,9547.75,9643.05,66458893,0
BANKNIFTY,20210505,32577.10,32862.15,32068.55,32783.70,343564356,0
NIFTYFINSERVICE,20210505,15531.90,15607.50,15313.30,15556.90,127860895,0
NIFTYFMGC,20210505,34073.95,34073.95,33663.45,33898.00,28880906,0
NSEIT,20210505,25670.55,25857.65,25564.60,25786.95,25181933,0
NIFTYMEDIA,20210505,1537.45,1544.75,1521.20,1532.25,46667581,0
NIFTYMETAL,20210505,4979.45,5006.65,4904.95,4970.15,305834253,0
NIFTYPHARMA,20210505,13293.00,13809.15,13210.50,13779.70,101236858,0
NIFTYPVTBANK,20210505,17425.20,17584.15,17183.85,17543.05,175410392,0
NIFTYPSUBANK,20210505,2154.60,2167.05,2120.35,2144.30,360701888,0
NIFTYREALTY,20210505,307.25,310.50,302.30,303.20,14537088,0
NIFTYCOMMODITIES,20210505,4753.65,4774.00,4721.70,4763.80,319824935,0
NIFTYCONSUMPTION,20210505,5881.15,5887.70,5836.60,5882.00,62442265,0
NIFTYCPSE,20210505,1843.50,1861.30,1835.95,1847.15,136996646,0
NIFTYENERGY,20210505,18102.20,18203.75,17961.65,18058.80,166335895,0
NIFTY100ESG,20210505,-,-,-,2923.07,510593552,0
NIFTY100ENHESG,20210505,-,-,-,2937.68,404444301,0
NIFTYINFRA,20210505,4071.45,4080.00,4045.95,4064.45,243347547,0
NIFTYMNC,20210505,16057.35,16123.20,15974.55,16087.55,189003001,0
NIFTYPSE,20210505,3242.75,3266.35,3218.75,3239.90,488323397,0
NIFTYSMEEMERGE,20210505,-,-,-,2078.23,611688,0
NIFTYSERVSECTOR,20210505,20412.00,20472.10,20211.30,20439.25,244265990,0
NIFTYSHARIAH25,20210505,-,-,-,5520.44,163711353,0
NIFTY50SHARIAH,20210505,-,-,-,3533.56,98131574,0
NIFTY500SHARIAH,20210505,-,-,-,4379.59,494941902,0
NIFTYABGROUP,20210505,-,-,-,4614.00,103325412,0
NIFTYMAHINDRA,20210505,-,-,-,12209.93,20588055,0
NIFTYTATA,20210505,-,-,-,10438.28,111120132,0
NIFTYTATA25CAP,20210505,-,-,-,7855.35,99588696,0
NIFTYABGROUP,20210505,-,-,-,4614.00,103325412,0
NIFTYLIQ15,20210505,3698.70,3709.10,3664.10,3703.40,234355879,0
NIFTY500VALUE50,20210505,-,-,-,4952.30,911662271,0
NIFTYQUALLOWVOL30,20210505,-,-,-,10446.86,69547458,0
NIFTYALPHAQUALLOWVOL30,20210505,-,-,-,12145.63,80684728,0
NIFTYALPHAQUALVALLOWVOL30,20210505,-,-,-,9213.32,88421570,0
NIFTY50EQUALWEIGHT,20210505,16405.75,16438.95,16309.55,16416.15,437261063,0
NIFTY100EQUALWEIGHT,20210505,17329.45,17432.40,17253.20,17408.95,940480821,0
NIFTY100LOWVOL30,20210505,11256.60,11277.80,11218.40,11265.85,132918009,0
NSEDEFTY,20210505,-,-,-,6852.58,-,0
NIFTY50DIVPOINT,20210505,6.67,6.67,6.67,6.67,-,0
NIFTYDIVOPPS50,20210505,3065.35,3065.40,3039.90,3059.85,286003345,0
NIFTYALPHA50,20210505,25037.00,25138.50,24856.55,25032.90,369683980,0
NIFTY50ARBITRAGE,20210505,-,-,-,1953.42,-,0
NIFTY50FUTINDEX,20210505,-,-,-,4790.67,-,0
NIFTY50FUTTRINDEX,20210505,-,-,-,15213.09,-,0
NIFTYHIGHBETA50,20210505,-,-,-,1810.25,932675071,0
NIFTYLOWVOL50,20210505,-,-,-,13944.55,169420667,0
NIFTY50VALUE20,20210505,7444.05,7469.25,7407.95,7458.85,193963320,0
NIFTYGROWSECT15,20210505,7156.20,7218.95,7107.50,7207.90,67474353,0
NIFTY50TR2XLEV,20210505,8622.65,8660.65,8512.30,8638.70,-,0
NIFTY50PR2XLEV,20210505,6454.70,6483.15,6372.10,6466.70,-,0
NIFTY50TR1XINV,20210505,259.80,261.50,259.20,259.55,-,0
NIFTY50PR1XINV,20210505,300.10,302.10,299.45,299.85,-,0
NIFTY-GS-COMPSITE,20210505,2302.36,2306.06,2302.36,2305.50,-,0
NIFTY-GS-4-8YR,20210505,2413.32,2418.21,2413.32,2416.71,-,0
NIFTY-GS-8-13YR,20210505,2255.82,2259.77,2255.82,2259.35,-,0
NIFTY-GS-10YR,20210505,2051.02,2056.17,2051.02,2055.12,-,0
NIFTY-GS-10YR-CLN,20210505,956.94,959.41,956.94,958.91,-,0
NIFTY-GS-11-15YR,20210505,2415.82,2419.53,2415.64,2418.47,-,0
NIFTY-GS-15YRPLUS,20210505,2655.20,2658.15,2655.20,2659.87,-,0
VIX,20210505,23.01,23.19,21.14,21.96,0,0
