20MICRONS,20210428,37.5,38.1,37.15,37.6,56095
21STCENMGM,20210428,12.25,12.3,11.9,12.3,3806
3IINFOTECH,20210428,7.85,7.85,7.7,7.85,30667405
3MINDIA,20210428,25688,25964.35,25499.95,25674.3,4020
3PLAND,20210428,10.55,10.55,9.6,9.95,4775
5PAISA,20210428,379,387,365.65,370.6,36477
63MOONS,20210428,87.55,90.5,85.2,87.95,79804
A2ZINFRA,20210428,3.9,3.9,3.7,3.8,850842
AAKASH,20210428,139.1,144,139.1,143.25,27346
AARON,20210428,54,54,51.1,52.8,3890
AARTIDRUGS,20210428,726.95,732,715.6,719.3,341078
AARTIIND,20210428,1577,1596.6,1535,1539.2,641469
AARTISURF,20210428,1438,1548.95,1417.55,1483.7,43569
AARVEEDEN,20210428,21.05,22.05,20.55,21.4,16161
AARVI,20210428,48.45,50,48,49.7,17200
AAVAS,20210428,2290,2322.1,2251.8,2276.2,96569
ABAN,20210428,29.1,29.9,29.1,29.65,34400
ABB,20210428,1408.1,1436.25,1362,1387.9,474157
ABBOTINDIA,20210428,15200,15280,15104.6,15172.9,7306
ABCAPITAL,20210428,119.35,120.6,117.15,118.5,2348655
ABFRL,20210428,181.55,184.7,178.4,179.75,1835941
ABMINTLTD,20210428,47.15,49.1,46.6,48.75,1228
ABSLBANETF,20210428,325,336.15,325,335.19,609
ABSLNN50ET,20210428,346.11,355,346.11,352.34,90
ACC,20210428,1871,1884.95,1850,1872.15,879407
ACCELYA,20210428,856.95,870.35,856.95,867.15,1805
ACCURACY,20210428,61.4,61.4,59.5,59.75,1579
ACE,20210428,148.9,154,148.9,150.1,194097
ACRYSIL,20210428,335,340.85,324.4,329.35,51247
ADANIENT,20210428,1207.95,1213.95,1180.75,1185.2,5020151
ADANIGREEN,20210428,1065,1065,1044.6,1054.7,273943
ADANIPORTS,20210428,755,760,741.1,746.25,11156977
ADANIPOWER,20210428,91.2,94.5,90.3,94.5,11998231
ADANITRANS,20210428,1049,1065,1046.25,1056.55,942307
ADFFOODS,20210428,975,1011.5,950.25,965.4,96500
ADHUNIKIND,20210428,22.75,23.25,22.6,22.7,34123
ADL,20210428,28,30.3,28,29.9,1700
ADORWELD,20210428,363.3,374,363,365.85,11144
ADROITINFO,20210428,8.5,8.5,8.5,8.5,576
ADSL,20210428,48.25,48.25,46.5,46.95,86949
ADVANIHOTR,20210428,53.05,54,52.6,53.05,5147
ADVENZYMES,20210428,387.85,422,386.4,405.45,1825605
AEGISCHEM,20210428,292.3,320,292.2,313.35,1630662
AFFLE,20210428,5682,5739,5506,5531.75,67624
AGARIND,20210428,156.95,160.3,151.1,157.35,22316
AGCNET,20210428,1739.9,1739.9,1656,1658.95,17143
AGRITECH,20210428,34.9,35.3,33.65,35.3,33971
AGROPHOS,20210428,11.85,11.85,11.4,11.55,37375
AHLADA,20210428,98.95,104.35,97,98.85,6487
AHLEAST,20210428,147.05,149.85,145.15,147.05,1396
AHLUCONT,20210428,289.65,296,283.55,287.5,9546
AHLWEST,20210428,209.1,214.45,202.25,205.5,3514
AIAENG,20210428,1905,1930.7,1905,1920.15,7155
AIRAN,20210428,16.55,16.7,15.65,16.45,66163
AJANTPHARM,20210428,1837.9,1859.9,1809.05,1824.2,140988
AJMERA,20210428,114.65,116.7,114.05,114.9,18714
AKASH,20210428,190.3,195.45,165,181.35,45894
AKG,20210428,28,30.45,28,28.05,63977
AKSHARCHEM,20210428,246.9,259,244.9,249.85,71985
AKSHOPTFBR,20210428,6.2,6.2,6,6,196863
AKZOINDIA,20210428,2239.8,2275,2231,2240.6,14105
ALANKIT,20210428,14.15,14.3,13.95,14.1,154462
ALBERTDAVD,20210428,444,455,440,446.2,20863
ALEMBICLTD,20210428,111.4,111.75,108.4,109.05,480058
ALICON,20210428,454,482,448.15,475.45,25108
ALKALI,20210428,56.75,58.85,56.1,56.65,53612
ALKEM,20210428,2770,2799.95,2757.5,2774.75,132105
ALKYLAMINE,20210428,8350,8443.7,7450,7584.85,349252
ALLCARGO,20210428,124,124.15,122.55,123.1,123606
ALLSEC,20210428,317.55,340,316.25,333.4,14901
ALMONDZ,20210428,29.75,29.75,26,28.25,6562
ALOKINDS,20210428,20.45,20.55,19.85,19.9,20027434
ALPA,20210428,60.75,60.75,60.75,60.75,42982
ALPHAGEO,20210428,204,210,202,206.35,46157
ALPSINDUS,20210428,1.4,1.5,1.4,1.5,1777
AMARAJABAT,20210428,806,816.95,804.5,813.15,1079441
AMBER,20210428,3235,3274.9,3200,3205.5,42325
AMBICAAGAR,20210428,15.9,15.9,15.9,15.9,4252
AMBIKCO,20210428,885.45,923.8,885.45,904.5,18522
AMBUJACEM,20210428,308.4,311.25,304.5,308.85,4312684
AMDIND,20210428,17.85,18.4,17.8,17.9,17058
AMJLAND,20210428,24.35,24.4,22.65,23.05,36814
AMRUTANJAN,20210428,636.15,641.5,633.05,636.7,42214
ANANTRAJ,20210428,51.8,53.2,51.2,51.55,997861
ANDHRACEMT,20210428,5.4,5.4,5.3,5.35,262091
ANDHRAPAP,20210428,215,218.5,212,215.75,35307
ANDHRSUGAR,20210428,344,374.35,341.6,361.7,888362
ANGELBRKG,20210428,375,384.9,362.65,365.45,525905
ANIKINDS,20210428,14.5,14.9,13.9,13.9,84793
ANKITMETAL,20210428,1,1,0.9,0.95,71577
ANSALAPI,20210428,6.2,6.25,5.95,6,251222
ANSALHSG,20210428,5.3,5.4,5.1,5.15,14886
ANUP,20210428,597.8,624.9,590,602.25,70129
ANURAS,20210428,640,662.5,635,640,1017198
APARINDS,20210428,509.95,534.65,507.15,510.95,287784
APCL,20210428,210.75,212.85,210,210.85,9543
APCOTEXIND,20210428,207,229,207,217.85,879018
APEX,20210428,217.95,219.9,214.5,215.35,96131
APLAPOLLO,20210428,1317,1337.9,1301.75,1321.15,117491
APLLTD,20210428,1001.55,1007.95,982.85,987.4,415497
APOLLO,20210428,90.5,93,89.7,92.05,234672
APOLLOHOSP,20210428,3210,3249,3182.6,3199.25,575824
APOLLOPIPE,20210428,1119.95,1158.65,1109,1145.05,72687
APOLLOTYRE,20210428,206.45,214.3,203.75,212.75,10798496
APOLSINHOT,20210428,580.8,580.8,564.95,566.3,978
APTECHT,20210428,201,211,200.25,203.4,447696
ARCHIDPLY,20210428,29.45,30.8,29.3,30.8,23010
ARCHIES,20210428,11.2,11.8,11.1,11.35,99670
ARENTERP,20210428,11.1,11.6,11.1,11.2,191
ARIES,20210428,82.35,84.95,82.35,84.15,50558
ARIHANT,20210428,18.75,19.5,18.2,19.45,22242
ARIHANTSUP,20210428,64.05,64.05,59.65,60.3,24143
ARMANFIN,20210428,581.15,583.5,568,571.75,7585
AROGRANITE,20210428,46.85,47,44.7,45.35,39525
ARROWGREEN,20210428,73.9,75.5,73.9,75.5,5364
ARSHIYA,20210428,31.95,31.95,31,31.95,41743
ARSSINFRA,20210428,24.5,25.95,24.5,24.95,23847
ARTEMISMED,20210428,194.6,197.75,191.8,197.15,14980
ARVEE,20210428,126.5,126.5,126.5,126.5,2176
ARVIND,20210428,61.35,69.35,61.35,67.7,4075401
ARVINDFASN,20210428,129,134.45,127.55,131.8,207521
ARVSMART,20210428,97.6,100.75,96.4,97.9,92513
ASAHIINDIA,20210428,300.4,307.05,299,303.8,54663
ASAHISONG,20210428,336.6,350.5,336.6,342.15,23660
ASAL,20210428,33.5,33.9,33,33.2,1313
ASALCBR,20210428,421,434.5,411.25,417.6,139518
ASHAPURMIN,20210428,123,145.4,121.25,145.4,2292371
ASHIANA,20210428,123.65,126.95,123.65,124.75,24725
ASHIMASYN,20210428,15.4,16,15.15,15.9,48928
ASHOKA,20210428,83.9,84.5,82.3,83.2,1609140
ASHOKLEY,20210428,116.1,119.3,114.8,116.95,22462353
ASIANHOTNR,20210428,65.15,66.45,65.1,65.55,12949
ASIANPAINT,20210428,2588,2620.25,2575,2614.55,1065561
ASIANTILES,20210428,163.35,164.35,159.1,160.25,134735
ASPINWALL,20210428,174.45,180.65,170.3,173.6,1478
ASTEC,20210428,1159.7,1175.35,1140,1145.55,30783
ASTERDM,20210428,151.25,151.8,147.75,148.25,765772
ASTRAL,20210428,1694,1700,1650.25,1657.95,327872
ASTRAMICRO,20210428,118.25,120,115.45,116.2,167854
ASTRAZEN,20210428,4234,4234,4050.1,4067.8,92729
ASTRON,20210428,40.4,41,39.5,39.7,36092
ATFL,20210428,857.65,895,857.65,883.25,36258
ATGL,20210428,1169.65,1180,1151.8,1154.95,1428960
ATLANTA,20210428,7.1,7.7,7.05,7.55,31251
ATUL,20210428,8420,8610,8286.6,8427.4,40730
ATULAUTO,20210428,173.5,176.9,170.25,174.5,117854
AUBANK,20210428,1095,1159,1071.65,1148.8,2143197
AURIONPRO,20210428,165.45,178,163.55,172.75,242769
AUROPHARMA,20210428,973.95,981,959.05,963,1451281
AUSOMENT,20210428,59.45,68.2,56.45,63.75,175089
AUTOAXLES,20210428,979,993.5,962.05,986.2,23278
AUTOIND,20210428,36,36.7,35.5,35.7,8964
AVADHSUGAR,20210428,238,267.5,236.5,251.3,1058188
AVANTIFEED,20210428,489.6,508,487.4,495.2,456843
AVTNPL,20210428,49.8,52,49.8,50.75,490182
AWHCL,20210428,278.3,309,278.3,301.05,521011
AXISBANK,20210428,708,712.5,688.15,708.15,54060587
AXISBNKETF,20210428,330.21,336.99,328.7,335.82,7020
AXISCADES,20210428,65,66.45,63.85,64.5,114140
AXISGOLD,20210428,40.98,40.98,40.61,40.68,142934
AXISNIFTY,20210428,152.26,154.61,152.26,153.86,16003
AXISTECETF,20210428,262.99,262.99,256.01,257.33,193
AYMSYNTEX,20210428,45.4,46.65,43.1,46.45,25620
BAFNAPH,20210428,129.1,138.8,129.1,132.05,19685
BAGFILMS,20210428,2.5,2.5,2.5,2.5,96624
BAJAJ-AUTO,20210428,3810.05,3954,3807,3889.75,1252958
BAJAJCON,20210428,288.95,288.95,285.35,287.05,664647
BAJAJELEC,20210428,1110.35,1170,1090,1144.8,125079
BAJAJFINSV,20210428,10200,10615.95,10151.15,10489.3,1113881
BAJAJHIND,20210428,6.9,7.35,6.7,6.9,16031117
BAJAJHLDNG,20210428,3410.5,3500,3410.5,3457.9,30801
BAJFINANCE,20210428,4915,5310,4915,5280.9,8576454
BALAJITELE,20210428,57.4,59,56.5,56.9,224418
BALAMINES,20210428,2570,2673.7,2364.35,2424.1,1563219
BALAXI,20210428,600,600,567,574,3296
BALKRISHNA,20210428,20,20.1,18.6,20.05,2685
BALKRISIND,20210428,1724.6,1769,1716.1,1759.4,466403
BALMLAWRIE,20210428,122.8,127.8,121.85,126.2,539784
BALPHARMA,20210428,130,137.7,112.7,117.9,3547961
BALRAMCHIN,20210428,261.5,272.9,261.5,267.6,3637778
BANARBEADS,20210428,49.75,49.8,48.5,49.75,2070
BANARISUG,20210428,1614.95,1635,1605.55,1614.7,1146
BANCOINDIA,20210428,151.2,153.15,149,150.3,110561
BANDHANBNK,20210428,320,330.5,313.8,328.5,10820190
BANG,20210428,27.85,28.5,26.7,27.7,12605
BANKA,20210428,63.5,63.5,59.95,60.25,13158
BANKBARODA,20210428,66,68.15,65.75,67.75,47954929
BANKBEES,20210428,330.7,338.97,328.85,338.39,1822413
BANKINDIA,20210428,66.8,68.5,66.5,68.15,5277940
BANSWRAS,20210428,100.7,101.45,97,100.55,7803
BARBEQUE,20210428,641.4,644,629.05,635.25,178821
BASF,20210428,2015,2122,2015,2051.15,71916
BASML,20210428,62.1,64.65,61.3,63.85,16520
BATAINDIA,20210428,1349.35,1366.6,1345.4,1348.95,489376
BAYERCROP,20210428,5449.9,5540,5326.05,5399.25,23671
BBL,20210428,1153.25,1185,1145,1150.1,12428
BBTC,20210428,1143,1152,1125,1130.9,42414
BCG,20210428,7.9,8,7.8,7.85,1994428
BCLIND,20210428,124.4,126.95,121,121.6,85306
BCP,20210428,3.3,3.3,3.2,3.25,137932
BDL,20210428,331,347,330.05,343.85,649463
BEARDSELL,20210428,9.65,10.1,9.6,9.95,1298
BECTORFOOD,20210428,365.3,369.25,361.6,362.25,116159
BEDMUTHA,20210428,25.85,26,24.8,25.1,2479
BEL,20210428,130.4,130.55,128.2,128.8,6464777
BEML,20210428,1194.95,1224,1170,1178.6,294584
BEPL,20210428,154.3,160.5,154.15,157.9,1785475
BERGEPAINT,20210428,716.3,722.4,711.25,717.8,720651
BESTAGRO,20210428,443.3,473.9,427.95,461.5,45990
BFINVEST,20210428,274.5,327.7,274.5,327.7,522653
BFUTILITIE,20210428,234.6,279.4,234.6,279.4,2176716
BGRENERGY,20210428,47.7,49.9,46.15,46.65,391751
BHAGERIA,20210428,164.25,167.6,162,163.65,91598
BHAGYANGR,20210428,50.5,52.85,48.05,48.6,86218
BHAGYAPROP,20210428,29.8,29.8,27.15,27.6,41286
BHANDARI,20210428,2.45,2.45,2.3,2.45,254641
BHARATFORG,20210428,598.8,606.15,587.2,592.45,2506260
BHARATGEAR,20210428,80.8,86,80.55,80.8,35290
BHARATRAS,20210428,10888,12897.1,10810.1,12839.9,103900
BHARATWIRE,20210428,46.8,46.8,45,45.2,62386
BHARTIARTL,20210428,535.95,548,535.6,544.3,11970652
BHEL,20210428,48.55,48.85,47.9,48.1,33378032
BIGBLOC,20210428,86.95,87,84,84.6,2508
BIL,20210428,200,200,185,195,1633
BINDALAGRO,20210428,17.5,17.5,16.85,17,108600
BIOCON,20210428,398,399.8,387.5,390.85,11363709
BIOFILCHEM,20210428,82.05,82.05,82.05,82.05,70204
BIRLACABLE,20210428,59.8,60,58.2,59.3,82486
BIRLACORPN,20210428,934.95,942,912.05,918.8,86924
BIRLAMONEY,20210428,40.6,41.3,40.6,40.75,62307
BIRLATYRE,20210428,25.25,25.5,24.8,25.05,760124
BKMINDST,20210428,0.9,0.9,0.9,0.9,1152
BLBLIMITED,20210428,6.1,6.25,5.75,6.2,12436
BLISSGVS,20210428,106.15,106.8,103.05,103.3,413022
BLKASHYAP,20210428,15.75,16.5,15.25,15.35,178732
BLS,20210428,91.75,95.45,91.2,93.3,192033
BLUEDART,20210428,5180,5248,5144,5184.15,24558
BLUESTARCO,20210428,869.6,885,858.45,876.25,97992
BODALCHEM,20210428,94.45,105.5,93.8,99.7,5594448
BOMDYEING,20210428,69.1,70.45,68.6,69.2,1349032
BOROLTD,20210428,192.85,204.8,192.85,197.65,349379
BORORENEW,20210428,234.95,238.75,233.6,236.05,232627
BOSCHLTD,20210428,13560.05,13899.7,13560.05,13833,27858
BPCL,20210428,422,424.35,414.9,417.5,9902533
BPL,20210428,34.3,34.3,34.3,34.3,93941
BRFL,20210428,6.9,7.05,6.8,7,115687
BRIGADE,20210428,246.4,252.75,244.1,247.65,195877
BRITANNIA,20210428,3488,3527,3469,3478.75,1498181
BRNL,20210428,27.4,28.25,27.4,27.9,20408
BROOKS,20210428,88,89.9,82.8,83.15,371445
BSE,20210428,619,624.25,614,618.6,471858
BSELINFRA,20210428,0.9,0.9,0.9,0.9,15246
BSHSL,20210428,136.5,136.5,132,135.85,1087
BSL,20210428,36.4,36.4,33.8,35.45,37650
BSLGOLDETF,20210428,4300,4333.35,4280,4295.8,313
BSLNIFTY,20210428,164.25,164.25,161.66,163.72,4230
BSOFT,20210428,253.65,256,248.85,250.5,525671
BURGERKING,20210428,131.5,133.45,131.2,131.75,1448168
BURNPUR,20210428,2.3,2.3,2.15,2.3,178295
BUTTERFLY,20210428,608.3,688.9,600,674.3,360841
BVCL,20210428,17,17.85,17,17.45,1876
BYKE,20210428,19,20.15,18.65,19,69167
CADILAHC,20210428,565.4,574,558,563.35,9739916
CALSOFT,20210428,8.1,9,8.1,8.7,32492
CAMLINFINE,20210428,153.7,161.7,151.75,155.7,1988687
CAMS,20210428,2349,2412.95,2331,2372.2,365484
CANBK,20210428,140,143.7,140,143.1,16724543
CANFINHOME,20210428,572.65,598,572.6,593.25,544308
CANTABIL,20210428,370.3,372,369.45,371.15,96844
CAPACITE,20210428,190.15,195.4,189,190.6,110127
CAPLIPOINT,20210428,498.2,513,498.2,505.15,216644
CAPTRUST,20210428,89.65,90,86.25,87.5,11856
CARBORUNIV,20210428,494.9,505.75,494.9,497.5,144033
CAREERP,20210428,124,124,118.25,119.05,59259
CARERATING,20210428,506.5,526.4,500.85,516.05,709061
CASTEXTECH,20210428,0.65,0.7,0.6,0.7,191351
CASTROLIND,20210428,129,129.85,125.55,126.45,1838160
CCHHL,20210428,4.15,4.85,3.95,4.7,504408
CCL,20210428,263.75,272,263,265.75,370002
CDSL,20210428,784.9,825,782,813.65,1517094
CEATLTD,20210428,1405.35,1406,1385,1389.2,169937
CEBBCO,20210428,16.7,17.35,16.6,16.7,29628
CELEBRITY,20210428,5.35,5.5,5.3,5.4,19190
CENTENKA,20210428,255.2,261,254.05,257.55,44087
CENTEXT,20210428,5.05,5.4,5.05,5.1,217914
CENTRALBK,20210428,16.4,16.7,16.35,16.55,4894711
CENTRUM,20210428,24.45,29.1,24.45,27.55,15055079
CENTUM,20210428,390.8,399,388,393.2,6883
CENTURYPLY,20210428,344.5,344.5,331,333.4,107915
CENTURYTEX,20210428,484,498,481.1,491.95,798478
CERA,20210428,3911.3,3949,3901.3,3927.2,7262
CEREBRAINT,20210428,50.15,50.7,48.8,49.8,237808
CESC,20210428,617.8,620.9,608.75,611.25,252363
CGCL,20210428,395,410,385.85,400.75,72110
CGPOWER,20210428,69.7,71,69.25,69.95,2045273
CHALET,20210428,148.5,149.9,144.05,145.05,119982
CHAMBLFERT,20210428,225.4,228,221.7,225,681650
CHEMBOND,20210428,206.4,233.1,203.55,215.1,708116
CHEMCON,20210428,417,450,415.05,431.15,958836
CHEMFAB,20210428,143.05,169.35,141.45,169.35,367388
CHENNPETRO,20210428,109.45,111.25,108.15,109.2,1061130
CHOLAFIN,20210428,564.6,589.7,554.6,583.8,3858556
CHOLAHLDNG,20210428,569.9,574.95,565.85,572.7,206759
CIGNITITEC,20210428,399,399,388.4,390,46229
CINELINE,20210428,32.6,32.95,32.15,32.35,23365
CINEVISTA,20210428,13.2,13.2,13.2,13.2,2421
CIPLA,20210428,914.35,918,902.95,910.2,7251009
CLEDUCATE,20210428,80.3,83.35,77.4,81.15,93134
CLNINDIA,20210428,420,449.5,419.95,435.05,274570
CMICABLES,20210428,45.8,45.8,43.3,43.45,16161
COALINDIA,20210428,128,129.45,127.5,128.5,6206074
COCHINSHIP,20210428,359.6,362.45,358.2,361.1,97507
COFFEEDAY,20210428,41.65,41.65,41.65,41.65,26179
COFORGE,20210428,2839.75,2896,2825,2868.2,298609
COLPAL,20210428,1502,1506.95,1488.25,1490.6,474599
COMPINFO,20210428,18,18.7,17.45,17.7,424713
COMPUSOFT,20210428,8.65,9.1,8.65,9,66484
CONCOR,20210428,566,572,560.1,563.3,945136
CONFIPET,20210428,53.5,54.2,51.2,51.45,2234263
CONSOFINVT,20210428,57.85,59,54.05,57.65,36443
CONTROLPR,20210428,303.65,315.85,294.15,299.3,91925
CORALFINAC,20210428,28.95,29,25.25,25.8,197965
CORDSCABLE,20210428,42,42.25,40.65,41.55,24745
COROMANDEL,20210428,731.85,731.85,719.15,721.1,423072
COSMOFILMS,20210428,649.9,657.95,637.3,639.05,37711
COUNCODOS,20210428,2.25,2.35,2.15,2.15,58530
CPSEETF,20210428,22.69,22.7,22.45,22.67,1445610
CRAFTSMAN,20210428,1307,1365,1307,1359.1,68163
CREATIVE,20210428,101.35,102.05,100,100.8,16442
CREDITACC,20210428,587,616.95,587,606.4,444960
CREST,20210428,79.95,81,77.3,78.05,9410
CRISIL,20210428,1890,1897.95,1865,1886.85,14362
CROMPTON,20210428,382.95,403.85,381.05,400.85,1791830
CSBBANK,20210428,253.2,257,252.75,256,250702
CTE,20210428,29.9,29.95,29,29.9,7736
CUB,20210428,165.1,170.5,164.05,168.65,3881289
CUBEXTUB,20210428,30.2,30.3,28.05,29.3,122494
CUMMINSIND,20210428,896,907.6,879.15,882.5,881427
CUPID,20210428,221.45,224.45,216.35,220.85,49241
CYBERMEDIA,20210428,12.05,12.05,11.45,11.45,2808
CYBERTECH,20210428,135.6,135.6,132,132.75,178930
CYIENT,20210428,700,713,699,708.25,226249
DAAWAT,20210428,73.5,75.5,73.1,74.35,4627339
DABUR,20210428,542,545.7,536.15,541.25,2614846
DALALSTCOM,20210428,0.9,0.95,0.85,0.95,10360
DALBHARAT,20210428,1532.5,1548.7,1507.45,1510.3,88442
DALMIASUG,20210428,234.8,240,233.1,233.9,283727
DAMODARIND,20210428,22.55,23.4,22.5,22.75,10433
DANGEE,20210428,170,173.85,158.5,166.7,11957
DATAMATICS,20210428,115,116.2,114,114.45,81221
DBCORP,20210428,81.15,83.75,81.15,82.75,345415
DBL,20210428,582,586.7,535.05,542.05,1816601
DBREALTY,20210428,17.9,18.35,16.75,18.35,192506
DBSTOCKBRO,20210428,8.4,8.7,8.3,8.4,12072
DCAL,20210428,159.4,168.75,158.7,161.25,3490891
DCBBANK,20210428,89.2,92.75,88.5,91.9,3599439
DCM,20210428,26,26,24.8,25.15,19312
DCMFINSERV,20210428,1.8,1.8,1.75,1.8,2443
DCMNVL,20210428,81.9,82,80.15,80.75,3405
DCMSHRIRAM,20210428,680,700,670.15,692.9,431994
DCW,20210428,39,39.3,37.25,37.65,4820756
DECCANCE,20210428,427.7,430.65,423.6,427.65,18841
DEEPAKFERT,20210428,255,264,254.5,259.95,584671
DEEPAKNTR,20210428,1805,1850,1755,1780.45,3388293
DEEPENR,20210428,41.65,41.65,38.15,38.6,108050
DEEPINDS,20210428,37.35,37.35,37.35,37.35,5260
DELTACORP,20210428,158,159.65,152.25,154.5,3926290
DELTAMAGNT,20210428,30.3,30.35,30.3,30.35,3032
DEN,20210428,44.35,47.8,44.25,47,4560103
DENORA,20210428,250.15,254.9,250,251.2,3644
DFMFOODS,20210428,341,353.35,337.65,349.9,92822
DGCONTENT,20210428,7.7,7.95,7.65,7.7,20378
DHAMPURSUG,20210428,213,222.8,211.1,214.7,2343027
DHANBANK,20210428,14.05,14.25,14,14.1,460669
DHANI,20210428,187.5,191.9,182.8,185.2,1490694
DHANUKA,20210428,775,775,741,748.95,67651
DHARSUGAR,20210428,6.15,6.3,6.05,6.3,12369
DHFL,20210428,15.4,15.4,15.4,15.4,234438
DHUNINV,20210428,298.4,299.9,293.25,293.85,1550
DIAMONDYD,20210428,544.05,548.95,539.6,541.85,10181
DICIND,20210428,395.95,396,382.55,388.15,6189
DIGISPICE,20210428,37,37,34.3,34.3,147158
DISHTV,20210428,9.65,9.9,9.3,9.35,8647480
DIVISLAB,20210428,3944.15,3966.55,3870,3882.6,911739
DIXON,20210428,4089,4207,4080,4172.85,334186
DLF,20210428,255.5,256.8,249.7,250.9,5698980
DLINKINDIA,20210428,102,104,101.5,101.75,133217
DMART,20210428,2865,2953.7,2850.95,2936.8,542978
DNAMEDIA,20210428,0.9,0.9,0.9,0.9,13455
DOLAT,20210428,66.2,66.6,64.2,64.95,158245
DOLLAR,20210428,246.9,246.9,242.5,245.05,41529
DONEAR,20210428,29,29.9,27.9,28.6,76205
DPABHUSHAN,20210428,116.6,117.25,112.05,113.7,1471
DPSCLTD,20210428,12.3,12.65,12.2,12.3,19420
DPWIRES,20210428,121.9,125,106.2,114.85,28134
DRCSYSTEMS,20210428,294.2,308.95,280,290.9,7063
DREDGECORP,20210428,353,359.45,352.9,353.7,75357
DRREDDY,20210428,5082.55,5106.9,5030,5044.45,843953
DSSL,20210428,81,83.45,78.05,80.95,77446
DTIL,20210428,258.7,268.8,255.65,260.15,8897
DUCON,20210428,7.8,7.85,7,7.35,388013
DVL,20210428,92.2,96.45,92.2,95.35,54483
DWARKESH,20210428,37.7,38.45,37,37.2,3939446
DYNAMATECH,20210428,1044.3,1100,1044.25,1071.95,11096
DYNPRO,20210428,510,535,502.75,518.8,186648
EASEMYTRIP,20210428,184.45,194.45,183,192.05,1619034
EASTSILK,20210428,2.7,2.7,2.7,2.7,4930
EBBETF0423,20210428,1122,1123.5,1121.07,1123.46,14989
EBBETF0425,20210428,1035,1035.5,1033.25,1033.91,463
EBBETF0430,20210428,1143.08,1147.94,1143.08,1145.88,10466
EBBETF0431,20210428,1031,1031.43,1029.01,1029.49,11262
EBIXFOREX,20210428,451.8,496,438.75,445.4,4974
ECLERX,20210428,1168,1207,1168,1177.8,26774
EDELWEISS,20210428,62.5,63,60.05,60.75,4039317
EICHERMOT,20210428,2428,2540,2410.15,2521.2,1681975
EIDPARRY,20210428,322.5,325,319.2,320,277469
EIHAHOTELS,20210428,238.8,238.8,234,235.7,7688
EIHOTEL,20210428,89.85,90.8,87.55,88.35,455861
EIMCOELECO,20210428,337.35,355.25,335.95,346.45,1939
EKC,20210428,162.3,162.3,146.9,146.9,3246130
ELECON,20210428,82.9,98,81.1,96.6,3558744
ELECTCAST,20210428,33.75,34.2,31.2,32.25,1274505
ELECTHERM,20210428,105.2,112.5,105.2,111.55,31547
ELGIEQUIP,20210428,218.95,228,216.05,220.5,199828
ELGIRUBCO,20210428,28,28,27.15,27.5,14410
EMAMILTD,20210428,510,513.55,496,499.3,236614
EMAMIPAP,20210428,120.2,126.8,119.5,122.65,51751
EMAMIREAL,20210428,45.6,46.45,44.55,45.05,23787
EMKAY,20210428,65,67.4,63.05,66,61787
EMMBI,20210428,81.8,82,80.05,81.45,20799
ENDURANCE,20210428,1310,1338.05,1286,1304.95,247279
ENERGYDEV,20210428,8.8,9.2,8.8,8.95,44072
ENGINERSIN,20210428,73.2,74.5,73.2,73.6,1317871
ENIL,20210428,147,150,144.55,148.95,92422
EPL,20210428,219.6,233.4,219.6,226.5,4155893
EQ30,20210428,416,416.91,416,416.91,174
EQUITAS,20210428,79.5,81.2,79.2,80.15,913507
EQUITASBNK,20210428,53.95,54.55,53.65,54.25,420639
ERIS,20210428,610.75,612,601.1,608.15,65855
EROSMEDIA,20210428,21.5,22.4,21.1,21.3,528631
ESABINDIA,20210428,1847.6,1847.6,1831,1839.45,2196
ESCORTS,20210428,1145.1,1172,1133.05,1146.6,1805844
ESSARSHPNG,20210428,8.05,8.1,7.8,7.85,46166
ESTER,20210428,123.65,136.4,122.25,131.7,1422309
EUROTEXIND,20210428,7.3,7.3,7.3,7.3,2
EVEREADY,20210428,304.9,306.5,295,299.1,705786
EVERESTIND,20210428,310.6,314.9,307,308.9,38929
EXCEL,20210428,1.85,1.85,1.85,1.85,45662
EXCELINDUS,20210428,839.9,879,839.9,854.25,47553
EXIDEIND,20210428,174.2,177.95,173.55,176.8,3861201
EXPLEOSOL,20210428,545.6,548.2,533.35,538.05,22634
FACT,20210428,113.8,114.2,110.75,111.35,411485
FAIRCHEMOR,20210428,756.6,756.6,737,747.35,15739
FCL,20210428,71.95,74.7,71.15,72.7,1154415
FCONSUMER,20210428,7.45,7.5,6.8,7,13060387
FCSSOFT,20210428,0.65,0.65,0.6,0.65,5296370
FDC,20210428,307.9,312,307.5,308.6,125067
FEDERALBNK,20210428,75.15,78.1,75.1,77.85,25111812
FEL,20210428,10.45,10.55,9.75,9.8,4031782
FELDVR,20210428,13.5,13.6,12.65,13,393993
FIEMIND,20210428,575.85,660,571.75,614.05,386762
FILATEX,20210428,73.7,73.7,68.8,70.4,825821
FINCABLES,20210428,363,367.35,359.8,361.85,87171
FINEORG,20210428,2555,2890,2555,2791.2,478418
FINPIPE,20210428,152.1,154.25,149.4,150.55,1147499
FLEXITUFF,20210428,22.8,22.8,20.8,21.9,2366
FLFL,20210428,65.8,65.8,59.8,60.25,461387
FLUOROCHEM,20210428,797.9,842,781.55,808.55,646496
FMGOETZE,20210428,287.1,292,275,285.2,1686826
FMNL,20210428,16.75,16.8,16,16.2,68648
FORCEMOT,20210428,1101.6,1150,1101.6,1132.2,36639
FORTIS,20210428,210.6,216,210,211.7,3781016
FOSECOIND,20210428,1259.8,1349,1259.25,1334.55,10374
FRETAIL,20210428,56.7,56.7,51.6,52.05,7122774
FSC,20210428,85,85.5,78.5,79.05,232288
FSL,20210428,115,115.65,112.6,113,1663463
G5,20210428,48.18,48.3,48.14,48.25,4564
GABRIEL,20210428,108.2,109.65,107,108.25,283170
GAEL,20210428,133.1,153.9,131.5,144.15,2234254
GAIL,20210428,132.5,134,132,133.35,6883321
GAL,20210428,2.3,2.45,2.25,2.25,245078
GALAXYSURF,20210428,2670,2887.35,2667.2,2822.05,147708
GALLANTT,20210428,55.6,56,53.1,54.15,74133
GALLISPAT,20210428,45.9,46.2,43.1,43.75,53503
GAMMNINFRA,20210428,0.75,0.75,0.7,0.75,845721
GANDHITUBE,20210428,294.25,341.7,294.25,321.75,314261
GANECOS,20210428,614.8,618.4,587,596.45,26460
GANESHHOUC,20210428,71.45,71.45,65.15,66.55,22567
GANGESSECU,20210428,61,64,60.55,62.15,7408
GARFIBRES,20210428,2548.85,2621.95,2548.85,2593.95,47231
GATI,20210428,96.9,101.7,96.55,99,1051639
GAYAHWS,20210428,0.6,0.6,0.55,0.6,158426
GAYAPROJ,20210428,28.35,29.35,28.05,28.4,552437
GBGLOBAL,20210428,7.15,7.15,6.6,7.1,11674
GDL,20210428,196.6,213.9,195.5,206.45,1671043
GEECEE,20210428,103.5,105.45,102.35,103,6677
GEEKAYWIRE,20210428,72,78,69.95,73.1,2761
GENCON,20210428,43.75,44.25,42.55,44.2,836
GENESYS,20210428,99.9,102.55,99,99.2,9368
GENUSPAPER,20210428,7.3,7.6,7.3,7.4,110556
GENUSPOWER,20210428,46.75,49.15,46.75,48.1,205221
GEOJITFSL,20210428,53.5,53.95,52.5,53,522949
GEPIL,20210428,258,274.05,257.7,263.3,199477
GESHIP,20210428,314,315.5,302.5,304.65,258663
GET&D,20210428,116,119.5,114.6,115.5,611231
GFLLIMITED,20210428,71.4,72.35,70.55,70.95,43631
GFSTEELS,20210428,1.95,1.95,1.95,1.95,140
GHCL,20210428,246.6,249.25,228,236,451635
GICHSGFIN,20210428,113.85,117,113.55,116.15,293393
GICRE,20210428,209.8,210.75,205.1,205.85,409162
GILLANDERS,20210428,40,40,38.75,38.9,1777
GILLETTE,20210428,5430.2,5519.9,5430.2,5495.25,4305
GINNIFILA,20210428,19.55,20.85,19.4,20.35,127773
GIPCL,20210428,75.1,76.8,75.1,75.7,230024
GISOLUTION,20210428,2,2,2,2,585
GKWLIMITED,20210428,521.05,543,515.3,526.15,327
GLAND,20210428,2663,2685,2605,2669.6,215493
GLAXO,20210428,1469.7,1469.7,1446,1458.4,23695
GLENMARK,20210428,563.8,575.95,560.15,563.6,3604619
GLFL,20210428,2,2.05,2,2.05,1275
GLOBAL,20210428,41.95,43.15,41.95,43.15,12077
GLOBUSSPR,20210428,316.6,322.9,316,320.65,88620
GMBREW,20210428,403.75,415,398.9,402.6,34752
GMDCLTD,20210428,56.95,57.6,56.6,56.8,654619
GMMPFAUDLR,20210428,4200,4381.5,4192.1,4261.15,87857
GMRINFRA,20210428,23.75,23.75,22.95,23.15,14979815
GNA,20210428,395,396.45,389.6,391.65,81026
GNFC,20210428,353.8,358.95,345.05,347.75,3309801
GOACARBON,20210428,320.25,328.4,316.4,319.15,35880
GOCLCORP,20210428,201.2,203.9,200.1,201,16799
GODFRYPHLP,20210428,865,876.25,862.2,864.05,20953
GODHA,20210428,40.6,44,40.55,40.55,269
GODREJAGRO,20210428,505.5,509.9,498,499.85,64042
GODREJCP,20210428,705.4,713.95,700.6,711.8,606306
GODREJIND,20210428,519.5,519.5,512,514.3,46741
GODREJPROP,20210428,1368,1391.45,1347.45,1355.7,622291
GOKEX,20210428,82.05,82.85,80.4,80.9,304323
GOKUL,20210428,18.9,19.4,18.4,18.9,24143
GOKULAGRO,20210428,21.8,22.85,20.8,22.15,421619
GOLDBEES,20210428,40.98,41.15,40.56,40.64,3618879
GOLDENTOBC,20210428,42.6,42.95,40.65,41.45,8135
GOLDIAM,20210428,368,379.9,365.2,367.65,127009
GOLDSHARE,20210428,42.15,42.15,41.5,41.65,231675
GOLDTECH,20210428,9.6,10,9.5,9.8,15351
GOODLUCK,20210428,91.7,94,87.15,88.5,720875
GOODYEAR,20210428,909,918,895,903,4349
GPIL,20210428,876.7,887.6,857.8,863.5,115742
GPPL,20210428,94.9,95.5,93.75,94.95,1161963
GPTINFRA,20210428,38.1,38.15,36,36.7,20936
GRANULES,20210428,329.5,342.6,326.5,331.35,4863899
GRAPHITE,20210428,719.75,728.85,696.15,705.1,2517898
GRASIM,20210428,1337.45,1349,1321.15,1341.15,1283746
GRAVITA,20210428,96,99.75,95.2,97.35,171623
GREAVESCOT,20210428,130.7,139.8,129.9,135.1,2228111
GREENLAM,20210428,1024,1159.9,1018.55,1146,20946
GREENPANEL,20210428,207,216.7,207,216.7,481683
GREENPLY,20210428,207.1,209.6,201,202.55,402774
GREENPOWER,20210428,2.15,2.15,2,2.1,1383020
GRINDWELL,20210428,934.1,939.15,912.5,919.7,24158
GROBTEA,20210428,764.95,808.8,764.95,787.8,1031
GRPLTD,20210428,797.65,830.2,797.55,812.75,981
GRSE,20210428,178.6,180,178.1,179.55,50399
GSCLCEMENT,20210428,34,34.5,34,34.4,118617
GSFC,20210428,95.5,96.8,95.25,95.55,1935273
GSPL,20210428,258.05,263.9,258.05,259.4,255162
GSS,20210428,63.9,65.6,63.15,63.65,146063
GTL,20210428,5.85,5.85,5.6,5.7,196973
GTLINFRA,20210428,0.7,0.7,0.65,0.7,4418541
GTNTEX,20210428,5.5,5.5,5.25,5.25,214
GTPL,20210428,131.45,131.6,128.55,130.8,158979
GUFICBIO,20210428,137.5,138.9,131.55,132.9,319663
GUJALKALI,20210428,430.15,436.5,420.3,422.55,482710
GUJAPOLLO,20210428,215.85,219,211,212.75,1785
GUJGASLTD,20210428,545,550.5,534.4,540.25,868385
GUJRAFFIA,20210428,41.85,43.25,40.5,40.75,9682
GULFOILLUB,20210428,693.75,748.75,685,723.65,162871
GULFPETRO,20210428,44,44.4,42.5,42.8,76434
GULPOLY,20210428,153.05,167.6,153.05,157.95,838791
HAL,20210428,954.7,974.9,951.5,967.75,221670
HAPPSTMNDS,20210428,653.85,679.4,651.6,662.45,3130636
HARRMALAYA,20210428,149.8,154.6,147.6,149.2,234579
HATHWAY,20210428,22.7,25.15,22.65,23.95,59037288
HATSUN,20210428,855.1,864.7,795.95,813.7,435337
HAVELLS,20210428,1040,1044,1016.1,1019.85,844145
HAVISHA,20210428,0.85,0.85,0.75,0.75,40023
HBANKETF,20210428,337.48,337.48,327.56,336.22,8347
HBLPOWER,20210428,31.65,37.5,31.65,36.2,2335243
HBSL,20210428,16,17.35,15.85,16.3,5408
HCC,20210428,7.7,8.05,7.55,7.85,2772864
HCG,20210428,182.05,184.45,175.8,178.4,58371
HCL-INSYS,20210428,8.55,8.8,8.55,8.65,191702
HCLTECH,20210428,931.2,935.85,921.75,923.8,6845677
HDFC,20210428,2516.1,2609,2508.3,2577,3407461
HDFCAMC,20210428,2852.9,2854.9,2778.2,2806,624328
HDFCBANK,20210428,1436.25,1479,1431,1476.8,12051970
HDFCLIFE,20210428,682.5,682.5,671.15,672.6,4011121
HDFCMFGETF,20210428,42.2,42.2,41.72,41.77,452057
HDFCNIFETF,20210428,155.15,157.57,155.15,157.44,8455
HDFCSENETF,20210428,524.99,529.9,518,528.91,1509
HEG,20210428,2210,2248.1,2155.35,2168.75,457561
HEIDELBERG,20210428,232.3,234,230.1,233.3,76626
HEMIPROP,20210428,143.8,144.05,136.05,137.4,489056
HERANBA,20210428,685.5,728,685,711,1100849
HERCULES,20210428,118,123,118,119.4,49037
HERITGFOOD,20210428,346.45,380,345.4,376.2,1345089
HEROMOTOCO,20210428,2928,3009,2915.05,2926.25,1389833
HESTERBIO,20210428,2194,2339.9,2173.1,2233.85,39316
HEXATRADEX,20210428,93,99,93,96,40709
HFCL,20210428,28.75,28.95,27.9,28.05,4274582
HGINFRA,20210428,275,278.45,267.55,271.75,44197
HGS,20210428,1679,1775,1677,1750.85,73922
HIKAL,20210428,256.7,276,254,262.9,5962024
HIL,20210428,3575,3643.4,3500,3526.6,7005
HILTON,20210428,11.9,11.9,11.4,11.65,15795
HIMATSEIDE,20210428,141,153.5,140.5,149.9,450294
HINDALCO,20210428,368.85,368.9,358,362.6,15197329
HINDCOMPOS,20210428,264,266.9,259.55,264.4,9952
HINDCOPPER,20210428,157.8,165,155.8,158.1,15493506
HINDMOTORS,20210428,7.2,7.3,6.85,6.95,76108
HINDNATGLS,20210428,31.3,32.05,30.05,31.95,63980
HINDOILEXP,20210428,98,100.3,98,98.75,168849
HINDPETRO,20210428,233.8,233.9,230.85,231.35,5053936
HINDUNILVR,20210428,2380,2445,2366.3,2406.55,1951215
HINDZINC,20210428,321.9,321.9,307,308.2,5195162
HIRECT,20210428,123.05,124.8,116.95,121.1,23203
HISARMETAL,20210428,115.95,116.95,110.8,112.2,29983
HITECH,20210428,384.85,396.35,377,377.6,53639
HITECHCORP,20210428,137.4,145.25,134,142.2,58371
HITECHGEAR,20210428,162,162,155.1,158.75,9056
HLEGLAS,20210428,2330,2402.15,2295.3,2402.15,10139
HLVLTD,20210428,6,6.05,5.7,5.8,174299
HMVL,20210428,65.85,66,62.5,63.05,31248
HNDFDS,20210428,2129.95,2134.95,2082,2091,7367
HNGSNGBEES,20210428,371.99,371.99,363.27,370.27,649
HOMEFIRST,20210428,468.15,478.45,468.15,472.05,76644
HONAUT,20210428,43590,44348.95,43053.7,44212.3,2587
HONDAPOWER,20210428,958.65,1025.75,950,1008.25,19442
HOVS,20210428,45.75,47.55,45.75,46.75,12421
HPL,20210428,47.05,48.6,47,47.3,139120
HSCL,20210428,45.35,47.7,45.15,45.95,13025254
HSIL,20210428,158.75,161.55,154,155.45,251350
HTMEDIA,20210428,23,23.7,21.8,22.2,275695
HUBTOWN,20210428,16,16.8,15.8,16.35,122815
HUDCO,20210428,42.75,43.15,42.3,42.45,1177126
HUHTAMAKI,20210428,279.9,287,277.85,283,67250
IBMFNIFTY,20210428,147,151.8,142.13,148.52,673
IBREALEST,20210428,82.15,83.9,79.8,80.1,7968171
IBULHSGFIN,20210428,184.7,192,183.1,186.8,22377763
ICEMAKE,20210428,74.35,74.5,66.35,71,17573
ICICI500,20210428,204.98,206,200.1,205.3,1565
ICICIALPLV,20210428,145.95,145.95,143.96,144.01,5148
ICICIB22,20210428,35.74,35.74,35.11,35.45,218339
ICICIBANK,20210428,598,622.8,598,621.35,33292864
ICICIBANKN,20210428,330,335.44,326.57,334.54,17163
ICICIBANKP,20210428,173,188,172.95,176.7,62965
ICICIGI,20210428,1451.7,1454.5,1421.65,1424.9,273683
ICICIGOLD,20210428,42.25,44.7,41.51,41.7,313463
ICICILIQ,20210428,999.5,1000,999.5,1000,9714
ICICILOVOL,20210428,120.7,120.7,116.21,118.5,10565
ICICIM150,20210428,92.9,92.97,92,92.3,119742
ICICIMCAP,20210428,92.9,92.9,84.5,85.64,8378
ICICINF100,20210428,160.98,161.3,157.6,161.16,27074
ICICINIFTY,20210428,165.3,165.3,153,157.95,77518
ICICINV20,20210428,78.8,78.8,77.1,78.02,9385
ICICINXT50,20210428,35.98,35.98,34.72,35.58,15586
ICICIPRULI,20210428,526.7,537.9,518.3,520.85,3512690
ICICISENSX,20210428,533.98,537.5,528.81,534.81,1209
ICICITECH,20210428,260.95,261.8,258.61,260.11,505528
ICIL,20210428,135.9,135.9,131.05,132.3,194915
ICRA,20210428,3416.8,3473.9,3352.25,3389.7,9050
IDBI,20210428,34.7,36.15,34.65,35.7,16472455
IDBIGOLD,20210428,4389,4389,4325,4365.75,196
IDEA,20210428,8.75,8.85,8.6,8.65,102877140
IDFC,20210428,49.5,50.35,48.6,49.3,4477623
IDFCFIRSTB,20210428,53.8,54.95,53.55,54.65,33115115
IDFNIFTYET,20210428,154.32,155.45,153.12,155.34,261
IEX,20210428,378,383.8,368.85,370.1,2563201
IFBAGRO,20210428,404.1,414.7,401.15,409.6,10612
IFBIND,20210428,972,1025.15,967.3,1002.45,104358
IFCI,20210428,11.35,11.4,11.1,11.15,2000535
IFGLEXPOR,20210428,370,378.85,361.35,371.7,63358
IGARASHI,20210428,351.2,372.4,351.2,365.9,611379
IGL,20210428,515,515,506.6,510.65,842391
IGPL,20210428,480,502,480,482.9,150011
IIFL,20210428,272.2,277.95,267.8,277.95,202594
IIFLSEC,20210428,50.9,51.8,50.6,50.8,345521
IIFLWAM,20210428,1130.3,1147.5,1094.65,1110.85,6269
IITL,20210428,57,58.45,54.95,56.95,1774
IMAGICAA,20210428,5.6,5.7,5.5,5.7,85429
IMFA,20210428,470.05,490.2,459.5,462.5,142798
IMPAL,20210428,631.6,664,631.6,657.8,2740
INDBANK,20210428,13.5,14.05,13.4,13.5,80031
INDHOTEL,20210428,114.3,115.4,112.8,113.65,2050705
INDIACEM,20210428,167,167.4,162.75,163.35,1728145
INDIAGLYCO,20210428,487.5,498,471.05,474.35,646178
INDIAMART,20210428,8550,8795.05,8502.95,8707.15,130482
INDIANB,20210428,113.85,114.6,112.75,113.4,2037803
INDIANCARD,20210428,130,132.6,126.85,131.4,8043
INDIANHUME,20210428,173.45,174.8,172.3,173.35,20470
INDIGO,20210428,1640.1,1656.4,1633.1,1647.55,553525
INDIGOPNTS,20210428,2319,2384.15,2315,2364.7,36693
INDLMETER,20210428,14.6,14.65,14.2,14.2,942
INDNIPPON,20210428,373.7,378.8,365,369.3,23545
INDOCO,20210428,333.5,338.05,330.35,336.2,239838
INDORAMA,20210428,36.85,37.7,36.5,37.35,53935
INDOSTAR,20210428,308.5,313.95,307.65,310.3,6294
INDOTECH,20210428,98.7,98.7,95.05,95.7,13539
INDOTHAI,20210428,49.25,52.65,49.25,50.25,7011
INDOWIND,20210428,3.45,3.6,3.35,3.45,84967
INDRAMEDCO,20210428,64.7,73.4,62.45,71.75,8325170
INDSWFTLAB,20210428,84.75,86.25,81,84.7,488964
INDTERRAIN,20210428,29,29,28.1,28.4,160671
INDUSINDBK,20210428,890,931,888,926.9,9935828
INDUSTOWER,20210428,254,256.3,252.05,255.8,1933776
INEOSSTYRO,20210428,1144.35,1166.6,1137,1141.5,29822
INFIBEAM,20210428,39.55,41.45,39.5,40.1,1186418
INFOBEAN,20210428,203.5,204.95,187.2,190.35,86140
INFOMEDIA,20210428,3.7,3.7,3.5,3.5,3767
INFRABEES,20210428,417,421.1,417,421.1,289
INFY,20210428,1358,1359.5,1344.6,1356,4879234
INGERRAND,20210428,748.05,755.6,726.6,730.8,73721
INOXLEISUR,20210428,274,279.75,272.1,277.75,327684
INOXWIND,20210428,80.75,82.05,76.55,77.7,1100092
INSECTICID,20210428,485.6,492.95,485.6,489.55,16007
INSPIRISYS,20210428,50.45,50.95,48.5,49,13361
INTELLECT,20210428,707.9,712.9,693,698.35,217899
INTENTECH,20210428,44,45.2,42.55,42.95,79478
INVENTURE,20210428,24.05,25.6,24.05,24.55,49365
IOB,20210428,16.15,16.15,12.8,15.95,7187716
IOC,20210428,89.2,89.55,89,89.4,6336704
IOLCP,20210428,623.3,633,612.3,617.8,795616
IPCALAB,20210428,2109,2114,2032.55,2045.5,171599
IRB,20210428,105.45,106.8,104.3,106.15,594930
IRCON,20210428,88.05,91.45,88.05,90.15,2745931
IRCTC,20210428,1800,1818,1775,1795.85,1538029
IRFC,20210428,21.3,21.35,21.1,21.15,14514238
IRISDOREME,20210428,96.1,98,90,96.55,197909
ISEC,20210428,463.85,467,457,465.8,522616
ISFT,20210428,82.5,86.1,81.85,84.9,60300
ISMTLTD,20210428,10.3,10.7,10.1,10.6,59252
ITC,20210428,206,206.5,205.3,205.5,12708021
ITDC,20210428,333,338.8,330,331.15,47345
ITDCEM,20210428,74.2,74.75,73.5,73.75,204239
ITI,20210428,108.6,110.85,108.55,109.1,234920
IVC,20210428,5.1,5.15,4.9,5,244080
IVP,20210428,109.05,113.55,109.05,113.55,863
IVZINGOLD,20210428,4262.1,4598.6,4224.1,4235.75,702
IZMO,20210428,69.9,71.7,66.75,67.15,116503
J&KBANK,20210428,23.55,24.2,23.5,24.1,4870986
JAGRAN,20210428,57.95,57.95,56.55,56.75,687579
JAGSNPHARM,20210428,97.05,106.8,97.05,97.75,371516
JAIBALAJI,20210428,48.85,49.75,47.5,49.75,13180
JAICORPLTD,20210428,85.7,87.8,85.15,86,722458
JAMNAAUTO,20210428,69.7,69.7,68,68.75,950770
JASH,20210428,411.9,413,386.45,393.45,70411
JAYAGROGN,20210428,153.2,158,148.35,149.95,74853
JAYBARMARU,20210428,274.7,274.7,251.3,260.95,373114
JAYNECOIND,20210428,13.75,14.05,13.75,14.05,474691
JAYSREETEA,20210428,74.05,81,73.45,78.05,1532954
JBCHEPHARM,20210428,1342,1358.9,1326.2,1337.75,81161
JBFIND,20210428,17.15,17.15,17.15,17.15,9132
JBMA,20210428,379.9,388.7,372.85,378.15,26379
JCHAC,20210428,2403.05,2415.95,2381,2384.7,7537
JHS,20210428,21.3,21.3,20.05,20.15,38023
JIKIND,20210428,0.55,0.55,0.5,0.5,11235
JINDALPHOT,20210428,58.5,60.35,55,60.35,14275
JINDALPOLY,20210428,730,734,702.25,712.35,387205
JINDALSAW,20210428,75.95,76.7,75.05,75.5,664609
JINDALSTEL,20210428,453.8,453.95,436.05,443.6,15697777
JINDRILL,20210428,91.4,91.7,89,90.35,27489
JINDWORLD,20210428,46.85,46.85,45.5,45.9,161158
JISLDVREQS,20210428,13.9,13.9,13,13.9,197344
JISLJALEQS,20210428,20.05,20.05,19.15,20.05,8231291
JITFINFRA,20210428,8.6,8.65,8,8.55,16374
JIYAECO,20210428,5.1,5.1,4.95,5,17304
JKCEMENT,20210428,2800.7,2833,2770,2789.05,118508
JKIL,20210428,185,187.55,183.6,186.75,81213
JKLAKSHMI,20210428,400.5,410.4,400.5,405.05,214495
JKPAPER,20210428,136,144.4,135.5,143.25,1171570
JKTYRE,20210428,112.7,118.5,111.7,116.95,1937255
JMA,20210428,39.35,41.6,38.25,40.25,50063
JMCPROJECT,20210428,84.05,86.3,82.35,83.3,139400
JMFINANCIL,20210428,83.3,83.3,81.9,82.15,444384
JMTAUTOLTD,20210428,2.5,2.55,2.5,2.55,102539
JOCIL,20210428,166.45,178,166.45,172.75,184025
JPASSOCIAT,20210428,7.05,7.15,7,7,2725240
JPINFRATEC,20210428,1.5,1.55,1.45,1.5,1775298
JPPOWER,20210428,2.95,3,2.85,2.9,11524668
JSL,20210428,84.4,87.55,82.5,86.7,3642186
JSLHISAR,20210428,164,164.7,154.3,158.15,1544578
JSWENERGY,20210428,107.45,109.5,106.1,107.1,5949477
JSWHL,20210428,4021.35,4050.55,3956.35,3972.7,729
JSWISPL,20210428,41.65,41.65,39,41.65,4813737
JSWSTEEL,20210428,669.75,676,650.65,662.65,15558949
JTEKTINDIA,20210428,81.1,83.7,81.1,82.75,88531
JUBLFOOD,20210428,2947.55,2966.95,2890,2901.8,390757
JUBLINDS,20210428,309.4,335.05,290.4,335.05,1398579
JUBLINGREA,20210428,320.25,339.5,320.25,331.65,2084800
JUBLPHARMA,20210428,798.25,804.8,786,795.65,260904
JUMPNET,20210428,8.4,8.65,8.05,8.65,2152731
JUNIORBEES,20210428,368,368,316.05,364.59,51548
JUSTDIAL,20210428,878,880.6,866.4,871.95,502538
JYOTHYLAB,20210428,152.95,153.65,149.4,150.4,822507
KABRAEXTRU,20210428,167.5,173.6,165.1,171.55,84824
KAJARIACER,20210428,905,942.9,905,934.2,163286
KAKATCEM,20210428,186.15,188.95,182.2,184.3,22130
KALPATPOWR,20210428,378.05,382,374.35,376.15,66942
KALYANIFRG,20210428,170.1,178,170.1,176.45,561
KALYANKJIL,20210428,61.55,62.9,60.6,61.65,4057145
KAMATHOTEL,20210428,30.95,30.95,29.6,29.85,31412
KAMDHENU,20210428,159,160.7,155.2,157.5,78396
KANANIIND,20210428,4.4,4.4,4.15,4.15,1993
KANORICHEM,20210428,124.7,126.5,121,125.65,50404
KANPRPLA,20210428,138.3,142.9,138,141.65,12676
KANSAINER,20210428,558.3,565,553.75,563.95,48007
KAPSTON,20210428,90.1,99.4,90.1,91.15,1640
KARDA,20210428,124.8,124.8,118,118.9,123820
KARMAENG,20210428,12.9,12.9,12.6,12.85,4994
KARURVYSYA,20210428,54.15,54.5,53.5,53.7,757136
KAUSHALYA,20210428,1.4,1.4,1.4,1.4,650
KAYA,20210428,293.95,293.95,284.1,286.1,18712
KCP,20210428,95.95,99.7,95.95,96.85,426737
KCPSUGIND,20210428,15.2,16.35,15.15,15.9,1126848
KDDL,20210428,325.9,333.95,315.55,318.45,17693
KDDL-RE,20210428,172.75,173.1,152,173.1,29331
KEC,20210428,397.2,402.45,395.25,399.45,269483
KECL,20210428,13.2,13.7,12.95,13.05,65405
KEERTI,20210428,26.1,27.5,26,26.2,213603
KEI,20210428,520,525.15,510.55,514.55,98644
KELLTONTEC,20210428,70.3,70.75,68.55,69.35,347823
KENNAMET,20210428,1047.25,1055,1040,1051.05,5081
KERNEX,20210428,43.05,43.05,43.05,43.05,2236
KESORAMIND,20210428,74,78.95,73.25,75.2,4646924
KEYFINSERV,20210428,61.15,63.95,58,63.15,2960
KHADIM,20210428,137.3,141.7,137.3,140.85,40125
KHAICHEM,20210428,23.15,23.65,22.9,23.05,131829
KHANDSE,20210428,14.15,14.2,14.1,14.1,407
KICL,20210428,1481.05,1594.45,1463,1577.55,2687
KILITCH,20210428,111.95,112.9,106,108.3,16348
KINGFA,20210428,590,609,582.55,602.65,14482
KIOCL,20210428,155.7,157.8,154,154.8,137710
KIRIINDUS,20210428,418.4,471.95,415.1,446.4,740810
KIRLFER,20210428,196.4,198.4,191.7,193.65,73995
KIRLOSBROS,20210428,235.05,242,234.6,238.7,51041
KIRLOSENG,20210428,170,174.6,170,172.85,138375
KIRLOSIND,20210428,1278.9,1278.9,1239.75,1259.85,1135
KITEX,20210428,97.25,98.45,97.15,97.45,58976
KKCL,20210428,825.15,849.95,825.15,843.45,443
KMSUGAR,20210428,13.45,14.15,13.45,13.6,567870
KNRCON,20210428,194.3,196.35,192.5,194.25,587876
KOKUYOCMLN,20210428,55.9,56.95,55.25,55.7,99161
KOLTEPATIL,20210428,227.1,228.5,222,222.7,92086
KOPRAN,20210428,166.7,181.9,165.95,180.25,2317600
KOTAKBANK,20210428,1762.5,1824,1754,1811.45,4174599
KOTAKBKETF,20210428,330.56,340,330.56,339.48,96010
KOTAKGOLD,20210428,412.9,412.9,408.6,409,36410
KOTAKIT,20210428,25.85,26.25,25.85,25.9,2590
KOTAKNIFTY,20210428,153.15,155.32,153.15,155.1,37387
KOTAKNV20,20210428,79.5,80.2,79.01,79.56,2840
KOTAKPSUBK,20210428,202,205.99,201,204.67,20194
KOTARISUG,20210428,24.4,25.45,24.4,25.15,677966
KOTHARIPET,20210428,30.75,30.75,28.85,29.35,101805
KOTHARIPRO,20210428,64,65.9,60.1,62.65,13672
KPITTECH,20210428,199.9,200,193.4,194.1,832028
KPRMILL,20210428,1322.9,1424.7,1291.75,1346.2,563082
KRBL,20210428,181.3,189.2,181,185.45,577929
KREBSBIO,20210428,132.1,133,125.05,126.5,61124
KRIDHANINF,20210428,4.6,4.6,4,4.1,303395
KRISHANA,20210428,95,95,85.55,87.85,5597
KSB,20210428,909,914,865.35,875.1,41967
KSCL,20210428,581.95,606.85,576.55,596.15,415005
KSL,20210428,361.5,373.3,359.05,364.15,167759
KTKBANK,20210428,61.7,62.2,61.6,62.05,704935
KUANTUM,20210428,62.8,64.4,62.05,63.55,60314
L&TFH,20210428,88.65,92.45,88.65,91.85,21936184
LALPATHLAB,20210428,2810,2893.95,2800,2859.6,483575
LAMBODHARA,20210428,53.5,54.85,52,53.75,23385
LAOPALA,20210428,220,240,220,227.95,518806
LASA,20210428,76.4,81.5,74.3,78.5,905248
LAURUSLABS,20210428,471.4,477,465.4,474.7,3533685
LAXMIMACH,20210428,6200,6200,6102,6121.05,2067
LCCINFOTEC,20210428,2.2,2.2,2.2,2.2,154451
LEMONTREE,20210428,36.35,36.5,35.2,35.4,1277572
LFIC,20210428,78.65,81.85,78.6,79.3,579
LGBBROSLTD,20210428,299.95,307.75,299,304.4,38877
LGBFORGE,20210428,3.95,4.1,3.8,3.85,106087
LIBAS,20210428,44,45,43.1,44.25,29582
LIBERTSHOE,20210428,123.25,126.85,123.25,124.8,30998
LICHSGFIN,20210428,403.7,419.4,403.5,415.15,3489546
LICNETFGSC,20210428,21.98,21.98,21.77,21.92,1603
LICNETFN50,20210428,161.2,170,161.2,169.99,1388
LICNETFSEN,20210428,528.39,528.39,511.5,524.99,157
LICNFNHGP,20210428,156.3,156.3,151.55,151.99,1394
LIKHITHA,20210428,383.55,392.85,376,381.15,85797
LINCOLN,20210428,257.15,259.8,252.25,253.4,95271
LINCPEN,20210428,150.35,150.4,146.05,147,2012
LINDEINDIA,20210428,1888.05,1888.05,1837,1840.7,97506
LIQUIDBEES,20210428,1002.29,1002.29,999.4,999.99,1080944
LIQUIDETF,20210428,999.99,1000.01,999.99,1000,17876
LODHA,20210428,604.8,620,596.2,615.65,985170
LOKESHMACH,20210428,49.05,50.85,47.45,48.6,38944
LOTUSEYE,20210428,44.05,45.55,41.25,42.45,19415
LOVABLE,20210428,90,100,88.55,98.45,1245768
LPDC,20210428,1.95,2,1.95,2,8993
LSIL,20210428,1.35,1.35,1.3,1.35,5480048
LT,20210428,1384.85,1399.95,1372.5,1375.9,3220346
LTI,20210428,3930,3947.45,3834.15,3890.85,297881
LTTS,20210428,2607,2665,2607,2624.4,207582
LUMAXIND,20210428,1535,1560.95,1502,1543.6,3202
LUMAXTECH,20210428,152.35,154.7,147,153.65,172746
LUPIN,20210428,1070,1074.55,1051.1,1054.75,1483859
LUXIND,20210428,1931,1999,1920,1934.65,53484
LXCHEM,20210428,196.6,214.4,196.05,210.05,10206205
LYKALABS,20210428,37.5,37.5,35.8,37.5,338306
LYPSAGEMS,20210428,4.15,4.25,4,4.15,29048
M&M,20210428,786,801.6,778.85,782.1,5214319
M&MFIN,20210428,166.75,168.75,165.35,167.5,8746658
M100,20210428,25.98,25.98,25.15,25.49,59149
M50,20210428,144,146.23,142.95,145.9,4281
MAANALU,20210428,162.5,165.9,158,158.7,43708
MACPOWER,20210428,97.2,99.35,89.95,91.55,11055
MADHAV,20210428,48.9,50.1,48.2,48.65,18379
MADHUCON,20210428,5.25,5.25,4.8,4.9,24188
MADRASFERT,20210428,26.15,26.3,25.2,25.3,153288
MAESGETF,20210428,25.86,25.86,25.16,25.32,8230
MAGADSUGAR,20210428,127.05,138.8,127,133.55,328433
MAGMA,20210428,118.5,120.5,115.5,118.7,1358647
MAGNUM,20210428,4.45,4.45,4.15,4.4,13243
MAHABANK,20210428,23.7,24.05,23.55,23.85,6826298
MAHAPEXLTD,20210428,69.5,69.5,68,68,19
MAHASTEEL,20210428,104.75,104.75,90.55,92.2,405094
MAHEPC,20210428,151.9,151.9,147.05,148.9,72178
MAHESHWARI,20210428,124,124,112.5,112.95,225708
MAHINDCIE,20210428,166.5,179.4,165.35,174.55,1583082
MAHLIFE,20210428,492,494,474.5,478.7,33589
MAHLOG,20210428,556.8,556.8,548,551.85,74222
MAHSCOOTER,20210428,3480,3665,3361.15,3638.55,14998
MAHSEAMLES,20210428,280,283,274.05,274.6,59118
MAITHANALL,20210428,771,781,757,760.65,85502
MAJESCO,20210428,71.55,72.5,71.5,72.05,372925
MALUPAPER,20210428,25.5,26.8,24.5,25.65,32636
MAN50ETF,20210428,149,152.14,148,152.13,54038
MANAKALUCO,20210428,10.3,10.65,10.1,10.6,54016
MANAKCOAT,20210428,15.4,15.4,14.1,15.35,264172
MANAKSIA,20210428,58.65,59.1,56.65,57,70829
MANAKSTEEL,20210428,26.4,26.7,24.45,24.85,42963
MANALIPETC,20210428,80.4,84.7,79.95,81.2,2200764
MANAPPURAM,20210428,148.7,150.65,147.45,148.8,3302307
MANGALAM,20210428,144.9,149.95,139.05,142.9,477245
MANGCHEFER,20210428,72.85,74,72,72.2,271540
MANGLMCEM,20210428,283.65,283.65,276.75,279.4,18003
MANGTIMBER,20210428,10.4,11.35,10.35,10.8,12971
MANINDS,20210428,86,87.85,83.25,83.95,693304
MANINFRA,20210428,39.45,39.7,38.6,38.85,225444
MANUGRAPH,20210428,11.5,11.7,10.8,11.65,2476
MANXT50,20210428,351,351,347,348.23,3617
MARALOVER,20210428,34.8,34.85,34,34.6,25859
MARATHON,20210428,53.5,53.5,49.5,49.95,93930
MARICO,20210428,410.1,414,408.3,411.4,1013196
MARINE,20210428,70.2,75,70.2,73.9,965699
MARKSANS,20210428,69.75,74.9,69.1,73.3,17877141
MARUTI,20210428,6568.75,6650,6545,6573.8,1406270
MASFIN,20210428,814.9,819.9,801.95,816,8178
MASKINVEST,20210428,28.5,28.5,28.5,28.5,47
MASTEK,20210428,1516,1537.5,1490,1526.6,241391
MATRIMONY,20210428,884.8,931,876.95,904.7,37064
MAWANASUG,20210428,40.4,41.05,39.4,40.05,169116
MAXHEALTH,20210428,228.7,230.65,225.05,226.1,460278
MAXIND,20210428,65.1,65.6,64.6,65.3,215501
MAXVIL,20210428,55.95,56.25,54.65,55.75,62334
MAYURUNIQ,20210428,458,464.95,451,456.95,151569
MAZDA,20210428,459.95,459.95,446,446.8,3295
MAZDOCK,20210428,202.9,205.15,202,202.6,273638
MBAPL,20210428,80.9,84.45,78.3,82.95,1015
MBECL,20210428,7.75,7.9,7.45,7.65,19132
MBLINFRA,20210428,19.05,19.4,17.65,18.4,123249
MCDHOLDING,20210428,39.55,41.2,39,39.4,5170
MCDOWELL-N,20210428,526,537.6,521,536.15,1844620
MCL,20210428,92,93.1,87.05,87.35,107655
MCLEODRUSS,20210428,23,23.5,22.1,22.75,1316285
MCX,20210428,1549,1551.95,1521.85,1530.45,182650
MEGASOFT,20210428,12.9,14.25,12.5,14.25,4265908
MEGH,20210428,128.9,133.65,128.7,129.55,3254383
MENONBE,20210428,52.55,56,52.55,54.85,42722
MEP,20210428,15.45,15.75,15.45,15.6,86303
MERCATOR,20210428,0.9,0.9,0.85,0.9,1207036
METROPOLIS,20210428,2426.9,2489.95,2397.05,2440.75,73570
MFSL,20210428,891.15,931.65,891.15,919.5,660310
MGEL,20210428,46.7,47.95,46.5,46.7,2301
MGL,20210428,1111.4,1123.75,1101,1109.65,292283
MHRIL,20210428,215.7,216,210.95,214.65,51595
MIC,20210428,0.7,0.7,0.65,0.7,158687
MIDHANI,20210428,182.1,192,182.05,184.85,1519282
MINDACORP,20210428,98.9,104.7,98.35,102.2,1259369
MINDAIND,20210428,540,544.75,533,541.4,139273
MINDTECK,20210428,51.9,55.3,51.8,53.35,86740
MINDTREE,20210428,2063,2135.95,2063,2129.35,1195905
MIRCELECTR,20210428,14.25,14.45,13.3,14.05,1212142
MIRZAINT,20210428,46.65,47.65,45.8,46.1,304132
MITTAL,20210428,10.15,10.2,10,10.1,62505
MMFL,20210428,465.95,475,453.1,464.75,5685
MMP,20210428,94.05,94.4,88.3,90.1,15351
MMTC,20210428,42.55,42.95,41,41.2,4552301
MODIRUBBER,20210428,77.8,77.9,74,77.9,5603
MOHITIND,20210428,6.8,6.8,6.55,6.65,5604
MOHOTAIND,20210428,6.5,6.55,6.2,6.3,18191
MOIL,20210428,154.8,156.9,154.1,154.75,200118
MOLDTECH,20210428,48,51.9,47.25,48.4,133012
MOLDTKPAC,20210428,414.85,432,414.05,430.15,80254
MONTECARLO,20210428,237,237.9,231.1,232.6,24289
MORARJEE,20210428,14.9,14.9,13.95,14.35,12200
MOREPENLAB,20210428,50.9,55.55,48.35,55.3,34556213
MOTHERSUMI,20210428,218,226.65,217,221.65,18941770
MOTILALOFS,20210428,604.5,618.5,603.95,608.5,147940
MOTOGENFIN,20210428,21.3,21.3,20.2,20.25,2709
MPHASIS,20210428,1717,1759,1707.85,1748.9,389821
MPSLTD,20210428,621.7,623,610,610.95,3922
MRF,20210428,78390,79300,77850,78060.8,23446
MRO-TEK,20210428,23,23.95,22.85,22.85,3954
MRPL,20210428,38.5,38.75,37.75,37.95,2142001
MSPL,20210428,10.85,10.85,10.3,10.5,46187
MSTCLTD,20210428,268,274.9,266,267.65,238874
MTARTECH,20210428,947.1,967.8,947.1,956.9,98380
MTEDUCARE,20210428,6.8,6.95,6.7,6.85,79833
MTNL,20210428,16.4,16.75,16.05,16.1,1676174
MUKANDLTD,20210428,111,112,106,106.8,102608
MUKTAARTS,20210428,28.8,28.85,28.5,28.6,4614
MUNJALAU,20210428,52.85,53.5,52.3,52.8,99534
MUNJALSHOW,20210428,133.95,138.45,133.95,137.4,38507
MURUDCERA,20210428,19.8,20.4,19.2,20,88001
MUTHOOTCAP,20210428,372.15,384.95,372.15,382.6,30886
MUTHOOTFIN,20210428,1182,1186,1173.3,1177.85,710804
N100,20210428,1044.9,1044.9,1020,1029.71,85283
NACLIND,20210428,37.8,38.25,37.6,37.85,42396
NAGAFERT,20210428,5.75,5.75,5.65,5.75,237000
NAGREEKCAP,20210428,5.8,5.8,5.8,5.8,810
NAGREEKEXP,20210428,17.7,17.7,16.75,16.9,1450
NAHARCAP,20210428,90.6,93.4,90,92.35,3985
NAHARINDUS,20210428,42.6,44.8,42.5,43.45,11435
NAHARPOLY,20210428,114.9,117.3,114.05,115.65,34965
NAHARSPING,20210428,95,97.75,92,95.15,39750
NAM-INDIA,20210428,345.9,350,335.15,341.4,1345473
NATCOPHARM,20210428,927,928.5,901.05,902.9,343239
NATHBIOGEN,20210428,343.4,358.7,338.35,355.15,57894
NATIONALUM,20210428,61.9,61.9,59.85,61.05,26439244
NATNLSTEEL,20210428,4.45,4.65,4.3,4.65,5907
NAUKRI,20210428,5044.15,5098.5,4975.1,5020.85,905515
NAVINFLUOR,20210428,3492.7,3565,3334.05,3350.8,796707
NAVKARCORP,20210428,34.6,35.7,34.25,34.7,518791
NAVNETEDUL,20210428,74.95,75.7,74.6,74.7,93684
NAZARA,20210428,1690,1836,1685,1789.9,1019865
NBCC,20210428,41.9,42.25,41.6,41.75,5948044
NBIFIN,20210428,1871,1920,1868.8,1912.7,308
NBVENTURES,20210428,72.6,74.1,71.9,73.2,875420
NCC,20210428,75,77.2,74.5,75.6,2923318
NCLIND,20210428,183,183.95,177.25,180.2,518283
NCPSESDL24,20210428,103.9,104,103.85,103.85,6603
NDGL,20210428,780,829.65,760,786.25,463
NDL,20210428,32.75,32.75,31.05,31.9,14954
NDRAUTO,20210428,199.9,199.9,190.05,197.5,3419
NDTV,20210428,54.9,55.5,54,54.9,38037
NECCLTD,20210428,8.9,8.9,8.4,8.45,21364
NECLIFE,20210428,24.75,27.2,23,26.75,4691441
NELCAST,20210428,64.9,68.75,64.2,67.25,365527
NELCO,20210428,189.95,193.2,188.75,190.3,76617
NEOGEN,20210428,895,916,865,871.85,192029
NESCO,20210428,508.95,519.1,506.95,508.8,53269
NESTLEIND,20210428,16775,16831.1,16611,16633.8,86876
NETF,20210428,178.23,178.23,178.23,178.23,43
NETFCONSUM,20210428,63.95,64.4,63.16,64.08,8921
NETFDIVOPP,20210428,36.01,36.95,36.01,36.77,3009
NETFGILT5Y,20210428,48.11,48.16,48.11,48.13,33
NETFIT,20210428,26.03,26.18,25.99,26.13,495892
NETFLTGILT,20210428,22.38,25,22.27,22.27,34512
NETFMID150,20210428,92,93.11,91.39,93.01,38422
NETFNIF100,20210428,153,154.69,147.95,154.48,4448
NETFNV20,20210428,81.12,81.3,80.27,81.18,4016
NETFSDL26,20210428,102.45,102.45,102.45,102.45,20
NETWORK18,20210428,40.65,42.1,40.35,41.2,2395930
NEULANDLAB,20210428,2457,2482.45,2433,2451.95,45172
NEWGEN,20210428,331,332.45,321.1,325.55,129341
NEXTMEDIA,20210428,4.4,4.5,4.35,4.45,11964
NFL,20210428,54.95,55.4,53.6,53.95,1174520
NH,20210428,400.2,418.4,398,416.65,248447
NHPC,20210428,24.4,24.6,24.3,24.45,1714739
NIACL,20210428,149.9,150.95,147.75,148.1,345774
NIBL,20210428,19.7,19.7,19.1,19.7,50611
NIFTYBEES,20210428,158.64,159.09,155.36,158.9,1587740
NIFTYEES,20210428,18869.6,18869.6,18869.6,18869.6,2
NIITLTD,20210428,174.7,175.6,171,172.05,153404
NILAINFRA,20210428,4.35,4.45,4.25,4.4,99740
NILASPACES,20210428,1.35,1.4,1.3,1.4,208031
NILKAMAL,20210428,1923.4,1974,1923.4,1962.15,13613
NIPPOBATRY,20210428,753.05,764,744.85,750.1,2044
NIRAJ,20210428,40.55,41.5,39.3,39.85,2536
NITCO,20210428,19.85,20.3,19,19.3,72981
NITINSPIN,20210428,88.85,90.9,86.6,87.5,91494
NITIRAJ,20210428,42.8,42.8,41.5,41.95,10
NKIND,20210428,25.9,26.6,24.2,26.6,5143
NLCINDIA,20210428,47.3,47.85,47.2,47.45,858961
NMDC,20210428,147.65,148.7,145.35,147.55,7948529
NOCIL,20210428,181.2,186.95,181.2,182.65,1060715
NOIDATOLL,20210428,6.2,6.2,5.8,5.8,95707
NORBTEAEXP,20210428,5.9,5.9,5.6,5.6,210
NOVARTIND,20210428,646.3,665,639.5,652.8,27060
NPBET,20210428,170.15,178,170,174.19,1073
NRAIL,20210428,207,215.7,204.1,211.05,29677
NRBBEARING,20210428,102,105.5,102,104.75,224887
NSIL,20210428,1401.95,1475,1380,1443.7,1841
NTL,20210428,0.7,0.7,0.7,0.7,1050
NTPC,20210428,102.85,103.95,102.15,103.6,15160578
NUCLEUS,20210428,556.75,561.25,535.5,542.55,42932
NURECA,20210428,1481.25,1481.25,1340.25,1340.25,77932
NXTDIGITAL,20210428,461.2,469.95,456.3,465.3,1942
OAL,20210428,900,1009.95,853.8,916.4,377161
OBEROIRLTY,20210428,544.9,551.45,536.55,544.45,178403
OCCL,20210428,900,959,898.2,948.55,49697
OFSS,20210428,3440,3590,3423.4,3553.25,221627
OIL,20210428,116.6,119.8,116.2,118.8,757288
OILCOUNTUB,20210428,6.65,6.7,6.65,6.7,19448
OLECTRA,20210428,190.5,191.95,188.1,189.1,113670
OMAXAUTO,20210428,40.95,41.45,40.2,40.85,16740
OMAXE,20210428,69.65,70,67.95,68.35,135944
OMINFRAL,20210428,21.3,21.4,20.75,20.9,96447
ONELIFECAP,20210428,7.1,7.1,6.5,6.5,1664
ONEPOINT,20210428,15.65,16.8,15.65,16,198524
ONGC,20210428,103.75,104.4,103.3,103.9,6887787
ONMOBILE,20210428,102.95,104.75,100.5,101.7,511657
ONWARDTEC,20210428,118,119,113.65,114.4,38087
OPTIEMUS,20210428,126.75,126.75,125.3,126.75,14367
OPTOCIRCUI,20210428,5.3,5.3,5.3,5.3,773933
ORBTEXP,20210428,59.55,59.9,57.3,58.3,7297
ORCHPHARMA,20210428,1729.9,1729.9,1660.5,1660.5,4976
ORICONENT,20210428,22.05,22.05,21.8,22.05,150964
ORIENTABRA,20210428,24.4,24.65,23.35,24.4,204146
ORIENTALTL,20210428,7.4,7.9,7.3,7.4,73098
ORIENTBELL,20210428,215,217,210.95,215.8,20541
ORIENTCEM,20210428,108,109,104.7,105.45,766330
ORIENTELEC,20210428,283.65,284.95,276.85,277.35,315172
ORIENTHOT,20210428,26.25,26.4,25.35,25.6,162695
ORIENTLTD,20210428,78.85,82.1,76.5,79.9,2204
ORIENTPPR,20210428,23.5,24.1,23.1,23.6,1046565
ORIENTREF,20210428,309.75,311.15,298,300.65,163467
ORISSAMINE,20210428,2424.9,2485,2397.55,2426.45,11582
ORTINLAB,20210428,30,31.8,29,30.6,94408
OSWALAGRO,20210428,10,10,9.6,9.7,91602
PAGEIND,20210428,30298.9,30997.9,29901,30034.3,35823
PAISALO,20210428,639,650,615,623.25,289397
PALASHSECU,20210428,49.5,52.85,49.35,51.05,12678
PALREDTEC,20210428,140.95,144.6,139.5,144.35,55293
PANACEABIO,20210428,393.85,406.25,367.65,367.65,2590157
PANACHE,20210428,58.3,58.4,57,57.25,22884
PANAMAPET,20210428,194,195,180.1,182.15,317868
PARACABLES,20210428,9.15,9.45,9.05,9.1,375016
PARAGMILK,20210428,113.3,115.6,112.3,114.15,576458
PARSVNATH,20210428,8.2,8.3,8,8.05,118171
PATELENG,20210428,11.7,12.9,11.7,12.55,771954
PATINTLOG,20210428,18.6,19.9,18.25,19.1,411631
PATSPINLTD,20210428,4.65,4.65,4.45,4.5,1562
PCJEWELLER,20210428,24.1,24.8,24,24.45,852676
PDMJEPAPER,20210428,23.7,24,22.6,23.75,102120
PDSMFL,20210428,682.05,686.9,680,681.5,2494
PEARLPOLY,20210428,15.85,16,15.25,15.95,66492
PEL,20210428,1673.9,1729,1665.05,1708.35,1118641
PENIND,20210428,17.6,18.2,17.6,17.95,139805
PENINLAND,20210428,7.05,7.4,7,7.4,205151
PERSISTENT,20210428,1980,1985,1925.05,1960.85,48111
PETRONET,20210428,240.8,240.8,235.65,237.1,2714344
PFC,20210428,109.45,109.45,107.65,107.95,4146451
PFIZER,20210428,5190,5209,5135,5142.75,65325
PFOCUS,20210428,71,71.95,68,69.4,19107
PFS,20210428,17.25,17.4,17,17.1,466449
PGEL,20210428,312.5,324.65,297,324.65,33580
PGHH,20210428,13505.2,13505.2,13378.85,13402.45,1376
PGHL,20210428,6400,6507.15,6372.45,6434.6,7372
PGIL,20210428,177.05,185,175.1,179.9,22137
PHILIPCARB,20210428,207,219.75,206.5,212.95,6521467
PHOENIXLTD,20210428,753.8,753.8,735,740.95,61700
PIDILITIND,20210428,1848,1892,1835,1882.85,871430
PIIND,20210428,2629.35,2629.35,2542.15,2564.6,263166
PILANIINVS,20210428,1700,1701.15,1680,1694.05,10423
PILITA,20210428,14.35,14.85,13.7,13.9,104141
PIONDIST,20210428,104.1,106.95,100.5,105.8,23616
PIONEEREMB,20210428,48,48.9,46.65,47.05,206097
PITTIENG,20210428,64.55,67,64.35,65.3,202956
PKTEA,20210428,202,202,201,202,214
PLASTIBLEN,20210428,226.95,232,225,228.8,6986
PNB,20210428,35.2,35.8,35.05,35.65,94894461
PNBGILTS,20210428,51.4,52.4,51.15,51.95,331139
PNBHOUSING,20210428,375.9,386,370.25,377.65,419403
PNC,20210428,47.4,52.3,47.4,52.3,314749
PNCINFRA,20210428,242.55,247.85,241.05,245.05,211266
PODDARHOUS,20210428,165.25,166.35,161.3,163,2636
PODDARMENT,20210428,214.95,218.5,212.1,214.05,14537
POKARNA,20210428,250,252.2,240,242.5,45415
POLYCAB,20210428,1555,1585,1525.2,1561.1,664746
POLYMED,20210428,1063,1063,1010,1018.6,124190
POLYPLEX,20210428,880.6,892,875.35,879.6,36743
PONNIERODE,20210428,162.45,166.5,159.55,165.65,27148
POWERGRID,20210428,218.8,221.7,216.3,220.9,9215766
POWERINDIA,20210428,1554,1769,1554,1695.65,411122
POWERMECH,20210428,574,574,558.65,564.7,15638
PPAP,20210428,182.8,196.8,182.8,194.4,146058
PPL,20210428,139.1,144,136.25,140.25,780085
PRAENG,20210428,8.45,9.35,8,8.6,89619
PRAJIND,20210428,238.45,245.9,236.5,239.3,2829948
PRAKASH,20210428,80.05,80.95,77.05,77.45,1803223
PRAKASHSTL,20210428,0.8,0.8,0.7,0.75,112957
PRAXIS,20210428,35,35.9,33.2,34.45,14623
PRECAM,20210428,44.75,46.9,44.75,45.15,176408
PRECOT,20210428,114.95,115.9,108.2,113.8,1955
PRECWIRE,20210428,193,207,193,198.35,92153
PREMEXPLN,20210428,152.05,153,147.55,151.75,9180
PREMIER,20210428,1.95,1.95,1.9,1.95,32006
PREMIERPOL,20210428,39.35,40.1,38.5,39.85,8803
PRESSMN,20210428,23.45,23.45,22.35,22.9,39262
PRESTIGE,20210428,277.4,280.3,275,275.65,295161
PRICOLLTD,20210428,79.25,79.6,75.5,76.15,474839
PRIMESECU,20210428,41.05,43.6,41.05,42.55,6867
PRINCEPIPE,20210428,494.2,505.1,491,494,249150
PRIVISCL,20210428,905,906,880,893.1,28499
PROZONINTU,20210428,17.25,17.55,17.1,17.35,130633
PRSMJOHNSN,20210428,128,129.85,127.2,128.55,142809
PSB,20210428,18.2,19.7,17.85,18.65,1124039
PSPPROJECT,20210428,421,422.9,415,416.3,16495
PSUBNKBEES,20210428,22.3,22.95,22.3,22.92,963053
PTC,20210428,82,82.5,80.75,81.1,873764
PTL,20210428,36.5,37.3,36,36.2,157670
PUNJABCHEM,20210428,949.9,968.75,920.05,926.4,32632
PURVA,20210428,67.75,67.75,63.8,66.4,86420
PVR,20210428,1187,1214.85,1179.9,1207.8,1259132
QGOLDHALF,20210428,2038.95,2038.95,2018.95,2022.7,313
QNIFTY,20210428,1516,1538,1516,1538,8
QUESS,20210428,610.1,627.4,605,621.1,201546
QUICKHEAL,20210428,195.5,196.9,193.7,195.5,422816
RADAAN,20210428,0.85,0.85,0.75,0.75,38055
RADICO,20210428,550,570.9,545,566.95,506814
RADIOCITY,20210428,23.5,23.7,23.35,23.45,359637
RAILTEL,20210428,124.05,126.75,123.15,123.4,1657700
RAIN,20210428,185.9,186.25,178.1,179.05,6120831
RAJESHEXPO,20210428,523,535.75,522,532.15,277385
RAJMET,20210428,89,91,89,90.2,4101
RAJRATAN,20210428,1075,1087,1014,1033.6,48735
RAJSREESUG,20210428,18.5,19.4,18.5,18.95,28981
RAJTV,20210428,37.9,37.9,34.9,35.45,14903
RALLIS,20210428,285.6,290.95,283.7,285.05,1072942
RAMANEWS,20210428,15.15,15.7,14.85,15.3,69101
RAMASTEEL,20210428,78.95,78.95,78.95,78.95,14912
RAMCOCEM,20210428,963,982.85,960.05,979.4,593061
RAMCOIND,20210428,256.9,265,256.2,257.6,122610
RAMCOSYS,20210428,507,512.35,488.1,490,149188
RAMKY,20210428,72.65,74.1,72.65,74.1,138453
RANASUG,20210428,10.1,11,10.1,10.65,2990744
RANEENGINE,20210428,276,279.9,270.1,272.35,3527
RANEHOLDIN,20210428,592.5,619.35,592.45,607.05,17034
RATNAMANI,20210428,1974.95,2040,1923.5,1940.1,14519
RAYMOND,20210428,327,332.8,326,327.75,309475
RBL,20210428,849,849,821.05,826.45,5701
RBLBANK,20210428,187.55,194.8,186.7,193.65,17807483
RCF,20210428,73.45,74.75,72.65,72.9,3148529
RCOM,20210428,1.55,1.6,1.5,1.6,6318249
RECLTD,20210428,128.9,129.7,128.05,128.55,2237389
REDINGTON,20210428,182.45,182.45,177.65,179.75,170066
REFEX,20210428,135,142.45,133.55,136.7,669423
RELAXO,20210428,869.95,884.95,862.5,868.8,165655
RELCAPITAL,20210428,9.65,10.15,9.65,10.05,1686840
RELIANCE,20210428,1997.85,2008,1980.15,1997.3,7902002
RELIGARE,20210428,89.25,90,85.35,86.35,577261
RELINFRA,20210428,33.8,35.7,33.65,34.95,3446563
REMSONSIND,20210428,165.25,168,158.7,163.6,8462
RENUKA,20210428,10,10.9,9.95,10.8,20254416
REPCOHOME,20210428,325.95,334.45,325,330.6,80564
REPL,20210428,198.05,201.5,197.45,199,5304
REPRO,20210428,348.1,352.8,345.55,348.3,2148
RESPONIND,20210428,157.7,182,153.95,165.8,126955
REVATHI,20210428,529.5,541.35,514.1,532.6,4037
RGL,20210428,419.3,419.3,398.6,406.05,51586
RHFL,20210428,2.9,2.9,2.9,2.9,477071
RICOAUTO,20210428,41.45,41.6,39.15,39.75,638556
RIIL,20210428,368,374.8,367.8,369.4,131937
RITES,20210428,246.85,246.85,239.2,240.3,283284
RKDL,20210428,9.15,9.5,9,9.15,30018
RKEC,20210428,64.05,64.05,61,61.55,13590
RKFORGE,20210428,586,603.95,581.05,595.7,154695
RMCL,20210428,2.4,2.4,2.25,2.3,70556
RML,20210428,341.25,356,341.25,350.6,14021
ROHITFERRO,20210428,1.55,1.55,1.55,1.55,13576
ROHLTD,20210428,64.4,64.4,61.5,61.85,37609
ROLLT,20210428,3.25,3.4,3.15,3.25,25014
ROLTA,20210428,4.2,4.5,4.1,4.5,14074086
ROML,20210428,97,101.25,97,101.15,15317
ROSSARI,20210428,1170,1224.65,1156.6,1174.45,361883
ROSSELLIND,20210428,109,109,106.25,108.2,7822
ROUTE,20210428,1586,1644,1580,1619.05,441871
RPGLIFE,20210428,474.9,486.95,472.35,481.1,144799
RPOWER,20210428,4.45,4.7,4.3,4.55,23019148
RPPINFRA,20210428,59.6,60.7,57.55,58,27107
RPSGVENT,20210428,343.8,346.05,336.1,339.55,24868
RSSOFTWARE,20210428,28.75,28.9,27.6,28.2,54024
RSWM,20210428,175.65,180.1,172.2,178.05,25659
RSYSTEMS,20210428,118.8,118.8,115.85,117.35,20917
RTNINDIA,20210428,9.15,9.3,8.55,9.3,3096734
RTNPOWER,20210428,2.6,2.65,2.55,2.65,3299265
RUBYMILLS,20210428,165.95,165.95,162.05,163.7,1781
RUCHI,20210428,705,705,695.6,701.35,18673
RUCHINFRA,20210428,5.85,5.9,5.75,5.85,79214
RUCHIRA,20210428,60.1,62.4,60,61.35,41955
RUPA,20210428,304,308.3,302.45,305.25,41138
RUSHIL,20210428,195,195,188.85,190.1,44511
RVHL,20210428,16.35,17.4,16.35,16.8,75637
RVNL,20210428,27.6,27.95,27.5,27.7,3163806
S&SPOWER,20210428,21.85,21.85,19.95,21.8,981
SABEVENTS,20210428,1.25,1.3,1.25,1.25,6857
SADBHAV,20210428,64.7,65.7,63.5,63.85,306275
SADBHIN,20210428,20.2,20.35,19.65,19.85,135657
SAFARI,20210428,610.15,624.9,602.25,611.4,3748
SAGARDEEP,20210428,32.05,33.65,32,32.65,18386
SAGCEM,20210428,729,740.75,726.4,727.15,13646
SAIL,20210428,100.8,104.2,99.6,103.5,71403090
SAKAR,20210428,112.15,119.4,111.8,116.2,64822
SAKHTISUG,20210428,10.15,10.35,9.9,9.95,294817
SAKSOFT,20210428,482,485,472.25,479.3,21455
SAKUMA,20210428,5,5.4,5,5.2,572900
SALASAR,20210428,464.4,477.95,453.25,474.75,70723
SALONA,20210428,90.25,91,82.45,90.5,2400
SALSTEEL,20210428,4.75,4.75,4.5,4.7,29549
SALZERELEC,20210428,121,126.7,119.55,122.75,203477
SAMBHAAV,20210428,2.1,2.1,1.95,2.05,41589
SANCO,20210428,8.35,8.6,8.35,8.6,26527
SANDESH,20210428,645.6,666,645.6,651.25,2047
SANDHAR,20210428,188.45,202.95,188.25,191.95,103396
SANGAMIND,20210428,81.7,82.4,77,79.05,61118
SANGHIIND,20210428,42.5,43.8,41.9,43.1,2098187
SANGHVIFOR,20210428,16.95,17.1,16.45,16.8,84638
SANGHVIMOV,20210428,127.8,127.8,124,125.3,32638
SANGINITA,20210428,24.3,24.35,23.5,24.3,113796
SANOFI,20210428,7489,7550,7431.5,7528.25,53912
SARDAEN,20210428,487.5,502,474.95,497.95,123163
SAREGAMA,20210428,1829,1897,1829,1850.05,24748
SARLAPOLY,20210428,25.9,26.35,25.3,26.05,121728
SASKEN,20210428,946.95,946.95,927.55,930.25,19522
SASTASUNDR,20210428,174.5,174.6,165.95,168.65,63913
SATIA,20210428,87,87.7,83.25,84.25,406212
SATIN,20210428,90.4,93.6,88.45,93.2,352816
SBICARD,20210428,963.5,1002,953,993.25,3785596
SBIETFIT,20210428,258.95,263.85,258.95,262.61,1268
SBIETFPB,20210428,172,179.4,172,178.74,11195
SBIETFQLTY,20210428,126.99,126.99,124.51,125.98,875
SBILIFE,20210428,934,934,914.15,930.4,1904945
SBIN,20210428,357,364.3,356.05,363.4,56696255
SCAPDVR,20210428,2.6,2.6,2.4,2.5,87658
SCHAEFFLER,20210428,5370,5380,5259.4,5307.15,11634
SCHAND,20210428,104.05,107.85,101.05,102.4,142883
SCHNEIDER,20210428,92.55,95,92.3,92.55,330333
SCI,20210428,108.4,108.45,105.35,105.85,1749516
SDBL,20210428,33,33.15,31.5,31.85,71973
SEAMECLTD,20210428,412.4,417.35,408.2,412.5,5688
SECURKLOUD,20210428,92,93,90,90.4,30862
SELAN,20210428,121.2,127.6,119.75,126.7,115588
SEPOWER,20210428,3.75,3.8,3.55,3.8,12742
SEQUENT,20210428,282.15,304,280,296.55,1800342
SESHAPAPER,20210428,151.85,159,151.3,152.55,66673
SETCO,20210428,15.7,15.8,15.1,15.4,153191
SETF10GILT,20210428,203.8,203.8,203.1,203.1,7
SETFGOLD,20210428,4219,4219,4170,4174.4,15119
SETFNIF50,20210428,149.9,150.5,147.37,150.24,185245
SETFNIFBK,20210428,326,336,326,335.37,93299
SETFNN50,20210428,374.6,374.6,358.26,361.77,6050
SETUINFRA,20210428,0.75,0.75,0.65,0.7,478145
SEYAIND,20210428,59.2,61.25,58.4,60,41789
SFL,20210428,2096.15,2128,2070.35,2082.55,16763
SGL,20210428,8.55,8.6,8.25,8.4,4554
SHAHALLOYS,20210428,11.4,12.4,11.4,12.4,14314
SHAKTIPUMP,20210428,507.7,551,503.9,541.55,404070
SHALBY,20210428,112.8,123.05,111.9,121,2249155
SHALPAINTS,20210428,85.2,94.5,85.2,90.55,225438
SHANKARA,20210428,381,391.5,381,385.05,191559
SHANTIGEAR,20210428,134.6,137.95,134.1,136.7,34045
SHARDACROP,20210428,309,311.7,306.1,310.4,87645
SHARDAMOTR,20210428,333.6,341,328.25,336.2,64965
SHAREINDIA,20210428,318.9,321.8,310.05,316.6,318376
SHARIABEES,20210428,369.75,369.86,366.35,368.89,1557
SHEMAROO,20210428,93,107.45,93,100.15,1347501
SHIL,20210428,283,285.8,273.7,277,56474
SHILPAMED,20210428,424.1,434.35,411,427.45,468070
SHIVAMAUTO,20210428,17.45,18.7,17.15,18.7,168447
SHIVAMILLS,20210428,47,47.45,45.5,47,5331
SHIVATEX,20210428,139.25,144,137.25,137.45,3754
SHK,20210428,139.6,145.9,136.6,142.9,2746517
SHOPERSTOP,20210428,194.2,196,192.8,193.5,45823
SHRADHA,20210428,37.4,37.4,37.4,37.4,20
SHREDIGCEM,20210428,72.4,74.4,71,71.65,4422124
SHREECEM,20210428,28180,28781,28105.1,28687.55,33961
SHREEPUSHK,20210428,163,167.35,155.2,156.65,152485
SHREERAMA,20210428,10.7,10.95,10.05,10.15,64080
SHRENIK,20210428,1.95,1.95,1.95,1.95,1496075
SHREYANIND,20210428,85.6,88.9,85.6,87.25,40328
SHREYAS,20210428,83.75,83.8,80.25,80.5,61296
SHRIPISTON,20210428,779.6,779.6,765,765,62
SHRIRAMCIT,20210428,1457.2,1467.95,1444.85,1459.15,28643
SHRIRAMEPC,20210428,3.95,4.15,3.85,3.95,537726
SHYAMCENT,20210428,5.55,5.6,5.35,5.35,53181
SICAGEN,20210428,25.5,26.15,21.9,22.4,1056937
SICAL,20210428,12.15,12.15,11.55,11.85,444438
SIEMENS,20210428,1858.8,1881.7,1827.25,1870.45,293233
SIGIND,20210428,29.35,30.8,28.95,30.3,41312
SIL,20210428,16.65,18.3,16.65,17.35,35423
SILGO,20210428,51.4,51.5,50,50.3,23520
SILINV,20210428,183.5,189.8,183,183.5,11349
SILLYMONKS,20210428,21.6,22.35,21.55,21.75,677
SIMBHALS,20210428,8.65,8.8,8,8.8,59972
SIMPLEXINF,20210428,30.7,30.8,30,30.55,48908
SINTERCOM,20210428,76.7,78.85,76.35,77.35,1632
SINTEX,20210428,3.55,3.6,3.45,3.45,1156859
SIRCA,20210428,345.05,354.95,340,346.25,27340
SIS,20210428,361.5,364.5,359.1,359.95,243182
SITINET,20210428,0.8,0.8,0.75,0.8,1236350
SIYSIL,20210428,193,199.2,189,194.85,114022
SJVN,20210428,25.6,25.85,25.35,25.7,1312150
SKFINDIA,20210428,2239.6,2265.55,2181.05,2238.95,18825
SKIL,20210428,2.5,2.55,2.45,2.55,50182
SKIPPER,20210428,56.7,57.25,54.9,55.1,155486
SKMEGGPROD,20210428,52,52.35,50.6,51.3,66054
SMARTLINK,20210428,85.75,86.1,85.15,85.6,5785
SMCGLOBAL,20210428,70.45,70.45,68.5,69.05,32886
SMLISUZU,20210428,463.05,469.65,458.7,461.25,12100
SMSLIFE,20210428,601,641.05,577.5,603,8634
SMSPHARMA,20210428,154.15,157.4,152.2,152.8,215161
SNOWMAN,20210428,52.55,52.85,50.7,51.35,4475779
SOBHA,20210428,494.4,509,491.75,504.85,211090
SOLARA,20210428,1519,1520,1499.6,1500.9,31069
SOLARINDS,20210428,1224.9,1334.1,1221.05,1295.25,53418
SOMANYCERA,20210428,420.85,426.95,416.5,422.6,30165
SOMATEX,20210428,6.1,6.6,6.1,6.35,15814
SOMICONVEY,20210428,37.45,37.45,37,37.45,19230
SONATSOFTW,20210428,566,584.45,562.1,578.65,309292
SORILINFRA,20210428,124.35,134.9,124.35,129.8,140850
SOTL,20210428,1059.95,1070,1047.8,1054.25,13485
SOUTHBANK,20210428,8.05,8.25,8,8.1,9579354
SOUTHWEST,20210428,42.4,42.4,37.5,40.3,15482
SPAL,20210428,156.85,163.05,155,157.35,80673
SPANDANA,20210428,537.05,641.9,537,639.9,864891
SPARC,20210428,173.4,177,172.35,175.85,800890
SPECIALITY,20210428,41.45,41.5,39.75,40.2,40990
SPENCERS,20210428,69.2,72.45,69.2,71.85,469718
SPIC,20210428,30.6,31.2,30.1,30.3,578049
SPICEJET,20210428,65.5,65.95,63.7,64.8,2146587
SPLIL,20210428,35.7,35.7,33.45,34.65,28985
SPMLINFRA,20210428,9.9,10,9.85,10,25021
SPTL,20210428,3.15,3.2,3.05,3.1,1100292
SPYL,20210428,0.4,0.4,0.35,0.35,606526
SREEL,20210428,141.05,143,139,140.35,8184
SREINFRA,20210428,7.25,7.35,7,7.15,2249556
SRF,20210428,6479,6528.55,6384.05,6422.5,259728
SRHHYPOLTD,20210428,297,297,285,286.4,27224
SRIPIPES,20210428,183.5,185.5,180.05,181.2,57491
SRPL,20210428,30.3,30.3,27.55,29.4,1706
SRTRANSFIN,20210428,1328,1414.8,1325,1404.8,3411963
SSWL,20210428,656,723.55,650.05,696.15,62151
STAR,20210428,904.7,909.75,880.1,882.65,390741
STARCEMENT,20210428,98.3,99.4,97.5,97.65,90281
STARPAPER,20210428,115,120,113.45,116.85,90091
STCINDIA,20210428,79.75,80.8,78,79.25,35567
STEELCITY,20210428,45,45,40.05,41.15,195013
STEELXIND,20210428,63.5,64,62.5,63,81806
STEL,20210428,79.35,79.85,76.6,77.2,6870
STERTOOLS,20210428,182.5,199,181,187.95,37861
STLTECH,20210428,242,249,240.85,243.15,749940
STOVEKRAFT,20210428,470.85,473.5,460.05,461.75,88130
SUBCAPCITY,20210428,15.95,15.95,15.95,15.95,40
SUBEXLTD,20210428,54.95,55.45,52.7,52.9,10305094
SUBROS,20210428,297.1,319.95,297.1,312.25,63883
SUDARSCHEM,20210428,649.8,730,624.85,650.9,4041797
SUMEETINDS,20210428,4.95,5.05,4.65,4.65,289888
SUMICHEM,20210428,309,314.4,306,307.35,998483
SUMIT,20210428,9.65,9.7,9.3,9.35,10131
SUMMITSEC,20210428,504.05,513.95,498.05,513.4,942
SUNCLAYLTD,20210428,3050,3603.3,3050,3281.7,34686
SUNDARAM,20210428,1.2,1.2,1.15,1.2,195500
SUNDARMFIN,20210428,2457,2559.6,2448.75,2522.95,38196
SUNDARMHLD,20210428,70.55,84.7,70.05,80.1,1741867
SUNDRMBRAK,20210428,335,345,335,338.05,3852
SUNDRMFAST,20210428,683.1,703.85,683.1,695.8,57657
SUNFLAG,20210428,80.3,80.3,76.5,77.05,2925360
SUNPHARMA,20210428,640.95,647.3,638.3,643.4,6069155
SUNTECK,20210428,278,279.7,267.8,271.35,479894
SUNTV,20210428,493.1,511.35,490.5,503.7,5914042
SUPERHOUSE,20210428,117.35,119.55,116,118.75,13448
SUPERSPIN,20210428,4.7,5.15,4.5,4.55,44280
SUPPETRO,20210428,712,712,685,694.9,218335
SUPRAJIT,20210428,263.9,270,260,268.15,130909
SUPREMEENG,20210428,25.85,25.9,22.55,23.25,213454
SUPREMEIND,20210428,2060,2100,2035.05,2048.3,54009
SURANASOL,20210428,8.75,8.85,8.55,8.75,25237
SURANAT&P,20210428,4.35,4.35,4.15,4.25,20467
SURYALAXMI,20210428,29.6,31.5,29.6,30,1493
SURYAROSNI,20210428,370,427.9,350,415.4,960815
SURYODAY,20210428,247,253.95,247,250.55,157605
SUTLEJTEX,20210428,41.75,41.85,41,41.15,33549
SUULD,20210428,217.95,221.8,211.1,221.8,15715
SUVEN,20210428,104.75,107.8,102.35,106.4,1626254
SUVENPHAR,20210428,546,549.95,531.9,541.4,350214
SUVIDHAA,20210428,37.55,41.45,37.55,37.55,821207
SUZLON,20210428,4.8,4.8,4.7,4.7,6542598
SWANENERGY,20210428,135.25,140,134.15,139.15,202211
SWARAJENG,20210428,1500,1500,1477,1483.3,12288
SWELECTES,20210428,204,206.25,198.25,199.75,12296
SWSOLAR,20210428,323,325.6,309,310.85,1443693
SYMPHONY,20210428,1293.5,1310,1200.05,1217.45,327541
SYNGENE,20210428,599,617.4,591.25,608.6,646637
TAINWALCHM,20210428,68.05,72.8,66.6,70.65,117935
TAJGVK,20210428,111.85,112.35,108.5,109.4,85054
TAKE,20210428,50.1,50.4,48.65,49,1167406
TALBROAUTO,20210428,203.95,209.5,201.3,207.2,23926
TANLA,20210428,890,904.25,884.75,885.15,62992
TARC,20210428,29.25,29.25,28.4,28.45,188995
TARMAT,20210428,56.8,60,49.4,50.4,500659
TASTYBITE,20210428,16430,16906.95,16108.65,16700.4,2959
TATACHEM,20210428,767,777.25,760.1,764.65,5189267
TATACOFFEE,20210428,128.5,130.9,126.75,127.35,2865200
TATACOMM,20210428,1161.95,1164.65,1135.05,1149.6,462117
TATACONSUM,20210428,677,693,675,677.15,3900923
TATAELXSI,20210428,3189,3315,3185.1,3296.5,284177
TATAINVEST,20210428,1039.85,1046,1030,1030.7,23676
TATAMETALI,20210428,912,913,885.05,891.8,242945
TATAMOTORS,20210428,303.5,309.5,303,305.9,44668126
TATAMTRDVR,20210428,131.05,133.7,130.75,131.95,1356541
TATAPOWER,20210428,98.6,99.15,97.65,97.95,32345591
TATASTEEL,20210428,985,986,962,971.4,20447968
TATASTLBSL,20210428,65.5,65.6,63.55,64.25,10201032
TATASTLLP,20210428,851,862,822.95,826.2,107893
TBZ,20210428,63.05,64,62.85,63.45,43276
TCI,20210428,268.1,268.9,262.45,263.85,15134
TCIDEVELOP,20210428,302.8,316.25,299,300.15,3328
TCIEXP,20210428,886.8,900,880.9,889.8,14105
TCIFINANCE,20210428,5.15,5.15,5.15,5.15,4287
TCNSBRANDS,20210428,492.3,500,481.2,484.5,13695
TCPLPACK,20210428,464,509,454.55,482.15,101886
TCS,20210428,3149.95,3151,3112,3124.1,1639037
TDPOWERSYS,20210428,163.45,164.9,160.2,162.45,26670
TEAMLEASE,20210428,3165,3250,3150,3240.9,12881
TECHIN,20210428,2.75,2.85,2.75,2.85,2933
TECHM,20210428,975,980,968,977.4,2968625
TECHNOE,20210428,290,299,289.05,292,11306
TEJASNET,20210428,194,200.75,191,199.95,1086999
TEMBO,20210428,139.95,142.9,122.7,138.6,213565
TERASOFT,20210428,40.45,40.5,39,39.15,25195
TEXINFRA,20210428,70,72.4,70,70.6,37077
TEXMOPIPES,20210428,27,28.4,26.8,27.75,203207
TEXRAIL,20210428,25.4,26,25.4,25.65,197578
TFCILTD,20210428,57.6,60.05,55.3,57.2,183154
TFL,20210428,2.45,2.45,2.4,2.4,1509
TGBHOTELS,20210428,4.6,4.6,4.3,4.4,8120
THANGAMAYL,20210428,655,658.95,639.3,643.75,11976
THEINVEST,20210428,90.85,90.85,84.25,86.75,20952
THEMISMED,20210428,369.95,369.95,356.1,357.55,21341
THERMAX,20210428,1482,1518.5,1480.75,1500.45,63296
THOMASCOOK,20210428,51.9,51.9,48.5,49,1098843
THOMASCOTT,20210428,7.45,7.45,7.45,7.45,10
THYROCARE,20210428,998,1013.35,990,995.35,149031
TI,20210428,36.3,37.3,35.5,36.3,507892
TIDEWATER,20210428,4502.05,4540,4425.05,4486.3,1614
TIIL,20210428,385,391.9,378.6,389.65,16545
TIINDIA,20210428,1150,1266,1135.8,1205.1,113758
TIJARIA,20210428,6.95,6.95,6.45,6.65,4032
TIL,20210428,160.4,162.35,158.95,159.35,1965
TIMESGTY,20210428,62.35,62.35,56.45,56.45,73793
TIMETECHNO,20210428,78.3,80,78,78.45,564518
TIMKEN,20210428,1332,1368,1322,1361.4,21727
TINPLATE,20210428,190,202.7,188.45,197.4,6276533
TIPSINDLTD,20210428,540,558,532.15,540,11080
TIRUMALCHM,20210428,94.4,102.5,94,98.8,4423654
TIRUPATIFL,20210428,25,25,25,25,2000
TITAN,20210428,1505,1514.9,1491.7,1508.85,1037771
TMRVL,20210428,11.55,11.75,11.1,11.65,23994
TNPETRO,20210428,71.55,76.3,70,73.4,1865984
TNPL,20210428,136.3,142,136.3,139.4,110357
TNTELE,20210428,4.85,4.85,4.6,4.8,19447
TOKYOPLAST,20210428,69.85,70.75,69.8,70.55,2043
TORNTPHARM,20210428,2537.4,2541.3,2493,2502.3,157286
TORNTPOWER,20210428,395,396,390,392.45,659718
TOTAL,20210428,44.1,44.9,43,43.55,17996
TOUCHWOOD,20210428,96,101.25,92.15,94,3830
TPLPLASTEH,20210428,234.7,248,227.05,230.95,74909
TREEHOUSE,20210428,8.9,8.9,8.35,8.5,9842
TREJHARA,20210428,30,31.7,29.25,30.1,59412
TRENT,20210428,790,792,762.75,771.95,593276
TRF,20210428,94,96.25,90.65,92.3,24773
TRIDENT,20210428,14.4,14.4,13.85,14,7334423
TRIGYN,20210428,77.4,81,75.5,76.45,185633
TRIL,20210428,19.9,20.35,19.1,19.55,524945
TRITURBINE,20210428,102,103.7,101,101.8,60638
TRIVENI,20210428,115.9,119.5,115.25,116.65,1604772
TTKHLTCARE,20210428,661.1,675,634,639.4,17412
TTKPRESTIG,20210428,7848.85,7848.85,7603.95,7684.45,4949
TTL,20210428,47.4,48.7,45.5,46.05,21030
TTML,20210428,11.75,12.7,11.75,12.7,5029405
TV18BRDCST,20210428,33.65,34.45,32.85,33.6,7303232
TVSELECT,20210428,132.9,136.95,132.9,136.95,93898
TVSMOTOR,20210428,605,664,597,645.8,39663387
TVSSRICHAK,20210428,1801,1848,1783,1810.3,34172
TVTODAY,20210428,288,288,280,281.85,17356
TVVISION,20210428,2,2,2,2,5944
TWL,20210428,47,47.45,46.65,46.95,145283
UBL,20210428,1185,1219,1170.25,1206.65,1170393
UCALFUEL,20210428,136,144.85,135.35,139.5,54896
UCOBANK,20210428,11.1,11.2,11.05,11.1,4007209
UFLEX,20210428,391.45,395.85,388,390.45,131870
UFO,20210428,72.3,75.5,72.3,74.55,166458
UGARSUGAR,20210428,17.85,18.7,17.85,18.2,677333
UJAAS,20210428,2.5,2.5,2.45,2.5,533192
UJJIVAN,20210428,205,209.5,203.85,208.3,905925
UJJIVANSFB,20210428,27.1,28.4,27,28.1,7994710
ULTRACEMCO,20210428,6360,6405,6280,6360.8,414435
UMANGDAIRY,20210428,54.5,55.45,53.95,54.8,7064
UMESLTD,20210428,3.2,3.2,3,3,48423
UNICHEMLAB,20210428,351.65,355.35,344.45,348.95,58533
UNIDT,20210428,311,311,290,301.25,3996
UNIENTER,20210428,75.6,79.7,75.2,77,16289
UNIONBANK,20210428,33.9,34.6,33.65,34.4,6550334
UNITEDTEA,20210428,296,299,294.95,297.9,866
UNIVASTU,20210428,38.5,40.4,38.5,40.35,21332
UNIVCABLES,20210428,137.05,143.6,137.05,141.2,49556
UNIVPHOTO,20210428,179.85,181.95,177,181.7,1272
UPL,20210428,602.95,613.7,601.2,608.05,4983043
URJA,20210428,6.25,6.25,6.05,6.15,1136514
USHAMART,20210428,43.7,43.8,41.7,42.3,2094884
UTIAMC,20210428,610,623,605.5,609.35,443120
UTIBANKETF,20210428,33.19,33.75,32.53,33.52,11562
UTINEXT50,20210428,36,36.2,35.44,35.73,6381
UTINIFTETF,20210428,1557.01,1557.01,1529.55,1542.21,339
UTISENSETF,20210428,510,516,510,516,757
UTISXN50,20210428,41.43,41.43,39.7,40.29,1076
UTTAMSTL,20210428,7.15,7.5,7.1,7.35,399282
UTTAMSUGAR,20210428,104.8,107.25,103,104.05,243829
V2RETAIL,20210428,115,117.55,110.2,113.8,53011
VADILALIND,20210428,925.1,925.1,915.05,918.2,4320
VAIBHAVGBL,20210428,4200,4525.9,4190,4304.4,75144
VAISHALI,20210428,46.65,46.7,42.3,42.3,430914
VAKRANGEE,20210428,52.7,52.8,51.65,51.95,2236750
VALIANTORG,20210428,1462,1499,1441,1485.9,47864
VARDHACRLC,20210428,36.8,36.8,35.5,35.7,28454
VARDMNPOLY,20210428,19.75,20.1,19,19,151058
VARROC,20210428,377.75,396,377.75,392,355705
VASCONEQ,20210428,15.85,17.2,15.85,16.9,259906
VASWANI,20210428,10.05,10.2,9.4,9.65,24117
VBL,20210428,926.75,947.3,905,942.7,202509
VEDL,20210428,243.15,247.7,239.3,243.9,13518520
VENKEYS,20210428,1535,1579.45,1525,1552.05,67823
VENUSREM,20210428,337.5,337.5,312.7,315,51806
VERTOZ,20210428,261.9,267.5,255,257.15,190660
VESUVIUS,20210428,1051.5,1051.5,1015,1022.35,27780
VETO,20210428,130,137,130,131.1,43630
VGUARD,20210428,227.9,229.8,225.15,225.9,201933
VHL,20210428,1760.05,1765,1679.95,1752.85,920
VICEROY,20210428,2,2,1.9,2,25686
VIDHIING,20210428,192.7,197.7,190.9,193.6,84998
VIJIFIN,20210428,0.65,0.7,0.6,0.7,411469
VIKASECO,20210428,1.9,1.95,1.8,1.85,13453422
VIKASMCORP,20210428,3.2,3.2,3.15,3.2,3583329
VIKASPROP,20210428,2.35,2.35,2.25,2.3,612590
VIKASWSP,20210428,6.95,6.95,6.6,6.6,252510
VIMTALABS,20210428,295,296.9,262.2,262.2,1031726
VINATIORGA,20210428,1750,1794,1698.6,1720.2,338144
VINDHYATEL,20210428,809.8,809.8,795.7,800.75,4651
VINYLINDIA,20210428,139,141.9,131.9,133.25,383213
VIPCLOTHNG,20210428,13.35,13.65,12.7,13.35,84515
VIPIND,20210428,334,353,330,347.55,375426
VIPULLTD,20210428,29.9,30,27.5,27.55,19093
VISAKAIND,20210428,552,557,544.5,547.55,87417
VISASTEEL,20210428,6.75,7.05,6.65,7.05,41145
VISHAL,20210428,49.5,51.3,49.25,50.05,43266
VISHNU,20210428,348.5,359,335.5,341.35,15821
VISHWARAJ,20210428,108.75,112.15,106,110.15,73972
VIVIDHA,20210428,0.7,0.7,0.65,0.7,565069
VIVIMEDLAB,20210428,41.5,41.5,37.6,37.6,2989878
VLSFINANCE,20210428,88,89.45,87,88.2,68834
VMART,20210428,2644.2,2673.55,2630.9,2645.7,6779
VOLTAMP,20210428,1067.9,1072.05,1051,1064.7,8155
VOLTAS,20210428,985,987,955,962.15,968227
VRLLOG,20210428,221,225,219.05,220.55,54144
VSSL,20210428,182.35,189,178.55,185.6,290111
VSTIND,20210428,3335,3335,3277,3289.5,7459
VSTTILLERS,20210428,1855,1879.7,1851.1,1856.8,9910
VTL,20210428,1225,1225,1175,1184,25205
WABAG,20210428,250,256.7,248.25,252,339498
WABCOINDIA,20210428,6599,6687.85,6506,6601.75,3816
WALCHANNAG,20210428,57,58.8,57,58.4,148295
WANBURY,20210428,109.5,109.5,107.3,109.5,105458
WATERBASE,20210428,107,110.65,106.95,108.15,154611
WEALTH,20210428,121.9,121.9,110.5,121.9,408
WEBELSOLAR,20210428,42.7,43.6,41.05,42,155469
WEIZMANIND,20210428,42,42.45,41.5,41.95,6656
WELCORP,20210428,154,157.85,147.6,147.95,2701595
WELENT,20210428,105,108.55,105,106.45,171506
WELINV,20210428,398.9,405.3,386.95,390.2,299
WELSPUNIND,20210428,81.25,84.5,81,82.35,2150522
WENDT,20210428,3275,3375,3194.45,3254.4,1355
WESTLIFE,20210428,445,445,430.1,439.6,440494
WHEELS,20210428,436.75,459.7,436.75,455.75,30830
WHIRLPOOL,20210428,2190,2190,2142,2145.75,46503
WILLAMAGOR,20210428,17.7,17.8,16.9,17.55,6457
WINDMACHIN,20210428,31.15,31.15,29.6,30.05,168492
WIPL,20210428,57,58,57,58,392
WIPRO,20210428,485.85,493.2,481.25,489.3,9615534
WOCKPHARMA,20210428,516,526,507.05,510.75,1011755
WONDERLA,20210428,180.45,182.6,178.6,178.95,52404
WORTH,20210428,49.1,51.95,47.65,50.65,23835
WSI,20210428,4.7,4.75,4.7,4.7,11400
WSTCSTPAPR,20210428,203.85,213.6,200.75,209.6,271143
XCHANGING,20210428,63,68.9,62.4,67.75,307374
XELPMOC,20210428,298,305,288.6,290.25,24124
XPROINDIA,20210428,142.8,142.8,142.8,142.8,24389
YAARII,20210428,95.45,95.85,90.55,91.65,462330
YESBANK,20210428,14.8,15.05,14.75,14.8,81387698
ZEEL,20210428,188.8,190.6,187.1,189.1,8429439
ZEELEARN,20210428,10.1,10.25,10.1,10.15,220003
ZEEMEDIA,20210428,6.45,6.5,6.35,6.35,755410
ZENITHEXPO,20210428,69.95,69.95,66.1,66.6,2993
ZENITHSTL,20210428,0.8,0.85,0.8,0.85,16227
ZENSARTECH,20210428,272,275,268.8,269.55,252558
ZENTEC,20210428,78,80.5,76.2,76.45,374954
ZODIACLOTH,20210428,91.25,93,89.85,90.3,25725
ZODJRDMKJ,20210428,27.8,28.25,26.3,26.75,2732
ZOTA,20210428,153.4,156.15,153,154.5,7229
ZUARI,20210428,90,91,89.4,89.7,56642
ZUARIGLOB,20210428,80.5,80.5,77.5,78.9,28648
ZYDUSWELL,20210428,2119.6,2155.7,2074.8,2123.9,94221
NSENIFTY,20210428,14710.50,14890.25,14694.95,14864.55,453990807,0
NIFTYJUNIOR,20210428,34952.50,35036.30,34861.75,34938.15,310230992,0
NIFTYMIDCAPLIQ15,20210428,5679.50,5767.95,5673.30,5757.75,137173146,0
NSE100,20210428,14871.45,15030.45,14855.55,15004.65,764221799,0
NIFTY200,20210428,7721.00,7798.80,7713.75,7785.90,1436217187,0
NSE500,20210428,12422.50,12537.05,12412.00,12517.95,1839783717,0
NSEMIDCAP150,20210428,9155.10,9201.45,9141.20,9189.30,699576601,0
MIDCAP50,20210428,6702.50,6785.10,6690.60,6773.55,617207960,0
NSEMIDCAP,20210428,24204.20,24367.10,24168.45,24313.50,671995388,0
NSESMLCAP100,20210428,8544.05,8585.45,8524.40,8543.25,-,0
NIFTYLARGEMIDCAP250,20210428,-,-,-,8076.38,1463798400,0
NIFTYAUTO,20210428,9781.50,9968.40,9758.15,9871.50,144645600,0
BANKNIFTY,20210428,32865.50,33777.70,32840.30,33722.80,354104361,0
NIFTYFINSERVICE,20210428,15630.65,16062.45,15610.45,16039.75,207931300,0
NIFTYFMGC,20210428,34060.45,34398.50,33999.85,34129.15,28700432,0
NSEIT,20210428,25952.65,25992.50,25781.15,25962.10,28351950,0
NIFTYMEDIA,20210428,1549.05,1561.80,1546.10,1557.95,35327289,0
NIFTYMETAL,20210428,4690.85,4690.85,4598.15,4645.05,205666516,0
NIFTYPHARMA,20210428,13347.65,13367.40,13227.20,13252.95,39404012,0
NIFTYPVTBANK,20210428,17510.20,18008.60,17498.75,17973.80,281758146,0
NIFTYPSUBANK,20210428,2065.25,2105.55,2058.65,2100.70,259047224,0
NIFTYREALTY,20210428,315.95,316.35,311.70,312.45,16200623,0
NIFTYCOMMODITIES,20210428,4647.40,4653.00,4610.80,4632.25,199121746,0
NIFTYCONSUMPTION,20210428,5924.00,5979.60,5919.35,5950.75,68070112,0
NIFTYCPSE,20210428,1777.65,1786.40,1769.55,1784.00,62572200,0
NIFTYENERGY,20210428,17990.35,18037.50,17914.95,17990.60,99962161,0
NIFTY100ESG,20210428,-,-,-,2945.94,523798672,0
NIFTY100ENHESG,20210428,-,-,-,2964.69,476282973,0
NIFTYINFRA,20210428,4060.50,4077.95,4047.65,4065.65,173924099,0
NIFTYMNC,20210428,16017.50,16083.20,15976.60,16038.20,156757252,0
NIFTYPSE,20210428,3108.80,3120.00,3096.10,3113.65,222841073,0
NIFTYSMEEMERGE,20210428,-,-,-,2052.24,524500,0
NIFTYSERVSECTOR,20210428,20530.00,20892.90,20503.35,20872.60,300446111,0
NIFTYSHARIAH25,20210428,-,-,-,5497.51,77726035,0
NIFTY50SHARIAH,20210428,-,-,-,3554.21,55630284,0
NIFTY500SHARIAH,20210428,-,-,-,4370.37,319904463,0
NIFTYABGROUP,20210428,-,-,-,4566.72,124019553,0
NIFTYMAHINDRA,20210428,-,-,-,12651.79,18756556,0
NIFTYTATA,20210428,-,-,-,10492.46,141028750,0
NIFTYTATA25CAP,20210428,-,-,-,7866.69,112840891,0
NIFTYABGROUP,20210428,-,-,-,4566.72,124019553,0
NIFTYLIQ15,20210428,3652.65,3708.50,3649.60,3704.00,241253346,0
NIFTY500VALUE50,20210428,-,-,-,4784.96,587235043,0
NIFTYQUALLOWVOL30,20210428,-,-,-,10487.57,81836728,0
NIFTYALPHAQUALLOWVOL30,20210428,-,-,-,12182.41,86078840,0
NIFTYALPHAQUALVALLOWVOL30,20210428,-,-,-,9216.18,96426586,0
NIFTY50EQUALWEIGHT,20210428,16286.35,16417.55,16264.65,16375.60,453990807,0
NIFTY100EQUALWEIGHT,20210428,17200.65,17289.80,17176.15,17247.50,764221799,0
NIFTY100LOWVOL30,20210428,11278.35,11338.20,11262.25,11317.60,124691629,0
NSEDEFTY,20210428,-,-,-,6926.06,-,0
NIFTY50DIVPOINT,20210428,1.92,1.92,1.92,1.92,-,0
NIFTYDIVOPPS50,20210428,3058.05,3063.80,3052.05,3055.40,243390166,0
NIFTYALPHA50,20210428,24723.80,24808.65,24658.05,24697.75,364950344,0
NIFTY50ARBITRAGE,20210428,-,-,-,1955.53,-,0
NIFTY50FUTINDEX,20210428,-,-,-,4863.83,-,0
NIFTY50FUTTRINDEX,20210428,-,-,-,15434.65,-,0
NIFTYHIGHBETA50,20210428,-,-,-,1799.07,832187749,0
NIFTYLOWVOL50,20210428,-,-,-,13835.68,132791474,0
NIFTY50VALUE20,20210428,7459.05,7477.65,7443.95,7463.45,136968735,0
NIFTYGROWSECT15,20210428,7216.15,7282.40,7203.05,7210.60,39748309,0
NIFTY50TR2XLEV,20210428,8754.40,8966.60,8740.70,8937.05,-,0
NIFTY50PR2XLEV,20210428,6557.50,6716.45,6547.25,6694.35,-,0
NIFTY50TR1XINV,20210428,258.00,258.20,254.80,255.25,-,0
NIFTY50PR1XINV,20210428,297.95,298.20,294.30,294.80,-,0
NIFTY-GS-COMPSITE,20210428,2298.31,2299.52,2296.27,2296.74,-,0
NIFTY-GS-4-8YR,20210428,2412.13,2414.03,2409.65,2410.31,-,0
NIFTY-GS-8-13YR,20210428,2247.75,2248.62,2246.76,2247.17,-,0
NIFTY-GS-10YR,20210428,2042.81,2043.25,2040.32,2041.39,-,0
NIFTY-GS-10YR-CLN,20210428,954.12,954.33,952.93,953.44,-,0
NIFTY-GS-11-15YR,20210428,2414.19,2415.47,2411.36,2411.77,-,0
NIFTY-GS-15YRPLUS,20210428,2651.98,2655.03,2651.98,2654.64,-,0
VIX,20210428,23.08,23.11,20.97,22.58,0,0
