20MICRONS,20210610,64,66.5,63.6,65.1,331271
21STCENMGM,20210610,17.25,17.45,17.25,17.45,773
3IINFOTECH,20210610,8.8,9.05,8.75,9.05,9033227
3MINDIA,20210610,25974,26073.7,25820,26023.65,2925
3PLAND,20210610,14,14,13.5,13.55,14411
5PAISA,20210610,379.65,387.15,367.45,374.35,60198
63MOONS,20210610,89.35,89.35,87,88.05,40927
A2ZINFRA,20210610,5.1,5.45,5.1,5.4,1708864
AAKASH,20210610,167,169.8,166.25,169.1,51454
AARON,20210610,82.8,82.8,79.85,81.65,5494
AARTIDRUGS,20210610,737.9,743.55,733.75,734.9,284287
AARTIIND,20210610,1839.95,1839.95,1805.75,1827.8,749809
AARTISURF,20210610,1386.05,1415,1369.9,1374.9,33450
AARVEEDEN,20210610,22.75,23.9,22.75,23.55,11755
AARVI,20210610,69.1,70.65,67.5,68.7,36394
AAVAS,20210610,2372,2495,2372,2478.25,67270
ABAN,20210610,50.95,51.8,48.2,49.05,487177
ABB,20210610,1680,1690,1660,1671.35,87950
ABBOTINDIA,20210610,16200,16247.9,16076.95,16106.15,14674
ABCAPITAL,20210610,126.2,127.9,124.8,126.55,2801466
ABFRL,20210610,205.4,210.8,204,208.2,2417643
ABMINTLTD,20210610,78.25,78.25,71.7,75.5,6728
ABSLBANETF,20210610,345.82,349,345,348.69,19287
ABSLNN50ET,20210610,395.5,395.5,392.25,395.5,262
ACC,20210610,2015,2037,2004.4,2030.3,364626
ACCELYA,20210610,1031,1235,1031,1203.9,928102
ACCURACY,20210610,85.4,89,80.3,85.8,57223
ACE,20210610,184.85,192.5,184.5,187.85,875367
ACRYSIL,20210610,518.1,536.85,516.35,526.15,95092
ADANIENT,20210610,1612,1630,1591,1612,5362307
ADANIGREEN,20210610,1250,1260,1208,1233.5,1367276
ADANIPORTS,20210610,858.55,863.95,843.3,846.75,11744190
ADANIPOWER,20210610,157.35,164,153,154.1,57693663
ADANITRANS,20210610,1597.1,1609.8,1570,1589.9,143589
ADFFOODS,20210610,994,1012,985.2,997.3,21152
ADL,20210610,32,33.55,30.6,31.75,4241
ADORWELD,20210610,579.2,608,579.2,600.05,70234
ADROITINFO,20210610,11.05,11.2,10.5,10.65,26669
ADSL,20210610,61.8,62.5,59.95,60.6,212264
ADVANIHOTR,20210610,68.3,68.3,65.1,65.75,21401
ADVENZYMES,20210610,412.35,416.95,410.15,412.75,168048
AEGISCHEM,20210610,370.9,386.2,370,376,1177921
AFFLE,20210610,5290,5344,5228,5237.6,22562
AGARIND,20210610,245,250,236,246.5,38355
AGCNET,20210610,1290,1338,1245,1302.5,4799
AGRITECH,20210610,47.55,49,47,47.7,13761
AGROPHOS,20210610,14.9,15,14.5,14.8,167237
AHLADA,20210610,145,169.7,144,160,245582
AHLEAST,20210610,187.6,187.6,171.6,180.2,11189
AHLUCONT,20210610,310.05,326.5,309.95,323.15,26971
AHLWEST,20210610,215,215.95,204,215.25,22329
AIAENG,20210610,1971,1988,1946,1957.4,24963
AIRAN,20210610,23.35,23.8,23.2,23.55,98927
AJANTPHARM,20210610,1944.55,1958.95,1934.85,1952,43098
AJMERA,20210610,151.5,169.4,150.95,167.25,1149520
AJOONI,20210610,51.15,51.15,51.15,51.15,46844
AKASH,20210610,215.3,222,210.9,216.95,62526
AKG,20210610,30,30.9,29.9,30.3,22420
AKSHARCHEM,20210610,317.5,375.4,314.05,364.75,1078577
AKSHOPTFBR,20210610,7.4,7.6,7.35,7.45,354150
AKZOINDIA,20210610,2275.95,2292,2270.15,2284.45,8602
ALANKIT,20210610,20.5,21.3,20.2,21.15,2208105
ALBERTDAVD,20210610,475.6,479.65,471.25,473.3,20226
ALEMBICLTD,20210610,127.5,133.5,127.5,130.75,1479368
ALICON,20210610,545,560.05,545,550.7,9338
ALKALI,20210610,78.9,78.9,68.7,72.7,453560
ALKEM,20210610,3100,3142,3093.6,3131.25,155840
ALKYLAMINE,20210610,3616.85,3624.9,3580,3594.2,46926
ALLCARGO,20210610,138,145,138,142.45,1228216
ALLSEC,20210610,379.95,385.05,373.9,377.75,11131
ALMONDZ,20210610,47.95,47.95,44.65,46.4,23853
ALOKINDS,20210610,20.4,24.35,20.25,24.35,110047787
ALPA,20210610,62.5,63.6,58.9,60.55,74954
ALPHAGEO,20210610,287.7,292,284.25,287,39243
ALPSINDUS,20210610,2.55,2.55,2.55,2.55,27876
AMARAJABAT,20210610,758.95,762.3,755.25,759.35,698636
AMBER,20210610,2787.9,2879,2732.1,2785.15,227974
AMBICAAGAR,20210610,23.45,24,22,23.45,92140
AMBIKCO,20210610,1273,1320.55,1240.05,1274.75,271892
AMBUJACEM,20210610,335.8,344.15,334.8,341.55,3729387
AMDIND,20210610,22.6,25,22.3,24.2,203927
AMJLAND,20210610,28.3,32.8,28.2,31.7,547793
AMRUTANJAN,20210610,706.8,706.8,696,700.4,27143
ANANTRAJ,20210610,63.65,64,61.75,63.05,164948
ANDHRACEMT,20210610,12.8,12.8,12.8,12.8,145701
ANDHRAPAP,20210610,238.35,252,238.3,247.55,172295
ANDHRSUGAR,20210610,441.65,448.2,436.3,439.35,106697
ANGELBRKG,20210610,848,897.85,815.7,884.25,772521
ANIKINDS,20210610,19.25,20.5,19.25,20.35,82807
ANKITMETAL,20210610,1.45,1.45,1.45,1.45,17112
ANMOL,20210610,169.95,169.95,156.1,157.5,12156
ANSALAPI,20210610,8.55,9.15,8.15,9.15,765447
ANSALHSG,20210610,8.25,8.65,7.95,8.65,353357
ANUP,20210610,882,910,882,900.7,50665
ANURAS,20210610,756,773.7,748.1,768.7,97603
APARINDS,20210610,529.4,533.1,525,527.2,34749
APCL,20210610,353.45,353.45,342.45,346.6,84395
APCOTEXIND,20210610,322.9,332.75,318.45,320.95,42249
APEX,20210610,271,279.9,271,275.05,297258
APLAPOLLO,20210610,1378.9,1458,1372.65,1425.5,686554
APLLTD,20210610,966.2,976.7,965.25,974.15,174070
APOLLO,20210610,115,124.8,115,120.95,1275620
APOLLOHOSP,20210610,3322.45,3345,3297.05,3325.7,749909
APOLLOPIPE,20210610,1075.25,1075.25,1045,1049.05,20819
APOLLOTYRE,20210610,236,241.45,236,240.8,4525461
APOLSINHOT,20210610,870,890,863,878.05,1269
APTECHT,20210610,248,254.95,242.05,249.3,577812
ARCHIDPLY,20210610,36.9,36.9,35,36,20490
ARCHIES,20210610,18.4,19.45,17.15,17.65,1253006
ARENTERP,20210610,13.15,13.5,13.15,13.5,759
ARIES,20210610,128,138.5,127.8,133.1,467622
ARIHANT,20210610,28.5,28.5,27.5,28.5,35488
ARIHANTSUP,20210610,106,106,97.3,98.65,55148
ARMANFIN,20210610,649,649,619.95,625.5,6648
AROGRANITE,20210610,52.45,55.8,52,53.85,114839
ARROWGREEN,20210610,136.95,142.45,128.95,142.45,17124
ARSHIYA,20210610,31.15,34.25,30.5,34.25,208491
ARSSINFRA,20210610,32.15,33.4,32.15,32.6,37082
ARTEMISMED,20210610,303,307.5,299.85,301.95,8063
ARVEE,20210610,110.45,110.45,110.45,110.45,2325
ARVIND,20210610,82.65,88.3,82.3,87.45,5392416
ARVINDFASN,20210610,141.2,143.35,139.35,139.9,549975
ARVSMART,20210610,109.6,114.8,109.55,113.5,304022
ASAHIINDIA,20210610,328,338,325.1,332.3,52309
ASAHISONG,20210610,357.75,369,357.75,362.65,40093
ASAL,20210610,45.05,47.65,44.75,45.95,16762
ASALCBR,20210610,459.25,462.9,456.05,460,32072
ASHAPURMIN,20210610,150,151.5,147.05,148.45,80063
ASHIANA,20210610,139.15,139.8,134.4,136.6,91389
ASHIMASYN,20210610,20,20.75,20,20.1,338867
ASHOKA,20210610,99.2,101.85,96,97.05,4911781
ASHOKLEY,20210610,127,128,125.6,126.85,10901784
ASIANHOTNR,20210610,95.35,95.75,92.25,94.2,25861
ASIANPAINT,20210610,2945,2959.3,2920.65,2950.6,1344559
ASIANTILES,20210610,189,193.4,186.7,191.15,1582597
ASPINWALL,20210610,206.95,206.95,201.55,203.4,1311
ASTEC,20210610,1400,1419.35,1384,1391.15,20856
ASTERDM,20210610,149.85,158.5,148.25,156.5,2992247
ASTRAL,20210610,1960,1990,1952.3,1975.05,290271
ASTRAMICRO,20210610,166.7,175,161,173.6,2576902
ASTRAZEN,20210610,3784.8,3795,3765.2,3776.6,13996
ASTRON,20210610,50,51.3,49.4,49.8,76120
ATFL,20210610,971.1,987,970.95,973.35,8430
ATGL,20210610,1620,1622.4,1580,1594.05,921185
ATLANTA,20210610,12.3,12.45,12.3,12.45,448947
ATUL,20210610,8936,9049.85,8849.95,8863.65,11216
ATULAUTO,20210610,195,196.9,192.5,193.75,92955
AUBANK,20210610,1000,1001.25,980,992.55,777855
AURIONPRO,20210610,165,165,158.4,159.7,71019
AUROPHARMA,20210610,960.3,977.5,960.05,964,1697605
AUSOMENT,20210610,75,79.95,72.45,75.15,174746
AUTOAXLES,20210610,1316,1386.95,1316,1368.4,12259
AUTOIND,20210610,46.7,50.4,45.55,47.7,154590
AVADHSUGAR,20210610,370.2,379.35,361.95,364.65,270849
AVANTIFEED,20210610,568.6,583.65,567.2,580.25,410639
AVTNPL,20210610,68.7,72,68.5,69.8,514680
AWHCL,20210610,336,343.5,335.5,337.55,85346
AXISBANK,20210610,739.45,745.35,732.9,744.25,7795125
AXISBNKETF,20210610,348.48,350,347,350,308
AXISBPSETF,20210610,10.15,10.17,10.15,10.16,39256
AXISCADES,20210610,95.9,102.15,95.9,98.65,489556
AXISGOLD,20210610,42.49,42.49,42.21,42.29,115588
AXISHCETF,20210610,86.6,87.9,86.1,86.89,7649
AXISNIFTY,20210610,164.59,164.79,163.62,164.5,23643
AXISTECETF,20210610,275,275,268.45,272.1,1649
AYMSYNTEX,20210610,69.9,70.75,66.35,67.35,76616
BAFNAPH,20210610,137.1,142,136.45,141.75,11881
BAGFILMS,20210610,3.3,3.4,3.15,3.4,247750
BAJAJ-AUTO,20210610,4229,4233.5,4166,4179.9,332571
BAJAJCON,20210610,298.9,303,298.05,301.7,840602
BAJAJELEC,20210610,1067.75,1069.8,1050,1054.6,53724
BAJAJFINSV,20210610,11551,12208,11500.35,11993.1,629998
BAJAJHIND,20210610,14.8,14.8,14.5,14.8,2541063
BAJAJHLDNG,20210610,3494.05,3541,3494.05,3520.5,33024
BAJFINANCE,20210610,5715,6115,5677,6086.4,5296120
BALAJITELE,20210610,68.15,75.3,67.65,73.05,3397786
BALAMINES,20210610,2690.9,2732.25,2690.9,2699,34288
BALAXI,20210610,601,623.75,601,613.6,1843
BALKRISHNA,20210610,22,22,20.55,20.65,5887
BALKRISIND,20210610,2258.8,2313.7,2249,2269.3,513347
BALMLAWRIE,20210610,141.2,143.9,139.4,141,539146
BALPHARMA,20210610,96,99.25,96,97.65,42534
BALRAMCHIN,20210610,351,356.2,348,353.3,1717609
BANARBEADS,20210610,57.25,59.5,57.2,58.35,11949
BANARISUG,20210610,1860,1888,1831.25,1839.15,3930
BANCOINDIA,20210610,164.8,168,163.35,166,70242
BANDHANBNK,20210610,319.4,322.2,315.6,320.3,2984886
BANG,20210610,32.8,32.85,32,32.05,9679
BANKA,20210610,68,70.65,65.95,68.15,21760
BANKBARODA,20210610,82.6,85.3,81.85,84.75,59937914
BANKBEES,20210610,354.95,354.95,348.6,352.63,545589
BANKINDIA,20210610,80.8,81.9,80.4,80.75,5122960
BANSWRAS,20210610,180,184.5,175,181.2,32671
BARBEQUE,20210610,843.25,853.95,835,837.7,50264
BASF,20210610,2523.05,2550,2498,2524.2,45283
BASML,20210610,77.7,78.85,74.6,77.95,60854
BATAINDIA,20210610,1551.6,1659,1551.6,1632.1,5103355
BAYERCROP,20210610,5280,5366.35,5280,5351.5,16745
BBL,20210610,1308.7,1369.7,1300,1320.35,75634
BBTC,20210610,1300.9,1320,1298,1302.1,86926
BCG,20210610,14,14,14,14,856984
BCLIND,20210610,192,210.05,192,198.2,585263
BCP,20210610,3.8,4,3.75,4,883157
BDL,20210610,366.15,370.5,362.7,364.35,133054
BEARDSELL,20210610,13.8,14.3,13.8,13.9,7711
BECTORFOOD,20210610,425.9,426.75,419.25,420.65,373512
BEDMUTHA,20210610,37.95,40.5,34.2,39.9,465716
BEL,20210610,150.95,152.95,150.1,152.05,5793688
BEML,20210610,1334.9,1344.5,1315.25,1324,267191
BEPL,20210610,184.5,187.8,182,183.75,1091499
BERGEPAINT,20210610,802.5,813,802.25,809.1,386618
BESTAGRO,20210610,299.6,303,293.6,296.7,6631
BFINVEST,20210610,349.9,415.8,349.9,383.65,2261225
BFUTILITIE,20210610,351.1,417.4,351.1,417.4,5064311
BGRENERGY,20210610,67.7,76.5,67.05,73.15,2459889
BHAGERIA,20210610,224.5,258.35,224,246.3,1070380
BHAGYANGR,20210610,54.85,54.85,50,51.5,28338
BHAGYAPROP,20210610,28.55,29,28,28.35,34545
BHANDARI,20210610,3,3,2.95,3,229420
BHARATFORG,20210610,760,763,749,758.35,3442696
BHARATGEAR,20210610,107.45,108.3,102.8,107.85,73249
BHARATRAS,20210610,12681,12870,12681,12742.9,2427
BHARATWIRE,20210610,56.8,57.8,54.6,57.8,98683
BHARTIARTL,20210610,543.9,547.85,540.35,545.15,6888855
BHEL,20210610,75.35,76.5,74.7,75.8,50134183
BIGBLOC,20210610,101.75,105.85,100.95,101.2,3878
BIL,20210610,221.35,229.75,220,224,7892
BINDALAGRO,20210610,28.1,29.9,27.8,28.85,1103160
BIOCON,20210610,406,415.5,405.85,414.75,4364390
BIOFILCHEM,20210610,70.25,72,70,70.65,51609
BIRLACABLE,20210610,77.4,80.5,77,78.85,143750
BIRLACORPN,20210610,1285,1296,1235.75,1249.65,269194
BIRLAMONEY,20210610,54.5,55.9,54.05,55.35,496033
BIRLATYRE,20210610,27.8,28.3,26.55,27.55,651584
BKMINDST,20210610,1.05,1.05,1,1.05,69175
BLBLIMITED,20210610,6.9,7.6,6.9,7.6,196286
BLISSGVS,20210610,112.7,114.85,112.15,113.35,675913
BLKASHYAP,20210610,22.55,24.45,22.2,23.85,1098028
BLS,20210610,129.6,132,128.1,128.75,441685
BLUEDART,20210610,6015.8,6150,5999.2,6021,31253
BLUESTARCO,20210610,827.75,836.95,825.55,827.05,82780
BODALCHEM,20210610,109.25,115.45,109,111.7,3622921
BOMDYEING,20210610,82,87.7,81.85,86.7,8241569
BOROLTD,20210610,219.6,223.6,218.5,219.85,219065
BORORENEW,20210610,279.6,283.7,278,279.3,164458
BOSCHLTD,20210610,15929.9,16005,15632,15786.6,44899
BPCL,20210610,486.25,487.5,482.75,483.55,3694317
BPL,20210610,35.8,37,35,36.05,220459
BRFL,20210610,7.05,8.25,7,8.25,4297835
BRIGADE,20210610,270.25,280,270.25,276.9,266442
BRITANNIA,20210610,3571,3611.6,3555,3576.3,355092
BRNL,20210610,32.25,33.5,32.25,33.2,240189
BROOKS,20210610,100,103.5,99.1,101.1,38194
BSE,20210610,917.05,953.7,912,933.15,1250865
BSELINFRA,20210610,1.5,1.5,1.5,1.5,191359
BSHSL,20210610,189.1,199,189.1,195.75,1903
BSL,20210610,57,58.95,56.35,56.95,114637
BSLGOLDETF,20210610,4468,4468,4400,4433.85,772
BSLNIFTY,20210610,173.06,173.99,173,173.22,34271
BSOFT,20210610,382,397.8,381.55,390.95,4873301
BURGERKING,20210610,158.75,160.8,158,159.55,1798281
BUTTERFLY,20210610,768.9,788.8,760,779.45,17372
BVCL,20210610,22.2,23.5,22.2,23.15,10706
BYKE,20210610,29.55,30.4,29.1,29.6,46892
CADILAHC,20210610,637,657.7,636.1,650.65,8601713
CALSOFT,20210610,14.9,15.3,14,15.3,1327066
CAMLINFINE,20210610,179,182,178.35,179.55,298215
CAMS,20210610,2693.8,2755,2662.6,2692.25,157487
CANBK,20210610,157.1,159.4,155.65,156.95,11326908
CANFINHOME,20210610,530,531.3,519.45,520.05,1236333
CANTABIL,20210610,388,398.2,384.3,388.65,104918
CAPACITE,20210610,204.6,209.5,202.8,204.95,226724
CAPLIPOINT,20210610,626.7,633.75,612.05,614.85,228711
CAPTRUST,20210610,94,99,92.05,95.4,35944
CARBORUNIV,20210610,588.05,597.9,583,588.75,97431
CAREERP,20210610,135.5,140.15,134.95,137.25,127700
CARERATING,20210610,576.5,584,573,574.6,208406
CASTROLIND,20210610,147.9,149.6,147.1,148.2,1184819
CCCL,20210610,0.6,0.6,0.55,0.6,652012
CCHHL,20210610,7.1,7.2,6.6,7.1,208797
CCL,20210610,355,371.6,355,362.75,472984
CDSL,20210610,975,984,963.05,974.65,384473
CEATLTD,20210610,1345,1356.25,1337,1342.5,127865
CEBBCO,20210610,21.4,22.45,21.4,22.45,121516
CELEBRITY,20210610,7.25,7.25,6.8,7.25,94274
CENTENKA,20210610,402,407,396,397.2,96161
CENTEXT,20210610,7.45,8.75,7.3,8.6,4115632
CENTRALBK,20210610,21.65,21.9,20.8,21.4,17301326
CENTRUM,20210610,40.35,40.95,39.7,40.05,760751
CENTUM,20210610,430.1,445,418.5,423.2,17643
CENTURYPLY,20210610,414.25,445.95,402,431.35,1193116
CENTURYTEX,20210610,555.45,583.95,551.15,573.6,1813211
CERA,20210610,4531.95,4895,4301.05,4382.4,182669
CEREBRAINT,20210610,63.5,65.35,62.05,63.8,2780070
CESC,20210610,773.05,786,770,775.15,772561
CGCL,20210610,533.5,534.8,520,525.8,146403
CGPOWER,20210610,79.3,83.25,77.7,81,1541812
CHALET,20210610,182,189,180,184.8,451067
CHAMBLFERT,20210610,285,292,283.5,284.6,2008615
CHEMBOND,20210610,209.7,216.7,209.05,214.65,76055
CHEMCON,20210610,492.25,499.8,490.1,492.25,219884
CHEMFAB,20210610,154.4,154.4,150,150.45,8983
CHENNPETRO,20210610,132.4,135.15,132.4,134.25,421349
CHOLAFIN,20210610,555.5,570.75,548.4,565.75,3202514
CHOLAHLDNG,20210610,689.45,706.5,680.2,702.6,91684
CIGNITITEC,20210610,449,454,442.8,445,118504
CINELINE,20210610,44.85,45.45,43.7,44.05,139839
CINEVISTA,20210610,13.1,13.35,12.35,13.35,127859
CIPLA,20210610,960.95,975,960,974.2,4754350
CLEDUCATE,20210610,112,122.3,112,117.5,75740
CLNINDIA,20210610,551.25,560,549,554.95,73871
CLSEL,20210610,127,131,127,130,62831
CMICABLES,20210610,49.25,51.5,48.1,48.7,56437
COALINDIA,20210610,157.1,158.75,155.75,156.5,11459484
COCHINSHIP,20210610,392.1,408.15,391.75,399.05,1454236
COFFEEDAY,20210610,39.55,42.65,39.2,40.85,4733663
COFORGE,20210610,3878.8,3940,3870,3896.9,394096
COLPAL,20210610,1700.25,1720.95,1696.5,1703.65,476038
COMPINFO,20210610,25.75,28.6,25.35,28,1213803
COMPUSOFT,20210610,14.6,15.1,14.2,15.1,1066190
CONCOR,20210610,709.8,711.9,694,696.6,2866714
CONFIPET,20210610,59.9,62,59.9,60.15,579734
CONSOFINVT,20210610,97.9,104.5,97,98.65,42470
CONTROLPR,20210610,357.9,364.5,349,362,21640
CORALFINAC,20210610,35.55,36.95,34.35,35.8,266503
CORDSCABLE,20210610,55.35,57.2,55.05,56.65,78443
COROMANDEL,20210610,850,864.95,848.1,857.15,282075
COSMOFILMS,20210610,845.2,880,845.2,858.5,263085
COUNCODOS,20210610,3.3,3.3,3,3.3,817555
CPSEETF,20210610,26.5,26.68,26.33,26.4,3629267
CRAFTSMAN,20210610,1835,1835,1804.8,1818.2,25675
CREATIVE,20210610,95,98.95,92.85,93.7,151994
CREATIVEYE,20210610,3.3,3.3,3.3,3.3,600
CREDITACC,20210610,698.45,735,685,718.35,769520
CREST,20210610,99.9,103.15,98.3,102.35,23765
CRISIL,20210610,2344,2378.95,2285.6,2307.4,130490
CROMPTON,20210610,432.5,443.5,426.45,430.65,2863287
CSBBANK,20210610,334.9,340,328.8,337.1,660756
CTE,20210610,33.35,34.2,32,34,37083
CUB,20210610,165.2,167,163.5,166.65,2624813
CUBEXTUB,20210610,26.8,27.05,26.25,26.7,7573
CUMMINSIND,20210610,826.65,844.8,826.6,839.6,1807203
CUPID,20210610,225.8,229.05,225,227.3,117363
CYBERMEDIA,20210610,10.3,10.7,9.75,10.6,26869
CYBERTECH,20210610,148.2,151.15,147.5,148.5,147107
CYIENT,20210610,807,819.8,804.55,814.1,202246
DAAWAT,20210610,76.9,78.45,76.6,77.25,2519216
DABUR,20210610,560.5,563.85,556.05,559.95,2602822
DALALSTCOM,20210610,0.65,0.75,0.65,0.75,22027
DALBHARAT,20210610,1758,1799.85,1752.9,1793.8,42511
DALMIASUG,20210610,406.1,420.9,406.1,409.35,274000
DAMODARIND,20210610,38.15,40,36.6,39.7,86836
DANGEE,20210610,167,175,167,170.15,14114
DATAMATICS,20210610,142.25,152,142.25,148.85,684397
DBCORP,20210610,111,117.85,109.2,115.35,2705420
DBL,20210610,572.8,578,560.35,568.2,366839
DBREALTY,20210610,26.25,28.1,26.1,28.1,731008
DBSTOCKBRO,20210610,17.4,17.4,16.15,16.35,17635
DCAL,20210610,213.3,218,212.55,214,629967
DCBBANK,20210610,102.45,104.3,102.3,103.35,911848
DCM,20210610,39.25,42.2,39.15,41.85,131983
DCMFINSERV,20210610,2.3,2.3,2.25,2.3,9619
DCMNVL,20210610,128,131.9,127.05,130.35,96842
DCMSHRIRAM,20210610,735,749.05,734.1,741.35,114563
DCW,20210610,36.35,38.8,36,37.9,5801459
DECCANCE,20210610,558,575.9,551.2,569.5,92055
DEEPAKFERT,20210610,319.9,380.4,319.1,380.4,4879406
DEEPAKNTR,20210610,1792,1806.8,1762.1,1785.7,875861
DEEPENR,20210610,44.9,47.55,42.7,46.1,404800
DEEPINDS,20210610,86.95,88,78.15,79.9,234759
DELTACORP,20210610,182.8,184.75,181.6,183.85,1386646
DELTAMAGNT,20210610,48.75,48.75,44.15,48.75,93576
DEN,20210610,56.4,64.35,56.25,63.25,41078157
DENORA,20210610,359.9,368.95,354,357.25,18198
DFMFOODS,20210610,410,411,395.5,397.35,1311801
DGCONTENT,20210610,10,10,9.45,9.65,111762
DHAMPURSUG,20210610,350,357,347.1,349.65,663608
DHANBANK,20210610,14.95,15.15,14.9,14.95,654484
DHANI,20210610,199,205.45,197.1,203.8,2262613
DHANUKA,20210610,939,946.6,921,930.85,449488
DHARSUGAR,20210610,15.05,15.05,15.05,15.05,17466
DHFL,20210610,18.55,18.55,18.55,18.55,1757826
DHUNINV,20210610,510,510,473.9,505.05,7568
DIAMONDYD,20210610,617.8,625,612.05,617.75,18987
DICIND,20210610,460.05,484.95,460.05,480.05,15421
DIGISPICE,20210610,50.25,50.25,50.25,50.25,77757
DISHTV,20210610,14.95,16.25,14.95,15.65,26335013
DIVISLAB,20210610,4275,4425,4275,4372.55,1275478
DIXON,20210610,4196,4285,4175.25,4193.35,196321
DLF,20210610,299.7,317.05,298.5,313.65,13347991
DLINKINDIA,20210610,107.25,121.55,106.3,117.35,2961910
DMART,20210610,3206.85,3240,3181.05,3194.5,236409
DNAMEDIA,20210610,2.8,2.8,2.8,2.8,30149
DOLAT,20210610,73.4,73.4,71.1,72.25,234927
DOLLAR,20210610,323.9,327.5,322,323.25,78082
DONEAR,20210610,37.05,39.7,37.05,38.95,339823
DPABHUSHAN,20210610,159.9,167.9,159.85,161.3,26286
DPSCLTD,20210610,19.2,20.5,17.55,18.3,469112
DPWIRES,20210610,164.25,168,157.5,163.4,26539
DRCSYSTEMS,20210610,262.25,282.45,262.25,273,1063
DREDGECORP,20210610,406.1,420.55,406.1,415.5,211825
DRREDDY,20210610,5232.5,5300,5232.5,5292.05,367280
DSSL,20210610,161,177.25,161,165.05,664266
DTIL,20210610,356.15,425.85,351.15,419.75,121135
DUCON,20210610,9.75,10.75,9.75,10.75,512351
DVL,20210610,200.95,204,192,194.65,116154
DWARKESH,20210610,70.2,75,70.2,72.55,12134335
DYNAMATECH,20210610,1500,1513.8,1470,1481.35,7653
DYNPRO,20210610,501.15,507,495.1,502.65,59086
EASEMYTRIP,20210610,399,431.05,399,431.05,4530411
EASTSILK,20210610,4.45,4.45,4.25,4.45,105617
EBANK,20210610,3901,3901,3901,3901,3
EBBETF0423,20210610,1135.08,1137,1135.03,1136.92,58578
EBBETF0425,20210610,1048,1050,1047.58,1049.98,5427
EBBETF0430,20210610,1162,1165,1162,1162.17,5434
EBBETF0431,20210610,1045,1045,1044.05,1044.98,6917
EBIXFOREX,20210610,667.85,667.9,651.45,661.9,923
ECLERX,20210610,1302,1379,1302,1344.35,162281
EDELWEISS,20210610,71.4,75.1,71.4,73.9,3717419
EICHERMOT,20210610,2729.05,2755,2691,2705.05,571287
EIDPARRY,20210610,441.95,449.9,440.05,444.05,780967
EIHAHOTELS,20210610,356.3,358.15,345.55,348.55,17955
EIHOTEL,20210610,115.2,118.15,113.65,117.15,662137
EIMCOELECO,20210610,381.2,399.2,375,389.05,6955
EKC,20210610,97,100,97,98.45,241740
ELECON,20210610,125.4,129.5,125.05,125.65,1421406
ELECTCAST,20210610,33,33.25,32.2,33.05,654784
ELECTHERM,20210610,129,130.7,126.45,127.85,18589
ELGIEQUIP,20210610,215,216.65,213.25,214.8,106105
ELGIRUBCO,20210610,37.7,37.9,36.45,36.75,48128
EMAMILTD,20210610,546.2,558.9,546.15,554.3,1103487
EMAMIPAP,20210610,155,156.85,149.05,153.8,45878
EMAMIREAL,20210610,59.95,61.1,59.2,59.6,65414
EMKAY,20210610,79,80,78,79.25,33954
EMMBI,20210610,103.4,103.4,101.15,101.9,30289
ENDURANCE,20210610,1494,1504,1483.25,1498.9,90106
ENERGYDEV,20210610,13.7,13.75,12.8,12.8,301168
ENGINERSIN,20210610,84.3,85.45,84.1,84.5,3129088
ENIL,20210610,179.45,204.85,179.25,194.05,1187624
EPL,20210610,252.5,258,250.2,254.85,474463
EQ30,20210610,412.9,412.9,390.01,399.99,876
EQUITAS,20210610,95.85,97,95,95.45,1238062
EQUITASBNK,20210610,59.95,61.9,58.7,59.6,723279
ERIS,20210610,707.35,715.85,705.65,707.9,100536
EROSMEDIA,20210610,30.6,32.6,30.4,31.7,924614
ESABINDIA,20210610,1799,1830,1773.8,1817,8494
ESCORTS,20210610,1202,1211,1191,1199,1264792
ESSARSHPNG,20210610,11.2,12.15,11.2,12.15,559108
ESTER,20210610,144.8,147.9,142.35,143.15,589191
EUROTEXIND,20210610,7.6,7.6,7.6,7.6,50
EVEREADY,20210610,326,331.5,323,324.15,395255
EVERESTIND,20210610,381.95,395.25,381.95,386.05,116695
EXCEL,20210610,2.75,2.75,2.75,2.75,83588
EXCELINDUS,20210610,1075.25,1100.05,1040.7,1074.55,19989
EXIDEIND,20210610,195.3,196.2,189.35,192.25,4028906
EXPLEOSOL,20210610,651,665.95,644,661.75,56190
FACT,20210610,124,129.05,123.55,127.85,945511
FAIRCHEMOR,20210610,1311.75,1329.4,1216.8,1294.15,152281
FCL,20210610,92.05,96,91.2,93.15,1779666
FCONSUMER,20210610,8.05,9,8.05,8.45,53248173
FCSSOFT,20210610,1.6,1.6,1.6,1.6,2925039
FDC,20210610,339.45,340.95,336.15,338.15,138041
FEDERALBNK,20210610,85,86.75,84.55,86.45,16619873
FEL,20210610,10.1,10.7,10.05,10.55,3905605
FELDVR,20210610,14.1,14.25,13.4,14.05,112907
FIEMIND,20210610,669.9,672.9,658.15,665.45,16358
FILATEX,20210610,96.9,99,96,97.05,246034
FINCABLES,20210610,481.9,501.85,473.3,496.85,760106
FINEORG,20210610,3008.9,3008.9,2982.1,2990.3,15852
FINPIPE,20210610,172.6,173.4,171.15,172.35,330647
FLEXITUFF,20210610,25,25,23.85,24.35,7098
FLFL,20210610,62.1,65.65,62.1,64.15,237752
FLUOROCHEM,20210610,1160,1185,1139.95,1175.35,165965
FMGOETZE,20210610,327.95,334.45,325.25,330,136911
FMNL,20210610,16.35,16.85,16.1,16.65,98440
FORCEMOT,20210610,1200,1254,1200,1233.95,67096
FORTIS,20210610,232,237.5,232,236.15,4146004
FOSECOIND,20210610,1439,1439,1404.95,1414.65,1699
FRETAIL,20210610,52.95,55.4,52.85,54.6,3794824
FSC,20210610,85.8,89.75,84,88.25,126155
FSL,20210610,162.75,171.7,162.5,170.1,4847871
G5,20210610,48.44,48.58,48.44,48.55,17060
GABRIEL,20210610,128.95,131.5,127.35,128.8,290087
GAEL,20210610,168.65,171,165.35,169.55,486160
GAIL,20210610,164.5,166,160.5,163.5,23526283
GAL,20210610,2.45,2.5,2.4,2.5,536912
GALAXYSURF,20210610,3063.95,3079.9,3020.55,3068.6,49890
GALLANTT,20210610,60.65,64.7,60.1,63.3,211644
GALLISPAT,20210610,49.85,51.45,49.05,50.55,115140
GAMMNINFRA,20210610,1.95,1.95,1.95,1.95,259812
GANDHITUBE,20210610,318,327,315.35,322.65,15645
GANECOS,20210610,559,565.3,549.15,552.4,54523
GANESHHOUC,20210610,91.85,93.5,89,89.4,47230
GANGESSECU,20210610,73.9,75.45,71.55,73.15,10043
GARFIBRES,20210610,2959,2993.8,2878.45,2962.95,11880
GATI,20210610,143.6,149.6,140.15,145.35,3667127
GAYAHWS,20210610,0.85,0.85,0.85,0.85,589088
GAYAPROJ,20210610,35.7,38.35,35.15,37.7,2810111
GDL,20210610,313.8,325,311.35,314.3,624452
GEECEE,20210610,121.15,141.6,120.85,137.25,2018279
GEEKAYWIRE,20210610,89.65,89.65,87.05,88.45,10101
GENCON,20210610,46.85,47,45.5,45.95,30315
GENESYS,20210610,114.6,122,113.75,118.8,32451
GENUSPAPER,20210610,9.6,9.95,9.55,9.8,461267
GENUSPOWER,20210610,56.5,57.7,56,57.15,426549
GEOJITFSL,20210610,78,79,77.7,78.05,617911
GEPIL,20210610,324.8,330.9,324.75,326.2,204451
GESHIP,20210610,412,414.45,408.4,410.4,317310
GET&D,20210610,139.55,141.35,137.15,138.4,389447
GFLLIMITED,20210610,77.7,78.7,75.35,75.85,354341
GFSTEELS,20210610,3,3,3,3,680
GHCL,20210610,279.9,293.1,277.8,288,650455
GICHSGFIN,20210610,140.2,146.9,140.1,145.8,919436
GICRE,20210610,197.3,199.8,195.55,196.4,223899
GILLANDERS,20210610,50.65,50.65,47.3,48.15,11581
GILLETTE,20210610,5800,5900,5760,5886.75,6616
GINNIFILA,20210610,30.95,31.9,30.4,30.65,153817
GIPCL,20210610,86.55,88,86.05,86.35,1271872
GKWLIMITED,20210610,593.05,593.05,564.95,581.55,512
GLAND,20210610,3117.15,3165,3094.7,3154.25,133571
GLAXO,20210610,1480,1492,1478.05,1480.15,22016
GLENMARK,20210610,625,642.35,624.15,633.75,2793420
GLFL,20210610,2.25,2.25,2.15,2.25,12679
GLOBAL,20210610,54.25,54.25,51.3,51.8,68730
GLOBALVECT,20210610,59,59,56.8,57.9,32737
GLOBE,20210610,67.7,67.7,67.7,67.7,17479
GLOBUSSPR,20210610,368,371.75,362.8,368.4,392470
GMBREW,20210610,589,607.15,573.05,575.6,124956
GMDCLTD,20210610,73.1,74,72.95,73.3,712869
GMMPFAUDLR,20210610,4752,4838.95,4712,4733.85,38131
GMRINFRA,20210610,26.4,27.1,26.4,26.85,6935891
GNA,20210610,429.45,435,427.2,432.4,60797
GNFC,20210610,377.7,377.7,369,369.95,953926
GOACARBON,20210610,424.35,450,424.35,431,75203
GOCLCORP,20210610,254,264,254,256.25,33646
GODFRYPHLP,20210610,947,967.75,942,950,87849
GODHA,20210610,41,43,39.45,39.45,7663
GODREJAGRO,20210610,556,558.9,553.25,554.85,139235
GODREJCP,20210610,858,897.4,850.65,885.75,5068398
GODREJIND,20210610,546,555,542.45,552.75,259511
GODREJPROP,20210610,1410,1445.9,1402,1438.95,878558
GOKEX,20210610,140,144.05,135,140,327409
GOKUL,20210610,31.95,33,31.1,32.55,193920
GOKULAGRO,20210610,43,44.85,42.25,44.15,471421
GOLDBEES,20210610,42.57,42.57,42.3,42.35,3751175
GOLDENTOBC,20210610,51.1,51.45,49.55,50.65,25872
GOLDIAM,20210610,412.5,418.5,410.05,415.45,45982
GOLDSHARE,20210610,43.4,43.4,42.55,42.6,62430
GOLDTECH,20210610,14,15.15,13.1,15.1,349061
GOODLUCK,20210610,105.65,107.6,105,105.75,246501
GOODYEAR,20210610,997.95,998.85,980,981.9,67005
GPIL,20210610,1021,1175.55,1018,1107.85,835798
GPPL,20210610,108.6,120,108.5,117.6,15528259
GPTINFRA,20210610,57.35,61.3,55.5,60.3,422331
GRANULES,20210610,335.9,336.3,329,329.65,3254671
GRAPHITE,20210610,760,767.7,746.2,749.35,519551
GRASIM,20210610,1491,1517,1487.2,1492.5,875988
GRAVITA,20210610,105,107.35,104.3,105.55,98921
GREAVESCOT,20210610,135.45,139,134.7,136,954942
GREENLAM,20210610,1190,1202,1183.55,1192.85,2115
GREENPANEL,20210610,248.2,249,241.2,244.9,182642
GREENPLY,20210610,217,224,216.3,220.95,800588
GREENPOWER,20210610,3.25,3.25,3.25,3.25,1452598
GRINDWELL,20210610,1200,1220,1200,1207.3,36995
GROBTEA,20210610,934.95,989,934.95,969.95,1115
GRPLTD,20210610,1049.6,1050,1017.5,1038.3,990
GRSE,20210610,200.3,212,200,205.4,1280054
GSCLCEMENT,20210610,39.7,40.95,39.55,40.8,367330
GSFC,20210610,117,119.4,117,118.4,2874474
GSPL,20210610,303,306.8,299.5,301.05,897196
GSS,20210610,67.2,67.25,62.2,66.15,230290
GTL,20210610,13.45,13.45,13.45,13.45,33142
GTLINFRA,20210610,1.2,1.2,1.15,1.2,26200075
GTNTEX,20210610,7.1,7.2,7.1,7.1,1099
GTPL,20210610,171,191.5,170.05,181.15,809492
GUFICBIO,20210610,185,186.9,177.65,182.65,275740
GUJALKALI,20210610,420.15,432.85,418.25,428.95,889591
GUJAPOLLO,20210610,239.65,239.65,232,234.15,13120
GUJGASLTD,20210610,599.25,617.5,599.25,612.65,1732442
GUJRAFFIA,20210610,72.5,72.5,69.1,72.05,1689
GULFOILLUB,20210610,720,726.8,714,719.75,66927
GULFPETRO,20210610,72,72.7,67.1,68.75,571293
GULPOLY,20210610,169.3,171.2,166.85,167.1,137051
HAL,20210610,1060,1061.3,1037,1040.8,128936
HAPPSTMNDS,20210610,927,948.8,924.05,939.65,2068256
HARRMALAYA,20210610,213.45,229,208.55,211.05,527724
HATHWAY,20210610,25.85,28.85,25.7,28.3,59583881
HATSUN,20210610,860,960,860,944.9,681038
HAVELLS,20210610,1031,1034,1020,1023.8,1474654
HAVISHA,20210610,1.35,1.35,1.35,1.35,12978
HBANKETF,20210610,348.59,352.28,346.38,350.1,2865
HBLPOWER,20210610,45.7,47.4,45.6,46.7,1728908
HBSL,20210610,18.95,18.95,17.15,17.4,53404
HCC,20210610,11.3,11.65,10.8,11.35,10500619
HCG,20210610,186.4,189.8,184.1,186.75,59766
HCL-INSYS,20210610,15.5,15.55,15.25,15.55,863301
HCLTECH,20210610,979.5,981.65,966.55,968.55,3878256
HDFC,20210610,2554.75,2567.85,2535,2561.9,2116122
HDFCAMC,20210610,3030,3114.8,3015.75,3077.75,382533
HDFCBANK,20210610,1482.1,1489,1473.65,1481.05,5741770
HDFCLIFE,20210610,689,691.7,684.25,689.25,2217208
HDFCMFGETF,20210610,43.6,43.6,43.38,43.41,494597
HDFCNIFETF,20210610,167.6,168.31,166.18,168.02,11277
HDFCSENETF,20210610,559.99,559.99,555,557.61,1267
HEG,20210610,2300.95,2324.65,2260,2281.95,231714
HEIDELBERG,20210610,252,255,251.1,252.15,336239
HEMIPROP,20210610,155.2,161.65,155.1,158.75,1697955
HERANBA,20210610,773,814.5,773,808.15,991712
HERCULES,20210610,135.75,139.15,135.15,135.75,119544
HERITGFOOD,20210610,432,434.8,417,425.05,540329
HEROMOTOCO,20210610,3038.95,3043.9,2999,3009,567660
HESTERBIO,20210610,2676.25,2750,2676.25,2707,13372
HEXATRADEX,20210610,116.35,118.95,116.05,116.95,9524
HFCL,20210610,49.7,51.8,49.2,51.4,28093256
HGINFRA,20210610,418,418,405,409.4,125780
HGS,20210610,2367.65,2425,2309.6,2394.75,78901
HIKAL,20210610,485,493.75,476.2,479.25,528114
HIL,20210610,4680,4735.4,4664.45,4699.15,10103
HILTON,20210610,13,13.1,12.6,12.9,13170
HIMATSEIDE,20210610,173.05,176.9,172,174.5,181226
HINDALCO,20210610,386.15,389.95,384.25,385.4,5796380
HINDCOMPOS,20210610,321.85,321.85,310.75,316.65,6001
HINDCOPPER,20210610,161.4,162.8,159.15,160.1,3807098
HINDMOTORS,20210610,7.9,8.65,7.85,8.65,508469
HINDNATGLS,20210610,34.95,35,33.6,33.9,87072
HINDOILEXP,20210610,105.95,108.4,105,106.6,549374
HINDPETRO,20210610,300,302.2,297.1,298.45,3966771
HINDUNILVR,20210610,2364,2399.95,2355.25,2378.8,1944339
HINDZINC,20210610,341,341.9,337.5,340,1023479
HIRECT,20210610,168,172,163.1,168.75,138563
HISARMETAL,20210610,108.35,125,108.35,125,226649
HITECH,20210610,416,419.25,405,406.2,67165
HITECHCORP,20210610,175.95,175.95,167.45,171.3,35487
HITECHGEAR,20210610,229.95,237.9,226,230.6,29939
HLEGLAS,20210610,3500,3660,3476.05,3628.7,28845
HLVLTD,20210610,10.9,10.9,10,10.65,1238092
HMVL,20210610,93.5,99,93.3,96.65,71978
HNDFDS,20210610,2080.9,2081.8,2010,2022.4,10723
HNGSNGBEES,20210610,352.3,357.82,351.62,355.51,565
HOMEFIRST,20210610,558.75,564,556.15,560.05,74457
HONAUT,20210610,41299.95,41527.9,40710,41014.05,6206
HONDAPOWER,20210610,1063.7,1069.9,1050,1058.5,3899
HOTELRUGBY,20210610,1.7,1.7,1.65,1.65,10500
HOVS,20210610,59.95,60,56,56.6,24339
HPL,20210610,59.5,60.35,57.1,59.3,256930
HSCL,20210610,55,56.9,55,56,10052953
HSIL,20210610,226.6,234,225.2,229.4,168547
HTMEDIA,20210610,27.15,29.3,27.15,28,1759012
HUBTOWN,20210610,26.5,26.9,25.5,26.9,257763
HUDCO,20210610,49.55,53.5,49.4,52.6,13906548
HUHTAMAKI,20210610,290.6,293.35,286.8,287.75,156464
IBMFNIFTY,20210610,168,168,158.5,162.89,2255
IBREALEST,20210610,106.2,114.5,106,113.15,24204184
IBULHSGFIN,20210610,265.9,296.8,264.2,285.4,97024320
ICEMAKE,20210610,82.95,83.35,79.85,81.5,22257
ICICI500,20210610,222.96,223.05,220,222.73,1494
ICICIALPLV,20210610,157.75,157.88,156,157.47,6407
ICICIB22,20210610,40.08,40.45,39.71,40.35,1137608
ICICIBANK,20210610,635.45,642.4,631,640.4,10712418
ICICIBANKN,20210610,376.8,376.8,321.5,348.87,6417
ICICIBANKP,20210610,187.5,187.5,180.45,182.57,1543
ICICIGI,20210610,1473,1504,1472.9,1501.65,717238
ICICIGOLD,20210610,43.73,43.73,43.03,43.3,322935
ICICILIQ,20210610,1000,1000,999.99,999.99,107625
ICICILOVOL,20210610,132.7,132.7,126.7,129.59,59839
ICICIM150,20210610,102.98,103.88,102.1,103.09,18520
ICICIMCAP,20210610,84.2,93.9,84.2,93.38,4915
ICICINF100,20210610,177.7,177.7,171.05,173.29,3363
ICICINIFTY,20210610,173.7,173.7,156.75,167.59,67863
ICICINV20,20210610,94.3,94.3,77.7,83.88,12459
ICICINXT50,20210610,43,43,38.3,39.7,94599
ICICIPHARM,20210610,85.43,87.49,84.93,86.68,105058
ICICIPRULI,20210610,572,585,571.4,581.4,1425876
ICICISENSX,20210610,564.85,566.2,562.62,566.05,940
ICICITECH,20210610,281.79,281.79,278,280.59,4660
ICIL,20210610,171,177,171,173.55,830106
ICRA,20210610,3390,3494,3351.6,3473.35,37839
IDBI,20210610,39.1,39.55,38.85,39.15,10411728
IDBIGOLD,20210610,4537,4537,4470,4472.65,159
IDEA,20210610,9.75,10.05,9.7,9.95,140332528
IDFC,20210610,56.05,56.95,55.35,56.55,3913531
IDFCFIRSTB,20210610,60.2,61.1,59.6,60.35,31112453
IDFNIFTYET,20210610,163.99,172,163.69,164.29,206
IEX,20210610,362,367,359.25,363.15,1787945
IFBAGRO,20210610,510.95,529.4,495,516,63345
IFBIND,20210610,1131.95,1171,1131.95,1151.4,53899
IFCI,20210610,13.5,14.15,13.25,13.8,7927668
IFGLEXPOR,20210610,373.2,384,373.2,374,65348
IGARASHI,20210610,470,485.85,465,470.55,154189
IGL,20210610,534.95,544,532.45,537.65,2343389
IGPL,20210610,623,630,620,627.4,136857
IIFL,20210610,270,278,264,266.9,76277
IIFLSEC,20210610,73.55,74.35,71.9,72.45,434861
IIFLWAM,20210610,1158.8,1186.4,1149,1173.1,10271
IITL,20210610,72.5,74.7,72.2,72.9,535
IMAGICAA,20210610,8.65,8.85,8.4,8.75,523341
IMFA,20210610,481,501,480,483.3,159720
IMPAL,20210610,705,705,691.4,697.45,1535
IMPEXFERRO,20210610,1.05,1.05,1.05,1.05,89679
INCREDIBLE,20210610,28.1,28.25,27.3,27.95,35925
INDBANK,20210610,16.4,18.55,16.05,17.75,1671774
INDHOTEL,20210610,136.8,138,135.55,136.85,3127943
INDIACEM,20210610,184.1,186.75,183,184,1345263
INDIAGLYCO,20210610,544.8,570,544.8,553.6,177487
INDIAMART,20210610,7229,7269,7140,7228.6,95298
INDIANB,20210610,140.5,143.95,139.9,143.4,2241159
INDIANCARD,20210610,164.9,181.5,162.65,169.55,22985
INDIANHUME,20210610,219.25,227.25,216.05,220.85,220087
INDIGO,20210610,1801,1812.85,1771.5,1787.45,650874
INDIGOPNTS,20210610,2531.35,2640,2528.35,2601.4,103572
INDLMETER,20210610,14.75,14.8,14.4,14.5,65688
INDNIPPON,20210610,357,363.5,357,361.05,25449
INDOCO,20210610,410,423.8,409.55,415.2,252473
INDORAMA,20210610,55,55,51,53.6,32096
INDOSTAR,20210610,364,381.35,355.2,379.65,190486
INDOTECH,20210610,153.8,171.8,152.2,161.75,338727
INDOTHAI,20210610,52.9,52.95,50.2,50.9,5587
INDOWIND,20210610,6.05,6.15,6.05,6.15,189508
INDRAMEDCO,20210610,98.4,98.65,94.4,95.4,2420445
INDSWFTLAB,20210610,93,107.35,93,102,1800688
INDTERRAIN,20210610,35,38.3,34.85,37.25,548078
INDUSINDBK,20210610,1012,1028.6,1006,1024.35,2984339
INDUSTOWER,20210610,254,255.6,252.4,254.35,1288154
INEOSSTYRO,20210610,1461,1515,1461,1490.65,71309
INFIBEAM,20210610,49,50,48.1,49.05,2599117
INFOBEAN,20210610,320,330.85,317,318.6,53591
INFOMEDIA,20210610,4.35,4.35,4.15,4.35,36349
INFRABEES,20210610,467,467,461.2,463.81,2403
INFY,20210610,1424,1429,1419,1424.3,3496575
INGERRAND,20210610,980,995,973.15,978.85,47622
INOXLEISUR,20210610,328,332,326,330.45,306807
INOXWIND,20210610,90,95.5,89.7,94.15,689780
INSECTICID,20210610,623.7,664.95,614,639.1,357377
INSPIRISYS,20210610,44.8,45.8,44.3,45.4,20566
INTELLECT,20210610,761.95,774,752,764.1,275611
INTENTECH,20210610,73,79.2,73,79.1,500237
INVENTURE,20210610,40,42,38.1,38.35,1701883
IOB,20210610,20.55,20.9,19.9,20.25,21858721
IOC,20210610,115.5,116.5,115.2,115.95,12975319
IOLCP,20210610,661.05,666,656.3,658.75,386424
IPCALAB,20210610,2044.9,2064.95,2034,2038.45,213253
IRB,20210610,131.3,144.2,131.1,140.85,24748537
IRCON,20210610,48.65,48.65,48.1,48.45,2046079
IRCTC,20210610,2093.5,2121,2051.65,2106.35,1795502
IRFC,20210610,24.5,24.7,24.3,24.5,17127778
IRISDOREME,20210610,115.05,115.5,112,112.4,3598
ISEC,20210610,589.8,604.25,585.25,598.85,330544
ISFT,20210610,102.6,112.55,102.6,112.55,457423
ISGEC,20210610,620.55,627.9,611.75,620.85,86342
ISMTLTD,20210610,18,18.05,16.85,17.15,291401
ITC,20210610,208.7,211.4,207.5,209.3,30719587
ITDC,20210610,384.9,389,381,383.95,35434
ITDCEM,20210610,83.8,85.5,82.6,84.9,759522
ITI,20210610,128.3,130.85,127.4,128.75,981804
IVC,20210610,6,6.1,5.85,6,168537
IVP,20210610,159.8,165.4,151.2,158.3,42266
IVZINGOLD,20210610,4410,4410,4390,4408.4,77
IVZINNIFTY,20210610,1720,1720,1698.95,1699,3
IZMO,20210610,80.1,82,80,80.5,84400
J&KBANK,20210610,28.65,29.35,28.55,28.9,3099992
JAGRAN,20210610,60.9,63.45,60.9,61.85,826679
JAGSNPHARM,20210610,123.8,124.95,121.1,122.05,53787
JAIBALAJI,20210610,48,49.55,47.65,48.8,122553
JAICORPLTD,20210610,114.3,134.35,114.3,131.9,17128070
JAMNAAUTO,20210610,81.9,86.9,81.9,85.5,3203154
JASH,20210610,397.95,404.95,390,399.75,16126
JAYAGROGN,20210610,204.8,214,204.8,213.25,121166
JAYBARMARU,20210610,245,247.95,239.35,241.3,81706
JAYNECOIND,20210610,23.85,23.9,22.3,22.75,588181
JAYSREETEA,20210610,102.45,106.2,102.45,103.75,629463
JBCHEPHARM,20210610,1530,1557.45,1525,1534.6,46966
JBFIND,20210610,23.6,24.4,23.2,24.25,446738
JBMA,20210610,448.65,460.75,446.05,452.75,48697
JCHAC,20210610,2224.85,2239,2208,2213.05,29954
JHS,20210610,23.2,23.7,22.8,23.2,232792
JIKIND,20210610,0.8,0.8,0.75,0.8,207881
JINDALPHOT,20210610,67.25,67.25,63.05,65.75,7256
JINDALPOLY,20210610,882.9,921,882.4,912.05,1006951
JINDALSAW,20210610,114.2,118.2,112.6,117.4,5221466
JINDALSTEL,20210610,400.5,407.2,399.35,405.45,8660122
JINDRILL,20210610,127.5,132.9,122.35,127.55,164413
JINDWORLD,20210610,52.6,53,51.95,52.4,185214
JISLDVREQS,20210610,19.1,19.1,19.1,19.1,108348
JISLJALEQS,20210610,28.8,29.5,27.65,28.55,9321423
JITFINFRA,20210610,14.85,14.85,14.35,14.85,44033
JIYAECO,20210610,6.6,6.8,6.5,6.8,105136
JKCEMENT,20210610,2900,2915,2838.6,2859.9,77812
JKIL,20210610,179.5,191.35,179.5,186.9,757201
JKLAKSHMI,20210610,573,577,556,560,268104
JKPAPER,20210610,168.8,179.1,168.25,176,2880519
JKTYRE,20210610,137.45,141.9,136.7,139.85,2367623
JMA,20210610,47.7,48.25,46.35,47.25,20588
JMCPROJECT,20210610,110.05,113.7,109.05,110.45,100645
JMFINANCIL,20210610,93.95,96.3,93.65,95.1,2051455
JMTAUTOLTD,20210610,2.85,3.05,2.8,3.05,6268442
JOCIL,20210610,211,211,196.15,199.75,96423
JPASSOCIAT,20210610,11.05,12.6,10.9,12.6,197944017
JPINFRATEC,20210610,3.15,3.15,3.15,3.15,598540
JPPOWER,20210610,4.5,4.6,4.45,4.6,53276800
JSL,20210610,93.6,102,92.45,100.9,10603935
JSLHISAR,20210610,176.4,193.7,173.25,191.3,5687907
JSWENERGY,20210610,146.45,152,144,150.55,5691527
JSWHL,20210610,5479,5479,5299,5314.65,2033
JSWISPL,20210610,56.9,57.8,56.4,57.8,1004086
JSWSTEEL,20210610,701.3,719,700,705.8,8543092
JTEKTINDIA,20210610,110.25,112.6,110.25,111.6,325997
JUBLFOOD,20210610,3180,3228.95,3175.35,3207.5,583399
JUBLINDS,20210610,312,330,312,325.15,156538
JUBLINGREA,20210610,558.5,591.9,558.5,581.1,1150997
JUBLPHARMA,20210610,766,780,765.05,779,337918
JUMPNET,20210610,8.85,9.55,8.8,9.55,3732083
JUNIORBEES,20210610,411.9,412.85,401,410.87,43681
JUSTDIAL,20210610,944.35,974.45,944,967.25,2417553
JYOTHYLAB,20210610,155.8,157.5,154.7,155.55,486752
KABRAEXTRU,20210610,182.6,188.65,182.6,184.8,165308
KAJARIACER,20210610,1000,1007.8,982,996.95,203264
KAKATCEM,20210610,280,288.45,271.55,277.2,198804
KALPATPOWR,20210610,431.1,437.8,431.1,435.1,192168
KALYANIFRG,20210610,228.75,239,228.75,231.5,3076
KALYANKJIL,20210610,87,88.25,85.85,86.3,5456977
KAMATHOTEL,20210610,53.2,54.2,51.05,52.35,86576
KAMDHENU,20210610,162.05,167.85,161.2,162.45,101677
KANANIIND,20210610,6.4,6.4,5.8,6.4,36513
KANORICHEM,20210610,130.1,137,130.1,133.35,29730
KANPRPLA,20210610,231,231,228,228.5,28475
KANSAINER,20210610,595,595,576.85,580.7,460881
KAPSTON,20210610,91,92.5,88.75,90.15,667
KARDA,20210610,181,183,181,181.5,99125
KARMAENG,20210610,21.5,22.05,21.5,22.05,22060
KARURVYSYA,20210610,53.65,54.6,53.5,54.05,1742509
KAUSHALYA,20210610,1.75,1.85,1.75,1.85,6658
KAYA,20210610,340.8,361,340.8,352.7,77868
KCP,20210610,114,116.1,113.3,115.1,481816
KCPSUGIND,20210610,26.85,27.8,26.5,27.4,1555761
KDDL,20210610,337.9,351.25,330.05,351.25,25441
KEC,20210610,404.45,405.8,397.25,400.9,260436
KECL,20210610,19.85,20.5,19.5,20.35,83017
KEERTI,20210610,21.75,21.9,21.55,21.65,16045
KEI,20210610,692,694.1,676,679.45,99536
KELLTONTEC,20210610,82,88.2,81.9,87.4,5360422
KENNAMET,20210610,1205,1208,1182,1199.2,7028
KERNEX,20210610,60.7,60.7,60.7,60.7,10063
KESORAMIND,20210610,78.95,85.7,78.95,83.3,3057096
KEYFINSERV,20210610,66.45,72.5,66.4,70.25,13566
KHADIM,20210610,167,198.5,166,198.5,1779888
KHAICHEM,20210610,50.9,53.8,48.1,48.4,2422027
KHANDSE,20210610,17.9,18.25,17.5,18.25,1854
KICL,20210610,2014.5,2123.5,1951,2028.35,15173
KILITCH,20210610,164.4,164.4,158,159.6,4422
KINGFA,20210610,1083.25,1120,1075,1102.45,9923
KIOCL,20210610,283.75,297.4,283.75,293.8,153819
KIRIINDUS,20210610,564,592.8,564,587.15,717037
KIRLFER,20210610,239.7,239.95,231.25,232.45,150034
KIRLOSBROS,20210610,466,480,458,464.25,24291
KIRLOSENG,20210610,245.05,253.5,245.05,248.1,131646
KIRLOSIND,20210610,1749,1792,1740,1765.55,5644
KITEX,20210610,126.7,134,126.3,129.05,496244
KKCL,20210610,888,902.1,887,893.1,2355
KMSUGAR,20210610,32.85,33.55,31.65,33.55,6663904
KNRCON,20210610,224.9,227.1,223.1,225.8,193013
KOKUYOCMLN,20210610,66.25,68.35,65.9,67.6,403444
KOLTEPATIL,20210610,250,257.85,245.05,247.4,898970
KOPRAN,20210610,192.2,196,190.45,192.5,277459
KOTAKBANK,20210610,1787.7,1803,1776,1799.55,1854489
KOTAKBKETF,20210610,351,354.26,349.95,353.47,66125
KOTAKGOLD,20210610,426.7,426.7,424.25,425.7,10730
KOTAKIT,20210610,29.3,29.3,27.58,27.89,6249
KOTAKNIFTY,20210610,178.4,178.4,152.2,164.59,75301
KOTAKNV20,20210610,86.45,86.45,85.2,85.45,18899
KOTAKPSUBK,20210610,241.99,244.79,238.51,242.88,16222
KOTARISUG,20210610,42.2,43.25,41.8,42.35,672782
KOTHARIPET,20210610,42.7,43.7,42.5,42.8,194520
KOTHARIPRO,20210610,81.75,84.55,81.05,83.6,15694
KPITTECH,20210610,243.45,247.25,241.5,242.05,262115
KPRMILL,20210610,1599.95,1609.6,1569,1575.75,24532
KRBL,20210610,230,233.15,227.35,228.25,699370
KREBSBIO,20210610,124,126,120.45,124.25,22322
KRIDHANINF,20210610,5.9,5.9,5.75,5.9,157841
KRISHANA,20210610,90.45,95,89.55,93.45,16512
KSB,20210610,1025.45,1040.05,1003.2,1008.55,27603
KSCL,20210610,687.65,692.35,679.5,687.25,346292
KSL,20210610,377.9,386.15,376.4,379.45,137504
KTKBANK,20210610,64,64.2,63.4,63.75,1177517
KUANTUM,20210610,70,72,69.95,70.8,57597
L&TFH,20210610,96,100.6,95.5,99.05,24562175
LALPATHLAB,20210610,3000,3233.95,3000,3181.8,1874133
LAMBODHARA,20210610,68.3,68.65,67.35,68.1,24508
LAOPALA,20210610,277.9,286,277.9,281.85,223068
LASA,20210610,78.75,79.9,77.5,77.95,451458
LAURUSLABS,20210610,614,640,610,616.25,7577053
LAXMIMACH,20210610,6724.9,6725,6610,6627.1,2538
LCCINFOTEC,20210610,1.8,1.8,1.7,1.75,350843
LEMONTREE,20210610,43,44.25,43,43.55,2184895
LFIC,20210610,84.75,84.75,81.1,84.05,557
LGBBROSLTD,20210610,338,355,338,353.2,581345
LGBFORGE,20210610,4.85,4.95,4.7,4.75,187804
LIBAS,20210610,58.5,62.4,56.5,58.85,1204446
LIBERTSHOE,20210610,148,156.75,148,153.4,994972
LICHSGFIN,20210610,510.8,528.9,508.5,527.15,4352745
LICNETFGSC,20210610,21.95,22.2,21.7,21.98,12193
LICNETFN50,20210610,200.08,200.08,200.08,200.08,88
LICNETFSEN,20210610,559,570,553,559.11,143
LICNFNHGP,20210610,170,172.3,170,171.34,894
LIKHITHA,20210610,404.35,410.95,401.4,404.85,89722
LINCOLN,20210610,293.1,302,293.1,298,170112
LINCPEN,20210610,206,237.8,206,233.25,272388
LINDEINDIA,20210610,1592.9,1607.95,1577.1,1600.05,78620
LIQUIDBEES,20210610,1000,1000.01,999.37,999.99,1296045
LIQUIDETF,20210610,1000.01,1000.01,999.99,1000,8829
LODHA,20210610,669.75,700.4,666.3,694.25,562599
LOKESHMACH,20210610,48.95,50.25,48.05,50.25,38512
LOTUSEYE,20210610,45.6,46.65,45.05,46.25,8062
LOVABLE,20210610,122,128.4,121,125.6,49726
LPDC,20210610,3.45,3.45,3.45,3.45,23241
LSIL,20210610,2.6,2.6,2.6,2.6,460276
LT,20210610,1525,1534,1515,1519.7,1584311
LTI,20210610,3946,4042,3928.8,4034.85,290365
LTTS,20210610,2748.8,2850,2742.6,2810,412940
LUMAXIND,20210610,1629.25,1643,1614.95,1629.3,6875
LUMAXTECH,20210610,151.5,159,150.95,156,536871
LUPIN,20210610,1221,1243,1221,1228.8,1049039
LUXIND,20210610,3330,3435,3302.25,3376.85,156868
LXCHEM,20210610,223.5,225.9,221.6,222.15,962157
LYKALABS,20210610,57.05,62.3,56.4,62.15,165174
LYPSAGEMS,20210610,5.15,5.35,4.55,5.3,35696
M&M,20210610,808,810.95,803.05,806.95,2264605
M&MFIN,20210610,166.2,171.25,164.9,170.65,10490844
M100,20210610,28.9,28.9,28.29,28.42,264848
M50,20210610,152.2,156,152.2,155,2215
MAANALU,20210610,221.9,230.95,221.1,226.45,67148
MACPOWER,20210610,121.8,129.45,118.05,129.45,82048
MADHAV,20210610,56.65,60.8,55.65,60,223182
MADHUCON,20210610,7.35,7.35,6.65,6.9,221512
MADRASFERT,20210610,31.25,33.35,31.05,32.35,1394467
MAESGETF,20210610,26.85,26.91,26.78,26.82,2447
MAFANG,20210610,50.25,50.25,49.06,49.09,237140
MAGADSUGAR,20210610,257.1,265.7,257.1,261.85,211539
MAGMA,20210610,155,163,154,163,945619
MAGNUM,20210610,6.15,6.15,5.7,6.15,27247
MAHABANK,20210610,26.55,27,26.3,26.75,11152405
MAHAPEXLTD,20210610,92.5,92.5,85.6,91,1961
MAHASTEEL,20210610,89.95,93.45,87.5,92.1,65447
MAHEPC,20210610,152.7,160.65,152.55,159.7,557226
MAHESHWARI,20210610,110,113,110,112.2,112060
MAHINDCIE,20210610,219.35,222.95,216.05,217.6,157148
MAHLIFE,20210610,595,609.95,592,598.4,62780
MAHLOG,20210610,595,595,585.15,588.95,185608
MAHSCOOTER,20210610,3770,3885,3745,3849.35,9032
MAHSEAMLES,20210610,290.9,297.3,289.1,296.5,71087
MAITHANALL,20210610,826.85,843.25,803.35,807.9,128832
MAJESCO,20210610,111.75,111.75,111.75,111.75,238912
MALUPAPER,20210610,33.3,33.5,32.3,33.25,82435
MAN50ETF,20210610,160.35,161.29,160.35,160.99,1425
MANAKALUCO,20210610,19.4,20.25,19.2,19.65,49431
MANAKCOAT,20210610,15.5,15.95,15,15.7,63289
MANAKSIA,20210610,71,73.95,70.15,70.75,1185391
MANAKSTEEL,20210610,27,27.2,26.15,26.5,121010
MANALIPETC,20210610,81.95,82,79.5,80.8,389369
MANAPPURAM,20210610,163.15,165.2,162,164.2,3427295
MANGALAM,20210610,132.2,132.5,129.25,130.9,80186
MANGCHEFER,20210610,84.8,89.8,84.5,88.4,1392330
MANGLMCEM,20210610,309.65,318,307,309.35,82628
MANGTIMBER,20210610,13,13,12.6,12.75,23330
MANINDS,20210610,109.5,117.4,109.5,113.65,1036840
MANINFRA,20210610,55.9,60.95,55.45,59.2,2901224
MANUGRAPH,20210610,15.55,16.05,13.7,16.05,122079
MANXT50,20210610,387.45,390.78,387.45,389.77,3018
MARALOVER,20210610,42.35,42.35,40.7,41.4,19423
MARATHON,20210610,73.2,73.2,69.75,72.55,60919
MARICO,20210610,490.95,497.3,487.3,495.55,1705760
MARINE,20210610,75.1,76.45,73.25,73.45,773662
MARKSANS,20210610,70.4,71.2,69.05,69.75,4798516
MARUTI,20210610,7258,7279.45,7174.05,7199.9,278027
MASFIN,20210610,870,920,870,909.95,32665
MASKINVEST,20210610,28.4,28.4,28.4,28.4,1458
MASTEK,20210610,2050,2062.95,2015,2051.9,142849
MATRIMONY,20210610,970,1060,956.4,1022.7,136257
MAWANASUG,20210610,62.5,63.25,62,63.25,197495
MAXHEALTH,20210610,250.55,258,250.3,256.3,3127988
MAXIND,20210610,70.4,72.75,70.35,71.55,407647
MAXVIL,20210610,74.9,82.8,74.2,79.35,1053276
MAYURUNIQ,20210610,508.3,512,495,499.7,126032
MAZDA,20210610,666.2,682,653.55,659.4,9244
MAZDOCK,20210610,269,296,268.8,273.65,13753010
MBAPL,20210610,108,108,100.1,103.95,7688
MBECL,20210610,8.7,9,8.3,9,74867
MBLINFRA,20210610,23.8,24.3,23.5,23.9,235413
MCDHOLDING,20210610,58.6,58.6,58.6,58.6,46186
MCDOWELL-N,20210610,639,646.85,630.05,644.35,1866797
MCL,20210610,87.5,87.7,85,86.3,15305
MCLEODRUSS,20210610,39.95,41.9,38,40.4,4141357
MCX,20210610,1577.9,1587.1,1566.35,1582.7,60233
MEGASOFT,20210610,12.6,12.7,11.85,12.3,121766
MENONBE,20210610,67.7,68.8,67.2,67.9,37543
MEP,20210610,25.2,25.5,24.5,24.7,364122
MERCATOR,20210610,1.55,1.55,1.55,1.55,201121
METROPOLIS,20210610,2836,3061,2836,2971.95,686864
MFSL,20210610,1009.45,1037.65,1009.4,1027.95,1856737
MGEL,20210610,48.1,51.55,47.05,49,126272
MGL,20210610,1188.7,1196.8,1171.75,1188.65,307593
MHRIL,20210610,256,260,254.3,255.95,439757
MIDHANI,20210610,200.3,205.6,200.25,202.95,551448
MINDACORP,20210610,134.7,139.3,134.7,137.65,650004
MINDAIND,20210610,585.8,589.8,575,583.4,223720
MINDTECK,20210610,69,71.75,69,71.75,21592
MINDTREE,20210610,2430,2449.05,2422.4,2439,294721
MIRCELECTR,20210610,17.5,18.2,17.35,18.2,1087619
MIRZAINT,20210610,56.3,60.25,56.3,59.2,4839692
MITTAL,20210610,12.5,12.5,11.75,12.15,59978
MMFL,20210610,579.5,608.4,546.8,591.3,65989
MMP,20210610,103.95,104,100.6,102.4,47465
MMTC,20210610,60.5,61.7,59.35,59.9,9000563
MODIRUBBER,20210610,74.3,76.9,73.9,75,7021
MODISNME,20210610,70.3,74.15,68.25,69.7,393389
MOHITIND,20210610,10.35,10.35,10.35,10.35,9548
MOHOTAIND,20210610,8.1,8.1,7.15,7.65,326405
MOIL,20210610,188.8,191.7,188.1,189.45,792606
MOKSH,20210610,79.85,80.05,77.05,79.95,38485
MOLDTECH,20210610,59.55,61.2,58.6,59.5,90463
MOLDTKPAC,20210610,487.25,511.9,487.25,492.65,299128
MONTECARLO,20210610,304.05,316.8,304.05,310.55,39262
MORARJEE,20210610,18.95,19.65,18.45,18.95,57492
MOREPENLAB,20210610,61.5,65.5,61.5,63.85,7419091
MOTHERSUMI,20210610,249,249.75,244.7,246.7,8466766
MOTILALOFS,20210610,770,776.95,765.65,770.1,126271
MOTOGENFIN,20210610,21.7,22.05,21.3,22.05,28889
MPHASIS,20210610,1927.85,1972,1914.95,1964.2,456342
MPSLTD,20210610,562,572.55,554.25,559.45,18311
MRF,20210610,80301,82325.95,80050.05,82172.15,20186
MRO-TEK,20210610,27.25,29.85,26.25,27.85,5521
MRPL,20210610,50.4,51.85,50.2,51.3,2954033
MSPL,20210610,11.4,11.4,10.65,11.05,123750
MSTCLTD,20210610,260.8,262.95,258.6,259.65,241246
MTARTECH,20210610,996.95,1004.2,989.45,991.1,80345
MTEDUCARE,20210610,9.4,10.95,9.2,10.95,4173074
MTNL,20210610,20.9,21.65,20.75,21.1,3805402
MUKANDLTD,20210610,118.7,119,114.6,116.25,87146
MUKTAARTS,20210610,39.8,39.8,36.35,38.7,55671
MUNJALAU,20210610,70.95,71,67.05,68.2,1355138
MUNJALSHOW,20210610,157.9,160.95,156.4,159.35,41748
MURUDCERA,20210610,27,28,26.7,27.6,210153
MUTHOOTCAP,20210610,427.2,433.95,420,423.75,43093
MUTHOOTFIN,20210610,1475,1488.9,1456.4,1482.05,1051186
N100,20210610,998.4,998.4,986.32,987.47,39180
NACLIND,20210610,81.8,89.2,81.1,85.1,1477863
NAGAFERT,20210610,9.25,9.7,9.2,9.5,688671
NAGREEKCAP,20210610,7,7.35,7,7.35,9519
NAGREEKEXP,20210610,27.05,28.05,26.3,26.9,30444
NAHARCAP,20210610,139.9,139.9,135.5,136.25,8284
NAHARINDUS,20210610,68.05,69.7,67.3,68.45,36540
NAHARPOLY,20210610,153.5,157.7,153.5,154.55,75797
NAHARSPING,20210610,153.9,156,151.8,155,68752
NAM-INDIA,20210610,372,384,368.4,377.7,1848357
NATCOPHARM,20210610,1075,1109,1071,1101.9,651403
NATHBIOGEN,20210610,415.25,419.15,410.05,415.3,36879
NATIONALUM,20210610,71.05,71.85,70.7,71.2,11063501
NAUKRI,20210610,4700.5,4747.9,4662.7,4732.55,375774
NAVINFLUOR,20210610,3352,3441.7,3350.25,3394,317262
NAVKARCORP,20210610,41.8,42.7,41.7,42.15,811616
NAVNETEDUL,20210610,89.3,91.4,89.3,90.5,381074
NAZARA,20210610,1735,1751,1712.1,1720.2,273550
NBCC,20210610,48.05,49.45,47.75,48.8,9911051
NBIFIN,20210610,2261,2320,2261,2280.6,1415
NBVENTURES,20210610,92,102.4,91.8,101.05,3637257
NCC,20210610,82.05,86.65,81.6,86,9522954
NCLIND,20210610,207.05,211.7,207.05,209.15,191899
NCPSESDL24,20210610,105.14,105.23,105.14,105.2,41940
NDGL,20210610,1076,1134.45,1063,1072.45,1307
NDL,20210610,47.5,48.35,46.3,46.9,61810
NDRAUTO,20210610,214.5,220,214.1,219.1,6541
NDTV,20210610,69.6,72.9,69.45,71.25,162511
NECCLTD,20210610,12.75,12.9,12.45,12.75,138054
NECLIFE,20210610,37.8,38.6,37,37.85,1991828
NELCAST,20210610,75.95,76.9,73.85,75.5,211832
NELCO,20210610,235.9,269.95,235.25,257.6,2103901
NEOGEN,20210610,919.95,919.95,875,879.9,62893
NESCO,20210610,554.25,565,548.15,554.35,91502
NESTLEIND,20210610,17525,17675,17490,17556.1,42053
NETF,20210610,188.44,194.13,188.44,194.13,290
NETFCONSUM,20210610,68.4,72.7,67.49,68.04,10975
NETFDIVOPP,20210610,39.7,41,39.7,40,436
NETFGILT5Y,20210610,48.54,48.58,48.51,48.52,217
NETFIT,20210610,28,28.13,27.84,28.1,370673
NETFLTGILT,20210610,22.6,22.62,22.54,22.61,9548
NETFMID150,20210610,103.8,104.2,102.31,103.76,110699
NETFNIF100,20210610,163.5,166,160.95,165,2103
NETFNV20,20210610,87,87.29,85.25,86.64,3552
NETFSDL26,20210610,103.5,103.52,103.5,103.52,51
NETWORK18,20210610,45.05,53.5,44.75,53.5,17531903
NEULANDLAB,20210610,2099,2115,2050,2066.1,23999
NEWGEN,20210610,431.85,446.5,427.95,445.3,80421
NEXTMEDIA,20210610,6.45,6.45,6,6.45,28682
NFL,20210610,72,72.8,70.75,71.3,6357323
NH,20210610,479.7,483.7,470.4,471.3,259500
NHPC,20210610,26.85,27.25,26.8,27.05,16640258
NIACL,20210610,167.8,171.05,167.6,168.7,568669
NIBL,20210610,22.45,22.5,21.65,21.8,8054
NIFTYBEES,20210610,174.39,174.39,165.05,168.6,687667
NIITLTD,20210610,270,283.75,270,278.45,3800671
NILAINFRA,20210610,5.9,6,5.55,5.65,537310
NILASPACES,20210610,1.95,2,1.9,1.95,925482
NILKAMAL,20210610,2293,2315,2262.6,2301.45,21830
NIPPOBATRY,20210610,1005,1027,996.95,1004.1,6259
NIRAJ,20210610,44.6,44.6,42.15,42.75,6664
NITCO,20210610,29.4,30.7,28.5,30.35,231415
NITINSPIN,20210610,121.95,125.7,121.9,123.15,244511
NITIRAJ,20210610,56.5,56.5,53.15,53.8,1538
NKIND,20210610,25.5,25.9,25.5,25.9,362
NLCINDIA,20210610,63.85,64.9,63.5,64.4,3455250
NMDC,20210610,181.1,185.3,178.15,179.45,23692065
NOCIL,20210610,206,213.7,205.05,209.6,1475746
NOIDATOLL,20210610,7.8,7.95,7.55,7.95,487053
NORBTEAEXP,20210610,6.8,6.8,6.8,6.8,1394
NOVARTIND,20210610,661,695,651.15,688.55,70800
NPBET,20210610,181,185,180,181.06,542
NRAIL,20210610,221.8,227.9,221.8,225.3,15199
NRBBEARING,20210610,131.8,133.85,129.4,129.9,675744
NSIL,20210610,1716.05,1744,1715.95,1716.7,936
NTL,20210610,1.1,1.15,1.1,1.15,7851
NTPC,20210610,119.35,119.9,117.3,118.5,22144392
NUCLEUS,20210610,561,572.55,552.95,558.55,96272
NURECA,20210610,1503,1528.9,1480,1515.7,11825
NXTDIGITAL,20210610,494.05,501.45,490.5,496.35,38710
OAL,20210610,788.25,799,778,786.8,21863
OBEROIRLTY,20210610,642,671,638.75,663,926547
OCCL,20210610,1108.15,1134.95,1094,1104,9162
OFSS,20210610,3530,3552,3510,3544.9,43502
OIL,20210610,141.45,142.85,139.4,140.6,780689
OLECTRA,20210610,191.45,195.45,190.4,191.65,361378
OMAXAUTO,20210610,47.4,49.35,47.25,48.45,70045
OMAXE,20210610,82,85.5,80.1,82.75,126018
OMINFRAL,20210610,26.95,27.8,24.1,27.1,233879
ONELIFECAP,20210610,10.3,10.9,9.95,10.9,8525
ONEPOINT,20210610,20.2,20.5,19.25,20.5,155862
ONGC,20210610,123.75,124.8,122.45,123.95,12245640
ONMOBILE,20210610,119.8,122.9,119.25,120.95,626954
ONWARDTEC,20210610,186.1,191.75,186,189.6,45272
OPTIEMUS,20210610,130,134,127,128.3,67301
OPTOCIRCUI,20210610,4.6,4.7,4.6,4.65,569385
ORBTEXP,20210610,68.55,71,67.5,68.5,22645
ORCHPHARMA,20210610,1390.2,1409.1,1365,1370.65,4587
ORICONENT,20210610,25.9,26.7,25.85,26.4,122821
ORIENTABRA,20210610,26,27,25.75,26.85,284398
ORIENTALTL,20210610,9.5,9.95,9,9.75,113849
ORIENTBELL,20210610,300,359,300,340.95,255216
ORIENTCEM,20210610,135.4,138,134.7,135.3,394850
ORIENTELEC,20210610,302.4,308,302.4,304.95,718674
ORIENTHOT,20210610,39.8,40.8,39.7,40.05,212917
ORIENTLTD,20210610,110,112.9,100.05,102.4,72275
ORIENTPPR,20210610,28,28.45,27.9,28.2,1431715
ORIENTREF,20210610,313,315,310.05,311.55,60808
ORISSAMINE,20210610,3220,3317.05,3175.1,3265.05,31111
ORTINLAB,20210610,28.85,33.8,28.8,31.35,1127461
OSWALAGRO,20210610,12.95,13.75,12.95,13.55,596658
PAGEIND,20210610,30497.55,30497.55,30150,30221.25,14989
PAISALO,20210610,609,616,605.85,613.45,62228
PALASHSECU,20210610,87,88.35,82.4,83.1,21127
PALREDTEC,20210610,154.95,160.5,146.95,158.35,30049
PANACEABIO,20210610,363.2,380,360.2,377.5,633182
PANACHE,20210610,64.5,65.6,61.9,62.9,44462
PANAMAPET,20210610,211.7,232.95,211.7,227.25,1023184
PARACABLES,20210610,13.55,13.85,13.3,13.65,670575
PARAGMILK,20210610,142.1,143.8,140.5,141.85,489950
PARSVNATH,20210610,14.7,14.7,13.5,14.7,365740
PATELENG,20210610,15.2,16,15.15,15.55,3439776
PATINTLOG,20210610,26,27.3,26,27.3,184627
PATSPINLTD,20210610,7,7.15,6.85,7.15,12484
PBAINFRA,20210610,10.85,10.85,10.85,10.85,6054
PCJEWELLER,20210610,27.2,27.5,27.15,27.3,1582802
PDMJEPAPER,20210610,33,33.3,31.7,32.6,380480
PDSMFL,20210610,970.3,982.75,966,972,3151
PEARLPOLY,20210610,19.55,19.55,18.1,19.15,29078
PEL,20210610,2140,2221,2128,2195.95,1258802
PENIND,20210610,27.7,28.3,27.5,27.9,1744842
PENINLAND,20210610,10.15,10.15,10.15,10.15,95583
PERSISTENT,20210610,2516,2533.3,2492.6,2518.7,111672
PETRONET,20210610,230,233.45,226.75,232.6,18081705
PFC,20210610,130.2,131.85,128.1,130.75,10710244
PFIZER,20210610,5400,5570,5353.6,5538.55,219091
PFOCUS,20210610,61.5,63.4,61.5,61.9,29127
PFS,20210610,19.05,19.5,18.9,19.25,7468835
PGEL,20210610,434,458.6,425.2,438,59153
PGHH,20210610,13150,13150,13006,13124.55,3225
PGHL,20210610,5835,5858,5795.05,5840.1,6439
PGIL,20210610,211.4,221.4,210.3,215,9137
PHILIPCARB,20210610,232.7,239.9,232,233.3,1755502
PHOENIXLTD,20210610,843,859.2,831.65,834.2,85151
PIDILITIND,20210610,2080,2142.75,2072.1,2132.25,1140643
PIIND,20210610,2828,2889.2,2803.5,2832.75,421096
PILANIINVS,20210610,1986,2025,1973.15,1996.45,31507
PILITA,20210610,11.6,11.65,10.75,11.15,4275453
PIONDIST,20210610,127.6,129.7,126.8,128.55,20885
PIONEEREMB,20210610,55.65,57,55,55.65,270697
PITTIENG,20210610,105.6,108,104.75,106.7,279569
PKTEA,20210610,226.95,235.95,220,235.6,2601
PLASTIBLEN,20210610,245.9,256.9,243.55,248.1,83203
PNB,20210610,41.1,42.85,41,42.5,208415707
PNBGILTS,20210610,78.5,82.35,77.6,80.25,2125282
PNBHOUSING,20210610,805.2,823.85,772.25,816.65,1453268
PNC,20210610,42.8,43.3,40.5,43.3,30087
PNCINFRA,20210610,255.4,260,254,256.2,262752
PODDARHOUS,20210610,183.1,189.55,183,189.35,96048
PODDARMENT,20210610,232.1,255.8,231.1,246.7,104073
POKARNA,20210610,361.2,378,352.85,373,122843
POLYCAB,20210610,1754,1775.5,1754,1773.5,287757
POLYMED,20210610,975,984.4,958,968.75,150974
POLYPLEX,20210610,1339.7,1395,1320,1353.1,641773
PONNIERODE,20210610,224.25,229.4,217.85,220.85,30470
POWERGRID,20210610,248,248,240.25,241.65,18388571
POWERINDIA,20210610,1869,1877,1840,1849.3,15709
POWERMECH,20210610,686.9,709.7,684.05,692.45,46772
PPAP,20210610,211.9,215,209.2,212.8,46943
PPL,20210610,174.7,177.9,174.05,175.75,152025
PRAENG,20210610,11.85,12.7,11.35,12.6,1345545
PRAJIND,20210610,394.95,398.4,380,385.2,701602
PRAKASH,20210610,76.25,78.85,76.25,78.2,947158
PRAKASHSTL,20210610,1.05,1.05,1,1.05,558734
PRAXIS,20210610,44.9,46,44.15,45.3,12734
PRECAM,20210610,58.4,62.45,58.4,61.55,754110
PRECOT,20210610,175.05,182.5,175.05,182.5,22155
PRECWIRE,20210610,210.95,210.95,204.5,208.8,16716
PREMEXPLN,20210610,146.35,147.95,138.2,141.1,39300
PREMIER,20210610,3.5,3.5,3.45,3.5,6253
PREMIERPOL,20210610,51.35,52,49.6,49.75,19501
PRESSMN,20210610,26.7,31.5,26.7,30.55,1136619
PRESTIGE,20210610,290.7,299,290.05,296.75,1324973
PRICOLLTD,20210610,90.2,91.7,88.95,90.05,1164947
PRIMESECU,20210610,56.55,60.8,56.35,60.25,73177
PRINCEPIPE,20210610,703.8,734.95,703,719.65,363699
PRIVISCL,20210610,1062,1062,1027.05,1047.55,18748
PROINDIA,20210610,2.75,2.75,2.75,2.75,946
PROZONINTU,20210610,51.15,51.15,50.25,51.15,1537403
PRSMJOHNSN,20210610,135.5,135.5,131,132.15,129971
PSB,20210610,20,21,19.9,20.7,1911902
PSPPROJECT,20210610,425,439.15,425,435.25,120831
PSUBNKBEES,20210610,26.4,27.3,26.4,27.12,471628
PTC,20210610,96.5,98.65,96.1,97.95,2850995
PTL,20210610,46.55,46.85,45.9,46.3,136774
PUNJABCHEM,20210610,1268,1350,1255,1338.1,59930
PURVA,20210610,85.7,89.95,85.7,88.9,415628
PVR,20210610,1440,1449,1434,1440.8,303700
QGOLDHALF,20210610,2109,2109,2099.95,2105,1614
QNIFTY,20210610,1668.08,1668.08,1623,1629,37
QUESS,20210610,774.8,887.9,774.75,856.3,984006
QUICKHEAL,20210610,240,257,239,252.05,2133106
RADAAN,20210610,1.25,1.25,1.1,1.25,261798
RADICO,20210610,689.9,716.45,689.9,711.45,705151
RADIOCITY,20210610,24.35,28.25,24.35,27.45,14061370
RAILTEL,20210610,158,164.6,153.6,154.45,13767318
RAIN,20210610,181.1,184.25,179.5,182.45,2903396
RAJESHEXPO,20210610,553.85,568.5,549.15,556.4,307214
RAJMET,20210610,120.5,123,119.5,123,3869
RAJRATAN,20210610,1111.85,1121.5,1088.9,1114.5,12717
RAJSREESUG,20210610,26.25,27,26.25,27,73889
RAJTV,20210610,39.05,42.8,38.7,40.25,215060
RALLIS,20210610,342.8,351.7,341.6,345.25,1620683
RAMANEWS,20210610,18.5,19.5,18.25,18.8,285941
RAMASTEEL,20210610,79.95,79.95,75.55,77.25,91322
RAMCOCEM,20210610,981.2,1003.3,978.8,998.95,413712
RAMCOIND,20210610,269.8,270.25,265.05,267.1,85642
RAMCOSYS,20210610,545.95,549.55,542.25,546.15,38571
RAMKY,20210610,122.75,122.75,122.75,122.75,160824
RANASUG,20210610,19.5,19.8,19.3,19.8,1919278
RANEENGINE,20210610,309.8,312.8,303.25,306.5,4688
RANEHOLDIN,20210610,672,682,662.7,665.95,64622
RATNAMANI,20210610,1962,2017,1954.4,2001.95,66907
RAYMOND,20210610,415,423.95,415,418,833804
RBL,20210610,914.7,928.75,906.05,909.65,7116
RBLBANK,20210610,215.45,219.45,214.05,218.35,8268089
RCF,20210610,83.15,84.9,82.8,83.9,4357992
RCOM,20210610,3.3,3.3,3.3,3.3,2124552
RECLTD,20210610,164.95,164.95,160.4,163.3,8784968
REDINGTON,20210610,274,289.8,274,280.15,1306531
REFEX,20210610,150.5,153.05,148.7,150.1,85946
RELAXO,20210610,1087,1120.8,1087,1105.2,198790
RELCAPITAL,20210610,19.4,19.4,19.4,19.4,478682
RELIANCE,20210610,2193.4,2230,2177.55,2183,6532832
RELIGARE,20210610,140,146.9,136.55,141.85,8542913
RELINFRA,20210610,83,84.7,82.5,84.7,10421252
REMSONSIND,20210610,202.35,213.35,195.25,200.6,18369
RENUKA,20210610,22.7,22.7,22.7,22.7,2815834
REPCOHOME,20210610,367.25,383.65,367.25,372.7,171429
REPL,20210610,239.9,240,230.1,234.9,35182
REPRO,20210610,392.9,392.95,373.15,382,3626
RESPONIND,20210610,161.95,163.1,155.65,157.25,285845
REVATHI,20210610,578.7,578.7,560.05,570.35,2119
RGL,20210610,545.9,545.9,522.75,531.1,41702
RHFL,20210610,4.05,4.05,4.05,4.05,375366
RICOAUTO,20210610,45.7,46.75,45.65,46.25,808489
RIIL,20210610,458.65,546.6,458,546.6,3196096
RITES,20210610,265,275,265,273.9,1136484
RKDL,20210610,11.4,12.1,11.4,11.9,86064
RKEC,20210610,85.1,87.4,84.35,85.65,21542
RKFORGE,20210610,657.5,663,646,649.9,32793
RMCL,20210610,2.8,2.9,2.8,2.9,188295
RML,20210610,384.9,384.9,365.4,375.9,28612
ROHLTD,20210610,86.85,89.8,85.95,89,74514
ROLLT,20210610,2.9,3,2.85,3,356929
ROLTA,20210610,6.3,6.55,6.3,6.55,808298
ROML,20210610,96.4,97.25,95.15,96.95,5094
ROSSARI,20210610,1263.95,1265,1238,1246.2,59909
ROSSELLIND,20210610,126.7,136.5,126.5,132.4,1027314
ROUTE,20210610,1755,1795.95,1752.1,1759.9,407127
RPGLIFE,20210610,435.75,444,434,435.55,38321
RPOWER,20210610,11.95,11.95,11.95,11.95,3515157
RPPINFRA,20210610,67.85,70.8,67.55,68.4,331885
RPSGVENT,20210610,505,574.15,500.7,566.45,776892
RSSOFTWARE,20210610,31.3,37.85,31.3,37.85,998266
RSWM,20210610,253.95,258.1,244.5,249.5,66528
RSYSTEMS,20210610,141.9,147.45,141,143.2,250679
RTNINDIA,20210610,22.45,23,20.9,23,2262394
RTNPOWER,20210610,5.15,5.15,5.15,5.15,6895532
RUBYMILLS,20210610,227.8,242.4,223.25,239.1,68481
RUCHI,20210610,1252,1292.95,1190,1239,200616
RUCHINFRA,20210610,10.4,10.4,9.65,9.65,554469
RUCHIRA,20210610,83.5,85.4,82.25,83.15,224671
RUPA,20210610,477.7,485.2,476,481.45,260316
RUSHIL,20210610,249.65,249.7,242.05,245.5,8286
RVHL,20210610,20.75,20.9,20.6,20.8,23021
RVNL,20210610,31.45,31.75,31.25,31.45,4748100
S&SPOWER,20210610,25.7,26.95,25.15,26.85,26579
SABEVENTS,20210610,1.6,1.65,1.55,1.6,12120
SABTN,20210610,1.85,1.9,1.8,1.9,12446
SADBHAV,20210610,72.85,76.6,71.65,73.75,1536818
SADBHIN,20210610,24.8,25.7,23.65,25.05,1458223
SAFARI,20210610,665.9,690,664.15,684.65,15073
SAGARDEEP,20210610,43.5,46.85,43.5,44.35,6412
SAGCEM,20210610,840,884.45,840,875.35,97156
SAIL,20210610,126.5,129.15,126.1,128.55,69545924
SAKAR,20210610,140,148.95,137.6,145.65,268840
SAKHTISUG,20210610,15.3,15.75,15,15.75,546595
SAKSOFT,20210610,493.1,512.95,486.1,497.5,32624
SAKUMA,20210610,6.85,7.2,6.75,7.1,886959
SALASAR,20210610,677,694.8,671.5,690.55,72272
SALONA,20210610,160,169.75,152,154.85,25467
SALSTEEL,20210610,5.15,5.15,4.75,5,65263
SALZERELEC,20210610,155.5,158.05,151.35,157.1,148344
SAMBHAAV,20210610,3.15,3.15,3.15,3.15,12952
SANCO,20210610,10.75,10.9,10.2,10.85,84889
SANDESH,20210610,821.2,833.5,805.1,830.5,2485
SANDHAR,20210610,242.5,245.6,240.05,242.45,49600
SANGAMIND,20210610,108.95,111,106.2,110.5,24183
SANGHIIND,20210610,55.25,58.2,55,57.65,2987573
SANGHVIMOV,20210610,178.4,182.65,176.15,178.15,135691
SANGINITA,20210610,24,24,23.4,23.65,34349
SANOFI,20210610,7740,7802.7,7713.05,7716.75,24583
SARDAEN,20210610,549.5,578.9,541.5,570.3,669863
SAREGAMA,20210610,2524,2560,2460,2508.2,8087
SARLAPOLY,20210610,35,35.4,34.5,34.95,167864
SASKEN,20210610,967.7,975.35,956.05,966.55,12320
SASTASUNDR,20210610,232,237.5,225.5,230.15,64499
SATIA,20210610,83.75,85.9,83.75,85.2,87762
SATIN,20210610,88.3,95.1,88.3,93.05,700776
SBICARD,20210610,1130,1139.5,1090,1103.75,2290122
SBIETFIT,20210610,280.99,282.25,277,281.36,783
SBIETFPB,20210610,183.5,189,182.95,184.7,1147
SBIETFQLTY,20210610,136.9,141.89,136,137.39,9778
SBILIFE,20210610,1005,1005,992.05,997.55,1041345
SBIN,20210610,424.9,433.3,422.4,432.25,27397712
SCAPDVR,20210610,2.25,2.3,2.15,2.3,250693
SCHAEFFLER,20210610,5282,5310.05,5205,5256.6,4069
SCHAND,20210610,117.8,119,114,116.7,216665
SCHNEIDER,20210610,131.5,134.4,130.25,131.85,623390
SCI,20210610,114.85,115.55,113.3,113.7,1885461
SDBL,20210610,49.7,50.4,48.95,49.2,262223
SEAMECLTD,20210610,472.8,472.8,460,462.05,15771
SECURKLOUD,20210610,97.45,99.8,95.05,96.85,82756
SELAN,20210610,156.7,156.7,150.55,152.55,133236
SEPOWER,20210610,7.45,7.6,7,7.4,64878
SEQUENT,20210610,274.5,277.45,270.85,272.55,315175
SESHAPAPER,20210610,171,175.95,170,171.05,68967
SETCO,20210610,20,20.6,20,20.3,289259
SETF10GILT,20210610,209,209,205.7,205.98,272
SETFGOLD,20210610,4348.6,4352.95,4330.15,4340.25,10115
SETFNIF50,20210610,158.97,159.54,158.45,159.39,148000
SETFNIFBK,20210610,350,350,345.85,349.65,59449
SETFNN50,20210610,403.99,405.39,401.41,402.31,29499
SETUINFRA,20210610,1.15,1.15,1.05,1.15,568012
SEYAIND,20210610,62.5,65,61.95,62.55,52505
SFL,20210610,2216.95,2237.65,2167.05,2204.1,47352
SGL,20210610,12.6,12.8,12.3,12.45,68480
SHAKTIPUMP,20210610,847,859.4,810,836.15,214043
SHALBY,20210610,169.9,172.35,167.1,167.75,168463
SHALPAINTS,20210610,108.6,111.45,108.05,110.45,218213
SHANKARA,20210610,459.2,472.55,437.05,443.65,433561
SHANTIGEAR,20210610,150,150.45,148,149.15,96843
SHARDACROP,20210610,355,373,351.85,369.85,755674
SHARDAMOTR,20210610,410,414.8,404.1,407.8,22923
SHAREINDIA,20210610,465.05,465.05,445.1,459.9,32336
SHARIABEES,20210610,393.94,394.98,391.24,391.4,647
SHEMAROO,20210610,123.25,128.85,123.25,126.05,49123
SHIL,20210610,352,368.4,341.1,353.45,73431
SHILPAMED,20210610,547.8,565.7,543.4,560.55,492614
SHIVAMAUTO,20210610,25.9,26.2,25.8,25.8,129077
SHIVAMILLS,20210610,77.5,77.5,72.25,74.5,32694
SHIVATEX,20210610,193.2,202.95,193.2,196.4,11844
SHK,20210610,155.75,158.15,155.65,156.9,147146
SHOPERSTOP,20210610,238,238.95,235,235.95,93800
SHRADHA,20210610,50.1,50.35,47.05,47.35,1629
SHREDIGCEM,20210610,86,89,84.6,84.95,1247476
SHREECEM,20210610,28562,29124,28120.4,28225.8,54902
SHREEPUSHK,20210610,182.15,185,182.15,182.75,136820
SHREERAMA,20210610,15.75,16.4,15.4,15.9,190384
SHRENIK,20210610,2.3,2.5,2.3,2.5,3000521
SHREYANIND,20210610,99.3,101.75,99.25,100.5,30822
SHREYAS,20210610,180.4,187,173.2,174.2,328551
SHRIPISTON,20210610,780,811,780,799.05,96
SHRIRAMCIT,20210610,1695,1719.9,1685.45,1710.05,18921
SHRIRAMEPC,20210610,4.95,5,4.85,4.9,2046443
SHYAMCENT,20210610,9.6,9.9,9.05,9.8,608230
SHYAMTEL,20210610,12.5,12.5,12.5,12.5,29
SICAGEN,20210610,22.1,23,22,22.55,33231
SICAL,20210610,15.8,16.15,15.5,16.15,1414094
SIEMENS,20210610,2094,2109.95,2082,2092.25,185747
SIGIND,20210610,51.3,52.7,50.2,51,75225
SIL,20210610,17.2,17.3,16.65,17,28714
SILGO,20210610,43.1,43.1,40.5,40.8,64638
SILINV,20210610,240,244,236,239.15,13383
SILLYMONKS,20210610,21.9,22.9,21.8,22.3,13533
SIMBHALS,20210610,18.95,18.95,18.95,18.95,37107
SIMPLEXINF,20210610,43,44.25,40.8,43.3,444656
SINTERCOM,20210610,82.25,83.75,81.6,81.6,11663
SINTEX,20210610,5.4,5.4,5.4,5.4,735007
SIRCA,20210610,365,365,355.9,361.8,80580
SIS,20210610,414.6,420.55,414,418.2,201969
SITINET,20210610,1.65,1.65,1.65,1.65,742853
SIYSIL,20210610,309.95,314.4,309,310.05,67606
SJVN,20210610,29.25,29.8,29.2,29.6,2961658
SKFINDIA,20210610,2445.85,2544,2405.3,2496.65,74550
SKIL,20210610,4.3,4.3,4.3,4.3,29826
SKIPPER,20210610,81.2,82.9,77.3,78,2569725
SKMEGGPROD,20210610,75,85.3,75,81.65,1710506
SMARTLINK,20210610,94,101.9,93.9,98.15,192079
SMCGLOBAL,20210610,80.95,81.9,79.2,79.8,529811
SMLISUZU,20210610,488.6,499.9,484,486.75,92208
SMSLIFE,20210610,660,660,638,640.75,5093
SMSPHARMA,20210610,184.4,187.3,176.95,180.45,468677
SNOWMAN,20210610,57.5,59.5,57.25,58,5686179
SOBHA,20210610,501.95,515,501.9,512.3,163406
SOLARA,20210610,1700.65,1749.95,1700.65,1741.6,120005
SOLARINDS,20210610,1645.9,1669.45,1621.65,1640.7,47293
SOMANYCERA,20210610,469.05,476,456.95,470.55,65236
SOMATEX,20210610,7.85,7.9,7.2,7.65,141304
SOMICONVEY,20210610,48.95,52.3,47.15,52.3,53534
SONATSOFTW,20210610,726.95,735.9,702.25,716.15,118361
SORILINFRA,20210610,165,169.4,162.15,165.75,125046
SOTL,20210610,1285,1299.1,1268,1281.35,26437
SOUTHBANK,20210610,10.65,11.1,10.65,10.75,30932508
SOUTHWEST,20210610,43.5,44.3,41.1,42.55,113953
SPAL,20210610,225.9,225.9,219,221.65,57811
SPANDANA,20210610,681,738.5,675,720.9,439789
SPARC,20210610,246.15,254.5,246.15,251.25,1887813
SPECIALITY,20210610,59.7,60.85,57.75,59.45,136046
SPENCERS,20210610,79.3,83.4,79.3,82.5,1169226
SPIC,20210610,43.95,47.9,43.9,46.45,3863337
SPICEJET,20210610,80.65,80.65,79.35,80.05,2897824
SPLIL,20210610,48.9,50,47.5,49,98714
SPMLINFRA,20210610,13.05,13.5,12.4,12.75,117352
SPTL,20210610,5.3,5.3,5.3,5.3,357673
SREEL,20210610,178.65,212.3,177,212.3,354988
SREINFRA,20210610,8.65,8.65,8.2,8.55,4411512
SRF,20210610,6980,7109.75,6922.15,7075.75,156878
SRHHYPOLTD,20210610,293.2,300.15,293.15,299.4,14630
SRIPIPES,20210610,188.9,191.25,188,189.45,114000
SRPL,20210610,30.1,30.1,30.1,30.1,538
SRTRANSFIN,20210610,1440,1474.9,1433.15,1470,1998330
SSWL,20210610,761.85,768.45,755.1,758.65,18910
STAR,20210610,814,824.3,807.25,814.25,413441
STARCEMENT,20210610,112.5,112.75,109.5,110.4,792797
STARPAPER,20210610,146,149,144.2,145.3,171148
STCINDIA,20210610,122.15,129.15,122,123.5,280410
STEELCITY,20210610,45.15,45.2,43.9,44.75,31248
STEELXIND,20210610,58.4,58.6,57.5,57.85,105119
STEL,20210610,92.1,96,92.1,92.85,67662
STERTOOLS,20210610,217.45,217.45,207.1,210,59278
STLTECH,20210610,266.95,271.8,265,268,252853
STOVEKRAFT,20210610,590.6,606.2,590.6,600.8,75102
SUBCAPCITY,20210610,23.15,23.15,23.15,23.15,1259
SUBEXLTD,20210610,60.2,61.3,59.55,59.95,7221385
SUBROS,20210610,327,333,324.9,327.1,18975
SUDARSCHEM,20210610,699,707.8,693,696.7,260456
SUMEETINDS,20210610,5.5,5.65,5.5,5.65,59293
SUMICHEM,20210610,366,373.75,366,368.3,451054
SUMIT,20210610,13.65,13.8,13.35,13.6,104741
SUMMITSEC,20210610,629.1,635.75,586,600.25,18072
SUNCLAYLTD,20210610,3683.2,3771.95,3590,3620.1,11408
SUNDARAM,20210610,1.85,1.85,1.85,1.85,86479
SUNDARMFIN,20210610,2594.15,2600,2559.1,2588.75,54027
SUNDARMHLD,20210610,78,78,73.25,74.7,553191
SUNDRMBRAK,20210610,419.4,449,403.15,440,108146
SUNDRMFAST,20210610,849,865,841,844.9,111123
SUNFLAG,20210610,82,82,80.35,81.15,547061
SUNPHARMA,20210610,673.05,681,673,676.05,3099864
SUNTECK,20210610,304.65,311.9,303.35,309.9,638491
SUNTV,20210610,521,534,520,531.45,1924388
SUPERHOUSE,20210610,153.55,161.9,152,156.15,80237
SUPERSPIN,20210610,6.45,6.7,6.45,6.7,57640
SUPPETRO,20210610,775,777,765,769.1,91766
SUPRAJIT,20210610,296.75,302,294.5,296.5,235731
SUPREMEENG,20210610,39.95,39.95,37.3,38.55,70132
SUPREMEIND,20210610,2246,2278.9,2234,2244.85,71494
SURANASOL,20210610,13.3,13.3,12.5,12.65,182926
SURANAT&P,20210610,6.25,6.35,6.05,6.35,462228
SURYALAXMI,20210610,47.45,48.4,45.5,45.9,7977
SURYAROSNI,20210610,484.9,489.9,477.4,481.25,76725
SURYODAY,20210610,229.5,233.1,229.15,231.7,141867
SUTLEJTEX,20210610,55.75,56.8,54,55.6,402179
SUULD,20210610,440,445,425,432.9,68457
SUVEN,20210610,98.3,100,96.55,98,542218
SUVENPHAR,20210610,474.9,484.8,470.05,480.45,760992
SUVIDHAA,20210610,23.55,23.55,22.6,23,57613
SUZLON,20210610,7.1,7.4,7.05,7.3,80450221
SWANENERGY,20210610,137.5,139.8,135.55,136.85,169413
SWARAJENG,20210610,1524.5,1548,1524.5,1538.15,7087
SWELECTES,20210610,229.8,235,227.85,234.35,29227
SWSOLAR,20210610,239,241.6,237.4,238.6,438702
SYMPHONY,20210610,1075,1081,1068,1074.6,90943
SYNGENE,20210610,591.95,595.75,587,590.85,207328
TAINWALCHM,20210610,77.95,79.55,76.1,77.35,18411
TAJGVK,20210610,142.85,144.5,142.4,143.75,366680
TAKE,20210610,69.25,72.9,69.15,70.6,3324491
TALBROAUTO,20210610,301.4,301.4,282.25,288.05,282085
TANLA,20210610,815,858,800.05,840.4,97275
TARAPUR,20210610,6.3,6.3,5.75,6.25,24838
TARC,20210610,30.75,31.5,30.25,30.95,554136
TARMAT,20210610,59.8,61.85,59.1,60.4,42283
TASTYBITE,20210610,15206,15850,14950,15529.05,3616
TATACHEM,20210610,742.1,750.85,739.8,748.2,1879289
TATACOFFEE,20210610,179.5,190,179.1,186.95,11750754
TATACOMM,20210610,1260,1278.6,1240.1,1258.55,1180664
TATACONSUM,20210610,704.3,718.75,704,707.7,2571253
TATAELXSI,20210610,3729,3849,3729,3796.8,229876
TATAINVEST,20210610,1166,1178.1,1162,1174.45,68968
TATAMETALI,20210610,1067.95,1135.1,1061.15,1088.75,672531
TATAMOTORS,20210610,345.2,347.85,342.4,344.75,24351860
TATAMTRDVR,20210610,160,162.75,159.7,161.45,1370284
TATAPOWER,20210610,128,130.4,125.1,127.6,140351463
TATASTEEL,20210610,1109.3,1125.8,1102.9,1114.45,7776764
TATASTLBSL,20210610,89.9,93.35,89.5,92.3,5207666
TATASTLLP,20210610,928,950,921,934.75,25919
TBZ,20210610,81.1,82.3,80.65,81.05,300198
TCI,20210610,453.9,454.8,439,445.75,96585
TCIDEVELOP,20210610,435.9,435.9,425.05,425.9,4313
TCIEXP,20210610,1575,1594.8,1525,1571.65,136856
TCIFINANCE,20210610,6.8,6.95,6.8,6.95,9026
TCNSBRANDS,20210610,540,549.9,534,546.5,25983
TCPLPACK,20210610,472,484.6,472,477,2496
TCS,20210610,3210,3224,3193,3216.8,1874324
TDPOWERSYS,20210610,204.9,211.35,201.05,207.45,68729
TEAMLEASE,20210610,3797,3844.95,3603,3635.25,82271
TECHIN,20210610,6.5,6.5,6.4,6.4,42512
TECHM,20210610,1059.7,1074,1056.5,1064.9,3934077
TECHNOE,20210610,333,338.4,330.2,335.15,54122
TEJASNET,20210610,179,179,174,175.7,191377
TEMBO,20210610,193.75,194.85,190.8,193.85,104879
TERASOFT,20210610,52.6,57.8,51.8,54.4,421352
TEXINFRA,20210610,70.4,70.9,69.65,69.9,58363
TEXMOPIPES,20210610,48,48.5,46.7,46.9,372235
TEXRAIL,20210610,32.55,33.3,32.35,32.7,1290354
TFCILTD,20210610,70.05,71.2,69.55,70.65,317543
TFL,20210610,4.7,4.7,4.45,4.7,12120
TGBHOTELS,20210610,7.7,7.8,7.7,7.8,12651
THANGAMAYL,20210610,831,846.1,828,838.45,9784
THEINVEST,20210610,107.85,109.05,103.5,106.3,14955
THEMISMED,20210610,765,767,725,752.35,20890
THERMAX,20210610,1534.7,1546.3,1511,1512,70474
THOMASCOOK,20210610,71.05,71.5,68.35,69.05,865533
THOMASCOTT,20210610,8.8,9.65,8.75,8.75,2912
THYROCARE,20210610,1075,1164.4,1072,1114.3,745176
TI,20210610,37.5,38.2,37,37.45,544532
TIDEWATER,20210610,11349.95,11444,10764,10925.35,25989
TIIL,20210610,441,462.5,441,446.75,46612
TIINDIA,20210610,1285,1299.95,1271.25,1292.9,61051
TIJARIA,20210610,7.75,7.75,7.45,7.6,22813
TIL,20210610,181.65,184,177,183.6,3104
TIMESGTY,20210610,47.75,50.7,45.25,48.05,13147
TIMETECHNO,20210610,84.65,86,84.65,85.05,349160
TIMKEN,20210610,1359.9,1374,1348.65,1364.25,11290
TINPLATE,20210610,204.9,209.45,204.15,206.75,359874
TIPSINDLTD,20210610,950.85,950.85,901.1,920.35,6375
TIRUMALCHM,20210610,136.8,139.85,136.05,138.45,1302814
TIRUPATIFL,20210610,29.55,31.5,29.5,31.5,2700
TITAN,20210610,1741.4,1745.85,1722.2,1738.65,1850763
TMRVL,20210610,20.15,20.15,20,20.15,61763
TNPETRO,20210610,105.1,112.5,105.1,110.1,3520775
TNPL,20210610,150.05,154.5,150,153.15,287113
TNTELE,20210610,5.75,5.8,5.4,5.6,35162
TOKYOPLAST,20210610,96.5,98.95,96.2,97.9,16453
TORNTPHARM,20210610,2810,2876,2805,2859.8,154358
TORNTPOWER,20210610,479.95,482.95,468.05,470.85,3186303
TOTAL,20210610,53.8,54.9,52,52.45,38605
TOUCHWOOD,20210610,84.3,84.3,77.55,80.3,7678
TPLPLASTEH,20210610,237,246.15,237,242.35,68939
TREEHOUSE,20210610,8.25,8.4,7.95,8.4,57676
TREJHARA,20210610,61,61.85,54.45,55.9,413152
TRENT,20210610,854,884.85,838.4,876.9,1034717
TRF,20210610,110.5,132.45,110.5,132.45,948447
TRIDENT,20210610,16.2,16.95,16.15,16.95,30168964
TRIGYN,20210610,118,132,116.15,128.3,775244
TRIL,20210610,28.3,30.25,28.1,29.05,1817619
TRITURBINE,20210610,117.6,119,116.45,117.8,249733
TRIVENI,20210610,190,197.95,190,194.25,2322052
TTKHLTCARE,20210610,676,683.45,658.85,663.95,22956
TTKPRESTIG,20210610,8897,8984.7,8860.05,8920,4528
TTL,20210610,62,66.15,62,65.75,20592
TTML,20210610,21.75,22.8,21.35,22.8,3387707
TV18BRDCST,20210610,41.75,48.95,41.3,47.4,87969439
TVSELECT,20210610,166,170.75,161.3,164.85,267011
TVSMOTOR,20210610,637.35,641.9,633,637.85,802033
TVSSRICHAK,20210610,1966.55,2003,1966.55,1983.75,14277
TVTODAY,20210610,304.5,317.35,300.1,306.95,564905
TVVISION,20210610,2,2,2,2,7087
TWL,20210610,56,57.5,55.6,56.5,595714
UBL,20210610,1387.5,1396.95,1381.5,1391.05,297244
UCALFUEL,20210610,173.3,175.35,170.3,172.7,38677
UCOBANK,20210610,13.65,13.75,13.55,13.65,7113226
UFLEX,20210610,467.8,480,461.9,469.3,472159
UFO,20210610,93.8,93.8,91.25,91.65,434893
UGARSUGAR,20210610,33.2,33.25,32.3,32.55,850025
UJAAS,20210610,3.6,3.75,3.55,3.75,2815899
UJJIVAN,20210610,214.7,226.55,213,224.95,1961874
UJJIVANSFB,20210610,31.25,34.25,31.2,33.3,13354874
ULTRACEMCO,20210610,6748,6763.8,6681,6709.65,198704
UMANGDAIRY,20210610,84,84.9,80.5,81.45,181220
UMESLTD,20210610,5.25,5.45,4.95,5.2,64597
UNICHEMLAB,20210610,337,337.5,332,332.4,38351
UNIDT,20210610,410.3,410.3,351,361.15,364140
UNIENTER,20210610,121.95,125.95,118.95,123.75,46001
UNIONBANK,20210610,35.5,36.2,35.25,35.9,24288684
UNITEDTEA,20210610,360,366.8,350,356.25,7789
UNIVASTU,20210610,44.75,44.75,41.75,44.1,4477
UNIVCABLES,20210610,191.55,197.9,190.55,191.85,83899
UNIVPHOTO,20210610,232.65,235.15,231.4,234.55,4580
UPL,20210610,849,853.8,837,838.7,4012050
URJA,20210610,7.9,8.1,7.8,8.1,2054635
USHAMART,20210610,49.05,51.15,49.05,50.5,1551733
UTIAMC,20210610,780,836.2,768.05,823.4,930433
UTIBANKETF,20210610,35.5,35.55,34.72,35.12,7736
UTINEXT50,20210610,40.6,40.6,39.15,39.72,6609
UTINIFTETF,20210610,1644.45,1650.95,1637,1650.91,322
UTISENSETF,20210610,546.25,548.31,540.11,545.91,1083
UTISXN50,20210610,45.97,47.49,44.56,46.49,4088
UTTAMSTL,20210610,6.8,7.2,6.75,7.2,4276926
UTTAMSUGAR,20210610,175.3,179.9,174.25,177.6,769536
V2RETAIL,20210610,136.5,139.75,133.55,135.1,63415
VADILALIND,20210610,1067,1080,1052.1,1060.5,26505
VAIBHAVGBL,20210610,811.5,818.45,800.4,802.85,110564
VAISHALI,20210610,36.2,39.4,35.9,39.1,143938
VAKRANGEE,20210610,47.9,48.15,46.75,47.3,3757637
VALIANTORG,20210610,1641,1669,1615.1,1619.8,65358
VARDHACRLC,20210610,42.7,43.95,42.7,42.9,74190
VARDMNPOLY,20210610,23.85,24,21.55,22.45,377545
VARROC,20210610,379.6,383.9,379,379.7,339317
VASCONEQ,20210610,19.6,20.2,19.6,20.05,452833
VASWANI,20210610,13.85,14.1,13.8,13.9,15486
VBL,20210610,830,918.4,781,789.25,2552627
VEDL,20210610,270.9,274.2,269.5,271.55,6951260
VENKEYS,20210610,2668,2725,2645,2652.5,109383
VENUSREM,20210610,318,323.95,313.15,317.5,20351
VERTOZ,20210610,214.8,221,210,212.75,374620
VESUVIUS,20210610,1071,1115.7,1071,1079.35,21363
VETO,20210610,143.9,146.65,138.75,142.25,91904
VGUARD,20210610,264.15,267.8,261.35,265.35,620379
VHL,20210610,2565,2565,2497.5,2503.25,1486
VICEROY,20210610,3.9,3.9,3.9,3.9,34768
VIDHIING,20210610,223,230.4,214.05,216.4,376167
VIJIFIN,20210610,1.25,1.25,1.2,1.25,241668
VIKASECO,20210610,2,2,2,2,105898
VIKASLIFE,20210610,3.4,3.45,3.3,3.35,6450607
VIKASPROP,20210610,2.35,2.5,2.25,2.4,3483867
VIKASWSP,20210610,5.95,6.1,5.7,5.85,3421850
VIMTALABS,20210610,279.1,284.85,265.15,269.45,878193
VINATIORGA,20210610,1787.4,1791.7,1725,1741.7,132489
VINDHYATEL,20210610,1090,1107.9,1072,1082.6,22452
VINYLINDIA,20210610,146.2,150.45,145.5,148.25,70096
VIPCLOTHNG,20210610,16.7,18.4,16.7,17.85,425233
VIPIND,20210610,377,382.75,377,381.25,208004
VIPULLTD,20210610,35.5,35.95,33.1,35.95,125999
VISAKAIND,20210610,695,705.2,678.35,683.35,102673
VISASTEEL,20210610,9.5,9.75,9.2,9.7,73520
VISHAL,20210610,53.9,58.9,52.25,56.15,267257
VISHNU,20210610,425,435,423.1,427.6,11420
VISHWARAJ,20210610,150.1,164.9,145.9,159.4,449900
VIVIDHA,20210610,0.8,0.8,0.75,0.8,11792247
VIVIMEDLAB,20210610,29.2,29.5,28,29.15,266728
VLSFINANCE,20210610,135,140.4,135,135.85,161412
VMART,20210610,2875,2884.2,2835,2843.4,9004
VOLTAMP,20210610,1436,1567.5,1405,1444.4,401442
VOLTAS,20210610,1047.9,1059.65,1045.1,1055.2,736352
VRLLOG,20210610,260.5,272,258.55,267.65,363798
VSSL,20210610,193,201,193,199.3,161569
VSTIND,20210610,3475,3496.7,3451.95,3476.2,3938
VSTTILLERS,20210610,2065,2139,2058.25,2078.85,17946
VTL,20210610,1371,1428.9,1371,1404,121735
WABAG,20210610,300.5,315.7,300.05,306.1,2696600
WABCOINDIA,20210610,6871.85,6890,6800,6832.1,1210
WALCHANNAG,20210610,78,85.7,77.95,84,2154630
WANBURY,20210610,103.7,106,101.75,105.6,21046
WATERBASE,20210610,126.2,134.75,125.6,131.05,3107570
WEALTH,20210610,130.65,131,130.65,131,511
WEBELSOLAR,20210610,52,54.4,51.85,54.15,819316
WEIZMANIND,20210610,55.3,55.3,52.45,54.2,16191
WELCORP,20210610,158.25,160.9,154.1,156.35,2602587
WELENT,20210610,123.9,125.2,122.95,123.7,404318
WELINV,20210610,419.6,419.6,400.1,401.7,874
WELSPUNIND,20210610,92.85,95.3,92.8,94.9,2835795
WENDT,20210610,3759.95,3824.95,3740.1,3760.05,1340
WESTLIFE,20210610,506,506.3,492,497.8,279896
WHEELS,20210610,605,614.9,600,603.3,35939
WHIRLPOOL,20210610,2150,2172,2126.1,2162.05,82766
WILLAMAGOR,20210610,21.8,21.8,21,21.5,14680
WINDMACHIN,20210610,40,44.5,40,43.75,498993
WIPL,20210610,68,71.3,66.15,70.15,3136
WIPRO,20210610,545.55,555.5,545.55,554.25,5720744
WOCKPHARMA,20210610,664.9,669.55,656,663.4,557398
WONDERLA,20210610,207.05,211.8,207.05,209.45,156538
WORTH,20210610,84.4,84.7,75.2,76,215693
WSI,20210610,6.6,6.6,6.6,6.6,124
WSTCSTPAPR,20210610,232.7,240.5,232.7,239.05,774698
XCHANGING,20210610,74.85,77,74.8,76.7,372786
XELPMOC,20210610,295,298.9,286.2,289.9,23090
XPROINDIA,20210610,131,138,125,136.3,41214
YAARII,20210610,114.6,116.8,111.1,115,106018
YESBANK,20210610,14.25,14.8,14.2,14.65,128849317
ZEEL,20210610,218.75,224.45,215.5,222.1,24055745
ZEELEARN,20210610,13.85,15.7,13.75,15.25,15808111
ZEEMEDIA,20210610,10.5,10.5,10.2,10.5,6484254
ZENITHEXPO,20210610,98.8,98.8,93.5,95.7,1836
ZENSARTECH,20210610,311.9,319.2,309,312.65,931236
ZENTEC,20210610,83.2,95.6,81.4,92,8145798
ZODIACLOTH,20210610,108.65,110.95,107,109.7,98196
ZODJRDMKJ,20210610,34.6,35.9,34,34.35,5369
ZOTA,20210610,165,168.6,164.6,167.65,17438
ZUARI,20210610,109.1,127.7,107.7,127.7,2419073
ZUARIGLOB,20210610,116.6,124.05,114.6,124.05,725453
ZYDUSWELL,20210610,2069.6,2087,2062,2069.8,20143
NSENIFTY,20210610,15692.10,15751.25,15648.50,15737.75,298297041,0
NIFTYJUNIOR,20210610,38943.20,39235.80,38885.25,39207.65,494237640,0
NIFTYMIDCAPLIQ15,20210610,6384.90,6451.35,6358.90,6442.60,89644031,0
NSE100,20210610,15966.85,16032.35,15925.70,16021.50,792534681,0
NIFTY200,20210610,8332.30,8370.50,8312.40,8365.60,1672067799,0
NSE500,20210610,13458.65,13524.85,13431.25,13517.20,2587040404,0
NSEMIDCAP150,20210610,10165.45,10244.45,10157.45,10236.95,924114623,0
MIDCAP50,20210610,7517.45,7595.10,7500.60,7589.30,819710710,0
NSEMIDCAP,20210610,27055.90,27294.10,27022.70,27268.45,879533118,0
NSESMLCAP100,20210610,9607.40,9705.75,9605.00,9698.05,-,0
NIFTYLARGEMIDCAP250,20210610,-,-,-,8809.43,1716649304,0
NIFTYAUTO,20210610,10773.85,10781.50,10681.90,10722.70,57285263,0
BANKNIFTY,20210610,34903.60,35165.65,34734.40,35131.20,324664716,0
NIFTYFINSERVICE,20210610,16510.50,16685.15,16437.45,16667.25,104824842,0
NIFTYFMGC,20210610,35564.45,35901.75,35448.60,35731.30,51892121,0
NSEIT,20210610,27676.50,27822.10,27649.95,27798.00,20383002,0
NIFTYMEDIA,20210610,1830.10,1913.00,1826.15,1900.10,162523999,0
NIFTYMETAL,20210610,5247.70,5306.60,5244.70,5265.20,164023032,0
NIFTYPHARMA,20210610,14140.90,14369.35,14138.50,14313.90,25519917,0
NIFTYPVTBANK,20210610,18394.80,18528.40,18308.55,18511.80,216922759,0
NIFTYPSUBANK,20210610,2449.50,2501.65,2438.60,2487.65,401168616,0
NIFTYREALTY,20210610,351.70,363.25,351.60,361.60,43533698,0
NIFTYCOMMODITIES,20210610,5238.75,5267.35,5228.00,5234.35,292663678,0
NIFTYCONSUMPTION,20210610,6300.95,6320.45,6278.55,6310.30,94613193,0
NIFTYCPSE,20210610,2090.35,2098.40,2071.40,2077.75,128926982,0
NIFTYENERGY,20210610,20866.40,20894.75,20662.25,20712.80,245192864,0
NIFTY100ESG,20210610,-,-,-,3182.94,376151078,0
NIFTY100ENHESG,20210610,-,-,-,3201.31,347378310,0
NIFTYINFRA,20210610,4485.75,4497.35,4467.15,4473.05,324658969,0
NIFTYMNC,20210610,17201.20,17304.65,17187.95,17269.05,178673606,0
NIFTYPSE,20210610,3729.60,3737.75,3696.85,3708.45,310337449,0
NIFTYSMEEMERGE,20210610,-,-,-,2379.22,1074866,0
NIFTYSERVSECTOR,20210610,21682.80,21814.25,21606.30,21799.65,220626152,0
NIFTYSHARIAH25,20210610,-,-,-,6012.30,102603374,0
NIFTY50SHARIAH,20210610,-,-,-,3780.53,56849221,0
NIFTY500SHARIAH,20210610,-,-,-,4750.89,343920120,0
NIFTYABGROUP,20210610,-,-,-,4927.12,152918742,0
NIFTYMAHINDRA,20210610,-,-,-,13480.62,18099132,0
NIFTYTATA,20210610,-,-,-,11203.63,209504015,0
NIFTYTATA25CAP,20210610,-,-,-,8697.45,185554728,0
NIFTYABGROUP,20210610,-,-,-,4927.12,152918742,0
NIFTYLIQ15,20210610,4006.30,4034.90,3987.30,4031.20,122923472,0
NIFTY500VALUE50,20210610,-,-,-,5680.86,964896851,0
NIFTYQUALLOWVOL30,20210610,-,-,-,11381.03,114205008,0
NIFTYALPHAQUALLOWVOL30,20210610,-,-,-,13088.94,108541177,0
NIFTYALPHAQUALVALLOWVOL30,20210610,-,-,-,10010.46,134469331,0
NIFTY50EQUALWEIGHT,20210610,17802.65,17867.10,17773.45,17846.75,298297041,0
NIFTY100EQUALWEIGHT,20210610,18995.15,19097.80,18969.45,19086.80,792534681,0
NIFTY100LOWVOL30,20210610,12285.30,12323.40,12265.25,12301.30,146701967,0
NSEDEFTY,20210610,-,-,-,7463.90,-,0
NIFTY50DIVPOINT,20210610,51.06,51.06,51.06,51.06,-,0
NIFTYDIVOPPS50,20210610,3308.25,3318.10,3301.05,3309.65,485881548,0
NIFTYALPHA50,20210610,27613.50,27826.40,27585.75,27771.20,467800134,0
NIFTY50ARBITRAGE,20210610,-,-,-,1967.46,-,0
NIFTY50FUTINDEX,20210610,-,-,-,5128.89,-,0
NIFTY50FUTTRINDEX,20210610,-,-,-,16345.22,-,0
NIFTYHIGHBETA50,20210610,-,-,-,2022.51,779801482,0
NIFTYLOWVOL50,20210610,-,-,-,15126.31,161277096,0
NIFTY50VALUE20,20210610,7947.30,7970.50,7935.50,7947.45,143602244,0
NIFTYGROWSECT15,20210610,7560.30,7613.60,7545.35,7588.40,53713723,0
NIFTY50TR2XLEV,20210610,9964.20,10038.90,9910.85,10021.85,-,0
NIFTY50PR2XLEV,20210610,7416.85,7472.60,7377.10,7459.85,-,0
NIFTY50TR1XINV,20210610,241.50,242.15,240.60,240.80,-,0
NIFTY50PR1XINV,20210610,279.80,280.55,278.75,279.00,-,0
NIFTY-GS-COMPSITE,20210610,2319.94,2321.98,2319.94,2321.48,-,0
NIFTY-GS-4-8YR,20210610,2433.61,2436.73,2433.61,2436.03,-,0
NIFTY-GS-8-13YR,20210610,2273.14,2274.16,2273.14,2273.76,-,0
NIFTY-GS-10YR,20210610,2061.90,2063.81,2061.10,2061.50,-,0
NIFTY-GS-10YR-CLN,20210610,956.59,957.48,956.22,956.40,-,0
NIFTY-GS-11-15YR,20210610,2432.59,2436.33,2432.59,2435.65,-,0
NIFTY-GS-15YRPLUS,20210610,2632.94,2634.07,2632.88,2634.05,-,0
VIX,20210610,14.75,15.20,14.18,15.00,0,0
