20MICRONS,20211007,61.75,63.7,61.5,61.9,188941
21STCENMGM,20211007,53.15,53.15,53.15,53.15,1997
3MINDIA,20211007,25016.15,25700,24850.15,25231.65,3342
3PLAND,20211007,13.6,14.05,13.15,13.5,3700
5PAISA,20211007,472.6,480,466.2,469.15,27056
63MOONS,20211007,94,96.25,93.05,95.35,92995
A2ZINFRA,20211007,4.2,4.5,4.2,4.35,1443160
AAKASH,20211007,219.65,222.5,193.5,197.05,163237
AAREYDRUGS,20211007,37,37.8,36.9,37,39068
AARON,20211007,119,119.25,115,118.95,11977
AARTIDRUGS,20211007,636.75,645,632,632.75,154629
AARTIIND,20211007,1066.95,1115,1065.05,1080.7,1818149
AARTISURF,20211007,1475,1514.4,1440.05,1482,25872
AARVEEDEN,20211007,25.7,25.7,23.85,24.85,101008
AARVI,20211007,64,64.3,63.15,63.65,16815
AAVAS,20211007,2665.9,2672.9,2632.8,2648.65,39186
ABAN,20211007,46.5,54.95,46.35,54.95,1637691
ABB,20211007,1880,1898,1863,1871.5,64748
ABBOTINDIA,20211007,22475.85,22868.8,21610,21741.2,45763
ABCAPITAL,20211007,112,112.45,109.6,110.1,2499118
ABFRL,20211007,243,261.7,243,258.9,9383410
ABMINTLLTD,20211007,152.4,152.4,152.4,152.4,2025
ABSLBANETF,20211007,379.2,379.2,370,375.89,680
ABSLNN50ET,20211007,435.3,444,435.3,442,813
ACC,20211007,2215.3,2276,2215.3,2265.85,318393
ACCELYA,20211007,1295,1331,1290,1299.65,34335
ACCURACY,20211007,140.95,140.95,134.1,135.75,45888
ACE,20211007,266.25,271,263.35,266.5,830143
ACRYSIL,20211007,748.35,768,732.05,740.75,90036
ADANIENT,20211007,1502.85,1535.75,1490,1520.75,1919106
ADANIGREEN,20211007,1225,1237,1202.1,1205.65,179544
ADANIPORTS,20211007,730,738.8,726.55,736.15,3237419
ADANIPOWER,20211007,102.3,104.8,101.55,101.95,5122515
ADANITRANS,20211007,1797,1799,1729.25,1764.3,103320
ADFFOODS,20211007,900,920,880,905.4,12383
ADL,20211007,43.6,45,43,43.1,442
ADORWELD,20211007,726,727.95,709,715.15,6297
ADROITINFO,20211007,9.75,10,9.5,9.5,6509
ADSL,20211007,83.4,85.75,81.25,83,451911
ADVANIHOTR,20211007,80.8,83.95,80.75,82.15,39418
ADVENZYMES,20211007,404.05,408,400,402.3,332082
AEGISCHEM,20211007,229.95,231.8,228.7,230,302131
AFFLE,20211007,1114,1154.3,1111,1154.3,220500
AGARIND,20211007,414,414,372,384.1,161373
AGCNET,20211007,1020,1045,990.15,1008.6,1605
AGRITECH,20211007,74.95,74.95,72.1,73.4,9068
AGROPHOS,20211007,15.85,18.5,15.5,18.45,584862
AHLADA,20211007,177,177.75,167.25,172.95,44357
AHLEAST,20211007,185,192.9,185,187.45,6737
AHLUCONT,20211007,358.75,382,354.7,364.75,132601
AHLWEST,20211007,282.6,282.7,275.5,276.35,2619
AIAENG,20211007,1929,1929.2,1876.15,1883.1,34056
AIRAN,20211007,21.7,21.9,21.25,21.6,33185
AIRTEL-RE,20211007,202.55,212.1,197,208.4,15983806
AJANTPHARM,20211007,2266,2330,2249,2301.4,53376
AJMERA,20211007,351,362,351,355.15,27414
AJOONI,20211007,60.95,63,60.15,61.6,165539
AJRINFRA,20211007,1.6,1.6,1.5,1.55,790458
AKASH,20211007,230.9,249.7,221,222.7,83066
AKG,20211007,28,28,26.4,26.7,30826
AKSHARCHEM,20211007,557.75,597.25,550.05,562.75,195612
AKSHOPTFBR,20211007,9.35,9.65,9.2,9.35,332202
AKZOINDIA,20211007,2258,2267.95,2226.05,2237.25,6791
ALANKIT,20211007,19,19.4,18.5,18.8,2371127
ALBERTDAVD,20211007,605.7,614.1,598.5,604,7061
ALEMBICLTD,20211007,114.9,115.35,113.6,114.05,174719
ALICON,20211007,753.2,819,753.2,781.3,45924
ALKALI,20211007,99,99.8,94,96.25,151425
ALKEM,20211007,3939,3993.75,3890,3909.85,344171
ALKYLAMINE,20211007,4062,4180,3985.7,4109.45,143040
ALLCARGO,20211007,286.45,295.9,284.5,286.45,770450
ALLSEC,20211007,421.95,422.25,416.5,418.1,5832
ALMONDZ,20211007,115.3,115.3,108.45,110.75,54360
ALOKINDS,20211007,24.5,24.75,24.2,24.25,7486202
ALPA,20211007,57.05,62.75,56.8,57.65,460772
ALPHAGEO,20211007,460,474.4,460,463.15,90485
ALPSINDUS,20211007,3.5,3.5,3.5,3.5,153868
AMARAJABAT,20211007,752,765,751.8,758.7,932021
AMBER,20211007,3419,3478.5,3375,3399.85,58191
AMBICAAGAR,20211007,19.25,22.5,19.2,22.5,239465
AMBIKCO,20211007,1919.4,1980.3,1845.65,1873.3,87491
AMBUJACEM,20211007,398.95,404.7,397.3,402.9,5508787
AMDIND,20211007,29.8,32.75,29.05,31.65,161516
AMIORG,20211007,1314.95,1341.9,1300,1302.55,300078
AMJLAND,20211007,36,38.7,36,37.85,78528
AMRUTANJAN,20211007,846.4,853.15,830.1,834.55,65762
ANANTRAJ,20211007,76.8,78.1,75.55,78.05,1236939
ANDHRACEMT,20211007,15.05,15.45,14.3,14.55,1941102
ANDHRAPAP,20211007,241.95,245.2,236.75,238.65,38370
ANDHRSUGAR,20211007,677,683,662.25,665.6,77007
ANDREWYU,20211007,27.6,27.85,26.7,27.2,269948
ANGELBRKG,20211007,1359.1,1419,1347.15,1362.95,472653
ANIKINDS,20211007,18.45,19.95,18.35,19.95,143958
ANKITMETAL,20211007,2.4,2.4,2.4,2.4,34379
ANMOL,20211007,154.15,154.95,152.1,153.6,70803
ANSALAPI,20211007,9.15,10.8,8.95,10.8,1520532
ANSALHSG,20211007,6.65,7.05,6.4,6.45,2338236
ANTGRAPHIC,20211007,0.75,0.85,0.75,0.85,240175
ANUP,20211007,966.55,990.25,961.55,980.75,19321
ANURAS,20211007,780,787.7,774,777.25,61834
APARINDS,20211007,664.75,675.5,658.4,673.1,82602
APCL,20211007,421,421,407.05,408.75,37432
APCOTEXIND,20211007,437.8,452,427.4,445.7,400205
APEX,20211007,309.85,313.95,305,308.8,112421
APLAPOLLO,20211007,849.9,861,826.85,857.05,551501
APLLTD,20211007,780.1,785,775.35,777.9,214567
APOLLO,20211007,120.4,122.5,119.95,120.65,91341
APOLLOHOSP,20211007,4410,4468,4381,4428.3,276775
APOLLOPIPE,20211007,1836.7,1914,1830.05,1840.6,37697
APOLLOTYRE,20211007,224,233,223.65,228.15,6417957
APOLSINHOT,20211007,803.5,818.95,790.55,807.2,2238
APTECHT,20211007,305,313.4,304.9,306.25,199901
APTUS,20211007,326.25,328.95,322,323.4,477820
ARCHIDPLY,20211007,32.65,34.35,32.65,33.75,15242
ARCHIES,20211007,20,20.65,18.75,19.1,111417
ARENTERP,20211007,31,31,29.3,30.2,8084
ARIES,20211007,148,150.65,147.45,149.1,76781
ARIHANT,20211007,28,28,22.5,26.55,24288
ARIHANTCAP,20211007,140,149,136.9,146,214038
ARIHANTSUP,20211007,179,183.9,172.9,175.05,398427
ARMANFIN,20211007,942.3,993.15,923.55,984.75,76928
AROGRANITE,20211007,63.65,64.75,63.65,63.9,52558
ARROWGREEN,20211007,120,122.9,119.1,119.9,7342
ARSHIYA,20211007,28,29.3,26.9,27.65,143228
ARSSINFRA,20211007,28.7,29.3,28.15,29,21795
ARTEMISMED,20211007,37.6,38.2,37.05,37.35,74002
ARVEE,20211007,89.95,89.95,86,89.5,499
ARVIND,20211007,104.95,106.45,103.5,104.2,2032362
ARVINDFASN,20211007,330,347.5,325.8,339.95,1300007
ARVSMART,20211007,181.55,211.65,181.55,202,1275164
ASAHIINDIA,20211007,369,373.5,368.65,369.6,33570
ASAHISONG,20211007,366.5,375,366.5,368.05,14504
ASAL,20211007,68.35,71.6,68.35,71.6,26076
ASALCBR,20211007,493.9,505,492,495.05,199452
ASHAPURMIN,20211007,131.3,135.65,127,129.7,131743
ASHIANA,20211007,201.95,206.25,200,200.4,137818
ASHIMASYN,20211007,18.05,18.9,17.6,17.75,86298
ASHOKA,20211007,100.5,103.5,99.5,103.1,4723448
ASHOKLEY,20211007,132,138.5,131.2,135.85,42882284
ASIANHOTNR,20211007,88,89.9,87.55,88.65,24257
ASIANPAINT,20211007,3220,3318,3220,3290.85,1177283
ASIANTILES,20211007,169,175,153.8,164.75,703616
ASPINWALL,20211007,188.3,190,184.2,185.4,5555
ASTEC,20211007,1289,1304,1269.45,1277.7,9276
ASTERDM,20211007,210,213.5,208.85,211.65,435149
ASTRAL,20211007,2263,2265.3,2213,2237.85,516085
ASTRAMICRO,20211007,196.3,200.6,194.8,196.1,358067
ASTRAZEN,20211007,3099.8,3123.25,3081.05,3102.9,17249
ASTRON,20211007,60.05,61.4,59.8,60.05,72443
ATFL,20211007,1029.95,1033.75,1010.3,1022.7,8144
ATGL,20211007,1410,1430.8,1394,1425.2,186415
ATLANTA,20211007,13.2,13.95,13.2,13.65,14428
ATUL,20211007,10280.5,10500,10150.05,10445.55,131985
ATULAUTO,20211007,224.9,236.9,224.9,232.15,854129
AUBANK,20211007,1222.05,1222.05,1199,1205.9,818620
AURIONPRO,20211007,215.3,223,210,213.2,38086
AUROPHARMA,20211007,719.7,726.4,716.35,719.6,1514665
AUSOMENT,20211007,69,69,65.15,66.55,2031
AUTOAXLES,20211007,1235,1281,1235,1251.4,22830
AUTOIND,20211007,58.2,60.65,57.8,60.65,37880
AVADHSUGAR,20211007,455.15,461.9,449.5,452.8,67460
AVANTIFEED,20211007,575.7,584,569.6,580.15,252177
AVTNPL,20211007,85,86.8,84.25,84.95,272508
AWHCL,20211007,358.4,364.4,354.1,355.3,326831
AXISBANK,20211007,790,790.15,774.1,777.1,6622698
AXISBNKETF,20211007,380,381.75,377.54,378.79,762
AXISBPSETF,20211007,10.36,10.36,10.34,10.35,5979
AXISCADES,20211007,85.9,87.4,83.8,86.15,97023
AXISCETF,20211007,73.73,73.73,70.53,72.22,1872
AXISGOLD,20211007,40.65,40.65,40.38,40.5,66837
AXISHCETF,20211007,90.45,90.45,89,89.22,3943
AXISNIFTY,20211007,185.9,187.97,185.9,186.71,6646
AXISTECETF,20211007,358.99,359.7,354,358.75,4716
AYMSYNTEX,20211007,115,116.95,112.3,113.35,37392
BAFNAPH,20211007,130.85,132.5,128.75,131.45,7005
BAGFILMS,20211007,3.25,3.25,2.95,3.05,425756
BAJAJ-AUTO,20211007,3815,3868.65,3785,3828.55,343916
BAJAJCON,20211007,255.1,256.85,252.25,253.05,618911
BAJAJELEC,20211007,1264.4,1273.65,1243.95,1252.8,99030
BAJAJFINSV,20211007,17800,17880,17425,17470.25,224100
BAJAJHIND,20211007,16.5,16.5,15.65,15.9,2318280
BAJAJHLDNG,20211007,4812,4838,4720,4741,22876
BAJFINANCE,20211007,7845.9,7885,7738,7747.9,940550
BALAJITELE,20211007,65.6,66.7,64.85,65.25,149673
BALAMINES,20211007,4656,4656,4552.55,4568.4,88326
BALAXI,20211007,590,624,575.05,616.8,30192
BALKRISHNA,20211007,23.35,23.35,23.35,23.35,366
BALKRISIND,20211007,2537.9,2568,2517,2551.65,755920
BALMLAWRIE,20211007,130.5,131.85,130.25,130.75,243148
BALPHARMA,20211007,102,111.85,102,108.4,470238
BALRAMCHIN,20211007,381.95,382.5,373.15,375.35,628383
BANARBEADS,20211007,66,78.05,65.95,78.05,271758
BANARISUG,20211007,2257.1,2343.8,2244.65,2310.45,4336
BANCOINDIA,20211007,201.5,203,196.8,197.7,138425
BANDHANBNK,20211007,309,330.7,308.25,328.55,22013345
BANG,20211007,38.35,40.8,37.4,38.65,12664
BANKA,20211007,79,79,75.5,77.35,4521
BANKBARODA,20211007,83.4,84.85,83.1,84,25229829
BANKBEES,20211007,377.58,389,377.58,380.04,195059
BANKINDIA,20211007,57,57.2,56.25,56.4,3860147
BANSWRAS,20211007,195.5,204,180.05,200.85,139313
BARBEQUE,20211007,1097,1130,1074.35,1113.55,179765
BASF,20211007,3573.35,3573.35,3480.9,3499.55,25846
BASML,20211007,69.65,69.65,65.45,66.5,80942
BATAINDIA,20211007,1845,1952.9,1832.35,1944.4,1550818
BAYERCROP,20211007,5215,5254.8,5185.5,5195.85,10263
BBL,20211007,1328,1364.95,1322.35,1335.8,19341
BBTC,20211007,1172,1179.9,1146.9,1157.45,47090
BCG,20211007,74.25,74.25,74.25,74.25,284210
BCLIND,20211007,245,247.9,239.2,240.45,40106
BCP,20211007,3.9,4,3.85,3.9,318693
BDL,20211007,378.5,379.8,368.15,369.1,489732
BEARDSELL,20211007,14.3,14.9,14,14.65,42048
BECTORFOOD,20211007,410.5,416.85,408.5,410.15,118403
BEDMUTHA,20211007,37.9,39.4,36.5,37,15781
BEL,20211007,201,203.8,200.5,203.1,2529141
BEML,20211007,1507,1557.75,1480,1538.15,729523
BEPL,20211007,205,213.4,204.05,207.05,2060092
BERGEPAINT,20211007,826.7,839.3,821.5,829.55,503440
BESTAGRO,20211007,849.85,979.55,835,979.4,424237
BFINVEST,20211007,364.9,374,364.9,368.45,25892
BFUTILITIE,20211007,439,444.25,433.1,434.7,216324
BGRENERGY,20211007,67.95,70.35,67.9,68.55,330677
BHAGERIA,20211007,320.45,322.75,310.5,313.8,143843
BHAGYANGR,20211007,52.45,53.8,50.1,52.35,157369
BHAGYAPROP,20211007,34,34.5,31.4,32.8,106633
BHANDARI,20211007,3.2,3.25,3.1,3.15,272075
BHARATFORG,20211007,730,750.15,727.85,741.5,3925051
BHARATGEAR,20211007,170.9,177.5,163.6,166.05,163757
BHARATRAS,20211007,12459.1,12459.5,12327.05,12414.1,1019
BHARATWIRE,20211007,61.5,64.8,61.5,64.25,43482
BHARTIARTL,20211007,695.75,702.2,691.3,692.5,8121590
BHEL,20211007,63.9,64.85,63.1,63.25,30079052
BIGBLOC,20211007,135,145.95,134.95,138.55,81009
BIL,20211007,229,239.85,225,229.35,4779
BINDALAGRO,20211007,23.05,23.55,23.05,23.15,147639
BIOCON,20211007,359.5,361.85,357.2,359.75,1040559
BIOFILCHEM,20211007,63.1,64.5,63,63.05,46238
BIRLACABLE,20211007,91.9,92,90.6,91.15,19587
BIRLACORPN,20211007,1357,1374.95,1346.85,1367.5,82056
BIRLAMONEY,20211007,66.8,68,65.55,67.1,256231
BIRLATYRE,20211007,24.35,25,23.65,23.9,897413
BLBLIMITED,20211007,10.55,11,10.3,11,101037
BLISSGVS,20211007,110.8,115,110.1,112.9,782472
BLKASHYAP,20211007,30.5,32.4,30.5,31.9,1185457
BLS,20211007,265,269.15,254,255.45,174193
BLUEDART,20211007,6401.6,6594,6350,6569.85,31752
BLUESTARCO,20211007,870.75,891,867,887.9,68226
BODALCHEM,20211007,139.5,144.2,139.5,141.5,1491763
BOMDYEING,20211007,96,97.8,95.6,96.3,3868772
BOROLTD,20211007,223.5,225.35,218.4,220.5,96990
BORORENEW,20211007,329.95,336.8,324.6,330.7,398737
BOSCHLTD,20211007,17300,17674.55,17049.7,17513.4,212870
BPCL,20211007,451.5,452,448,449.2,3722557
BPL,20211007,152.65,152.65,152.65,152.65,48972
BRFL,20211007,7.55,7.65,7.15,7.2,612433
BRIGADE,20211007,449.7,476.7,446.1,469.05,2183068
BRITANNIA,20211007,3959.8,3963.65,3877.45,3900.6,187556
BRNL,20211007,30.7,31.4,30,30.45,56147
BROOKS,20211007,135.3,139.8,133,135.65,69336
BSE,20211007,1262.4,1264.55,1235,1252.45,273168
BSHSL,20211007,286,294,284.05,286.25,1170
BSL,20211007,70,73.2,66.05,73.2,130014
BSLGOLDETF,20211007,4287.95,4288,4262,4278.45,190
BSLNIFTY,20211007,194.16,200.8,194.16,196.91,299
BSLSENETFG,20211007,574,577,562.3,567.57,463
BSOFT,20211007,423,428.95,420.5,425.65,2936052
BURGERKING,20211007,160.5,162,159.35,160.3,674808
BURNPUR,20211007,3.35,3.35,3.1,3.1,330305
BUTTERFLY,20211007,1010,1050,999.15,1036.65,50011
BVCL,20211007,23.65,23.65,22.35,22.7,2459
BYKE,20211007,34,39.45,33.2,38.85,1787948
CADILAHC,20211007,555,557.75,548.9,549.75,1852570
CALSOFT,20211007,32.7,32.7,32.7,32.7,22013
CAMLINFINE,20211007,202,204,195.3,196.5,613139
CAMS,20211007,3145,3145,3092.15,3108.05,221699
CANBK,20211007,176.55,177.5,173.6,174.85,11754552
CANFINHOME,20211007,676.1,707,676.1,689.5,1881513
CANTABIL,20211007,610.5,617.95,600.2,604.75,14659
CAPACITE,20211007,189.25,196.35,187.7,188.85,601957
CAPLIPOINT,20211007,901.95,926.45,900,905.75,300330
CAPTRUST,20211007,93.55,95.9,93,93.25,9309
CARBORUNIV,20211007,875,882,865,868.3,60598
CAREERP,20211007,159.8,162.05,157.95,160.1,24415
CARERATING,20211007,681.15,691.15,679,680.65,69939
CARTRADE,20211007,1431,1441.9,1385,1391.25,196187
CASTROLIND,20211007,146,147.8,143,144.35,1226197
CCHHL,20211007,7.15,7.4,7,7,42938
CCL,20211007,408.65,411.95,404,408.7,360805
CDSL,20211007,1305,1310,1289.45,1291.5,152959
CEATLTD,20211007,1349,1374.95,1338,1347.9,177916
CEBBCO,20211007,34.95,36,34.75,35.6,51849
CELEBRITY,20211007,9.5,9.95,9.35,9.5,40227
CENTENKA,20211007,473.65,480,465.5,467.55,35189
CENTEXT,20211007,8.8,9.35,8.8,9.2,317174
CENTRALBK,20211007,22.5,22.7,22.15,22.25,3618918
CENTRUM,20211007,39.5,39.5,37.55,38.15,750651
CENTUM,20211007,522.4,528.95,495,515,25218
CENTURYPLY,20211007,485,505.4,478.6,483.35,461468
CENTURYTEX,20211007,932.55,957,928.1,932.65,432766
CERA,20211007,5235,5337.4,5218.15,5261.65,5058
CEREBRAINT,20211007,55.75,55.75,54.3,55.05,116208
CESC,20211007,92.35,93.1,88.7,89.25,5944727
CGCL,20211007,521.1,533,521.1,529.05,22340
CGPOWER,20211007,115,119.5,114.8,116.8,1571846
CHALET,20211007,234,242,234,240.05,1097608
CHAMBLFERT,20211007,351,388,351,375.85,6782462
CHEMBOND,20211007,275,287.3,263.15,266.1,572120
CHEMCON,20211007,456,459.9,447,450.05,253114
CHEMFAB,20211007,211.6,212.95,201.3,203.35,64181
CHEMPLASTS,20211007,730,749.8,716.75,743.7,1381841
CHENNPETRO,20211007,128.55,139.15,128.55,134.6,3179091
CHOLAFIN,20211007,565.9,586.55,563.05,583.85,2592321
CHOLAHLDNG,20211007,700,703.95,697.85,701.25,35494
CIGNITITEC,20211007,612,612,590,591.95,229065
CINELINE,20211007,120.9,124,120,121,105727
CINEVISTA,20211007,17.35,17.65,17,17.55,171547
CIPLA,20211007,920,922.25,898,916.05,7008049
CLEAN,20211007,2258,2268.5,2188.85,2203.55,440559
CLEDUCATE,20211007,73.1,74.95,71.3,72.65,46100
CLNINDIA,20211007,623.8,630,615.05,616.95,72754
CLSEL,20211007,121.6,123.8,121.25,121.45,32401
CMICABLES,20211007,47.6,47.8,44.85,45.55,90199
COALINDIA,20211007,194.75,194.95,189.25,190.7,16517664
COCHINSHIP,20211007,364,365.8,360.5,361.35,184615
COFFEEDAY,20211007,32.95,33.35,31.85,32,1371129
COFORGE,20211007,5347.95,5499,5333.05,5448.95,232968
COLPAL,20211007,1690.5,1694.95,1680.65,1688.35,166905
COMPINFO,20211007,26.5,27.45,26.1,26.2,305956
COMPUSOFT,20211007,18.35,18.35,18.35,18.35,55005
CONCOR,20211007,701,705.3,691.15,694.95,1638029
CONFIPET,20211007,89.95,92.35,89.2,90.2,1206327
CONSOFINVT,20211007,163.05,163.05,163.05,163.05,38199
CONTROLPR,20211007,326.5,332.6,324,328.45,15231
CORALFINAC,20211007,46.3,46.35,44.4,44.85,188965
CORDSCABLE,20211007,58,58.9,56.6,57.6,116013
COROMANDEL,20211007,870,874.9,841.5,857.8,1452929
COSMOFILMS,20211007,1475,1551.5,1463.45,1540.8,133429
COUNCODOS,20211007,3,3.05,2.9,3,238379
CPSEETF,20211007,31.79,31.92,31.17,31.22,1588942
CRAFTSMAN,20211007,2275.2,2290.55,2182.85,2204.4,29289
CREATIVE,20211007,230,234,225,233.6,48843
CREATIVEYE,20211007,4.05,4.05,4,4,3633
CREDITACC,20211007,664.65,675.5,652.4,673.4,87464
CREST,20211007,121,123.9,121,121.7,2634
CRISIL,20211007,2880.05,2925,2830,2911.2,22524
CROMPTON,20211007,480.5,482.95,472.45,478.9,629388
CSBBANK,20211007,314.25,317,312.5,313.3,91069
CTE,20211007,56.6,60.3,55.65,60.3,54685
CUB,20211007,160.75,162.4,159.3,160,1779037
CUBEXTUB,20211007,28.05,28.05,25.45,25.45,96319
CUMMINSIND,20211007,886.6,902.7,885.6,896.9,978399
CUPID,20211007,234.55,237,231.6,233.15,46036
CYBERMEDIA,20211007,9.7,10.25,9.7,9.9,18904
CYBERTECH,20211007,163.5,177,162.35,170.45,519942
CYIENT,20211007,1095,1108.6,1080,1091.15,415979
DAAWAT,20211007,70.55,71.7,70.15,70.4,916601
DABUR,20211007,617.55,619.4,614.4,615.15,1228502
DALBHARAT,20211007,2118,2124.65,2065.8,2093,247925
DALMIASUG,20211007,462,465.9,444.95,453.6,130032
DAMODARIND,20211007,49.95,49.95,48.05,48.45,6262
DANGEE,20211007,199.45,199.45,186.2,189.45,4494
DATAMATICS,20211007,332.4,337.8,319.5,322.8,329485
DBCORP,20211007,100,101.05,98.15,98.55,197067
DBL,20211007,636,689,636,671.05,2744825
DBREALTY,20211007,31.75,31.85,29.15,30.95,6117930
DBSTOCKBRO,20211007,17.9,18.2,17.1,17.3,3816
DCAL,20211007,252,259.7,244.7,247.65,3428163
DCBBANK,20211007,90.85,91,90.1,90.45,935675
DCM,20211007,56.25,56.25,51.75,52.75,23283
DCMFINSERV,20211007,2.3,2.4,2.3,2.4,5961
DCMNVL,20211007,255,255.5,246.7,250.15,47134
DCMSHRIRAM,20211007,1201,1210.25,1170,1182.15,75625
DCW,20211007,57.2,60.3,54.35,55.15,7475801
DECCANCE,20211007,769,796.75,761.1,763.75,90727
DEEPAKFERT,20211007,422.3,425.4,418.2,421.7,448017
DEEPAKNTR,20211007,2913.9,2943.25,2832.05,2868.4,2306692
DEEPENR,20211007,46.2,46.75,45.65,46.15,26386
DEEPINDS,20211007,162.4,167.65,160.4,161.6,220090
DELPHIFX,20211007,687.8,707,680,690,16621
DELTACORP,20211007,267.2,274.4,267,269.65,5019084
DELTAMAGNT,20211007,55.2,55.45,53.25,55.45,16269
DEN,20211007,50.4,50.7,49.75,49.95,790032
DENORA,20211007,331.9,348.3,325.5,336.15,36601
DEVYANI,20211007,114.65,114.7,113.05,113.65,2664475
DFMFOODS,20211007,349.05,351.45,345.15,347.15,36917
DGCONTENT,20211007,13.05,13.5,12.45,12.55,19565
DHAMPURSUG,20211007,313,314.55,306,309.95,631738
DHANBANK,20211007,16.15,17.3,16.05,16.9,3412057
DHANI,20211007,193.9,200.7,191.25,196.25,3676043
DHANUKA,20211007,817,822.35,811,813.4,37105
DHARSUGAR,20211007,20.5,21.2,20.45,20.65,42980
DHUNINV,20211007,647.9,666,640.7,649.35,7086
DIAMONDYD,20211007,670.2,680,670,672.2,8313
DICIND,20211007,475.95,476,467.05,471.25,1745
DIGISPICE,20211007,47.35,47.55,45.25,46.1,111867
DISHTV,20211007,19.95,20.55,19.55,19.85,10739260
DIVISLAB,20211007,5150,5162.05,5062.2,5097.85,314433
DIXON,20211007,4852,4962,4835,4865.8,288641
DLF,20211007,414.15,428.9,414.15,422.6,16871779
DLINKINDIA,20211007,149.9,152.7,146.55,148.55,251707
DMART,20211007,4254.95,4337,4251,4311.7,570321
DNAMEDIA,20211007,2.3,2.3,2.15,2.15,21050
DODLA,20211007,593.85,596.5,585.7,587.4,36616
DOLAT,20211007,91.9,93.1,90.55,91.9,162731
DOLLAR,20211007,389.9,420,388,416.65,738075
DONEAR,20211007,59.45,59.8,58.25,58.6,74925
DPABHUSHAN,20211007,221.35,229,215.05,223.3,43428
DPSCLTD,20211007,16.65,17.3,16.6,17.05,216942
DPWIRES,20211007,224.5,233.1,224.5,231.4,19648
DRCSYSTEMS,20211007,293,340.1,293,340.1,23294
DREDGECORP,20211007,365.55,372,361,363.75,95807
DRREDDY,20211007,4975.9,4989.9,4882.95,4891.1,343974
DSSL,20211007,149.95,158.7,146,150.95,178299
DTIL,20211007,274,278,266.4,269.8,19674
DUCON,20211007,10.2,10.3,9.9,10.1,64113
DVL,20211007,310.65,317.55,300.1,301.75,113639
DWARKESH,20211007,74.5,75.25,73.4,74.25,1283593
DYNAMATECH,20211007,3035,3130,2980.1,3006.6,19128
DYNPRO,20211007,695,739,693.25,710.15,133498
EASEMYTRIP,20211007,590.3,618.5,590.1,594.4,389256
EASTSILK,20211007,4.3,4.45,4.25,4.45,199907
EBANK,20211007,4090.14,4188,4090.13,4188,20
EBBETF0423,20211007,1147.58,1148.99,1147.03,1148.54,6554
EBBETF0425,20211007,1067.7,1068.99,1065.59,1068.05,5513
EBBETF0430,20211007,1179,1184.9,1179,1181.71,9179
EBBETF0431,20211007,1059.82,1062.49,1059.82,1061.39,10198
ECLERX,20211007,2230,2269.3,2175,2189.5,64859
EDELWEISS,20211007,79.7,80.9,79.2,79.55,1365775
EICHERMOT,20211007,2755,2858.9,2746.1,2820.95,897524
EIDPARRY,20211007,439,446,432,435.7,235397
EIHAHOTELS,20211007,412.4,428.8,412.05,416.15,47463
EIHOTEL,20211007,134.75,137.5,132.95,136.75,1195341
EIMCOELECO,20211007,397,410.65,390.15,406.15,39935
EKC,20211007,124,128.25,123,124.6,413063
ELECON,20211007,172.45,174.95,171.1,172.15,301361
ELECTCAST,20211007,37.5,37.9,36.95,37.1,366974
ELECTHERM,20211007,133.5,144.9,131.05,143.05,139837
ELGIEQUIP,20211007,205,205.65,200.95,201.75,81421
ELGIRUBCO,20211007,44,47.6,42.5,43,835957
EMAMILTD,20211007,548.7,555.35,541.85,545.55,1020307
EMAMIPAP,20211007,171.1,172.95,167.45,169.05,57663
EMAMIREAL,20211007,72,74.5,71.65,73,87865
EMKAY,20211007,113.25,115.8,113,114.3,53621
EMMBI,20211007,108.15,109.95,106.2,106.6,47640
ENDURANCE,20211007,1609,1649,1593,1605.45,81325
ENERGYDEV,20211007,10.9,11.2,10.7,11.1,90754
ENGINERSIN,20211007,77,78.1,76.55,77.65,1795588
ENIL,20211007,188,192.05,187.7,189.85,17179
EPL,20211007,241.9,241.9,237.5,240.15,147574
EQUITAS,20211007,124.8,124.8,121.05,122.1,416431
EQUITASBNK,20211007,64.95,65.5,63.95,64.7,452382
ERIS,20211007,747,768,743.1,762.9,61761
EROSMEDIA,20211007,21.35,21.55,20.5,21,403411
ESABINDIA,20211007,2260,2340,2225.1,2233.3,5570
ESCORTS,20211007,1465.9,1520,1459.45,1514.65,1079940
ESSARSHPNG,20211007,10.15,11.3,9.95,11.1,956367
ESTER,20211007,150.35,154.5,146,148.65,339756
EVEREADY,20211007,393.8,403.35,390.5,392.4,381204
EVERESTIND,20211007,437,446.35,433,445.3,91215
EXCEL,20211007,3.1,3.1,3,3.05,105117
EXCELINDUS,20211007,1091,1117.55,1091,1101.75,27070
EXIDEIND,20211007,180.75,185.8,180.3,184.2,7475317
EXPLEOSOL,20211007,1041,1048,1028,1038.4,3540
EXXARO,20211007,149.7,151.2,146.85,147.45,197375
FACT,20211007,127.1,128.9,126.75,127.25,133086
FAIRCHEMOR,20211007,2244,2274.8,2130.2,2177.9,30906
FCL,20211007,132.2,133.9,129.55,130,566107
FCONSUMER,20211007,7.55,7.65,7.4,7.45,7906531
FCSSOFT,20211007,1.3,1.35,1.3,1.35,4238286
FDC,20211007,357.4,358.45,354.1,355.45,78881
FEDERALBNK,20211007,85.7,86.45,84.8,85.45,11719207
FEL,20211007,9.2,9.35,9,9.15,942480
FELDVR,20211007,11.75,11.95,11.6,11.75,35810
FIEMIND,20211007,1149,1194,1130,1169,138139
FILATEX,20211007,105.95,114.45,105.95,112.3,5493858
FINCABLES,20211007,503,513,495.2,505.1,160011
FINEORG,20211007,3451.85,3476.85,3414.3,3457.55,25677
FINPIPE,20211007,231.1,235.9,228.5,234.45,1016184
FLEXITUFF,20211007,15.1,15.25,13.95,14.75,70430
FLFL,20211007,60.4,62.7,59.1,60.6,121856
FLUOROCHEM,20211007,2026,2079.95,2020.1,2038.6,68992
FMGOETZE,20211007,281.5,286.15,280.05,281.9,67529
FMNL,20211007,10.85,10.85,10.15,10.25,474170
FORCEMOT,20211007,1507,1555,1503.25,1520.85,157026
FORTIS,20211007,280,281.2,273,274.4,1155868
FOSECOIND,20211007,1503.6,1540,1481,1496.5,783
FRETAIL,20211007,51.4,52.75,51.35,52,1972279
FSC,20211007,74.05,85,73.45,75.45,93734
FSL,20211007,200,210.8,200,206.65,12578874
GABRIEL,20211007,153.45,155.9,153.45,154.2,513052
GAEL,20211007,170.7,170.7,167.4,169,278774
GAIL,20211007,168.05,168.5,158.9,159.65,19095386
GAL,20211007,2.3,2.35,2.2,2.3,600178
GALAXYSURF,20211007,3365,3445,3335,3394.75,35421
GALLANTT,20211007,77.9,77.9,75,75.35,44412
GALLISPAT,20211007,54.9,54.9,51.6,52.95,157076
GANDHITUBE,20211007,459,459,443.05,450,7032
GANECOS,20211007,499.65,546,494,540.85,101495
GANESHBE,20211007,97,100.5,95.05,95.55,254576
GANESHHOUC,20211007,185,191.4,177.4,191.4,412510
GANGAFORGE,20211007,15.8,16.75,15.5,16.35,1495569
GANGESSECU,20211007,93.6,93.6,90.05,91.7,6173
GARFIBRES,20211007,3436,3537,3436,3485.35,18497
GATI,20211007,152,157.6,152,153.5,1252654
GAYAHWS,20211007,0.6,0.65,0.6,0.6,9553
GAYAPROJ,20211007,48.25,51.9,47.8,51,2868460
GDL,20211007,258.85,258.85,254,255.25,116938
GEECEE,20211007,172,175.7,164.3,165.85,67948
GEEKAYWIRE,20211007,92.25,92.25,89.05,90.15,13594
GENCON,20211007,44.85,44.85,43.05,43.65,48136
GENESYS,20211007,264.8,264.8,264.8,264.8,82661
GENUSPAPER,20211007,11.8,11.85,11.25,11.4,196377
GENUSPOWER,20211007,78.4,78.4,76.5,76.9,524957
GEOJITFSL,20211007,79.95,80.8,79.25,79.7,234886
GEPIL,20211007,306,308.95,304,304.95,49087
GESHIP,20211007,371,378.75,367.1,369.15,505279
GET&D,20211007,126.25,127.5,126,126.65,70523
GFLLIMITED,20211007,81.55,86.45,81.55,82.65,449018
GFSTEELS,20211007,3.15,3.15,3.15,3.15,302
GHCL,20211007,465.05,478.4,451.05,454.15,311045
GICHSGFIN,20211007,151.55,156.4,151.2,153.85,712739
GICRE,20211007,143.7,148.8,143.7,145.65,1045546
GILLANDERS,20211007,61,61,59,59.75,26258
GILLETTE,20211007,5836.4,5890,5832,5850.7,3308
GINNIFILA,20211007,34.85,35.25,34.5,34.7,96291
GIPCL,20211007,93,97.25,93,95.25,2031579
GISOLUTION,20211007,3.35,3.35,3.35,3.35,1310
GKWLIMITED,20211007,741.05,758.9,715.2,721.9,10926
GLAND,20211007,3929,3973.85,3861.25,3882.6,121557
GLAXO,20211007,1515,1515,1480,1483.5,60486
GLENMARK,20211007,506,518.5,505.3,517.35,1043667
GLFL,20211007,2.95,3.15,2.95,3,1179
GLOBAL,20211007,44.1,46,44.1,45.9,7933
GLOBALVECT,20211007,56.6,59.5,56.1,57.55,63251
GLOBE,20211007,12.25,12.5,12,12.25,162525
GLOBUSSPR,20211007,1435,1435,1383,1389,40153
GLS,20211007,670.25,674.5,668,668.75,98753
GMBREW,20211007,721,806.55,721,766.6,655991
GMDCLTD,20211007,80.4,81.75,78.7,79.1,2029155
GMMPFAUDLR,20211007,4685,4780,4660.1,4687.1,40397
GMRINFRA,20211007,39.65,40.95,39.55,39.9,19782082
GNA,20211007,1069.9,1069.9,1031.8,1048.35,64430
GNFC,20211007,492.1,497.7,477.5,484.25,1710385
GOACARBON,20211007,401,431.7,401,412.4,113426
GOCLCORP,20211007,273.5,281.7,270.55,277.45,27579
GODFRYPHLP,20211007,1260,1294.95,1250.3,1278.8,51393
GODHA,20211007,49.65,49.65,49.65,49.65,1892
GODREJAGRO,20211007,630,634.85,624.4,629.65,94120
GODREJCP,20211007,1022.5,1033.6,1013.85,1029,528402
GODREJIND,20211007,570,578.05,566.7,576.05,215077
GODREJPROP,20211007,2308.45,2498,2308.45,2476.8,3823955
GOKEX,20211007,210.2,214.85,204.5,208.95,131818
GOKUL,20211007,28.5,28.6,28.1,28.15,45400
GOKULAGRO,20211007,43.6,44.5,42.7,43.1,143771
GOLDBEES,20211007,40.95,40.95,40.41,40.55,4512371
GOLDENTOBC,20211007,190.8,190.8,172.7,172.7,205593
GOLDIAM,20211007,951.5,999,946.1,964,206848
GOLDSHARE,20211007,40.95,41.35,40.65,41.25,176755
GOLDTECH,20211007,41.3,41.3,41.3,41.3,19003
GOODLUCK,20211007,309.45,315,300,302.2,71118
GOODYEAR,20211007,1059.9,1064.7,1045,1049,26639
GPIL,20211007,1277,1291.35,1265,1284.2,78624
GPPL,20211007,107,108,104.7,105.25,420305
GPTINFRA,20211007,86.5,91.9,86.2,88.6,46725
GRANULES,20211007,323,331.35,320.75,329.75,1977005
GRAPHITE,20211007,611.5,617,605.6,607.3,511028
GRASIM,20211007,1608.95,1627,1590,1592,3203275
GRAUWEIL,20211007,68.6,70.65,67.15,68.05,438154
GRAVITA,20211007,199.7,208.8,199.7,203.5,464839
GREAVESCOT,20211007,139.95,140.7,138,138.45,1030538
GREENLAM,20211007,1348,1350,1323.65,1341.05,12507
GREENPANEL,20211007,339,345,338.05,341.5,127841
GREENPLY,20211007,179.25,181.85,178.6,179.75,412088
GREENPOWER,20211007,3.55,3.75,3.55,3.75,5094531
GRINDWELL,20211007,1474,1500,1450,1480.35,192947
GRINFRA,20211007,1891.95,1928.45,1875.6,1884.7,53080
GROBTEA,20211007,1082,1335.05,1082,1335.05,17951
GRPLTD,20211007,937.9,1018.45,933.05,991.9,2984
GRSE,20211007,197.9,213.9,197.9,211.8,1868928
GSCLCEMENT,20211007,52.1,52.9,51.25,51.4,141893
GSFC,20211007,139.8,141.95,136.55,137.55,3211964
GSPL,20211007,323,328.8,320.6,324.6,1522537
GSS,20211007,80.25,85.45,80,85,564460
GTL,20211007,15.4,15.45,15,15.1,104743
GTLINFRA,20211007,1.65,1.75,1.65,1.7,14210982
GTNTEX,20211007,7.55,7.55,7.5,7.5,5731
GTPL,20211007,289,313.9,289,303.5,534851
GUFICBIO,20211007,201.9,202.5,198,198.65,141854
GUJALKALI,20211007,780.05,802.9,773,787.85,656376
GUJAPOLLO,20211007,214,216,213,213.75,4029
GUJGASLTD,20211007,626.3,640,624.7,635.35,2168577
GUJRAFFIA,20211007,38.75,38.75,37.6,38.4,2865
GULFOILLUB,20211007,591,593.55,585.95,589.95,56928
GULFPETRO,20211007,56.5,56.5,54.7,54.95,49951
GULPOLY,20211007,286.8,293.65,273,286.4,40864
HAL,20211007,1360.3,1389.85,1353,1357.15,720880
HAPPSTMNDS,20211007,1399,1399,1368,1383.85,153337
HARRMALAYA,20211007,190.65,193.45,189.05,190.7,129339
HATHWAY,20211007,25.75,26.3,25.55,25.95,3405128
HATSUN,20211007,1443,1479.65,1427.75,1468.25,144458
HAVELLS,20211007,1376.2,1408,1375.25,1394.2,728717
HAVISHA,20211007,1.25,1.3,1.25,1.3,75164
HBANKETF,20211007,380.15,380.15,375.8,376.63,1155
HBLPOWER,20211007,51.25,52.45,50.4,50.6,766986
HBSL,20211007,43.9,43.9,36.1,39.75,58444
HCC,20211007,9.7,10.35,9.65,9.9,18061579
HCG,20211007,243.5,247.45,243.25,245.35,59644
HCL-INSYS,20211007,13.85,14,13.55,13.75,813482
HCLTECH,20211007,1284.05,1317.85,1284.05,1306.3,2421641
HDFC,20211007,2770.7,2774.95,2722.6,2727,2247842
HDFCAMC,20211007,2905.2,2920.5,2905,2908.85,288775
HDFCBANK,20211007,1626.6,1627.7,1607,1610.5,5632862
HDFCLIFE,20211007,730,732.35,719.3,725.35,2453970
HDFCMFGETF,20211007,41.65,41.68,41.45,41.53,459151
HDFCNIFETF,20211007,190.4,190.65,189,190.06,10005
HDFCSENETF,20211007,643.99,643.99,638,643.25,856
HEG,20211007,2452.1,2598.7,2440,2505.55,211248
HEIDELBERG,20211007,253.55,254.95,252,252.3,157864
HEMIPROP,20211007,137.95,144.75,137.9,141.7,1417739
HERANBA,20211007,818,824,811,813.25,134694
HERCULES,20211007,150.5,155,149.7,150.1,78484
HERITGFOOD,20211007,465,471.15,460.1,462.95,38572
HEROMOTOCO,20211007,2820,2859.35,2810,2841.65,552458
HESTERBIO,20211007,2551,2589.6,2462.1,2501.6,10911
HEXATRADEX,20211007,172.1,185,172.1,176.35,4380
HFCL,20211007,81,81,78.65,79.25,2119318
HGINFRA,20211007,705.8,715,690,699.95,124227
HGS,20211007,2890,2910,2835,2887.65,9901
HIKAL,20211007,545,559.95,530,544.95,341904
HIL,20211007,4920,4983.3,4886.6,4931.9,15783
HILTON,20211007,13.7,13.7,13,13.15,12240
HIMATSEIDE,20211007,304,306.3,290.1,294.7,195582
HINDALCO,20211007,485,485.6,473,477.5,9774465
HINDCOMPOS,20211007,324.25,333.55,322,330.2,11711
HINDCON,20211007,70.5,72.8,66.35,67.7,34971
HINDCOPPER,20211007,127.45,130.5,126.3,127.05,8297399
HINDMOTORS,20211007,8.25,9.5,8.25,9.3,2914972
HINDNATGLS,20211007,36.3,36.3,35.6,35.85,5429
HINDOILEXP,20211007,207.35,209,200.6,204.7,622867
HINDPETRO,20211007,314,323.7,313.4,319.5,6573600
HINDUNILVR,20211007,2698,2704.25,2666,2669.4,1082816
HINDZINC,20211007,315.75,316.5,312.25,313.45,664318
HIRECT,20211007,189.15,193,185.5,188.4,13550
HISARMETAL,20211007,133.65,133.65,131,131.1,2222
HITECH,20211007,581.35,594.9,581.35,589.65,17252
HITECHCORP,20211007,229.75,234,225,230,6876
HITECHGEAR,20211007,266,276,260.4,269.95,16003
HLEGLAS,20211007,6984,6985,6636.2,6714.95,33822
HLVLTD,20211007,11.25,11.85,11.05,11.45,1321551
HMVL,20211007,77.45,78.55,76.6,77.2,61033
HNDFDS,20211007,2081,2120,2035,2048.4,5972
HNGSNGBEES,20211007,312.8,316.9,312.1,315.23,3965
HOMEFIRST,20211007,605,611,592,600.65,290394
HONAUT,20211007,46450,46800,46053.15,46468.45,1787
HONDAPOWER,20211007,1223.9,1255,1223.9,1228.25,6479
HOTELRUGBY,20211007,2.55,2.55,2.55,2.55,4525
HOVS,20211007,59.45,59.5,57.5,58.1,5594
HPL,20211007,72.9,73.35,68.7,69.8,253949
HSCL,20211007,52.9,53.5,52.5,52.75,3972811
HSIL,20211007,232.15,243.95,231.65,233.95,216405
HTMEDIA,20211007,26.8,27,26.05,26.4,282862
HUBTOWN,20211007,29.35,29.5,28.4,28.65,38202
HUDCO,20211007,45.2,45.4,44.9,44.95,1362019
HUHTAMAKI,20211007,269.3,269.3,265.05,266.05,46622
IBMFNIFTY,20211007,175.15,178.7,175.15,176.88,1111
IBREALEST,20211007,149.55,154.4,149.5,150.1,10390429
IBULHSGFIN,20211007,243.7,250,242.65,243.3,11208065
ICDSLTD,20211007,82.65,82.65,82.65,82.65,4742
ICEMAKE,20211007,74.65,74.65,72.05,73.25,21088
ICICI500,20211007,254.65,258.5,250.86,251.97,41376
ICICIALPLV,20211007,181,181,179.03,180.35,18721
ICICIB22,20211007,46.26,46.99,46,46.12,259366
ICICIBANK,20211007,697.55,704.95,693.45,702.2,10041549
ICICIBANKN,20211007,383.7,383.7,375.14,375.78,1314
ICICIBANKP,20211007,195,195.98,193,195,9051
ICICIFMCG,20211007,404,407,401.01,403.34,758
ICICIGI,20211007,1561.7,1566.9,1536,1548.55,576382
ICICIGOLD,20211007,41.65,41.8,41.47,41.66,278828
ICICILIQ,20211007,999.5,1000,999,999.73,82890
ICICILOVOL,20211007,147.91,147.91,142.95,144.9,64936
ICICIM150,20211007,118.67,118.77,116.5,118.23,8851
ICICIMCAP,20211007,106.7,107.11,105.35,106.89,14352
ICICINF100,20211007,196.99,197.88,194.75,195.99,7034
ICICINIFTY,20211007,199.8,199.8,189.4,190.67,92997
ICICINV20,20211007,97,101.7,96.01,97.2,56402
ICICINXT50,20211007,44,44.4,43.61,44.27,27774
ICICIPHARM,20211007,90.95,90.95,89.66,90.07,2328
ICICIPRULI,20211007,681,687,676.55,681.65,577123
ICICISENSX,20211007,648.99,650,645.3,648.09,1262
ICICITECH,20211007,362,363.95,356,361.59,70888
ICIL,20211007,300,308.25,292.55,298.7,895784
ICRA,20211007,3536,3573,3465,3479.7,2841
IDBI,20211007,45,46.25,44.7,44.95,19141711
IDBIGOLD,20211007,4312.9,4312.9,4290,4305,52
IDEA,20211007,11.65,11.8,11.25,11.35,267547079
IDFC,20211007,52.85,53.95,52.3,53.1,6694749
IDFCFIRSTB,20211007,47.5,48.4,47.3,47.8,22843316
IDFNIFTYET,20211007,185.18,187,183.25,186,397
IEX,20211007,633,650.5,626,640.3,5794510
IFBAGRO,20211007,601.5,620,601.5,609.6,25173
IFBIND,20211007,1175,1221,1175,1192.9,40077
IFCI,20211007,13.15,13.4,12.9,12.95,6165059
IFGLEXPOR,20211007,325,327.2,317.85,319.35,27185
IGARASHI,20211007,524.8,534.9,520.1,523.25,165893
IGL,20211007,520,522.55,517,519.2,1495591
IGPL,20211007,926,990,901.1,975.85,233900
IIFL,20211007,294,294,285,289.95,204955
IIFLSEC,20211007,98.45,102.15,98.45,99.4,313435
IIFLWAM,20211007,1576.25,1615,1573.4,1600.15,12603
IITL,20211007,78,82.1,75.5,76.65,15807
IMAGICAA,20211007,13.35,13.35,13.35,13.35,27896
IMFA,20211007,818.9,819,782,786.45,16444
IMPAL,20211007,764.6,764.95,753.8,757.15,2189
INCREDIBLE,20211007,27.4,28.2,26,26.9,13650
INDBANK,20211007,23.6,24.4,23.4,24.35,147079
INDHOTEL,20211007,187.2,198.7,187.2,196.15,15735451
INDIACEM,20211007,195.25,198.4,194.85,196.05,1825803
INDIAGLYCO,20211007,936.25,999,916.25,980.7,809032
INDIAMART,20211007,8283.95,8443,8263.25,8345.75,68709
INDIANB,20211007,140.1,141.5,138.15,139.7,1442994
INDIANCARD,20211007,182,182,174.65,178.4,1031
INDIANHUME,20211007,208.45,211,205.15,206.05,54335
INDIGO,20211007,1936.35,1988.6,1936.35,1947.7,518119
INDIGOPNTS,20211007,2529.8,2535.8,2510,2515.65,15812
INDLMETER,20211007,12.2,12.55,11.8,12.2,20428
INDNIPPON,20211007,367.45,384.9,365,382.35,172129
INDOCO,20211007,444.2,452,442,444.1,91586
INDORAMA,20211007,51.6,51.95,51.3,51.45,30582
INDOSTAR,20211007,281.15,288,281.15,285.25,71199
INDOTECH,20211007,160,164,158,163,25191
INDOTHAI,20211007,98,99.5,93.5,94.75,147721
INDOWIND,20211007,7.8,7.8,7.8,7.8,57942
INDRAMEDCO,20211007,81.25,81.9,79.55,80,128909
INDSWFTLAB,20211007,68.5,69,63.5,64.65,197513
INDSWFTLTD,20211007,11.95,11.95,11.95,11.95,10682
INDTERRAIN,20211007,46.3,51.9,46.25,48.65,1856431
INDUSINDBK,20211007,1143,1186.15,1140.05,1166.7,4002618
INDUSTOWER,20211007,318,326.4,300,306.25,8843692
INEOSSTYRO,20211007,1465.25,1495,1456,1464.8,20273
INFIBEAM,20211007,47,48.4,46.2,47.5,9765725
INFOBEAN,20211007,379,394.5,372.5,387.7,21081
INFOMEDIA,20211007,3.5,3.55,3.35,3.55,4537
INFRABEES,20211007,530,533.99,522,529.06,12809
INFY,20211007,1687,1704.2,1676.65,1691,5476108
INGERRAND,20211007,1197.9,1204.9,1155.55,1177.95,223305
INOXLEISUR,20211007,408,425,405.85,420.5,753069
INOXWIND,20211007,100,100.5,98.9,99.5,503137
INSECTICID,20211007,691.7,718,686.9,704.3,37937
INSPIRISYS,20211007,49.9,50.8,48.05,49.8,18950
INTELLECT,20211007,683.8,690.25,679,681.15,113378
INTENTECH,20211007,76.6,78.3,75,78.3,114933
INTLCONV,20211007,73.8,73.8,69.3,70.1,125975
INVENTURE,20211007,2.65,2.75,2.6,2.7,2076707
IOB,20211007,22.25,22.35,21.95,22,4353326
IOC,20211007,130.5,132.9,129.85,132.25,12699622
IOLCP,20211007,619.2,622.9,608,610.85,427271
IPCALAB,20211007,2276.85,2385,2260,2362.95,343312
IPL,20211007,311.9,314.5,309,309.75,169000
IRB,20211007,206.35,211,205.3,207.35,3114773
IRCON,20211007,47.7,47.8,46.8,46.9,1893320
IRCTC,20211007,4598,4768.95,4525.05,4690.9,8645520
IRFC,20211007,23.85,23.9,23.5,23.55,9134428
IRISDOREME,20211007,204.9,204.9,197.5,204.9,16857
ISEC,20211007,751.9,766,747.6,758.7,344032
ISFT,20211007,127.95,128.9,123.3,125.15,146335
ISGEC,20211007,737.8,745.1,725.4,732.85,39756
ISMTLTD,20211007,28.65,29.5,28.65,29,61466
ITC,20211007,233,234.95,232.3,232.95,10371535
ITDC,20211007,416.6,428,416.5,424.4,65121
ITDCEM,20211007,90,91.3,86.6,88.55,1529435
ITI,20211007,122,124.35,121.55,121.85,308493
IVC,20211007,5.9,5.9,5.8,5.85,176774
IVP,20211007,125,125,118,118.95,12658
IVZINGOLD,20211007,4202.9,4215.8,4185.05,4191,34
IVZINNIFTY,20211007,1921,1949,1921,1931,53
IWEL,20211007,619.95,619.95,591,595,2211
IZMO,20211007,99.5,99.9,96.45,97.5,74572
J&KBANK,20211007,37.55,37.7,36.8,37,1970182
JAGRAN,20211007,60.6,61.9,60.5,60.85,95561
JAGSNPHARM,20211007,153.5,155.9,150,152.2,68465
JAIBALAJI,20211007,55.8,60.6,54.05,55.7,383347
JAICORPLTD,20211007,132.5,139.75,132.35,136.7,4113736
JAIPURKURT,20211007,61,61,58.35,58.8,20434
JAMNAAUTO,20211007,90.25,95.85,90.25,95.15,2814592
JASH,20211007,495,510,495,495.7,51384
JAYAGROGN,20211007,265.1,276.25,265.1,266.85,73052
JAYBARMARU,20211007,203.5,208.95,201.25,205.9,66387
JAYNECOIND,20211007,25.4,26.2,23.85,25.6,1454693
JAYSREETEA,20211007,109,111.25,109,109.8,154278
JBCHEPHARM,20211007,1819.5,1835,1790,1799.05,109532
JBFIND,20211007,25,25.95,24.1,24.35,276837
JBMA,20211007,533.7,542,527,528.9,68006
JCHAC,20211007,2263.1,2299.1,2232.35,2247.35,19526
JHS,20211007,28.9,29.85,28.2,28.4,490008
JIKIND,20211007,0.6,0.6,0.55,0.55,13100
JINDALPHOT,20211007,160.7,160.7,149.8,160.7,16260
JINDALPOLY,20211007,1008.9,1039,1004.55,1022.35,141265
JINDALSAW,20211007,117.1,118.8,115.5,116.65,844511
JINDALSTEL,20211007,414.1,419.8,406.2,407.6,6127096
JINDRILL,20211007,157.85,165,156.45,158.3,245694
JINDWORLD,20211007,116,121.9,114.1,115.05,1561710
JISLDVREQS,20211007,24.95,25.55,23.85,25.5,291422
JISLJALEQS,20211007,40.5,43.8,39.25,41.95,23281308
JITFINFRA,20211007,251.8,251.8,245,251.8,205635
JKCEMENT,20211007,3370,3436.5,3357.1,3412,60764
JKIL,20211007,188.9,189.65,184,185,156029
JKLAKSHMI,20211007,649,655,646.95,650.6,231212
JKPAPER,20211007,243.4,246.75,241.6,244.65,1128705
JKTYRE,20211007,148.8,152.9,148.25,149.35,1080397
JMA,20211007,62.1,62.1,61.1,61.65,14523
JMCPROJECT,20211007,109.95,116,109.75,111.9,679832
JMFINANCIL,20211007,91.5,91.8,90,90.3,1379042
JMTAUTOLTD,20211007,2.7,2.8,2.7,2.75,656753
JOCIL,20211007,233.45,241.15,230.75,236.8,49675
JPASSOCIAT,20211007,9.05,9.15,8.9,9,4661527
JPINFRATEC,20211007,1.9,1.95,1.9,1.95,1143716
JPOLYINVST,20211007,98,98,98,98,6734
JPPOWER,20211007,4.4,4.65,4.25,4.35,132062031
JSL,20211007,171.5,174.9,163.85,167.8,2162906
JSLHISAR,20211007,298.7,301.9,291.5,296.85,450150
JSWENERGY,20211007,375.1,385,372.85,379.15,641771
JSWHL,20211007,4703.85,4755.9,4690,4712,509
JSWISPL,20211007,33.75,34.4,32.55,32.85,2564665
JSWSTEEL,20211007,666,670,659,666.55,3042177
JTEKTINDIA,20211007,110.75,113.55,108.65,109.2,407213
JUBLFOOD,20211007,3962,4018.2,3942.05,3974.7,503965
JUBLINDS,20211007,549.85,549.85,521.1,525,27778
JUBLINGREA,20211007,775,786,767.3,772.15,883761
JUBLPHARMA,20211007,632.95,643,626.7,637.5,177288
JUMPNET,20211007,8.3,8.45,8.2,8.35,683393
JUNIORBEES,20211007,458.95,458.95,447.05,454.31,69883
JUSTDIAL,20211007,1021,1051,994.1,999.05,1948005
JYOTHYLAB,20211007,167.8,168.5,166.5,166.75,183198
KABRAEXTRU,20211007,254.8,260,252.75,256.15,72947
KAJARIACER,20211007,1244.85,1274.9,1235.5,1250.95,341604
KAKATCEM,20211007,245,248.6,243.2,245.15,14660
KALPATPOWR,20211007,410,411,407,408.05,87375
KALYANIFRG,20211007,199,199,193,193.55,1158
KALYANKJIL,20211007,76,80.55,75.35,79.95,16086688
KAMATHOTEL,20211007,51.3,54,51,52.55,210683
KAMDHENU,20211007,253.3,255,249.25,250.55,65656
KANANIIND,20211007,9.7,9.7,8.8,9.25,6323
KANORICHEM,20211007,200.3,210.7,200.3,204.4,27352
KANPRPLA,20211007,178,178,166.1,171.1,16346
KANSAINER,20211007,653,660,633.1,640.25,872994
KAPSTON,20211007,87.8,87.8,84.5,87.4,194
KARDA,20211007,17.9,18.3,17.1,17.85,1035478
KARMAENG,20211007,20,21,19.85,20.95,7701
KARURVYSYA,20211007,46.6,47.55,46.05,46.5,6342087
KAUSHALYA,20211007,3.15,3.15,3.15,3.15,37042
KAVVERITEL,20211007,9.55,9.55,9.55,9.55,37149
KAYA,20211007,498,504,487.15,492.45,55462
KCP,20211007,136,145.9,135.55,142,573731
KCPSUGIND,20211007,23.35,23.75,22.8,23.1,194674
KDDL,20211007,437.95,445.8,429.6,440.9,2035
KEC,20211007,449.9,458,449.8,453.7,131690
KECL,20211007,20.9,23.75,18,23.75,2542325
KEERTI,20211007,20.1,20.6,20.1,20.35,4844
KEI,20211007,1008.5,1031.65,985,991.65,227254
KELLTONTEC,20211007,51.3,51.9,50.4,51.05,478625
KENNAMET,20211007,1355,1360,1321.9,1327.95,4140
KERNEX,20211007,75.05,80.95,75.05,79.3,14308
KESORAMIND,20211007,68,69.75,67.6,68.6,621980
KEYFINSERV,20211007,81.1,83,78,81.85,8562
KHADIM,20211007,225.6,246.4,223.3,231.85,453407
KHAICHEM,20211007,73.5,75.8,68.1,70.1,718406
KHAITANLTD,20211007,40.8,41,39.05,40.05,9555
KHANDSE,20211007,16.3,16.95,16.05,16.4,8841
KICL,20211007,2050.6,2178.4,2044.6,2088,1841
KILITCH,20211007,175,183.4,173.5,179.6,21846
KIMS,20211007,1209,1214,1193.15,1202.25,113805
KINGFA,20211007,995,1013.95,993,994.9,5201
KIOCL,20211007,259,274,257,263.65,168421
KIRIINDUS,20211007,535.85,547.85,530.2,536.8,211608
KIRLFER,20211007,263,273.2,258.2,264.25,188810
KIRLOSBROS,20211007,396.4,415.4,392,412.15,74696
KIRLOSENG,20211007,199.35,201.7,198.5,199.35,58239
KIRLOSIND,20211007,1642,1670,1604.95,1612.75,3458
KITEX,20211007,171.9,174,169.7,171.25,120102
KKCL,20211007,1000.25,1114,1000.25,1074.85,516558
KMSUGAR,20211007,27.85,27.85,26.8,27.4,270654
KNRCON,20211007,288.15,290.85,283.75,285.55,500200
KOKUYOCMLN,20211007,66.8,68.4,66.6,66.75,305145
KOLTEPATIL,20211007,315,337.7,315,332.65,2221987
KOPRAN,20211007,199.3,201,192,194.4,114139
KOTAKBANK,20211007,1968,1982.25,1949.25,1952.45,2222130
KOTAKBKETF,20211007,375,384.95,375,381.17,21630
KOTAKGOLD,20211007,40.58,40.97,40.58,40.9,504061
KOTAKIT,20211007,35.4,36.2,35.06,36.06,70708
KOTAKNIFTY,20211007,188.4,188.4,185.83,186.97,45487
KOTAKNV20,20211007,98.31,99.88,98.2,98.92,8055
KOTAKPSUBK,20211007,249.99,249.99,243.9,247.52,20271
KOTARISUG,20211007,33.4,34.35,33.4,33.55,158728
KOTHARIPET,20211007,55,55.9,53,53.2,146460
KOTHARIPRO,20211007,100.65,100.65,98.75,99.2,4400
KOVAI,20211007,1684.8,1690,1670,1676.5,1052
KPIGLOBAL,20211007,133.95,133.95,127.6,128.8,25092
KPITTECH,20211007,339.15,345,337,339.15,655406
KPRMILL,20211007,452,456.45,440,452.8,412429
KRBL,20211007,319,324.9,304.4,311.55,914999
KREBSBIO,20211007,183.4,187.9,179.35,184.05,32010
KRIDHANINF,20211007,5.65,5.75,5.65,5.75,117517
KRISHANA,20211007,186.1,191.25,182.9,187.6,14700
KRSNAA,20211007,756.9,795,755.05,786.9,270292
KSB,20211007,1286,1307.45,1270,1288.15,13879
KSCL,20211007,574,574.75,567,568,196173
KSL,20211007,393.7,397.9,390.05,391.05,25988
KTKBANK,20211007,68.55,68.75,67.6,67.7,1385589
KUANTUM,20211007,85.7,88.05,83.15,84.35,59483
L&TFH,20211007,89.65,90.95,89.65,90.2,4772854
LAGNAM,20211007,54.65,59.1,54.65,57.9,192066
LALPATHLAB,20211007,3760,3783.2,3674.05,3686.45,201976
LAMBODHARA,20211007,82.5,85.8,82.5,85.15,17494
LAOPALA,20211007,314.8,318.7,312,313.25,119575
LASA,20211007,76.5,77.85,75.55,76.25,118632
LAURUSLABS,20211007,644,655,639,650.65,4804002
LAXMIMACH,20211007,8350,8453.05,8271,8294.15,2669
LCCINFOTEC,20211007,1.9,1.95,1.9,1.95,59337
LEMONTREE,20211007,47.25,52,46.8,51.25,32233358
LFIC,20211007,78.1,79.85,78.1,79.05,495
LGBBROSLTD,20211007,456.05,478.9,439.65,474.9,372189
LGBFORGE,20211007,6.85,6.85,6.55,6.55,344142
LIBAS,20211007,46.7,50,45.25,49.6,403783
LIBERTSHOE,20211007,175.3,180.3,174.55,176.8,476606
LICHSGFIN,20211007,440.8,448.8,439.8,443.65,2043783
LICNETFGSC,20211007,23.34,23.34,22.71,23.3,7456
LICNETFN50,20211007,191,191,186,189.56,1393
LICNETFSEN,20211007,636,643.8,632,642.15,121
LICNFNHGP,20211007,179.5,180.9,176,180.01,3170
LIKHITHA,20211007,390.7,395,377.15,379.6,59703
LINCOLN,20211007,376.9,403,376.8,399.55,581946
LINCPEN,20211007,245.5,245.5,236,241.6,9696
LINDEINDIA,20211007,2611.85,2643.8,2590.3,2606.7,80255
LIQUIDBEES,20211007,1002.3,1002.3,998.3,999.99,1373313
LIQUIDETF,20211007,1000,1000.01,999.99,999.99,57636
LODHA,20211007,1095,1145,1072.65,1123.05,1456651
LOKESHMACH,20211007,54.5,56,53.2,53.75,31488
LOTUSEYE,20211007,48.25,48.25,47.1,47.1,3624
LOVABLE,20211007,118.9,127,118.25,122.5,325599
LPDC,20211007,5.2,5.2,4.75,5.05,72918
LSIL,20211007,3.95,3.95,3.95,3.95,1634706
LT,20211007,1710,1729.3,1700,1712.45,1378863
LTI,20211007,5730,5848,5710,5777.6,299275
LTTS,20211007,4629,4741,4624.05,4688.95,304174
LUMAXIND,20211007,1447.25,1481,1441,1454.1,5947
LUMAXTECH,20211007,141,145,138,143.8,189186
LUPIN,20211007,960,961.95,951,956.05,693444
LUXIND,20211007,3654.75,3750,3652.2,3693.2,62737
LXCHEM,20211007,554,573,542,553.5,2243021
LYKALABS,20211007,81.25,82.5,79.3,80.1,97312
LYPSAGEMS,20211007,4.3,4.7,4.3,4.55,35324
M&M,20211007,839.7,887.8,837.15,878.25,9515673
M&MFIN,20211007,183,185.45,182.05,182.5,2918786
MAANALU,20211007,151.85,151.85,140.4,141.65,37308
MACPOWER,20211007,210,210,199,203.4,8943
MADHAV,20211007,58.25,66,56.2,62.85,368520
MADHUCON,20211007,4.95,5.3,4.6,5.3,261700
MADRASFERT,20211007,30.8,31.65,30.75,30.9,245124
MAESGETF,20211007,30.36,30.46,30.28,30.3,35842
MAFANG,20211007,52.5,53,52.1,52.88,195356
MAFSETF,20211007,18.37,18.47,18.28,18.34,36275
MAGADSUGAR,20211007,335,335,318,320.35,22206
MAGNUM,20211007,7.75,7.75,7.45,7.5,27568
MAHABANK,20211007,20.3,20.6,20.2,20.25,3489172
MAHAPEXLTD,20211007,88.95,91.95,88,88,4849
MAHASTEEL,20211007,92.65,93.6,91.65,92.65,23100
MAHEPC,20211007,137.4,143.45,136.05,141.15,165164
MAHESHWARI,20211007,104.65,106.2,99.8,104.6,540722
MAHINDCIE,20211007,245.9,250.5,242.05,245.55,334695
MAHLIFE,20211007,275,283.3,275,278.55,340056
MAHLOG,20211007,752.8,790,752.35,758.95,131900
MAHSCOOTER,20211007,4701.8,4775,4690,4705.3,3138
MAHSEAMLES,20211007,358.15,368.7,356.6,365.5,334562
MAITHANALL,20211007,1161,1175.85,1103,1120.8,109098
MAJESCO,20211007,87,92,85.5,86.9,189598
MALUPAPER,20211007,38.85,38.95,36.9,37.95,88793
MAN50ETF,20211007,185.45,185.45,182.98,183.16,995
MANAKALUCO,20211007,20.4,21.55,19.95,20.3,84178
MANAKCOAT,20211007,15.3,17.4,15.3,16.95,664060
MANAKSIA,20211007,68.45,70.8,67.7,68.95,193958
MANAKSTEEL,20211007,32.2,32.2,31.5,31.55,59140
MANALIPETC,20211007,130.7,133,123.5,124.2,1275368
MANAPPURAM,20211007,185,194.8,185,194.05,9959507
MANGALAM,20211007,145.5,147.8,144.5,144.75,44466
MANGCHEFER,20211007,75.4,76.5,74.65,75.05,357620
MANGLMCEM,20211007,450.75,454.9,447.2,448.1,27673
MANGTIMBER,20211007,18.15,19.2,18,18.45,6187
MANINDS,20211007,117.45,117.45,113.35,113.8,127664
MANINFRA,20211007,105.2,107.55,102.2,104.45,802581
MANUGRAPH,20211007,12.5,12.95,12.25,12.45,8149
MANXT50,20211007,431.46,434.2,431.31,433.77,300
MARALOVER,20211007,81.8,82.75,79.1,82.55,58598
MARATHON,20211007,101.65,101.75,98.2,98.75,60758
MARICO,20211007,571.95,571.95,560.2,561.25,1449440
MARINE,20211007,37.4,37.4,36.35,36.45,940667
MARKSANS,20211007,73.5,73.85,71.3,71.8,1182835
MARUTI,20211007,7234.95,7555,7225.25,7492.5,1646727
MASFIN,20211007,807,813,796.15,801.4,30950
MASKINVEST,20211007,40.85,40.85,38.85,38.85,951
MASPTOP50,20211007,27.55,28.25,27.55,28,26398
MASTEK,20211007,3050,3120,3030,3112.1,83736
MATRIMONY,20211007,1007,1020,992,994.25,15968
MAWANASUG,20211007,89.7,89.7,83.6,86.45,58699
MAXHEALTH,20211007,346,354,345.4,350.55,923705
MAXIND,20211007,76.5,78,75.4,75.85,383751
MAXVIL,20211007,130.1,134.05,129,132,242972
MAYURUNIQ,20211007,470.35,475,470,472.5,55095
MAZDA,20211007,667.85,727.35,656.8,703.6,30911
MAZDOCK,20211007,255.6,262,255.6,257.75,509973
MBAPL,20211007,192.95,201.1,187.25,189.5,24160
MBECL,20211007,7.05,7.05,6.85,7,111819
MBLINFRA,20211007,20.7,23.75,19.8,23.15,554795
MCDHOLDING,20211007,72.35,74.1,67.5,71.9,42773
MCDOWELL-N,20211007,878.9,915.95,878,902.7,3629362
MCL,20211007,39.2,39.4,38.35,38.95,38570
MCLEODRUSS,20211007,29.3,30.2,27.9,28.4,574790
MCX,20211007,1742,1888,1720,1819.9,2255836
MEGASOFT,20211007,20.2,20.7,19.1,20,247688
MENONBE,20211007,77.2,80,76,77.35,310457
MEP,20211007,21.95,24.25,21.95,23.3,1837561
MERCATOR,20211007,1.75,1.8,1.7,1.7,674670
METROPOLIS,20211007,2800,2850,2761,2776.15,127146
MFL,20211007,923,986.2,902,986.2,293607
MFSL,20211007,1025.95,1038,1024.05,1026.65,273771
MGEL,20211007,51.9,51.9,50.4,51.05,117995
MGL,20211007,1081.2,1087.5,1074,1076.65,228548
MHRIL,20211007,237,241.65,235.05,238.05,410485
MIDHANI,20211007,189.7,199.7,189.05,198.05,2705300
MINDACORP,20211007,130.8,134.9,130.8,132.95,389928
MINDAIND,20211007,740,782,732,774.8,691642
MINDTECK,20211007,104,112.25,100.05,112.25,124821
MINDTREE,20211007,4214.2,4324,4200.05,4259.2,982009
MIRCELECTR,20211007,23.6,23.6,21.6,23.55,2864493
MIRZAINT,20211007,61.35,64.2,61.25,62.2,1532277
MITTAL,20211007,10.1,10.2,10,10.05,24622
MMFL,20211007,793,807,781.9,798.1,6979
MMP,20211007,160.4,160.55,150.85,152.5,38419
MMTC,20211007,45.6,45.85,44.95,45.15,1672605
MODIRUBBER,20211007,89.05,90.5,86.55,88.8,4038
MODISNME,20211007,72.9,74.9,71.8,73.7,58722
MOGSEC,20211007,48.83,48.92,48.83,48.89,2546
MOHITIND,20211007,13,13,12.2,12.7,8007
MOHOTAIND,20211007,9.75,9.8,9.2,9.35,44482
MOIL,20211007,169.9,172,161.2,164.55,952181
MOKSH,20211007,42.4,42.4,41.2,41.8,420128
MOL,20211007,128.45,129.85,125.15,126.1,680555
MOLDTECH,20211007,78,79.9,78,78.6,26670
MOLDTKPAC,20211007,675.5,690,670,673.15,74714
MOM100,20211007,32.92,32.99,32.6,32.72,108048
MOM50,20211007,177.88,177.95,173.95,176.02,4729
MON100,20211007,108.5,109.9,108.01,109.35,462315
MONTECARLO,20211007,387,395,372,375.1,105756
MORARJEE,20211007,18.9,18.9,18.9,18.9,9040
MOREPENLAB,20211007,57.25,57.85,56.55,56.7,962395
MOTHERSUMI,20211007,225.8,239.5,225,236,30201047
MOTILALOFS,20211007,875,884.6,868.1,871.25,326736
MOTOGENFIN,20211007,25.3,26,24.8,25.35,5362
MPHASIS,20211007,3141.65,3259,3125,3186.2,740158
MPSLTD,20211007,667.75,676,657,666.55,13405
MRF,20211007,79149.95,81446.4,78860.1,81272.55,22060
MRO-TEK,20211007,74.6,74.6,74.6,74.6,4718
MRPL,20211007,51.6,52.4,51,51.15,3214891
MSPL,20211007,9.95,9.95,9.7,9.75,191619
MSTCLTD,20211007,337.9,352,337.5,342.8,1412860
MTARTECH,20211007,1499.8,1499.8,1469,1479.55,80042
MTEDUCARE,20211007,8.6,9.2,8.4,9,553311
MTNL,20211007,18.75,19.7,18.75,19.25,2576003
MUKANDLTD,20211007,148,154.75,148,149.5,22215
MUKTAARTS,20211007,39.85,41,39.85,40.65,6888
MUNJALAU,20211007,58.75,60.35,58.75,59.6,225904
MUNJALSHOW,20211007,138,140.5,135,139.2,124601
MURUDCERA,20211007,26,26.75,25.55,26.25,150899
MUTHOOTCAP,20211007,402,421.45,401.7,409.6,64170
MUTHOOTFIN,20211007,1520,1589.85,1504.05,1544.5,1649561
NACLIND,20211007,81.9,86.95,79,82.95,765724
NAGAFERT,20211007,11.1,11.25,10.9,11,406083
NAGREEKCAP,20211007,7.9,8,7.85,8,2302
NAGREEKEXP,20211007,32.6,33,31.3,31.8,18951
NAHARCAP,20211007,295,301.05,288.8,290.1,14514
NAHARINDUS,20211007,119.95,120.9,117.2,117.8,26029
NAHARPOLY,20211007,250.5,254,248,248.9,19274
NAHARSPING,20211007,441,450,432,436.1,16896
NAM-INDIA,20211007,445.2,449.75,443.15,445.25,516379
NATCOPHARM,20211007,895.5,906,871,902.25,372624
NATHBIOGEN,20211007,325.05,327.5,323.25,324.75,22672
NATIONALUM,20211007,97.7,101,96.15,96.55,19035681
NATNLSTEEL,20211007,4,4,3.9,3.95,25702
NAUKRI,20211007,6619,6620.45,6532.1,6600.85,221706
NAVINFLUOR,20211007,4052.55,4078,3952.75,3971.5,323107
NAVKARCORP,20211007,43.35,44.4,42.7,43.4,498507
NAVNETEDUL,20211007,111.95,116.9,111.95,115.2,474646
NAZARA,20211007,2657.2,2748,2657,2703.95,644042
NBCC,20211007,47.3,47.5,46.9,47.15,3791873
NBIFIN,20211007,2667.3,2699.85,2605,2615,214
NBVENTURES,20211007,124.25,127.5,121.5,123.75,607795
NCC,20211007,83.7,85.5,82.7,83.65,3930337
NCLIND,20211007,245,251,240.5,242.3,758786
NCPSESDL24,20211007,106.55,106.6,106.55,106.6,95
NDGL,20211007,1381.5,1450,1381.5,1415,461
NDL,20211007,77.1,78.35,73.2,76,64968
NDRAUTO,20211007,408,411,399,400.45,1285
NDTV,20211007,85.95,86.55,84.65,85.2,43597
NECCLTD,20211007,19.85,19.85,18.8,18.9,121618
NECLIFE,20211007,33.1,33.65,31.55,31.7,1196716
NELCAST,20211007,88.6,90.4,87.5,88,144260
NELCO,20211007,914,915,831.45,831.45,676006
NEOGEN,20211007,1221.25,1250,1212,1228.65,52890
NESCO,20211007,660,684,654.05,660.3,558306
NESTLEIND,20211007,19200.8,19304.2,18955.35,19045.65,47695
NETF,20211007,220.59,220.59,215,215.46,2722
NETFCONSUM,20211007,78.2,79,77.7,78.78,10813
NETFDIVOPP,20211007,47,47,45.8,46.08,1166
NETFGILT5Y,20211007,48.87,48.89,48.86,48.88,144
NETFIT,20211007,35.8,36.48,35.72,36.28,1091596
NETFLTGILT,20211007,22.75,22.75,22.67,22.69,11264
NETFMID150,20211007,119,119,117,118.7,83374
NETFNIF100,20211007,182.3,188.99,182.3,186.72,1237
NETFNV20,20211007,100.99,101.45,100,100.49,4376
NETFPHARMA,20211007,14.7,14.7,14.45,14.55,260253
NETFSDL26,20211007,105.99,106.25,105.94,106.05,999020
NETWORK18,20211007,60.7,63,60.7,62.35,2364245
NEULANDLAB,20211007,1505,1538.8,1505,1516.85,14564
NEWGEN,20211007,575,582.5,566.5,569.85,67119
NEXTMEDIA,20211007,5.7,5.7,5.1,5.45,32348
NFL,20211007,59.75,60.6,59.5,59.7,952630
NGIL,20211007,107.95,110.8,101.5,110.8,34468
NH,20211007,512.1,516,502.1,504.7,69899
NHPC,20211007,30.65,30.85,30.4,30.55,5925842
NIACL,20211007,164,177.9,164,170.85,1857934
NIBL,20211007,19.55,19.75,19.15,19.2,11309
NIFTYBEES,20211007,187.05,193.07,187.05,191.82,791922
NIITLTD,20211007,354.95,363,354.05,357.55,643217
NILAINFRA,20211007,5.7,6.45,5.55,5.9,2130914
NILASPACES,20211007,1.8,1.85,1.75,1.8,446418
NILKAMAL,20211007,2725.5,2765,2671.4,2706.05,11870
NIPPOBATRY,20211007,980,980,968,971.65,4078
NIRAJ,20211007,38.8,42.6,37.5,38.55,358433
NITCO,20211007,23.4,25.2,23.05,24.85,228703
NITINSPIN,20211007,226,230,223.1,224.05,123708
NITIRAJ,20211007,44.8,44.8,44.1,44.1,570
NKIND,20211007,40.85,42.85,38.85,42.45,4557
NLCINDIA,20211007,64.4,68.75,64.3,68.4,16278593
NMDC,20211007,144.85,146.15,143.45,144.35,7219473
NOCIL,20211007,306.5,319.95,305.65,310.2,4286530
NOIDATOLL,20211007,7.9,7.9,7.9,7.9,279300
NORBTEAEXP,20211007,6.9,6.9,6.65,6.8,395
NOVARTIND,20211007,825,844,811,821.4,18820
NPBET,20211007,196.98,196.98,188.23,193.28,875
NRAIL,20211007,339.6,351,335,338.3,54936
NRBBEARING,20211007,139.7,142.45,138,138.65,232185
NSIL,20211007,1785,1806,1777,1801.8,421
NTL,20211007,2.4,2.4,2.4,2.4,10833
NTPC,20211007,144.2,145.65,142.25,142.8,10035682
NUCLEUS,20211007,585.85,587.45,577.75,581.35,76314
NURECA,20211007,1700,1985,1680,1985,246555
NUVOCO,20211007,560,561,542.35,549.4,1571412
NXTDIGITAL,20211007,414.5,424,414.5,420,2845
OAL,20211007,949.9,969.9,926.6,932.15,14605
OBEROIRLTY,20211007,867.05,952,867.05,937.45,5192469
OCCL,20211007,1056,1085.8,1055,1063.8,20035
OFSS,20211007,4670.1,4772.25,4629.45,4742.7,188073
OIL,20211007,250.9,251.85,241.4,242.45,1309185
OILCOUNTUB,20211007,10.7,10.7,10.7,10.7,25743
OLECTRA,20211007,489.7,501,482.15,494.65,161126
OMAXAUTO,20211007,46.9,46.9,45.65,46.35,10017
OMAXE,20211007,77.2,80.8,77.2,78.85,115688
OMINFRAL,20211007,30.9,31.45,30.15,30.6,100219
OMKARCHEM,20211007,16.5,17.75,16.2,17.75,100790
ONELIFECAP,20211007,17,18.35,16.65,18.35,22710
ONEPOINT,20211007,33.2,33.2,31.5,32.4,7787
ONGC,20211007,170.15,170.15,159.5,160.4,59769140
ONMOBILE,20211007,115.55,119,114.4,115.1,497143
ONWARDTEC,20211007,228.65,230,218,219.25,39555
OPTIEMUS,20211007,360,360,336,345.3,66830
ORBTEXP,20211007,85.9,89,84.15,85.65,167085
ORCHPHARMA,20211007,438.5,438.5,424,431.3,3787
ORICONENT,20211007,31,31.45,30.15,30.3,124932
ORIENTABRA,20211007,33,33,31.55,31.85,140881
ORIENTALTL,20211007,8.35,8.5,8.3,8.45,50061
ORIENTBELL,20211007,359.5,359.5,348.15,350.95,7723
ORIENTCEM,20211007,154.55,157.8,154,154.95,611704
ORIENTELEC,20211007,327.35,328.5,323.5,325.8,648454
ORIENTHOT,20211007,38.45,39.8,38,38.3,327644
ORIENTLTD,20211007,78.2,78.2,76.3,76.55,7564
ORIENTPPR,20211007,31.1,31.3,30.6,30.65,1124336
ORISSAMINE,20211007,2850,2944.7,2840,2846.55,27373
ORTINLAB,20211007,29.5,33.4,28.2,30.75,833109
OSWALAGRO,20211007,17.8,17.95,17.45,17.55,49199
PAGEIND,20211007,34032,37278.45,34011.1,37153.85,103807
PAISALO,20211007,990,1048,990,1011.8,272818
PALASHSECU,20211007,89.85,93.9,89.5,92,14315
PALREDTEC,20211007,116.5,116.5,111.4,112.15,42977
PANACEABIO,20211007,277.05,279.2,272,274.75,110509
PANACHE,20211007,57.75,57.75,55,56,7757
PANAMAPET,20211007,294,298,286.2,288.45,262681
PAR,20211007,268.4,268.4,268.4,268.4,17246
PARACABLES,20211007,14,14.3,13.25,13.5,349904
PARAGMILK,20211007,129.3,134.75,129,133.1,891834
PARAS,20211007,598.5,598.5,598.5,598.5,20927
PARSVNATH,20211007,14.9,16,14.7,15.45,515758
PATELENG,20211007,28.45,29.2,26.85,27.35,8369820
PATINTLOG,20211007,23,24.5,23,23.7,266296
PATSPINLTD,20211007,8.7,9.1,8.7,8.8,5831
PBAINFRA,20211007,10.7,11.05,10.3,11,4533
PCJEWELLER,20211007,25.3,26.6,25.25,26.25,6349448
PDMJEPAPER,20211007,48,49.15,46,46.2,478893
PDPL,20211007,2.55,2.65,2.55,2.6,1422
PDSMFL,20211007,1300,1300,1237.4,1248.2,6483
PEARLPOLY,20211007,15.5,16.1,15.2,15.6,8134
PEL,20211007,2882.9,3014.95,2861,2888.2,3226907
PENIND,20211007,30.6,31.6,30.2,30.35,820797
PENINLAND,20211007,13.8,13.8,13.15,13.35,105075
PERSISTENT,20211007,3774.9,3822,3734,3811.85,275086
PETRONET,20211007,231.15,232.25,229.3,230.4,6617981
PFC,20211007,140.65,142.8,140.2,141.05,3563922
PFIZER,20211007,5603,5640,5570.5,5577.3,15079
PFOCUS,20211007,74.4,75.75,71.05,72.45,38014
PFS,20211007,20.35,20.6,19.95,20,1052821
PGEL,20211007,406.3,423.95,406.3,414.4,30831
PGHH,20211007,13970,14054.15,13730.2,13776.2,2580
PGHL,20211007,5749.5,5791.35,5734,5752.85,8595
PGIL,20211007,315,315,298.55,302.45,21932
PHILIPCARB,20211007,263.7,267,250.1,253.15,2389730
PHOENIXLTD,20211007,959.4,998.3,954.45,990.75,454263
PIDILITIND,20211007,2423.1,2476.4,2417.75,2460.5,584927
PIIND,20211007,3201.2,3254.95,3183,3243.05,284015
PILANIINVS,20211007,1972.8,2007.55,1961,1987.75,19534
PILITA,20211007,7.55,7.6,7.4,7.45,827221
PIONDIST,20211007,179,189,178.9,185.1,131962
PIONEEREMB,20211007,62.65,63.7,61.25,61.75,164767
PITTIENG,20211007,170.5,179.3,170.5,179.3,337540
PKTEA,20211007,335.15,337.95,324,325.55,1134
PLASTIBLEN,20211007,277.9,281,276.4,277.2,24042
PNB,20211007,40.45,40.55,39.85,39.9,35042174
PNBGILTS,20211007,67.5,68,66.7,67.05,147151
PNBHOUSING,20211007,654,654.85,640,644.7,70575
PNC,20211007,39.9,42.3,38,41.15,125331
PNCINFRA,20211007,366,370.2,361.6,363.85,222079
PODDARHOUS,20211007,229.7,229.7,229.7,229.7,6020
PODDARMENT,20211007,369,384.3,363,381.1,98425
POKARNA,20211007,501,504.3,493.35,501.85,46330
POLYCAB,20211007,2414,2448.95,2392.3,2419.65,303313
POLYMED,20211007,938,963,927,945.45,42199
POLYPLEX,20211007,1817.45,1849,1805,1839,114726
PONNIERODE,20211007,251.05,260,248,249.65,10761
POONAWALLA,20211007,167.7,169.9,165.05,167.55,838236
POWERGRID,20211007,191,191.55,187.6,188.3,5050275
POWERINDIA,20211007,2391.25,2450,2363.05,2400.7,16107
POWERMECH,20211007,999.8,1024.4,991.2,1006.5,46394
PPAP,20211007,247.05,258,246.75,248.6,51087
PPL,20211007,160.45,163.3,158.5,159.75,76060
PRAENG,20211007,22.35,22.9,21.1,22.15,89363
PRAJIND,20211007,344,349.4,338.2,342.3,321243
PRAKASH,20211007,74.4,74.8,73.5,73.7,582284
PRAKASHSTL,20211007,2,2.15,2,2.05,676623
PRAXIS,20211007,35,37.1,35,37.1,103599
PRECAM,20211007,98.6,98.7,96.6,97.05,177836
PRECOT,20211007,274.95,277.8,268,270.1,7639
PRECWIRE,20211007,244.8,246.7,238.15,241.2,67445
PREMEXPLN,20211007,258,264,251.3,259.5,7001
PREMIER,20211007,4.35,4.45,4.05,4.2,32090
PREMIERPOL,20211007,68.95,70.9,68.2,68.95,6273
PRESSMN,20211007,28.9,29.4,28.3,28.65,30709
PRESTIGE,20211007,467,494.8,467,484.6,2511785
PRICOLLTD,20211007,101.1,103.1,101,101.7,720658
PRIMESECU,20211007,90.8,91,88.1,91,33722
PRINCEPIPE,20211007,712,727.9,711.15,719.55,703293
PRITIKAUTO,20211007,17.75,18.25,17.5,18,107739
PRIVISCL,20211007,1909,1990,1880,1899.35,49852
PROINDIA,20211007,122.75,122.75,122.75,122.75,23623
PROZONINTU,20211007,31.95,31.95,29.65,29.95,691380
PRSMJOHNSN,20211007,123.4,124.45,121.5,122.5,199389
PSB,20211007,17.75,17.75,17.25,17.35,380274
PSPPROJECT,20211007,514.8,524.9,509,511.8,320490
PSUBNKBEES,20211007,27.6,27.9,27.3,27.42,292530
PTC,20211007,119.4,119.4,116,116.8,1525212
PTL,20211007,47.5,47.5,46.75,46.95,37677
PUNJABCHEM,20211007,1639,1648,1582.7,1592.15,14466
PURVA,20211007,134.75,144.5,134.75,138.85,1232248
PVP,20211007,4.9,4.9,4.65,4.75,91121
PVR,20211007,1657.7,1687.45,1645.7,1679.2,613114
QGOLDHALF,20211007,2007.1,2022,2007.1,2019,474
QNIFTY,20211007,1858,1860,1854.64,1854.64,27
QUESS,20211007,916,934,905.1,924.2,142561
QUICKHEAL,20211007,235,239,233,234,113299
RADAAN,20211007,1.4,1.4,1.3,1.4,46995
RADICO,20211007,961.45,988.9,954.95,968.8,1582833
RADIOCITY,20211007,24.35,24.4,24.05,24.1,329491
RAILTEL,20211007,135.25,139.1,133.25,134.05,3043208
RAIN,20211007,244.9,247.8,239.1,240.95,1585160
RAJESHEXPO,20211007,613.85,620,610.95,615.85,107093
RAJMET,20211007,137,139.2,137,138.75,4369
RAJRATAN,20211007,2311.75,2311.75,2245,2311.75,15628
RAJSREESUG,20211007,28.5,28.5,27.1,28.05,16704
RAJTV,20211007,37.35,37.35,35.5,36.05,2445
RALLIS,20211007,293,297.8,290,292.85,466639
RAMANEWS,20211007,20,20.8,19.75,19.95,108049
RAMASTEEL,20211007,247.2,256,246.5,254.3,73632
RAMCOCEM,20211007,1012.5,1024.05,1003,1014.55,287540
RAMCOIND,20211007,301.8,308.55,300.25,305.2,59893
RAMCOSYS,20211007,486,494.75,473,476.05,131638
RAMKY,20211007,170.15,170.15,163.1,164.9,74103
RANASUG,20211007,28.45,28.5,27.6,27.8,500328
RANEENGINE,20211007,296,300,289.45,290.4,27026
RANEHOLDIN,20211007,595,600.65,595,599,21667
RATNAMANI,20211007,2188,2205,2161.55,2200.05,15786
RAYMOND,20211007,467.6,484.15,461.2,471.95,2795181
RBL,20211007,887.45,893.4,868.85,869.55,9000
RBLBANK,20211007,185.6,191.35,185.5,189.4,5472521
RCF,20211007,83.2,83.9,82.4,82.65,2380702
RCOM,20211007,3.1,3.35,3.05,3.3,88431952
RECLTD,20211007,158.3,160.1,157.55,158.15,2561768
REDINGTON,20211007,146.6,148.5,144.25,144.85,1175233
REFEX,20211007,146.8,147.8,145,145.3,62747
RELAXO,20211007,1200.2,1349.85,1200.2,1330.1,1894059
RELCAPITAL,20211007,21.25,22.75,20.9,22.75,6725732
RELIANCE,20211007,2595,2598.75,2567.7,2572.4,2924370
RELIGARE,20211007,182.3,185.2,178.8,181.75,1274149
RELINFRA,20211007,97.5,101.6,97.5,101.6,916003
REMSONSIND,20211007,214.9,217.95,210,215.2,2008
RENUKA,20211007,29.25,29.45,28.3,28.75,2768193
REPCOHOME,20211007,315.4,325.25,314.75,319,229617
REPL,20211007,219.7,225,215.7,219.85,34915
REPRO,20211007,537.25,574,537.2,558.45,11627
RESPONIND,20211007,127.35,128.65,124.1,125.9,54743
REVATHI,20211007,597,606.15,590.8,594.55,5376
RGL,20211007,819.9,850,805.35,840.7,72868
RHFL,20211007,4.2,4.4,4.15,4.4,1345627
RHIM,20211007,376,381,364.65,368.5,171998
RICOAUTO,20211007,48.3,49.5,48.05,48.85,1485826
RIIL,20211007,710,745.85,710,722.35,567559
RITES,20211007,289.3,292.55,281.2,283.3,460312
RKDL,20211007,12.35,12.5,11.7,12.15,14705
RKEC,20211007,77.3,77.9,75.35,77.35,20551
RKFORGE,20211007,1144,1187.1,1124.1,1152.1,316713
RML,20211007,385.3,393.8,384.25,385.7,15926
ROHITFERRO,20211007,8.85,8.85,8.85,8.85,7376
ROHLTD,20211007,91.85,96.7,91.5,95,196386
ROLEXRINGS,20211007,1070,1076.5,1060.4,1069.1,26657
ROLLT,20211007,2.45,2.65,2.45,2.55,7811201
ROLTA,20211007,5.6,5.75,5.5,5.75,298087
ROML,20211007,103,103,97.1,99,25046
ROSSARI,20211007,1505.9,1519,1472.45,1488.75,48042
ROSSELLIND,20211007,161,174.8,161,172.85,737686
ROUTE,20211007,2026.7,2060,2003.35,2054.1,171024
RPGLIFE,20211007,705.45,707.05,688.6,691,34316
RPOWER,20211007,14.3,14.85,14.15,14.85,28703626
RPP-RE,20211007,28.15,28.7,27.2,27.45,158509
RPPINFRA,20211007,66.05,66.7,65,65.25,101443
RPSGVENT,20211007,920,983.4,920,948.15,97415
RSSOFTWARE,20211007,35.5,37.95,35.25,35.8,282185
RSWM,20211007,365.9,393.85,356,388.3,364011
RSYSTEMS,20211007,216.1,219.9,215,216.4,38334
RTNINDIA,20211007,42.25,43.9,41.2,42.35,518234
RTNPOWER,20211007,4.45,4.45,4.35,4.4,7376076
RUBYMILLS,20211007,301.05,308.85,297.45,300.35,17834
RUCHI,20211007,1060.35,1065,1051,1052.5,15750
RUCHINFRA,20211007,7.05,7.05,6.95,7,46433
RUCHIRA,20211007,92.4,93.45,91.3,91.65,84310
RUPA,20211007,452,486,450.1,481.45,694581
RUSHIL,20211007,276.8,276.8,262.4,265.6,17235
RVHL,20211007,22.95,25.2,22.4,25.2,181185
RVNL,20211007,31.7,31.85,30.65,30.9,6203550
SABEVENTS,20211007,3.05,3.2,3.05,3.15,7363
SADBHAV,20211007,48.2,48.9,48,48.35,634118
SADBHIN,20211007,16.1,16.35,15.9,16,680504
SAFARI,20211007,844,864.95,825,845.7,20971
SAGARDEEP,20211007,32.5,35,32.5,33.1,4448
SAGCEM,20211007,310.7,314.85,304,305.3,178327
SAIL,20211007,116.9,117.8,115,115.5,22381530
SAKAR,20211007,166,169.75,164.05,166.85,43046
SAKHTISUG,20211007,16,16.55,15.3,16.2,67427
SAKSOFT,20211007,1052,1112,1040.1,1074.35,86604
SAKUMA,20211007,10.75,11.2,10.6,10.65,156220
SALASAR,20211007,280.4,280.45,274,275.05,39033
SALONA,20211007,206,217.4,204.05,206.05,14628
SALSTEEL,20211007,10.1,10.15,9.75,9.9,90963
SALZERELEC,20211007,169.7,173.9,168,170.2,90499
SAMBHAAV,20211007,3.25,3.25,3,3,41586
SANCO,20211007,9,9.2,8.85,8.95,33362
SANDESH,20211007,780.25,797.9,780,784.75,936
SANDHAR,20211007,287,295.3,286,287.3,75228
SANGAMIND,20211007,171,181.95,171,176.55,50888
SANGHIIND,20211007,72.6,73.4,71.55,72,547214
SANGHVIMOV,20211007,206,214.7,198.25,207.25,555525
SANGINITA,20211007,39.4,42.05,38,42.05,578313
SANOFI,20211007,7953,8065.45,7802.15,7813.15,20488
SANSERA,20211007,805,806,791.5,804.65,219406
SARDAEN,20211007,779.9,799,765,769.05,47822
SAREGAMA,20211007,4243,4243,3941.7,3989.05,11180
SARLAPOLY,20211007,54.4,54.9,53,53.25,447779
SASKEN,20211007,1312,1344.1,1312,1327.45,15716
SASTASUNDR,20211007,285.05,294.65,285.05,294.65,6105
SATIA,20211007,97.8,97.8,96.1,96.9,75911
SATIN,20211007,79.45,80.25,78.25,78.75,152086
SBCL,20211007,268.8,269.4,261,261.8,24874
SBICARD,20211007,1126.4,1142.9,1118.5,1139.35,2243226
SBIETFCON,20211007,72.7,72.94,71.11,72.35,6365
SBIETFIT,20211007,361.5,364.87,357,363.68,4532
SBIETFPB,20211007,194.1,198.5,194.1,197.7,1217
SBIETFQLTY,20211007,157.2,159.91,155.11,159.24,1146
SBILIFE,20211007,1227,1234.2,1207.2,1215.05,2674007
SBIN,20211007,462.1,464,457.1,457.9,9984651
SCAPDVR,20211007,20.1,20.1,18.2,18.2,654392
SCHAEFFLER,20211007,7185,7298,7136.85,7177.2,3777
SCHAND,20211007,121,124.1,116.7,122.35,210015
SCHNEIDER,20211007,115.35,116.7,114.1,114.45,525978
SCI,20211007,124.95,126.2,123.6,124.1,1464521
SDBL,20211007,43.45,43.45,42.1,42.7,104648
SEAMECLTD,20211007,1199,1287,1198,1241.45,100480
SECURKLOUD,20211007,237,243.75,225,230.05,579037
SELAN,20211007,159.6,169.95,157.7,162.05,498019
SEPOWER,20211007,10.5,10.5,10.5,10.5,19705
SEQUENT,20211007,220.3,220.3,211.35,211.85,1017346
SERVOTECH,20211007,26,26,23.1,23.75,53846
SESHAPAPER,20211007,186,189.5,181.9,183.35,37856
SETCO,20211007,19.3,19.3,18.55,18.95,321356
SETF10GILT,20211007,204,207.49,204,204.79,474
SETFGOLD,20211007,4166.9,4175,4152,4161.3,8829
SETFNIF50,20211007,185.87,185.87,180.7,181.63,88654
SETFNIFBK,20211007,377,378.49,375.61,376.63,20688
SETFNN50,20211007,449.99,451.44,443.1,449.69,4293
SETUINFRA,20211007,1.15,1.2,1.1,1.2,554785
SEYAIND,20211007,57.75,57.75,54.8,55.5,10589
SFL,20211007,2370,2497,2343.05,2373.4,174087
SGIL,20211007,145,148.45,142,142.65,15897
SGL,20211007,12.8,12.9,12.6,12.8,17757
SHAHALLOYS,20211007,33.4,33.4,33.4,33.4,823
SHAKTIPUMP,20211007,710,718,700,701.45,34104
SHALBY,20211007,170.8,173.1,167.5,169.25,185441
SHALPAINTS,20211007,98.2,98.2,96.5,97.55,110402
SHANKARA,20211007,589.9,638,589.7,626.15,407531
SHANTI,20211007,23.5,24.3,21.55,24.3,30219
SHANTIGEAR,20211007,163.05,170.85,162,165.6,788449
SHARDACROP,20211007,332.2,334,322.6,327.4,91269
SHARDAMOTR,20211007,615,623.95,605,616.85,6105
SHAREINDIA,20211007,710,774,705.4,747,166542
SHARIABEES,20211007,468.9,468.9,445.95,452.31,1898
SHEMAROO,20211007,150,156.7,145.2,156.7,58840
SHIL,20211007,429.9,442.3,415.05,439.1,50476
SHILPAMED,20211007,563.9,575,554,569.45,185649
SHIVAMAUTO,20211007,27,28,26.45,27.35,787193
SHIVAMILLS,20211007,105,110.45,101.1,103.3,71943
SHIVATEX,20211007,289.9,289.9,247.95,249,258302
SHK,20211007,158.15,160.6,155.4,157.3,241769
SHOPERSTOP,20211007,278.95,289,278,278.9,203911
SHRADHA,20211007,54.75,55.4,54.1,54.25,806
SHREDIGCEM,20211007,82.9,82.9,80,80.3,297213
SHREECEM,20211007,28205,28344.8,27869.4,28059.35,43358
SHREEPUSHK,20211007,265.5,267.75,255.9,256.65,220461
SHREERAMA,20211007,15.4,15.4,14.25,14.95,794865
SHRENIK,20211007,1.55,1.6,1.55,1.6,1792337
SHREYANIND,20211007,138.95,138.95,132.55,133.3,26985
SHREYAS,20211007,402,448.2,392.15,424.75,530817
SHRIPISTON,20211007,956,956,937.65,937.9,131
SHRIRAMCIT,20211007,2137.2,2165,2136.55,2156.05,9555
SHRIRAMEPC,20211007,7.5,7.55,7.4,7.55,1562026
SHYAMCENT,20211007,14.6,14.85,13.8,13.8,564990
SHYAMMETL,20211007,364.95,367,357,359,587371
SHYAMTEL,20211007,9.65,10,9.45,9.9,3227
SICAL,20211007,12.3,12.5,12.15,12.25,346261
SIEMENS,20211007,2222,2241.3,2214.8,2236.95,139307
SIGIND,20211007,45.35,46,44.7,44.85,22192
SIL,20211007,15.3,15.5,15.05,15.25,27331
SILGO,20211007,43.4,44.5,40.5,41.85,802448
SILINV,20211007,340,343.85,316.1,343.85,12087
SILLYMONKS,20211007,21,21.4,20.5,20.8,7777
SIMBHALS,20211007,30.8,30.8,28.5,29.75,23579
SIMPLEXINF,20211007,46.45,47.5,45.05,47.15,231615
SINTERCOM,20211007,92.55,93,88.3,89.1,28618
SINTEX,20211007,4.9,5.05,4.8,4.9,7522834
SIRCA,20211007,417.5,430,371.2,410.25,70085
SIS,20211007,492,499.65,488.3,491.3,68138
SITINET,20211007,2.3,2.3,2.3,2.3,383241
SIYSIL,20211007,424,427,414,421.65,100427
SJVN,20211007,28.25,28.4,28.05,28.1,2831978
SKFINDIA,20211007,3225,3255,3161.15,3223.3,63381
SKIL,20211007,4.7,4.7,4.7,4.7,22041
SKIPPER,20211007,86.7,88.35,84.05,84.5,422188
SKMEGGPROD,20211007,83.35,84,82.25,82.55,30065
SMARTLINK,20211007,114.2,116.7,113,113.6,24270
SMCGLOBAL,20211007,76,82.5,75.75,80.3,629172
SMLISUZU,20211007,587.7,609.9,583.35,595.3,81151
SMSLIFE,20211007,790,794.4,774.35,783.85,4036
SMSPHARMA,20211007,155.4,157.4,151.65,155.6,80423
SNOWMAN,20211007,43.25,43.9,43.1,43.2,941198
SOBHA,20211007,815,901,811,884.75,3463020
SOLARA,20211007,1545,1550,1466.8,1481.6,144928
SOLARINDS,20211007,2348.05,2377.2,2310.4,2321.3,70900
SOMANYCERA,20211007,812.5,835,790.1,811.5,33921
SOMATEX,20211007,8.15,8.35,7.9,8.1,35200
SOMICONVEY,20211007,52.5,52.5,50.8,51,6331
SONACOMS,20211007,585,689,584,652.95,8928123
SONATSOFTW,20211007,917.8,924,910,916.15,107692
SORILINFRA,20211007,115,123.15,114.55,116.25,187288
SOTL,20211007,1520,1540.05,1501.65,1518.2,17041
SOUTHBANK,20211007,10.15,10.3,10.15,10.15,8260193
SOUTHWEST,20211007,118.75,119.4,117.5,119.4,79433
SPAL,20211007,360,364.85,340,342.45,83312
SPANDANA,20211007,552.65,560.4,542,554.45,143628
SPARC,20211007,283,288.3,282.65,286.1,337947
SPECIALITY,20211007,76,77,75.1,75.7,145036
SPENCERS,20211007,133.2,134.45,128.3,129.4,744297
SPIC,20211007,54.65,55.55,53.55,54,399884
SPICEJET,20211007,72.45,75.6,72.45,75.1,4764922
SPLIL,20211007,49.5,49.5,48.05,48.5,31831
SPMLINFRA,20211007,10.2,10.75,10.2,10.65,54659
SPTL,20211007,5.8,5.8,5.4,5.8,7296302
SREEL,20211007,192.25,195,187,188.15,21157
SREINFRA,20211007,7.45,7.45,7.45,7.45,530458
SRF,20211007,11508.2,11690,11453.3,11576.7,237315
SRHHYPOLTD,20211007,385.5,390,372,377.25,38495
SRIPIPES,20211007,213.5,218.7,209.1,211.8,51736
SRPL,20211007,33.5,34.5,33,33,1936
SRTRANSFIN,20211007,1323.2,1346.4,1315.8,1343.2,747968
SSWL,20211007,1751,1778,1720,1747.5,9903
STAR,20211007,587,592,581.75,586.15,489746
STARCEMENT,20211007,108.75,108.75,107.2,107.35,127112
STARPAPER,20211007,155.25,155.25,152.05,152.55,70936
STCINDIA,20211007,111.6,114,108.05,108.6,92073
STEELCITY,20211007,58.25,59.3,58,58.25,27010
STEELXIND,20211007,73.5,73.5,71.65,72.15,93181
STEL,20211007,174.25,186,174.25,180.05,164280
STERTOOLS,20211007,219.9,225,212,217,110499
STLTECH,20211007,280.1,284.5,275.9,278.55,238752
STOVEKRAFT,20211007,1081.3,1105,1072.85,1084,124179
STYLAMIND,20211007,1109.45,1159,1100,1142,25015
SUBCAPCITY,20211007,21.85,21.85,21.85,21.85,16
SUBEXLTD,20211007,54.4,54.9,53,53.2,3395126
SUBROS,20211007,327.55,335,321.65,333,38010
SUDARSCHEM,20211007,686.85,692.5,676.55,680.9,331959
SUMEETINDS,20211007,8.85,8.85,8.85,8.85,34431
SUMICHEM,20211007,419.95,420,411,411.6,350068
SUMIT,20211007,12.1,12.15,11.55,12,18767
SUMMITSEC,20211007,777.2,791,772,778.4,9742
SUNCLAYLTD,20211007,3449,3510,3410,3485.4,17478
SUNDARAM,20211007,2,2,1.95,2,211989
SUNDARMFIN,20211007,2457.8,2457.8,2430.05,2442.85,10072
SUNDARMHLD,20211007,74.35,75,73.5,74.25,142422
SUNDRMBRAK,20211007,404.65,410,401.1,402.95,2963
SUNDRMFAST,20211007,942.7,993.7,930.05,958.35,380544
SUNFLAG,20211007,83.2,84.45,82.3,82.6,239791
SUNPHARMA,20211007,808.05,826.35,804.1,823.25,4089061
SUNTECK,20211007,480.2,509,478.45,497.65,2659952
SUNTV,20211007,541.4,551,538,543.05,2524168
SUPERHOUSE,20211007,169.7,173.5,169.7,171.35,23402
SUPERSPIN,20211007,12.8,13.05,12,13.05,92278
SUPPETRO,20211007,740.25,753.7,702.1,734.25,74919
SUPRAJIT,20211007,328.5,344.7,328.5,341.15,340463
SUPREMEENG,20211007,23.1,23.15,21.2,22.25,226613
SUPREMEIND,20211007,2529,2559.45,2494.4,2529.75,61371
SURANASOL,20211007,16,16.7,15.55,16.7,99219
SURANAT&P,20211007,9.2,9.35,8.65,9.3,499337
SURYALAXMI,20211007,63.15,64.3,63,64.25,20770
SURYAROSNI,20211007,782,785,747.05,756.15,345827
SURYODAY,20211007,182,196,180.1,189.1,244596
SUTLEJTEX,20211007,71.1,72.65,69.5,69.9,363841
SUULD,20211007,535.5,544.3,517,525.1,28973
SUVEN,20211007,108.25,119.95,108.25,118.75,7120287
SUVENPHAR,20211007,545,559.9,528,557.7,404231
SUVIDHAA,20211007,16.7,17.7,16.3,16.75,919112
SUZLON,20211007,6.9,7.15,6.85,7.1,56185858
SVPGLOB,20211007,119.5,120,115.3,117,207321
SWANENERGY,20211007,129.6,131.35,129.5,130.25,44264
SWARAJENG,20211007,1695,1699,1680,1689.7,6916
SWELECTES,20211007,232.85,234.95,227,227.7,6461
SWSOLAR,20211007,399,419.9,397.45,404.85,2972838
SYMPHONY,20211007,1096,1101,1080,1086.8,58860
SYNGENE,20211007,623.45,629.6,618,621.7,309636
TAINWALCHM,20211007,77.5,80.3,77.2,79.4,2026
TAJGVK,20211007,143.85,147.5,143.1,144.2,418681
TAKE,20211007,52.1,54.4,52.1,52.9,1989274
TALBROAUTO,20211007,277,286.8,277,284.55,126492
TANLA,20211007,870,909.05,868.85,909.05,108751
TARAPUR,20211007,4.15,4.35,4.15,4.3,23507
TARC,20211007,45.7,46.9,45.1,46.9,502667
TARMAT,20211007,71.9,71.9,68.75,69.15,84551
TASTYBITE,20211007,18249.85,18449.95,18111.65,18283.75,1251
TATACHEM,20211007,978.95,978.95,952,959.05,2853274
TATACOFFEE,20211007,215.4,220,215,218.35,5323927
TATACOMM,20211007,1490,1490,1455.1,1470.7,262504
TATACONSUM,20211007,828,830.7,821.35,824.55,1500439
TATAELXSI,20211007,6223.5,6387,6223,6348.25,229047
TATAINVEST,20211007,1443.5,1471,1443,1461.4,117078
TATAMETALI,20211007,1125,1140,1115.4,1129.55,125802
TATAMOTORS,20211007,341.1,383,339.25,376.5,163238084
TATAMTRDVR,20211007,182,196.75,181.3,193.15,23888176
TATAPOWER,20211007,178.35,184,176.85,177.75,73313810
TATASTEEL,20211007,1295,1306.8,1283.55,1289.2,4603367
TATASTLBSL,20211007,85.5,85.8,84.3,84.65,912283
TATASTLLP,20211007,955,989.7,950.6,971.65,65146
TATVA,20211007,2293.7,2345,2276,2292.7,125513
TBZ,20211007,83.5,94.4,83.5,91.4,3065788
TCI,20211007,434,442,429.1,432.3,49474
TCIDEVELOP,20211007,375.8,375.8,368.3,370.25,939
TCIEXP,20211007,1533,1559.95,1520.15,1533.75,33429
TCIFINANCE,20211007,5.5,5.5,5.3,5.3,5029
TCNSBRANDS,20211007,651.35,684.6,651.35,662.2,115686
TCPLPACK,20211007,554,566.1,546,555.2,12042
TCS,20211007,3830,3899,3820.05,3892.9,1647233
TDPOWERSYS,20211007,335.95,339,326.5,334.65,31970
TEAMLEASE,20211007,4920,4925.05,4840,4886.15,32061
TECHIN,20211007,6.45,6.95,6.45,6.85,13418
TECHM,20211007,1397.95,1423.3,1375.65,1417.2,1956325
TECHNOE,20211007,289,295.15,278.25,282.6,146821
TEJASNET,20211007,477.25,514.9,477.25,497.65,909886
TEMBO,20211007,323.85,329.3,320,324.65,170944
TERASOFT,20211007,65,66.85,60.55,64.4,234219
TEXINFRA,20211007,60.8,62.5,59.15,59.7,62292
TEXMOPIPES,20211007,51.7,52.5,51.1,51.35,149507
TEXRAIL,20211007,35.9,36.7,35.6,36.05,710927
TFCILTD,20211007,71.35,73.85,71.35,71.85,252456
TFL,20211007,6.3,6.7,6.1,6.35,10269
TGBHOTELS,20211007,11.1,11.1,11,11.1,45856
THANGAMAYL,20211007,1173,1271.95,1160.1,1243,122084
THEINVEST,20211007,111.8,113.8,110.5,111.55,12172
THEMISMED,20211007,970,979,970,970.3,4581
THERMAX,20211007,1363,1364.7,1345,1350.75,21618
THOMASCOOK,20211007,70,72,66.25,70.85,804654
THOMASCOTT,20211007,18.9,18.9,17.5,18.9,8396
THYROCARE,20211007,1181,1181,1151.25,1158.55,53722
TI,20211007,41.3,41.5,40.5,41.3,216113
TIDEWATER,20211007,1919,1924,1848,1854.8,17895
TIIL,20211007,853,853,830.85,836.85,6223
TIINDIA,20211007,1294,1337.65,1294,1327.3,102107
TIJARIA,20211007,6.65,6.75,6.15,6.75,28934
TIL,20211007,164.05,175.5,162.95,172,31747
TIMESGTY,20211007,44.45,47.5,43.55,46.35,22761
TIMETECHNO,20211007,71,71.45,70.6,70.85,279500
TIMKEN,20211007,1710,1725,1690,1697.4,17650
TINPLATE,20211007,311,326.5,310.75,318.05,1806316
TIPSINDLTD,20211007,1255,1287.4,1225,1226.35,6429
TIRUMALCHM,20211007,321.5,324.9,314.1,317.45,756644
TIRUPATIFL,20211007,12.85,12.85,12.65,12.85,473768
TITAN,20211007,2255,2384.25,2250,2375.35,8361061
TMRVL,20211007,12.8,15.35,12.75,14.7,2572290
TNPETRO,20211007,137,139.9,134.35,134.7,595595
TNPL,20211007,143.2,145.6,140.6,141,143150
TNTELE,20211007,10.7,10.7,9.85,9.9,74119
TOKYOPLAST,20211007,102.95,103,101.65,101.9,8338
TORNTPHARM,20211007,3067,3110,3062.1,3074.25,61332
TORNTPOWER,20211007,505,516.8,505,510.05,471190
TOTAL,20211007,53.9,53.9,51.6,52.2,31781
TOUCHWOOD,20211007,123.45,123.45,117,121,2044
TPLPLASTEH,20211007,175.75,180.45,175.05,178.15,33839
TREEHOUSE,20211007,8.9,9.1,8.6,9,22464
TREJHARA,20211007,63.75,64.85,62.55,62.85,29051
TRENT,20211007,1059,1126.95,1055.05,1108.85,1988186
TRF,20211007,163,163.8,157.05,163.6,155927
TRIDENT,20211007,35,35.6,32.3,32.4,157141056
TRIGYN,20211007,111,122,110.05,119,379469
TRIL,20211007,31.35,32.2,30,30.4,350486
TRITURBINE,20211007,181.5,181.7,172.85,174.25,218186
TRIVENI,20211007,196.05,197.45,190.1,192.2,873629
TTKHLTCARE,20211007,667,683.8,667,673.1,4162
TTKPRESTIG,20211007,8900,8944,8805.05,8910,12924
TTL,20211007,70.9,78.5,69.35,74.2,357410
TTML,20211007,40.5,41.65,39,41.65,2992622
TV18BRDCST,20211007,43.1,44,43.05,43.5,7031252
TVSELECT,20211007,172.8,172.85,167.7,169.05,42198
TVSMOTOR,20211007,547.8,563.2,544.2,557.75,2873448
TVSSRICHAK,20211007,2203,2240.05,2193.1,2224.5,9818
TVTODAY,20211007,285,287.9,285,285.7,70352
TVVISION,20211007,1.95,1.95,1.95,1.95,12438
TWL,20211007,99.95,104.4,99.9,103.05,1184416
UBL,20211007,1585,1658.1,1585,1643.7,1166939
UCALFUEL,20211007,151.3,157.75,150.6,153.2,97907
UCOBANK,20211007,13.65,13.7,13.5,13.55,2702303
UFLEX,20211007,573,585,565.1,567.95,720064
UFO,20211007,105.3,107,104.1,104.7,246378
UGARSUGAR,20211007,30.8,31.6,29.3,29.45,248561
UGROCAP,20211007,143.9,143.9,127.35,127.95,387556
UJAAS,20211007,2.9,2.95,2.85,2.9,864722
UJJIVAN,20211007,152.75,153.7,151.8,152.3,379779
UJJIVANSFB,20211007,20.8,20.95,20.6,20.65,1730347
ULTRACEMCO,20211007,7422,7457.95,7311.95,7354.6,583113
UMANGDAIRY,20211007,75,76.1,73.15,74.4,42675
UMESLTD,20211007,4.05,4.05,3.8,3.9,61841
UNICHEMLAB,20211007,268.55,270.2,265.05,267.2,72163
UNIDT,20211007,348,348,336.1,336.6,14215
UNIENTER,20211007,133.5,135.45,130.15,131.05,10238
UNIONBANK,20211007,37,37.55,36.9,37.3,9369098
UNITEDTEA,20211007,396.5,396.5,385.1,388.85,2033
UNIVASTU,20211007,46.6,46.65,45.1,46,15724
UNIVCABLES,20211007,182,188.8,175.65,184.15,178494
UNIVPHOTO,20211007,385,398,385,390.7,2171
UPL,20211007,735.3,736,723,727.5,2233111
URJA,20211007,6.6,6.75,6.55,6.65,2842387
USHAMART,20211007,91,93.45,90.5,91.15,953946
UTIAMC,20211007,1046.95,1055,1026.95,1044.1,186796
UTIBANKETF,20211007,37.52,38.04,37.52,37.95,3626
UTINEXT50,20211007,45.56,45.56,44.2,44.95,3623
UTINIFTETF,20211007,1892.57,1892.57,1856.1,1871,225
UTISENSETF,20211007,625.7,659.2,624.5,627.38,446
UTISXN50,20211007,49.28,51.8,48.5,48.8,803
UTTAMSTL,20211007,4.2,4.35,4.2,4.25,234127
UTTAMSUGAR,20211007,194.7,196.9,187.05,190.8,10815
V2RETAIL,20211007,159.6,159.6,152.15,156.4,283912
VADILALIND,20211007,1110,1110,1070,1078.55,8234
VAIBHAVGBL,20211007,704.9,718.9,702.95,709.95,138534
VAISHALI,20211007,36.9,37.2,36.65,36.85,60756
VAKRANGEE,20211007,40.7,41.4,40.2,41.15,5754072
VALIANTORG,20211007,1550,1612.25,1550,1580.35,100130
VARDHACRLC,20211007,67.5,69,65.35,67.45,265343
VARDMNPOLY,20211007,23.25,24.15,23.25,23.7,16883
VARROC,20211007,296,309.4,296,305,632350
VASCONEQ,20211007,28.25,30.25,28.25,30.25,2148790
VASWANI,20211007,11.45,13.65,11.45,13.65,283784
VBL,20211007,902.95,910,894,906,354907
VEDL,20211007,294.9,294.9,290.1,290.8,7738137
VENKEYS,20211007,2960,3003.9,2929,2956.35,54937
VENUSREM,20211007,446.1,457,444.5,447.45,44437
VERTOZ,20211007,99.8,100,98.9,99.4,58060
VESUVIUS,20211007,1206.8,1225,1185,1214.55,9601
VETO,20211007,115.1,127.85,113,121.35,1037002
VGUARD,20211007,260,266.9,258,264.6,885167
VHL,20211007,3168.75,3181.2,3065,3093.35,692
VIDHIING,20211007,395,404.8,391.2,394.6,55975
VIJAYA,20211007,578,581.65,568.6,572.8,90526
VIJIFIN,20211007,1.75,1.75,1.75,1.75,87514
VIKASECO,20211007,2.05,2.1,2.05,2.05,2139969
VIKASLIFE,20211007,3.4,3.4,3.3,3.35,2617359
VIKASPROP,20211007,2.15,2.15,2,2.1,4629769
VIKASWSP,20211007,5.9,6.15,5.35,6.15,2319541
VIMTALABS,20211007,298,305,293.4,296.4,54779
VINATIORGA,20211007,2095,2167.35,2055,2153,267625
VINDHYATEL,20211007,1237,1250.05,1215.95,1235.9,13877
VINEETLAB,20211007,78.9,79.55,77.75,78.8,9892
VINYLINDIA,20211007,308,324.85,307,314.05,289819
VIPCLOTHNG,20211007,18.5,19,18.25,18.75,75210
VIPIND,20211007,499.4,552.85,497.7,545.55,2743684
VIPULLTD,20211007,28.95,29.85,28.55,28.8,15582
VISAKAIND,20211007,660.9,671.9,659.25,661,29287
VISASTEEL,20211007,12.6,13.2,12.6,12.9,45293
VISHAL,20211007,117,117,112.95,113.4,69585
VISHNU,20211007,772.05,802.65,771,802.65,27582
VISHWARAJ,20211007,160,160.8,155.05,157.65,146261
VIVIDHA,20211007,0.8,0.8,0.75,0.8,1405571
VIVIMEDLAB,20211007,22.4,23,21.5,22.45,764425
VLSFINANCE,20211007,196,206.9,192.5,203.75,150996
VMART,20211007,3725,3963,3725,3809.9,24286
VOLTAMP,20211007,1498.75,1515.5,1485.25,1493.95,3794
VOLTAS,20211007,1231,1291,1229.2,1283,2199106
VRLLOG,20211007,392,419,392,403.2,499492
VSSL,20211007,240.5,243.55,238,240.55,72999
VSTIND,20211007,3431.3,3480,3430,3434.2,3009
VSTTILLERS,20211007,2910,3079.85,2910,3020.95,59071
VTL,20211007,1955.6,1964.45,1912.8,1931.15,41936
WABAG,20211007,336,353.5,334.05,350.8,691353
WABCOINDIA,20211007,7149.25,7300,7149.2,7291.35,5635
WALCHANNAG,20211007,57,57.75,54.4,54.75,814507
WANBURY,20211007,85.7,89.55,85.1,86.45,28684
WATERBASE,20211007,118.5,120.6,117.45,118.4,106153
WEALTH,20211007,245.05,259,245.05,255,493
WEBELSOLAR,20211007,64.95,69.55,64.65,67.15,816535
WEIZMANIND,20211007,49.05,52.85,48,51.65,31155
WELCORP,20211007,146.15,147.4,145.1,145.15,1429475
WELENT,20211007,106.35,106.65,104,105,100479
WELINV,20211007,330,334.7,323.35,333.55,987
WELSPUNIND,20211007,165.65,167.8,163.5,166,3058262
WENDT,20211007,4320,4320,4235,4269.3,401
WESTLIFE,20211007,558.25,569.8,550,552.3,51786
WHEELS,20211007,781,794.95,770,771.8,16785
WHIRLPOOL,20211007,2340,2396,2329.9,2385.6,299502
WILLAMAGOR,20211007,24,25.5,23.25,24.7,240882
WINDLAS,20211007,363.8,366,356.3,363.25,98824
WINDMACHIN,20211007,34.4,34.4,31.45,33.6,341168
WIPL,20211007,60.05,62.85,59.5,59.55,1097
WIPRO,20211007,639,648.55,636.9,642.95,3724343
WOCKPHARMA,20211007,445.9,485.9,445.55,480.3,2803294
WONDERLA,20211007,249.9,259,248.05,255.5,289672
WORTH,20211007,95.95,102.9,89.65,97.55,396956
WSI,20211007,5.5,6,5.5,6,450
WSTCSTPAPR,20211007,283.35,288.4,274.85,275.8,317222
XCHANGING,20211007,113.1,117,113.1,115.6,639947
XELPMOC,20211007,385,390,380,385.9,3959
XPROINDIA,20211007,667,689.3,652,687.55,179142
YAARII,20211007,104.6,105.8,102.1,102.6,110776
YESBANK,20211007,13.15,13.45,12.85,13.15,150895888
YUKEN,20211007,595.25,600,582.8,598.45,7769
ZEEL,20211007,295.2,297.5,291.5,292.7,9513397
ZEELEARN,20211007,14.45,14.45,14.2,14.25,966925
ZEEMEDIA,20211007,14.35,14.55,13.9,14.1,3318202
ZENITHEXPO,20211007,111.9,111.9,102,102,19484
ZENSARTECH,20211007,472.8,476.1,463.05,465.2,706122
ZENTEC,20211007,207.95,214.35,206.5,207.6,509169
ZODIACLOTH,20211007,119.85,121.5,118.4,118.95,39176
ZOMATO,20211007,136.75,138.45,136.05,137.1,7317664
ZOTA,20211007,425,438.95,418.25,420.95,67636
ZUARI,20211007,126.8,129.75,123.1,126.1,27076
ZUARIGLOB,20211007,135,140.05,133.3,140.05,55363
ZYDUSWELL,20211007,2335.45,2335.45,2301.1,2309.15,18450
NSENIFTY,20211007,17810.55,17857.55,17763.80,17790.35,419890959,0
NIFTYJUNIOR,20211007,43308.50,43506.05,43250.60,43371.05,365866596,0
NIFTYMIDCAPLIQ15,20211007,7133.95,7256.90,7125.90,7228.15,156224625,0
NSE100,20211007,18072.50,18122.40,18031.50,18058.00,785757555,0
NIFTY200,20211007,9446.75,9483.65,9429.60,9452.35,1492424497,0
NSE500,20211007,15274.65,15335.95,15251.00,15290.15,2134120586,0
NSEMIDCAP150,20211007,11603.85,11725.90,11601.95,11712.45,727060258,0
MIDCAP50,20211007,8434.90,8575.60,8430.80,8553.45,586417650,0
NSEMIDCAP,20211007,31003.35,31365.65,30998.15,31304.45,706666942,0
NSESMLCAP100,20211007,11147.50,11191.75,11146.60,11168.00,-,0
NIFTYLARGEMIDCAP250,20211007,-,-,-,10007.65,-,0
NIFTYAUTO,20211007,10659.70,11091.45,10639.45,11031.80,235375460,0
BANKNIFTY,20211007,37894.00,37923.65,37650.25,37753.20,136415691,0
NIFTYFINSERVICE,20211007,18479.30,18487.15,18320.20,18336.95,61747872,0
NIFTYFMGC,20211007,40399.25,40480.55,40210.55,40226.40,24320218,0
NSEIT,20211007,35323.60,35903.95,35233.30,35703.85,17784234,0
NIFTYMEDIA,20211007,2233.50,2246.25,2218.00,2234.40,37598855,0
NIFTYMETAL,20211007,5697.90,5705.25,5643.80,5659.95,109317175,0
NIFTYPHARMA,20211007,14564.45,14591.35,14489.90,14562.20,26689580,0
NIFTYPVTBANK,20211007,19689.55,19793.00,19613.75,19706.15,92349283,0
NIFTYPSUBANK,20211007,2523.30,2529.80,2505.30,2508.65,113197620,0
NIFTYREALTY,20211007,509.25,536.05,509.25,532.65,49007371,0
NIFTYCOMMODITIES,20211007,5861.05,5862.15,5813.70,5818.65,263557056,0
NIFTYCONSUMPTION,20211007,7223.70,7322.45,7217.70,7298.20,68565811,0
NIFTYCPSE,20211007,2471.05,2472.00,2416.20,2420.40,131443461,0
NIFTYENERGY,20211007,24187.75,24187.75,23779.80,23804.40,186893706,0
NIFTY100ESG,20211007,-,-,-,3646.63,451766012,0
NIFTY100ENHESG,20211007,-,-,-,3673.77,434541180,0
NIFTYINFRA,20211007,5110.15,5119.95,5084.30,5087.70,299752272,0
NIFTYMNC,20211007,19401.10,19564.80,19383.70,19458.80,338187621,0
NIFTYPSE,20211007,4280.90,4280.90,4215.95,4224.40,239073949,0
NIFTYSMEEMERGE,20211007,-,-,-,3403.68,1086758,0
NIFTYSERVSECTOR,20211007,24861.75,24901.95,24761.90,24796.45,142489540,0
NIFTYSHARIAH25,20211007,-,-,-,6621.66,125914424,0
NIFTY50SHARIAH,20211007,-,-,-,4367.71,106022313,0
NIFTY500SHARIAH,20211007,-,-,-,5437.73,325823610,0
NIFTYABGROUP,20211007,-,-,-,5475.20,293246691,0
NIFTYMAHINDRA,20211007,-,-,-,16191.42,15780000,0
NIFTYTATA,20211007,-,-,-,13704.95,311902921,0
NIFTYTATA25CAP,20211007,-,-,-,10622.15,259967064,0
NIFTYABGROUP,20211007,-,-,-,5475.20,293246691,0
NIFTYLIQ15,20211007,4608.25,4621.00,4593.65,4599.75,123512893,0
NIFTY500VALUE50,20211007,-,-,-,6285.10,633338297,0
NIFTYQUALLOWVOL30,20211007,-,-,-,12937.56,82304729,0
NIFTYALPHAQUALLOWVOL30,20211007,-,-,-,14943.35,52588527,0
NIFTYALPHAQUALVALLOWVOL30,20211007,-,-,-,11355.55,74363915,0
NIFTY50EQUALWEIGHT,20211007,19957.85,20052.05,19915.70,19981.00,419890959,0
NIFTY100EQUALWEIGHT,20211007,21158.85,21256.85,21135.15,21187.00,785757555,0
NIFTY100LOWVOL30,20211007,13685.05,13715.90,13649.90,13662.75,102261657,0
NSEDEFTY,20211007,-,-,-,8242.78,-,0
NIFTY50DIVPOINT,20211007,116.92,116.92,116.92,116.92,-,0
NIFTYDIVOPPS50,20211007,3791.10,3803.25,3777.85,3783.00,315592494,0
NIFTYALPHA50,20211007,32681.45,32818.55,32610.05,32748.55,192886529,0
NIFTY50ARBITRAGE,20211007,-,-,-,1986.47,-,0
NIFTY50FUTINDEX,20211007,-,-,-,5752.20,-,0
NIFTY50FUTTRINDEX,20211007,-,-,-,18550.89,-,0
NIFTYHIGHBETA50,20211007,-,-,-,2183.00,880689941,0
NIFTYLOWVOL50,20211007,-,-,-,16688.34,126581060,0
NIFTY50VALUE20,20211007,9156.30,9208.40,9125.55,9171.65,146672706,0
NIFTYGROWSECT15,20211007,7969.90,8043.45,7947.25,8010.15,38043460,0
NIFTY50TR2XLEV,20211007,12766.95,12833.60,12703.75,12738.30,-,0
NIFTY50PR2XLEV,20211007,9425.55,9474.80,9378.90,9404.40,-,0
NIFTY50TR1XINV,20211007,213.55,214.10,213.00,213.80,-,0
NIFTY50PR1XINV,20211007,248.40,249.05,247.75,248.70,-,0
NIFTY-GS-COMPSITE,20211007,2348.23,2349.72,2348.07,2349.29,-,0
NIFTY-GS-4-8YR,20211007,2467.54,2469.75,2467.44,2467.82,-,0
NIFTY-GS-8-13YR,20211007,2292.44,2293.72,2292.40,2293.80,-,0
NIFTY-GS-10YR,20211007,2054.10,2056.60,2053.62,2055.84,-,0
NIFTY-GS-10YR-CLN,20211007,934.32,935.47,934.10,935.12,-,0
NIFTY-GS-11-15YR,20211007,2454.61,2456.64,2454.35,2456.84,-,0
NIFTY-GS-15YRPLUS,20211007,2665.77,2668.27,2665.07,2666.76,-,0
VIX,20211007,17.33,17.33,14.45,16.16,0,0
