20MICRONS,20210419,34.05,35.85,34.05,35.15,52025
21STCENMGM,20210419,12.25,12.45,12.05,12.05,504
3IINFOTECH,20210419,6.9,6.9,6.7,6.7,11001338
3MINDIA,20210419,26351,27600,26100.05,27473.1,8336
3PLAND,20210419,10.25,10.25,8.55,9.4,4141
5PAISA,20210419,371.1,405,331,398.65,339639
63MOONS,20210419,87,97,87,93.15,731246
A2ZINFRA,20210419,3.7,4.15,3.6,4.1,1599570
AAKASH,20210419,131.2,134.5,131.2,134.2,8332
AARON,20210419,55.6,57.9,54.6,55.5,709
AARTIDRUGS,20210419,696,728.9,671.05,715.15,1064037
AARTIIND,20210419,1395,1415,1363.05,1400.3,311866
AARTISURF,20210419,1560,1560.2,1480,1542.25,25491
AARVEEDEN,20210419,20.75,21.95,20,20.35,39563
AARVI,20210419,55,56,49.15,50.45,218712
AAVAS,20210419,2300,2300,2225,2236.6,236286
ABAN,20210419,29.75,29.75,28.45,28.45,99774
ABB,20210419,1357,1412,1314.45,1395.15,177488
ABBOTINDIA,20210419,14900,14900.05,14586.05,14724.8,17043
ABCAPITAL,20210419,116,116.8,113.3,115.55,2847571
ABFRL,20210419,167,167.95,163.1,164.55,3144326
ABMINTLTD,20210419,51.1,51.15,47.95,47.95,390
ABSLBANETF,20210419,310.2,313.95,302.42,308.99,5241
ABSLNN50ET,20210419,350,355.9,340.95,346,217
ACC,20210419,1859.55,1881.9,1826.5,1876.75,1288212
ACCELYA,20210419,845,857.95,837.15,839.2,5389
ACCURACY,20210419,57,59.5,53.15,59.05,16806
ACE,20210419,148,150,142.3,148.55,199091
ACRYSIL,20210419,322,325,307.55,311.6,150400
ADANIENT,20210419,1100,1153,1089,1136.35,8565063
ADANIGREEN,20210419,1088,1108,1053.2,1056.35,563766
ADANIPORTS,20210419,715,730.9,707.45,720.95,22935238
ADANIPOWER,20210419,88,89.95,87.2,87.45,15381214
ADANITRANS,20210419,954.9,1038,942.2,1012.6,1713716
ADFFOODS,20210419,891.1,891.1,862.9,872.8,30925
ADHUNIKIND,20210419,22.1,22.15,20.8,20.95,43038
ADL,20210419,30.9,30.9,29.45,30.1,4362
ADORWELD,20210419,336.65,360,330.6,347.35,90283
ADROITINFO,20210419,8.5,8.5,8,8.5,14650
ADSL,20210419,46.5,46.5,44.6,45.3,190514
ADVANIHOTR,20210419,52,52,50.1,50.1,9083
ADVENZYMES,20210419,352.8,367,342.75,360.9,193096
AEGISCHEM,20210419,283,285.8,279,283.75,265990
AFFLE,20210419,5280,5323.95,5134,5300.8,41212
AGARIND,20210419,148.8,159.3,148.8,151.05,10811
AGCNET,20210419,1399,1532.3,1387,1532.3,21067
AGRITECH,20210419,38.1,39.4,36.6,37.6,14826
AGROPHOS,20210419,11,11.3,10.7,10.9,27083
AHLADA,20210419,100,103.95,92.6,101.15,10975
AHLEAST,20210419,156.1,156.1,147.7,148.15,3589
AHLUCONT,20210419,290,290,279.95,285.05,14915
AHLWEST,20210419,200.2,212.65,191,197,4254
AIAENG,20210419,1879,1900,1840,1861.1,16379
AIRAN,20210419,15.5,16.7,15.5,15.55,52743
AJANTPHARM,20210419,1724,1765,1700,1738.7,220727
AJMERA,20210419,108.3,110,98.4,107.15,46152
AKASH,20210419,201.5,206.4,191,196.3,24320
AKG,20210419,38,38,38,38,177
AKSHARCHEM,20210419,235,235,210,226.65,24589
AKSHOPTFBR,20210419,6.1,6.15,5.55,6,258978
AKZOINDIA,20210419,2234,2239.75,2189.6,2198.55,14766
ALANKIT,20210419,15.5,15.75,12.65,13.6,1230825
ALBERTDAVD,20210419,415,440,405.15,426.4,70661
ALEMBICLTD,20210419,102,102.5,99,100.7,502855
ALICON,20210419,414.05,423,414,417.8,5616
ALKALI,20210419,51.8,51.8,48.45,50,29122
ALKEM,20210419,2781,2792,2724,2749.1,180838
ALKYLAMINE,20210419,5826,5899,5580,5758.3,32441
ALLCARGO,20210419,123.2,124.95,121.25,122.2,216283
ALLSEC,20210419,318.95,320.25,310,316.45,12431
ALMONDZ,20210419,26.55,27.45,25.75,26.55,4068
ALOKINDS,20210419,20.8,20.85,20.3,20.35,8284902
ALPA,20210419,48,48.95,45.5,47.65,149455
ALPHAGEO,20210419,183.3,183.3,175.95,179,10441
ALPSINDUS,20210419,1.55,1.65,1.55,1.55,4269
AMARAJABAT,20210419,804,804,780.1,800,838876
AMBER,20210419,3052,3096,3000,3051.05,66380
AMBIKCO,20210419,881.95,881.95,855,857.2,21309
AMBUJACEM,20210419,295,302.25,292.4,300.95,7452061
AMDIND,20210419,17,17.35,16.85,17.3,3762
AMJLAND,20210419,22.8,23.1,21.8,22.95,7319
AMRUTANJAN,20210419,590,627.9,590,623.45,113934
ANANTRAJ,20210419,48.3,49.25,47.95,48.05,500039
ANDHRACEMT,20210419,5.3,5.45,5.3,5.45,205093
ANDHRAPAP,20210419,211.5,213.1,208,210.2,39227
ANDHRSUGAR,20210419,339.6,339.6,320.05,324.9,235362
ANGELBRKG,20210419,310,342,300,332.85,600914
ANIKINDS,20210419,14.8,14.9,13.7,14,32729
ANKITMETAL,20210419,1,1,0.95,1,52518
ANSALAPI,20210419,6.4,6.4,6.05,6.1,45424
ANSALHSG,20210419,4.9,4.9,4.45,4.65,42448
ANTGRAPHIC,20210419,0.4,0.5,0.4,0.5,113470
ANUP,20210419,566.1,574.55,551.4,562.35,32916
ANURAS,20210419,567,569.4,550,552.05,206642
APARINDS,20210419,449.8,449.8,441,447.35,24182
APCL,20210419,208,208,202,204.15,17070
APCOTEXIND,20210419,180.5,180.5,174,174.8,56209
APEX,20210419,214.3,214.3,205,206.3,82359
APLAPOLLO,20210419,1208.1,1234.4,1170,1185.05,153584
APLLTD,20210419,1001.2,1038,973.55,998.25,956256
APOLLO,20210419,88.9,90.05,86.65,88.7,45377
APOLLOHOSP,20210419,3038,3243.15,3005.65,3157.4,3552506
APOLLOPIPE,20210419,990,1207.35,955,979.75,61972
APOLLOTYRE,20210419,199.95,205.2,199,203.55,7637679
APOLSINHOT,20210419,550,561.6,535,544.55,1491
APTECHT,20210419,194,194.1,186.05,191.25,154018
ARCHIDPLY,20210419,29,30.45,28.5,29.5,17717
ARCHIES,20210419,10.4,10.7,9.8,9.95,174686
ARENTERP,20210419,11.55,11.9,11,11.15,3423
ARIES,20210419,82,82,77,79.7,39117
ARIHANT,20210419,17.55,18.9,17.3,17.4,1681
ARIHANTSUP,20210419,52.8,52.8,49.6,51.95,85415
ARMANFIN,20210419,587.05,587.05,540,546.5,43922
AROGRANITE,20210419,38.75,38.75,36.3,37.6,20125
ARROWGREEN,20210419,71,71,67.45,69.7,2409
ARSHIYA,20210419,28.4,28.45,26.6,27,19719
ARSSINFRA,20210419,26,26.8,23,25.45,89753
ARTEMISMED,20210419,199.5,199.5,186.1,192.85,27425
ARVEE,20210419,94.5,94.5,94.5,94.5,10234
ARVIND,20210419,60.9,60.9,59,59.35,996167
ARVINDFASN,20210419,132.25,132.25,123,124.7,569487
ARVSMART,20210419,95,95.75,93.1,94,75102
ASAHIINDIA,20210419,308.4,314.8,302.6,304.35,64592
ASAHISONG,20210419,326,340,315,319.05,42054
ASAL,20210419,32.8,32.8,30.5,31.65,5155
ASALCBR,20210419,405,405,391.25,399,43774
ASHAPURMIN,20210419,110,111.75,107.75,108.6,170972
ASHIANA,20210419,129.7,129.7,123,127.05,35230
ASHIMASYN,20210419,15.75,15.75,15.05,15.05,72008
ASHOKA,20210419,86.95,88.5,84,84.9,2382281
ASHOKLEY,20210419,109.45,110.3,106.2,109.9,36453257
ASIANHOTNR,20210419,62.55,63.35,62.15,62.7,2002
ASIANPAINT,20210419,2650,2650,2566.85,2571.9,1552036
ASIANTILES,20210419,155.1,156.85,152.05,152.95,218448
ASPINWALL,20210419,170.2,170.2,160,161.65,4038
ASTEC,20210419,1020,1053,1010,1045.55,19881
ASTERDM,20210419,144,152.55,139.5,147.15,881964
ASTRAL,20210419,1619.5,1706.55,1550,1680.25,895014
ASTRAMICRO,20210419,113,115.25,110.35,113.4,166390
ASTRAZEN,20210419,3460.25,3638,3455.7,3595.3,222033
ASTRON,20210419,37.8,39.1,37.5,37.8,50025
ATFL,20210419,860,860,820.8,830.75,50417
ATGL,20210419,1056,1171.4,1025.1,1143.8,3479821
ATLANTA,20210419,6.9,7.1,6.65,6.95,19588
ATUL,20210419,7651,7737.15,7501,7629.75,147488
ATULAUTO,20210419,170.4,170.4,164.2,167,34974
AUBANK,20210419,1035,1035,973.3,1015.85,2142595
AURIONPRO,20210419,172,186,160.7,180.75,399998
AUROPHARMA,20210419,955,974,932.2,965.9,4587771
AUSOMENT,20210419,52.6,54.7,49,51,1851
AUTOAXLES,20210419,1011.7,1011.7,968.7,976.6,12616
AUTOIND,20210419,36.9,36.9,34.1,34.3,14335
AVADHSUGAR,20210419,196,203.35,193.35,197.4,112640
AVANTIFEED,20210419,463.85,480.4,456.9,474.75,328589
AVTNPL,20210419,42.6,43.45,41.5,42.25,168670
AWHCL,20210419,242,280,242,267.95,180303
AXISBANK,20210419,650,655.3,631,648.15,17292072
AXISBNKETF,20210419,306,313.45,304.5,313.35,4907
AXISCADES,20210419,57,62.5,53.1,60.2,362040
AXISGOLD,20210419,41.39,41.65,41,41.55,314721
AXISNIFTY,20210419,148.93,149.28,147.68,149.12,9298
AXISTECETF,20210419,268,268,255,258.81,2834
AYMSYNTEX,20210419,43.9,43.9,41.4,42,13810
BAFNAPH,20210419,138.65,138.65,132.1,132.1,3540
BAGFILMS,20210419,2.1,2.1,2,2.05,193358
BAJAJ-AUTO,20210419,3525.2,3562,3447,3515.55,601819
BAJAJCON,20210419,299,324,289.9,312.15,4582636
BAJAJELEC,20210419,1124.85,1177.95,1025.7,1119.9,259618
BAJAJFINSV,20210419,9505.5,9654,9392.6,9469.9,697435
BAJAJHIND,20210419,6.25,6.35,6.2,6.2,3377163
BAJAJHLDNG,20210419,3290,3350,3230,3334.6,20006
BAJFINANCE,20210419,4450,4504,4362,4479.6,3426507
BALAJITELE,20210419,53,53.55,52,52.65,91813
BALAMINES,20210419,1817.85,1899,1761.15,1858.7,206025
BALAXI,20210419,555.55,578,555.55,568.95,1096
BALKRISHNA,20210419,20.5,20.5,20.15,20.35,3904
BALKRISIND,20210419,1650,1686,1640.45,1682.65,299945
BALMLAWRIE,20210419,120,120.4,117,118.3,212856
BALPHARMA,20210419,63.5,63.5,59.25,60.35,40941
BALRAMCHIN,20210419,248,259.4,243.15,247.3,2774591
BANARBEADS,20210419,46.4,46.9,45.7,46.4,1799
BANARISUG,20210419,1603.45,1610,1565,1586.4,348
BANCOINDIA,20210419,143,143.85,136.25,142.75,298749
BANDHANBNK,20210419,306.15,314,302.5,304.9,10616671
BANG,20210419,27.9,28,24.2,26.65,19650
BANKA,20210419,65,65,58.5,58.9,3499
BANKBARODA,20210419,65,65,62.5,63.8,49914615
BANKBEES,20210419,320.45,320.45,306.68,314.04,1917865
BANKINDIA,20210419,66.05,66.9,63.85,64.6,7952903
BANSWRAS,20210419,90.3,90.3,86.25,88.3,27512
BARBEQUE,20210419,638,654.85,626.75,648.7,146563
BASF,20210419,2060,2096.65,2005,2027.6,119507
BASML,20210419,64.5,65.05,60.95,61.9,67916
BATAINDIA,20210419,1314.35,1314.35,1263.6,1288.45,1250432
BAYERCROP,20210419,5133,5133,5050,5085.3,13933
BBL,20210419,1077,1094.95,1065,1081.05,8559
BBTC,20210419,1177.7,1188.7,1151.85,1160.35,65326
BCG,20210419,7.7,7.95,7.6,7.6,2683365
BCLIND,20210419,126.15,126.5,117.1,122.95,138458
BCP,20210419,3.2,3.25,3.15,3.15,464794
BDL,20210419,325.1,329.9,321.1,326.05,92986
BEARDSELL,20210419,10,11,9.1,9.6,21615
BECTORFOOD,20210419,353,353,344,351.15,254494
BEDMUTHA,20210419,24.5,24.5,22.5,23.25,8929
BEL,20210419,124.1,126.45,122.15,123.4,10011528
BEML,20210419,1151,1175,1120.05,1154.8,204012
BEPL,20210419,160,170.5,156.6,159.6,6674526
BERGEPAINT,20210419,729.85,729.85,708.9,715.8,461033
BESTAGRO,20210419,403.05,429.95,403,411.3,2311
BFINVEST,20210419,275.5,275.5,268.45,269.35,8732
BFUTILITIE,20210419,237,237,231.45,232.9,219972
BGLOBAL,20210419,1.05,1.1,1,1.1,28775
BGRENERGY,20210419,44.1,44.1,42.05,42.25,98698
BHAGERIA,20210419,154.75,155.85,147.05,150.7,21564
BHAGYANGR,20210419,49,51,48.25,49.45,23310
BHAGYAPROP,20210419,30.3,30.3,28.15,29,35573
BHANDARI,20210419,2.1,2.2,2,2.15,179567
BHARATFORG,20210419,562,574.4,555.75,560.85,3335665
BHARATGEAR,20210419,75.6,75.6,70.2,71.9,17407
BHARATRAS,20210419,9628,9912.3,9628,9859.65,1344
BHARATWIRE,20210419,43,43,40.7,40.7,5435
BHARTIARTL,20210419,532.25,535,523.25,526.45,7232945
BHEL,20210419,44,44.6,43,44.05,40713340
BIGBLOC,20210419,83.5,83.5,79.35,80.75,4916
BIL,20210419,194,200.85,186,186.9,13712
BINDALAGRO,20210419,16.8,17.25,16.1,16.7,59056
BIOCON,20210419,412.85,412.85,399.75,406.35,4445076
BIOFILCHEM,20210419,63,65,62.5,63.15,34865
BIRLACABLE,20210419,57,57.05,54,55.2,63801
BIRLACORPN,20210419,945,952.25,918.3,938.7,201131
BIRLAMONEY,20210419,40.5,40.5,39.25,39.5,65057
BIRLATYRE,20210419,22,22,21.1,21.6,351150
BKMINDST,20210419,0.9,0.9,0.9,0.9,619
BLBLIMITED,20210419,5.65,5.8,5.35,5.6,2983
BLISSGVS,20210419,95,95.95,91.65,92.35,253218
BLKASHYAP,20210419,14.95,14.95,14.9,14.9,50784
BLS,20210419,83,86,83,85.45,132283
BLUECHIP,20210419,0.45,0.45,0.4,0.45,52432
BLUEDART,20210419,5235,5250,4980.75,5223.4,25980
BLUESTARCO,20210419,850,851.35,821.45,827.2,168436
BODALCHEM,20210419,87,88.55,86.2,86.95,459541
BOMDYEING,20210419,66.6,66.9,65.2,65.6,852532
BOROLTD,20210419,185,185,175,177.85,146386
BORORENEW,20210419,225.95,244,213.25,239.85,1257666
BOSCHLTD,20210419,13550.05,13616.95,13354.25,13512.95,25052
BPCL,20210419,405,412.4,400,408.75,5628231
BPL,20210419,22.5,23,22,22.35,78492
BRFL,20210419,7.1,7.1,6.45,6.85,129600
BRIGADE,20210419,249.3,251.6,236.1,248.2,146363
BRITANNIA,20210419,3685,3755,3653.05,3742.8,560398
BRNL,20210419,28,28.85,25.75,27.15,65714
BROOKS,20210419,72.45,74.75,68.65,72.1,63589
BSE,20210419,570,578.35,565,572.7,270591
BSELINFRA,20210419,0.9,0.9,0.9,0.9,506
BSHSL,20210419,131.5,137.85,131.5,133.3,509
BSL,20210419,35.35,35.35,32.3,33.3,7299
BSLGOLDETF,20210419,4272,4445,4272,4394.95,2074
BSLNIFTY,20210419,164.35,170,155.8,157.65,1573
BSOFT,20210419,247,252.6,242.2,248.65,530352
BURGERKING,20210419,127,128.9,126.8,128.2,813532
BURNPUR,20210419,2.35,2.35,2.2,2.2,84071
BUTTERFLY,20210419,638,638,596.15,604.5,131869
BVCL,20210419,16.2,17.05,16.2,16.2,4757
BYKE,20210419,19.2,19.2,17.2,18.35,53180
CADILAHC,20210419,535,536.8,513.4,527.15,15721350
CALSOFT,20210419,8.8,8.8,8.4,8.4,21037
CAMLINFINE,20210419,136.85,137.25,132,135.95,252700
CAMS,20210419,2010,2158,1966.95,2030.65,641485
CANBK,20210419,128,129.8,124.3,129.3,20077732
CANFINHOME,20210419,498,505,489.2,500.6,293658
CANTABIL,20210419,370.3,372,368.5,368.95,99165
CAPACITE,20210419,186.6,188.8,180.45,186.8,63677
CAPLIPOINT,20210419,463.9,504.9,448.35,491.75,1483755
CAPTRUST,20210419,76.65,76.65,71.05,71.25,15365
CARBORUNIV,20210419,486,492,462.15,480.3,204099
CAREERP,20210419,128.95,128.95,118.8,119.7,70317
CARERATING,20210419,453.5,493.8,432.65,480.25,847347
CASTEXTECH,20210419,0.6,0.6,0.5,0.6,430504
CASTROLIND,20210419,122.55,122.6,120.5,121.5,936737
CCCL,20210419,0.5,0.5,0.5,0.5,5526
CCHHL,20210419,3.9,3.9,3.35,3.65,127114
CCL,20210419,252,253.9,245.85,250.75,204103
CDSL,20210419,715.2,734,696,712.6,585556
CEATLTD,20210419,1380,1384.95,1336.2,1366.4,153098
CEBBCO,20210419,17.1,17.1,16.25,16.35,19596
CELEBRITY,20210419,5.2,5.45,5.15,5.15,37450
CENTENKA,20210419,247,251,243,245.85,28948
CENTEXT,20210419,4.25,4.5,4.1,4.4,54258
CENTRALBK,20210419,16.6,16.65,15.85,16.25,11471858
CENTRUM,20210419,23.95,24,22.25,22.5,1286862
CENTUM,20210419,358,374.9,358,369.25,3873
CENTURYPLY,20210419,335,349,316.75,324.2,1212043
CENTURYTEX,20210419,463.5,463.5,445.3,448.85,381972
CERA,20210419,3866,3887.05,3813,3834.65,6367
CEREBRAINT,20210419,49,50.95,48.25,50,182329
CESC,20210419,604,604.8,588,589.65,206410
CGCL,20210419,394,398.8,393,393.85,124307
CGPOWER,20210419,69,69.8,68.25,68.3,4263923
CHALET,20210419,129.7,151.9,122.65,133.8,410896
CHAMBLFERT,20210419,223.9,223.95,216.5,218.05,385182
CHEMBOND,20210419,183.1,185.6,176.8,181.85,13081
CHEMCON,20210419,405.6,410,403,406.95,109776
CHEMFAB,20210419,135,135,128.3,133.45,5309
CHENNPETRO,20210419,96.5,96.5,93.15,94.6,307371
CHOLAFIN,20210419,527,534.95,514.2,530.55,3922769
CHOLAHLDNG,20210419,579.7,580,541.55,555.05,54835
CIGNITITEC,20210419,404.3,420.05,403.05,409,79650
CINELINE,20210419,29.6,30.9,28.55,29.55,41406
CINEVISTA,20210419,14.55,16.1,13.4,16.1,740695
CIPLA,20210419,945.25,955,924,946.3,17805574
CLEDUCATE,20210419,87.75,90.95,83.9,84.95,31788
CLNINDIA,20210419,401,401.55,392,397.05,64925
CMICABLES,20210419,43.1,44.45,42.55,43,31833
COALINDIA,20210419,125.6,126,123.4,124.6,7131534
COCHINSHIP,20210419,351.9,354.45,346,349.55,145888
COFORGE,20210419,3050.95,3170,3050.95,3111.65,524015
COLPAL,20210419,1555,1568,1532.95,1536,827310
COMPINFO,20210419,15.55,15.8,14.9,15.5,128626
COMPUSOFT,20210419,8.5,8.9,8.4,8.75,82426
CONCOR,20210419,561.8,561.8,542,551.85,1062008
CONFIPET,20210419,39.1,39.95,38,39.2,610036
CONSOFINVT,20210419,50.2,52.7,50.2,52.1,6124
CONTROLPR,20210419,246,257,239.25,254.1,16908
CORALFINAC,20210419,20.7,21.55,20.1,20.75,7897
CORDSCABLE,20210419,39,39.45,38.35,39.1,12932
COROMANDEL,20210419,731.5,746,723.05,732.85,363241
COSMOFILMS,20210419,630,641.65,620,632.35,35810
COUNCODOS,20210419,2.15,2.15,2.05,2.05,8998
CPSEETF,20210419,22.58,22.58,21.61,21.71,1643113
CRAFTSMAN,20210419,1314,1320,1295,1296.1,32114
CREATIVE,20210419,101,101.25,100.1,100.2,14247
CREATIVEYE,20210419,2.8,2.8,2.8,2.8,499
CREDITACC,20210419,542.1,575,542.1,567.7,265064
CREST,20210419,78.7,78.7,72.15,74.25,4763
CRISIL,20210419,1884,1923.7,1825.05,1860.65,57401
CROMPTON,20210419,379,380.95,370.1,372.85,793504
CSBBANK,20210419,256.1,256.1,247.5,249.2,138654
CTE,20210419,27.3,27.3,26.2,26.2,10232
CUB,20210419,158.1,160.15,155.7,158,2111519
CUBEXTUB,20210419,19.75,21.7,19.6,21.7,74811
CUMMINSIND,20210419,825,870.1,817.6,840,773487
CUPID,20210419,212.05,218,203.8,212.7,44673
CYBERMEDIA,20210419,14.35,14.35,13.65,13.65,14154
CYBERTECH,20210419,121,122.6,117,120.65,103214
CYIENT,20210419,674.95,679.3,667,670.35,139752
DAAWAT,20210419,69.6,69.85,62.5,68.5,3434746
DABUR,20210419,565,574,562.65,569.2,1876054
DALBHARAT,20210419,1530,1530,1488,1503.5,79579
DALMIASUG,20210419,221,234.7,216.25,224.4,611083
DAMODARIND,20210419,22.35,22.9,21.45,22.5,23701
DANGEE,20210419,133.5,136.9,130.9,135.1,36134
DATAMATICS,20210419,112,112.1,108.5,109.8,139880
DBCORP,20210419,85,85.8,81.7,82.55,252255
DBL,20210419,578,586.85,551.15,578.1,231732
DBREALTY,20210419,20.45,20.45,19.5,19.5,116649
DBSTOCKBRO,20210419,9.4,9.7,8.75,9.45,2866
DCAL,20210419,121,137.95,117.7,132.35,4981044
DCBBANK,20210419,91.2,91.2,85.5,87,2439443
DCM,20210419,23.7,25.5,23.6,24.25,14662
DCMFINSERV,20210419,1.65,1.65,1.55,1.6,16167
DCMNVL,20210419,83,83,78.9,81,10755
DCMSHRIRAM,20210419,627.5,724.4,611.3,696.75,3761007
DCW,20210419,32,32,30.6,31.3,2363049
DECCANCE,20210419,412,412,399.2,406.35,33729
DEEPAKFERT,20210419,241.3,241.45,230.75,233.1,494493
DEEPAKNTR,20210419,1549.6,1571.9,1533.25,1558.85,469972
DEEPENR,20210419,35,35,32.3,34,16386
DELTACORP,20210419,146,147.45,142.2,143.05,1984013
DELTAMAGNT,20210419,28.75,28.75,27.4,27.6,2756
DEN,20210419,47.8,48.15,47.1,47.6,1296431
DENORA,20210419,248.7,275,239.05,260.35,10612
DFMFOODS,20210419,340,340,330.1,331.3,36451
DGCONTENT,20210419,8.25,8.3,7.65,7.9,24687
DHAMPURSUG,20210419,200,206,193.5,198.25,1056420
DHANBANK,20210419,14,14,13,13.65,468308
DHANI,20210419,195.55,197,194.2,194.2,2010738
DHANUKA,20210419,721.1,721.1,697.1,710.75,38848
DHARSUGAR,20210419,6.45,6.45,6.2,6.3,9719
DHFL,20210419,13.85,13.85,13.3,13.3,1799409
DHUNINV,20210419,281,287.8,268.35,279.3,4144
DIAMONDYD,20210419,535,563,535,558.25,11737
DICIND,20210419,380.05,394.25,377.45,379.1,3594
DIGISPICE,20210419,35.15,35.15,35.15,35.15,16773
DISHTV,20210419,9.05,9.15,8.8,8.9,4143022
DIVISLAB,20210419,3812,3849.85,3756,3807.1,777986
DIXON,20210419,3560,3860,3535,3830.45,613612
DLF,20210419,244,244.8,235.05,236.8,12812162
DLINKINDIA,20210419,98.6,101.7,98.1,98.5,127921
DMART,20210419,2860.45,2869.5,2820.25,2850.75,267692
DNAMEDIA,20210419,0.7,0.75,0.65,0.65,91538
DOLAT,20210419,63,65.7,62.4,65.05,143123
DOLLAR,20210419,236.25,239.95,235.25,237.15,44049
DONEAR,20210419,29,29,27.3,28.05,16697
DPABHUSHAN,20210419,113.65,115.65,110.1,114.4,2173
DPSCLTD,20210419,12.95,13,12.15,12.75,16508
DPWIRES,20210419,107.4,107.4,102,104.85,4388
DRCSYSTEMS,20210419,274.55,274.55,274.55,274.55,2207
DREDGECORP,20210419,342.15,343.65,332.2,338.9,79041
DRREDDY,20210419,4893,5005,4807.05,4968.1,1843928
DSSL,20210419,74.95,77,71.05,74.2,67663
DTIL,20210419,252.95,252.95,247,247.5,2206
DUCON,20210419,7,7.2,6.55,7,111180
DVL,20210419,91,95.25,88.5,91.9,45269
DWARKESH,20210419,33.9,34.15,32,33.05,1980180
DYNAMATECH,20210419,984.05,990,949,979.4,6077
DYNPRO,20210419,451,456.25,444,448.85,49986
EASEMYTRIP,20210419,168.85,174.35,161.55,172.1,1851422
EASTSILK,20210419,2.1,2.1,2.1,2.1,40119
EBANK,20210419,3400,3566,3400,3566,2
EBBETF0423,20210419,1121,1123,1119,1122.47,14389
EBBETF0425,20210419,1030,1033.19,1027,1033.08,19134
EBBETF0430,20210419,1147.94,1147.99,1143.13,1146.49,14041
EBBETF0431,20210419,1024.15,1028.8,1024.15,1028.16,15020
EBIXFOREX,20210419,460,466.45,440,447.3,2019
ECLERX,20210419,1150,1208.65,1110,1196.35,94056
EDELWEISS,20210419,61.9,61.9,60.5,60.65,1316142
EICHERMOT,20210419,2375,2386,2318.1,2370.35,882318
EIDPARRY,20210419,315.95,324.95,311,314.85,321823
EIHAHOTELS,20210419,220,227,205.35,220.2,18807
EIHOTEL,20210419,85.8,85.8,82,83.45,772373
EIMCOELECO,20210419,341.3,341.3,325,331,1525
EKC,20210419,77,92.25,76.7,92.25,7666233
ELECON,20210419,61.55,70.4,61.5,69.65,959358
ELECTCAST,20210419,29.95,29.95,28.25,28.85,619289
ELECTHERM,20210419,104.7,104.7,99.25,100.6,10573
ELGIEQUIP,20210419,195,230.4,188.25,224.5,1191982
ELGIRUBCO,20210419,24.55,25.7,24.55,24.8,30649
EMAMILTD,20210419,538,543,522.5,529.7,196009
EMAMIPAP,20210419,125,138,117.85,132.35,106759
EMAMIREAL,20210419,45.5,46.9,43.55,44.65,56907
EMKAY,20210419,62.75,63,60,60.35,30201
EMMBI,20210419,78.35,78.7,74.05,77.8,26192
ENDURANCE,20210419,1300,1300,1250.5,1286.05,166434
ENERGYDEV,20210419,9.1,9.1,8.6,8.75,23108
ENGINERSIN,20210419,70.6,72,70,70.8,1328915
ENIL,20210419,145,145,140.5,142.2,22941
EPL,20210419,205,210.05,202,208.85,175743
EQ30,20210419,419,423.79,410,421.99,192
EQUITAS,20210419,79,79,75.35,75.7,1185061
EQUITASBNK,20210419,50.55,51.9,50,51,2067933
ERIS,20210419,582,594.5,576.6,580.6,75644
EROSMEDIA,20210419,23.2,23.2,22.3,22.75,210897
ESABINDIA,20210419,1791,1842,1791,1821.2,3829
ESCORTS,20210419,1225,1227.4,1190,1220.45,796272
ESSARSHPNG,20210419,8,8,7.6,7.65,37257
ESTER,20210419,117.8,124.7,115,122.25,309107
EUROTEXIND,20210419,7.3,7.3,7.3,7.3,105
EVEREADY,20210419,271.8,275,265,267.75,293176
EVERESTIND,20210419,284.9,284.9,275.5,276.5,23819
EXCEL,20210419,2.5,2.5,2.4,2.4,25697
EXCELINDUS,20210419,813.05,813.05,792,795.45,12141
EXIDEIND,20210419,175,175.8,171.2,173.05,1906605
EXPLEOSOL,20210419,541,548.75,519,533.55,33902
FACT,20210419,104,105.85,100.65,104.3,346570
FAIRCHEMOR,20210419,757,765,735.65,751.6,9236
FCL,20210419,62.15,64.45,61.55,63,228504
FCONSUMER,20210419,7.3,7.3,5.85,6.7,11840771
FCSSOFT,20210419,0.7,0.7,0.65,0.65,3547650
FDC,20210419,314,328.75,313,317.05,1492466
FEDERALBNK,20210419,73.75,74,71.05,71.95,31167449
FEL,20210419,9.2,9.3,8.7,8.95,988555
FELDVR,20210419,10.55,11.9,10.5,10.85,74425
FIEMIND,20210419,542.8,548.85,535,537.7,16081
FILATEX,20210419,70,73.25,68,71.9,811742
FINCABLES,20210419,360,368,350,360.75,123647
FINEORG,20210419,2480,2560,2305.6,2531.6,109312
FINPIPE,20210419,141.9,147.4,138.85,144.65,2170773
FLEXITUFF,20210419,25.4,25.4,23,24.3,1266
FLFL,20210419,54.95,58,54.05,55.9,153773
FLUOROCHEM,20210419,705,732.45,685,704.95,97740
FMGOETZE,20210419,308.2,310.55,295.95,299.4,11906
FMNL,20210419,13.9,14.95,13.75,13.75,94992
FORCEMOT,20210419,1112,1119,1090,1093.3,13102
FORTIS,20210419,201.75,207.6,198.95,200.4,4288546
FOSECOIND,20210419,1221,1221,1201,1211.55,329
FRETAIL,20210419,48,50.3,47.05,47.75,5292892
FSC,20210419,72.7,76.3,71.4,72.4,50236
FSL,20210419,114,114.55,110.6,113.05,5350998
G5,20210419,47.7,47.9,47.7,47.85,49968
GABRIEL,20210419,101,103.25,99.6,101.7,207146
GAEL,20210419,131.25,131.25,125,127.25,234766
GAIL,20210419,135,137.9,133.55,136.4,11824604
GAL,20210419,2.45,2.45,2.25,2.3,122416
GALAXYSURF,20210419,2567.4,2593.05,2509.1,2569.5,24236
GALLANTT,20210419,49.5,50.3,47.35,48.3,42065
GALLISPAT,20210419,40.6,40.85,38.7,40.35,43641
GAMMNINFRA,20210419,0.7,0.75,0.65,0.65,2339489
GANDHITUBE,20210419,265.6,269.9,256.95,263.6,1079
GANECOS,20210419,535,537.85,511,521.25,18469
GANESHHOUC,20210419,74.1,77.5,68.75,70.65,78338
GANGESSECU,20210419,57.05,57.85,53.8,56.55,3051
GANGOTRI,20210419,0.7,0.7,0.65,0.65,1210
GARFIBRES,20210419,2572,2660.2,2508.65,2627.5,12558
GATI,20210419,97,97,93.15,94.35,421821
GAYAHWS,20210419,0.55,0.6,0.5,0.55,175622
GAYAPROJ,20210419,27.6,28.5,26.35,27.1,693284
GBGLOBAL,20210419,7.15,7.5,6.8,7.25,453
GDL,20210419,170.15,172.95,165,172.25,80342
GEECEE,20210419,101.6,103.8,96.1,102.2,20212
GEEKAYWIRE,20210419,73.35,82.9,73.35,80.8,1092
GENCON,20210419,42.6,44.65,41.6,44,5535
GENESYS,20210419,89.8,98.9,89.8,90.45,7160
GENUSPAPER,20210419,7.3,7.35,6.9,7.1,253106
GENUSPOWER,20210419,46,46.15,42.85,44.5,172800
GEOJITFSL,20210419,45.55,46.3,43.55,45.5,421027
GEPIL,20210419,260,260,244.1,246.3,60214
GESHIP,20210419,290.05,297.9,288.9,293.15,69551
GET&D,20210419,110,110,106,107.85,53837
GFLLIMITED,20210419,68.1,69,64.5,66.55,127718
GFSTEELS,20210419,1.85,1.85,1.85,1.85,280
GHCL,20210419,231,231,220.5,224.05,127826
GICHSGFIN,20210419,109.2,110,105.4,106.2,216491
GICRE,20210419,205.6,206,197.4,203.1,423043
GILLANDERS,20210419,39.95,39.95,37,37.7,7534
GILLETTE,20210419,5505.3,5507.05,5400,5463.5,3254
GINNIFILA,20210419,19.5,19.5,18.6,18.8,36805
GIPCL,20210419,73.9,73.9,72.55,73.3,174694
GISOLUTION,20210419,2.3,2.3,2.1,2.1,1601
GKWLIMITED,20210419,529.05,532,506.25,512,1409
GLAND,20210419,2601,2804,2560.45,2760.15,832665
GLAXO,20210419,1466,1470,1418,1424.2,111951
GLENMARK,20210419,570,587.6,538.45,578.9,13615161
GLFL,20210419,2.45,2.45,2.45,2.45,2180
GLOBAL,20210419,39.35,41.2,37.4,38.7,9694
GLOBE,20210419,47.5,47.5,47.5,47.5,171
GLOBUSSPR,20210419,310,312.5,300,310.45,70524
GMBREW,20210419,408,408,395,395.85,19833
GMDCLTD,20210419,54.2,54.25,51.9,53.25,982261
GMMPFAUDLR,20210419,4000.1,4081.1,3935.5,3977.05,54730
GMRINFRA,20210419,23.25,23.65,22.9,23.15,11169944
GNA,20210419,355.25,361.8,350.7,359,36582
GNFC,20210419,318.1,318.5,303.65,307.8,958356
GOACARBON,20210419,304,313.05,303.15,305.5,31087
GOCLCORP,20210419,207.1,208.9,198.05,204.4,12510
GODFRYPHLP,20210419,867,867,841.5,843.6,41852
GODHA,20210419,44.85,44.9,40.95,40.95,85
GODREJAGRO,20210419,492.2,495,480,482.85,101344
GODREJCP,20210419,725,728,710.9,724.75,627482
GODREJIND,20210419,530,530,510,524.1,138211
GODREJPROP,20210419,1280,1319.5,1280,1302.95,687636
GOKEX,20210419,77.45,80,75.15,79.35,109919
GOKUL,20210419,18.2,18.2,16.35,17.05,54711
GOKULAGRO,20210419,22.6,22.6,20.2,20.8,151852
GOLDBEES,20210419,41.24,41.59,40.71,41.53,10605192
GOLDENTOBC,20210419,39.8,39.8,38,38.9,7717
GOLDIAM,20210419,339.9,346.45,336,340.25,64782
GOLDSHARE,20210419,42.35,43.3,41.65,42.65,451934
GOLDTECH,20210419,10.95,10.95,10.45,10.45,13169
GOODLUCK,20210419,74,74,70.25,71.75,144520
GOODYEAR,20210419,892.05,892.05,826.7,874.55,6419
GPIL,20210419,741,779.4,737,767.7,94042
GPPL,20210419,95.85,96,92.5,95.75,220311
GPTINFRA,20210419,36,37.2,34.8,35.25,29128
GRANULES,20210419,325,347,317.05,341.35,8010803
GRAPHITE,20210419,610.3,631.8,590.15,628.6,2817725
GRASIM,20210419,1330.3,1339,1305.25,1324.7,1236979
GRAVITA,20210419,85,85.25,81,84.35,110740
GREAVESCOT,20210419,121.6,126.75,120.15,126.15,1028623
GREENLAM,20210419,980,984.95,966,971.5,5263
GREENPANEL,20210419,219.05,219.05,198.25,202.35,1696066
GREENPLY,20210419,189.05,189.05,182,186.7,1181008
GREENPOWER,20210419,1.85,1.85,1.8,1.8,966585
GRINDWELL,20210419,920,922,872.05,894.1,40266
GROBTEA,20210419,792.05,844.05,766.05,811.85,378
GRPLTD,20210419,856.2,870.05,826,847.5,913
GRSE,20210419,175,179.75,173.05,176,93525
GSCLCEMENT,20210419,34,34,28.65,32.65,209273
GSFC,20210419,86.5,88.95,86.3,88.35,927856
GSPL,20210419,250,258.5,220.25,253.15,1173354
GSS,20210419,59,62.8,53.9,60.15,1048914
GTL,20210419,5.35,5.75,4.95,5.25,215130
GTLINFRA,20210419,0.7,0.7,0.65,0.7,7500314
GTNTEX,20210419,5.5,5.5,5.5,5.5,4
GTPL,20210419,130.5,138,126,136.6,454308
GUFICBIO,20210419,112.85,126,111.6,115.5,226213
GUJALKALI,20210419,398,432,384.35,416.35,1192154
GUJAPOLLO,20210419,203.15,209.85,202.1,208.75,2539
GUJGASLTD,20210419,532,537.2,517,532.85,875827
GUJRAFFIA,20210419,40.3,44.3,40.15,43.55,2504
GULFOILLUB,20210419,703,715,694,697.1,21371
GULFPETRO,20210419,37.4,37.4,35.5,36.25,27520
GULPOLY,20210419,116,117.9,112.25,114.85,122530
HAL,20210419,948,948,929,940.2,205597
HAPPSTMNDS,20210419,627.95,643.75,618.8,634.5,1613078
HARRMALAYA,20210419,140.35,145,138.7,140.9,87808
HATHWAY,20210419,23,23,21.1,22.3,955907
HATSUN,20210419,750.5,750.5,735,741.4,32014
HAVELLS,20210419,982.05,1006.5,971.1,1000.95,935048
HAVISHA,20210419,0.75,0.75,0.65,0.75,74465
HBANKETF,20210419,309.87,313.93,304.73,310.58,10629
HBLPOWER,20210419,31.15,31.5,29.9,30.9,390690
HBSL,20210419,16.5,17.05,16.5,17.05,3869
HCC,20210419,7.45,7.6,7.3,7.4,2090981
HCG,20210419,165.9,168.65,161.3,166.15,41985
HCL-INSYS,20210419,8.3,8.4,8.15,8.25,422582
HCLTECH,20210419,996,1028.45,987.85,994.6,6239343
HDFC,20210419,2474,2510,2452,2492.35,3550890
HDFCAMC,20210419,2850,2871,2803,2819.35,219420
HDFCBANK,20210419,1390,1417.7,1372.3,1412.4,12034621
HDFCLIFE,20210419,682.05,684.45,661.55,665.95,4936620
HDFCMFGETF,20210419,42.39,42.62,41.91,42.57,2065003
HDFCNIFETF,20210419,152.39,152.85,150.95,152.49,24380
HDFCSENETF,20210419,529.99,538,512,520.19,4737
HEG,20210419,2040,2047.85,1930,1999.75,571615
HEIDELBERG,20210419,232.7,232.7,224.65,227.8,182841
HEMIPROP,20210419,130,130,126.3,126.75,360033
HERANBA,20210419,627.1,636.95,620.1,625,349838
HERCULES,20210419,112,113.7,111,112.7,20753
HERITGFOOD,20210419,308.7,314.2,304,309.8,59112
HEROMOTOCO,20210419,2761.35,2822.55,2743.1,2785.55,740714
HESTERBIO,20210419,2319,2378.85,2226.8,2261.35,51070
HEXATRADEX,20210419,101.95,101.95,92.65,94.45,57677
HFCL,20210419,25,25,24,24.15,2277155
HGINFRA,20210419,260.1,270,254.9,267.85,64628
HGS,20210419,1616.25,1689,1606,1660.1,87629
HIKAL,20210419,178.9,194.75,174,189.6,5286910
HIL,20210419,3225,3240,3130,3149.85,8832
HILTON,20210419,12.65,12.65,12.05,12.05,6647
HIMATSEIDE,20210419,135,137.3,133.1,134.1,50344
HINDALCO,20210419,358.7,366,353.85,361.4,15435944
HINDCOMPOS,20210419,260,260,248,250.1,2953
HINDCOPPER,20210419,146.5,146.5,137.35,139.85,9669079
HINDMOTORS,20210419,6.25,6.6,6.25,6.35,75926
HINDNATGLS,20210419,32,32,30.95,31,21867
HINDOILEXP,20210419,95.45,95.45,86.4,94.55,348738
HINDPETRO,20210419,231.15,234,228.55,231.4,6729672
HINDUNILVR,20210419,2440,2459.7,2414.05,2436.65,1746316
HINDZINC,20210419,286,290,278.65,282.9,1180792
HIRECT,20210419,128.4,128.5,121.55,122.9,11939
HISARMETAL,20210419,112,112,105,106.25,23283
HITECH,20210419,374.4,380.75,355.55,369.7,81575
HITECHCORP,20210419,137,137.9,131,136.25,6770
HITECHGEAR,20210419,165,165,143.5,158.75,8419
HLEGLAS,20210419,2355,2355,2266.3,2287.05,4081
HLVLTD,20210419,5.15,5.5,5.05,5.3,287224
HMVL,20210419,59,59,56,57.25,27555
HNDFDS,20210419,1950,1960,1880.25,1909.95,13318
HNGSNGBEES,20210419,374,374,362.74,364.07,1272
HOMEFIRST,20210419,461.5,469,455.35,463.2,81219
HONAUT,20210419,42800,43920,41671.55,43557.85,3948
HONDAPOWER,20210419,958,958,930,934.25,4334
HOTELRUGBY,20210419,0.95,0.95,0.95,0.95,4349
HOVS,20210419,42.55,43.95,42.5,42.7,5884
HPL,20210419,47,48.25,46.75,46.9,101308
HSCL,20210419,41.75,42.1,41.1,41.55,5072456
HSIL,20210419,149,149,142.5,146.5,129521
HTMEDIA,20210419,20.45,20.7,20.1,20.15,85986
HUBTOWN,20210419,14.5,15.9,14.45,14.9,12344
HUDCO,20210419,39.8,40.65,39.5,39.95,1232791
HUHTAMAKI,20210419,269,273.2,266.2,270.15,56892
IBMFNIFTY,20210419,148,148,140,142.4,275
IBREALEST,20210419,75.5,76.3,72.5,73.95,5947172
IBULHSGFIN,20210419,156.2,162.65,154.2,160.85,19449239
ICEMAKE,20210419,66.3,68.8,60,63.3,18549
ICICI500,20210419,209.98,209.98,196,198.66,7993
ICICIALPLV,20210419,147.49,147.49,141.95,144.98,8943
ICICIB22,20210419,34.89,34.89,33.41,34.16,638964
ICICIBANK,20210419,550,562.3,534.4,559.75,28526176
ICICIBANKN,20210419,324,324,290,310.76,20787
ICICIBANKP,20210419,167.95,167.95,160.4,163.57,35694
ICICIGI,20210419,1410,1410,1333.65,1360.7,1174639
ICICIGOLD,20210419,42,42.55,41.31,42.52,1596058
ICICILIQ,20210419,1000,1000,995,1000,7874
ICICILOVOL,20210419,121.68,122.7,113.56,117.99,26732
ICICIM150,20210419,90.95,91.99,87.9,88.54,97710
ICICIMCAP,20210419,96,96,82.7,83.64,13858
ICICINF100,20210419,159.42,173.8,154.5,156.01,15591
ICICINIFTY,20210419,175.8,175.8,150,153.12,640720
ICICINV20,20210419,79,80.7,76.56,77.63,14834
ICICINXT50,20210419,38.4,38.4,32.1,34.49,34601
ICICIPRULI,20210419,449,454.5,432.85,452.05,1378019
ICICISENSX,20210419,526.99,526.99,510.25,517.84,3318
ICICITECH,20210419,264.6,267,255,264.04,1055575
ICIL,20210419,126,126,117,121.75,122044
ICRA,20210419,3231.05,3340.3,3180,3224.8,7525
IDBI,20210419,34,34.45,33.5,33.85,12695067
IDBIGOLD,20210419,4262,4374.95,4262,4347.9,192
IDEA,20210419,8.6,8.6,8.3,8.45,132327626
IDFC,20210419,46,46,44.5,44.75,3850668
IDFCFIRSTB,20210419,50,51.15,49.4,50.7,56663464
IDFNIFTYET,20210419,158,158,147.9,149.43,592
IEX,20210419,336.25,356.35,332.05,352.35,3254684
IFBAGRO,20210419,404.95,404.95,390.5,394.1,14553
IFBIND,20210419,1030,1083.4,1030,1052.85,36209
IFCI,20210419,11,11.05,10.75,10.75,2490672
IFGLEXPOR,20210419,362,363.7,340,342.25,63547
IGARASHI,20210419,318.9,322.75,306.45,318.8,76517
IGL,20210419,501,503.9,487.2,498.1,1536072
IGPL,20210419,460,460,440.85,449.55,45814
IIFL,20210419,269,273,259.65,261,236810
IIFLSEC,20210419,46.85,47.3,46.4,46.95,226202
IIFLWAM,20210419,1175,1180,1111.4,1122.25,23006
IITL,20210419,56.3,56.3,51.5,52.95,2439
IMAGICAA,20210419,5.7,5.7,5.35,5.35,57694
IMFA,20210419,474,474,460,469.25,19622
IMPAL,20210419,627.25,668.85,611.05,634.3,7629
INDBANK,20210419,14,14,12.85,13.45,156468
INDHOTEL,20210419,97.75,98.75,94.5,94.7,4256594
INDIACEM,20210419,165,165.5,160.5,162.05,2522781
INDIAGLYCO,20210419,435.65,437.7,421.55,426.25,170172
INDIAMART,20210419,7849,7890,7660,7746.8,93675
INDIANB,20210419,99.95,99.95,96.05,98.6,3713126
INDIANCARD,20210419,127,130.9,124.1,126.9,369
INDIANHUME,20210419,170,170,165.9,167.65,27794
INDIGO,20210419,1535,1558,1516.55,1527.9,971452
INDIGOPNTS,20210419,2250.05,2355.55,2250.05,2302.05,45790
INDLMETER,20210419,12.15,14.05,12.15,13.4,15131
INDNIPPON,20210419,354,362,348,354.55,33170
INDOCO,20210419,310.85,322,303.05,318.85,157568
INDORAMA,20210419,38.85,38.85,36.7,36.85,48102
INDOSTAR,20210419,316.65,316.65,305,305.4,8613
INDOTECH,20210419,87.25,87.3,82.65,84.5,7395
INDOTHAI,20210419,49.9,50,49.9,49.9,3529
INDOWIND,20210419,3.75,3.85,3.6,3.6,46094
INDRAMEDCO,20210419,55.25,55.55,54,54.65,261544
INDSWFTLAB,20210419,72.3,72.3,67.3,69.8,49262
INDSWFTLTD,20210419,4.1,4.1,3.9,3.9,4523
INDTERRAIN,20210419,29.2,29.55,28,28.45,67483
INDUSINDBK,20210419,829.95,836.55,811,832,8550122
INDUSTOWER,20210419,253.7,254.8,248.3,253.05,2345054
INEOSSTYRO,20210419,1048,1088,1005.25,1055.8,127266
INFIBEAM,20210419,42,42,40,40.25,1201570
INFOBEAN,20210419,171.85,171.85,155.1,164.5,56363
INFOMEDIA,20210419,3.6,3.65,3.45,3.6,15060
INFRABEES,20210419,448.89,448.89,407.5,409.23,3722
INFY,20210419,1340,1379.7,1332.35,1362.55,12508028
INGERRAND,20210419,688,693.9,676.55,688.35,12513
INOXLEISUR,20210419,250,254.95,244,252.45,599271
INOXWIND,20210419,68.8,69.45,66,66.75,98193
INSECTICID,20210419,467.25,468,455,465.55,19306
INSPIRISYS,20210419,50.5,52,48.5,49.95,67044
INTEGRA,20210419,4.4,4.4,4.4,4.4,7070
INTELLECT,20210419,665,696.4,657.8,685.2,375339
INTENTECH,20210419,34,36.9,32.3,36,61874
INVENTURE,20210419,27.75,27.75,25.65,26.15,47390
IOB,20210419,16,16.25,15.75,16.15,18669041
IOC,20210419,87.95,88.8,86.85,88.1,15268241
IOLCP,20210419,565,574.6,555.3,565.45,630710
IPCALAB,20210419,2140,2220,2100,2173.55,520935
IRB,20210419,103,105.8,100.7,101.9,904611
IRCON,20210419,87,87.3,85.2,87,1097247
IRCTC,20210419,1550,1620,1550,1612.7,1193238
IRFC,20210419,21.2,21.35,20.9,21.15,10477070
IRISDOREME,20210419,86.4,94.95,86.4,88.6,19781
ISEC,20210419,402,412.9,402,410.1,513965
ISFT,20210419,87.95,92.05,83.35,92,136367
ISMTLTD,20210419,10,10.2,9.6,10.05,58857
ITC,20210419,205,206.1,203.75,205.6,15792299
ITDC,20210419,327,327.05,311.05,317.1,46344
ITDCEM,20210419,72,72.5,69.35,71.95,353901
ITI,20210419,106.9,106.9,102,102.8,300396
IVC,20210419,4.65,4.65,4.1,4.5,726173
IVP,20210419,100,107.9,98.15,101.85,290
IVZINGOLD,20210419,4299,4315.7,4251,4315.7,216
IVZINNIFTY,20210419,1570,1570,1534.2,1556.6,141
IZMO,20210419,67.55,67.55,67.55,67.55,23329
J&KBANK,20210419,24,24.25,22.7,22.95,2098266
JAGRAN,20210419,57.55,58.5,55.2,57.2,589053
JAGSNPHARM,20210419,79.7,81.45,77.5,78.3,338319
JAIBALAJI,20210419,40.05,42,38.25,39.95,32961
JAICORPLTD,20210419,83.4,83.4,80.45,81.3,443694
JAMNAAUTO,20210419,63.85,63.85,60.85,61.9,961577
JASH,20210419,335.8,340,310.05,326.3,25789
JAYAGROGN,20210419,133,133.95,132.05,132.9,5635
JAYBARMARU,20210419,208,208.35,200,201.15,18306
JAYNECOIND,20210419,13.2,13.2,12.85,12.85,399584
JAYSREETEA,20210419,67.9,69.2,64.95,66.85,151784
JBCHEPHARM,20210419,1211,1270,1208,1264.45,227541
JBFIND,20210419,18.65,20.55,18.65,20.55,1486797
JBMA,20210419,364.45,364.45,336.75,346.6,65753
JCHAC,20210419,2490.05,2506.85,2451,2482.25,4641
JHS,20210419,19.65,20.4,19.65,19.65,42146
JIKIND,20210419,0.6,0.6,0.5,0.55,53097
JINDALPHOT,20210419,60.8,62.85,60.8,60.8,1891
JINDALPOLY,20210419,729.1,744,722.65,723.2,86140
JINDALSAW,20210419,74.9,74.9,72,72.7,910144
JINDALSTEL,20210419,403,418.7,398.1,413.8,10772613
JINDCOT,20210419,1.8,1.85,1.75,1.85,53476
JINDRILL,20210419,93.3,93.3,84.65,89.6,20640
JINDWORLD,20210419,45.3,47.6,44.1,44.65,155039
JISLDVREQS,20210419,11.85,11.85,11.3,11.3,33758
JISLJALEQS,20210419,17.15,17.15,16.45,16.45,1316613
JITFINFRA,20210419,8.7,8.7,8.05,8.05,17119
JIYAECO,20210419,4.95,5.1,4.85,4.9,49804
JKCEMENT,20210419,2814.4,2920,2725,2901.45,25595
JKIL,20210419,176.75,176.75,169.75,173.5,90946
JKLAKSHMI,20210419,394,402.3,386.3,395.35,216576
JKPAPER,20210419,130.1,132,127.05,127.7,597759
JKTYRE,20210419,106.05,106.5,103.25,105.9,506682
JMA,20210419,38.8,38.8,36.3,37.05,21407
JMCPROJECT,20210419,74.45,77.15,74.3,75.1,187592
JMFINANCIL,20210419,77.1,78,76.05,76.95,448242
JMTAUTOLTD,20210419,2.45,2.45,2.35,2.35,147306
JOCIL,20210419,160,160.75,151.35,159.1,15374
JPASSOCIAT,20210419,6.95,7,6.4,6.85,7032876
JPINFRATEC,20210419,1.55,1.6,1.55,1.55,775645
JPOLYINVST,20210419,33.8,33.8,33.8,33.8,3236
JPPOWER,20210419,2.95,3,2.85,2.9,14578660
JSL,20210419,73.7,75.85,71,74.8,931454
JSLHISAR,20210419,139,148.25,128,144.65,1516773
JSWENERGY,20210419,95.2,101.6,94.15,100.25,9070828
JSWHL,20210419,3762.7,3952,3728.3,3896.35,2131
JSWISPL,20210419,31.8,32.35,31.1,31.4,1032845
JSWSTEEL,20210419,600,625.5,595.1,615.8,17044636
JTEKTINDIA,20210419,82.95,83.2,81.55,82,98393
JUBLFOOD,20210419,2705.5,2794.15,2705.5,2780.35,332977
JUBLINDS,20210419,199,202.05,191,194.75,31978
JUBLINGREA,20210419,302,329,295.5,313.9,1202262
JUBLPHARMA,20210419,730,799.8,722,770.45,2358938
JUMPNET,20210419,8.25,8.25,8.25,8.25,140340
JUNIORBEES,20210419,364.95,364.95,351.57,356.69,169453
JUSTDIAL,20210419,822,889.9,820,867.25,1731089
JYOTHYLAB,20210419,139.3,141.8,136.45,140.9,389471
KABRAEXTRU,20210419,163.5,168,159.5,162.4,72630
KAJARIACER,20210419,870.1,896,851.05,863.85,407825
KAKATCEM,20210419,175.05,176.85,172,173.25,24193
KALPATPOWR,20210419,357,364,336.95,350.05,864872
KALYANIFRG,20210419,169,179.95,168.15,171,524
KALYANKJIL,20210419,67.8,67.8,65.7,66.85,1228866
KAMATHOTEL,20210419,28.75,28.75,27.5,28.05,22659
KAMDHENU,20210419,142,146,140.1,141,70964
KANANIIND,20210419,4.65,4.65,3.9,4.15,19428
KANORICHEM,20210419,117,117,114,116.4,31476
KANPRPLA,20210419,136,139.65,131.25,132.2,19837
KANSAINER,20210419,567.3,570,531.5,541.1,628414
KAPSTON,20210419,100,100,100,100,101
KARDA,20210419,117,119.9,113.1,114.2,106660
KARMAENG,20210419,13.5,13.7,12.55,13.2,2266
KARURVYSYA,20210419,53.7,53.7,49.6,50.55,2016668
KAUSHALYA,20210419,1.4,1.4,1.4,1.4,1974
KAVVERITEL,20210419,1.85,1.85,1.85,1.85,2206
KAYA,20210419,253.85,254.95,236.35,239.45,24249
KCP,20210419,94.1,94.2,89.4,92.35,437463
KCPSUGIND,20210419,15.05,15.4,14.9,14.95,291546
KDDL,20210419,379.8,423.4,372.5,410.9,298317
KDDL-RE,20210419,305,306.6,219,306.6,47759
KEC,20210419,419.9,427.45,415.5,418.1,473177
KECL,20210419,13.7,13.7,12,12.7,81711
KEERTI,20210419,25.45,25.45,24,24.2,15269
KEI,20210419,491,498.8,474.7,485.95,148380
KELLTONTEC,20210419,62.6,66.5,61,62.55,576461
KENNAMET,20210419,1065,1080.5,1030.05,1041.4,1929
KERNEX,20210419,45.75,45.75,45.75,45.75,8647
KESORAMIND,20210419,68.4,68.4,66.2,66.75,750017
KEYFINSERV,20210419,58.05,58.4,54.9,55.25,634
KHADIM,20210419,132,134.5,124,129.1,79618
KHAICHEM,20210419,21.3,22.8,21.15,22.4,135191
KHAITANLTD,20210419,16.1,16.1,15,15,126
KHANDSE,20210419,13.2,14.1,12.45,13.15,818
KICL,20210419,1427.45,1435,1385,1402.75,469
KILITCH,20210419,102,102.65,95.15,97.85,51543
KINGFA,20210419,598,598,555.25,575.65,8845
KIOCL,20210419,145.25,147.85,142.5,143.55,74818
KIRIINDUS,20210419,415.05,418,410.05,412.45,115176
KIRLFER,20210419,182,187.85,176.25,185.4,106498
KIRLOSBROS,20210419,223.8,223.8,210.3,213.25,91018
KIRLOSENG,20210419,162,162,155.8,158.3,101398
KIRLOSIND,20210419,1275,1275,1215,1224.45,1253
KITEX,20210419,98.4,98.4,91.95,94.8,96564
KKCL,20210419,865,872.95,815.5,831.1,719
KMSUGAR,20210419,12.2,12.55,11.5,11.95,270271
KNRCON,20210419,196,206.4,193.95,203.25,478763
KOKUYOCMLN,20210419,52,53.5,52,52.9,115892
KOLTEPATIL,20210419,237,237,215.8,219.95,252015
KOPRAN,20210419,120.2,130,116.65,128.65,1756090
KOTAKBANK,20210419,1720,1720,1675,1700.75,3865423
KOTAKBKETF,20210419,325.6,325.6,307.72,315.14,77826
KOTAKGOLD,20210419,412.2,417.8,412.2,416.9,126600
KOTAKIT,20210419,26.96,27,25.05,26.04,4162
KOTAKNIFTY,20210419,150,150.66,148.64,150.45,123006
KOTAKNV20,20210419,80.5,81.9,77.45,79.32,14698
KOTAKPSUBK,20210419,198,198,187.55,190.17,42448
KOTARISUG,20210419,25.35,26.45,25.05,25.3,146375
KOTHARIPET,20210419,25,25.05,24,24.75,57373
KOTHARIPRO,20210419,61.45,62.45,59.05,59.8,4931
KPITTECH,20210419,189.75,198.95,185,192.15,1883975
KPRMILL,20210419,1180,1275,1165.1,1237.85,273707
KRBL,20210419,178,182.15,176.3,177.8,263590
KREBSBIO,20210419,106.5,114,102.8,107.8,28074
KRIDHANINF,20210419,3.75,3.9,3.6,3.6,81085
KRISHANA,20210419,90.5,90.5,79.95,85.2,3745
KSB,20210419,855.05,872,821.2,857.95,32999
KSCL,20210419,561.8,582,550,574.9,327397
KSL,20210419,335,351.85,332,346.2,207008
KTKBANK,20210419,60.05,60.5,58.6,58.85,1353181
KUANTUM,20210419,60.8,62.25,59.15,61.25,53213
L&TFH,20210419,88.5,89.25,86.95,88.55,11994585
LALPATHLAB,20210419,2910,3044,2818.9,2998.1,1265666
LAMBODHARA,20210419,52.6,53.45,49.3,50.15,24081
LAOPALA,20210419,208.5,211.85,204.7,206.4,56458
LASA,20210419,64.35,65.7,60.45,61.6,312848
LAURUSLABS,20210419,437,450.55,433.2,440.45,3634087
LAXMIMACH,20210419,6305,6305,6061.05,6096.4,5280
LCCINFOTEC,20210419,3,3,3,3,97945
LEMONTREE,20210419,29.5,29.5,27,28.6,2622499
LFIC,20210419,73,80.5,69,79.3,845
LGBBROSLTD,20210419,290,293.15,282,291.45,56800
LGBFORGE,20210419,3.75,3.8,3.55,3.65,43320
LIBAS,20210419,43,45.6,41.7,42.6,23314
LIBERTSHOE,20210419,120.5,120.5,115.9,117.45,43132
LICHSGFIN,20210419,382,384.9,372.7,379.05,4999800
LICNETFGSC,20210419,21.92,22.06,21.68,21.82,15723
LICNETFN50,20210419,160,160,155,158.19,1077
LICNETFSEN,20210419,520,520,500.05,516.4,308
LICNFNHGP,20210419,157,157,152.7,154.34,280
LIKHITHA,20210419,368,375.15,365,367.3,85509
LINCOLN,20210419,234,248.95,228.25,238.6,222675
LINCPEN,20210419,147.45,147.5,143,146.5,5405
LINDEINDIA,20210419,2000,2074,1881,1895.85,682655
LIQUIDBEES,20210419,1002.3,1002.3,999.4,1000,1047359
LIQUIDETF,20210419,999.99,1000.01,999.99,1000.01,12131
LODHA,20210419,436,478,422.6,465.25,11051365
LOKESHMACH,20210419,50.4,52.75,47.75,51.9,67741
LOTUSEYE,20210419,43,43,40.25,40.35,10327
LOVABLE,20210419,83,83,80.75,81.65,18801
LPDC,20210419,1.9,1.95,1.9,1.9,12465
LSIL,20210419,1.15,1.15,1.1,1.1,1881547
LT,20210419,1340,1346.2,1306,1310.45,4157065
LTI,20210419,4060,4090,3962.3,4063.35,174917
LTTS,20210419,2680,2784,2655,2686.95,368259
LUMAXIND,20210419,1594,1648,1550,1560.4,10966
LUMAXTECH,20210419,154.5,157.75,145.8,148.7,129543
LUPIN,20210419,1045,1072.75,1028.7,1064.65,2241444
LUXIND,20210419,1956,1956,1810,1896,42131
LXCHEM,20210419,185,187,182.3,185.45,1217314
LYKALABS,20210419,28.1,28.1,28.1,28.1,40113
LYPSAGEMS,20210419,4.65,4.65,4.25,4.25,8689
M&M,20210419,785.1,807,785.1,794.95,4317341
M&MFIN,20210419,166.5,166.85,162.35,165.5,7149019
M100,20210419,24.31,24.89,23.9,24.51,122910
M50,20210419,142.95,143.99,139.11,141.3,1390
MAANALU,20210419,164,164.9,150.05,154.7,81479
MACPOWER,20210419,85,86.3,82,84,2904
MADHAV,20210419,46.4,47.25,43.8,44,32835
MADHUCON,20210419,4.6,4.8,4.6,4.8,9679
MADRASFERT,20210419,24.85,24.85,23.55,23.65,45809
MAESGETF,20210419,25.7,25.7,24.45,24.72,28314
MAGADSUGAR,20210419,115.65,116.9,109.65,113.55,63581
MAGMA,20210419,110.8,115.65,105.3,115.65,1423920
MAGNUM,20210419,4.25,4.4,4.25,4.25,3077
MAHABANK,20210419,23.95,24.3,23.2,23.45,15573583
MAHAPEXLTD,20210419,66.9,66.9,65.5,65.5,240
MAHASTEEL,20210419,78.1,78.1,72.65,75.5,12240
MAHEPC,20210419,141.15,141.15,138.05,139.6,73030
MAHESHWARI,20210419,88.8,91,84.1,89.1,52385
MAHINDCIE,20210419,157,157,152.55,154.7,157224
MAHLIFE,20210419,482,482,460.85,470.4,25225
MAHLOG,20210419,539.95,540.25,519.9,529.2,180226
MAHSCOOTER,20210419,3425,3425.05,3275,3349.8,12077
MAHSEAMLES,20210419,267.55,270.85,266.1,269.65,77601
MAITHANALL,20210419,715,715,680,697.2,58309
MAJESCO,20210419,66.4,70.15,65.05,70.15,628876
MALUPAPER,20210419,25,25.55,24.2,24.95,10621
MAN50ETF,20210419,154.08,154.08,145,146.96,30961
MANAKALUCO,20210419,10.75,10.75,9.2,10.15,45799
MANAKCOAT,20210419,13.15,13.75,12.6,12.8,130281
MANAKSIA,20210419,54,54,48,52.75,102725
MANAKSTEEL,20210419,24.9,25.6,23.7,23.7,16318
MANALIPETC,20210419,69.85,69.85,65,67.7,1540771
MANAPPURAM,20210419,144,145,140,141.95,5083839
MANGALAM,20210419,108,108.4,105.1,107.25,44013
MANGCHEFER,20210419,70.05,71.65,69.1,69.45,292665
MANGLMCEM,20210419,263.95,273.45,252.3,270.05,54377
MANGTIMBER,20210419,10.9,10.9,10.4,10.4,2701
MANINDS,20210419,80,80,77.1,77.65,181461
MANINFRA,20210419,38,38.1,36.2,36.4,884314
MANUGRAPH,20210419,11.25,11.25,10.6,10.7,4922
MANXT50,20210419,335.94,339.27,334.07,338.34,1919
MARALOVER,20210419,29.5,30.25,29.4,29.4,14813
MARATHON,20210419,46.95,50.8,46.3,48.35,144038
MARICO,20210419,423.95,423.95,414.45,419.9,1170059
MARINE,20210419,62.65,63.9,58.1,61.5,256249
MARKSANS,20210419,53.75,54.8,52.6,53.35,2282828
MARUTI,20210419,6500.35,6530,6415,6511.75,772219
MASFIN,20210419,801,801,762.8,770.4,28760
MASKINVEST,20210419,31.35,31.35,29.8,29.8,61
MASTEK,20210419,1285,1354.45,1261.05,1329.3,154175
MATRIMONY,20210419,940,940,891.45,902.3,83186
MAWANASUG,20210419,38.15,39.6,37.6,37.8,165644
MAXHEALTH,20210419,221,237.5,217.05,233.6,2481547
MAXIND,20210419,65.65,66.8,64.6,65.75,205762
MAXVIL,20210419,54.6,55,53.25,54.65,216031
MAYURUNIQ,20210419,407.4,411.7,400,403.1,42908
MAZDA,20210419,425.1,439.9,415,429.55,6592
MAZDOCK,20210419,196.1,197.95,193,194.95,318072
MBAPL,20210419,81.45,81.45,77.6,78.2,138
MBECL,20210419,6.8,7,6.7,6.8,17965
MBLINFRA,20210419,18.3,18.3,16.5,16.7,279316
MCDHOLDING,20210419,38,40,37.05,39.85,27085
MCDOWELL-N,20210419,513,519.95,507.5,517.95,1475111
MCL,20210419,91.2,91.2,88.5,89.95,27957
MCLEODRUSS,20210419,19.05,19.6,18.5,18.8,148339
MCX,20210419,1475,1508,1456.05,1491.85,259475
MEGASOFT,20210419,9.3,9.6,9.1,9.25,28195
MEGH,20210419,116.15,119.7,114.05,115.45,3669638
MENONBE,20210419,54.75,54.75,51.7,51.9,29256
MEP,20210419,15,15.4,14.7,15.05,138604
MERCATOR,20210419,0.75,0.85,0.75,0.8,148590
METALFORGE,20210419,5.4,5.6,5.15,5.2,11010
METROPOLIS,20210419,2492,2534,2412.65,2486.35,119068
MFSL,20210419,864.1,864.1,845.65,858.2,356039
MGEL,20210419,45.95,47,45.95,46,1494
MGL,20210419,1070.5,1085,1055.3,1081.65,199869
MHRIL,20210419,198,199.9,193.1,197.65,91739
MIC,20210419,0.65,0.7,0.65,0.65,36193
MIDHANI,20210419,180,181.8,176.75,178.2,225006
MINDACORP,20210419,93.1,94.95,91.35,94.2,349560
MINDAIND,20210419,475.05,536.75,459.05,530.45,962510
MINDTECK,20210419,43.6,44.1,42,42.65,12870
MINDTREE,20210419,2081,2145,1998.25,2092.8,5048145
MIRCELECTR,20210419,12.1,12.5,12.1,12.1,163470
MIRZAINT,20210419,45,45.05,43,43.6,141281
MITTAL,20210419,8.9,9.5,8.9,9.3,57901
MMFL,20210419,445,459.9,440.8,450.45,14677
MMP,20210419,77.6,83.95,77.6,81.5,5534
MMTC,20210419,38.6,39.55,37.95,38.8,3695223
MODIRUBBER,20210419,81.5,81.5,81.5,81.5,1353
MOHITIND,20210419,6.65,6.95,6.65,6.85,4394
MOHOTAIND,20210419,6.6,7,6.45,6.45,14021
MOIL,20210419,150.2,156,150,154.05,303236
MOLDTECH,20210419,39.2,40.45,38.3,39.9,19111
MOLDTKPAC,20210419,403,408,390.7,400.5,51322
MONTECARLO,20210419,220.55,222.95,217.6,219.5,34563
MORARJEE,20210419,14.8,15.65,14.75,14.95,5994
MOREPENLAB,20210419,37.45,38.4,36.6,37.1,7609976
MOTHERSUMI,20210419,203,206.95,198.6,204.5,10109627
MOTILALOFS,20210419,600.5,603.75,581.5,583.8,152154
MOTOGENFIN,20210419,20.05,20.05,19.25,19.35,8669
MPHASIS,20210419,1671,1721.45,1644.1,1703.15,399442
MPSLTD,20210419,617,617,588,610.1,19935
MRF,20210419,79205,80399,78813,79231.4,26801
MRPL,20210419,36.75,36.9,35.3,35.7,656733
MSPL,20210419,10.75,10.75,10.35,10.35,50419
MSTCLTD,20210419,259,259,249.5,251.55,356943
MTARTECH,20210419,940,940,914.15,919.5,155531
MTEDUCARE,20210419,6.8,6.8,6.4,6.6,108635
MTNL,20210419,15.05,15.65,14.9,15.3,1797786
MUKANDENGG,20210419,18.25,20.15,18.25,20.05,16081
MUKANDLTD,20210419,101,111.1,94.6,111.1,851039
MUKTAARTS,20210419,28.05,29.2,27.5,28.1,10058
MUNJALAU,20210419,51,51.45,49,49.65,114877
MUNJALSHOW,20210419,134,134,126.2,127.85,36915
MURUDCERA,20210419,18.95,19.35,18.1,18.35,37169
MUTHOOTCAP,20210419,368.25,375.9,360,370.4,18290
MUTHOOTFIN,20210419,1140,1148,1121,1142.75,1228823
N100,20210419,1038.9,1039.56,1000,1037.27,86140
NACLIND,20210419,38,38.3,36,37.95,63423
NAGAFERT,20210419,5.6,5.6,5.4,5.45,118245
NAGREEKEXP,20210419,15.95,16.6,15.3,16.4,3941
NAHARCAP,20210419,94.5,94.5,88.5,89.6,13474
NAHARINDUS,20210419,42.65,42.65,39,40.1,13296
NAHARPOLY,20210419,105.8,106.85,103.1,104.85,42904
NAHARSPING,20210419,100,100,95.05,96.05,17985
NAM-INDIA,20210419,331.2,331.75,323.3,325.2,392247
NATCOPHARM,20210419,921.85,921.85,895.4,900.4,256210
NATHBIOGEN,20210419,339,340,310.65,323.85,28987
NATIONALUM,20210419,56.5,58.2,56,57.3,21241428
NATNLSTEEL,20210419,4.55,4.55,4.35,4.35,4787
NAUKRI,20210419,4500,4788,4451.6,4696.5,737044
NAVINFLUOR,20210419,3048,3124,3012.5,3076.4,164311
NAVKARCORP,20210419,32.1,32.3,31,31.75,302654
NAVNETEDUL,20210419,75.6,76.1,74,74.55,87394
NAZARA,20210419,1490,1593.95,1490,1562.7,152235
NBCC,20210419,39.6,40.05,38.2,39.15,14488550
NBIFIN,20210419,1834.45,2024,1800,2006.75,9027
NBVENTURES,20210419,71.85,72.65,70.15,72.1,966916
NCC,20210419,70,77.85,69.2,76.7,11408813
NCLIND,20210419,167.85,171.65,159.8,170.45,271198
NCPSESDL24,20210419,103.17,103.37,103.17,103.31,3574
NDGL,20210419,720.95,744.3,700.1,729.35,72
NDL,20210419,30.2,30.25,28.45,29.3,24360
NDRAUTO,20210419,196,200.8,188.6,193.45,1733
NDTV,20210419,54.55,55.3,52.75,53.75,31169
NECCLTD,20210419,8,8.3,6.55,7.8,34072
NECLIFE,20210419,19.45,19.9,19,19.3,442433
NELCAST,20210419,62.4,67.6,62.4,62.95,58270
NELCO,20210419,184,185.95,179,179.9,81373
NEOGEN,20210419,868.5,931.9,851.2,893,72872
NESCO,20210419,481.8,485,468.6,472.7,61052
NESTLEIND,20210419,17201.05,17240,16950,17089.95,50938
NETF,20210419,179.46,179.46,173.17,179.46,323
NETFCONSUM,20210419,65.99,65.99,63.32,64.14,4725
NETFDIVOPP,20210419,37.5,37.92,36.01,37.48,2907
NETFGILT5Y,20210419,47.7,47.87,47.66,47.85,2128
NETFIT,20210419,27.8,27.8,25.96,26.48,985927
NETFLTGILT,20210419,22.28,22.49,22.2,22.33,127654
NETFMID150,20210419,91,91,88,89.18,193882
NETFNIF100,20210419,149.64,151.5,147.39,149.88,7057
NETFNV20,20210419,80,81.99,79.36,80.28,6607
NETWORK18,20210419,36,37.5,35.1,37.25,898319
NEULANDLAB,20210419,2409.9,2510.1,2353.95,2483.2,52702
NEWGEN,20210419,310,339,292.75,319.25,479570
NEXTMEDIA,20210419,4.2,4.25,4,4.25,43902
NFL,20210419,52.8,53.9,51.15,51.95,1552683
NH,20210419,399.7,400.95,388,390.55,307046
NHPC,20210419,23.85,23.95,23.4,23.55,2128019
NIACL,20210419,145.6,145.6,142.15,144.4,394344
NIBL,20210419,19.85,19.85,19.85,19.85,2879
NIFTYBEES,20210419,156.18,156.23,151.77,154.09,2725967
NIITLTD,20210419,165,177.15,161.5,174.45,524898
NILAINFRA,20210419,4.2,4.35,4.2,4.2,90771
NILASPACES,20210419,1.45,1.45,1.4,1.4,67352
NILKAMAL,20210419,1912.4,1916,1813.85,1897.55,11419
NIPPOBATRY,20210419,776,776,707,753.5,2487
NIRAJ,20210419,41.9,42.3,39.8,41.5,1255
NITCO,20210419,18.5,18.6,17.35,18.25,28099
NITINSPIN,20210419,80.05,81.45,78.8,79.75,145562
NKIND,20210419,22.35,22.55,20.6,22.35,848
NLCINDIA,20210419,47.45,47.5,46.2,46.6,1036023
NMDC,20210419,138.5,140.25,136.15,137.9,6234272
NOCIL,20210419,173,175.5,167.4,171.95,759459
NOIDATOLL,20210419,6.3,6.65,6.3,6.5,15518
NORBTEAEXP,20210419,5.4,5.4,5.15,5.15,122
NOVARTIND,20210419,586,586,565,579.05,5343
NPBET,20210419,172,172,163.65,168.17,1622
NRAIL,20210419,219,223.55,209.15,210.6,35396
NRBBEARING,20210419,104,105.95,99.9,100.45,142846
NSIL,20210419,1226.05,1275.95,1206.95,1225.7,1063
NTL,20210419,0.75,0.75,0.75,0.75,1109
NTPC,20210419,100,100.4,98.65,99.05,11652043
NUCLEUS,20210419,531,543,520.25,528.65,43284
NURECA,20210419,1079.05,1105.5,1050,1105.5,71719
NXTDIGITAL,20210419,499,509,464.15,469,3888
OAL,20210419,690.05,732,684,725.15,26092
OBEROIRLTY,20210419,547.9,547.9,527.05,538.4,161767
OCCL,20210419,879,880,834,860.9,17128
OFSS,20210419,3210,3404,3210,3381.25,73169
OIL,20210419,117,117.85,115.1,116.8,840249
OILCOUNTUB,20210419,5.2,5.5,5,5.5,15558
OLECTRA,20210419,186.2,188,184.5,184.5,282209
OMAXAUTO,20210419,40.3,40.45,38.45,39.5,10722
OMAXE,20210419,66.9,67.25,65,66.1,231618
OMINFRAL,20210419,21.15,21.65,20.25,20.55,172069
OMKARCHEM,20210419,12.15,12.15,12.15,12.15,749
ONELIFECAP,20210419,5.85,6.1,5.6,6.1,2570
ONEPOINT,20210419,11.95,12.85,10.55,12.85,380282
ONGC,20210419,103.95,105.95,101.9,103.05,19166492
ONMOBILE,20210419,97.05,98.25,94.2,95.25,521845
ONWARDTEC,20210419,109,112.55,103.7,110.45,32430
OPTIEMUS,20210419,124,124,119.7,120.45,74826
OPTOCIRCUI,20210419,4.05,4.05,4.05,4.05,172340
ORBTEXP,20210419,58.35,59.05,56.1,56.5,8372
ORCHPHARMA,20210419,1513.7,1513.7,1513.7,1513.7,196
ORICONENT,20210419,18.55,18.9,17.9,18.3,11241
ORIENTABRA,20210419,20.6,21.45,20.55,20.85,39861
ORIENTALTL,20210419,6.35,7.95,6.3,7,127708
ORIENTBELL,20210419,203.6,211,203,209.75,38646
ORIENTCEM,20210419,107,107.9,102.1,103.7,1814121
ORIENTELEC,20210419,287,290.4,274.5,288.95,416873
ORIENTHOT,20210419,22.6,22.8,21.65,22.25,34859
ORIENTLTD,20210419,83,83.8,76.9,82.8,1879
ORIENTPPR,20210419,22.1,22.95,21.9,22.1,551690
ORIENTREF,20210419,279.9,280,261.2,276.6,132025
ORISSAMINE,20210419,2331,2360,2203.95,2286.45,15246
ORTINLAB,20210419,31.4,31.85,28.25,29.7,489730
OSWALAGRO,20210419,9.15,9.15,8.35,8.75,52940
PAGEIND,20210419,29301.05,30100,29172.25,29899.2,20892
PAISALO,20210419,665,665,640.5,643.35,24498
PALASHSECU,20210419,51.45,51.9,49.8,51.9,567
PALREDTEC,20210419,123.4,123.5,118,123.5,30201
PANACEABIO,20210419,257.75,272.4,254,267.6,2006928
PANACHE,20210419,58.95,58.95,53.1,57.15,64483
PANAMAPET,20210419,148.05,150,144,148.1,63593
PARACABLES,20210419,8.45,8.65,8.2,8.25,161506
PARAGMILK,20210419,108.9,110.1,106.2,108.55,448582
PARSVNATH,20210419,8,8,7.6,7.65,66530
PATELENG,20210419,11.5,11.85,11.25,11.3,140999
PATINTLOG,20210419,16.9,17.55,16.8,17.15,61567
PATSPINLTD,20210419,4.95,4.95,4.55,4.7,2462
PCJEWELLER,20210419,23.1,23.25,21.9,22,1666632
PDMJEPAPER,20210419,22.95,23.1,22.5,22.55,29598
PDPL,20210419,3.6,3.6,3.6,3.6,1421
PDSMFL,20210419,665.05,670.95,659.9,665.6,2011
PEARLPOLY,20210419,17.45,17.6,15.6,17.1,20023
PEL,20210419,1676,1686.85,1626.25,1663,618646
PENIND,20210419,17.25,17.25,16.4,16.65,240530
PENINLAND,20210419,7,7.25,6.65,7.05,147040
PERSISTENT,20210419,1930,1955.95,1877,1931,62461
PETRONET,20210419,218,218,214.5,215,3353526
PFC,20210419,105.9,106.4,104.4,105.1,3154591
PFIZER,20210419,5228,5399,5130,5329,327621
PFOCUS,20210419,66.1,70.35,63.95,66.9,90421
PFS,20210419,17.15,17.15,16.6,16.75,572338
PGEL,20210419,303.65,303.65,303.65,303.65,4181
PGHH,20210419,13501,13940,13501,13669.95,3089
PGHL,20210419,6332,6455.9,6264.3,6339.35,12794
PGIL,20210419,181.95,188.05,177.05,177.25,821
PHILIPCARB,20210419,200,206.5,195,200.4,1313445
PHOENIXLTD,20210419,704,704,682,686.85,202817
PIDILITIND,20210419,1798,1807.9,1764,1770.7,461909
PIIND,20210419,2431.35,2500,2404,2477.9,209267
PILANIINVS,20210419,1675,1700,1620.6,1659.45,2742
PILITA,20210419,15.35,15.35,13.55,13.85,147508
PIONDIST,20210419,102,102,98.05,100.05,2849
PIONEEREMB,20210419,44.85,44.85,41.05,41.8,55447
PITTIENG,20210419,65.75,65.75,63.9,64.85,200467
PKTEA,20210419,210.55,210.55,200.05,200.1,375
PLASTIBLEN,20210419,222.15,224,211.2,214.5,11614
PNB,20210419,33.6,33.8,32.5,33.15,122301341
PNBGILTS,20210419,50.25,50.4,49.15,49.95,181035
PNBHOUSING,20210419,365,365.4,356.45,358.7,145973
PNC,20210419,52.65,52.8,50.3,52.8,96358
PNCINFRA,20210419,230.35,234.7,225,230.25,240979
PODDARHOUS,20210419,161.25,161.25,150.2,150.85,4146
PODDARMENT,20210419,202.2,202.25,195.2,198.6,15021
POKARNA,20210419,230.95,242.5,215,239.65,83120
POLYCAB,20210419,1375,1390,1324.05,1366.2,212200
POLYMED,20210419,884.2,944.7,873.05,883.05,227930
POLYPLEX,20210419,868,898.05,850.1,888.65,94094
PONNIERODE,20210419,162.7,162.7,151.85,154.2,2384
POWERGRID,20210419,205.85,207,200,201.2,10352810
POWERINDIA,20210419,1500,1500.35,1452.9,1471.95,21345
POWERMECH,20210419,561.65,561.65,545,551.2,20446
PPAP,20210419,180,194.95,177.1,183.25,18690
PPL,20210419,123,123.05,116,121.05,152990
PRABHAT,20210419,99.25,99.8,96.7,99.5,224270
PRAENG,20210419,8.1,8.1,7.7,7.8,17892
PRAJIND,20210419,228,241.95,221.15,225.35,7071317
PRAKASH,20210419,78,78,73.6,75.2,3479984
PRAKASHSTL,20210419,0.75,0.8,0.75,0.75,122691
PRAXIS,20210419,35.55,35.75,32.5,34.8,9184
PRECAM,20210419,44,44.5,42,42.85,106416
PRECOT,20210419,100,103.5,97.1,102.65,4521
PRECWIRE,20210419,177,182.35,177,178.65,25324
PREMEXPLN,20210419,152.15,152.15,149.05,149.8,4372
PREMIER,20210419,2.35,2.35,2.35,2.35,9469
PREMIERPOL,20210419,35.5,36.85,34.6,35.1,3251
PRESSMN,20210419,22.35,22.4,20.4,20.95,52587
PRESTIGE,20210419,286.4,288,276.6,278.65,389448
PRICOLLTD,20210419,75,75,70.45,71.45,401506
PRIMESECU,20210419,44,44.7,42.35,42.5,2432
PRINCEPIPE,20210419,498.25,507,475.15,495.8,350353
PRIVISCL,20210419,919,950.4,822.65,912.8,37709
PROZONINTU,20210419,16.25,16.6,15.55,16.35,115255
PRSMJOHNSN,20210419,119,129,117.85,127.35,273384
PSB,20210419,17,17.75,16.5,17.15,714577
PSPPROJECT,20210419,413.95,414,401,407.2,21476
PSUBNKBEES,20210419,22,22.1,20.89,21.33,1560891
PTC,20210419,82.5,83,80.55,81.05,1304825
PTL,20210419,36.55,37.8,35.55,35.95,65339
PUNJABCHEM,20210419,860.05,879.95,843.4,870.2,8608
PURVA,20210419,65.05,68.9,63.9,64.8,90454
PVR,20210419,990,1023,988.35,1009.65,2315639
QGOLDHALF,20210419,2036,2068,2036,2064.95,877
QNIFTY,20210419,1564.57,1564.57,1475,1487.85,145
QUESS,20210419,575,575,547.3,553.7,189619
QUICKHEAL,20210419,190,190,187.1,189.35,204191
QUINTEGRA,20210419,0.9,0.9,0.85,0.9,8305
RADAAN,20210419,0.85,0.85,0.8,0.8,31806
RADICO,20210419,515,515,494,500.25,194564
RADIOCITY,20210419,24,24.6,23.95,24,629823
RAILTEL,20210419,111.65,111.95,109.1,111.45,1154644
RAIN,20210419,156.5,164.1,153.1,162.25,3794130
RAJESHEXPO,20210419,494.35,498.5,485.05,492.3,113521
RAJMET,20210419,83,85.9,83,85.75,503
RAJRATAN,20210419,850,850,807.1,826.4,13594
RAJSREESUG,20210419,18.55,18.55,17.3,17.4,7655
RAJTV,20210419,32.35,35.95,31,32.95,77440
RALLIS,20210419,270,271.45,261,269.05,678971
RAMANEWS,20210419,15,15,13.4,14.15,35709
RAMASTEEL,20210419,74,75.8,70.75,72,8551
RAMCOCEM,20210419,989,996.25,968.5,980.6,578439
RAMCOIND,20210419,254.95,255,246.85,251.6,28269
RAMCOSYS,20210419,499,499,459.3,495.35,497068
RAMKY,20210419,65,65,62.7,62.7,34738
RANASUG,20210419,10.45,10.45,9.55,9.7,2172184
RANEENGINE,20210419,251.05,258.2,251.05,256.15,1395
RANEHOLDIN,20210419,556,564.85,550,556.2,10686
RATNAMANI,20210419,1963.05,1980,1906.55,1973.5,7309
RAYMOND,20210419,329,329,315,315.9,519208
RBL,20210419,815,851.2,799.9,841.95,18287
RBLBANK,20210419,180,181,173.3,175.6,25127670
RCF,20210419,70.25,71,68.95,70.3,2225384
RCOM,20210419,1.65,1.65,1.55,1.6,11187014
RECLTD,20210419,125,126,124.1,125.55,5191475
REDINGTON,20210419,173.2,179.5,166.95,171.7,456174
REFEX,20210419,104,107,96.2,100.9,530837
REGENCERAM,20210419,1.1,1.1,1.1,1.1,500
RELAXO,20210419,885,889.45,841,876,223183
RELCAPITAL,20210419,9.7,9.7,9.5,9.55,747139
RELIANCE,20210419,1904,1916.4,1890,1901.7,8527967
RELIGARE,20210419,88.75,90.5,85.2,87.1,810868
RELINFRA,20210419,32.55,33.75,32.55,33,2546915
REMSONSIND,20210419,147.95,147.95,137.35,141.7,7922
RENUKA,20210419,9.95,10.1,9.6,9.95,4318352
REPCOHOME,20210419,300,321.7,292.5,312.45,172446
REPL,20210419,201.1,214.95,188,196.5,26813
REPRO,20210419,337.95,341.2,326.15,336.8,5229
RESPONIND,20210419,160,161,155,156.4,27810
REVATHI,20210419,495.05,495.05,481,485.55,503
RGL,20210419,380,385,370,377.9,38184
RHFL,20210419,2.35,2.4,2.3,2.3,1098260
RICOAUTO,20210419,39.75,40,38.25,39.25,498793
RIIL,20210419,359,359.85,352,354.85,87678
RITES,20210419,234.9,237.5,232.2,235.7,192008
RKDL,20210419,7.8,9.35,7,9.15,184162
RKEC,20210419,61.9,63,60.1,61.85,4424
RKFORGE,20210419,500,510.4,495,502.25,16317
RMCL,20210419,2.2,2.25,2.1,2.1,135471
RML,20210419,351,351,331,336.9,14150
ROHITFERRO,20210419,1.35,1.35,1.35,1.35,1450
ROHLTD,20210419,57.1,60,57.1,58.25,26954
ROLLT,20210419,3.2,3.2,3.05,3.1,12172
ROLTA,20210419,4,4.15,3.85,4.1,709800
ROML,20210419,91.45,97.1,88.65,92,4908
ROSSARI,20210419,1039.95,1062,1005.35,1020.1,96825
ROSSELLIND,20210419,103.85,103.85,98.25,101.65,5212
ROUTE,20210419,1460,1477.9,1422.25,1456.15,370011
RPGLIFE,20210419,411,411,360.35,399.35,42821
RPOWER,20210419,4.45,4.55,4.35,4.45,21361333
RPPINFRA,20210419,54,54,51.2,52.35,21556
RPSGVENT,20210419,331,331,321,323.5,28555
RSSOFTWARE,20210419,26.45,26.45,24.45,25.95,43399
RSWM,20210419,186,186,176.55,177.5,6311
RSYSTEMS,20210419,113.05,120,110.8,115.3,37804
RTNINDIA,20210419,7.05,7.05,7,7.05,1115631
RTNPOWER,20210419,2.5,2.5,2.45,2.45,6489861
RUBYMILLS,20210419,163.05,164.95,159.9,161.35,3103
RUCHI,20210419,642,655.95,636.35,643.3,17946
RUCHINFRA,20210419,5.8,5.8,5.6,5.7,53856
RUCHIRA,20210419,61,61,59.35,60.35,32850
RUPA,20210419,295.15,302,292.7,298.35,34378
RUSHIL,20210419,195.6,195.6,182.65,186.8,41478
RVHL,20210419,17.3,17.85,16.2,17.5,64944
RVNL,20210419,26.7,27,26.35,26.75,5172192
S&SPOWER,20210419,19,19.95,19,19.8,337
SABEVENTS,20210419,1.15,1.25,1.15,1.15,20838
SADBHAV,20210419,60.65,62,56.05,60.3,400983
SADBHIN,20210419,19.9,19.9,18.35,19,196218
SAFARI,20210419,569,574.95,544.05,563.4,7968
SAGARDEEP,20210419,33,34.15,33,33.45,8045
SAGCEM,20210419,745,750,719.05,738,33001
SAIL,20210419,87.25,89.5,85.35,89.15,60730939
SAKAR,20210419,106.2,109.9,103,105.25,55721
SAKHTISUG,20210419,9.7,9.9,9.3,9.5,125683
SAKSOFT,20210419,465,505,457.75,487.65,172982
SAKUMA,20210419,4.55,4.8,4.55,4.75,146215
SALASAR,20210419,467.95,467.95,432.55,445.6,45460
SALONA,20210419,73.3,87.85,73.3,85.05,1456
SALSTEEL,20210419,4.9,4.9,4.7,4.8,378188
SALZERELEC,20210419,120.15,121.85,115.7,117.45,24953
SAMBHAAV,20210419,2.15,2.15,2,2.1,30039
SANCO,20210419,9,9,8.45,8.55,14631
SANDESH,20210419,656.15,662.55,625.2,634.8,1416
SANDHAR,20210419,201,204,178.1,201.95,19892
SANGAMIND,20210419,77.55,80.75,76.5,77.85,4473
SANGHIIND,20210419,41.05,42.1,40.3,41.75,1149794
SANGHVIFOR,20210419,17.7,18.6,17.3,17.8,5380
SANGHVIMOV,20210419,118.95,141.7,113.65,137.85,399575
SANGINITA,20210419,22.5,22.5,20.65,20.8,26302
SANOFI,20210419,7840,7840,7684.65,7750.8,18248
SARDAEN,20210419,430.9,433.6,375.9,421.9,131150
SAREGAMA,20210419,1949.95,1949.95,1664.7,1749,29104
SARLAPOLY,20210419,24.1,24.5,23.65,23.8,56719
SASKEN,20210419,958.55,963.5,926.9,948.6,37480
SASTASUNDR,20210419,120,140,118.75,132.15,187598
SATHAISPAT,20210419,3.2,3.2,3.15,3.2,25346
SATIA,20210419,81,81,76.1,76.6,35373
SATIN,20210419,88,88,86.45,86.45,172273
SBICARD,20210419,935.05,948,922.2,943.15,2111834
SBIETFIT,20210419,263.5,265.99,256.15,264,2491
SBIETFPB,20210419,171,171.8,163.11,167.42,5198
SBIETFQLTY,20210419,128.5,128.5,124.5,125.37,1830
SBILIFE,20210419,897.2,909.9,888.5,906.25,1580387
SBIN,20210419,327.15,332.05,321.3,331.15,53304377
SCAPDVR,20210419,1.9,2.1,1.9,2.1,131731
SCHAEFFLER,20210419,5125,5159,5027.4,5104.65,13520
SCHAND,20210419,92.1,99,92.1,96.1,140629
SCHNEIDER,20210419,90.8,90.8,87.3,88.35,276081
SCI,20210419,99.2,101,97,98.9,2476444
SDBL,20210419,28.9,29,27.45,27.75,234986
SEAMECLTD,20210419,410.15,415.3,396.3,411.35,16733
SECURKLOUD,20210419,88.15,91,87.3,87.3,23975
SELAN,20210419,122.05,122.05,115,118,28306
SEPOWER,20210419,3.85,3.85,3.65,3.7,11524
SEQUENT,20210419,246,261.2,244.1,253.8,623065
SESHAPAPER,20210419,155.7,160,152.15,156.8,30279
SETCO,20210419,14.55,14.55,13.5,13.9,136553
SETF10GILT,20210419,204,204,201.5,203.37,57
SETFGOLD,20210419,4198.5,4258.4,4198,4254.75,12955
SETFNIF50,20210419,156,156,144,145.57,856074
SETFNIFBK,20210419,319.9,319.9,303.6,311.2,329811
SETFNN50,20210419,358.67,358.99,348.2,354.06,38083
SETUINFRA,20210419,0.7,0.7,0.65,0.7,210122
SEYAIND,20210419,48.5,52.4,47.5,52.35,40595
SFL,20210419,1980,2009.2,1940,1985.5,6502
SGL,20210419,9,9,7.6,8.25,11815
SHAHALLOYS,20210419,10.4,10.9,10.1,10.3,29112
SHAKTIPUMP,20210419,485,493,480,482.75,68172
SHALBY,20210419,113,115.15,110.1,113.15,301975
SHALPAINTS,20210419,84.6,87,83.1,83.85,69547
SHANKARA,20210419,371.8,374.95,362.75,366.15,56548
SHANTIGEAR,20210419,132.8,132.8,128,132.05,40007
SHARDACROP,20210419,284,292.25,281,289.5,90087
SHARDAMOTR,20210419,394,398.95,372.65,395.4,12092
SHAREINDIA,20210419,322.9,322.9,309.85,313.15,35672
SHARIABEES,20210419,375.46,384,369.2,370.92,553
SHEMAROO,20210419,87.8,89.7,82.1,83.45,472715
SHIL,20210419,266.65,267,255.95,256.15,115746
SHILPAMED,20210419,375.05,379.9,367.35,378.2,197393
SHIVAMAUTO,20210419,16.05,16.4,15.25,15.6,66720
SHIVAMILLS,20210419,42.1,42.95,40.05,42.95,1849
SHIVATEX,20210419,144,144,134.4,134.95,2762
SHK,20210419,129.95,131.75,123.95,126.9,430537
SHOPERSTOP,20210419,190.2,190.2,174.1,185.35,122564
SHREDIGCEM,20210419,61.2,63.55,60.7,63.05,305005
SHREECEM,20210419,30001.05,30490.3,29557.3,30057.75,52945
SHREEPUSHK,20210419,142.5,151.25,139.95,143.7,59605
SHREERAMA,20210419,9.9,9.9,9,9.6,22968
SHRENIK,20210419,1.6,1.65,1.55,1.65,7171065
SHREYANIND,20210419,83,85.85,79,80.6,28797
SHREYAS,20210419,77,77.5,73.5,75.1,49108
SHRIPISTON,20210419,739,748,739,748,71
SHRIRAMCIT,20210419,1470,1470,1401.15,1417.7,16537
SHRIRAMEPC,20210419,4,4,3.8,3.9,212828
SHYAMCENT,20210419,5.7,5.7,5.3,5.5,25089
SICAGEN,20210419,16.95,17.3,16.05,16.2,39219
SICAL,20210419,12.05,12.05,11.5,11.7,373284
SIEMENS,20210419,1791.15,1819.4,1773,1793.3,284248
SIGIND,20210419,28.75,29.45,27,27.2,18536
SIL,20210419,18.35,19.4,17.7,18,64395
SILGO,20210419,52.25,52.25,46.8,49.8,78351
SILINV,20210419,179.95,180,173.25,173.7,4198
SILLYMONKS,20210419,23.95,23.95,22.3,22.55,361
SIMBHALS,20210419,7.9,7.9,7.6,7.6,47667
SIMPLEXINF,20210419,28.9,29,27.95,28.25,99685
SINTERCOM,20210419,74,78.9,74,77.95,5498
SINTEX,20210419,3.3,3.35,3.25,3.3,1471038
SIRCA,20210419,350.05,364,346.25,363.8,13349
SIS,20210419,368.1,368.1,360.55,365.45,76944
SITINET,20210419,0.75,0.8,0.7,0.75,4016926
SIYSIL,20210419,187.1,188.8,185,185.9,47516
SJVN,20210419,25.15,25.15,24.65,24.85,1136121
SKFINDIA,20210419,2125.05,2190,2121,2177.3,8160
SKIL,20210419,2.4,2.55,2.4,2.4,18761
SKIPPER,20210419,55.2,55.6,51.4,52.95,96620
SKMEGGPROD,20210419,45.15,45.5,42.15,44.2,44750
SMARTLINK,20210419,81.8,83.65,80.55,81.75,9577
SMCGLOBAL,20210419,70.25,71.85,69.05,70.15,59307
SMLISUZU,20210419,443.8,458.65,443,455.7,16517
SMSLIFE,20210419,551.5,557.9,523.75,542.5,5543
SMSPHARMA,20210419,139,139,122.3,137.1,148825
SNOWMAN,20210419,45.8,46.7,45.5,45.9,1495782
SOBHA,20210419,495,497,467.35,483.5,258075
SOLARA,20210419,1450,1498.8,1412.35,1461.55,682322
SOLARINDS,20210419,1287,1287,1247.2,1265.25,5527
SOMANYCERA,20210419,408,418,406.5,416.05,75601
SOMATEX,20210419,5.4,5.4,5.15,5.4,31628
SOMICONVEY,20210419,33.3,33.3,33.25,33.25,2959
SONATSOFTW,20210419,579.9,604.8,562.1,586.95,178988
SORILINFRA,20210419,128,129.05,121,121,93481
SOTL,20210419,992,1001.15,963.9,991.5,10349
SOUTHBANK,20210419,7.8,7.8,7.55,7.7,10027363
SOUTHWEST,20210419,49.75,49.75,46.2,46.65,5465
SPAL,20210419,147,147.45,142.45,146.2,16543
SPANDANA,20210419,545,545,479.8,523.2,69791
SPARC,20210419,161,163.8,157.65,159.6,495468
SPCENET,20210419,1.7,1.75,1.7,1.75,3430
SPECIALITY,20210419,38.4,41.8,36.45,38.75,134510
SPENCERS,20210419,68,68,65.7,66.8,249349
SPIC,20210419,28.7,29.05,27.05,28.35,364146
SPICEJET,20210419,63,63,61.05,61.3,4685368
SPLIL,20210419,32.5,34,30.8,33.1,16890
SPMLINFRA,20210419,9,10,9,9.75,53715
SPTL,20210419,3.1,3.15,2.95,3.05,1149928
SPYL,20210419,0.4,0.4,0.35,0.4,678594
SREEL,20210419,140.25,140.25,137.3,137.85,4005
SREINFRA,20210419,6.35,6.55,6,6.1,2909541
SRF,20210419,6025.55,6262.75,5960.15,6236.05,218041
SRHHYPOLTD,20210419,237.35,240,235,238,12790
SRIPIPES,20210419,170,170.35,164.15,166.25,39564
SRPL,20210419,28.5,28.5,25.8,28.5,124
SRTRANSFIN,20210419,1302,1353.35,1287.3,1342.65,2854467
SSWL,20210419,655.05,675,652.95,668.8,29020
STAMPEDE,20210419,0.8,0.8,0.75,0.8,539920
STAR,20210419,914.8,934.95,890,898.95,1612389
STARCEMENT,20210419,98,98,94.75,96.2,130932
STARPAPER,20210419,111.75,111.75,108.35,110.05,46229
STCINDIA,20210419,76.5,77.4,73.35,73.6,28081
STEELCITY,20210419,34.2,35.8,34.1,34.85,21304
STEELXIND,20210419,60.4,63,56.45,61.45,111391
STEL,20210419,75.1,77.15,74.1,75,32972
STERTOOLS,20210419,180,184.95,172.8,177.15,16512
STLTECH,20210419,215,223.9,211.95,222.4,479111
STOVEKRAFT,20210419,465,485.65,459,469.7,90293
SUBEXLTD,20210419,43,53.9,42.25,52.6,40468513
SUBROS,20210419,299.8,299.8,292,293.35,22149
SUDARSCHEM,20210419,541.9,557.2,521.6,539.5,116834
SUMEETINDS,20210419,5.6,5.6,5.6,5.6,7019
SUMICHEM,20210419,290.2,290.95,283,284.8,253174
SUMIT,20210419,10.85,10.85,9.5,9.8,32046
SUMMITSEC,20210419,495.05,495.05,475,493.95,1966
SUNCLAYLTD,20210419,2966,2978,2851.1,2871.95,3605
SUNDARAM,20210419,1.2,1.25,1.15,1.2,584204
SUNDARMFIN,20210419,2425,2425,2300,2313.35,15519
SUNDARMHLD,20210419,75,75.5,65.7,71.05,79234
SUNDRMBRAK,20210419,345.05,345.05,308.65,324.45,5030
SUNDRMFAST,20210419,700,700,666,672.55,68023
SUNFLAG,20210419,63.95,63.95,62.15,63.45,511201
SUNPHARMA,20210419,644,651.4,635,640.65,11340358
SUNTECK,20210419,281.6,285.65,251.65,276.35,198730
SUNTV,20210419,468.9,468.9,453.25,458.25,1238100
SUPERHOUSE,20210419,113.25,113.95,110.3,112.95,6407
SUPERSPIN,20210419,4.5,4.5,4.2,4.45,27032
SUPPETRO,20210419,520,592,495,583.9,901280
SUPRAJIT,20210419,259.8,266.5,252.9,260.55,104860
SUPREMEENG,20210419,24.9,25.2,24.4,25.15,369
SUPREMEIND,20210419,1975,2006.1,1945.25,1990.05,31219
SURANASOL,20210419,8.9,9,8.55,8.65,27776
SURANAT&P,20210419,4.35,4.35,3.85,4.05,49873
SURYALAXMI,20210419,31.05,31.05,29.15,30,1090
SURYAROSNI,20210419,349,352.95,340,343.65,145738
SURYODAY,20210419,251,252.4,245.5,249.95,91623
SUTLEJTEX,20210419,38.4,38.4,37.05,37.45,50623
SUULD,20210419,213.9,213.9,199.2,199.2,5079
SUVEN,20210419,85,87.25,82.15,84.85,595788
SUVENPHAR,20210419,475.2,488.5,470.3,483.25,390293
SUVIDHAA,20210419,53.7,53.7,53.7,53.7,3226
SUZLON,20210419,4.6,4.65,4.4,4.45,13844674
SWANENERGY,20210419,132.5,133.45,128.55,129.9,134159
SWARAJENG,20210419,1367.85,1374,1340.05,1362.75,11632
SWELECTES,20210419,199.3,199.3,192.3,193.25,7831
SWSOLAR,20210419,302,309.8,293,303.1,1106187
SYMPHONY,20210419,1150,1163.65,1100,1141.45,30942
SYNGENE,20210419,593,614.8,582.55,595.8,1632691
TAINWALCHM,20210419,56.05,58.9,54.5,54.65,11077
TAJGVK,20210419,106.5,108,105.05,105.95,72306
TAKE,20210419,45,45.95,44.5,45.4,1150401
TALBROAUTO,20210419,202.05,204.9,196.3,201.05,24905
TANLA,20210419,881.55,893.6,875.8,882.2,207275
TARAPUR,20210419,3.25,3.25,3.25,3.25,1251
TARC,20210419,27,30,25.2,29.1,1213840
TARMAT,20210419,45.3,45.5,43.25,44.7,11865
TASTYBITE,20210419,14380,14751,13912.15,14620,2071
TATACHEM,20210419,731,740,718.2,732.2,4114175
TATACOFFEE,20210419,115.5,117.4,114,114.45,1264724
TATACOMM,20210419,1090,1118,1090,1110.2,478671
TATACONSUM,20210419,662,668.8,651.5,664.1,2620095
TATAELXSI,20210419,2910,3062,2835,3049.6,373510
TATAINVEST,20210419,989,998.95,981,990.65,23281
TATAMETALI,20210419,865,887.95,841.15,865.95,293690
TATAMOTORS,20210419,295,304.5,292.8,301.4,65791784
TATAMTRDVR,20210419,132.4,134.85,130.8,134.25,2602185
TATAPOWER,20210419,92.4,94.95,91.8,93.8,43657515
TATASTEEL,20210419,869.8,899,860,888.05,19146996
TATASTLBSL,20210419,55.65,57.9,55.35,57.15,6266372
TATASTLLP,20210419,798,828.65,774,805.55,221532
TBZ,20210419,62,62,58.95,59.45,90398
TCI,20210419,262.25,266,258.35,262.9,33205
TCIDEVELOP,20210419,299.05,315.2,292.8,299.2,4889
TCIEXP,20210419,841,847.6,821.35,829.7,29471
TCIFINANCE,20210419,5.8,5.8,5.4,5.4,1059
TCNSBRANDS,20210419,468.7,468.7,447.6,449.95,82004
TCPLPACK,20210419,400,400,385,390.05,1327
TCS,20210419,3169,3189,3135.1,3161.8,2679106
TDPOWERSYS,20210419,150.3,152.5,121,148.25,34350
TEAMLEASE,20210419,3000,3180,2764.65,3078.6,268577
TECHIN,20210419,2.7,2.7,2.6,2.6,568
TECHM,20210419,999.1,1009.4,983.3,1000.1,2777425
TECHNOE,20210419,298.9,301.95,285.2,298.05,29350
TEJASNET,20210419,158.1,165,157.15,159.3,305535
TERASOFT,20210419,36.75,36.75,33.05,34.25,43808
TEXINFRA,20210419,69.25,71.05,69.1,70.05,242145
TEXMOPIPES,20210419,28,28,23.15,26.75,164612
TEXRAIL,20210419,24.5,24.95,24.1,24.25,361200
TFCILTD,20210419,52.55,56.95,51.6,56.4,336901
TFL,20210419,2.25,2.25,2.25,2.25,1601
TGBHOTELS,20210419,4.6,5.1,4.25,4.35,51691
THANGAMAYL,20210419,610.45,610.45,590.05,597.5,8571
THEINVEST,20210419,98.6,98.6,88,91.05,2718
THEMISMED,20210419,308,315,306.95,312.85,6331
THERMAX,20210419,1325,1333.5,1305,1325.25,10660
THOMASCOOK,20210419,44.5,44.5,42.8,43.1,603541
THYROCARE,20210419,1010.5,1070,1002,1049.75,1057339
TI,20210419,32,33.4,30.2,32.7,289733
TIDEWATER,20210419,4360,4360,4305,4343.35,1159
TIIL,20210419,376.95,376.95,355.1,358.2,23211
TIINDIA,20210419,1110,1153,1050,1096.2,120095
TIJARIA,20210419,6.35,6.9,6.35,6.6,3028
TIL,20210419,158.95,161.95,156.25,157.3,3410
TIMESGTY,20210419,37.45,40.55,36.4,40.55,249916
TIMETECHNO,20210419,74.4,77,69.05,73.8,2971423
TIMKEN,20210419,1310,1351.9,1292,1343.2,17285
TINPLATE,20210419,165.5,168.65,162,164.35,748673
TIPSINDLTD,20210419,518,518,484.05,501.8,2235
TIRUMALCHM,20210419,88.8,88.8,85.25,86.5,411207
TIRUPATIFL,20210419,25.9,25.9,25.9,25.9,60
TITAN,20210419,1525,1532.45,1500.1,1518.7,1439975
TMRVL,20210419,11.7,11.7,11.1,11.1,33228
TNPETRO,20210419,67.5,68.6,60.4,64.6,2680370
TNPL,20210419,135.05,137.2,133.8,136.6,133097
TNTELE,20210419,4.35,4.45,4.1,4.4,7181
TOKYOPLAST,20210419,69.5,71.55,67.5,70,5659
TORNTPHARM,20210419,2619.5,2648,2562.7,2596.2,389841
TORNTPOWER,20210419,404.95,404.95,383.15,384.35,999487
TOTAL,20210419,43.05,43.05,39.2,41.6,17337
TOUCHWOOD,20210419,93.15,100,93.05,95.3,1412
TPLPLASTEH,20210419,186,186.55,178.5,179.95,14313
TREEHOUSE,20210419,8.35,9.1,8.35,8.9,60465
TREJHARA,20210419,30.5,31.75,30.25,30.65,27291
TRENT,20210419,720,739.55,692.2,728.65,715142
TRF,20210419,89.7,89.7,84,86.3,8403
TRIDENT,20210419,13.55,13.65,13.1,13.45,9554062
TRIGYN,20210419,69,69.05,62.05,65.1,61444
TRIL,20210419,16.6,17.4,16.3,16.75,131136
TRITURBINE,20210419,100.05,104.4,97,100.6,367028
TRIVENI,20210419,103.95,109.5,99.9,108.55,5407775
TTKHLTCARE,20210419,481.25,503,481.25,499.85,2555
TTKPRESTIG,20210419,7320,7490,7255.35,7448.55,23408
TTL,20210419,42.45,44.75,41.2,42,4377
TTML,20210419,11.7,11.7,11.3,11.3,1616950
TV18BRDCST,20210419,27.25,27.8,26.9,27.4,3203014
TVSELECT,20210419,124,129.95,121.85,124.3,20819
TVSMOTOR,20210419,542.2,542.2,527.8,539.2,1029456
TVSSRICHAK,20210419,1699,1750,1644.05,1736.5,15999
TVTODAY,20210419,266,272,266,269.7,37738
TVVISION,20210419,2.2,2.2,2.2,2.2,2850
TWL,20210419,48.5,48.5,47,47.85,673292
UBL,20210419,1075,1116.25,1073,1113.05,437431
UCALFUEL,20210419,135.15,135.7,130.25,132.05,81788
UCOBANK,20210419,10.95,11,10.75,10.9,6400165
UFLEX,20210419,363,363,354.35,358.5,77339
UFO,20210419,73.45,73.45,69,70,70059
UGARSUGAR,20210419,17.5,17.65,17.15,17.35,172078
UJAAS,20210419,2.4,2.45,2.35,2.35,686080
UJJIVAN,20210419,197.45,197.45,190.1,192.9,612260
UJJIVANSFB,20210419,28,28,27.25,27.5,2630665
ULTRACEMCO,20210419,6500,6569.45,6415,6509.75,559506
UMANGDAIRY,20210419,54,55.4,52.4,53.95,20657
UMESLTD,20210419,3.35,3.45,3.2,3.2,20998
UNICHEMLAB,20210419,324,325.95,310.45,314.55,58636
UNIDT,20210419,291,304.55,291,293.9,7145
UNIENTER,20210419,75.75,75.75,73,73.9,5490
UNIONBANK,20210419,33.1,33.6,32.3,32.7,6139194
UNITEDTEA,20210419,299.7,299.7,288,294.15,2186
UNIVASTU,20210419,38.15,38.15,36.5,37.9,1963
UNIVCABLES,20210419,136.75,136.75,128.65,134.45,11405
UNIVPHOTO,20210419,174.5,184,170.1,177.25,2623
UPL,20210419,595.1,603,587,597.45,3198847
URJA,20210419,5.45,5.45,5.35,5.35,977727
USHAMART,20210419,37.8,37.8,36.3,36.8,1482221
UTIAMC,20210419,554.25,567.4,542.25,555.35,156956
UTIBANKETF,20210419,31.05,31.21,30.5,31,35141
UTINEXT50,20210419,35.96,35.96,34.35,35.64,22364
UTINIFTETF,20210419,1540,1541.23,1477.95,1498.12,1419
UTISENSETF,20210419,511,550,495,499.66,13162
UTISXN50,20210419,40.94,44.6,39.1,40.93,2111
UTTAMSTL,20210419,7,7.35,7,7,97676
UTTAMSUGAR,20210419,101.7,104.7,96.15,99,163419
V2RETAIL,20210419,106.7,106.7,103.75,103.75,65868
VADILALIND,20210419,871,912.05,871,908.9,9907
VAIBHAVGBL,20210419,4150,4175,4001.05,4028.35,31827
VAISHALI,20210419,34.8,35.65,33.2,35.45,35363
VAKRANGEE,20210419,55.05,55.5,54.85,54.85,355697
VALIANTORG,20210419,1418,1418,1351.1,1380.4,13392
VARDHACRLC,20210419,35.25,35.9,33.75,34.6,39116
VARDMNPOLY,20210419,17.1,17.1,15.05,15.65,44006
VARROC,20210419,340,348,336.05,340.1,73662
VASCONEQ,20210419,16.5,16.5,15.45,15.9,188460
VASWANI,20210419,9.65,9.85,9.2,9.35,9632
VBL,20210419,980,980,926.2,936.05,440724
VEDL,20210419,225.8,229.6,223.8,228.05,8509541
VENKEYS,20210419,1529.8,1529.8,1506.55,1518.3,34799
VENUSREM,20210419,295,305.7,280.55,305.7,122630
VERTOZ,20210419,254,255.1,242,248.15,73364
VESUVIUS,20210419,1012.5,1054.5,1001.75,1041.65,9749
VETO,20210419,135.1,135.1,127,128.25,37304
VGUARD,20210419,232.6,233,224.25,227.85,1274015
VHL,20210419,1760.05,1760.05,1612.2,1659.05,477
VICEROY,20210419,2.05,2.05,2.05,2.05,38397
VIDHIING,20210419,182.4,186.7,172,180.35,161155
VIJIFIN,20210419,0.6,0.65,0.6,0.6,29355
VIKASECO,20210419,1.9,1.95,1.8,1.8,2645612
VIKASMCORP,20210419,2.85,2.9,2.85,2.85,6009101
VIKASPROP,20210419,2.35,2.4,2.2,2.35,1146754
VIKASWSP,20210419,5.85,5.85,5.3,5.55,316095
VIMTALABS,20210419,198,198.05,187,188.5,100417
VINATIORGA,20210419,1575.65,1639,1530,1628.55,123877
VINDHYATEL,20210419,798.05,811,790,799.1,7380
VINYLINDIA,20210419,115,116.3,112,114.45,42391
VIPCLOTHNG,20210419,13.05,13.05,12.35,12.35,67543
VIPIND,20210419,320,324,304.6,320.05,301913
VIPULLTD,20210419,30.8,30.9,28.95,29,6978
VISAKAIND,20210419,500,500,474,480.6,51094
VISASTEEL,20210419,5.95,6.4,5.95,6.15,25389
VISESHINFO,20210419,0.1,0.1,0.05,0.05,6877894
VISHAL,20210419,47.05,48.4,46.6,46.6,85264
VISHNU,20210419,294,304.4,287.45,298.85,17188
VISHWARAJ,20210419,118,122.75,118,119.8,10616
VIVIDHA,20210419,0.75,0.8,0.7,0.7,503473
VIVIMEDLAB,20210419,20.2,23.7,17.2,23.7,7964836
VLSFINANCE,20210419,81.3,81.3,77.7,79.55,29157
VMART,20210419,2819.9,2819.9,2601.4,2659.05,18127
VOLTAMP,20210419,1079.95,1079.95,1040,1050,4619
VOLTAS,20210419,936,960,918,956.75,1917671
VRLLOG,20210419,225.5,225.5,216.5,218.25,87593
VSSL,20210419,160.1,172.2,156.65,164.65,206659
VSTIND,20210419,3240,3249,3180,3195.85,4974
VSTTILLERS,20210419,1761.15,1780.75,1739.95,1756.05,4474
VTL,20210419,1177.7,1188.85,1153.9,1169.2,29574
WABAG,20210419,233.05,240.7,229.45,235.55,433309
WABCOINDIA,20210419,6105.05,6547.95,6075.05,6443.75,14775
WALCHANNAG,20210419,58,58,51.1,55.35,277067
WANBURY,20210419,93.2,100.5,93.15,95.1,48157
WATERBASE,20210419,106.9,109.45,105,106.45,133718
WEALTH,20210419,134.3,147.75,121.15,126.25,2260
WEBELSOLAR,20210419,43.25,44.4,42,43.85,191420
WEIZMANIND,20210419,40.75,40.75,37.15,39,18381
WELCORP,20210419,139.55,139.75,133.5,137.8,919594
WELENT,20210419,98,100.75,95.2,98.7,199995
WELINV,20210419,423,423,382.85,393.25,1310
WELSPUNIND,20210419,79.5,80,76,77.1,1627251
WENDT,20210419,3102.4,3148,3054.55,3096.15,399
WESTLIFE,20210419,402.6,405,392.6,400.3,615021
WHEELS,20210419,435.2,441,404.9,418.55,22716
WHIRLPOOL,20210419,2125,2155.95,2086.05,2135.5,176799
WILLAMAGOR,20210419,18.7,18.7,16.15,16.8,11855
WINDMACHIN,20210419,28.3,28.3,27.45,27.45,136893
WIPL,20210419,57.5,57.5,57,57,500
WIPRO,20210419,463,477.95,461.1,472.75,43809855
WOCKPHARMA,20210419,456,468,443.1,457.65,921502
WONDERLA,20210419,180.1,184,176,177,52651
WORTH,20210419,48.1,49.15,47.1,47.4,3683
WSI,20210419,6.2,6.2,6.2,6.2,1
WSTCSTPAPR,20210419,201,201.8,189.1,190.5,187274
XCHANGING,20210419,61.55,62.65,61.1,61.8,52978
XELPMOC,20210419,288,300,273.2,284.1,51269
XPROINDIA,20210419,106.7,106.7,106.7,106.7,51389
YAARII,20210419,95.65,95.65,95.55,95.55,35678
YESBANK,20210419,14.2,14.3,14.05,14.2,75069350
ZEEL,20210419,187,191.2,185.1,190.35,9346956
ZEELEARN,20210419,10.2,10.2,9.85,10.05,396575
ZEEMEDIA,20210419,5.8,6.1,5.8,5.9,1606262
ZENITHEXPO,20210419,66,67,64.3,64.95,377
ZENITHSTL,20210419,0.8,0.85,0.75,0.75,81103
ZENSARTECH,20210419,266.85,266.85,260.05,263.05,98331
ZENTEC,20210419,75.3,75.3,66.8,73.75,85129
ZODIACLOTH,20210419,89.5,90.8,86.8,87.75,19180
ZODJRDMKJ,20210419,25.7,25.7,22.6,24.35,2381
ZOTA,20210419,156.1,161.5,148,153.95,33620
ZUARI,20210419,88.75,89.45,86.2,88.4,49808
ZUARIGLOB,20210419,79.95,79.95,76.1,77.65,28436
ZYDUSWELL,20210419,2091,2129.45,2055.1,2100,141136
NSENIFTY,20210419,14306.60,14382.30,14191.40,14359.45,503142904,0
NIFTYJUNIOR,20210419,33913.95,34122.80,33513.60,34047.25,340006675,0
NIFTYMIDCAPLIQ15,20210419,5417.40,5476.40,5362.15,5468.70,135897041,0
NSE100,20210419,14459.00,14535.55,14346.10,14512.85,843149579,0
NIFTY200,20210419,7490.50,7532.00,7427.00,7520.35,1565605255,0
NSE500,20210419,12032.75,12094.55,11923.20,12076.45,1945295130,0
NSEMIDCAP150,20210419,8767.80,8835.25,8647.50,8808.85,749004619,0
MIDCAP50,20210419,6413.65,6455.65,6325.05,6441.70,664633019,0
NSEMIDCAP,20210419,23121.15,23321.50,22799.90,23256.35,722455676,0
NSESMLCAP100,20210419,8085.65,8105.00,7950.45,8065.50,-,0
NIFTYLARGEMIDCAP250,20210419,-,-,-,7776.67,1592154198,0
NIFTYAUTO,20210419,9476.65,9562.95,9395.25,9532.15,127131479,0
BANKNIFTY,20210419,30993.45,31304.30,30405.65,31208.40,371591981,0
NIFTYFINSERVICE,20210419,14900.40,15043.75,14675.45,15006.55,156106376,0
NIFTYFMGC,20210419,34463.45,34623.95,34218.10,34519.00,28156292,0
NSEIT,20210419,26012.40,26524.65,25875.90,26236.90,74233445,0
NIFTYMEDIA,20210419,1426.65,1441.45,1409.05,1435.50,22623367,0
NIFTYMETAL,20210419,4302.35,4403.65,4266.85,4366.10,177377481,0
NIFTYPHARMA,20210419,13233.20,13342.25,12999.80,13256.25,59334166,0
NIFTYPVTBANK,20210419,16566.25,16709.25,16262.45,16656.50,268913018,0
NIFTYPSUBANK,20210419,1959.50,1967.80,1914.45,1950.85,318330778,0
NIFTYREALTY,20210419,304.25,305.85,298.55,300.30,21164203,0
NIFTYCOMMODITIES,20210419,4480.25,4511.30,4444.40,4491.35,213590081,0
NIFTYCONSUMPTION,20210419,5884.60,5900.25,5833.15,5887.80,64337346,0
NIFTYCPSE,20210419,1723.65,1731.35,1700.70,1704.90,84323529,0
NIFTYENERGY,20210419,17456.00,17518.10,17302.30,17357.75,133371341,0
NIFTY100ESG,20210419,-,-,-,2871.10,557273978,0
NIFTY100ENHESG,20210419,-,-,-,2888.19,497602533,0
NIFTYINFRA,20210419,3955.85,3966.35,3926.30,3939.65,242904601,0
NIFTYMNC,20210419,15897.70,15982.20,15754.35,15951.60,196076215,0
NIFTYPSE,20210419,3000.60,3008.15,2966.50,2989.25,240460311,0
NIFTYSMEEMERGE,20210419,-,-,-,2010.58,1201200,0
NIFTYSERVSECTOR,20210419,19854.50,20008.80,19628.30,19978.15,300068807,0
NIFTYSHARIAH25,20210419,-,-,-,5533.35,101970698,0
NIFTY50SHARIAH,20210419,-,-,-,3585.30,84075714,0
NIFTY500SHARIAH,20210419,-,-,-,4337.13,307935142,0
NIFTYABGROUP,20210419,-,-,-,4570.67,155617009,0
NIFTYMAHINDRA,20210419,-,-,-,12772.00,14782861,0
NIFTYTATA,20210419,-,-,-,10439.94,161037402,0
NIFTYTATA25CAP,20210419,-,-,-,7673.68,146339053,0
NIFTYABGROUP,20210419,-,-,-,4570.67,155617009,0
NIFTYLIQ15,20210419,3455.05,3463.60,3416.40,3458.05,215290850,0
NIFTY500VALUE50,20210419,-,-,-,4598.64,675991171,0
NIFTYQUALLOWVOL30,20210419,-,-,-,10444.47,128336569,0
NIFTYALPHAQUALLOWVOL30,20210419,-,-,-,12143.11,143305994,0
NIFTYALPHAQUALVALLOWVOL30,20210419,-,-,-,9111.96,146886663,0
NIFTY50EQUALWEIGHT,20210419,15892.45,15958.55,15755.95,15925.50,503142904,0
NIFTY100EQUALWEIGHT,20210419,16742.60,16813.00,16570.20,16783.20,843149579,0
NIFTY100LOWVOL30,20210419,11241.80,11255.05,11135.25,11226.65,188086423,0
NSEDEFTY,20210419,-,-,-,6644.91,-,0
NIFTY50DIVPOINT,20210419,1.92,1.92,1.92,1.92,-,0
NIFTYDIVOPPS50,20210419,3003.85,3016.45,2983.15,3003.95,270893320,0
NIFTYALPHA50,20210419,23423.30,23894.45,23120.10,23778.20,478915188,0
NIFTY50ARBITRAGE,20210419,-,-,-,1952.91,-,0
NIFTY50FUTINDEX,20210419,-,-,-,4706.75,-,0
NIFTY50FUTTRINDEX,20210419,-,-,-,14922.82,-,0
NIFTYHIGHBETA50,20210419,-,-,-,1687.28,858051143,0
NIFTYLOWVOL50,20210419,-,-,-,13708.26,198304938,0
NIFTY50VALUE20,20210419,7379.45,7437.15,7341.20,7386.00,196161735,0
NIFTYGROWSECT15,20210419,7167.10,7209.55,7103.05,7201.90,57334391,0
NIFTY50TR2XLEV,20210419,8288.45,8377.30,8153.05,8351.05,-,0
NIFTY50PR2XLEV,20210419,6208.45,6275.05,6107.05,6255.35,-,0
NIFTY50TR1XINV,20210419,265.10,267.15,263.80,264.20,-,0
NIFTY50PR1XINV,20210419,306.20,308.55,304.65,305.10,-,0
NIFTY-GS-COMPSITE,20210419,2284.27,2286.86,2282.62,2285.68,-,0
NIFTY-GS-4-8YR,20210419,2392.60,2397.41,2392.60,2396.66,-,0
NIFTY-GS-8-13YR,20210419,2238.11,2239.14,2237.86,2237.71,-,0
NIFTY-GS-10YR,20210419,2034.75,2037.26,2034.12,2035.63,-,0
NIFTY-GS-10YR-CLN,20210419,951.68,952.88,951.38,952.10,-,0
NIFTY-GS-11-15YR,20210419,2396.14,2399.76,2389.43,2397.21,-,0
NIFTY-GS-15YRPLUS,20210419,2629.63,2629.67,2629.46,2627.19,-,0
VIX,20210419,20.40,23.11,19.81,22.49,0,0
