20MICRONS,20210802,66.7,68.4,66.2,66.6,191472
21STCENMGM,20210802,23,23,23,23,9988
3IINFOTECH,20210802,9.3,9.5,9.15,9.25,4154899
3MINDIA,20210802,24874,24874,24500,24672.55,1022
3PLAND,20210802,16.1,16.7,15.4,16,6808
5PAISA,20210802,509.95,523.2,509.95,514.85,40060
63MOONS,20210802,100,105.8,99.3,103.6,326478
A2ZINFRA,20210802,5.3,5.4,5.2,5.25,290956
AAKASH,20210802,262,268.4,256,259.25,83647
AARON,20210802,125.5,125.5,115.15,116.9,26552
AARTIDRUGS,20210802,670,674.2,664.25,669.45,351309
AARTIIND,20210802,946,965,930.1,948.15,1446669
AARTISURF,20210802,1540,1548.8,1501,1514.45,36613
AARVEEDEN,20210802,28.45,28.55,27.5,28.55,119841
AARVI,20210802,69.05,70.55,69.05,70.1,69728
AAVAS,20210802,2550,2588.75,2446,2469.7,91187
ABAN,20210802,46,48.35,45,48.35,326794
ABB,20210802,1702.2,1734.65,1661.4,1683.45,223836
ABBOTINDIA,20210802,19000,19994.7,18999,19750.7,46979
ABCAPITAL,20210802,116.95,120.8,115.75,118.95,5367390
ABFRL,20210802,227,229.5,221.7,224.5,2897320
ABSLBANETF,20210802,346.34,346.34,345.53,345.53,130
ABSLNN50ET,20210802,401,407,401,402.31,220
ACC,20210802,2395,2434.4,2381.2,2424,464987
ACCELYA,20210802,1375.3,1388,1330.35,1348.4,43772
ACCURACY,20210802,92.15,97.2,91.05,95.5,92348
ACE,20210802,257.95,261.9,245.15,255.5,1376923
ACRYSIL,20210802,635,681.45,625.2,678,335866
ADANIENT,20210802,1435,1445,1424.1,1438.2,2483790
ADANIGREEN,20210802,882.4,900,874.8,876.15,1113774
ADANIPORTS,20210802,682,695,678,692,8925708
ADANIPOWER,20210802,96.5,97.85,91.9,92.85,6512680
ADANITRANS,20210802,911.35,927.65,885,908.8,76338
ADFFOODS,20210802,910,960,880,886.4,47752
ADL,20210802,36.5,38.2,36.5,38.2,11140
ADORWELD,20210802,725.45,740,725,735.45,12035
ADROITINFO,20210802,8.6,9,8.6,9,2182
ADSL,20210802,72.95,72.95,69.1,69.5,326604
ADVANIHOTR,20210802,73.95,74,72.1,72.5,35942
ADVENZYMES,20210802,403,427.75,401.2,425.3,1233999
AEGISCHEM,20210802,321.15,322,303,306.9,1446692
AFFLE,20210802,4220,4320,4161,4259.4,39203
AGARIND,20210802,350,364,349,362.6,76058
AGCNET,20210802,1212,1239.4,1152,1167.4,1637
AGRITECH,20210802,47.35,49.7,47.3,49.7,40579
AGROPHOS,20210802,16.35,16.35,15.6,15.7,47125
AHLADA,20210802,219,226.55,218.55,226.55,186662
AHLEAST,20210802,195.4,195.4,189.05,190.15,8154
AHLUCONT,20210802,399,411,386.85,395.85,42055
AHLWEST,20210802,290,290,274.6,278.75,9580
AIAENG,20210802,2018.95,2019,1959,1964.75,37629
AIRAN,20210802,26,26.3,24.7,25.5,45869
AJANTPHARM,20210802,2320.55,2339.95,2230,2253.55,97716
AJMERA,20210802,315,322.2,310.25,320.9,69916
AJOONI,20210802,62.55,62.9,58.35,61.8,120926
AKASH,20210802,201.7,201.7,193,193.85,9941
AKG,20210802,26.8,26.8,24.75,25.3,3897
AKSHARCHEM,20210802,450,451.95,438.95,442.2,18439
AKSHOPTFBR,20210802,10.9,11.3,10.7,11.2,402324
AKZOINDIA,20210802,2288,2291.05,2268.05,2280.4,6342
ALANKIT,20210802,19.5,19.5,17.9,18.15,6064181
ALBERTDAVD,20210802,549.45,562.05,547.15,548.15,16373
ALEMBICLTD,20210802,121.05,123.75,121,122.65,433654
ALICON,20210802,802.85,817.05,788.05,803.35,40200
ALKALI,20210802,90.5,92.9,87.45,91.7,80256
ALKEM,20210802,3455,3500,3432.05,3482.4,165245
ALKYLAMINE,20210802,4418.45,4481.85,4385,4413.9,72874
ALLCARGO,20210802,200,217,195.5,212.35,6474688
ALLSEC,20210802,438.45,454.2,433.3,444.7,21468
ALMONDZ,20210802,67.95,67.95,63.5,64.05,7204
ALOKINDS,20210802,24.35,24.9,24.35,24.5,5326708
ALPA,20210802,48.9,50.6,48.25,49.35,46309
ALPHAGEO,20210802,310.3,351.4,310.1,340.4,522718
ALPSINDUS,20210802,3.05,3.05,2.85,2.85,53054
AMARAJABAT,20210802,723.7,727.45,717.25,720.45,841959
AMBER,20210802,3000,3055,2995,3017.65,39605
AMBICAAGAR,20210802,18,18.35,17.6,18,22089
AMBIKCO,20210802,1629,1705.3,1603.65,1670.9,182484
AMBUJACEM,20210802,412,419.95,410.45,418.1,2758639
AMDIND,20210802,31.45,32.15,29.95,30.35,86335
AMJLAND,20210802,38,38,36.4,36.8,194883
AMRUTANJAN,20210802,685,703,685,696.15,37310
ANANTRAJ,20210802,64.5,67.55,62.5,66.6,542409
ANDHRACEMT,20210802,33.7,33.85,33,33.85,2381351
ANDHRAPAP,20210802,256.2,264.65,255.55,258.1,71293
ANDHRSUGAR,20210802,562,568.95,556.5,558.65,61988
ANGELBRKG,20210802,1204,1305.95,1198.2,1305.95,1032947
ANIKINDS,20210802,22.5,22.95,22,22.05,15685
ANKITMETAL,20210802,2.3,2.3,2.1,2.15,157549
ANMOL,20210802,169.45,169.5,167,167.6,25659
ANSALAPI,20210802,9.2,9.35,9.1,9.35,129080
ANSALHSG,20210802,8.35,8.75,8.25,8.75,115728
ANTGRAPHIC,20210802,0.7,0.7,0.7,0.7,100497
ANUP,20210802,1039.7,1049.75,1021.65,1036.05,42343
ANURAS,20210802,729.9,740,721.1,723.45,182554
APARINDS,20210802,655.05,670.15,655.05,659.2,97153
APCL,20210802,499,499,480.55,487.85,46748
APCOTEXIND,20210802,345,363.5,339,352.75,370773
APEX,20210802,380.4,392,375.35,378.9,245639
APLAPOLLO,20210802,1775,1787,1759.4,1773.45,181463
APLLTD,20210802,794.7,794.7,777,781,540881
APOLLO,20210802,116.3,119.7,116.3,117.4,126180
APOLLOHOSP,20210802,4059.65,4092.95,4035.05,4048.15,344295
APOLLOPIPE,20210802,1218,1410,1215.3,1337.65,440663
APOLLOTYRE,20210802,224.85,229.75,224,228.6,3693403
APOLSINHOT,20210802,778,778,706.4,714.8,3314
APTECHT,20210802,289,296.9,281.75,285.65,535888
ARCHIDPLY,20210802,34.9,35.4,34.2,34.8,20396
ARCHIES,20210802,22.5,23.15,22.25,22.55,135793
ARENTERP,20210802,17.25,18.65,17,17.05,5679
ARIES,20210802,171.5,183.4,170,179.05,325033
ARIHANT,20210802,27.55,28.25,26.25,27.55,33047
ARIHANTCAP,20210802,176.45,176.5,167.5,168.05,71742
ARIHANTSUP,20210802,101.55,101.55,100.05,101.55,119344
ARMANFIN,20210802,714.1,764.7,712.1,753.05,22313
AROGRANITE,20210802,77.95,78.3,75.4,76.05,213954
ARROWGREEN,20210802,154.45,156.45,150.15,153.8,14347
ARSHIYA,20210802,29.35,29.45,28.5,28.75,76200
ARSSINFRA,20210802,31.05,32.5,31,31.75,32225
ARTEMISMED,20210802,383.75,386,378.5,384.6,12031
ARVEE,20210802,109.5,113.85,104,105,750
ARVIND,20210802,105.1,106.95,104.65,105.9,1984634
ARVINDFASN,20210802,211.5,213.95,206,210.45,475635
ARVSMART,20210802,131.4,137.7,130.2,135.3,443570
ASAHIINDIA,20210802,386.95,393,375.3,377.3,232667
ASAHISONG,20210802,423.7,423.7,400.1,413.25,233599
ASAL,20210802,60.95,61.85,59.1,61.45,18501
ASALCBR,20210802,481,486.45,450.55,453.55,166260
ASHAPURMIN,20210802,147.45,149.8,144.4,145.35,40113
ASHIANA,20210802,174.45,187,174.2,179.1,641562
ASHIMASYN,20210802,20,20.25,19.25,19.7,89229
ASHOKA,20210802,108.25,110,105.35,106.05,1643593
ASHOKLEY,20210802,134.95,137.35,133.55,134.8,17574942
ASIANHOTNR,20210802,91.6,94.35,89.35,92.2,12126
ASIANPAINT,20210802,2985.6,2986.8,2960.65,2974.05,832285
ASIANTILES,20210802,178.45,186.45,177.4,185.6,1552561
ASPINWALL,20210802,227.9,229.8,223,227.55,17558
ASTEC,20210802,1388.25,1388.25,1353.3,1374.5,112804
ASTERDM,20210802,165.05,166.15,161.4,161.85,361631
ASTRAL,20210802,2085.5,2243.25,2072.5,2179.7,709339
ASTRAMICRO,20210802,170.75,178,169.95,172.8,663355
ASTRAZEN,20210802,3390.2,3412,3355,3363.15,15618
ASTRON,20210802,61.7,62.2,55.1,57.4,1506943
ATFL,20210802,1002.95,1017.6,993.15,995.75,7703
ATGL,20210802,892.55,905.05,859.55,888.35,115434
ATLANTA,20210802,14.45,14.45,13.7,14,23530
ATUL,20210802,9096.4,9149.35,9073.65,9097.3,9909
ATULAUTO,20210802,218.95,226.2,218.25,220.4,636902
AUBANK,20210802,1229,1232.5,1206.3,1223.7,1371183
AURIONPRO,20210802,215,224,210.75,219.4,74874
AUROPHARMA,20210802,920.1,924.7,912.65,918.3,1008260
AUSOMENT,20210802,94.9,94.9,90.55,92.55,6936
AUTOAXLES,20210802,1488.9,1488.9,1381.9,1398.5,35873
AUTOIND,20210802,72.45,72.45,72.35,72.45,78163
AVADHSUGAR,20210802,500.5,512.8,491.75,501.65,358176
AVANTIFEED,20210802,640.4,673.8,637.5,645.25,1412089
AVTNPL,20210802,81.45,81.45,77,77.45,280977
AWHCL,20210802,345,349.4,342.6,344.8,40460
AXISBANK,20210802,715,725.55,712,721.15,6823345
AXISBNKETF,20210802,344.78,349.09,344.78,347.22,736
AXISBPSETF,20210802,10.18,10.48,10.17,10.19,38339
AXISCADES,20210802,93.8,96.7,92.45,94.15,80988
AXISGOLD,20210802,41.7,41.7,41.45,41.46,69831
AXISHCETF,20210802,87.01,88.89,87.01,87.78,5824
AXISNIFTY,20210802,167,168.05,160.73,166.19,6179
AXISTECETF,20210802,307,307,303.1,304,1217
AYMSYNTEX,20210802,80.5,80.5,77.3,77.4,156253
BAFNAPH,20210802,161.7,161.7,150.2,159.8,12739
BAGFILMS,20210802,3.75,3.85,3.7,3.85,123509
BAJAJ-AUTO,20210802,3874,3880,3813.2,3841.55,351187
BAJAJCON,20210802,289.6,289.9,286.1,289.15,390055
BAJAJELEC,20210802,1166,1182.45,1145,1150.2,106925
BAJAJFINSV,20210802,14375,14399.95,14082.55,14125.15,264709
BAJAJHIND,20210802,19.1,19.25,18.15,18.2,3130527
BAJAJHLDNG,20210802,4025,4080,3966.55,3992.1,34942
BAJFINANCE,20210802,6270,6283.95,6170,6200.5,1012435
BALAJITELE,20210802,70.75,71.7,70.05,70.3,583097
BALAMINES,20210802,3292.6,3341,3233,3318.25,109334
BALAXI,20210802,580,592,574,580.45,6103
BALKRISHNA,20210802,30.55,30.55,30.55,30.55,100
BALKRISIND,20210802,2386.3,2527.55,2386.3,2499.4,1419956
BALMLAWRIE,20210802,136,137.25,135.6,135.95,205669
BALPHARMA,20210802,96.35,99.8,95.3,99.8,54423
BALRAMCHIN,20210802,384.5,384.5,365,367.35,1605435
BANARBEADS,20210802,87.4,93,86.3,87.9,99865
BANARISUG,20210802,1813.95,1841.4,1813.9,1828.6,2224
BANCOINDIA,20210802,173,176.5,170.9,172.2,429248
BANDHANBNK,20210802,294.9,307.8,294.25,299.55,17383254
BANG,20210802,39.15,40.5,39,39.85,16370
BANKA,20210802,63.25,69.95,63.25,68.45,15006
BANKBARODA,20210802,80.95,81.75,80.3,80.75,17536889
BANKBEES,20210802,348.5,351.6,348.2,349.3,387561
BANKINDIA,20210802,75.6,76.3,73.6,74.2,4479220
BANSWRAS,20210802,225.6,232.8,225.6,232.8,44362
BARBEQUE,20210802,890,919,880.25,890.05,116362
BASF,20210802,2900,2959.95,2883.35,2921.8,53549
BASML,20210802,106,106.8,100.55,102.8,207887
BATAINDIA,20210802,1629.8,1699.35,1622.55,1681.7,761229
BAYERCROP,20210802,5810,5851.05,5770,5780.2,5025
BBL,20210802,1384.95,1392,1362.1,1372.95,9593
BBTC,20210802,1245.95,1260.45,1241,1246.45,63525
BCG,20210802,43.3,47.8,43.3,47.8,6155087
BCLIND,20210802,265.9,266,258,260.45,82827
BCP,20210802,4,4.05,3.8,3.9,463545
BDL,20210802,420.8,429.2,408,416.05,618158
BEARDSELL,20210802,17.45,17.75,17.3,17.75,99459
BECTORFOOD,20210802,432.35,438,425.15,427.3,219718
BEDMUTHA,20210802,41.6,43,40,42.15,32025
BEL,20210802,185,187,183.45,183.8,7028068
BEML,20210802,1309,1329.5,1289.5,1317.2,183168
BEPL,20210802,189.35,204,188.1,200.75,7871736
BERGEPAINT,20210802,845,849.3,838.3,841.05,703222
BESTAGRO,20210802,571.9,582.5,555,579.9,50694
BFINVEST,20210802,389.1,402.95,388.15,393.6,54946
BFUTILITIE,20210802,491.05,505.95,487.6,491.55,356389
BGLOBAL,20210802,1.85,1.85,1.85,1.85,22102
BGRENERGY,20210802,64.1,65.75,64.1,64.5,114510
BHAGERIA,20210802,276.3,279.4,272.05,273.2,68345
BHAGYANGR,20210802,50.45,50.5,49.05,49.8,49739
BHAGYAPROP,20210802,31.85,31.85,29.7,30.3,60386
BHANDARI,20210802,3.4,3.5,3.35,3.45,294959
BHARATFORG,20210802,777.25,787,771,785.3,1360852
BHARATGEAR,20210802,126,128.9,124.5,125.1,59581
BHARATRAS,20210802,13499.45,13789,13441,13644.3,2559
BHARATWIRE,20210802,80.95,85,77.7,80.7,40897
BHARTIARTL,20210802,566,569.95,560,565.15,6254864
BHEL,20210802,58.1,61.35,57.15,59.85,73899617
BIGBLOC,20210802,111,115.95,111,113.3,32776
BIL,20210802,235.3,235.3,223.1,224.3,5586
BINDALAGRO,20210802,28.5,31.1,28.5,30.65,589406
BIOCON,20210802,387.3,391.8,386.45,390,2419224
BIOFILCHEM,20210802,71.9,71.9,70.2,70.9,41925
BIRLACABLE,20210802,106.45,109.5,106.45,107.35,24647
BIRLACORPN,20210802,1500,1518,1473.1,1482.55,230929
BIRLAMONEY,20210802,73.9,75.9,73.35,74.3,283829
BIRLATYRE,20210802,28.8,29.3,28.35,28.45,407528
BKMINDST,20210802,1.45,1.45,1.45,1.45,75427
BLBLIMITED,20210802,13.85,13.85,13.55,13.85,23071
BLISSGVS,20210802,120.3,128.45,116.15,126.5,12461473
BLKASHYAP,20210802,25.25,26.5,25,26.45,967963
BLS,20210802,153.25,154.5,150.1,151,402385
BLUECHIP,20210802,0.45,0.45,0.4,0.45,39927
BLUECOAST,20210802,6.45,6.45,6.45,6.45,2438
BLUEDART,20210802,5444,5480,5339.1,5447.65,38427
BLUESTARCO,20210802,843,851.6,837.8,846.4,44337
BODALCHEM,20210802,120.05,123.2,120,121,950993
BOMDYEING,20210802,105.35,111.7,104.35,109.95,11254187
BOROLTD,20210802,215.9,220.5,215.05,219.65,141651
BORORENEW,20210802,320,322,312,314.2,179762
BOSCHLTD,20210802,15073.05,15347,15005.1,15300.1,43686
BPCL,20210802,448.05,459.9,446.5,457.8,4982840
BPL,20210802,40,40,39.1,39.4,84353
BRFL,20210802,8.2,8.75,8.2,8.4,332792
BRIGADE,20210802,324.75,342,320.8,334.25,1563984
BRITANNIA,20210802,3446.7,3542,3440.05,3504.65,1887580
BRNL,20210802,35.5,36.3,35.05,35.4,56390
BROOKS,20210802,89.05,93.2,88.85,93.2,52325
BSE,20210802,1265.9,1286,1257.8,1277.4,704082
BSHSL,20210802,338,338,320,331.05,2813
BSL,20210802,75.35,75.35,69.4,69.4,62472
BSLGOLDETF,20210802,4400,4403,4368,4388.55,389
BSLNIFTY,20210802,176.39,176.39,173.05,175.85,653
BSOFT,20210802,405,406,396.1,397.2,1175008
BURGERKING,20210802,182,189.6,181,185.85,6519004
BURNPUR,20210802,2.75,2.75,2.75,2.75,82959
BUTTERFLY,20210802,785,800,760,789.05,39146
BVCL,20210802,24.1,24.2,23.5,24.15,26217
BYKE,20210802,30.15,31.4,30.1,31.4,104439
CADILAHC,20210802,590,593.75,584.75,591.85,1308091
CALSOFT,20210802,15.6,15.6,15.6,15.6,7549
CAMLINFINE,20210802,189.9,194.4,188.95,190.7,806923
CAMS,20210802,3378,3527.7,3350,3497.35,450748
CANBK,20210802,154.7,157.75,154.15,155.6,15142755
CANFINHOME,20210802,542,566,540.45,554.65,737707
CANTABIL,20210802,405,410.8,404,406.05,11855
CAPACITE,20210802,231.05,252,231.05,241.4,1349185
CAPLIPOINT,20210802,886,918.95,886,895.75,446412
CAPTRUST,20210802,108.45,111,106.9,108.6,9039
CARBORUNIV,20210802,679.9,749.9,678.75,708,2896245
CAREERP,20210802,174.55,178,164.2,166.9,171987
CARERATING,20210802,729,778.95,728.15,767.5,954824
CASTROLIND,20210802,139.3,140.2,138,138.15,1082877
CCCL,20210802,0.75,0.75,0.7,0.7,198804
CCHHL,20210802,8.4,8.4,7.8,7.9,121652
CCL,20210802,441.8,441.8,426.2,428.85,745110
CDSL,20210802,1369,1398,1355,1398,409462
CEATLTD,20210802,1362.3,1379.8,1362,1367.15,187834
CEBBCO,20210802,37,38.4,36,37.85,149947
CELEBRITY,20210802,14.3,14.3,14.3,14.3,37541
CENTENKA,20210802,489.9,514.1,487.95,509.1,528820
CENTEXT,20210802,10.45,10.45,9.8,10,462900
CENTRALBK,20210802,24.5,24.6,23.35,23.75,9299440
CENTRUM,20210802,50,51,49.15,49.75,5857829
CENTUM,20210802,538,540.75,525.5,530.4,64836
CENTURYPLY,20210802,428.25,434,424.25,432.15,99748
CENTURYTEX,20210802,802.95,834.7,795.15,822.6,2153873
CERA,20210802,4520,4620,4482.9,4567.1,58331
CEREBRAINT,20210802,62,63.9,60.55,60.8,2228656
CESC,20210802,840,853,821,823.05,569292
CGCL,20210802,534.95,548.9,528.05,543.95,55877
CGPOWER,20210802,80,81,78.65,79.1,1824356
CHALET,20210802,180.5,180.5,175.5,176.8,107284
CHAMBLFERT,20210802,308.7,313.65,307.1,310.25,1535139
CHEMBOND,20210802,235,262.95,235,260.1,706362
CHEMCON,20210802,504.6,524.6,501.1,522.4,576330
CHEMFAB,20210802,185,186.25,177.4,180.35,37600
CHENNPETRO,20210802,114.95,115.55,114,114.45,603141
CHOLAFIN,20210802,473.65,528.9,470,526.45,15993336
CHOLAHLDNG,20210802,661,671.8,645.1,652.25,158242
CIGNITITEC,20210802,575,596.35,571.2,573.45,139826
CINELINE,20210802,64.2,69.5,63.25,67,1029981
CINEVISTA,20210802,15.55,15.55,15.2,15.5,26979
CIPLA,20210802,928.3,933.6,913.4,921.05,2981630
CLEAN,20210802,1693.5,1709.9,1660,1666.45,288875
CLEDUCATE,20210802,161.85,167.3,153.25,158.15,99172
CLNINDIA,20210802,621.9,625.9,615.15,617.8,64726
CLSEL,20210802,147,150.05,145.75,146.65,89883
CMICABLES,20210802,54.6,59.35,53.8,54.8,114193
COALINDIA,20210802,144.3,144.9,143.1,143.9,6164197
COCHINSHIP,20210802,376.7,380.7,374,374.7,181830
COFFEEDAY,20210802,40.5,40.9,38.5,38.95,1503907
COFORGE,20210802,5114.6,5188,5090.05,5142.1,207068
COLPAL,20210802,1705,1716,1676,1677.85,662042
COMPINFO,20210802,30.25,31.5,29.7,30.35,450460
COMPUSOFT,20210802,14,14.5,13.6,14.35,109881
CONCOR,20210802,660,694.15,654.5,691.3,5654405
CONFIPET,20210802,62.65,63.9,62.5,62.65,434271
CONSOFINVT,20210802,127.95,127.95,125.4,126.05,20561
CONTROLPR,20210802,400,400,392.25,394.35,22200
CORALFINAC,20210802,51.75,55,51.25,53.4,443457
CORDSCABLE,20210802,63.95,64,62.55,63.2,41572
COROMANDEL,20210802,920,929.8,906.85,913.8,770359
COSMOFILMS,20210802,1195.15,1245,1188.1,1237.35,92146
COUNCODOS,20210802,3.5,3.5,3.5,3.5,57825
CPSEETF,20210802,26.2,26.2,25.8,26,13138236
CRAFTSMAN,20210802,2019,2073.45,2000,2062.3,41373
CREATIVE,20210802,217,229.45,210,229.45,58787
CREATIVEYE,20210802,3.8,3.85,3.8,3.85,12072
CREDITACC,20210802,663.1,668.1,651.65,655.55,46707
CREST,20210802,119,124.5,118.95,120.05,11744
CRISIL,20210802,2805.2,3020.2,2805.2,2996.8,209175
CROMPTON,20210802,487,495.7,483.5,489.75,1749240
CSBBANK,20210802,354.2,354.2,342.2,343.6,226679
CTE,20210802,91.6,93.95,90,93.95,168878
CUB,20210802,151.05,154.1,150.7,151.3,1607938
CUBEXTUB,20210802,27.55,28.65,27.5,28.3,12746
CUMMINSIND,20210802,852.95,871.25,852.95,860.45,482392
CUPID,20210802,249.7,254.6,243.8,246.05,123719
CYBERMEDIA,20210802,13.3,13.3,12.2,13.1,20821
CYBERTECH,20210802,194.2,199.8,192.2,193.4,173979
CYIENT,20210802,995.7,996,985,990,120497
DAAWAT,20210802,76.65,77.1,74,74.3,1975121
DABUR,20210802,605.9,609,594.05,599.05,5788412
DALALSTCOM,20210802,1.45,1.55,1.45,1.45,71002
DALBHARAT,20210802,2156.6,2181.85,2065,2161.45,800584
DALMIASUG,20210802,495,516.55,465.35,472.65,781773
DAMODARIND,20210802,51.75,51.75,49.75,50.95,63594
DANGEE,20210802,192,192,182.6,184.35,10083
DATAMATICS,20210802,292,299,286,290.1,191113
DBCORP,20210802,93.1,94.9,93,93.5,422779
DBL,20210802,565,568.25,559.1,561,122066
DBREALTY,20210802,25.6,26.9,25.55,26.75,1649168
DBSTOCKBRO,20210802,14.45,14.75,13.65,14.1,5346
DCAL,20210802,210.95,214.4,209,210.1,389775
DCBBANK,20210802,105.8,106,103.5,103.95,561265
DCM,20210802,57.95,57.95,57.95,57.95,12228
DCMFINSERV,20210802,2.95,2.95,2.95,2.95,12950
DCMNVL,20210802,214.8,220.15,213.55,220.1,141363
DCMSHRIRAM,20210802,938.5,946,909.95,933.45,91850
DCW,20210802,41,41.1,38.7,38.9,2652955
DECCANCE,20210802,756,779.95,748.65,771.15,244839
DEEPAKFERT,20210802,448,452.45,435.5,449.3,600954
DEEPAKNTR,20210802,2060,2093.7,2035.05,2061.3,1692703
DEEPENR,20210802,48.95,50.7,48.4,50.7,38823
DEEPINDS,20210802,100.9,118.7,100,113,1233576
DELTACORP,20210802,184,184.8,178.2,179.5,1259985
DELTAMAGNT,20210802,53.6,55.45,53.6,54.4,6967
DEN,20210802,53.3,54.45,52.8,54.05,3183238
DENORA,20210802,389.9,437.95,384.25,416.95,362537
DFMFOODS,20210802,369.15,370.75,364.85,368.25,146968
DGCONTENT,20210802,14.9,15.25,13.85,14.2,57339
DHAMPURSUG,20210802,357.95,361,351,352.2,318439
DHANBANK,20210802,17.9,17.9,17.3,17.4,1276805
DHANI,20210802,232.1,238.45,230,234.15,1809850
DHANUKA,20210802,950,960.6,912.85,927.7,125581
DHARSUGAR,20210802,21.1,21.1,21.1,21.1,74033
DHUNINV,20210802,642.6,670,636,666.3,8350
DIAMONDYD,20210802,729.05,744.2,718.95,722.15,29877
DICIND,20210802,499,534.5,487.5,522.25,112080
DIGISPICE,20210802,76.7,76.7,76,76.7,775171
DISHTV,20210802,14.3,14.3,14,14.05,2236805
DIVISLAB,20210802,4893.5,4962.15,4893.5,4928.95,359231
DIXON,20210802,4322,4367.2,4304.6,4348.6,154217
DLF,20210802,340,354.9,337.95,351.85,20614630
DLINKINDIA,20210802,159.1,160.7,154.05,155.5,616435
DMART,20210802,3524.8,3524.8,3486,3502.4,147600
DNAMEDIA,20210802,2.65,2.65,2.45,2.65,272589
DODLA,20210802,626,626.55,600,613.85,79329
DOLAT,20210802,119,123,118.1,120.3,442931
DOLLAR,20210802,354.9,374.9,349.85,370.25,893388
DONEAR,20210802,62.9,62.9,57.8,58.5,293882
DPABHUSHAN,20210802,194.8,207.05,185.95,189.5,143424
DPSCLTD,20210802,16.75,16.75,15.4,16.15,244171
DPWIRES,20210802,214.2,220,209.05,216.8,69348
DRCSYSTEMS,20210802,290.35,290.5,281.1,287.4,1726
DREDGECORP,20210802,388.5,402.75,386.25,393.55,176652
DRREDDY,20210802,4739,4750.5,4687.6,4701.55,756346
DSSL,20210802,149,152.7,145.2,146.85,16033
DTIL,20210802,529.3,549.9,526.05,546.4,37382
DUCON,20210802,14.7,15.35,14.1,14.75,53355
DVL,20210802,317,340,313.5,337.6,313144
DWARKESH,20210802,77.5,78.2,76.5,76.65,1619794
DYNAMATECH,20210802,1715,1715,1680.1,1689.65,4539
DYNPRO,20210802,573.35,613.9,568.15,587.5,190213
EASEMYTRIP,20210802,420,450,420,449.25,4498121
EASTSILK,20210802,3.8,3.8,3.8,3.8,12194
EBANK,20210802,3860,3860,3744.2,3856.52,3
EBBETF0423,20210802,1143,1143,1141.44,1141.8,7259
EBBETF0425,20210802,1051.47,1052.5,1049,1052.32,3622
EBBETF0430,20210802,1180,1180,1158.5,1160.98,7936
EBBETF0431,20210802,1040.5,1042.5,1040.4,1042.34,11744
EBIXFOREX,20210802,605.15,642.25,605.15,621.25,2630
ECLERX,20210802,2250,2335,2250,2309.3,22548
EDELWEISS,20210802,93.25,96.3,93.25,96.2,9569130
EICHERMOT,20210802,2558.8,2615,2535.3,2602.6,691444
EIDPARRY,20210802,439,440.95,428,429.85,332713
EIHAHOTELS,20210802,339,346.4,339,342.35,6448
EIHOTEL,20210802,113.95,113.95,111,111.25,291661
EIMCOELECO,20210802,470.85,470.85,461,463.25,11325
EKC,20210802,98.7,99.5,95.45,96.15,191732
ELECON,20210802,138.75,146.8,138.15,145.5,1398207
ELECTCAST,20210802,39.1,39.85,38.4,39.25,1063470
ELECTHERM,20210802,152.8,152.8,146.55,147.35,22146
ELGIEQUIP,20210802,222.5,226.4,219.9,225,1593668
ELGIRUBCO,20210802,43.45,46.5,41.6,43.55,541383
EMAMILTD,20210802,565,578.9,556.2,569.8,3053938
EMAMIPAP,20210802,185.9,199.85,185.7,195.9,607038
EMAMIREAL,20210802,77.65,82.85,76.2,81.05,190261
EMKAY,20210802,118.8,128,118.65,126.35,400765
EMMBI,20210802,115.8,116.4,113.55,113.9,54423
ENDURANCE,20210802,1809.5,1829.95,1735,1755.5,206028
ENERGYDEV,20210802,11.7,11.7,11.25,11.5,60259
ENGINERSIN,20210802,75.45,75.75,73.9,74.6,1406112
ENIL,20210802,210.65,226.95,210.1,225.4,516326
EPL,20210802,257,257.9,251.1,255.75,395513
EQ30,20210802,378.05,388.79,378.05,388.39,1331
EQUITAS,20210802,126.95,127.15,122.25,126.45,2348464
EQUITASBNK,20210802,61.9,61.9,59.6,60.7,2375706
ERIS,20210802,798,802.75,765,779.15,193685
EROSMEDIA,20210802,24.8,25.3,24.5,24.7,309038
ESABINDIA,20210802,1895,1939.75,1895,1925.25,5162
ESCORTS,20210802,1184,1204.8,1157.7,1200.25,2207108
ESSARSHPNG,20210802,10.55,11.05,10.55,11.05,116118
ESTER,20210802,140.8,143,139.2,141.75,314469
EUROTEXIND,20210802,12.25,12.25,12.2,12.2,155
EVEREADY,20210802,369.8,383,366.65,376.9,634760
EVERESTIND,20210802,487.35,506.9,486.2,499.95,384019
EXCEL,20210802,3.6,3.7,3.5,3.7,37667
EXCELINDUS,20210802,1183,1188,1150,1168.7,19244
EXIDEIND,20210802,180.35,180.45,175.6,176,3602785
EXPLEOSOL,20210802,1159.9,1189.9,1126,1183.7,15075
FACT,20210802,142.15,142.4,137.5,138.15,403161
FAIRCHEMOR,20210802,1870,1934.8,1850,1934.8,155275
FCL,20210802,105.6,106.7,104,104.2,550994
FCONSUMER,20210802,8.5,9.05,8.3,9,10723536
FCSSOFT,20210802,2.3,2.3,2.15,2.3,8348160
FDC,20210802,373,378.8,370.55,371.75,180608
FEDERALBNK,20210802,87.9,88.1,86.3,86.55,10564287
FEL,20210802,10.7,10.85,10.45,10.85,834890
FELDVR,20210802,13.7,13.95,13.05,13.8,70352
FIEMIND,20210802,801,856.05,800.55,811.2,113840
FILATEX,20210802,100.4,104,99.35,103.2,1867325
FINCABLES,20210802,522,540,522,527.3,448086
FINEORG,20210802,3034.95,3038,2977,3006.3,21119
FINPIPE,20210802,178,179,173.65,176.15,1404750
FLEXITUFF,20210802,22.4,22.6,21.55,22.45,18489
FLFL,20210802,71.8,72.95,70.35,72.4,103255
FLUOROCHEM,20210802,1734.65,1805,1734.65,1789.75,140519
FMGOETZE,20210802,314.45,319.6,311.95,313.75,287205
FMNL,20210802,13.65,13.7,13.1,13.25,311743
FORCEMOT,20210802,1510,1567.25,1500.1,1515.45,228709
FORTIS,20210802,251.5,254.4,248.55,251.4,1220510
FOSECOIND,20210802,1615.25,1652.1,1587.05,1639.8,8793
FRETAIL,20210802,62.3,62.7,61.05,62.3,1504430
FSC,20210802,83.3,85.9,82.3,85.2,63623
FSL,20210802,196,200.9,195.1,198.7,4767815
GABRIEL,20210802,140.45,142,137.25,138.8,955977
GAEL,20210802,198.5,201.6,186.1,189.4,1866259
GAIL,20210802,140.95,143.3,139.35,142.85,7546354
GAL,20210802,2.85,2.9,2.7,2.7,1838093
GALAXYSURF,20210802,3154,3214,3125,3159.15,37701
GALLANTT,20210802,84,86,83.5,84.05,129741
GALLISPAT,20210802,64.75,70,64.55,65.1,687123
GAMMNINFRA,20210802,2,2,2,2,665952
GANDHITUBE,20210802,489,492.85,481.1,481.7,12476
GANECOS,20210802,527,527.55,516,519.85,14230
GANESHHOUC,20210802,108.9,112,106.4,108.4,29403
GANGAFORGE,20210802,113.8,114.95,112.95,114.6,39411
GANGESSECU,20210802,93.05,95.95,87.55,94,37142
GANGOTRI,20210802,1.2,1.2,1.15,1.15,19326
GARFIBRES,20210802,3505,3505,3430.35,3458.15,14591
GATI,20210802,164,167.5,161.15,161.9,1017667
GAYAHWS,20210802,1.05,1.05,1.05,1.05,38551
GAYAPROJ,20210802,44.3,47.05,44,46.55,7027935
GDL,20210802,289,296,276,294.95,215870
GEECEE,20210802,169,180.5,169,175.35,23645
GEEKAYWIRE,20210802,105,105,99.25,100.55,27938
GENCON,20210802,50.25,51.6,48.85,49.3,124383
GENESYS,20210802,154.2,162.75,151.35,161.15,59057
GENUSPAPER,20210802,12,12,11.55,11.7,156440
GENUSPOWER,20210802,71.1,73.2,69.75,70.5,863699
GEOJITFSL,20210802,88.3,94.6,87.95,93,1872639
GEPIL,20210802,335.9,341,331.85,334.05,369545
GESHIP,20210802,340.1,348,340.1,344.45,196724
GET&D,20210802,143,144,139.15,140.1,229300
GFLLIMITED,20210802,76.9,79.8,76.55,79.1,401108
GFSTEELS,20210802,3.85,4.05,3.85,3.85,2500
GHCL,20210802,376.45,381,366.6,369.15,484621
GICHSGFIN,20210802,173.9,174.15,165.05,169.75,295877
GICRE,20210802,183,183,178.1,178.45,429025
GILLANDERS,20210802,58.8,58.8,56,57.25,4768
GILLETTE,20210802,5993,6081,5960,5987.75,5661
GINNIFILA,20210802,37.25,38.5,36.9,37.4,344930
GIPCL,20210802,97.5,101.3,97.45,99.55,827595
GKWLIMITED,20210802,689.05,790,675.65,764.55,5450
GLAND,20210802,3958.9,4011,3880,3948.8,229022
GLAXO,20210802,1615.8,1635.95,1599.55,1603.95,35030
GLENMARK,20210802,614.9,616,601.45,605.65,1508410
GLFL,20210802,2.65,2.65,2.65,2.65,694
GLOBAL,20210802,48.9,48.9,45.95,46.95,7008
GLOBALVECT,20210802,65,67,61.7,61.7,87312
GLOBE,20210802,192.1,212.2,192,192.7,171809
GLOBUSSPR,20210802,720,767,710,737.2,118592
GMBREW,20210802,586.65,587.25,576.65,578.25,21920
GMDCLTD,20210802,70.2,70.2,68.7,69.05,612152
GMMPFAUDLR,20210802,4600,4860,4600,4802.55,129931
GMRINFRA,20210802,28.6,29.35,28.5,29,22499226
GNA,20210802,656,656,633,650.85,176407
GNFC,20210802,387.7,388.7,380.2,383.75,525611
GOACARBON,20210802,422.7,429.95,418.05,419.7,37270
GOCLCORP,20210802,289.95,294,286.35,289.55,40505
GODFRYPHLP,20210802,1023,1052.5,1023,1042.4,40525
GODHA,20210802,41,41,39,41,1123
GODREJAGRO,20210802,703,721.55,690,695.05,528561
GODREJCP,20210802,990.05,1007.25,990.05,992.35,977930
GODREJIND,20210802,551.5,562.8,544.2,547.8,406700
GODREJPROP,20210802,1601,1675,1601,1657.7,2207454
GOKEX,20210802,190,207.7,190,207.7,537232
GOKUL,20210802,30.25,31.1,30.15,30.9,135565
GOKULAGRO,20210802,42.5,44,40.5,42.7,502082
GOLDBEES,20210802,41.94,41.94,41.51,41.53,2151973
GOLDENTOBC,20210802,84.7,90.45,77.3,90.45,586011
GOLDIAM,20210802,608,614.85,595,599.25,69866
GOLDSHARE,20210802,41.8,41.85,41.5,41.5,87262
GOLDTECH,20210802,14,14.05,13.3,14,121244
GOODLUCK,20210802,296.1,301.8,295.7,301.8,165569
GOODYEAR,20210802,1300,1304.8,1279.6,1299.4,117015
GPIL,20210802,1675,1734.8,1611,1651.05,94171
GPPL,20210802,112,112.6,110.4,111.2,630091
GPTINFRA,20210802,99,99,96.05,97.6,40623
GRANULES,20210802,381.4,390.95,378.3,383.3,4856061
GRAPHITE,20210802,718.4,733,707,721.9,1468022
GRASIM,20210802,1565,1614.2,1558.65,1591.65,2021606
GRAVITA,20210802,188,199,187.5,194.15,1591451
GREAVESCOT,20210802,162.3,165.95,161.05,164.2,2825936
GREENLAM,20210802,1367.05,1405.45,1367.05,1379.75,5744
GREENPANEL,20210802,265.2,265.2,260,265.2,565277
GREENPLY,20210802,195,208.5,194.05,203.95,2230906
GREENPOWER,20210802,3.4,3.5,3.35,3.45,4495162
GRINDWELL,20210802,1261,1280,1234.1,1241,43312
GRINFRA,20210802,1740,1751.8,1711.05,1715.75,85049
GROBTEA,20210802,1388.95,1388.95,1299.1,1326.7,3544
GRPLTD,20210802,969,970,925,927.95,4957
GRSE,20210802,198.1,200,196.5,197,172479
GSCLCEMENT,20210802,52.5,55.85,52.25,54.4,1116426
GSFC,20210802,123.8,126.7,123.1,124.15,5456083
GSPL,20210802,348.75,350.7,343.45,344.75,585778
GSS,20210802,74.9,75.7,70.55,71.3,236764
GTL,20210802,22.3,22.3,20.8,21.1,404116
GTLINFRA,20210802,3.35,3.45,3.3,3.3,44914809
GTNTEX,20210802,10.55,10.55,10.05,10.05,4143
GTPL,20210802,192.35,196.4,192.05,195.75,77428
GUFICBIO,20210802,186,194,184.5,192.3,372891
GUJALKALI,20210802,481,495.4,477.5,488,1114797
GUJAPOLLO,20210802,226.5,233.5,226.5,232.15,16107
GUJGASLTD,20210802,720,760.8,719.95,754.6,3902150
GUJRAFFIA,20210802,38.7,38.7,38.7,38.7,1861
GULFOILLUB,20210802,655,664.55,651,658.55,29196
GULFPETRO,20210802,64.35,67.4,61.05,64.95,403360
GULPOLY,20210802,274,274,260,269,100231
HAL,20210802,1120.05,1123.75,1095,1098,187126
HAPPSTMNDS,20210802,1373.4,1388.5,1360.1,1370.1,585864
HARRMALAYA,20210802,229.5,231.95,223,225.8,177932
HATHWAY,20210802,26.1,27.2,26.05,27,8151834
HATSUN,20210802,935,952.1,926,945.5,37126
HAVELLS,20210802,1180,1205,1175.65,1185.1,1659962
HAVISHA,20210802,1.8,1.8,1.75,1.8,91198
HBANKETF,20210802,346.14,349,344.79,345.41,1986
HBLPOWER,20210802,52.1,52.45,51.5,51.7,577986
HBSL,20210802,26,26.7,25.5,26.7,37104
HCC,20210802,11.9,11.95,11.45,11.5,5244505
HCG,20210802,257,262.9,251.75,257.75,1016756
HCL-INSYS,20210802,15.85,16,15.3,15.4,538979
HCLTECH,20210802,1034,1039,1023.05,1035.4,2536478
HDFC,20210802,2466,2487,2425.1,2462.05,5009133
HDFCAMC,20210802,2890,2894,2833.15,2871.55,242971
HDFCBANK,20210802,1435,1435,1416.25,1422.65,6629393
HDFCLIFE,20210802,669,671.45,665.4,670.35,2613866
HDFCMFGETF,20210802,42.9,42.9,42.59,42.62,320331
HDFCNIFETF,20210802,169.9,174.26,167.6,169.61,41459
HDFCSENETF,20210802,570.99,574.95,562,569.11,2566
HEG,20210802,2287.65,2384.5,2273.3,2347.55,513824
HEIDELBERG,20210802,266.2,269.4,264.75,268.05,330608
HEMIPROP,20210802,143.65,148.8,142.5,145.5,1694454
HERANBA,20210802,816,823.6,800.55,802.7,149935
HERCULES,20210802,160,164.8,159.55,162.15,189210
HERITGFOOD,20210802,497,501.8,484.55,495.6,191030
HEROMOTOCO,20210802,2770.1,2796.8,2765.25,2782.2,464874
HESTERBIO,20210802,2396,2478,2361.9,2419.85,9638
HEXATRADEX,20210802,133.85,133.85,133.85,133.85,4565
HFCL,20210802,76.3,76.85,73.8,74.2,3410171
HGINFRA,20210802,550,560,534.15,541.55,656048
HGS,20210802,3049,3062.9,2839.75,3016.5,45824
HIKAL,20210802,535,565,533,549.65,491046
HIL,20210802,6430,6758.05,6125.65,6587.15,130543
HILTON,20210802,13.9,14.45,13.3,14.4,114495
HIMATSEIDE,20210802,270.2,274.8,262.3,265.95,221121
HINDALCO,20210802,448,452.25,442.7,445.8,7683565
HINDCOMPOS,20210802,338.05,344.2,337.85,343.25,15166
HINDCON,20210802,75,75.05,71,72,91998
HINDCOPPER,20210802,155.65,157.35,152.1,153,5328757
HINDMOTORS,20210802,8.7,8.7,8.4,8.6,186343
HINDNATGLS,20210802,46.4,46.7,44.6,45.4,49735
HINDOILEXP,20210802,127.4,150.9,127,150.9,7229682
HINDPETRO,20210802,262.3,274.3,261.95,272.8,4578391
HINDUNILVR,20210802,2342,2353.4,2324.6,2332.8,1229936
HINDZINC,20210802,324.5,327.75,323,324.5,653297
HIRECT,20210802,162.6,167,157.6,164.85,42770
HISARMETAL,20210802,148.2,151.95,144.15,148.6,67257
HITECH,20210802,699.95,720,684,693.65,94761
HITECHCORP,20210802,240.05,251.15,240.05,246,9156
HITECHGEAR,20210802,353,363.95,352.1,356.25,29922
HLEGLAS,20210802,3489,3489,3412,3429.8,3780
HLVLTD,20210802,10.5,10.6,9.8,10.25,872710
HMVL,20210802,87.35,90.75,87.35,89.25,287622
HNDFDS,20210802,1952,1952,1920.4,1936.2,2547
HNGSNGBEES,20210802,321,338,321,334.27,3729
HOMEFIRST,20210802,602,604.9,590.1,594.3,146761
HONAUT,20210802,43145,43145,42222,42308.55,2692
HONDAPOWER,20210802,1230,1237,1204,1216.7,9517
HOTELRUGBY,20210802,5.05,5.05,4.65,4.65,6310
HOVS,20210802,72.55,79.15,71.65,79.15,21139
HPL,20210802,85.6,85.8,82.05,82.5,184327
HSCL,20210802,52.35,52.45,51.25,51.45,5884864
HSIL,20210802,250,257,250,254.85,288380
HTMEDIA,20210802,30.9,31.55,30.6,30.8,596093
HUBTOWN,20210802,39.8,39.8,36.15,39.8,598921
HUDCO,20210802,45.4,45.5,45.05,45.15,2984876
HUHTAMAKI,20210802,302,314,302,310.8,118190
IBMFNIFTY,20210802,161.83,161.97,158,158.51,528
IBREALEST,20210802,152.7,162.9,151.2,157.6,15402234
IBULHSGFIN,20210802,277.95,291.5,276.5,287,23615481
ICDSLTD,20210802,40.85,40.85,40.85,40.85,190
ICEMAKE,20210802,86.95,86.95,84.5,85.35,14126
ICICI500,20210802,227.5,227.6,224.5,227.59,2951
ICICIALPLV,20210802,164.97,165.48,162.25,163.96,4428
ICICIB22,20210802,40.27,40.62,40.17,40.57,23763564
ICICIBANK,20210802,684.05,688.05,677.7,681.4,9348206
ICICIBANKN,20210802,375.6,375.6,313.6,345.69,7956
ICICIBANKP,20210802,181.89,181.89,176.45,178.41,7461
ICICIGI,20210802,1477.3,1488.6,1446,1455.25,946078
ICICIGOLD,20210802,42.98,42.98,42.41,42.47,129915
ICICILIQ,20210802,1004.9,1010,999.5,999.99,8567
ICICILOVOL,20210802,128.45,132.45,128.45,131.18,51874
ICICIM150,20210802,107.3,108,106.25,107.08,36033
ICICIMCAP,20210802,105.5,105.5,96,97.58,6382
ICICINF100,20210802,175.88,175.88,173.5,175.18,6006
ICICINIFTY,20210802,180.82,180.82,158.6,169.91,97212
ICICINV20,20210802,98.2,98.2,86.01,87.43,17111
ICICINXT50,20210802,45.6,45.6,40.02,40.38,59046
ICICIPHARM,20210802,87.63,89.65,87.63,89.61,18507
ICICIPRULI,20210802,640.8,645,631,633.85,811129
ICICISENSX,20210802,574.99,576,570,572.11,1435
ICICITECH,20210802,313,317.16,309.48,312.82,191749
ICIL,20210802,267.45,275.7,266.6,272.75,564288
ICRA,20210802,3796,3800,3690,3737.1,13700
IDBI,20210802,38,38.25,37.7,37.8,7374126
IDBIGOLD,20210802,4457.3,4460,4421,4423.45,73
IDEA,20210802,8.35,8.55,8.2,8.25,177255904
IDFC,20210802,56,57.7,55.65,57.25,10207732
IDFCFIRSTB,20210802,48.65,52.1,48.65,51.85,94162013
IDFNIFTYET,20210802,172.7,172.7,162.45,166.33,162
IEX,20210802,434.8,440.85,430,432.6,1449980
IFBAGRO,20210802,611.8,613,600.55,608.3,25978
IFBIND,20210802,1002.05,1034,1000,1026,38957
IFCI,20210802,14.5,14.75,14.45,14.6,3879150
IFGLEXPOR,20210802,412.25,423,412,417.8,59206
IGARASHI,20210802,529.9,545.85,529.9,537.2,88793
IGL,20210802,562,562,551.85,557.5,1738317
IGPL,20210802,702,720,696.15,709.55,142035
IIFL,20210802,302.6,310,297,303.4,100772
IIFLSEC,20210802,115.45,117.25,113.25,114.45,1067786
IIFLWAM,20210802,1448.9,1460,1414.45,1432.5,59658
IITL,20210802,71,72.85,68.6,69.3,2472
IMAGICAA,20210802,8.8,8.8,8.4,8.65,73705
IMFA,20210802,960,997,890.05,909.4,264023
IMPAL,20210802,816.2,841.4,811.75,829.5,13371
IMPEXFERRO,20210802,1.05,1.1,1.05,1.1,32205
INCREDIBLE,20210802,34.25,35,32.8,33.45,50552
INDBANK,20210802,31.85,32.7,31.55,31.7,102522
INDHOTEL,20210802,145.05,148.35,144.75,147.45,2326677
INDIACEM,20210802,193.2,198.25,191.8,193.1,1736829
INDIAGLYCO,20210802,687.9,719.8,682.95,713.3,370436
INDIAMART,20210802,7111,7309,7111,7268.15,54780
INDIANB,20210802,140.2,141,138.8,139.3,1508012
INDIANCARD,20210802,213,219.85,213,213.2,3191
INDIANHUME,20210802,231.9,248.2,231.9,245.5,425547
INDIGO,20210802,1657,1674.9,1650,1663.15,211863
INDIGOPNTS,20210802,2610,2649,2600,2618.7,24960
INDLMETER,20210802,14.25,14.3,13.65,14,32860
INDNIPPON,20210802,421.5,421.5,402.9,408.9,69049
INDOCO,20210802,455,485,451.55,473.65,1641105
INDORAMA,20210802,53.1,54.75,52.15,54.6,98148
INDOSTAR,20210802,342,343.3,330.9,332.55,55388
INDOTECH,20210802,229.75,229.75,220.95,224.65,12561
INDOTHAI,20210802,72.4,72.5,69.6,69.95,38335
INDOWIND,20210802,6.8,7.1,6.65,7.1,59278
INDRAMEDCO,20210802,83.5,83.95,82.3,82.7,250600
INDSWFTLAB,20210802,108,112.8,95.7,96.55,2567549
INDSWFTLTD,20210802,7.6,7.6,7.6,7.6,1939
INDTERRAIN,20210802,43.55,44.05,41.6,41.95,139963
INDUSINDBK,20210802,991.8,997.15,985.45,988,2149603
INDUSTOWER,20210802,225,225.3,220.2,223.1,3006922
INEOSSTYRO,20210802,1436,1469.45,1417.9,1426.55,221751
INFIBEAM,20210802,44.65,45.45,43.9,44,5993291
INFOBEAN,20210802,480,489.95,465,472.95,41486
INFRABEES,20210802,461.2,465.95,461,464.41,2029
INFY,20210802,1627.45,1634.75,1619.2,1631.55,5553389
INGERRAND,20210802,982.05,1017,982.05,997.85,20197
INOXLEISUR,20210802,327.9,328.2,320.05,322.9,539773
INOXWIND,20210802,142.25,142.5,135.45,136.35,658485
INSECTICID,20210802,791,831,791,819.85,223361
INSPIRISYS,20210802,69,70.4,65.9,68.5,15475
INTEGRA,20210802,4.65,4.65,4.65,4.65,50256
INTELLECT,20210802,758,764.7,732,737.1,320001
INTENTECH,20210802,108,110,103.45,104.8,297759
INVENTURE,20210802,3.55,3.6,3.5,3.55,2277387
IOB,20210802,24.65,24.75,23.55,24.05,9701173
IOC,20210802,104.5,105.85,103.65,105.5,13312605
IOLCP,20210802,669.6,682.45,666.35,671.55,615889
IPCALAB,20210802,2093.25,2122.1,2079,2101.55,204139
IPL,20210802,339.8,339.95,333.7,335.8,2032748
IRB,20210802,166.4,167,162.55,163.7,1358757
IRCON,20210802,45,46.2,44.4,44.9,4498871
IRCTC,20210802,2469,2513,2422.35,2468.9,7333311
IRFC,20210802,23.15,23.8,23.1,23.3,18872464
IRISDOREME,20210802,191,192,185,189.25,11157
ISEC,20210802,734,762.75,730,744.55,1410465
ISFT,20210802,114.1,117.7,108.75,111.35,73675
ISGEC,20210802,796,838,794,822,283794
ISMTLTD,20210802,27.3,28.65,27.3,28.65,133149
ITC,20210802,206.45,207.5,205.45,207.3,9674128
ITDC,20210802,396.3,410,392.3,397.25,159129
ITDCEM,20210802,86.5,87.4,86,86.6,379746
ITI,20210802,128.1,135.5,128.1,132.1,1654705
IVC,20210802,9.05,9.05,8.7,9.05,547887
IVP,20210802,125,127.45,118.95,127.45,28884
IVZINGOLD,20210802,4354.3,4379,4317.25,4327,93
IVZINNIFTY,20210802,1716.4,1734.1,1716.4,1719.55,6
IWEL,20210802,866.45,866.45,842,866.45,3466
IZMO,20210802,149.2,149.2,135,135,729942
J&KBANK,20210802,38.15,40,38.15,38.95,3573178
JAGRAN,20210802,67.85,70.35,67.35,69.65,902251
JAGSNPHARM,20210802,180,203.9,179.55,194.45,549674
JAIBALAJI,20210802,70,71.05,64.95,65.7,324682
JAICORPLTD,20210802,154.55,156.4,152.45,153.85,1352181
JAMNAAUTO,20210802,90,90.55,88.15,89.45,715364
JASH,20210802,535,554.3,535,549.1,17921
JAYAGROGN,20210802,285.6,287.7,276.55,282.7,219240
JAYBARMARU,20210802,224,225,215.25,217.4,104642
JAYNECOIND,20210802,24.95,24.95,23.9,24.5,475760
JAYSREETEA,20210802,129.85,131.7,126.85,127.55,295451
JBCHEPHARM,20210802,1820,1831.7,1772,1798.35,99088
JBFIND,20210802,35.1,35.1,34,34.85,894715
JBMA,20210802,487.85,495,484.4,489,44700
JCHAC,20210802,2298,2327.45,2284.7,2297.85,10599
JHS,20210802,26.05,27.1,24.95,26.25,383255
JIKIND,20210802,0.6,0.6,0.55,0.55,117652
JINDALPHOT,20210802,74,74.35,73,73.35,5669
JINDALPOLY,20210802,1011.95,1044,993.05,998.15,169592
JINDALSAW,20210802,138.2,144.8,136.15,138.65,4147952
JINDALSTEL,20210802,435,435,422.8,424.5,7334357
JINDCOT,20210802,2.9,3,2.9,3,1450
JINDRILL,20210802,130,144.8,130,141.45,333425
JINDWORLD,20210802,75.4,76.45,73.3,74.65,378735
JISLDVREQS,20210802,21,21,20.1,20.25,78096
JISLJALEQS,20210802,32.7,32.75,31.75,32.2,3409348
JITFINFRA,20210802,30.15,30.15,30.15,30.15,29064
JIYAECO,20210802,5.55,5.9,5.55,5.7,66032
JKCEMENT,20210802,3280,3302,3213.1,3250.5,52748
JKIL,20210802,223,225,218.5,219.65,292608
JKLAKSHMI,20210802,700.4,700.4,675.15,678.6,659277
JKPAPER,20210802,264.4,270,256.35,260.9,2162411
JKTYRE,20210802,150.6,151.5,145.5,146.4,4478809
JMA,20210802,74.45,76.7,71.5,75.05,340160
JMCPROJECT,20210802,126.05,127.15,121,125.05,352206
JMFINANCIL,20210802,107.45,107.45,102,102.35,4772202
JMTAUTOLTD,20210802,2.9,2.95,2.85,2.95,611504
JOCIL,20210802,276,279.8,270.2,271.15,56439
JPASSOCIAT,20210802,12.1,12.3,11.6,12.05,4895284
JPINFRATEC,20210802,2.25,2.3,2.2,2.3,6263205
JPOLYINVST,20210802,39.05,39.05,39.05,39.05,131
JPPOWER,20210802,4.95,5.1,4.95,5.1,34433758
JSL,20210802,164.05,164.05,156,158.55,2434226
JSLHISAR,20210802,296.7,298.8,289.15,291,896826
JSWENERGY,20210802,252,254.95,240.6,243.5,5406689
JSWHL,20210802,5299,5580,5112.15,5170.4,2815
JSWISPL,20210802,41.4,41.7,40.25,40.5,1180446
JSWSTEEL,20210802,741.4,751.45,733.5,746.7,6971560
JTEKTINDIA,20210802,119.7,119.85,116.75,117.55,360846
JUBLFOOD,20210802,3770,3774.8,3725,3733.95,280318
JUBLINDS,20210802,395.7,412,395.7,402.15,65207
JUBLINGREA,20210802,600,626.7,592.25,614.35,2121066
JUBLPHARMA,20210802,695,695,687,688.7,107668
JUMPNET,20210802,10.25,10.25,9.85,10,889406
JUNIORBEES,20210802,410.05,475.45,410.05,416.48,83355
JUSTDIAL,20210802,970,976.7,962.1,966.25,878442
JYOTHYLAB,20210802,171.9,174,170.65,171.2,586623
KABRAEXTRU,20210802,213.5,217,211.3,213.55,160966
KAJARIACER,20210802,1005,1005,992,1000.45,201593
KAKATCEM,20210802,279.1,281,276.05,279.45,39958
KALPATPOWR,20210802,471.4,486,471.4,478.65,329794
KALYANIFRG,20210802,212.6,219.95,208.1,215,1271
KALYANKJIL,20210802,72.15,72.35,71.1,71.75,1081486
KAMATHOTEL,20210802,49.3,49.95,48.1,48.55,47235
KAMDHENU,20210802,185.05,188.85,183.05,184.7,264799
KANANIIND,20210802,10.75,11.45,10.45,11.45,22008
KANORICHEM,20210802,190.25,196.1,187.15,188.6,105858
KANPRPLA,20210802,284.75,298,280,283.1,50741
KANSAINER,20210802,632,632,623.3,629.2,158759
KAPSTON,20210802,88.5,90,88.5,89.05,3012
KARDA,20210802,200,204.4,196.9,199.9,128376
KARMAENG,20210802,30.3,30.3,30.3,30.3,22627
KARURVYSYA,20210802,48.8,49.45,48.5,48.7,853460
KAUSHALYA,20210802,3.5,3.5,3.5,3.5,45237
KAVVERITEL,20210802,2.6,2.6,2.6,2.6,645
KAYA,20210802,497.4,518,494.7,499.5,58808
KCP,20210802,162.6,164.5,161.85,163.75,314520
KCPSUGIND,20210802,26.2,26.3,25.4,25.6,263986
KDDL,20210802,375.9,375.9,365.05,368.4,10608
KEC,20210802,420,423.7,410.75,419.2,561700
KECL,20210802,19.35,19.5,18.9,19.05,63020
KEERTI,20210802,20.85,20.85,20.1,20.55,9070
KEI,20210802,725,754.3,717.65,749.3,1256649
KELLTONTEC,20210802,55.95,56.5,55.35,55.7,896373
KENNAMET,20210802,1280,1299.95,1257,1264.45,6897
KERNEX,20210802,75.1,79.85,73.5,74.25,16959
KESORAMIND,20210802,95.9,99.1,94.4,97.85,2152154
KEYFINSERV,20210802,77.7,78.75,74.9,75.9,14516
KHADIM,20210802,298,305,291.5,293.45,63274
KHAICHEM,20210802,79.5,79.5,76,77.5,379378
KHAITANLTD,20210802,21.85,21.9,19.9,21.4,1818
KHANDSE,20210802,18.45,18.55,17.5,18.5,9002
KICL,20210802,2075,2075,2035.2,2043.85,3386
KILITCH,20210802,228.9,228.9,211.6,214.4,32483
KIMS,20210802,1208,1305,1200,1274.4,684320
KINGFA,20210802,1078,1133.6,1042.65,1109.55,10981
KIOCL,20210802,302,311.65,295.1,299.4,430816
KIRIINDUS,20210802,584.9,588,571.1,573.7,164626
KIRLFER,20210802,309,313.5,306.05,308.9,457820
KIRLOSBROS,20210802,416,417.95,408.3,416.4,37155
KIRLOSENG,20210802,251.8,253.85,248.7,250.6,143597
KIRLOSIND,20210802,1724.4,1735,1690.35,1699.2,45069
KITEX,20210802,172.45,172.45,169,169.75,181609
KKCL,20210802,944,948,926.2,932.75,9788
KMSUGAR,20210802,30.8,31.25,30,30.4,357051
KNRCON,20210802,272,279,268.45,272,844765
KOKUYOCMLN,20210802,75.7,79.65,74.45,75.9,1338039
KOLTEPATIL,20210802,239.7,273,239.5,265.1,8420808
KOPRAN,20210802,246,251,242,249.2,173752
KOTAKBANK,20210802,1665,1677.3,1657.5,1665.1,2590976
KOTAKBKETF,20210802,352,352,349.46,350.29,70854
KOTAKGOLD,20210802,42.05,42.05,41.7,41.72,321968
KOTAKIT,20210802,31,31.1,30.15,30.78,69905
KOTAKNIFTY,20210802,166.75,167,166.2,166.83,17371
KOTAKNV20,20210802,88.85,89.1,87.5,88.82,9753
KOTAKPSUBK,20210802,241,243,238.21,242.26,20648
KOTARISUG,20210802,38.85,38.85,37.6,37.75,216426
KOTHARIPET,20210802,47.25,55.2,46.25,55.2,2689025
KOTHARIPRO,20210802,108.1,115,108.1,114.5,15283
KPIGLOBAL,20210802,141.2,141.2,140.45,141.2,63463
KPITTECH,20210802,284.9,301.5,284,296,1532281
KPRMILL,20210802,1920,1968,1900,1957.6,73686
KRBL,20210802,275,280.2,272.5,275.8,567880
KREBSBIO,20210802,127.3,130.75,123.1,129.65,79506
KRIDHANINF,20210802,5.3,5.5,5.1,5.5,83903
KRISHANA,20210802,149.45,149.45,143.35,146.5,14135
KSB,20210802,1162,1200,1132.75,1187.7,147812
KSCL,20210802,725.1,776.15,723,761.35,786929
KSL,20210802,449.8,466.2,442.5,452.45,1196015
KTKBANK,20210802,61,63.05,60.6,62.15,2150272
KUANTUM,20210802,94.05,97.8,91.65,94.55,175263
L&TFH,20210802,88.9,90.25,88.55,89.95,7872560
LALPATHLAB,20210802,3582,3780,3571.15,3718.6,931470
LAMBODHARA,20210802,108,108,98.1,103.85,41114
LAOPALA,20210802,282.3,296,278.25,288.7,946509
LASA,20210802,75,77,74.6,76.35,386698
LAURUSLABS,20210802,649,664,646.8,654.5,3944981
LAXMIMACH,20210802,8719,8880.45,8600,8657.3,24562
LCCINFOTEC,20210802,1.7,1.75,1.65,1.75,234531
LEMONTREE,20210802,41.05,41.25,40.3,40.6,1654288
LFIC,20210802,82.5,82.5,80.2,80.95,461
LGBBROSLTD,20210802,513,513,487.25,498.8,377313
LGBFORGE,20210802,8.55,8.75,8.35,8.7,375445
LIBAS,20210802,69.3,70.1,68.85,69.6,415380
LIBERTSHOE,20210802,180,182.3,176.5,177.15,287506
LICHSGFIN,20210802,414,414.15,406,407.85,3970987
LICNETFGSC,20210802,22.01,22.01,21.89,21.93,1572
LICNETFN50,20210802,174,174,166,169.15,8940
LICNETFSEN,20210802,564,564,555.1,563.81,314
LICNFNHGP,20210802,161.1,163.9,161,162.24,381
LIKHITHA,20210802,391.3,409.45,391,402,93105
LINCOLN,20210802,348,362.9,348,361.75,184450
LINCPEN,20210802,219.35,227,217.85,222.6,47689
LINDEINDIA,20210802,1753,1785.65,1736.95,1753.2,384579
LIQUIDBEES,20210802,1002,1002,997.61,999.99,1278617
LIQUIDETF,20210802,1000.04,1000.04,999.99,999.99,29995
LODHA,20210802,860,928.1,852.8,918.85,1701138
LOKESHMACH,20210802,45.2,45.2,43.35,43.95,38505
LOTUSEYE,20210802,45,47.45,44.8,47.45,8279
LOVABLE,20210802,128.8,129,124.1,126.8,78353
LPDC,20210802,6.15,6.15,5.9,6.1,185689
LSIL,20210802,3.55,3.55,3.45,3.55,1929944
LT,20210802,1606.3,1618,1602.05,1613.95,1083353
LTI,20210802,4737,4775.35,4684.85,4702.45,248112
LTTS,20210802,3744,3769.95,3639.45,3647.75,205443
LUMAXIND,20210802,1510,1635,1510,1604.95,47408
LUMAXTECH,20210802,168,172.8,166,167.85,128358
LUPIN,20210802,1114.8,1127,1111,1124.25,1133501
LUXIND,20210802,4162,4280,4162,4204.25,39316
LXCHEM,20210802,263.9,276.9,261.75,274.7,4596170
LYKALABS,20210802,82.7,83.55,77,82.8,787433
LYPSAGEMS,20210802,5,5.1,4.8,4.9,84099
M&M,20210802,750,759.05,744.6,757.7,2260861
M&MFIN,20210802,152.1,152.7,149.5,151.85,10012858
MAANALU,20210802,197.6,207.45,190,207.45,9825
MACPOWER,20210802,160.5,166.5,158.2,161.8,39317
MADHAV,20210802,67,68.95,65,66.5,49678
MADHUCON,20210802,6.85,6.95,6.65,6.7,14676
MADRASFERT,20210802,33.15,33.8,32.8,32.9,298433
MAESGETF,20210802,27,27.05,26.93,27,7946
MAFANG,20210802,54.7,54.7,53.51,53.74,260214
MAGADSUGAR,20210802,336,336,330,332.55,24512
MAGMA,20210802,175.1,178.7,167.5,172.65,871536
MAGNUM,20210802,10.5,10.5,10,10.45,119878
MAHABANK,20210802,22.8,22.8,21,21.75,6370391
MAHAPEXLTD,20210802,123.95,123.95,115,117.15,5998
MAHASTEEL,20210802,112.8,116.8,112,113.05,146395
MAHEPC,20210802,144.5,147.95,141.6,146.7,153144
MAHESHWARI,20210802,106,107.4,103,106.95,29469
MAHINDCIE,20210802,271.45,273.9,268,269.15,366031
MAHLIFE,20210802,770,815,765.05,805.2,416008
MAHLOG,20210802,740,821,726.15,799.6,3332057
MAHSCOOTER,20210802,4221.5,4299.45,4171.05,4242.45,16008
MAHSEAMLES,20210802,313.5,319.1,311,312.85,78355
MAITHANALL,20210802,1170,1245,1170,1215,433844
MAJESCO,20210802,92,92,88.4,89.15,238213
MALUPAPER,20210802,39.8,40.8,39,39.35,91340
MAN50ETF,20210802,163.34,163.5,162.77,163.48,6174
MANAKALUCO,20210802,17.85,17.9,17,17.3,59926
MANAKCOAT,20210802,14.05,14.05,13.25,13.65,42564
MANAKSIA,20210802,70.85,75.5,70.2,72.85,283675
MANAKSTEEL,20210802,34.5,35.5,34.5,35.5,100600
MANALIPETC,20210802,83.15,85.3,82,85.3,583015
MANAPPURAM,20210802,207.6,215,207.5,212.8,6363376
MANGALAM,20210802,187.65,191.9,185.55,188.35,167636
MANGCHEFER,20210802,79.95,84.2,79.95,82.55,1666298
MANGLMCEM,20210802,469.35,504.35,464.5,496.85,506210
MANGTIMBER,20210802,16.9,16.9,16.9,16.9,31290
MANINDS,20210802,134.25,147.1,134,143.15,3501228
MANINFRA,20210802,65.5,67.9,65.5,66.15,1047339
MANUGRAPH,20210802,13.9,14.25,13.35,13.75,14680
MANXT50,20210802,394.2,396,394.2,395.45,963
MARALOVER,20210802,76.8,76.8,76.8,76.8,33501
MARATHON,20210802,74.5,79.8,74.5,79.8,48700
MARICO,20210802,550,552.15,532.75,535.5,2473871
MARINE,20210802,52.25,55.1,49.85,50.35,3665878
MARKSANS,20210802,81.9,83.4,81.2,82.25,2640403
MARUTI,20210802,7100,7107.45,7031,7076.95,433760
MASFIN,20210802,824,824,810.1,812.9,15800
MASKINVEST,20210802,32.75,32.75,31.95,32,795
MASTEK,20210802,2610,2671.9,2600,2644.2,134494
MATRIMONY,20210802,1162.6,1181.7,1147.65,1153.1,32336
MAWANASUG,20210802,102.4,102.4,97.7,97.95,46194
MAXHEALTH,20210802,302,305.9,293.35,294.45,1291064
MAXIND,20210802,73.9,75.25,73.1,73.3,351324
MAXVIL,20210802,94.4,99.2,92.75,97.05,1329664
MAYURUNIQ,20210802,518.95,520.1,497,514.4,64400
MAZDA,20210802,605,605,580.1,586.7,4010
MAZDOCK,20210802,261,263.6,258.5,259.65,424339
MBAPL,20210802,142.65,150,142.5,147.3,11819
MBECL,20210802,10.95,11.45,10.9,11.3,356464
MBLINFRA,20210802,23,23.85,23,23.55,84171
MCDHOLDING,20210802,53.5,53.5,50.2,50.75,39993
MCDOWELL-N,20210802,647,654.5,642,651.25,1045179
MCL,20210802,43.1,43.1,41,42.95,470330
MCLEODRUSS,20210802,34.25,35.15,32.25,32.25,1167542
MCX,20210802,1612.65,1616.4,1586.9,1591.95,232684
MEGASOFT,20210802,15.65,15.65,15.65,15.65,92664
MENONBE,20210802,83,83.9,81.95,82.85,73834
MEP,20210802,23.3,24.2,23.3,23.8,182025
MERCATOR,20210802,2.95,2.95,2.75,2.8,2810084
METROPOLIS,20210802,2880,2988.7,2860.5,2885.75,306888
MFSL,20210802,1124.7,1132.7,1099.8,1103.25,899835
MGEL,20210802,55.05,56.25,55,55.2,7831
MGL,20210802,1170,1189,1170,1185.8,499574
MHRIL,20210802,311,321,311,313.95,397941
MIDHANI,20210802,192,192,190.35,190.85,299537
MINDACORP,20210802,140,141.75,135.3,136.15,1087184
MINDAIND,20210802,754.05,763.15,745.05,755.4,147821
MINDTECK,20210802,120.9,121.55,119,121.55,42110
MINDTREE,20210802,2884.5,2903.35,2849.05,2894.2,317319
MIRCELECTR,20210802,20,21.05,20,21,598180
MIRZAINT,20210802,65.1,65.9,62.5,62.85,1154123
MITTAL,20210802,11.75,11.9,11.55,11.65,85844
MMFL,20210802,776.15,785.05,737,769.75,44457
MMP,20210802,163,189.95,161,179.45,703430
MMTC,20210802,50.3,51.4,49.25,49.5,3984834
MODIRUBBER,20210802,73.5,73.5,71.3,72.45,936
MODISNME,20210802,91.5,93.2,91,91.35,122406
MOGSEC,20210802,52.38,55,48.29,48.35,28733
MOHITIND,20210802,14.35,15.75,14.35,15.7,30570
MOHOTAIND,20210802,9.4,9.45,8.9,9.1,14496
MOIL,20210802,191.9,191.9,185.75,186.85,370395
MOKSH,20210802,30.4,30.5,29.9,30.5,799613
MOLDTECH,20210802,91.3,95.3,88,93.2,89039
MOLDTKPAC,20210802,535,543,526,527.75,112254
MOM100,20210802,29.39,29.75,29.03,29.7,247266
MOM50,20210802,157,157.97,156.32,157.43,1990
MON100,20210802,110.9,111,109.2,110.58,369524
MONTECARLO,20210802,379,383.7,374.05,378.85,103261
MORARJEE,20210802,18.9,20,18.9,19.4,22018
MOREPENLAB,20210802,65.9,66.2,62.45,64.65,2381229
MOTHERSUMI,20210802,237,237,231.7,234.5,9756477
MOTILALOFS,20210802,943.55,968.4,927,935.55,1284167
MOTOGENFIN,20210802,21.75,22.45,21.1,22.3,111016
MPHASIS,20210802,2619.5,2644.85,2602,2626.8,321213
MPSLTD,20210802,748,760,735.35,747.9,43856
MRF,20210802,80499,81349.95,80133.3,80420.85,10580
MRO-TEK,20210802,34.95,34.95,31.55,32.6,10330
MRPL,20210802,44.9,45.5,44.75,45.05,1734575
MSPL,20210802,12.4,12.4,12.1,12.4,297585
MSTCLTD,20210802,286.4,288.9,282,282.7,277309
MTARTECH,20210802,1460.35,1470,1420,1428.45,123889
MTEDUCARE,20210802,9.55,10.15,9.55,9.8,171472
MTNL,20210802,21.3,21.6,21.1,21.15,1019476
MUKANDENGG,20210802,23.15,23.15,23.15,23.15,8179
MUKANDLTD,20210802,145,150.15,140,150.1,323287
MUKTAARTS,20210802,42.5,42.5,39.6,41.65,48567
MUNJALAU,20210802,66.75,67.95,66.55,67.3,234708
MUNJALSHOW,20210802,163.5,168.5,161.95,166.6,393949
MURUDCERA,20210802,30.45,31.45,29.5,30.85,227163
MUTHOOTCAP,20210802,455,457.95,421.1,435.95,76058
MUTHOOTFIN,20210802,1565.9,1595.5,1557,1584.65,595881
NACLIND,20210802,82.5,84,78.25,80.05,430589
NAGAFERT,20210802,17.6,17.85,17.25,17.85,788759
NAGREEKCAP,20210802,8.25,8.25,8.25,8.25,1050
NAGREEKEXP,20210802,41.6,41.6,41.6,41.6,18386
NAHARCAP,20210802,318.25,339.9,315,330.05,191029
NAHARINDUS,20210802,134.9,134.9,128.65,129.2,153150
NAHARPOLY,20210802,225.4,255,224.6,243.85,264812
NAHARSPING,20210802,410,414.15,380,414.15,192624
NAM-INDIA,20210802,404.05,405.65,398,400.4,1153460
NATCOPHARM,20210802,1028,1029,1001,1010.15,723742
NATHBIOGEN,20210802,366.25,379,366.25,376.4,59803
NATIONALUM,20210802,94.5,96,94,95,32883709
NATNLSTEEL,20210802,4.5,4.5,4.5,4.5,3208
NAUKRI,20210802,5250,5349,5204.9,5301.7,431776
NAVINFLUOR,20210802,3664.3,3727,3612.6,3685.75,236860
NAVKARCORP,20210802,49.85,51.9,49.8,50.9,914188
NAVNETEDUL,20210802,106,106,102.85,104.2,818664
NAZARA,20210802,1900,1950,1876,1882.75,398173
NBCC,20210802,51.6,51.75,50.5,50.65,4331633
NBIFIN,20210802,2318.95,2319,2249,2254.85,2344
NBVENTURES,20210802,125.45,127.9,123.15,127.1,1772393
NCC,20210802,88,89.4,86.35,86.65,2718890
NCLIND,20210802,270.95,289.75,263.25,284.15,1624433
NCPSESDL24,20210802,105.56,105.61,105.52,105.52,1235
NDGL,20210802,1429.25,1489.7,1360.2,1469.25,1005
NDL,20210802,76.9,80.1,73.65,80.1,228821
NDRAUTO,20210802,378,387.9,353,387.25,24131
NDTV,20210802,74.8,76,73.5,75.65,181852
NECCLTD,20210802,19.35,20.05,19,19.15,548639
NECLIFE,20210802,35.7,35.9,34.45,35.05,745869
NELCAST,20210802,97.4,98.3,95.4,96.4,633893
NELCO,20210802,372,378.8,368,371.5,122959
NEOGEN,20210802,926.95,937.9,912,918.05,62281
NESCO,20210802,611,651.75,611,644.05,343242
NESTLEIND,20210802,17795.8,17900.8,17675,17714.65,31974
NETF,20210802,191.2,195.25,191.2,195.25,615
NETFCONSUM,20210802,72.16,72.16,69.15,69.48,4262
NETFDIVOPP,20210802,42.5,45,40.31,41.35,5639
NETFGILT5Y,20210802,48.34,48.36,48.34,48.36,52
NETFIT,20210802,31.5,31.77,31.08,31.33,427459
NETFLTGILT,20210802,22.5,22.5,22.4,22.46,20981
NETFMID150,20210802,108.35,108.35,105.1,107.5,60225
NETFNIF100,20210802,162.5,167.59,162.5,166.29,1643
NETFNV20,20210802,90,90.1,88.2,90.09,6778
NETFPHARMA,20210802,14.7,14.8,14.32,14.44,240456
NETFSDL26,20210802,104.1,104.3,104.1,104.21,356
NETWORK18,20210802,49.7,50.45,49.45,50.05,903410
NEULANDLAB,20210802,1930.15,2045,1930.15,1962,27537
NEWGEN,20210802,612.95,615,592.6,600.5,116353
NEXTMEDIA,20210802,5.5,5.85,5.5,5.7,10301
NFL,20210802,64.6,64.75,62.9,63.35,1420141
NH,20210802,497.9,499.9,493.2,497.65,86915
NHPC,20210802,26.5,27.3,26.3,26.5,16880445
NIACL,20210802,165,165.25,162,162.75,433470
NIBL,20210802,19.3,19.3,18.5,19.15,29715
NIFTYBEES,20210802,174.69,174.69,170,171,953704
NIFTYEES,20210802,20648.54,20648.54,20250,20250,2
NIITLTD,20210802,326.5,337.25,321.15,323,945585
NILAINFRA,20210802,6.6,7.2,6.55,7.2,2751830
NILASPACES,20210802,2.5,2.5,2.4,2.5,303039
NILKAMAL,20210802,2612,2700,2604.4,2672.75,15551
NIPPOBATRY,20210802,1181.9,1186.25,1132.2,1140.85,42241
NIRAJ,20210802,47.85,51.45,46.35,48.65,146547
NITCO,20210802,25.85,26.6,25.35,26.3,139036
NITINSPIN,20210802,247,269.9,246.95,269.9,1383597
NITIRAJ,20210802,49.8,51.9,47.35,49.05,7910
NKIND,20210802,26.15,28.7,26.15,28.6,3282
NLCINDIA,20210802,59.75,60.3,58.7,58.85,1779756
NMDC,20210802,182.35,183.5,177.15,180.15,16329970
NOCIL,20210802,263.85,275.9,258.75,271.55,3373332
NOIDATOLL,20210802,6.5,6.6,6.2,6.5,147390
NORBTEAEXP,20210802,6.95,6.95,6.95,6.95,300
NOVARTIND,20210802,974,985,963.05,972.95,22549
NPBET,20210802,186.2,191.78,184.3,185.71,1384
NRAIL,20210802,320.5,330,305.05,320.6,150837
NRBBEARING,20210802,140.2,143,139.75,140.4,166699
NSIL,20210802,1980.05,2022,1977.05,1991.75,1142
NTL,20210802,2.1,2.1,2.1,2.1,4412
NTPC,20210802,118.6,118.75,117,117.75,11742555
NUCLEUS,20210802,682,688.4,672,674.05,79829
NURECA,20210802,1811.25,1811.25,1811.25,1811.25,4355
NXTDIGITAL,20210802,483.05,488.65,479.95,480.9,3218
OAL,20210802,922,949.9,910,921.4,15802
OBEROIRLTY,20210802,680,755,680,739.25,5642093
OCCL,20210802,1145,1323.9,1131.45,1244.15,377310
OFSS,20210802,4368.95,4375,4257,4285.8,90971
OIL,20210802,168.9,168.95,164.6,165.5,353249
OILCOUNTUB,20210802,8.3,8.3,7.6,7.7,18141
OLECTRA,20210802,318.5,318.5,310,318.5,536128
OMAXAUTO,20210802,62.45,63.9,59.85,60.1,61940
OMAXE,20210802,88.4,94.5,86.85,90.85,404476
OMINFRAL,20210802,33.8,34.95,33.7,34.05,137679
OMKARCHEM,20210802,18.75,18.75,17.35,18.75,1074520
ONELIFECAP,20210802,12.8,12.8,12.8,12.8,3565
ONEPOINT,20210802,45.15,46,44.1,45.1,11200
ONGC,20210802,114.95,117.5,114.8,117.1,10895726
ONMOBILE,20210802,137,143.2,137,139.6,668071
ONWARDTEC,20210802,259.5,259.5,249.05,254.15,33465
OPTIEMUS,20210802,154.75,157,149.85,156.95,223887
OPTOCIRCUI,20210802,4.05,4.25,4.05,4.25,297711
ORBTEXP,20210802,80.75,84.05,79.05,81.5,56004
ORCHPHARMA,20210802,458.95,473.75,451,473.75,9481
ORICONENT,20210802,33.8,34.3,33.1,34.3,419066
ORIENTABRA,20210802,35.05,36.4,35.05,35.35,224679
ORIENTALTL,20210802,10.3,10.7,10.1,10.15,101968
ORIENTBELL,20210802,361,375.85,357,371,54137
ORIENTCEM,20210802,161.8,163.5,159.8,162.4,1352727
ORIENTELEC,20210802,323,328.95,317.05,319.55,882676
ORIENTHOT,20210802,37.8,39.4,37.45,38.45,232368
ORIENTLTD,20210802,80.8,83.5,79,81.1,20019
ORIENTPPR,20210802,32.2,32.2,30.7,30.9,2404517
ORISSAMINE,20210802,3080,3144.1,3018.95,3068.2,14463
ORTINLAB,20210802,35.75,36.75,33.55,34.05,131175
OSWALAGRO,20210802,16.8,16.95,15.6,16.35,115217
PAGEIND,20210802,31798,32579.95,31609.05,32465.45,16604
PAISALO,20210802,656.6,674.7,645,661.05,259769
PALASHSECU,20210802,82.85,82.85,77.4,77.8,6745
PALREDTEC,20210802,117,118.85,115,115.35,21886
PANACEABIO,20210802,320.55,322.45,312.65,313.6,102821
PANACHE,20210802,74.95,75,70.7,72.65,9311
PANAMAPET,20210802,271.45,283.95,271.1,278.6,805482
PARACABLES,20210802,17.6,17.9,17,17.35,289236
PARAGMILK,20210802,141.95,142,136,136.95,645887
PARSVNATH,20210802,16.2,16.3,15.7,15.85,741381
PATELENG,20210802,15.15,16.5,15.1,15.95,20777829
PATINTLOG,20210802,24.95,24.95,24,24.45,102477
PATSPINLTD,20210802,13.1,13.1,12,13.1,53837
PBAINFRA,20210802,13.95,13.95,12.95,13.5,26184
PCJEWELLER,20210802,24.7,25.1,24,24.85,1968668
PDMJEPAPER,20210802,45.1,45.8,42.6,43.05,635063
PDPL,20210802,4.45,4.5,4.3,4.5,187112
PDSMFL,20210802,1260,1309.7,1260,1301.45,6034
PEARLPOLY,20210802,18.4,18.85,17.7,17.95,20986
PEL,20210802,2347.35,2500,2337,2489.85,2579839
PENIND,20210802,41.4,42,40,41.75,2076214
PENINLAND,20210802,15.4,15.65,14.5,15.6,409931
PERSISTENT,20210802,3174.85,3192.1,3113.25,3137.15,77996
PETRONET,20210802,220.85,220.85,218.05,219.75,2617270
PFC,20210802,131,134,130.1,133.6,9750167
PFIZER,20210802,5922,5970,5875,5910.7,51550
PFOCUS,20210802,63,64.1,60.7,61.4,123748
PFS,20210802,20.55,21.1,20.5,20.55,1878062
PGEL,20210802,367,377.8,367,369.3,26334
PGHH,20210802,12690,12770,12645.05,12711.05,7720
PGHL,20210802,5401,5454.45,5373.05,5441.15,16267
PGIL,20210802,375,439.85,375,433,354547
PHILIPCARB,20210802,274,277,268.65,274.8,1927711
PHOENIXLTD,20210802,871.9,918.45,869.1,896.7,727095
PIDILITIND,20210802,2299.9,2299.9,2255.8,2262.55,456617
PIIND,20210802,2960,3375,2956,3316.5,2764540
PILANIINVS,20210802,1992.75,2014,1971.05,1990.9,5545
PILITA,20210802,7.65,7.7,7.55,7.6,1802102
PIONDIST,20210802,128.5,130.5,127.1,129.3,8352
PIONEEREMB,20210802,76.25,79.7,75.7,78.15,1455324
PITTIENG,20210802,204.4,214.65,201.6,205.3,606808
PKTEA,20210802,330.85,336,316.3,330.65,1480
PLASTIBLEN,20210802,272.8,274.8,270.55,273.55,47183
PNB,20210802,39.75,40.95,39.6,40.7,64896737
PNBGILTS,20210802,72.95,73,71.8,72.05,170560
PNBHOUSING,20210802,685,685,670,679.5,20719
PNC,20210802,40.5,40.85,38.65,40.5,32978
PNCINFRA,20210802,315,319.25,311.7,312.1,691632
PODDARHOUS,20210802,211,211,202,208.2,10024
PODDARMENT,20210802,390,390,368.15,377,140216
POKARNA,20210802,398.85,458,397.05,447.2,630511
POLYCAB,20210802,1869.95,1881.15,1836.5,1865.85,199500
POLYMED,20210802,980.1,990.45,955.25,969.5,112819
POLYPLEX,20210802,1511,1551,1511,1533.85,145235
PONNIERODE,20210802,295.1,302.7,282.1,284.7,7987
POWERGRID,20210802,171.5,172,169.3,171,7181817
POWERINDIA,20210802,1930,1995,1917,1936.45,37335
POWERMECH,20210802,823.5,858,816,846.85,94688
PPAP,20210802,317.4,324.85,311.15,319.75,103561
PPL,20210802,178.5,179.45,176.4,178.45,239926
PRADIP,20210802,0.95,1,0.95,1,25394
PRAENG,20210802,28.2,28.2,28.2,28.2,104466
PRAJIND,20210802,367.15,378.9,367,375.4,322788
PRAKASH,20210802,84,84.95,81.3,81.95,1188294
PRAKASHSTL,20210802,1.6,1.6,1.6,1.6,453739
PRAXIS,20210802,45,45.9,43.75,45.9,22030
PRECAM,20210802,109.9,112,104.5,107,556556
PRECOT,20210802,290,296.9,271,273.4,57645
PRECWIRE,20210802,229.5,233.65,229,230.6,32091
PREMEXPLN,20210802,236,236,225,226.15,14036
PREMIER,20210802,4.1,4.15,3.8,4,9565
PREMIERPOL,20210802,94.95,95.5,88.45,90.3,73096
PRESSMN,20210802,34.2,38.25,33.9,36.9,1002360
PRESTIGE,20210802,343.7,369,342.5,364.4,5278442
PRICOLLTD,20210802,97.1,99.5,96.1,98.5,1180699
PRIMESECU,20210802,107,107.6,101.55,107,157784
PRINCEPIPE,20210802,684.9,695.95,683.55,689.7,269462
PRIVISCL,20210802,1635,1866.9,1523.65,1805.6,1070365
PROINDIA,20210802,13.45,13.45,13.45,13.45,1197
PROZONINTU,20210802,34.3,34.3,32.7,32.7,455523
PRSMJOHNSN,20210802,137.25,142.5,137.25,139.65,616703
PSB,20210802,20.15,20.2,19.5,19.65,448650
PSPPROJECT,20210802,468,474,461.5,465.8,202958
PSUBNKBEES,20210802,26.99,26.99,26.61,26.79,532006
PTC,20210802,103.45,104.15,101,101.2,940428
PTL,20210802,53.25,54.8,52.75,53.75,159771
PUNJABCHEM,20210802,1430,1439,1391.9,1420.75,7122
PURVA,20210802,110.7,120.4,109.4,119.15,3793943
PVP,20210802,5.4,5.4,5.4,5.4,36814
PVR,20210802,1418.8,1439.55,1390.5,1417.85,1521573
QGOLDHALF,20210802,2066,2078.9,2050,2062.8,357
QNIFTY,20210802,1645,1651,1643,1649,68
QUESS,20210802,883.3,894.25,871.7,881.75,466327
QUICKHEAL,20210802,305.65,313,303.75,304.6,353641
QUINTEGRA,20210802,1.35,1.35,1.25,1.35,74053
RADAAN,20210802,0.85,0.85,0.85,0.85,2725
RADICO,20210802,910.1,913.5,885,893.6,560704
RADIOCITY,20210802,24.6,25.3,24.6,25.2,284163
RAILTEL,20210802,139.6,142.15,139.1,139.5,978106
RAIN,20210802,268.5,272.75,251.15,255.4,6429616
RAJESHEXPO,20210802,624.45,624.45,612,614.25,158025
RAJMET,20210802,176.3,176.3,175.05,175.2,1398
RAJRATAN,20210802,2502.15,2502.15,2483,2502.15,25966
RAJSREESUG,20210802,30.8,30.8,29.3,29.45,19338
RAJTV,20210802,42.05,42.35,41.25,41.55,9848
RAJVIR,20210802,7.25,7.6,7,7.6,7908
RALLIS,20210802,327.25,331.65,323.1,324.65,453252
RAMANEWS,20210802,27.7,27.7,25.15,25.5,1262204
RAMASTEEL,20210802,189.35,189.35,189.35,189.35,30800
RAMCOCEM,20210802,1098.65,1099.45,1079.8,1094.55,378772
RAMCOIND,20210802,340,342.95,336.45,337.65,179907
RAMCOSYS,20210802,532.25,541.15,521.75,524,194392
RAMKY,20210802,177.6,182.8,168.5,182.8,95388
RANASUG,20210802,31.1,31.7,30.1,30.25,493964
RANEENGINE,20210802,346.8,348.4,336.05,338.15,17404
RANEHOLDIN,20210802,748.9,750,720,730.9,43672
RATNAMANI,20210802,2180,2248.35,2110,2149.3,91370
RAYMOND,20210802,444.9,453.8,442.3,447.4,724397
RBL,20210802,1029,1029.4,1003.1,1011.95,7221
RBLBANK,20210802,194,195.75,192,194.55,8766837
RCF,20210802,84.85,85.5,83.75,84.95,4996787
RCOM,20210802,3.3,3.3,3.25,3.3,6161272
RECLTD,20210802,152.4,157.2,151.35,156.65,6096050
REDINGTON,20210802,333.25,334.95,327.25,330.7,789263
REFEX,20210802,142.5,148,142,147.05,354993
REGENCERAM,20210802,1.35,1.45,1.35,1.45,301
RELAXO,20210802,1140,1157.4,1127.85,1148.5,223049
RELCAPITAL,20210802,18.4,18.85,17.9,18.5,2376236
RELIANCE,20210802,2054.3,2079.4,2041.15,2072.5,5041934
RELIGARE,20210802,166,175.8,166,168.85,3023920
RELINFRA,20210802,76,80.1,75.25,79.1,1482579
REMSONSIND,20210802,235.05,248,235.05,239.65,2681
RENUKA,20210802,34.3,34.9,32.9,33.55,4245866
REPCOHOME,20210802,341,345,336.8,339.85,178647
REPL,20210802,243.3,245,235.1,242,63562
REPRO,20210802,366,371.75,356.25,360.3,11086
RESPONIND,20210802,135.3,136,131,132.25,27644
REVATHI,20210802,684,688.95,669.3,672.8,1379
RGL,20210802,643.9,699,643.9,693.4,69323
RHFL,20210802,4.6,4.6,4.35,4.5,892076
RHIM,20210802,355,374.9,351.15,368.55,570576
RICOAUTO,20210802,59.8,61,58.75,59.05,2284348
RIIL,20210802,708,718.95,702.25,709.5,129887
RITES,20210802,276.55,285,276.55,279.8,281469
RKDL,20210802,14.05,15.4,14.05,15.4,70766
RKEC,20210802,94.8,96.5,93.85,95,50790
RKFORGE,20210802,834.8,890,833,873.6,284633
RML,20210802,410.35,415.85,405.05,408.45,28653
ROHITFERRO,20210802,3.3,3.3,3.3,3.3,8552
ROHLTD,20210802,78.15,79.85,78.1,78.3,30112
ROLLT,20210802,3.05,3.2,2.95,3,511182
ROLTA,20210802,7.8,7.9,7.35,7.85,538486
ROML,20210802,75.65,80,75.65,77.6,6582
ROSSARI,20210802,1279,1309.9,1241.4,1289.15,652196
ROSSELLIND,20210802,197.6,203.8,197.5,201.4,176506
ROUTE,20210802,2083,2094,2040,2047.05,457666
RPGLIFE,20210802,516.75,525.95,510.1,511.8,122175
RPOWER,20210802,12.45,12.65,12.2,12.65,15198881
RPPINFRA,20210802,85,91.8,84.3,89.35,1067444
RPSGVENT,20210802,723.35,736.75,707.2,711.05,44173
RSSOFTWARE,20210802,37,37,36.15,36.3,42988
RSWM,20210802,407,408.05,387.55,398.45,185424
RSYSTEMS,20210802,207,209,201,202.4,323648
RTNINDIA,20210802,68,68,63.5,66.1,4128835
RTNPOWER,20210802,6.75,6.8,6.65,6.8,6411900
RUBYMILLS,20210802,287,300.65,286.95,295.85,61194
RUCHI,20210802,1119,1127,1100,1102.85,20083
RUCHINFRA,20210802,8.3,8.3,7.9,8.05,77079
RUCHIRA,20210802,93.7,94.75,92,92.4,86543
RUPA,20210802,543,545,528.1,533.5,1784078
RUSHIL,20210802,293.8,302.5,286.15,302.5,55351
RVHL,20210802,20.4,21,20.4,20.7,17992
RVNL,20210802,29.85,30.4,29.7,29.95,4004760
S&SPOWER,20210802,22.2,22.2,21.25,21.85,3987
SABEVENTS,20210802,3.6,3.65,3.35,3.65,39988
SABTN,20210802,2.15,2.3,2.15,2.3,5704
SADBHAV,20210802,70.5,70.9,67.3,68.95,665161
SADBHIN,20210802,28.45,29.3,28.25,29,896825
SAFARI,20210802,746.9,758.2,725.5,736.6,10108
SAGARDEEP,20210802,75.55,77.45,73.35,73.9,80808
SAGCEM,20210802,1345,1428,1341,1398.85,109670
SAIL,20210802,143.5,143.5,138.9,139.5,44235482
SAKAR,20210802,183,188.5,183,186.4,112608
SAKHTISUG,20210802,19.35,19.35,18.55,18.7,126925
SAKSOFT,20210802,700,710,680.6,685.45,110568
SAKUMA,20210802,12.1,12.45,11.9,11.95,156042
SALASAR,20210802,355,360,346,352.85,193561
SALONA,20210802,242,243.6,228.85,231.8,57366
SALSTEEL,20210802,15.25,15.25,15,15.25,675630
SALZERELEC,20210802,174.1,189.5,174.1,184.95,744135
SAMBHAAV,20210802,3.25,3.55,3.25,3.35,24423
SANCO,20210802,9.05,9.25,9.05,9.1,29698
SANDESH,20210802,917,927.8,901.85,915.35,3595
SANDHAR,20210802,298.5,302,294.3,296.15,92965
SANGAMIND,20210802,132.8,135.65,128.25,135.65,93475
SANGHIIND,20210802,66.35,69.1,66.35,68.65,1488156
SANGHVIMOV,20210802,202.5,204.9,201,203.8,67087
SANGINITA,20210802,30.35,31,29.55,29.8,193283
SANOFI,20210802,8390,8739,8390,8558.1,64848
SARDAEN,20210802,841.6,841.6,835.3,841.6,118970
SAREGAMA,20210802,3480,3580,3360,3469.05,15479
SARLAPOLY,20210802,41.5,42.05,40.8,41,241928
SASKEN,20210802,1315,1342.65,1308,1311.95,26755
SASTASUNDR,20210802,313.3,327,313.3,318.1,18704
SATHAISPAT,20210802,3.5,3.5,3.5,3.5,1748
SATIA,20210802,104.7,106.15,103,104.25,499190
SATIN,20210802,87.95,87.95,85.75,86.15,147981
SBCL,20210802,134.25,145.8,133.05,143.45,165707
SBICARD,20210802,1038,1044.45,1029.95,1040.6,1149473
SBIETFCON,20210802,64.99,65,63.1,64.08,9575
SBIETFIT,20210802,313.99,314.35,310,313.63,1708
SBIETFPB,20210802,179,182.2,179,181,304
SBIETFQLTY,20210802,142.35,144,140.16,142.74,1284
SBILIFE,20210802,1111.05,1128.5,1101.95,1107.2,1582968
SBIN,20210802,434.75,436.7,431.8,434.9,16926025
SCAPDVR,20210802,2.6,2.6,2.6,2.6,150127
SCHAEFFLER,20210802,6980,6980,6711,6811.05,10970
SCHAND,20210802,140.25,145,137,141.25,299716
SCHNEIDER,20210802,140.4,146.25,137,138.95,3102670
SCI,20210802,111.4,111.4,109.35,109.7,892000
SDBL,20210802,52,52.55,50.15,50.6,178335
SEAMECLTD,20210802,614.4,670,610,666.8,448116
SECURKLOUD,20210802,88.5,95.3,88.5,93.5,74866
SELAN,20210802,146,166.6,145.1,162.15,1625661
SEPOWER,20210802,9.35,9.35,9.1,9.35,49179
SEQUENT,20210802,293.5,296.15,285.75,288.45,1318476
SESHAPAPER,20210802,207.5,207.5,202.5,203.65,147544
SETCO,20210802,20.8,21.4,20.75,21.4,281318
SETF10GILT,20210802,204,205.87,203.21,205.4,255
SETFGOLD,20210802,4279.1,4280,4260.15,4261.55,5564
SETFNIF50,20210802,161.69,162,157.95,161.65,166488
SETFNIFBK,20210802,346.95,347.96,345.24,346.38,43423
SETFNN50,20210802,409,412.9,405.1,412.05,6278
SETUINFRA,20210802,1.45,1.55,1.45,1.55,231679
SEYAIND,20210802,74.45,74.45,70,71,42079
SFL,20210802,2398.6,2449,2380.55,2391.95,10725
SGIL,20210802,198.75,198.75,184,187,37190
SGL,20210802,14.55,14.75,14.25,14.45,47399
SHAHALLOYS,20210802,14.2,14.2,14.2,14.2,1125
SHAKTIPUMP,20210802,768,786.4,761.1,769.7,83515
SHALBY,20210802,195.5,206.5,194.75,200.55,1240499
SHALPAINTS,20210802,109.6,110.75,108.6,108.95,116043
SHANKARA,20210802,658.4,683.65,656.5,664.75,425763
SHANTIGEAR,20210802,195.05,205.95,195,199.15,1054789
SHARDACROP,20210802,351.4,357.3,349.4,350.1,267753
SHARDAMOTR,20210802,640,660.35,615.15,659.4,24796
SHAREINDIA,20210802,545,565,542.8,549.5,85738
SHARIABEES,20210802,416.31,419.31,407,411.57,1981
SHEMAROO,20210802,127,132,125.25,127.55,112619
SHIL,20210802,355.1,374.75,355.1,369.8,30830
SHILPAMED,20210802,635,653.2,635,645.65,503737
SHIVAMAUTO,20210802,27,27.75,26,27.5,229775
SHIVAMILLS,20210802,105.9,108.65,102.9,105.95,70503
SHIVATEX,20210802,239,247,221,225.6,59078
SHK,20210802,169.9,176.9,169,173.3,659426
SHOPERSTOP,20210802,275,275,263,266.05,383579
SHRADHA,20210802,56.2,56.2,51.45,52.3,6450
SHREDIGCEM,20210802,95.5,96.4,93.7,95.2,552839
SHREECEM,20210802,28280.2,29375,28280.2,29294.25,86807
SHREEPUSHK,20210802,175,175.15,171.15,171.75,48230
SHREERAMA,20210802,16.45,16.5,15.25,15.55,194286
SHRENIK,20210802,1.8,1.8,1.75,1.8,7124244
SHREYANIND,20210802,136.75,137.35,131.05,132.5,59204
SHREYAS,20210802,230,232.3,222.55,224.55,59547
SHRIPISTON,20210802,1058.1,1058.1,1058.1,1058.1,1133
SHRIRAMCIT,20210802,1900,1900,1807.05,1822.15,37694
SHRIRAMEPC,20210802,5.15,5.3,5.05,5.3,1403509
SHYAMCENT,20210802,16.15,16.15,15.1,15.1,1216842
SHYAMMETL,20210802,438.75,442.5,427,429,1402611
SHYAMTEL,20210802,14.15,14.15,14.15,14.15,850
SICAL,20210802,14.2,14.4,13.85,13.9,314068
SIEMENS,20210802,1961.8,1980,1947.4,1977.95,129925
SIGIND,20210802,57.6,58,53.05,55.9,152413
SIL,20210802,17.85,18,17.25,17.45,135204
SILGO,20210802,39.75,39.75,38.3,38.55,22743
SILINV,20210802,322.3,340,322.3,338,3321
SILLYMONKS,20210802,22.4,22.4,21.5,21.7,4604
SIMBHALS,20210802,37.85,39.25,35.75,37.3,38524
SIMPLEXINF,20210802,45.7,45.7,44,45.1,79363
SINTERCOM,20210802,100,104.8,97.85,99.5,221746
SINTEX,20210802,4.4,4.5,4.3,4.5,1553947
SIRCA,20210802,345,345,331.25,339.2,67707
SIS,20210802,485.75,502,485.75,493.55,334908
SITINET,20210802,1.75,1.75,1.7,1.75,2296290
SIYSIL,20210802,412,418,411,415.75,56782
SJVN,20210802,27.4,27.8,27.2,27.45,2143900
SKFINDIA,20210802,2925,2925,2831.55,2855.95,26553
SKIL,20210802,4.5,4.5,4.5,4.5,80459
SKIPPER,20210802,89.95,91.7,89.25,89.55,561704
SKMEGGPROD,20210802,86.65,87.65,85,85.7,166568
SMARTLINK,20210802,124.8,124.85,120,121.05,31705
SMCGLOBAL,20210802,91.5,94.5,91,92.85,505872
SMLISUZU,20210802,585.95,638,585.95,623.6,477398
SMSLIFE,20210802,710.4,722.6,708.85,720.25,2520
SMSPHARMA,20210802,175.35,186.75,175.35,183.35,227967
SNOWMAN,20210802,50.9,51.6,50.3,50.4,1514619
SOBHA,20210802,605.9,652.75,601,640,1261541
SOLARA,20210802,1644.8,1754.3,1644.8,1730.3,303510
SOLARINDS,20210802,1730,1755,1705,1719.9,113347
SOMANYCERA,20210802,709,720,709,713.95,36914
SOMATEX,20210802,7.8,8.35,7.8,8,21359
SOMICONVEY,20210802,58.45,58.5,57.2,57.5,16832
SONACOMS,20210802,442.65,454.25,435.5,439.25,2478124
SONATSOFTW,20210802,795,799,780,788.5,163172
SORILINFRA,20210802,129.6,132.9,128.5,128.9,53644
SOTL,20210802,1499,1549.6,1476,1515.2,63535
SOUTHBANK,20210802,10.85,11,10.7,10.75,13996461
SOUTHWEST,20210802,67.95,71.15,64.2,68.8,102434
SPAL,20210802,323.35,345.15,323.35,341.9,150968
SPANDANA,20210802,651,664.15,647,650.4,61584
SPARC,20210802,269.8,283,262.5,280.95,7984005
SPCENET,20210802,1.95,1.95,1.95,1.95,13600
SPECIALITY,20210802,75.9,77,74,75.4,305166
SPENCERS,20210802,109.4,109.4,104.6,105.8,1413679
SPIC,20210802,65,66.4,64,64.4,980525
SPICEJET,20210802,75.1,75.75,74.75,75,1241776
SPLIL,20210802,53,54,52.1,52.75,61074
SPMLINFRA,20210802,11.8,12.7,11.8,12.15,37148
SPTL,20210802,5.45,5.6,5.35,5.4,3421538
SPYL,20210802,0.7,0.7,0.7,0.7,1937010
SREEL,20210802,168.15,174.95,166.25,171,50350
SREINFRA,20210802,10.8,11.55,10.65,11.05,449616
SRF,20210802,8660,9074.55,8655.55,9004.95,630805
SRHHYPOLTD,20210802,335.05,347.9,335.05,344.7,45691
SRIPIPES,20210802,238.05,239,233.25,237.3,237863
SRPL,20210802,36.1,37.6,35.9,37.6,3325
SRTRANSFIN,20210802,1396,1430,1335.7,1375.85,3387496
SSWL,20210802,1371,1496.95,1370,1496.95,124526
STAMPEDE,20210802,0.7,0.7,0.65,0.7,1365543
STAR,20210802,776,776,758.6,762.55,372614
STARCEMENT,20210802,112.2,113,109.35,110.35,376727
STARPAPER,20210802,165.1,168.75,163.1,163.9,298300
STCINDIA,20210802,120,123,118.2,119.35,134330
STEELCITY,20210802,76,76,73.5,74.3,94476
STEELXIND,20210802,76,79,67.15,68.95,9353724
STEL,20210802,112.9,115.25,111.35,114.55,53946
STERTOOLS,20210802,254.05,254.05,243.1,244.75,215491
STLTECH,20210802,292.9,304,292.25,301.65,549273
STOVEKRAFT,20210802,783.9,794.2,777.25,787.3,351642
STYLAMIND,20210802,1280,1366.9,1216,1278.85,68770
SUBCAPCITY,20210802,24.2,24.2,24.1,24.1,47
SUBEXLTD,20210802,62.8,63.3,60.25,60.7,8290164
SUBROS,20210802,329,332,325,326.65,36443
SUDARSCHEM,20210802,748,759.5,744.95,749.4,109174
SUMEETINDS,20210802,9.9,9.9,9.9,9.9,66250
SUMICHEM,20210802,425.5,433.85,425.5,428.7,345202
SUMIT,20210802,17.9,17.9,16.8,16.95,91561
SUMMITSEC,20210802,738,849,738,802.9,208061
SUNCLAYLTD,20210802,3657,3754,3650,3658.4,6762
SUNDARAM,20210802,2.35,2.4,2.3,2.4,362861
SUNDARMFIN,20210802,2620,2620,2584,2606.1,4584
SUNDARMHLD,20210802,80.5,89.95,80.5,88.45,1889350
SUNDRMBRAK,20210802,470,470,450.05,457.9,8768
SUNDRMFAST,20210802,767,784,762,781.85,58875
SUNFLAG,20210802,93.5,94.75,90.3,90.75,1429000
SUNPHARMA,20210802,785,801.9,764.1,775,18661462
SUNTECK,20210802,373.15,410,372.65,404.4,4179779
SUNTV,20210802,580,586.55,565.1,572.95,3253747
SUPERHOUSE,20210802,165.05,169.5,162.45,166.5,39574
SUPERSPIN,20210802,12.85,13.45,12.4,13.2,130562
SUPPETRO,20210802,718.6,718.75,704,710.7,33333
SUPRAJIT,20210802,339.4,350,335.55,339.95,370447
SUPREMEENG,20210802,34,34,32.3,32.7,32839
SUPREMEIND,20210802,2140,2167.9,2110,2116.95,93939
SURANASOL,20210802,13.35,13.5,12.8,13.5,70362
SURANAT&P,20210802,6.85,6.85,6.85,6.85,38963
SURYALAXMI,20210802,74.4,76,68.85,69.95,69541
SURYAROSNI,20210802,540,584.45,531,566.4,711442
SURYODAY,20210802,207.8,207.8,204.05,204.7,66469
SUTLEJTEX,20210802,70.7,72.7,69.15,69.6,893285
SUULD,20210802,511.95,511.95,472.5,491.5,62466
SUVEN,20210802,83.3,83.9,82.4,83.1,217670
SUVENPHAR,20210802,506.3,522,506.3,520.1,318311
SUVIDHAA,20210802,24.95,24.95,23.8,23.95,47054
SUZLON,20210802,6.3,6.6,6.25,6.6,54149825
SVPGLOB,20210802,110.95,110.95,106.55,109.1,48719
SWANENERGY,20210802,149.45,152.75,143.05,146,1634564
SWARAJENG,20210802,1803.95,1836.45,1793.05,1799.15,24024
SWELECTES,20210802,258,262.3,252,254.8,27923
SWSOLAR,20210802,287.2,293.2,285.8,288.55,1053631
SYMPHONY,20210802,953.55,958.3,945,952.3,65715
SYNGENE,20210802,641.7,642.95,630.75,633.8,166532
TAINWALCHM,20210802,103.25,111.5,102.4,106.3,13013
TAJGVK,20210802,131.5,132.9,131.05,132.2,72107
TAKE,20210802,63.9,65.3,62.3,62.95,2097524
TALBROAUTO,20210802,327.9,349.9,318.2,345.35,385430
TANLA,20210802,974.9,1000.9,953.25,982.8,199907
TARAPUR,20210802,5.45,5.7,5.45,5.7,43251
TARC,20210802,42.1,42.55,41.2,42.15,291152
TARMAT,20210802,87,87.4,84.65,85.3,165890
TASTYBITE,20210802,18624.95,18624.95,18005,18086.35,2738
TATACHEM,20210802,771,780.95,766.55,774.65,1643860
TATACOFFEE,20210802,214.05,215.5,210.2,211.7,3120080
TATACOMM,20210802,1453.8,1490,1437.6,1480.55,338574
TATACONSUM,20210802,763,771,756.6,759.55,2054226
TATAELXSI,20210802,4264,4264.2,4210.1,4222.8,70906
TATAINVEST,20210802,1162,1170,1148,1151.3,40341
TATAMETALI,20210802,1338,1349,1316.6,1329.05,259963
TATAMOTORS,20210802,299.15,299.4,295.6,296.85,19273390
TATAMTRDVR,20210802,142,142.6,139.8,141,1655194
TATAPOWER,20210802,126.55,134,125.55,133.45,102355625
TATASTEEL,20210802,1446,1447,1405.5,1410.05,9768920
TATASTLBSL,20210802,96.5,96.5,93.65,94.15,7415364
TATASTLLP,20210802,1142,1149.9,1105.05,1118.25,60552
TATVA,20210802,2279,2287.7,2248,2263.25,493438
TBZ,20210802,85,88.8,84.7,85.9,627971
TCI,20210802,428,428,417,424.9,51257
TCIDEVELOP,20210802,364,366.95,340.85,361.15,18612
TCIEXP,20210802,1545.25,1568.55,1530.7,1556.55,32176
TCIFINANCE,20210802,6,6,5.8,5.9,1548
TCNSBRANDS,20210802,593,593.75,583.2,586.95,11007
TCPLPACK,20210802,575,575,545.95,550.8,26392
TCS,20210802,3180,3224.9,3167,3219.4,2608669
TDPOWERSYS,20210802,195.05,198.6,195.05,196.9,35868
TEAMLEASE,20210802,4270.1,4290.55,4106.05,4143.4,33661
TECHIN,20210802,5.9,5.9,5.4,5.5,30101
TECHM,20210802,1210,1214,1195.55,1210.7,2385223
TECHNOE,20210802,305.5,319.5,303,309.5,402646
TEJASNET,20210802,269.35,269.35,269.35,269.35,22275
TEMBO,20210802,208.8,214.65,201.7,210.55,61286
TERASOFT,20210802,64.05,66.95,62.65,66.95,28973
TEXINFRA,20210802,62.85,67.4,62.85,63.8,164605
TEXMOPIPES,20210802,53.75,54.4,51.55,53.15,177654
TEXRAIL,20210802,35.95,38.95,35.7,38.35,3795205
TFCILTD,20210802,73.6,77.25,73.6,76.75,1070310
TFL,20210802,5.5,5.5,5.3,5.45,1184
TGBHOTELS,20210802,8.5,8.6,8.1,8.6,51003
THANGAMAYL,20210802,890,919.75,873.7,890.45,32022
THEINVEST,20210802,125,127.7,116.8,125.15,180353
THEMISMED,20210802,930.05,969.35,921,948.35,12845
THERMAX,20210802,1420,1431.2,1398.5,1404.75,55156
THOMASCOOK,20210802,61.3,62.5,61.15,61.3,269122
THOMASCOTT,20210802,17,18.45,17,18.35,1822
THYROCARE,20210802,1308.45,1334.05,1308.45,1325.25,254463
TI,20210802,39.75,41.5,39.5,40.45,144374
TIDEWATER,20210802,2956,3100,2956,2956,18894
TIIL,20210802,689.4,738,689.4,728.9,120271
TIINDIA,20210802,1118.15,1126.3,1093,1101.1,51306
TIJARIA,20210802,7.9,7.95,7.45,7.9,20736
TIL,20210802,185.95,186.35,183,184,2869
TIMESGTY,20210802,56.3,56.3,52.7,55,22548
TIMETECHNO,20210802,81.3,83.85,81.3,81.65,629305
TIMKEN,20210802,1558,1594.95,1526.95,1549.15,23781
TINPLATE,20210802,261.95,268.75,260,262.9,781980
TIPSINDLTD,20210802,1365.9,1366,1301,1348.8,11693
TIRUMALCHM,20210802,196,198.65,192.25,193.45,793991
TIRUPATIFL,20210802,77.4,77.4,77.4,77.4,916
TITAN,20210802,1728,1776,1725,1771.55,1718511
TMRVL,20210802,20,20.6,19.3,19.55,81969
TNPETRO,20210802,135.85,141,135.05,139.65,640609
TNPL,20210802,155,155.95,152.25,152.85,200959
TNTELE,20210802,18.2,18.2,18.2,18.2,9706
TOKYOPLAST,20210802,110,120,109.5,117,252390
TORNTPHARM,20210802,3088,3105,3058.1,3076.35,130297
TORNTPOWER,20210802,460.85,468.9,453.25,465.4,1621575
TOTAL,20210802,60.85,65.5,60.85,62.55,245427
TOUCHWOOD,20210802,116.65,116.65,116.65,116.65,31016
TPLPLASTEH,20210802,349.9,365.75,331.8,358,353634
TREEHOUSE,20210802,11.65,11.7,10.85,11.45,21911
TREJHARA,20210802,68.3,71.3,68,68.7,148235
TRENT,20210802,923.3,969,922.9,956.6,1342173
TRF,20210802,120.4,125.5,119.05,122.7,9677
TRIDENT,20210802,21.15,21.65,19.85,20.15,118328183
TRIGYN,20210802,159.9,160.95,154.05,155.45,139099
TRIL,20210802,33.6,34.65,33.5,33.65,159091
TRITURBINE,20210802,123.8,124.3,118.25,120.15,204567
TRIVENI,20210802,188.2,193,184.6,186.75,627066
TTKHLTCARE,20210802,796,796,763.3,772.05,20107
TTKPRESTIG,20210802,8853.1,8865,8650,8686.5,8053
TTL,20210802,66.75,69.4,65.45,69.4,69229
TTML,20210802,39.8,39.8,39.8,39.8,380837
TV18BRDCST,20210802,39.2,39.65,38.7,39.05,4250357
TVSELECT,20210802,196,198.2,189.4,194.05,113246
TVSMOTOR,20210802,585,586.85,570.2,572.2,2139088
TVSSRICHAK,20210802,2165,2200.9,2160.65,2187.25,7087
TVTODAY,20210802,294.05,297.95,292.7,293.65,69633
TVVISION,20210802,2.2,2.2,2.2,2.2,54771
TWL,20210802,80.65,93.55,80.3,92.25,8093955
UBL,20210802,1438.25,1450,1430.25,1440.7,245708
UCALFUEL,20210802,162.5,164.7,160.5,161.55,36519
UCOBANK,20210802,13.85,13.9,13.7,13.75,3523885
UFLEX,20210802,546.4,564,539,552.5,741561
UFO,20210802,107.55,114.4,105.8,111.1,3915997
UGARSUGAR,20210802,33.8,34.35,33,33.4,255562
UJAAS,20210802,3.05,3.05,3.05,3.05,768530
UJJIVAN,20210802,239.6,242.6,238.1,239.65,4469953
UJJIVANSFB,20210802,28.95,28.95,28.5,28.55,3336191
ULTRACEMCO,20210802,7622.05,7718.8,7621.3,7642.05,202451
UMANGDAIRY,20210802,89.8,89.8,83.9,85.9,77225
UMESLTD,20210802,4.25,4.25,4.25,4.25,1214
UNICHEMLAB,20210802,325,325,312.65,313.8,176423
UNIDT,20210802,369,401.8,363.95,397,449244
UNIENTER,20210802,135.4,136.9,133.2,133.9,30243
UNIONBANK,20210802,37.3,37.45,36.7,36.8,9441552
UNITEDTEA,20210802,439.9,439.9,421,425.3,6160
UNIVASTU,20210802,44.4,48,44.4,47.05,20117
UNIVCABLES,20210802,185.5,189.5,184.15,187.25,45695
UNIVPHOTO,20210802,276.55,298,276.55,293.5,5237
UPL,20210802,808.55,810.65,785.05,791.05,6205784
URJA,20210802,6.45,6.65,6.35,6.65,8121824
USHAMART,20210802,67.8,67.9,65.4,65.7,1230650
UTIAMC,20210802,1045,1061.65,1012.65,1051.2,403653
UTIBANKETF,20210802,35.09,35.09,34.53,34.93,14115
UTINEXT50,20210802,41.3,42.19,41,41.26,26259
UTINIFTETF,20210802,1667.3,1672.1,1648.95,1662.34,942
UTISENSETF,20210802,555.25,556.1,550,552.5,917
UTISXN50,20210802,44.82,46.16,43.6,45.92,5035
UTTAMSTL,20210802,5.2,5.25,5.1,5.15,1020683
UTTAMSUGAR,20210802,225.5,227.5,216,220.05,29930
V2RETAIL,20210802,123.2,126.6,123.2,125.55,30290
VADILALIND,20210802,1039.2,1251.5,1039.2,1242.95,379214
VAIBHAVGBL,20210802,855,860,806,812.9,352389
VAISHALI,20210802,40.05,40.4,39.5,40,32365
VAKRANGEE,20210802,37.35,38,36.4,36.55,2619265
VALIANTORG,20210802,1390,1421.25,1330,1338.8,94505
VARDHACRLC,20210802,67,71.45,63.3,69.35,1285709
VARDMNPOLY,20210802,28.5,28.5,28.5,28.5,52334
VARROC,20210802,341,342.3,338.05,339.45,68600
VASCONEQ,20210802,22,22.75,21.55,22.75,619339
VASWANI,20210802,13.6,14.4,13.6,13.9,74731
VBL,20210802,770,807.8,762,789.1,2755163
VEDL,20210802,303.1,319.55,300,313.25,26196659
VENKEYS,20210802,3108,3225,3102.05,3166.65,113337
VENUSREM,20210802,488,490.95,467,472.1,117067
VERTOZ,20210802,142,150.9,140.1,145.85,552210
VESUVIUS,20210802,1312,1357.9,1255,1270.95,66085
VETO,20210802,136,138.85,135,135.75,140838
VGUARD,20210802,250.9,253.5,246.15,246.8,1556627
VHL,20210802,3386.3,3460,3251,3321.55,1741
VIDHIING,20210802,343.5,361.95,335.05,339.75,1031864
VIJIFIN,20210802,1.85,1.85,1.85,1.85,88085
VIKASECO,20210802,2.15,2.3,2.1,2.25,15781305
VIKASLIFE,20210802,4.25,4.3,4.1,4.1,9945239
VIKASPROP,20210802,2.6,2.7,2.45,2.55,4136425
VIKASWSP,20210802,5.7,5.75,5.5,5.7,540424
VIMTALABS,20210802,324.35,324.35,315,316.15,113571
VINATIORGA,20210802,2001.6,2015,1920,1926.2,235315
VINDHYATEL,20210802,1440,1440,1362,1381.45,45650
VINEETLAB,20210802,114.9,114.9,109,109.9,41231
VINYLINDIA,20210802,157.95,166.4,157.45,162.2,328882
VIPCLOTHNG,20210802,22.6,24.55,22.25,24.55,518273
VIPIND,20210802,413.45,424.95,400,415.8,829400
VIPULLTD,20210802,39,39,35.9,36.55,81261
VISAKAIND,20210802,830,873.25,830,852.5,200054
VISASTEEL,20210802,13.35,13.35,13.35,13.35,26107
VISESHINFO,20210802,0.2,0.25,0.2,0.2,127277946
VISHAL,20210802,123.8,125.4,116.1,121.65,1077366
VISHNU,20210802,644.95,655,629.25,644.6,14508
VISHWARAJ,20210802,147,150.85,145.85,149.35,170376
VIVIDHA,20210802,0.95,0.95,0.9,0.95,8469688
VIVIMEDLAB,20210802,23.5,23.7,23.05,23.3,165346
VLSFINANCE,20210802,227.8,238.4,225.75,230.9,185436
VMART,20210802,3861.35,4050,3830,3958.1,69575
VOLTAMP,20210802,1558,1589,1547,1554.4,6400
VOLTAS,20210802,1068.9,1079.85,1050.5,1053.5,1268790
VRLLOG,20210802,306.85,312.95,304.45,305.25,180618
VSSL,20210802,263.9,273,260.1,269,355528
VSTIND,20210802,3470,3475.65,3320,3348.85,21423
VSTTILLERS,20210802,2055,2068.35,2025.55,2042.35,11009
VTL,20210802,1920,1941.1,1856.05,1872.4,145008
WABAG,20210802,369.8,398.6,369.6,393.6,2386514
WABCOINDIA,20210802,7350,7400,7252,7363.5,9796
WALCHANNAG,20210802,70,70.5,68.85,69.2,92033
WANBURY,20210802,85.65,87.3,83.95,85.25,14366
WATERBASE,20210802,126,129.5,124.5,126.6,361541
WEALTH,20210802,201,201,195,201,720
WEBELSOLAR,20210802,66.5,68.85,64.5,68.2,494078
WEIZMANIND,20210802,54.6,56.85,53.65,54.15,20695
WELCORP,20210802,140,141.2,137.5,137.9,1993345
WELENT,20210802,106.2,107,104.9,105.3,182411
WELINV,20210802,392.8,403.65,377,381.8,4369
WELSPUNIND,20210802,134.75,138.45,134.5,137.65,1898396
WENDT,20210802,4585.5,4669.75,4495,4516.85,2872
WESTLIFE,20210802,564.95,571.9,556,559.2,122810
WHEELS,20210802,865,913,865,904.1,130235
WHIRLPOOL,20210802,2208,2219.9,2166,2171.5,94618
WILLAMAGOR,20210802,22.8,23.3,21.9,22.05,11594
WINDMACHIN,20210802,39.2,39.2,38.25,38.55,112268
WIPL,20210802,64,64,60.05,63.5,1436
WIPRO,20210802,588.2,595.4,582.25,592.25,4623898
WOCKPHARMA,20210802,533.7,535,525,528.45,228295
WONDERLA,20210802,246,248.55,237.1,239.55,432471
WORTH,20210802,111.95,112,108.1,108.9,37393
WSI,20210802,4.5,4.55,4.45,4.55,588
WSTCSTPAPR,20210802,265.35,274.75,261.05,270.75,581647
XCHANGING,20210802,122.1,123.85,118,119.25,1420735
XELPMOC,20210802,417.15,433.35,409.25,419.45,8155
XPROINDIA,20210802,330,333,304.3,304.85,100621
YAARII,20210802,104.85,108,103,104.65,144042
YESBANK,20210802,12.85,12.9,12.7,12.75,92948479
ZEEL,20210802,204.15,204.25,201.75,202.45,5407707
ZEELEARN,20210802,15.75,16.1,15.65,15.7,2039492
ZEEMEDIA,20210802,12.15,12.15,11.7,11.75,1926417
ZENITHEXPO,20210802,82,87.7,82,87.45,4445
ZENITHSTL,20210802,1.35,1.35,1.3,1.3,69712
ZENSARTECH,20210802,419.65,420.8,407.05,410.35,839735
ZENTEC,20210802,94.6,95.4,93.5,93.95,336319
ZODIACLOTH,20210802,141.6,144.2,136.2,137.55,48264
ZODJRDMKJ,20210802,34.15,34.6,32.65,33.7,1591
ZOMATO,20210802,135.75,140.75,135.15,139.7,66909732
ZOTA,20210802,262.25,300.9,262.25,300.9,1343635
ZUARI,20210802,143.7,143.7,142.35,143.7,57178
ZUARIGLOB,20210802,166.1,166.1,157,159.15,78516
ZYDUSWELL,20210802,2160,2199,2135,2178.2,34172
NSENIFTY,20210802,15874.90,15892.90,15834.65,15885.15,244847433,0
NIFTYJUNIOR,20210802,39607.60,39757.20,39485.95,39721.35,293424261,0
NIFTYMIDCAPLIQ15,20210802,6425.20,6503.85,6410.35,6498.10,85625805,0
NSE100,20210802,16151.80,16174.95,16112.80,16166.95,538271694,0
NIFTY200,20210802,8453.60,8475.40,8435.50,8471.15,1357110213,0
NSE500,20210802,13759.80,13789.90,13732.85,13783.70,1946413673,0
NSEMIDCAP150,20210802,10574.30,10651.65,10567.60,10644.90,860409797,0
MIDCAP50,20210802,7704.10,7785.30,7688.05,7778.85,749507293,0
NSEMIDCAP,20210802,27984.45,28274.65,27973.55,28250.40,818838519,0
NSESMLCAP100,20210802,10609.40,10634.60,10578.15,10617.45,-,0
NIFTYLARGEMIDCAP250,20210802,-,-,-,9024.64,1398681491,0
NIFTYAUTO,20210802,10162.75,10190.30,10114.10,10183.45,50520670,0
BANKNIFTY,20210802,34760.90,34861.75,34588.25,34710.00,241611859,0
NIFTYFINSERVICE,20210802,16577.95,16603.45,16484.55,16539.55,103216861,0
NIFTYFMGC,20210802,36250.15,36385.45,36123.70,36199.95,32168125,0
NSEIT,20210802,30681.95,30832.30,30547.00,30803.00,18892340,0
NIFTYMEDIA,20210802,1808.25,1811.20,1783.10,1796.70,19508035,0
NIFTYMETAL,20210802,5815.65,5832.35,5752.70,5781.30,163342079,0
NIFTYPHARMA,20210802,14516.00,14588.65,14381.65,14474.95,28923287,0
NIFTYPVTBANK,20210802,18055.70,18130.95,17980.70,18036.65,251366393,0
NIFTYPSUBANK,20210802,2462.50,2478.85,2454.95,2461.90,162847907,0
NIFTYREALTY,20210802,400.65,420.75,400.10,417.75,58571706,0
NIFTYCOMMODITIES,20210802,5416.45,5459.65,5390.25,5448.00,255115274,0
NIFTYCONSUMPTION,20210802,6418.55,6430.80,6407.80,6424.15,52396614,0
NIFTYCPSE,20210802,2049.00,2052.10,2036.35,2045.75,85013146,0
NIFTYENERGY,20210802,19045.90,19252.45,18982.05,19229.15,168751621,0
NIFTY100ESG,20210802,-,-,-,3250.21,308554243,0
NIFTY100ENHESG,20210802,-,-,-,3268.65,294093032,0
NIFTYINFRA,20210802,4460.35,4503.30,4450.35,4500.00,246740924,0
NIFTYMNC,20210802,17883.20,17994.40,17866.00,17957.65,234129784,0
NIFTYPSE,20210802,3609.90,3638.15,3589.75,3632.25,287036084,0
NIFTYSMEEMERGE,20210802,-,-,-,2791.04,1514762,0
NIFTYSERVSECTOR,20210802,22080.90,22091.45,21981.55,22058.05,146555698,0
NIFTYSHARIAH25,20210802,-,-,-,6085.64,60812392,0
NIFTY50SHARIAH,20210802,-,-,-,3941.92,50687665,0
NIFTY500SHARIAH,20210802,-,-,-,4972.01,316488855,0
NIFTYABGROUP,20210802,-,-,-,5378.93,195712065,0
NIFTYMAHINDRA,20210802,-,-,-,14098.14,19348147,0
NIFTYTATA,20210802,-,-,-,11489.91,151906025,0
NIFTYTATA25CAP,20210802,-,-,-,9124.78,144360841,0
NIFTYABGROUP,20210802,-,-,-,5378.93,195712065,0
NIFTYLIQ15,20210802,4115.90,4125.85,4104.25,4113.95,104709609,0
NIFTY500VALUE50,20210802,-,-,-,5706.58,589713149,0
NIFTYQUALLOWVOL30,20210802,-,-,-,11642.94,66446038,0
NIFTYALPHAQUALLOWVOL30,20210802,-,-,-,13519.64,58938912,0
NIFTYALPHAQUALVALLOWVOL30,20210802,-,-,-,10302.08,68859204,0
NIFTY50EQUALWEIGHT,20210802,17981.90,18017.60,17932.60,18005.50,244847433,0
NIFTY100EQUALWEIGHT,20210802,19263.70,19323.50,19210.20,19312.10,538271694,0
NIFTY100LOWVOL30,20210802,12406.50,12415.90,12369.45,12397.70,102491918,0
NSEDEFTY,20210802,-,-,-,7403.86,-,0
NIFTY50DIVPOINT,20210802,100.57,100.57,100.57,100.57,-,0
NIFTYDIVOPPS50,20210802,3422.75,3435.00,3414.60,3432.30,311959381,0
NIFTYALPHA50,20210802,28792.30,28864.25,28687.30,28778.80,267371506,0
NIFTY50ARBITRAGE,20210802,-,-,-,1979.47,-,0
NIFTY50FUTINDEX,20210802,-,-,-,5153.54,-,0
NIFTY50FUTTRINDEX,20210802,-,-,-,16511.12,-,0
NIFTYHIGHBETA50,20210802,-,-,-,2034.97,858538731,0
NIFTYLOWVOL50,20210802,-,-,-,15728.17,114897460,0
NIFTY50VALUE20,20210802,8222.35,8248.05,8197.70,8241.35,110189010,0
NIFTYGROWSECT15,20210802,7515.85,7530.20,7491.45,7510.20,27796325,0
NIFTY50TR2XLEV,20210802,10203.10,10225.60,10156.90,10216.20,-,0
NIFTY50PR2XLEV,20210802,7547.30,7563.90,7513.10,7557.00,-,0
NIFTY50TR1XINV,20210802,238.90,239.45,238.60,238.75,-,0
NIFTY50PR1XINV,20210802,277.60,278.25,277.30,277.45,-,0
NIFTY-GS-COMPSITE,20210802,2316.05,2319.07,2316.05,2317.94,-,0
NIFTY-GS-4-8YR,20210802,2434.69,2437.03,2434.69,2435.98,-,0
NIFTY-GS-8-13YR,20210802,2262.22,2265.04,2262.22,2264.71,-,0
NIFTY-GS-10YR,20210802,2042.12,2043.80,2042.12,2043.25,-,0
NIFTY-GS-10YR-CLN,20210802,939.21,939.99,939.21,939.74,-,0
NIFTY-GS-11-15YR,20210802,2415.23,2419.38,2415.23,2418.06,-,0
NIFTY-GS-15YRPLUS,20210802,2592.40,2595.51,2592.40,2594.18,-,0
VIX,20210802,12.80,13.09,11.52,12.81,0,0
