20MICRONS,20210325,35,35.4,28.2,33.95,187328
21STCENMGM,20210325,15.3,15.3,14.7,14.7,20338
3IINFOTECH,20210325,7.2,7.5,7.05,7.15,13440993
3MINDIA,20210325,28102.05,28645.25,27948.05,28259.45,7040
3PLAND,20210325,8.25,8.65,8.2,8.4,1890
5PAISA,20210325,269.95,269.95,245,251.5,25080
63MOONS,20210325,74.2,75.2,69,70.15,102730
A2ZINFRA,20210325,4,4,3.75,3.8,433040
AAKASH,20210325,129.4,130.6,127,129.4,7910
AARON,20210325,57.9,57.9,56,56.1,884
AARTIDRUGS,20210325,732.45,737.45,711,715.05,828480
AARTIIND,20210325,1330,1360,1286,1315.6,1124256
AARTISURF,20210325,972.95,972.95,921.15,927.95,8973
AARVEEDEN,20210325,17.6,18.15,17.5,17.65,9897
AARVI,20210325,52.95,52.95,50.4,50.4,5874
AAVAS,20210325,2436,2436,2287.1,2319.65,235439
ABAN,20210325,32.55,33.35,31.1,31.6,132245
ABB,20210325,1375,1405,1330.2,1391.65,88150
ABBOTINDIA,20210325,14852,14993,14666.05,14893.35,23134
ABCAPITAL,20210325,116.85,120.25,112.5,117.95,4392651
ABFRL,20210325,194.9,196.5,189.5,194.25,1957147
ABMINTLTD,20210325,61.6,61.6,59.9,59.9,164
ABSLBANETF,20210325,335,335,319.1,331.32,6521
ABSLNN50ET,20210325,346.95,346.95,340.2,340.2,264
ACC,20210325,1909,1912,1841.7,1850,981995
ACCELYA,20210325,882,885.75,855.1,858.4,5562
ACCURACY,20210325,55.25,56.8,53.2,53.25,3670
ACE,20210325,155.95,155.95,144.5,146.25,524150
ACRYSIL,20210325,345,350,325.75,325.75,140855
ADANIENT,20210325,1032.95,1041.45,977,981.55,13139164
ADANIGREEN,20210325,1300,1300,1226.8,1226.8,436451
ADANIPORTS,20210325,711,712.35,683.15,688.25,16860086
ADANIPOWER,20210325,105.4,108.7,99.15,99.15,48575495
ADANITRANS,20210325,875,883.7,821.05,834.7,1218113
ADFFOODS,20210325,868,879.95,835,841.35,43678
ADHUNIKIND,20210325,19.6,19.6,18.6,18.95,11023
ADL,20210325,28.7,28.75,26.55,27.8,852
ADORWELD,20210325,308.15,308.15,295.35,299.95,22845
ADROITINFO,20210325,9.35,9.8,9.35,9.8,3470
ADSL,20210325,46.15,47.4,43.85,45.8,190591
ADVANIHOTR,20210325,59.2,61.7,58.3,60.35,24067
ADVENZYMES,20210325,343.8,345.95,333.4,340.25,213435
AEGISCHEM,20210325,283.3,292,277.25,287.75,261064
AFFLE,20210325,5367.2,5394.4,5101.25,5145.15,101034
AGARIND,20210325,159,163.85,153.55,156.7,7849
AGCNET,20210325,1166.2,1166.2,1126.15,1163.55,12318
AGRITECH,20210325,34.4,34.4,31.6,32.3,4023
AGROPHOS,20210325,13.65,14.2,13.55,13.55,67888
AHLADA,20210325,91.45,94.9,89.35,94.6,15762
AHLEAST,20210325,158.55,163.5,155.5,156.35,1922
AHLUCONT,20210325,312.35,312.35,304.7,309.25,70384
AHLWEST,20210325,222.55,223.5,202,207.95,4221
AIAENG,20210325,1869.6,1906,1851,1888.85,127163
AIRAN,20210325,16.6,16.6,15.65,16.15,95337
AJANTPHARM,20210325,1814.7,1814.75,1781.2,1799.6,115021
AJMERA,20210325,121,121,112.5,114.95,95413
AKASH,20210325,195,205,181.6,204.6,87454
AKG,20210325,77.5,77.5,77.5,77.5,292
AKSHARCHEM,20210325,237.05,237.05,231,233,10189
AKSHOPTFBR,20210325,5.85,6,5.7,5.75,478131
AKZOINDIA,20210325,2189.7,2197.15,2164.3,2190.7,25055
ALANKIT,20210325,15.2,15.65,14.85,14.85,61626
ALBERTDAVD,20210325,385.05,386.9,374,375.75,8923
ALEMBICLTD,20210325,109.1,109.2,101.1,102.15,1823970
ALICON,20210325,489,489,463.2,468.4,12225
ALKALI,20210325,47.2,47.75,45.75,46.7,9926
ALKEM,20210325,2575,2662.95,2575,2640.35,476707
ALKYLAMINE,20210325,5596.85,5627.85,5343.4,5474.4,79432
ALLCARGO,20210325,129.5,129.55,125.1,125.45,196514
ALLSEC,20210325,330,330,303.65,309.85,8107
ALMONDZ,20210325,30.5,30.5,28.1,28.95,9263
ALOKINDS,20210325,20.65,20.85,20.2,20.3,7966828
ALPA,20210325,38.05,38.05,36.5,37,28659
ALPHAGEO,20210325,190,192,183,184,13403
ALPSINDUS,20210325,1.8,1.8,1.75,1.75,4752
AMARAJABAT,20210325,854,857.2,837,845.1,680694
AMBER,20210325,3177.3,3177.3,2990,3002.8,156430
AMBIKCO,20210325,945,946,892,900.15,31863
AMBUJACEM,20210325,307,307.2,293,294.1,6506272
AMDIND,20210325,17.5,17.8,16.7,17.25,27653
AMJLAND,20210325,22.85,23,21.7,22.65,5360
AMRUTANJAN,20210325,536.9,543.55,525.05,531.55,103232
ANANTRAJ,20210325,55.9,55.9,53.15,54.1,666193
ANDHRACEMT,20210325,5.6,5.75,5.4,5.45,398711
ANDHRAPAP,20210325,229.65,234.1,224.05,226.2,33465
ANDHRSUGAR,20210325,301.05,307.9,293.35,294.9,55131
ANGELBRKG,20210325,308.35,309,298,301.55,40112
ANIKINDS,20210325,16.15,16.2,15.15,15.65,9456
ANKITMETAL,20210325,1.15,1.15,1.05,1.05,55974
ANSALAPI,20210325,6.65,6.65,6.4,6.4,103011
ANSALHSG,20210325,5.75,5.75,5.4,5.4,44390
ANUP,20210325,588.65,593.75,572.95,582.05,51667
ANURAS,20210325,511.5,518.8,491,494.75,2119014
APARINDS,20210325,454.9,456.5,437.05,441.45,48602
APCL,20210325,210.95,210.95,201.6,202.7,28025
APCOTEXIND,20210325,178,179.5,170.1,171.75,94926
APEX,20210325,212,213.75,205,206.85,93517
APLAPOLLO,20210325,1291.2,1304.75,1222,1290.6,276562
APLLTD,20210325,936,936,912,926.35,176893
APOLLO,20210325,98,98.1,92.15,94.35,158055
APOLLOHOSP,20210325,2927,2993,2787.5,2809.35,1001626
APOLLOPIPE,20210325,903.2,917.5,875,901.35,62883
APOLLOTYRE,20210325,222,223,212.5,219.05,7068613
APOLSINHOT,20210325,555,555,531.95,541.15,210
APTECHT,20210325,203.45,203.8,190.4,192.25,327770
ARCHIDPLY,20210325,32.4,32.4,30.4,31.1,10799
ARCHIES,20210325,11.05,11.25,10.85,10.95,39907
ARENTERP,20210325,12.1,12.1,11.35,11.75,333
ARIES,20210325,88,88,81.65,82.8,25268
ARIHANT,20210325,17.6,18.3,17.35,18,1430
ARIHANTSUP,20210325,33.45,34.75,33,33.45,27841
ARMANFIN,20210325,629.65,629.65,605,616.45,10228
AROGRANITE,20210325,43.3,43.3,40.4,40.6,80523
ARROWGREEN,20210325,71,72.8,68.15,70.35,5754
ARSHIYA,20210325,37.2,39.05,35.35,38.9,36661
ARSSINFRA,20210325,22.85,22.85,21,21.2,9280
ARTEMISMED,20210325,221.9,222,216.6,219,1862
ARVEE,20210325,50.3,50.3,50.3,50.3,200
ARVIND,20210325,68.35,68.65,63.1,64.35,1630318
ARVINDFASN,20210325,146.1,146.45,141.45,144.75,249411
ARVSMART,20210325,97,97,92.6,93,59742
ASAHIINDIA,20210325,290,300,289.5,290.4,54793
ASAHISONG,20210325,311.95,317.65,303.15,305.6,16571
ASAL,20210325,33.4,34,32.4,32.5,8909
ASALCBR,20210325,422,427.8,402,409.95,89086
ASHAPURMIN,20210325,102.25,103.8,96,100.15,321088
ASHIANA,20210325,124.5,132.7,122,128.3,110550
ASHIMASYN,20210325,14.9,15.3,14,15.15,275358
ASHOKA,20210325,97.55,98.7,92.25,94.15,977628
ASHOKLEY,20210325,112.45,112.7,107.25,109.8,35580407
ASIANHOTNR,20210325,63.8,66.45,60.05,61.7,22412
ASIANPAINT,20210325,2450.95,2469,2392,2402.2,2272545
ASIANTILES,20210325,155.4,156.6,150.45,152.85,409852
ASPINWALL,20210325,181.7,181.7,170.45,177.85,1644
ASTEC,20210325,1040.05,1040.05,1000.2,1011.4,30540
ASTERDM,20210325,139,139.2,132.85,135,215211
ASTRAL,20210325,1575.55,1590,1479,1516.4,319535
ASTRAMICRO,20210325,135.7,135.8,129.5,132.25,253053
ASTRAZEN,20210325,3135.25,3184.3,3093.35,3113,52210
ASTRON,20210325,44.35,44.35,41.4,42.05,28588
ATFL,20210325,794.3,797.15,748.4,785.15,13896
ATGL,20210325,943.4,954.25,864,881.75,2375912
ATLANTA,20210325,7.25,7.25,6.9,6.9,26279
ATUL,20210325,6975.25,7245,6850,7090.7,40117
ATULAUTO,20210325,182.1,182.45,176.3,178.75,67614
AUBANK,20210325,1229.95,1229.95,1135.1,1150.5,1213791
AURIONPRO,20210325,131.75,131.9,122.3,129.8,74793
AUROPHARMA,20210325,860.1,864.4,825.1,840.15,2706117
AUSOMENT,20210325,48.5,50,47.3,48.25,2832
AUTOAXLES,20210325,1129,1129,1066.05,1078.35,6800
AUTOIND,20210325,39.75,41.45,38.3,38.75,49453
AVADHSUGAR,20210325,190.35,194.45,182.45,184,117980
AVANTIFEED,20210325,445.45,445.45,428.35,431.15,272185
AVTNPL,20210325,44.35,44.7,42.9,43.35,89142
AWHCL,20210325,264,266.95,254,255.95,105441
AXISBANK,20210325,709.5,710.9,680,694.6,21179280
AXISBNKETF,20210325,329.54,335.31,325,334.19,2495
AXISCADES,20210325,42.5,44.4,41.65,42.4,62324
AXISGOLD,20210325,39.02,39.2,38.91,38.97,166248
AXISNIFTY,20210325,151.15,151.32,149,149.73,17077
AYMSYNTEX,20210325,45.5,45.75,43.2,44.9,27692
BAFNAPH,20210325,160.25,160.25,160.25,160.25,589
BAGFILMS,20210325,2.2,2.2,2.1,2.15,163853
BAJAJ-AUTO,20210325,3615,3615,3497,3501.6,808505
BAJAJCON,20210325,262.55,264.45,250,253.85,317571
BAJAJELEC,20210325,938,955,911.4,931.15,60184
BAJAJFINSV,20210325,9225,9250,8960.05,9057.55,382008
BAJAJHIND,20210325,6.35,6.65,6.15,6.2,8419787
BAJAJHLDNG,20210325,3410,3425.3,3201,3254.3,48418
BAJFINANCE,20210325,5280,5300,5103.15,5122.2,2343271
BALAJITELE,20210325,58.6,58.6,56.25,57.65,235509
BALAMINES,20210325,1730,1730,1652.1,1664.25,143631
BALAXI,20210325,551.65,563.05,519.6,525.9,3661
BALKRISHNA,20210325,20.4,22,20.35,20.6,11055
BALKRISIND,20210325,1625,1625,1587.1,1606.2,498779
BALMLAWRIE,20210325,130.7,131.9,126.15,128.1,540685
BALPHARMA,20210325,57.35,57.35,52.5,54.25,42300
BALRAMCHIN,20210325,218,222.4,202.1,206.5,4508574
BANARBEADS,20210325,50.5,50.5,43.95,46.65,17699
BANARISUG,20210325,1650,1668,1530.05,1562.9,1895
BANCOINDIA,20210325,144.5,144.5,139.5,140.15,130066
BANDHANBNK,20210325,359.05,361.65,343.6,349.95,8907893
BANG,20210325,27.9,29.05,26.55,28,4110
BANKA,20210325,62,62,57,57.55,10046
BANKBARODA,20210325,72,72.3,68,70.05,57493782
BANKBEES,20210325,336.14,338,326.77,333.04,1714479
BANKINDIA,20210325,72.4,72.65,67.75,69.25,7119787
BANSWRAS,20210325,104.15,105.05,100.25,101.2,8924
BASF,20210325,2050,2078.95,1975,1985.5,58676
BASML,20210325,60.5,64.1,59.85,61.95,29181
BATAINDIA,20210325,1450.15,1451.1,1402.65,1429.7,646909
BAYERCROP,20210325,5092.85,5095,4921.7,4980.9,34346
BBL,20210325,1101,1124.75,1100,1111.7,9468
BBTC,20210325,1154.65,1156.25,1109.65,1118.6,48415
BCG,20210325,8.4,8.4,8.05,8.05,1836415
BCLIND,20210325,110.4,110.4,103.25,104.35,46232
BCP,20210325,3.35,3.35,3.15,3.15,599254
BDL,20210325,344.5,344.9,331,333.25,147752
BEARDSELL,20210325,10,10,9.35,9.8,33794
BECTORFOOD,20210325,346,349.35,333.5,337.85,407440
BEDMUTHA,20210325,21.5,22.4,21.25,21.95,6129
BEL,20210325,122.65,123.35,115.85,119.25,20239483
BEML,20210325,1300,1300,1243.3,1264.5,650578
BEPL,20210325,145.6,146,140.1,140.8,648101
BERGEPAINT,20210325,741,744.45,729.15,734.55,1033223
BESTAGRO,20210325,438.55,442.7,412.65,418.9,5939
BFINVEST,20210325,276,278,267.2,271.45,9769
BFUTILITIE,20210325,254.4,254.6,241.2,243.1,183954
BGRENERGY,20210325,44.3,45.85,42.5,42.85,181895
BHAGERIA,20210325,158.7,163.05,156.5,157.75,65638
BHAGYANGR,20210325,40,42.8,39,42.8,34307
BHAGYAPROP,20210325,28.55,28.95,28.5,28.55,5515
BHANDARI,20210325,2.4,2.4,2.2,2.25,195957
BHARATFORG,20210325,580.2,587.45,568.3,570.55,2936971
BHARATGEAR,20210325,77.05,77.75,70.7,71.55,17737
BHARATRAS,20210325,9561.4,9571,9280.8,9378.55,1842
BHARATWIRE,20210325,36.4,36.4,34.35,34.85,17781
BHARTIARTL,20210325,523.4,523.65,499.55,507.75,17248482
BHEL,20210325,49.9,50,46.9,48.2,66287150
BIGBLOC,20210325,125,128.6,122.85,128.6,121311
BIL,20210325,159,162.65,152.55,155.4,5700
BINDALAGRO,20210325,16.85,16.85,15.8,16.05,81014
BIOCON,20210325,401.8,405.8,397.35,398.5,3411079
BIOFILCHEM,20210325,73.65,73.65,70,70,33575
BIRLACABLE,20210325,62.35,62.7,59.1,60.1,103446
BIRLACORPN,20210325,875.9,887.4,851.8,875.3,688781
BIRLAMONEY,20210325,42.2,42.4,40.95,41.15,116333
BIRLATYRE,20210325,24.35,24.5,23.3,23.65,170082
BKMINDST,20210325,0.95,0.95,0.9,0.9,93943
BLBLIMITED,20210325,6.45,6.45,6.4,6.45,5692
BLISSGVS,20210325,103,103.2,95.2,102.5,552708
BLKASHYAP,20210325,19.1,20,18.95,18.95,272137
BLS,20210325,101,101,92.4,95.55,209868
BLUECHIP,20210325,0.2,0.25,0.2,0.2,6102
BLUEDART,20210325,5050,5050,4825,4882.05,16568
BLUESTARCO,20210325,887.15,905,860,864.25,196354
BODALCHEM,20210325,90.3,93.5,86,89.35,1186016
BOMDYEING,20210325,72.3,72.7,69.3,70.95,1389623
BOROLTD,20210325,170,170.15,164.85,165.65,188582
BORORENEW,20210325,255.2,257.7,240,245.35,369175
BOSCHLTD,20210325,13950,13999.95,13590,13688,40457
BPCL,20210325,426.45,427.2,415.1,418.95,10449487
BPL,20210325,23.15,23.85,22.5,22.5,120632
BRFL,20210325,7.7,7.7,7.2,7.35,353149
BRIGADE,20210325,252.55,255.95,240.1,248.95,180324
BRITANNIA,20210325,3535,3564.8,3429,3443.85,486516
BRNL,20210325,30.25,30.25,28.9,29.4,87440
BROOKS,20210325,52,54.75,49.8,53,56654
BSE,20210325,559.3,562.15,535.5,540,376573
BSELINFRA,20210325,0.9,0.95,0.9,0.9,243312
BSHSL,20210325,131,135,131,133.75,2354
BSL,20210325,34.35,34.35,31.65,32.3,9571
BSLGOLDETF,20210325,4103.15,4129.95,4100.1,4111.75,126
BSLNIFTY,20210325,159.78,159.84,157.46,158.72,934
BSOFT,20210325,251.65,251.65,241.7,244.65,942604
BURGERKING,20210325,136.4,137,134,135.55,1766783
BURNPUR,20210325,2.25,2.35,2.25,2.3,36060
BUTTERFLY,20210325,545,545,518,525.25,49782
BVCL,20210325,19.45,19.45,18,18.65,2225
BYKE,20210325,20.25,20.25,18.2,18.35,132213
CADILAHC,20210325,430,431.6,417.6,420.2,2100000
CALSOFT,20210325,8.6,8.75,8.3,8.6,29147
CAMLINFINE,20210325,138.05,138.1,132.35,133.7,330028
CAMS,20210325,1850.95,1855,1757.9,1777.5,120258
CANBK,20210325,148.6,150.5,137.05,143.4,33493070
CANFINHOME,20210325,577.6,580,556.65,566.4,654222
CANTABIL,20210325,373.7,377,369.9,370.2,115709
CAPACITE,20210325,196.25,198.8,190,196.35,136235
CAPLIPOINT,20210325,427.5,431.45,411.65,413.95,134879
CAPTRUST,20210325,105.85,106.9,102.6,102.6,4309
CARBORUNIV,20210325,471.7,471.7,438.95,449.35,401210
CAREERP,20210325,141.8,143.05,135,136.2,18525
CARERATING,20210325,434.9,435.9,424.3,428.05,141210
CASTEXTECH,20210325,0.3,0.4,0.3,0.35,202293
CASTROLIND,20210325,121.45,123.45,120.5,122.7,1327877
CCCL,20210325,0.65,0.65,0.65,0.65,47354
CCHHL,20210325,4.35,4.35,4,4.2,52850
CCL,20210325,229.8,233.95,227,231.75,94079
CDSL,20210325,631.5,637.7,614.95,627.5,798637
CEATLTD,20210325,1515.2,1549.95,1455.5,1510.85,225032
CEBBCO,20210325,16.2,16.2,15.4,15.75,98578
CELEBRITY,20210325,6.2,6.2,5.75,5.95,13555
CENTENKA,20210325,250.8,250.85,227.3,244.45,193824
CENTEXT,20210325,4.15,4.15,3.8,3.9,88154
CENTRALBK,20210325,16.75,16.85,15.95,16.3,10147195
CENTRUM,20210325,27.9,28.9,27.5,28.15,5277516
CENTUM,20210325,401.45,403.15,381,387.1,1870
CENTURYPLY,20210325,300,302.3,285,300.3,88659
CENTURYTEX,20210325,484.75,487,463,469.15,441210
CERA,20210325,3650,3731,3601,3692.65,10101
CEREBRAINT,20210325,51.4,51.9,47.9,51.8,847976
CESC,20210325,604.9,605,590.9,596.35,215610
CGCL,20210325,353.9,355.8,339.3,347.7,48914
CGPOWER,20210325,69,70.2,65.25,67.1,5313538
CHALET,20210325,160.9,161,154,155.05,180065
CHAMBLFERT,20210325,226,227.5,223.05,225.8,664181
CHEMBOND,20210325,190.35,194.6,186.15,187.15,16180
CHEMCON,20210325,417.15,417.3,401.05,403.95,195975
CHEMFAB,20210325,128.2,128.2,123.55,124.8,2836
CHENNPETRO,20210325,101,101.35,94.6,95.85,665575
CHOLAFIN,20210325,551,552.8,525.5,537.5,3387697
CHOLAHLDNG,20210325,588.1,594.5,575,586.25,363069
CIGNITITEC,20210325,334,338.95,324,329,39749
CINELINE,20210325,35.05,35.35,33.5,33.65,34688
CINEVISTA,20210325,6,6,5.6,5.85,6719
CIPLA,20210325,796.9,802.3,783.3,787.25,5292130
CLEDUCATE,20210325,84.3,84.3,79.05,79.75,96863
CLNINDIA,20210325,375.25,385,371.3,376.05,55820
CMICABLES,20210325,49.5,49.5,46.55,47.9,32321
CNOVAPETRO,20210325,15.25,16.8,15.2,16,5468
COALINDIA,20210325,132,133.1,127.05,128.1,18629600
COCHINSHIP,20210325,355.05,355.95,347.45,351.15,149358
COFORGE,20210325,2838,2839.45,2725,2751.4,298289
COLPAL,20210325,1556,1564.5,1526,1530.25,682360
COMPINFO,20210325,17.9,18.25,17,17.3,244839
COMPUSOFT,20210325,8.9,8.9,8.5,8.75,32766
CONCOR,20210325,561.4,565,545.4,549.95,2464529
CONFIPET,20210325,43.15,43.85,39.8,40.8,1046572
CONSOFINVT,20210325,54.55,56,47.25,53.4,12976
CONTROLPR,20210325,260.5,262.95,236.7,245.8,24142
CORALFINAC,20210325,22.4,23.65,20.5,21.1,13601
CORDSCABLE,20210325,41.5,41.5,39.95,40.05,26112
COROMANDEL,20210325,756.9,757.25,742.05,752.85,234697
COSMOFILMS,20210325,582.7,604,563.9,591.8,100780
COUNCODOS,20210325,2,2.1,1.9,1.95,316499
CPSEETF,20210325,22.89,22.89,22.15,22.17,2140927
CRAFTSMAN,20210325,1359,1490,1350,1435.6,3479695
CREATIVE,20210325,103,120,96.6,101.65,127459
CREDITACC,20210325,682,692,658.85,664.55,84363
CREST,20210325,84.4,87,83.4,84.9,4808
CRISIL,20210325,1939.95,1947.3,1892,1922.8,13192
CROMPTON,20210325,368.65,374.6,358.05,367,1880209
CSBBANK,20210325,245,253,235,237.65,303404
CTE,20210325,30.5,30.5,28.45,29.05,9464
CUB,20210325,163.85,164.75,155.8,160.8,2878881
CUBEXTUB,20210325,18.6,18.6,17.4,18.35,11187
CUMMINSIND,20210325,868.5,872,829,855.55,1484307
CUPID,20210325,217.45,217.45,208.5,209.2,62684
CYBERMEDIA,20210325,9.75,10.75,9.75,9.75,29452
CYBERTECH,20210325,121.15,123,113.1,115.9,161155
CYIENT,20210325,665,667.3,638.65,650.7,976345
DAAWAT,20210325,58.65,58.95,56.2,56.75,1347956
DABUR,20210325,528,529.3,515,517.35,1569877
DALALSTCOM,20210325,1,1,1,1,45927
DALBHARAT,20210325,1582,1593.25,1500,1516.8,58991
DALMIASUG,20210325,171,184.65,168.05,175.9,662164
DAMODARIND,20210325,24.1,24.25,23,23.05,81832
DANGEE,20210325,130.95,131,128.7,129.5,16360
DATAMATICS,20210325,117.05,117.4,111.15,112.4,161710
DBCORP,20210325,91.9,92.1,88,89.45,170072
DBL,20210325,580.7,581.35,538.85,552.35,492957
DBREALTY,20210325,24.4,25.5,24.35,24.85,222163
DBSTOCKBRO,20210325,8.6,9.35,8.1,8.35,14811
DCAL,20210325,109.95,110,102.5,103.5,421861
DCBBANK,20210325,102.7,105.4,99.8,104.5,2043508
DCM,20210325,23.15,24.95,23.15,23.95,20607
DCMFINSERV,20210325,1.4,1.4,1.35,1.35,109
DCMNVL,20210325,92.5,96.55,88,88.4,27791
DCMSHRIRAM,20210325,496,519.25,492.6,502.2,99525
DCW,20210325,27.6,27.85,25.5,26.4,1303072
DECCANCE,20210325,406,408.45,390.8,398.3,35832
DEEPAKFERT,20210325,225.5,225.5,216,220.9,711552
DEEPAKNTR,20210325,1549.55,1553.45,1485,1534.15,1122154
DEEPENR,20210325,36.4,38.25,35.95,36.95,32743
DELTACORP,20210325,165.4,166,156.1,159.05,3468380
DELTAMAGNT,20210325,30.4,30.65,29.5,29.75,5149
DEN,20210325,56.45,56.55,53.85,54.4,384848
DENORA,20210325,253.25,255.95,247.1,248.6,9515
DFMFOODS,20210325,366.4,368.25,361,363.15,27383
DGCONTENT,20210325,7.5,7.8,7.15,7.2,125223
DHAMPURSUG,20210325,185.8,192,183.4,185.35,755199
DHANBANK,20210325,15.25,15.25,14.25,14.5,1030021
DHANI,20210325,241.15,243.85,209,217.3,4638483
DHANUKA,20210325,704,704,678,681.65,35288
DHARSUGAR,20210325,7,7.05,6.55,6.8,35616
DHFL,20210325,16.75,16.85,16.6,16.6,1601005
DHUNINV,20210325,276.35,287.95,265.3,270.55,4579
DIAMONDYD,20210325,618.05,631.7,605.1,610.2,3363
DICIND,20210325,396.05,399.5,391,391.15,5943
DIGISPICE,20210325,63.9,63.9,58.95,58.95,60249
DISHTV,20210325,9.75,9.8,9,9.25,8499514
DIVISLAB,20210325,3494,3494.1,3391,3450.2,738392
DIXON,20210325,3676,3676,3345.15,3593.3,998973
DLF,20210325,285,285.7,270,277,10184085
DLINKINDIA,20210325,101.5,102.75,98.65,99.25,225338
DMART,20210325,2875,2893,2775,2796,621113
DNAMEDIA,20210325,0.75,0.75,0.7,0.75,61397
DOLAT,20210325,67.2,67.5,64.8,66.35,474256
DOLLAR,20210325,240.9,240.9,230,231.1,45124
DONEAR,20210325,31.7,31.75,29.05,29.65,57870
DPABHUSHAN,20210325,112.1,116.95,112,114.75,6295
DPSCLTD,20210325,11.95,12.75,11.7,11.8,63917
DPWIRES,20210325,107,109.3,106,106.95,3039
DRCSYSTEMS,20210325,230.45,230.45,230.45,230.45,1800
DREDGECORP,20210325,373.6,374.6,352.5,354.25,142383
DRREDDY,20210325,4350,4402.15,4284.75,4380.55,941416
DSSL,20210325,72.3,72.85,68,69.6,82079
DTIL,20210325,261.65,272,258,260.6,4907
DUCON,20210325,7.4,7.4,6.9,6.9,87910
DVL,20210325,101.3,103.8,93,95.4,133525
DWARKESH,20210325,31.4,33.9,31,32.05,3866714
DYNAMATECH,20210325,827,828.8,804.75,813.1,11415
DYNPRO,20210325,470.25,474.5,459.65,467.55,23602
EASEMYTRIP,20210325,180.6,183.8,166.95,179.6,3022287
EASTSILK,20210325,1.5,1.55,1.45,1.5,15518
EBANK,20210325,3515.06,3787,3515.06,3590.29,10
EBBETF0423,20210325,1114.05,1115.5,1114.05,1114.6,1400
EBBETF0425,20210325,1024,1025,1021,1024.97,21213
EBBETF0430,20210325,1124.09,1128.99,1124.09,1128.91,25944
EBBETF0431,20210325,1012.26,1013.99,1009.1,1013.75,25593
EBIXFOREX,20210325,494.85,494.85,466.5,471.35,2353
ECLERX,20210325,1025,1025,977.95,1001.25,41707
EDELWEISS,20210325,77.6,77.6,73.75,73.75,1567947
EICHERMOT,20210325,2635.55,2651,2548,2580.45,1119611
EIDPARRY,20210325,336.75,342.55,325.5,327.85,189027
EIHAHOTELS,20210325,246.2,249.5,232,232.85,16075
EIHOTEL,20210325,98.8,98.8,93.6,96.05,906179
EIMCOELECO,20210325,332.5,374,318,331.15,4955
EKC,20210325,79.7,80.6,73.6,74.1,683232
ELECON,20210325,59.3,62,58.05,60.3,342280
ELECTCAST,20210325,24.1,24.15,23.55,23.9,310136
ELECTHERM,20210325,108.95,108.95,102.75,103.8,11529
ELGIEQUIP,20210325,186,186.45,175.05,180.05,84687
ELGIRUBCO,20210325,27.9,28.2,27,27.3,16543
EMAMILTD,20210325,472.8,478,455.3,464.1,198966
EMAMIPAP,20210325,135.1,137.8,123.1,128.85,99019
EMAMIREAL,20210325,48,48.75,45.15,45.2,63352
EMKAY,20210325,73.7,73.7,67.15,68.15,42853
EMMBI,20210325,86.4,87.75,79,81.05,116365
ENDURANCE,20210325,1465,1465,1375,1390.8,142924
ENERGYDEV,20210325,9.55,9.8,9.15,9.3,29748
ENGINERSIN,20210325,75.05,75.6,73.75,74.2,3318967
ENIL,20210325,153.65,153.65,146.3,151.1,101511
EPL,20210325,219.5,223.1,213.65,218.2,1266712
EQ30,20210325,429.75,429.75,429.75,429.75,9
EQUITAS,20210325,88,88.3,84.55,87.2,1483322
EQUITASBNK,20210325,59,60.6,57.15,60.05,1386397
ERIS,20210325,589.85,620.95,575.05,605.2,171565
EROSMEDIA,20210325,24.95,26,24.4,25.8,1113018
ESABINDIA,20210325,1822.05,1843.9,1793.1,1804.85,4053
ESCORTS,20210325,1320,1327.65,1260.8,1266.25,1120803
ESSARSHPNG,20210325,8.75,8.75,7.9,8.05,157170
ESTER,20210325,120.55,120.9,113.55,115.2,217510
EUROTEXIND,20210325,7.85,8.2,7.85,8.2,304
EVEREADY,20210325,265.35,268,256.25,257.55,264651
EVERESTIND,20210325,287.45,289.1,276,279.65,49907
EXCEL,20210325,2.55,2.65,2.45,2.45,41542
EXCELINDUS,20210325,846.05,856,838.05,843.05,10506
EXIDEIND,20210325,183.5,186.15,180,181.1,6261296
EXPLEOSOL,20210325,525.5,534.6,518.5,522,21689
FACT,20210325,110.9,110.9,103.1,104.05,323795
FAIRCHEMOR,20210325,635,641.55,627,629.6,23392
FCL,20210325,60.7,61.25,57.1,58.75,546764
FCONSUMER,20210325,6.95,6.95,6.5,6.75,4989887
FCSSOFT,20210325,0.75,0.75,0.65,0.7,1593749
FDC,20210325,282,282,269.5,272.4,211025
FEDERALBNK,20210325,75.2,77.4,72.6,76.3,31628783
FEL,20210325,9.25,9.3,8.65,8.9,1462968
FELDVR,20210325,10.85,11.3,10.75,10.85,34687
FIEMIND,20210325,574.75,574.75,545.7,551.3,23440
FILATEX,20210325,65.9,65.9,63.35,64.05,306183
FINCABLES,20210325,374.5,374.95,365.9,371.5,151313
FINEORG,20210325,2221,2266.8,2200,2229.8,24308
FINPIPE,20210325,610,623.9,601.5,612,114553
FLEXITUFF,20210325,19.85,20.8,18.9,19.5,13771
FLFL,20210325,62.15,62.15,57.05,57.65,517040
FLUOROCHEM,20210325,586,586,569.15,573.15,34027
FMGOETZE,20210325,293.85,293.85,276.1,281,12169
FMNL,20210325,14,14.3,13.85,13.85,40474
FORCEMOT,20210325,1212.45,1212.45,1169.55,1176.15,17958
FORTIS,20210325,209.3,211.8,195.55,199.85,5749238
FOSECOIND,20210325,1177.3,1180,1134,1149.2,1409
FRETAIL,20210325,54.6,54.65,50.75,51.35,4596655
FSC,20210325,77,77,73.6,73.6,84499
FSL,20210325,114.5,115.2,107.65,109.85,4524937
G5,20210325,47.47,47.51,47.31,47.4,331
GABRIEL,20210325,107.6,108.1,104,107.2,357145
GAEL,20210325,134.8,134.8,126.5,128,140174
GAIL,20210325,131.05,132.9,127.45,128,20151971
GAL,20210325,2.1,2.1,1.95,2,235816
GALAXYSURF,20210325,2364.45,2395,2340,2381.9,15973
GALLANTT,20210325,44.3,45,43.15,44.1,33781
GALLISPAT,20210325,37.9,37.9,36.1,36.45,20442
GAMMNINFRA,20210325,0.75,0.75,0.7,0.75,831002
GANDHITUBE,20210325,275,275,266.5,270.8,10833
GANECOS,20210325,577,577,541.15,567.2,59132
GANESHHOUC,20210325,58.55,60.75,57.45,57.85,66154
GANGESSECU,20210325,60.45,61.75,58.05,60.3,4229
GARFIBRES,20210325,2460,2460,2376.65,2409.05,7518
GATI,20210325,104.1,105.25,100,101.2,506919
GAYAHWS,20210325,0.65,0.65,0.6,0.6,513063
GAYAPROJ,20210325,34.15,34.15,31.05,31.8,1009816
GBGLOBAL,20210325,6.85,7.35,6.85,7.35,813
GDL,20210325,181.8,182.4,171,172.2,60410
GEECEE,20210325,103.7,104.1,98.75,103.55,21607
GEEKAYWIRE,20210325,77.65,79.45,74.2,78.85,15594
GENCON,20210325,47,47.95,43.55,44.3,10068
GENESYS,20210325,111.3,115.6,109.85,109.85,8457
GENUSPAPER,20210325,7.6,7.6,7.15,7.35,190378
GENUSPOWER,20210325,48.65,48.65,46,46.95,216929
GEOJITFSL,20210325,51.35,51.9,48.2,49.45,351307
GEPIL,20210325,271.95,273.75,262.3,269,90601
GESHIP,20210325,311.8,321,303.05,316,190076
GET&D,20210325,119.6,119.6,112.4,114.5,148589
GFLLIMITED,20210325,108.25,113.5,104.6,108.35,879897
GFSTEELS,20210325,1.95,1.95,1.95,1.95,352
GHCL,20210325,224.35,224.95,215.55,222.55,180632
GICHSGFIN,20210325,117.4,118.15,113.4,115.1,234233
GICRE,20210325,213.85,214.9,203.1,204.5,574343
GILLANDERS,20210325,41.9,42.7,40.95,41.1,7853
GILLETTE,20210325,5577,5577,5438.55,5541.6,8284
GINNIFILA,20210325,20.5,21.55,19.9,20.9,180202
GIPCL,20210325,76.25,78,73.55,74.4,253971
GISOLUTION,20210325,2.9,2.9,2.9,2.9,3038
GKWLIMITED,20210325,502.95,512,502,506.9,1794
GLAND,20210325,2489,2505.25,2365,2450.6,166985
GLAXO,20210325,1402,1416,1376,1402.6,41719
GLENMARK,20210325,459.5,463,442.05,443.95,1114724
GLFL,20210325,2.65,2.75,2.55,2.55,18521
GLOBAL,20210325,43.65,43.65,40.7,42.15,2696
GLOBE,20210325,47.8,50,47.8,50,7
GLOBUSSPR,20210325,324,326,315,317.35,70898
GMBREW,20210325,425,425,409,413.3,14334
GMDCLTD,20210325,56,56.2,53.6,54.15,894786
GMMPFAUDLR,20210325,4208.9,4227,4058,4161.95,57174
GMRINFRA,20210325,24.75,24.9,23.5,23.9,30681803
GNA,20210325,369,371.65,356.65,359.8,48047
GNFC,20210325,302.9,302.9,278.7,281.8,1913702
GOACARBON,20210325,281,284.9,266,273.05,27837
GOCLCORP,20210325,227.25,227.75,221.5,222.95,5430
GODFRYPHLP,20210325,894,894.05,873,877.9,46836
GODHA,20210325,45.85,45.85,45.75,45.75,36
GODREJAGRO,20210325,490.8,495.2,482,485.35,102580
GODREJCP,20210325,687,690.7,675.65,679.8,1554830
GODREJIND,20210325,523,535,512.55,525,293976
GODREJPROP,20210325,1395.95,1400,1322.5,1332.1,1236673
GOKEX,20210325,79.85,80.4,76,76.5,171013
GOKUL,20210325,19.5,20.2,18.75,18.9,77353
GOKULAGRO,20210325,20.2,21.8,19.9,20.35,325208
GOLDBEES,20210325,39.08,39.18,38.86,38.89,8077132
GOLDENTOBC,20210325,43.9,43.9,39.2,41.75,5473
GOLDIAM,20210325,332.8,339,311.95,333.25,57429
GOLDSHARE,20210325,42,43,40.25,40.45,711063
GOLDTECH,20210325,10.05,10.05,10.05,10.05,4760
GOODLUCK,20210325,64.8,65,61.5,64.25,52882
GOODYEAR,20210325,902,902,882.75,892.95,10938
GPIL,20210325,692.15,742.5,664.05,712.85,398437
GPPL,20210325,97.1,97.9,94.05,94.9,417811
GPTINFRA,20210325,36.9,37.85,35.6,36.75,233870
GRANULES,20210325,320.5,321.8,304,305.1,3153100
GRAPHITE,20210325,491.35,492.9,447,474.05,2113795
GRASIM,20210325,1383.5,1400.45,1353.6,1372.75,2165870
GRAVITA,20210325,99,99,90,92.05,207260
GREAVESCOT,20210325,127,129.45,117.55,125.4,2678441
GREENLAM,20210325,915.05,924.95,914.8,918.65,3739
GREENPANEL,20210325,159.7,161.75,150.35,154.95,1627710
GREENPLY,20210325,172.2,172.2,158.9,169.3,300198
GREENPOWER,20210325,2.05,2.05,2,2,683246
GRINDWELL,20210325,873,886.3,845.15,851.35,22741
GROBTEA,20210325,827.95,856,805.1,805.1,762
GRPLTD,20210325,872.05,883.15,825.55,835.95,709
GRSE,20210325,193.3,193.3,185,186.8,113098
GSCLCEMENT,20210325,34.85,34.9,32.5,33.1,180999
GSFC,20210325,84.35,84.85,80.05,80.95,1007480
GSPL,20210325,269.6,271.9,261.2,264,849079
GSS,20210325,53.7,54.3,48,50.35,120179
GTL,20210325,6.1,6.1,5.8,5.85,129843
GTLINFRA,20210325,0.75,0.75,0.7,0.7,7680191
GTPL,20210325,114,115.9,110,111.8,68603
GUFICBIO,20210325,105.55,106.9,99,100.45,123231
GUJALKALI,20210325,338.8,340.95,334.35,335.5,91774
GUJAPOLLO,20210325,209.45,209.5,196.35,201.35,6607
GUJGASLTD,20210325,510.9,515.2,495.8,511.85,953573
GUJRAFFIA,20210325,53.95,53.95,53.95,53.95,393
GULFOILLUB,20210325,746.05,753.85,719.85,721.2,9705
GULFPETRO,20210325,39.65,39.65,37.05,37.95,50388
GULPOLY,20210325,92.45,93.35,89,91.2,71168
HAL,20210325,1001.95,1008.95,973,982.75,248553
HAPPSTMNDS,20210325,541.85,542.85,513.35,517.75,1351628
HARITASEAT,20210325,747,748,702,726.75,15840
HARRMALAYA,20210325,139.6,141.9,133.15,137.1,197097
HATHWAY,20210325,29.5,29.5,28.1,28.6,421773
HATSUN,20210325,729.95,735,715,721.4,11384
HAVELLS,20210325,1026.85,1035.7,1015,1026.15,1383782
HAVISHA,20210325,0.8,0.8,0.7,0.75,47857
HBANKETF,20210325,325,336,324.15,333.91,15535
HBLPOWER,20210325,35.15,35.7,32.6,33.85,637649
HBSL,20210325,17.15,18.6,17.1,17.1,1447
HCC,20210325,7.7,7.8,7.45,7.5,3324399
HCG,20210325,174.95,174.95,167.5,172.75,65176
HCL-INSYS,20210325,9.05,9.15,8.6,8.75,608865
HCLTECH,20210325,970,974.5,950,957.05,4879437
HDFC,20210325,2488,2491.6,2431.1,2470.75,4759214
HDFCAMC,20210325,2845,2845,2782.9,2808,228820
HDFCBANK,20210325,1490.2,1495.55,1450.25,1463.35,11982178
HDFCLIFE,20210325,676.5,677.55,662,667,2743208
HDFCMFGETF,20210325,40.19,40.19,39.78,39.88,2514205
HDFCNIFETF,20210325,154.52,155,151.95,152.77,41675
HDFCSENETF,20210325,536,536,519.5,526.36,3454
HEG,20210325,1545,1548.9,1408.65,1424.2,635128
HEIDELBERG,20210325,236.5,236.5,227,232.05,262719
HEMIPROP,20210325,143.2,143.2,135.35,136.45,670481
HERANBA,20210325,630.2,640.9,627,628.95,504307
HERCULES,20210325,114.95,115.3,108.05,110.55,45855
HERITGFOOD,20210325,298.3,302.9,289.4,292.35,92458
HEROMOTOCO,20210325,3033.1,3049.6,2927.1,2941.65,1075251
HESTERBIO,20210325,2044.9,2103.75,1901,2007.3,30464
HEXATRADEX,20210325,66.85,68.95,63.6,67.4,13153
HFCL,20210325,26.65,26.75,25.3,25.5,3807233
HGINFRA,20210325,280,288.05,279.15,280.2,164185
HGS,20210325,1472,1549,1371.05,1477.45,129254
HIKAL,20210325,148.05,149.05,143.1,144.3,306021
HIL,20210325,2955,2975,2800,2848.1,9374
HILTON,20210325,9.7,9.85,9.3,9.3,7911
HIMATSEIDE,20210325,150.2,150.25,139.6,142.95,188136
HINDALCO,20210325,319.05,319.9,305.4,314,20856373
HINDCOMPOS,20210325,282,282,269.8,270.65,3208
HINDCOPPER,20210325,123.45,127.55,119,122.35,2682657
HINDMOTORS,20210325,6.45,6.8,6.4,6.5,96305
HINDNATGLS,20210325,34.85,34.85,32,32.3,90853
HINDOILEXP,20210325,96,97.25,91.2,92.35,556563
HINDPETRO,20210325,233,234.75,225.9,227.25,8212766
HINDUNILVR,20210325,2318.6,2322,2231.05,2237.05,2495833
HINDZINC,20210325,268,269.8,261,266.7,1011565
HIRECT,20210325,128.95,128.95,122,123.5,17293
HISARMETAL,20210325,99.9,100.95,91.25,92.6,42448
HITECH,20210325,384,389.35,364.2,365.35,76600
HITECHCORP,20210325,117.65,121.25,117.65,118,4730
HITECHGEAR,20210325,181.85,182,175,175.75,12079
HLEGLAS,20210325,2385,2423.15,2301.7,2304.05,9078
HLVLTD,20210325,6.05,6.05,5.55,5.9,254142
HMVL,20210325,63.6,63.6,58,59.85,49552
HNDFDS,20210325,2076.15,2147,2002.5,2027.45,9454
HNGSNGBEES,20210325,354.79,354.79,343,346.35,2975
HOMEFIRST,20210325,459.7,467.2,456.05,465.7,323493
HONAUT,20210325,44710,44900,43693.5,44600.55,6548
HONDAPOWER,20210325,997.4,997.4,971.25,981.3,6893
HOVS,20210325,61.75,61.95,57,61.95,56449
HPL,20210325,54,55.5,52.25,52.25,59127
HSCL,20210325,42.55,42.65,41.1,41.7,4465234
HSIL,20210325,159.65,159.65,147.15,149.6,170269
HTMEDIA,20210325,21.55,22,20.6,21.5,133735
HUBTOWN,20210325,16.2,17.45,15.95,16.4,28157
HUDCO,20210325,46,46.5,44.05,44.35,2139674
HUHTAMAKI,20210325,276.1,285,274.55,280.05,39641
IBMFNIFTY,20210325,151.6,153,144,144.52,886
IBREALEST,20210325,84.95,85.2,81.4,82.65,12478099
IBULHSGFIN,20210325,203.5,203.9,193.6,195.6,21311729
ICEMAKE,20210325,71.9,71.9,66.1,66.2,12731
ICICI500,20210325,203,203,196,197.2,127360
ICICIALPLV,20210325,144.7,144.7,137.29,137.68,1919
ICICIB22,20210325,36.09,36.09,34.65,35.01,223065
ICICIBANK,20210325,568.1,579,557.1,571.55,27170186
ICICIBANKN,20210325,339,339,322.48,328.72,7388
ICICIBANKP,20210325,179,179,171.7,175.26,85649
ICICIGI,20210325,1404,1413.55,1377.55,1388.25,506945
ICICIGOLD,20210325,43.6,43.6,39.71,39.98,716527
ICICILIQ,20210325,999.95,1000,999.95,999.99,56303
ICICILOVOL,20210325,119.47,119.47,115,115.39,74813
ICICIM150,20210325,90.2,90.2,86.83,87.57,26790
ICICIMCAP,20210325,87.65,89.7,83.5,83.89,30508
ICICINF100,20210325,162.9,162.9,155.51,156.78,22099
ICICINIFTY,20210325,178.3,178.3,152.25,153.04,977846
ICICINV20,20210325,78.6,79,75.62,76.06,21843
ICICINXT50,20210325,35.58,35.58,34,34.18,39684
ICICIPRULI,20210325,431.9,438.95,425.65,430.05,2524740
ICICISENSX,20210325,530.95,530.95,522,523.64,2706
ICICITECH,20210325,250.2,265.8,237.2,251.82,458299
ICIL,20210325,122.15,126.85,119.15,121,323746
ICRA,20210325,3550,3870,3511,3580.05,166441
IDBI,20210325,37.9,38.5,35.9,37.95,24779059
IDBIGOLD,20210325,4159,4192.4,4136.5,4170.6,81
IDEA,20210325,9.75,9.8,8.8,8.9,585923023
IDFC,20210325,49.9,49.9,47.35,48.25,6518182
IDFCFIRSTB,20210325,58.7,58.75,56,57.2,49179913
IDFNIFTYET,20210325,156.87,156.87,149.05,149.67,356
IEX,20210325,352.5,353,328.25,332.85,4325126
IFBAGRO,20210325,381.2,383.4,367.7,370.75,10120
IFBIND,20210325,1012.4,1016,970.75,985.75,74655
IFCI,20210325,13.3,13.35,12.65,12.65,4064830
IFGLEXPOR,20210325,317,319,296.55,306,97282
IGARASHI,20210325,282.4,283,267,268.25,155631
IGL,20210325,513,515.35,500.3,502.45,2125446
IGPL,20210325,415,419.95,401.2,415.8,63519
IIFL,20210325,297.15,308,282.3,282.75,350877
IIFLSEC,20210325,48.2,48.95,46,46.5,381290
IIFLWAM,20210325,1215,1215,1176.85,1198.2,16500
IITL,20210325,55,56.6,49.35,50.9,2024
IMAGICAA,20210325,7.4,7.4,7.1,7.1,65442
IMFA,20210325,442.65,460,436.2,447.4,29115
IMPAL,20210325,704.9,704.9,692,694.05,1781
IMPEXFERRO,20210325,1,1,1,1,500
INDBANK,20210325,13.1,13.25,12.3,12.55,64804
INDHOTEL,20210325,108.2,108.8,102.7,102.95,5550177
INDIACEM,20210325,165.95,166.65,161.5,162.45,1110222
INDIAGLYCO,20210325,447.4,464.35,437.3,442.8,319998
INDIAMART,20210325,7865.05,7980,7625,7787.45,130461
INDIANB,20210325,119.9,120,112.3,116.1,2003451
INDIANCARD,20210325,138.9,138.9,130.95,131.25,1056
INDIANHUME,20210325,175.55,175.55,168.7,171.05,45007
INDIGO,20210325,1727,1742,1650,1663.55,1428198
INDIGOPNTS,20210325,2340,2350,2281,2290.7,39885
INDLMETER,20210325,13.7,14.45,13.65,14.45,891
INDNIPPON,20210325,370.65,371.1,356,367,97774
INDOCO,20210325,282.35,283.95,276,281.35,64223
INDORAMA,20210325,37.6,37.65,36,36.7,23404
INDOSTAR,20210325,323.5,323.65,315.6,317.95,21411
INDOTECH,20210325,91.25,91.25,86.5,88.3,17632
INDOTHAI,20210325,52.4,52.4,49.6,51.05,17459
INDOWIND,20210325,4.1,4.25,3.95,3.95,24001
INDRAMEDCO,20210325,55,55.05,52.8,53.2,171148
INDSWFTLAB,20210325,75.35,75.85,72.75,73.9,64147
INDTERRAIN,20210325,30.35,30.35,28.5,28.9,107998
INDUSINDBK,20210325,958.7,970,928.85,957.8,7614686
INDUSTOWER,20210325,249.45,250,239.75,241.15,1744243
INEOSSTYRO,20210325,950,950,922,939.25,32559
INFIBEAM,20210325,46.55,47,44.9,46.3,9615942
INFOBEAN,20210325,142.3,142.3,138,139.6,18718
INFOMEDIA,20210325,3.3,3.5,3.3,3.3,11630
INFRABEES,20210325,423,427,415.01,419.48,913
INFY,20210325,1346.75,1352.5,1327.6,1333.8,8749994
INGERRAND,20210325,688,688.75,668.85,674.1,13580
INOXLEISUR,20210325,302.3,325,290.8,303.9,579106
INOXWIND,20210325,79,79,71.15,72.75,512356
INSECTICID,20210325,475.85,484,471.1,478.3,68425
INSPIRISYS,20210325,40.5,42.45,40.4,42.05,3039
INTELLECT,20210325,664.7,664.7,588,616.6,962074
INTENTECH,20210325,34.5,34.5,31.2,31.8,67316
INVENTURE,20210325,30,30.3,28.65,29.05,266608
IOB,20210325,16.85,16.9,15.6,16.1,9983421
IOC,20210325,94.35,94.7,90.45,90.9,27910375
IOLCP,20210325,589,596.45,565,570.15,675423
IPCALAB,20210325,1840.2,1878.9,1839.8,1854.9,287901
IRB,20210325,109.2,109.2,103.1,104.1,1470330
IRCON,20210325,84,84.15,80,80.45,2822291
IRCTC,20210325,1769,1769,1705,1721.85,2167692
IRFC,20210325,23.45,23.55,22.9,22.95,19233029
IRISDOREME,20210325,85.5,89.55,82.85,89.2,10678
ISEC,20210325,401,405.85,395,397,599395
ISFT,20210325,71.95,73.05,67.3,69.7,36106
ISMTLTD,20210325,10.7,11.45,10.7,10.9,149435
ITC,20210325,215.15,215.95,209.05,211.6,40681282
ITDC,20210325,370,373.05,350,354.75,131502
ITDCEM,20210325,78.7,78.7,75.15,75.7,369127
ITI,20210325,116,116.65,111.65,113.15,568391
IVC,20210325,4,4,3.8,3.95,118769
IVP,20210325,110,110,103.75,103.75,2680
IVZINGOLD,20210325,4089.9,4138.15,4020.4,4086,39
IVZINNIFTY,20210325,1568.95,1568.95,1544.9,1547.51,12
IZMO,20210325,52.15,52.65,49.35,49.55,37346
J&KBANK,20210325,26.55,26.55,25.2,25.8,2305790
JAGRAN,20210325,59.1,59.6,57.6,58.85,393151
JAGSNPHARM,20210325,81,83.55,77.3,79.75,340576
JAIBALAJI,20210325,35.25,38.7,35.25,37.25,25155
JAICORPLTD,20210325,87,87,83.4,84.2,826365
JAMNAAUTO,20210325,71,71,67.2,67.95,841009
JASH,20210325,299.95,299.95,284,286.55,14783
JAYAGROGN,20210325,141.25,141.25,135.05,137.1,27473
JAYBARMARU,20210325,225,227.4,216.6,219,12718
JAYNECOIND,20210325,10.15,10.2,9.65,9.65,214019
JAYSREETEA,20210325,67.5,68.55,65.4,67.1,216796
JBCHEPHARM,20210325,1265,1318,1212.25,1227.35,648367
JBFIND,20210325,13.5,14,13.1,13.45,938847
JBMA,20210325,420.3,430.25,411.1,415.65,27330
JCHAC,20210325,2622.35,2622.35,2500,2517.65,15009
JHS,20210325,21.15,21.25,19.7,20.5,104796
JIKIND,20210325,0.55,0.55,0.5,0.5,1050
JINDALPHOT,20210325,70.9,70.9,70.9,70.9,22566
JINDALPOLY,20210325,746.4,746.4,708.9,713.65,126513
JINDALSAW,20210325,72.1,72.65,70.15,71.4,889866
JINDALSTEL,20210325,306.5,313.7,297.25,309.25,12384761
JINDRILL,20210325,93.05,93.5,90.5,93.1,59141
JINDWORLD,20210325,50.9,51.7,49.05,49.8,169059
JISLDVREQS,20210325,13.15,13.4,12.6,12.95,408612
JISLJALEQS,20210325,20,20,19.05,19.1,3228372
JITFINFRA,20210325,7.85,7.85,7.35,7.4,10312
JIYAECO,20210325,5.4,5.55,5.3,5.3,62391
JKCEMENT,20210325,2765.6,2928.6,2703.65,2777.55,17505
JKIL,20210325,206.05,207.9,198.65,205.9,412691
JKLAKSHMI,20210325,401,408.7,385,390.75,165306
JKPAPER,20210325,151,151.8,143.75,146.05,1331990
JKTYRE,20210325,113,113.6,108.5,109.35,671765
JMA,20210325,31.05,31.7,30,30.65,6387
JMCPROJECT,20210325,75.65,76.1,71.4,73.4,110821
JMFINANCIL,20210325,89.5,89.5,86.35,87.15,633857
JMTAUTOLTD,20210325,2.65,2.65,2.5,2.55,386775
JOCIL,20210325,149.95,151,144.25,145.15,7684
JPASSOCIAT,20210325,7.8,7.85,7.3,7.3,6781428
JPINFRATEC,20210325,1.65,1.65,1.65,1.65,261328
JPPOWER,20210325,2.95,2.95,2.8,2.95,44212049
JSL,20210325,66.55,66.95,64.1,65.7,671578
JSLHISAR,20210325,117.9,117.9,114.1,115.2,254961
JSWENERGY,20210325,84.5,84.65,81.1,83.65,2751111
JSWHL,20210325,3713.95,3713.95,3460.2,3494.95,740
JSWISPL,20210325,25.75,25.75,23.85,23.9,294784
JSWSTEEL,20210325,437.05,442.2,428.5,438,10870751
JTEKTINDIA,20210325,86.5,86.75,83.65,84.25,159001
JUBLFOOD,20210325,2978,2984.95,2810,2824.65,1483038
JUBLINDS,20210325,191.55,194,184.55,185.95,11198
JUBLINGREA,20210325,267.35,267.35,267.35,267.35,64156
JUBLPHARMA,20210325,685,685.75,634.1,669.25,328021
JUMPNET,20210325,9.8,9.8,9.8,9.8,63399
JUNIORBEES,20210325,368,368,350.51,351.5,101877
JUSTDIAL,20210325,904.65,916.6,840.05,858.45,1619885
JYOTHYLAB,20210325,140.05,140.85,137.8,138.25,179243
KABRAEXTRU,20210325,195.5,196,183,185.45,201731
KAJARIACER,20210325,876.25,904.75,860.1,899.3,506744
KAKATCEM,20210325,170.05,171.6,164.1,165.4,16051
KALPATPOWR,20210325,378.1,378.15,367,368.05,87672
KALYANIFRG,20210325,192,197.95,186.9,190.5,1375
KAMATHOTEL,20210325,32,32.05,31.1,31.5,24011
KAMDHENU,20210325,136,136,130.1,134.05,40031
KANANIIND,20210325,4.7,4.7,4.3,4.3,9883
KANORICHEM,20210325,86.1,87.15,83.4,83.75,18486
KANPRPLA,20210325,145,145,138.9,143.55,14286
KANSAINER,20210325,560,560,543.95,554.35,64838
KAPSTON,20210325,94.95,102.75,93.2,101.9,1127
KARDA,20210325,114.5,114.75,111,112.7,33951
KARMAENG,20210325,13.45,14.05,12.9,13.85,5418
KARURVYSYA,20210325,56.2,56.55,53.1,54.45,1259051
KAUSHALYA,20210325,1.75,1.75,1.7,1.7,4738
KAYA,20210325,280.1,291.95,263.9,287.2,45345
KCP,20210325,85.85,85.85,80.55,81.5,373134
KCPSUGIND,20210325,15.15,15.65,14.8,15.05,459862
KDDL,20210325,284.9,284.9,265,275.75,4553
KEC,20210325,427,428.55,408.25,410.05,412421
KECL,20210325,13.9,13.9,12.5,12.7,120126
KEERTI,20210325,24,25.5,23.95,23.95,285660
KEI,20210325,531,538,509.4,517.5,251114
KELLTONTEC,20210325,67.9,70,65.1,67.3,870979
KENNAMET,20210325,1090,1118.45,1036.95,1057.15,2703
KERNEX,20210325,60,60.05,54.35,57.45,368940
KESORAMIND,20210325,73.5,74.6,67.7,70.3,903851
KEYFINSERV,20210325,53.85,58.4,53.85,54.7,1224
KHADIM,20210325,154,154,146,150.7,37380
KHAICHEM,20210325,22.45,22.45,20.5,21,193773
KHANDSE,20210325,14.45,14.45,13.5,13.55,1426
KICL,20210325,1555.7,1555.7,1488.6,1502.65,579
KILITCH,20210325,83.4,84.6,81,81.45,6479
KINGFA,20210325,614,614,585,586.8,5894
KIOCL,20210325,142,145,136.05,137.5,88922
KIRIINDUS,20210325,442.4,445,429.25,430.5,101136
KIRLFER,20210325,165.2,166.8,155.2,158.8,184514
KIRLOSBROS,20210325,220,226.7,205,209,156257
KIRLOSENG,20210325,174.95,174.95,168,169.15,145080
KIRLOSIND,20210325,1275.5,1296.35,1250,1252.05,1647
KITEX,20210325,102.8,103.3,96.2,98,237981
KKCL,20210325,898.4,898.4,875,880.55,844
KMSUGAR,20210325,11.45,12.8,11.4,12.3,1383794
KNRCON,20210325,205.5,207,197.05,202.35,467557
KOKUYOCMLN,20210325,57.6,57.6,55.45,56.1,170135
KOLTEPATIL,20210325,231.4,231.95,219.35,224.15,193677
KOPRAN,20210325,105.9,106.35,101,102.95,266769
KOTAKBANK,20210325,1792.9,1798.8,1745,1762.9,4113013
KOTAKBKETF,20210325,334.82,339,328.3,333.83,1589078
KOTAKGOLD,20210325,394.75,394.95,391,391.7,49023
KOTAKIT,20210325,25.2,26.25,24.85,25.36,4499
KOTAKNIFTY,20210325,151.61,152.3,149.79,150.38,48024
KOTAKNV20,20210325,78.45,79.2,76.45,77.99,14004
KOTAKPSUBK,20210325,211,212.25,199.02,207.23,68597
KOTARISUG,20210325,24.8,25.6,23.5,23.9,126306
KOTHARIPET,20210325,27.45,27.5,25.4,26,62460
KOTHARIPRO,20210325,67.4,67.45,63.1,63.3,6927
KPITTECH,20210325,173.2,176.5,168.1,170.5,1932407
KPRMILL,20210325,1046.85,1046.85,1010.9,1016.75,30484
KRBL,20210325,192.15,192.85,187.05,187.7,249168
KREBSBIO,20210325,92.3,92.3,87.75,88.35,11979
KRIDHANINF,20210325,4,4,3.8,3.8,206826
KRISHANA,20210325,89.9,91,81,89.35,11214
KSB,20210325,855,884.4,841.9,863.3,51592
KSCL,20210325,496,499.5,485.05,488.85,118975
KSL,20210325,309,309,295,299.95,63124
KTKBANK,20210325,62.1,62.25,60.8,61.5,1730353
KUANTUM,20210325,71,71,62.7,64.2,26805
L&TFH,20210325,96.9,97.4,91.5,93.85,15059728
LALPATHLAB,20210325,2480,2523.9,2444.15,2462.7,257406
LAMBODHARA,20210325,50.75,52.05,48.15,49.35,88664
LAOPALA,20210325,216.05,224.45,214,216,229663
LASA,20210325,62.45,66.05,60.1,61.15,233636
LAURUSLABS,20210325,356,357.6,346,347.55,2140443
LAXMIMACH,20210325,6811,6874.35,6710,6763.05,5183
LEMONTREE,20210325,37.45,37.5,35.35,36.45,1305469
LFIC,20210325,88.95,88.95,82.7,87.5,1608
LGBBROSLTD,20210325,301.25,306.1,294.15,297.5,65486
LGBFORGE,20210325,3.7,3.75,3.6,3.6,33086
LIBAS,20210325,49,49.55,48.3,49.5,16268
LIBERTSHOE,20210325,132.25,133.95,128.6,129.85,49888
LICHSGFIN,20210325,410,417.8,401.5,412.8,4224464
LICNETFGSC,20210325,21.66,21.66,21.46,21.46,2383
LICNETFN50,20210325,155.44,165,155,162.22,958
LICNETFSEN,20210325,561.6,579.95,541,556.57,117
LICNFNHGP,20210325,146.8,149.9,142.1,143.11,576
LIKHITHA,20210325,329,329,313,319.1,136783
LINCOLN,20210325,227,227.75,220.05,225.15,76046
LINCPEN,20210325,144.05,148.95,139.3,142.6,31166
LINDEINDIA,20210325,1750,1763.9,1701.3,1709.85,21566
LIQUIDBEES,20210325,1000,1000.01,999.3,1000,1407671
LIQUIDETF,20210325,1000,1000.01,999.99,999.99,22034
LOKESHMACH,20210325,32.65,32.65,30.55,31.55,8068
LOTUSEYE,20210325,40.2,40.9,38.05,39,29080
LOVABLE,20210325,83.1,84.4,80.15,81.15,33435
LPDC,20210325,2.1,2.1,1.9,1.9,17014
LSIL,20210325,1.2,1.25,1.15,1.15,1960314
LT,20210325,1361,1389,1361,1371.1,3894604
LTI,20210325,3990.65,3990.65,3784.85,3837.7,269938
LTTS,20210325,2510,2545,2480.05,2492.55,224277
LUMAXIND,20210325,1639,1639,1550,1563.85,4922
LUMAXTECH,20210325,156,158.95,150.55,151.75,47381
LUPIN,20210325,1011.4,1020.95,983.65,992.25,1449925
LUXIND,20210325,1716,1716,1638.6,1683.9,39250
LXCHEM,20210325,155.5,174.6,143.25,164.45,68702462
LYKALABS,20210325,22.8,22.9,21.75,22.65,15038
LYPSAGEMS,20210325,5,5,4.75,4.75,8513
M&M,20210325,811.8,814,788.1,791.7,4501404
M&MFIN,20210325,202.3,202.5,191,196.05,11277994
M100,20210325,25.38,25.48,24.11,24.66,106524
M50,20210325,146.7,146.7,139.25,140.36,5252
MAANALU,20210325,148,151.9,138.1,140.35,36601
MACPOWER,20210325,94.7,94.7,88,89,1932
MADHAV,20210325,51.8,51.8,46.55,48.05,36035
MADHUCON,20210325,5.55,5.8,5.35,5.5,19236
MADRASFERT,20210325,27.55,27.55,25.7,25.8,44515
MAESGETF,20210325,25.57,26.33,24.09,24.39,7468
MAGADSUGAR,20210325,103,107,100.6,101.25,71128
MAGMA,20210325,119.25,119.45,112.9,113.2,1032837
MAGNUM,20210325,4.75,5.1,4.75,4.8,20104
MAHABANK,20210325,21.95,22.25,19.6,20.85,13270081
MAHAPEXLTD,20210325,70.5,73.85,68.4,68.65,9286
MAHASTEEL,20210325,78.55,78.6,73.9,74.6,10591
MAHEPC,20210325,143,144.9,138.6,143.65,93653
MAHESHWARI,20210325,82.9,82.9,76,79.75,69912
MAHINDCIE,20210325,165,166,160,161.65,180969
MAHLIFE,20210325,537.35,547,521.9,540.6,50316
MAHLOG,20210325,557.5,557.5,516.5,543.45,98619
MAHSCOOTER,20210325,3672.3,3686.9,3593.65,3607.35,5672
MAHSEAMLES,20210325,272.3,279.85,272.3,277.6,49088
MAITHANALL,20210325,564.8,564.8,538.1,544.15,46041
MAJESCO,20210325,71.9,71.9,69.65,69.65,554130
MALUPAPER,20210325,27.65,27.8,26.3,26.6,13703
MAN50ETF,20210325,148.75,148.75,145.95,146.51,45041
MANAKALUCO,20210325,8.25,8.8,8.25,8.55,14088
MANAKCOAT,20210325,14.6,14.6,13.6,13.6,129599
MANAKSIA,20210325,50.2,50.25,48.2,49,63530
MANAKSTEEL,20210325,20.95,21.7,20.95,21.45,42250
MANALIPETC,20210325,61,61.4,57.7,58.5,837648
MANAPPURAM,20210325,154.25,154.45,146.75,148.4,5094306
MANGALAM,20210325,108.65,110,104,107.35,62562
MANGCHEFER,20210325,74.15,76,64.4,70.65,587190
MANGLMCEM,20210325,267.5,272.95,263.9,271.65,29939
MANGTIMBER,20210325,11.15,11.5,11.1,11.35,2505
MANINDS,20210325,80.5,80.8,76.45,77.65,219447
MANINFRA,20210325,39.1,39.9,37.8,38.6,920286
MANUGRAPH,20210325,12.65,12.65,12.3,12.3,5057
MANXT50,20210325,340.14,340.14,333,333.95,7617
MARALOVER,20210325,32,33.15,30.7,33.15,52132
MARATHON,20210325,65.85,65.85,62.5,62.65,147964
MARICO,20210325,401.85,403.1,394,398,2305425
MARINE,20210325,70.85,70.85,65.5,66.7,322122
MARKSANS,20210325,51.9,52.6,49.8,50.45,1167344
MARUTI,20210325,7050,7059,6755.25,6786.85,1338767
MASFIN,20210325,877.9,879.05,849.1,857.9,12157
MASTEK,20210325,1200,1200.05,1145.7,1155.75,136110
MATRIMONY,20210325,937,952.5,895,908.15,19925
MAWANASUG,20210325,37.4,38.9,35.75,36.1,133827
MAXHEALTH,20210325,204.75,204.8,197.5,198.75,535923
MAXIND,20210325,63.35,64.45,62.3,63.2,241861
MAXVIL,20210325,57,57.55,54.15,55.15,75732
MAYURUNIQ,20210325,409.95,409.95,391.15,399.05,161232
MAZDA,20210325,478,478,450,461.85,6857
MAZDOCK,20210325,216.4,216.4,206.2,208.15,582481
MBAPL,20210325,90.05,94.4,86.05,94.2,4188
MBECL,20210325,7.45,7.75,7.1,7.3,47224
MBLINFRA,20210325,21.2,21.65,20.15,20.15,85107
MCDHOLDING,20210325,39,41.5,39,40.95,45858
MCDOWELL-N,20210325,551.3,558.55,541.1,546.4,3593649
MCL,20210325,91.9,91.9,89.05,89.8,11737
MCLEODRUSS,20210325,20.7,20.95,20.05,20.15,521483
MCX,20210325,1546.05,1546.05,1506.1,1519.95,270308
MEGASOFT,20210325,9.6,9.9,9.2,9.55,67065
MEGH,20210325,115,118.6,108.95,114.35,2822804
MENONBE,20210325,54.25,54.6,51.6,53.2,27701
MEP,20210325,17.5,17.5,16,16.25,703115
MERCATOR,20210325,0.9,0.95,0.85,0.85,419809
METALFORGE,20210325,5.45,5.45,5.2,5.3,7689
METROPOLIS,20210325,2035.4,2049.95,1981.15,2009.05,63486
MFSL,20210325,843,857.95,832.9,846.65,720163
MGEL,20210325,44.95,45.85,44.95,45.05,500
MGL,20210325,1170,1170,1130.6,1141.1,636618
MHRIL,20210325,218.3,218.4,208.55,210,31494
MIC,20210325,0.75,0.8,0.7,0.7,208590
MIDHANI,20210325,181.25,181.8,176,176.65,440406
MINDACORP,20210325,95.95,95.95,91.55,92.6,767284
MINDAIND,20210325,551,561.45,516.1,542.85,255176
MINDTECK,20210325,43.95,43.95,42.7,42.95,19971
MINDTREE,20210325,1984.5,1999,1945.6,1969.4,1203406
MIRCELECTR,20210325,14.15,14.2,13.5,13.5,333317
MIRZAINT,20210325,48.1,48.5,45.8,46.7,273580
MITTAL,20210325,11.15,11.15,10.3,10.5,31405
MMFL,20210325,483.15,499,475,492.45,7268
MMP,20210325,87.4,87.4,82.6,85.05,15152
MMTC,20210325,45.75,45.75,42,42.75,4302951
MODIRUBBER,20210325,111.5,111.5,111.5,111.5,114
MOHITIND,20210325,9.05,9.55,8.65,9.5,13883
MOHOTAIND,20210325,7.4,7.4,6.8,7.05,9271
MOIL,20210325,140.5,141,135.1,136.35,487232
MOLDTECH,20210325,41.75,42.45,38.7,39.95,23115
MOLDTKPAC,20210325,399.85,408,382.4,404.9,81224
MONTECARLO,20210325,220.15,220.15,211.2,215.5,21299
MORARJEE,20210325,14.7,15.3,14.35,14.4,13362
MOREPENLAB,20210325,32.6,32.9,30.8,31.55,3740190
MOTHERSUMI,20210325,202,204.95,187,196.05,25635148
MOTILALOFS,20210325,653,653,629.5,640.5,119976
MOTOGENFIN,20210325,20.65,21.5,18.8,20.85,28283
MPHASIS,20210325,1676.2,1682,1602,1673.1,401831
MPSLTD,20210325,453.25,458.75,436,438.45,11848
MRF,20210325,82300,82993,80702.7,81751.2,33840
MRO-TEK,20210325,25.1,27.45,24.85,24.85,445
MRPL,20210325,39.7,39.95,38.6,39.2,1280139
MSPL,20210325,7.6,7.6,7.25,7.35,15884
MSTCLTD,20210325,316.8,317.3,291.35,298.25,842798
MTARTECH,20210325,1010,1027.2,970,981.4,444381
MTEDUCARE,20210325,7,7,6.65,7,195247
MTNL,20210325,20.9,20.95,20.05,20.05,1789803
MUKANDENGG,20210325,13.5,14.3,13,13.35,8042
MUKANDLTD,20210325,56.5,57.1,55.1,55.95,59074
MUKTAARTS,20210325,29.5,29.95,28.7,28.8,8325
MUNJALAU,20210325,56.45,57.95,53,53.4,187944
MUNJALSHOW,20210325,149.9,149.9,141,142.45,21969
MURUDCERA,20210325,19.4,19.4,19,19.15,34402
MUTHOOTCAP,20210325,390.4,390.4,358.75,362.4,78840
MUTHOOTFIN,20210325,1224,1224.5,1165.9,1187.05,1061914
N100,20210325,929.9,929.9,911.88,919.35,78866
NACLIND,20210325,37.9,37.95,37.1,37.5,58459
NAGAFERT,20210325,5.5,6,5.5,6,407804
NAGREEKCAP,20210325,5.75,5.8,5.75,5.8,4000
NAGREEKEXP,20210325,17.15,17.3,16.25,16.6,1644
NAHARCAP,20210325,105.4,111.4,101.2,101.85,16424
NAHARINDUS,20210325,46.8,48.4,44.5,45.5,77862
NAHARPOLY,20210325,117.4,118.9,106.4,110.4,129168
NAHARSPING,20210325,104.1,107,102,102.75,49717
NAM-INDIA,20210325,332.85,334.55,319.8,327.2,1076561
NATCOPHARM,20210325,799,823,778.1,818.2,429375
NATHBIOGEN,20210325,312,312,291,297.2,35709
NATIONALUM,20210325,53,53.5,50.7,52,29049449
NATNLSTEEL,20210325,4.05,4.05,4.05,4.05,1000
NAUKRI,20210325,4672,4673.15,4371.35,4402.8,736050
NAVINFLUOR,20210325,2487.6,2502,2423.05,2447.4,93402
NAVKARCORP,20210325,36.65,36.75,34.45,34.85,442593
NAVNETEDUL,20210325,82.1,84.85,81.05,82.35,254975
NBCC,20210325,47,47.25,44.7,45.95,11118644
NBIFIN,20210325,1821.9,1835.1,1802,1826,311
NBVENTURES,20210325,70.6,72.65,68.9,69.5,1857307
NCC,20210325,76.75,76.75,71.25,73.35,8686231
NCLIND,20210325,161.1,161.55,155.1,156.05,237908
NCPSESDL24,20210325,102.78,102.93,102.78,102.88,342378
NDGL,20210325,735,788,727,727.8,306
NDL,20210325,30.05,33,30.05,31.85,29224
NDRAUTO,20210325,203.4,207.85,197,197.65,4530
NDTV,20210325,62.75,62.75,58.75,58.75,32552
NECCLTD,20210325,8.65,8.65,8.1,8.5,48739
NECLIFE,20210325,19.25,19.8,18.5,18.9,294214
NELCAST,20210325,64.25,66.7,61.95,65.2,121657
NELCO,20210325,189.25,189.3,181.05,183,82532
NEOGEN,20210325,802,809.95,764.15,787.55,139197
NESCO,20210325,524.85,529.2,516.05,523.25,47560
NESTLEIND,20210325,16425,16584.5,16116,16170.1,108704
NETF,20210325,175.89,182.25,174,182.25,528
NETFCONSUM,20210325,64.12,64.82,63,63.68,6926
NETFDIVOPP,20210325,36.95,36.95,35.06,36.04,2148
NETFIT,20210325,26,26.37,25.55,25.82,709302
NETFLTGILT,20210325,22.68,22.68,21.93,21.98,32954
NETFMID150,20210325,89.99,92.5,86.5,88.95,196120
NETFNIF100,20210325,150.95,150.95,148.2,149.11,1095
NETFNV20,20210325,78,80.49,77.51,78.12,3221
NETWORK18,20210325,40.55,40.7,38.65,39.05,842932
NEULANDLAB,20210325,2062,2062,1998,2004.6,31078
NEWGEN,20210325,281,283.95,271.55,273.2,37384
NEXTMEDIA,20210325,4.2,4.2,4,4,8145
NFL,20210325,57,57.7,53,54,1393174
NH,20210325,399.4,403.75,380,383.2,123922
NHPC,20210325,24,24,23.2,23.4,6007633
NIACL,20210325,159.5,160.25,150.1,151.6,1153462
NIBL,20210325,16.5,16.5,16.5,16.5,1956
NIFTYBEES,20210325,156.53,156.55,153.25,153.86,4619262
NIFTYEES,20210325,18500,18500,18500,18500,6
NIITLTD,20210325,154.45,155.9,144.4,147.1,406818
NILAINFRA,20210325,4.4,4.55,4.3,4.45,101014
NILASPACES,20210325,1.5,1.5,1.45,1.45,67757
NILKAMAL,20210325,1980,1986.2,1902.05,1927,18818
NIPPOBATRY,20210325,725.05,726,712.35,719.7,1445
NIRAJ,20210325,43.9,43.95,41,42.2,1381
NITCO,20210325,20.4,21.6,20.05,20.1,62741
NITINSPIN,20210325,81.6,84.55,81.5,83.65,105792
NKIND,20210325,24.6,24.6,23.8,24.55,6275
NLCINDIA,20210325,50.3,50.45,48.6,48.85,1244837
NMDC,20210325,126.95,128.5,122,124.05,11022213
NOCIL,20210325,172,172.25,162.65,167.1,559804
NOIDATOLL,20210325,6.75,6.8,6.4,6.65,635777
NORBTEAEXP,20210325,6.6,6.7,6.25,6.45,9796
NOVARTIND,20210325,572.8,578,546.85,552.15,23761
NPBET,20210325,182.9,182.9,177.9,180.19,284
NRAIL,20210325,242,259,234,236,19504
NRBBEARING,20210325,109.1,110.65,106.4,107.3,180435
NSIL,20210325,965,976,952.05,963.5,386
NTL,20210325,0.8,0.8,0.8,0.8,1251
NTPC,20210325,106,106.5,102.65,103,22543755
NUCLEUS,20210325,511,511,491,494.1,37528
NURECA,20210325,599,609.9,585.95,597.2,16278
NXTDIGITAL,20210325,473.05,473.2,455,460.35,2105
OAL,20210325,562.3,565.45,545.05,549.8,12401
OBEROIRLTY,20210325,570,578,541.6,551.9,471510
OCCL,20210325,944.95,946.85,894.5,925.6,15038
OFSS,20210325,3210.2,3210.2,3119,3149.15,36078
OIL,20210325,117.95,118.95,116.05,117.2,1460950
OILCOUNTUB,20210325,7,7,6.4,6.45,52592
OLECTRA,20210325,218,218,209.2,212.35,389513
OMAXAUTO,20210325,45.2,45.45,41.8,42.7,33311
OMAXE,20210325,70,70,67.2,69.75,264526
OMINFRAL,20210325,22,22,20.55,20.75,45747
OMKARCHEM,20210325,11.15,11.15,10.15,10.15,20933
ONELIFECAP,20210325,6.1,6.4,6.1,6.15,2323
ONEPOINT,20210325,12.4,12.4,11.4,11.8,853313
ONGC,20210325,106,107.7,101.3,102,37295495
ONMOBILE,20210325,97.95,98.45,91.9,91.9,668296
ONWARDTEC,20210325,117.85,117.85,108,110.85,74292
OPTIEMUS,20210325,132.1,137,130.5,130.5,38535
OPTOCIRCUI,20210325,3.55,3.55,3.3,3.3,483937
ORBTEXP,20210325,60.7,62.25,59.15,60.45,53750
ORCHPHARMA,20210325,2079.85,2079.85,2079.85,2079.85,364
ORICONENT,20210325,19,19,18,18.35,59709
ORIENTABRA,20210325,21.6,21.6,20.2,20.85,32716
ORIENTALTL,20210325,6.8,6.8,5.9,6.2,76361
ORIENTBELL,20210325,223.8,223.8,207,209.1,46459
ORIENTCEM,20210325,100.5,100.5,95.55,96.3,471049
ORIENTELEC,20210325,303.45,305.9,293.5,303.75,397990
ORIENTHOT,20210325,23,23.35,22.1,22.3,37245
ORIENTLTD,20210325,80.2,86.85,79.8,80.1,389
ORIENTPPR,20210325,26.5,26.5,25.5,25.7,1496635
ORIENTREF,20210325,229,230.65,219.95,225.6,111517
ORISSAMINE,20210325,2308.15,2328.2,2250,2272.9,5935
OSWALAGRO,20210325,10.15,10.75,9.7,9.9,125140
PAGEIND,20210325,29690,29988,28775.25,29187,43051
PAISALO,20210325,798.35,798.35,771.05,779.75,38585
PALASHSECU,20210325,46.35,48,45.7,46.5,257
PALREDTEC,20210325,93.95,95,88.65,94.8,12805
PANACEABIO,20210325,181,183.55,172.55,177.05,107443
PANACHE,20210325,70.8,70.8,65.25,65.25,48863
PANAMAPET,20210325,148.65,153.65,140.15,141.75,110003
PARACABLES,20210325,8.55,8.75,8.25,8.35,169909
PARAGMILK,20210325,98,98.2,94,95.8,508054
PARSVNATH,20210325,8.55,9.35,8.55,9.3,214834
PATELENG,20210325,12.55,12.8,11.95,12.05,337457
PATINTLOG,20210325,18.4,18.8,17.05,17.5,118467
PATSPINLTD,20210325,5.2,5.5,5.05,5.05,6250
PCJEWELLER,20210325,27,27.5,25.65,26.85,2097547
PDMJEPAPER,20210325,24.75,24.75,23.1,24,146236
PDSMFL,20210325,661.05,675,603.95,662,28025
PEARLPOLY,20210325,14.5,15.45,14.35,14.55,621
PEL,20210325,1830,1851.75,1751.6,1793,1093991
PENIND,20210325,17.3,17.45,16.8,17,348550
PENINLAND,20210325,6.85,7.05,6.45,7.05,5898784
PERSISTENT,20210325,1909.95,1925,1761.05,1804.6,120863
PETRONET,20210325,224.85,228.05,220,220.75,4487560
PFC,20210325,116.45,117.1,112.7,113.6,8488100
PFIZER,20210325,4460,4475,4381.05,4404.4,42001
PFOCUS,20210325,54.45,63.5,51.6,59.9,250050
PFS,20210325,18.55,19,17.6,18,1394525
PGEL,20210325,380,383,368.25,368.55,34774
PGHH,20210325,13000,13030,12501.85,12728.3,4518
PGHL,20210325,6060,6138.1,6017,6101.25,11488
PGIL,20210325,168.4,176.4,164.5,172.4,29381
PHILIPCARB,20210325,192.5,192.75,185,188.45,449807
PHOENIXLTD,20210325,774.4,795,751,769.85,96388
PIDILITIND,20210325,1794.75,1811.2,1758,1764.4,422753
PIIND,20210325,2300,2314.9,2255,2294.3,246052
PILANIINVS,20210325,1630,1630,1589.6,1597.85,4931
PILITA,20210325,16.5,17.15,15.7,16.1,105278
PIONDIST,20210325,107.55,108.15,104.3,105.45,12325
PIONEEREMB,20210325,38.9,39.85,37.1,38.1,61163
PITTIENG,20210325,67.9,67.9,65.35,66.7,111042
PKTEA,20210325,222,222,222,222,75
PLASTIBLEN,20210325,233.8,233.8,221,224.8,9060
PNB,20210325,37,37,34.8,35.5,190748444
PNBGILTS,20210325,48,48.2,46.8,47.25,273768
PNBHOUSING,20210325,384.6,384.6,367.2,370.2,276648
PNC,20210325,36.2,36.2,36.2,36.2,144511
PNCINFRA,20210325,250,255,241.25,250.2,466763
PODDARHOUS,20210325,193.7,193.7,185,185.9,1213
PODDARMENT,20210325,190.55,191.5,184.85,186.95,11092
POKARNA,20210325,245,267,236.8,257.2,1281100
POLYCAB,20210325,1365,1375,1338,1364.35,293099
POLYMED,20210325,798,833.95,775,820.4,140797
POLYPLEX,20210325,809.9,819.95,800,810.7,30977
PONNIERODE,20210325,147.05,151.25,145.05,147.05,4150
POWERGRID,20210325,221.05,223.4,215.35,216.4,11403073
POWERINDIA,20210325,1400,1400,1330.05,1356.1,15928
POWERMECH,20210325,540.25,540.25,516.15,525.55,49993
PPAP,20210325,208.55,212.5,200,203.4,43988
PPL,20210325,125,125.9,117.1,118.55,186696
PRABHAT,20210325,95.25,97,92.6,93.45,617041
PRAENG,20210325,7.5,8,7.5,7.6,21856
PRAJIND,20210325,174.15,185,174.15,179.2,3502694
PRAKASH,20210325,64.1,64.5,59.5,61.95,1743082
PRAKASHSTL,20210325,0.85,0.85,0.75,0.8,140672
PRAXIS,20210325,38.85,39,38.85,38.85,5136
PRECAM,20210325,40.55,40.6,39.55,40.15,114063
PRECOT,20210325,102.05,102.2,99.2,99.85,7488
PRECWIRE,20210325,205.7,205.7,191.6,193.4,59698
PREMEXPLN,20210325,140,150.15,136.3,149.95,22245
PREMIER,20210325,2.6,2.6,2.6,2.6,469
PREMIERPOL,20210325,38.95,38.95,35,36.55,1779
PRESSMN,20210325,22.65,22.7,21.3,21.55,35644
PRESTIGE,20210325,306.95,309.8,292.5,306.35,571583
PRICOLLTD,20210325,65.45,65.6,62.55,63.55,507948
PRIMESECU,20210325,41.6,43.25,41.5,42.15,118392
PRINCEPIPE,20210325,410,421.85,400,414.8,212372
PRIVISCL,20210325,837,849.8,790.85,814.5,191715
PROZONINTU,20210325,17.7,17.7,16.8,16.85,144419
PRSMJOHNSN,20210325,122.9,123.5,121.35,122.95,807296
PSB,20210325,17.1,17.5,16.3,16.35,500302
PSPPROJECT,20210325,465.6,468,459,465.45,79457
PSUBNKBEES,20210325,23.72,23.72,22.33,22.93,1069693
PTC,20210325,79.95,80.3,78.5,79.7,1466277
PTL,20210325,38.45,38.85,37.8,38.05,56180
PUNJABCHEM,20210325,909.05,909.05,866,879.55,15266
PURVA,20210325,71.1,72.7,67.5,68.65,190320
PVR,20210325,1275,1284.8,1234.75,1239.2,1844930
QGOLDHALF,20210325,1945.95,1945.95,1938,1939.8,786
QNIFTY,20210325,1508.95,1508.95,1485,1486.17,36
QUESS,20210325,694.9,705,681.2,686.15,150673
QUICKHEAL,20210325,185,187.65,181.5,184.65,204262
RADAAN,20210325,0.7,0.7,0.7,0.7,4239
RADICO,20210325,555,555.2,536.4,542.8,258312
RADIOCITY,20210325,23.9,23.9,23.25,23.5,164510
RAILTEL,20210325,134.3,136.2,128.6,130.55,2400349
RAIN,20210325,141.8,142.75,137.6,140.9,1498828
RAJESHEXPO,20210325,475.9,475.9,471.6,472.9,156130
RAJMET,20210325,86.05,86.9,86.05,86.05,633
RAJRATAN,20210325,824.8,824.8,770,785.7,15075
RAJSREESUG,20210325,18.35,18.5,17.45,17.55,10790
RAJTV,20210325,32.25,32.25,30.5,31.15,13335
RALLIS,20210325,266.3,266.75,260.3,265,533853
RAMANEWS,20210325,15.3,18,15.05,16.05,329795
RAMASTEEL,20210325,69,70.7,67.2,69.1,47897
RAMCOCEM,20210325,965.5,971.2,935.3,949.5,480089
RAMCOIND,20210325,255,262,246.85,251.95,55826
RAMCOSYS,20210325,571,576,525.1,541.8,167040
RAMKY,20210325,81.5,81.5,76.7,77.2,81380
RANASUG,20210325,9.6,10.1,9.4,9.75,2405986
RANEENGINE,20210325,257.05,260,252.1,253.45,3159
RANEHOLDIN,20210325,595.55,597.3,556.65,570.3,49120
RATNAMANI,20210325,1850.2,1865,1840.65,1847.15,4520
RAYMOND,20210325,338,347.9,331,344.95,675005
RBL,20210325,777.15,790,772.85,782.95,5301
RBLBANK,20210325,217,217,203.75,210.05,18673108
RCF,20210325,76.85,77.45,73.1,74.05,2757975
RCOM,20210325,1.75,1.8,1.75,1.75,3762983
RECLTD,20210325,135.25,135.5,129.05,130.75,5656450
REDINGTON,20210325,154,180.05,150.3,178.15,4793384
REFEX,20210325,85.8,85.8,77.75,79.35,83649
RELAXO,20210325,863,887.9,842.2,849.6,261352
RELCAPITAL,20210325,11.7,11.7,11,11,1996464
RELIANCE,20210325,2054,2054,1985,1991.45,10153757
RELIGARE,20210325,87.8,87.8,81.85,84.75,714242
RELINFRA,20210325,37.8,38.1,35.2,35.65,4312804
REMSONSIND,20210325,134.1,137.45,126.55,130.1,5043
RENUKA,20210325,9.2,9.75,9.15,9.3,5241266
REPCOHOME,20210325,316.2,327.8,303.4,324.85,196069
REPL,20210325,193.45,193.45,184,185.3,24908
REPRO,20210325,363.7,368,353.75,360.3,2613
RESPONIND,20210325,160,166.9,154.55,160.45,30550
REVATHI,20210325,491.05,498.45,470,479.5,3653
RGL,20210325,293.85,293.85,283.05,287.6,6397
RHFL,20210325,2.6,2.6,2.5,2.5,665444
RICOAUTO,20210325,38.4,38.4,35.1,35.5,631487
RIIL,20210325,374,374,360.5,363.9,126343
RITES,20210325,243,245.9,239.35,240.45,266878
RKDL,20210325,7.75,7.75,7.5,7.55,4370
RKEC,20210325,62.9,65,60,60.55,61094
RKFORGE,20210325,519.9,523.2,500.55,511.1,20028
RMCL,20210325,2.45,2.5,2.3,2.5,205798
RML,20210325,362.05,368.8,348,357.05,17753
ROHLTD,20210325,68.05,68.25,64.55,65.2,55836
ROLLT,20210325,2.7,2.7,2.55,2.55,20542
ROLTA,20210325,3.85,3.9,3.7,3.7,727125
ROML,20210325,96.2,100.8,91.2,95.25,15973
ROSSARI,20210325,1070,1072.15,1011.9,1050.85,181095
ROSSELLIND,20210325,113,113,109,109.55,8695
ROUTE,20210325,1482,1492.3,1395.45,1415,408242
RPGLIFE,20210325,373.35,377,365.25,367.05,33003
RPOWER,20210325,4.9,4.95,4.7,4.7,10137026
RPPINFRA,20210325,65.6,66.15,55.9,58.45,174880
RPSGVENT,20210325,348,348,333.5,336.85,45038
RSSOFTWARE,20210325,25.6,25.6,24.65,24.65,25849
RSWM,20210325,196.45,197.4,185.5,189.05,27939
RSYSTEMS,20210325,116.05,117.2,112.2,113.05,27251
RTNINFRA,20210325,6.45,6.7,5.75,5.75,1735459
RTNPOWER,20210325,2.8,2.8,2.7,2.7,3587550
RUBYMILLS,20210325,174,174,167,168.25,3849
RUCHI,20210325,669.9,678,644.1,651.7,20070
RUCHINFRA,20210325,6.3,6.3,6,6,79967
RUCHIRA,20210325,64.35,66.05,60,61,72602
RUPA,20210325,312,313.35,300,305.15,85081
RUSHIL,20210325,216,216,213.3,213.3,10252
RVHL,20210325,17.05,17.55,16.9,17.05,21542
RVNL,20210325,27.65,27.95,27.25,27.7,12484312
S&SPOWER,20210325,20.75,20.75,19.8,20.25,825
SABEVENTS,20210325,1.25,1.3,1.25,1.3,14945
SABTN,20210325,2,2,2,2,7904
SADBHAV,20210325,64.6,64.85,59.5,61.4,846602
SADBHIN,20210325,20.75,21.35,19.3,19.85,267635
SAFARI,20210325,606,621.65,585,616.85,15910
SAGARDEEP,20210325,35.5,35.5,32.05,33.1,11150
SAGCEM,20210325,733,733.9,695.65,704.3,30717
SAIL,20210325,71.05,72.9,67.6,72.25,80461442
SAKAR,20210325,98.5,102.7,91.15,95.85,77478
SAKHTISUG,20210325,9.5,9.5,8.55,9.05,95372
SAKSOFT,20210325,375,375,354.05,356.3,22507
SAKUMA,20210325,5,5.05,4.75,4.8,373442
SALASAR,20210325,367.15,367.15,357,361.9,38364
SALONA,20210325,98.85,98.85,91.85,92.25,561
SALSTEEL,20210325,3.25,3.4,3.15,3.25,30961
SALZERELEC,20210325,122.65,124,117.3,121.7,40343
SAMBHAAV,20210325,2.3,2.35,2.2,2.2,23979
SANCO,20210325,8.8,8.8,7.95,7.95,150619
SANDESH,20210325,676.75,688,655,659.05,1228
SANDHAR,20210325,210.9,215.85,204.2,207.75,29050
SANGAMIND,20210325,78.1,80,74.6,75.55,24527
SANGHIIND,20210325,41.7,41.75,39.8,40.55,1338998
SANGHVIFOR,20210325,19,19.8,19,19.55,4604
SANGHVIMOV,20210325,109.85,109.85,103.25,104.15,31704
SANGINITA,20210325,24,24.1,21.25,22,82478
SANOFI,20210325,7834.85,7834.85,7675,7762.95,27121
SARDAEN,20210325,422.5,427.05,402.15,418.55,99487
SAREGAMA,20210325,1500.95,1508.95,1450,1483.4,20074
SARLAPOLY,20210325,24.95,25,24.1,24.25,88095
SASKEN,20210325,912,912,837.2,849.35,47556
SASTASUNDR,20210325,122.05,124.5,116,118.55,43966
SATIA,20210325,83.7,83.7,80,80.5,212131
SATIN,20210325,90,90,84.55,84.75,329747
SBICARD,20210325,923,945,906.35,924.3,4206774
SBIETFIT,20210325,258.37,264.99,251.58,254.69,3937
SBIETFPB,20210325,180,184.69,175.1,177.93,3608
SBIETFQLTY,20210325,124.1,126.99,123.1,123.59,2932
SBILIFE,20210325,875.1,884.3,861,864.1,2711471
SBIN,20210325,360,360.85,345.2,355.2,57495003
SCAPDVR,20210325,1.7,1.7,1.65,1.65,13876
SCHAEFFLER,20210325,5310.3,5350,5144.3,5281.7,15608
SCHAND,20210325,113,117,106.9,108.1,80036
SCHNEIDER,20210325,97,97,92.85,93.65,508979
SCI,20210325,112.95,116.55,108.7,114,5208327
SDBL,20210325,33.4,33.95,32.2,32.6,142005
SEAMECLTD,20210325,404.9,410,395,408.35,123672
SECURKLOUD,20210325,82.1,82.55,79,79.5,30601
SELAN,20210325,132,133.3,126,126.55,101819
SEPOWER,20210325,3.95,4.05,3.8,3.9,11562
SEQUENT,20210325,250.5,253.75,229,232.3,716779
SESHAPAPER,20210325,157,162.8,153.2,160.35,78798
SETCO,20210325,15,15,13.85,14.3,204461
SETF10GILT,20210325,201.5,201.5,199.57,199.62,1417
SETFGOLD,20210325,4009.95,4009.95,3984.05,3992.75,7748
SETFNIF50,20210325,152,152,145,145.79,709524
SETFNIFBK,20210325,338,338,324.12,329.78,91584
SETFNN50,20210325,357.99,357.99,346.12,349.07,24017
SETUINFRA,20210325,0.8,0.85,0.75,0.8,157301
SEYAIND,20210325,53.95,53.95,49.7,51,72050
SFL,20210325,1977,1987.9,1930,1944.55,6231
SGL,20210325,9.15,9.15,8.5,8.7,27525
SHAHALLOYS,20210325,9,9.25,8.45,8.85,7192
SHAKTIPUMP,20210325,521.35,521.35,495.2,499.25,92284
SHALBY,20210325,100,100.85,97.25,98.4,276548
SHALPAINTS,20210325,93.8,94.6,88.45,90.85,225387
SHANKARA,20210325,428.95,438.8,408.3,414.35,130542
SHANTIGEAR,20210325,124.5,125.35,122.05,123.85,27898
SHARDACROP,20210325,295.5,297.85,285,289.2,133604
SHARDAMOTR,20210325,2114,2140.05,2005.25,2050.35,3941
SHAREINDIA,20210325,260.05,263.95,253.3,256.25,7977
SHARIABEES,20210325,379.89,379.89,355.7,356.9,616
SHEMAROO,20210325,70.6,72.4,64.7,66.2,132344
SHIL,20210325,266,266,248.25,254.6,267069
SHILPAMED,20210325,347.8,349.35,335.25,338.1,177252
SHIVAMAUTO,20210325,17.8,18,17.1,17.2,105992
SHIVAMILLS,20210325,44,44,41.8,42.1,9515
SHIVATEX,20210325,142.95,154,136,136.85,5834
SHK,20210325,114.7,114.7,109.5,111.1,164931
SHOPERSTOP,20210325,212.6,230,200.5,209.5,501397
SHREDIGCEM,20210325,62.65,62.9,60,60.35,696459
SHREECEM,20210325,27900,28139.95,27264.95,27580.35,64357
SHREEPUSHK,20210325,135.35,138.7,133,136.15,68327
SHREERAMA,20210325,9.6,10.25,9.45,9.65,114207
SHRENIK,20210325,2,2,1.9,1.95,3498562
SHREYANIND,20210325,106.05,107.25,100,101.9,53682
SHREYAS,20210325,77.65,78.1,72.25,72.75,48987
SHRIPISTON,20210325,819,835,774,808,1513
SHRIRAMCIT,20210325,1400,1400,1325.65,1352.35,24586
SHRIRAMEPC,20210325,4.2,4.2,3.95,4,381236
SHYAMCENT,20210325,5.4,5.7,5.05,5.3,72729
SICAGEN,20210325,14.5,14.95,14.35,14.4,17371
SICAL,20210325,9.05,9.05,9.05,9.05,80788
SIEMENS,20210325,1800,1816.8,1777.55,1802.5,432719
SIGIND,20210325,33.1,33.1,31.2,31.65,12226
SIL,20210325,19.25,20.55,19.25,20,134504
SILGO,20210325,57,66.7,53.05,55.2,888946
SILINV,20210325,200,204.45,191.5,192.25,8903
SILLYMONKS,20210325,19.75,19.75,19.25,19.35,1792
SIMBHALS,20210325,6.7,6.9,6.4,6.45,126314
SIMPLEXINF,20210325,34.7,35,32.3,32.4,62472
SINTERCOM,20210325,84.7,86.55,82.05,82.05,332
SINTEX,20210325,3.55,3.65,3.45,3.55,1537253
SIRCA,20210325,325,325,310.15,316.4,12260
SIS,20210325,405,407.8,391.4,393.8,111002
SITINET,20210325,0.85,0.9,0.8,0.8,3222415
SIYSIL,20210325,198.5,198.5,185,187.4,86159
SJVN,20210325,25.5,25.7,25.1,25.2,1195300
SKFINDIA,20210325,2244,2244,2145.15,2155.35,8784
SKIL,20210325,2.75,2.8,2.7,2.7,22011
SKIPPER,20210325,62.2,62.9,60,60.4,67306
SKMEGGPROD,20210325,49.4,49.4,46.55,47.05,20598
SMARTLINK,20210325,83.05,85.7,81.5,82.25,11617
SMCGLOBAL,20210325,70.4,70.9,67.5,69.8,64420
SMLISUZU,20210325,494.9,494.9,451.4,458.45,60956
SMSLIFE,20210325,505.25,507.2,469.75,500.75,5056
SMSPHARMA,20210325,126.3,126.3,118.25,119.8,120336
SNOWMAN,20210325,46,46,44,44.75,1332673
SOBHA,20210325,443.05,444,428.4,433.8,95121
SOLARA,20210325,1309,1315,1250.05,1270.2,77986
SOLARINDS,20210325,1268.5,1300,1253.9,1286.3,6318
SOMANYCERA,20210325,402,421,400,413.95,42284
SOMATEX,20210325,6.55,6.85,6.55,6.55,4447
SOMICONVEY,20210325,31.8,32,30.75,31,3933
SONATSOFTW,20210325,485,503.1,474.8,488.15,859076
SORILINFRA,20210325,160.15,160.15,143.8,150.25,89592
SOTL,20210325,1001.5,1005.9,963,974.1,15061
SOUTHBANK,20210325,8.85,8.9,8.3,8.45,17047752
SOUTHWEST,20210325,48.85,50.6,47,50.2,27915
SPAL,20210325,160.1,161,150.05,153.4,15657
SPANDANA,20210325,586.45,594.8,562,571.2,41372
SPARC,20210325,151.2,151.45,141.5,142.7,599400
SPECIALITY,20210325,44.05,45.2,41.85,43.9,56310
SPENCERS,20210325,73.75,73.75,69.9,70.35,288244
SPIC,20210325,30.5,30.5,28.05,28.55,681307
SPICEJET,20210325,72.1,72.55,68.35,68.75,4304239
SPLIL,20210325,32.7,33.2,30.2,31,40835
SPMLINFRA,20210325,10.5,10.5,9.55,9.9,89766
SPTL,20210325,3.7,3.8,3.55,3.55,1242927
SPYL,20210325,0.4,0.4,0.35,0.4,943539
SREEL,20210325,144.95,146.45,136.05,143.55,57201
SREINFRA,20210325,5.2,5.5,5,5.2,1319625
SRF,20210325,5306.7,5318.95,5238.75,5253.05,96649
SRHHYPOLTD,20210325,238,240.3,228.3,230.8,22523
SRIPIPES,20210325,172,174.65,169.25,171.4,131277
SRPL,20210325,28.5,28.5,28.5,28.5,196
SRTRANSFIN,20210325,1406.9,1407.6,1351.55,1372,2085071
SSWL,20210325,680,680,625,649.35,39255
STAR,20210325,788,789.85,740,743.6,546248
STARCEMENT,20210325,96.15,96.35,92.55,93.45,236383
STARPAPER,20210325,122.05,123.8,119.5,120.2,94992
STCINDIA,20210325,76.75,76.75,73.65,73.7,31459
STEELCITY,20210325,40.15,40.35,38.2,38.4,36713
STEELXIND,20210325,53.6,55,52,53.9,553829
STEL,20210325,83.3,85,83,83.5,33382
STERTOOLS,20210325,209.95,209.95,193.35,195.7,18863
STLTECH,20210325,201.8,202.6,192.7,195.8,540578
STOVEKRAFT,20210325,459.5,461.6,442.7,454.2,283044
SUBEXLTD,20210325,35.5,35.7,33.35,34.1,7256164
SUBROS,20210325,304.55,310.45,299.3,302.15,21659
SUDARSCHEM,20210325,520.45,520.45,505.15,509.85,91347
SUMEETINDS,20210325,4.1,4.1,4.1,4.1,44626
SUMICHEM,20210325,276,276.8,268.2,270.25,380444
SUMIT,20210325,10.1,10.1,9.5,9.85,17766
SUMMITSEC,20210325,525.2,525.2,508.5,518.3,7157
SUNCLAYLTD,20210325,3219.95,3219.95,3047,3075.85,2421
SUNDARAM,20210325,1.3,1.35,1.25,1.3,737519
SUNDARMFIN,20210325,2378,2476.9,2315,2463.55,27495
SUNDARMHLD,20210325,77.15,77.7,73.95,76.05,95935
SUNDRMBRAK,20210325,336.9,349.75,325.05,340.85,4487
SUNDRMFAST,20210325,728.6,738,695.25,715.55,199019
SUNFLAG,20210325,58.65,59,56.6,57.7,338175
SUNPHARMA,20210325,584.4,587.95,571.5,575.75,4710869
SUNTECK,20210325,302.9,308.75,289,291.35,195645
SUNTV,20210325,468.8,470,450.05,451.6,1855167
SUPERHOUSE,20210325,127.65,127.65,120.6,121.45,14359
SUPERSPIN,20210325,4.6,4.85,4.5,4.6,46976
SUPPETRO,20210325,411.6,422.8,392,401.05,37576
SUPRAJIT,20210325,279.9,280.35,265,266.5,181993
SUPREMEENG,20210325,28.75,28.75,26.2,26.5,66284
SUPREMEIND,20210325,1979.4,2000,1973.9,1997.05,47374
SURANASOL,20210325,9.2,9.75,9,9.25,39222
SURANAT&P,20210325,4.3,4.35,3.95,4.35,72677
SURYALAXMI,20210325,32.5,32.5,31.3,31.5,12529
SURYAROSNI,20210325,367.9,369.55,336.1,342.1,456131
SUTLEJTEX,20210325,42.15,42.2,40.7,41,70608
SUULD,20210325,180,180,174.75,174.9,61850
SUVEN,20210325,73.35,74.1,69.65,70.95,438035
SUVENPHAR,20210325,471.05,473.95,455.55,462.05,176696
SUZLON,20210325,5.6,5.7,5.4,5.45,17217965
SWANENERGY,20210325,138,138,130.55,131.4,207977
SWARAJENG,20210325,1292.2,1315,1280,1305.15,10715
SWELECTES,20210325,202.3,207.6,195.3,204.3,13908
SWSOLAR,20210325,301,303.6,269.15,272.25,2356892
SYMPHONY,20210325,1277.4,1281.5,1238,1245.15,23039
SYNGENE,20210325,526.6,536.9,523.45,529.8,752622
TAINWALCHM,20210325,60.95,62.6,57.2,59.35,6437
TAJGVK,20210325,116.6,117.1,111.35,112.35,105824
TAKE,20210325,49.7,49.7,46.75,47.25,1316778
TALBROAUTO,20210325,215.65,215.7,200.35,207.15,17608
TANLA,20210325,868,868,814.2,814.3,521121
TARC,20210325,31.1,31.25,29.3,30.2,556234
TARMAT,20210325,45.3,46.45,43.8,44.75,18161
TASTYBITE,20210325,13705.05,13950,13450,13681.65,1635
TATACHEM,20210325,742,743.95,712,731.05,7066714
TATACOFFEE,20210325,120,121.25,114.3,116.2,2705894
TATACOMM,20210325,1094.95,1094.95,1052,1072.35,927304
TATACONSUM,20210325,634,634.2,611,614.85,2981311
TATAELXSI,20210325,2678,2688,2580.75,2603.45,279606
TATAINVEST,20210325,1029.95,1029.95,1000,1007.3,22794
TATAMETALI,20210325,725,725,694,697.65,169120
TATAMOTORS,20210325,294,294,282.25,285.55,84528317
TATAMTRDVR,20210325,127,127.95,124,125.6,4340078
TATAPOWER,20210325,101.8,102.2,96.6,98.65,78179436
TATASTEEL,20210325,710.1,730.7,688.35,723.15,36722400
TATASTLBSL,20210325,45.45,47,44,46.35,7670677
TATASTLLP,20210325,674,677.7,655.25,659.85,58557
TBZ,20210325,68.35,68.4,62.75,63.55,188889
TCI,20210325,269.85,272.35,241,247.6,171068
TCIDEVELOP,20210325,302.95,310.5,294,296.2,10484
TCIEXP,20210325,908,920,871.55,891,30209
TCIFINANCE,20210325,5.25,5.4,5.2,5.2,4272
TCNSBRANDS,20210325,524,524.5,500,507.65,32080
TCPLPACK,20210325,377.1,381.85,364.35,374.75,2909
TCS,20210325,3112.2,3130.85,3050,3064.85,3179786
TDPOWERSYS,20210325,148.45,151,141.8,143.15,64385
TEAMLEASE,20210325,3502,3552.25,3450.05,3493.65,25681
TECHM,20210325,992.7,996.9,964.1,968.7,3654840
TECHNOE,20210325,294.45,298.7,287.5,295.35,70542
TEJASNET,20210325,168.85,170,159.35,160.45,305084
TERASOFT,20210325,38.2,38.4,36.75,37.25,22713
TEXINFRA,20210325,70.55,70.55,69.4,70.2,96848
TEXMOPIPES,20210325,26.2,26.25,24.3,24.95,237121
TEXRAIL,20210325,28.3,28.75,27.25,27.4,667157
TFCILTD,20210325,63.05,64,60.25,60.75,354201
TFL,20210325,2.25,2.35,2.25,2.25,24300
TGBHOTELS,20210325,4.7,4.7,4.5,4.5,7466
THANGAMAYL,20210325,615,615,591,599.1,35827
THEINVEST,20210325,91.75,94.85,88.25,89.3,10985
THEMISMED,20210325,300.05,300.5,284.7,286.6,6977
THERMAX,20210325,1375.8,1375.8,1307,1331.9,32867
THOMASCOOK,20210325,49.5,49.5,48.9,49.05,560007
THYROCARE,20210325,870.95,876.2,850.7,865,126728
TI,20210325,33.5,33.5,30.25,30.7,825409
TIDEWATER,20210325,4360,4381.75,4325.05,4336.4,1070
TIIL,20210325,375.95,376,351.55,356.2,32287
TIINDIA,20210325,1100,1111.85,1084,1093.3,27149
TIJARIA,20210325,6.6,6.85,6.3,6.35,5809
TIL,20210325,160.75,161.1,154.05,156.6,17490
TIMESGTY,20210325,23.4,24.1,22.55,23,1144
TIMETECHNO,20210325,61.6,63.4,58.1,58.9,1418710
TIMKEN,20210325,1263,1263,1208.6,1228.55,16833
TINPLATE,20210325,154,154,146.1,148.25,282972
TIPSINDLTD,20210325,500.15,510,480,492.75,2414
TIRUMALCHM,20210325,92,92.95,87.3,88,674045
TIRUPATIFL,20210325,26,26,26,26,20000
TITAN,20210325,1484.1,1498.5,1447.75,1450.85,1609996
TMRVL,20210325,12.8,13.65,12.45,13,67793
TNPETRO,20210325,49.7,49.7,46.05,47.4,365538
TNPL,20210325,143.35,145.25,140.55,142.75,200071
TNTELE,20210325,4.85,4.85,4.85,4.85,745
TOKYOPLAST,20210325,69,71.7,69,70,3797
TORNTPHARM,20210325,2461.55,2473.3,2422.8,2443.75,185760
TORNTPOWER,20210325,418.2,419.9,409.55,410.75,869262
TOTAL,20210325,44.15,46.15,44.15,44.75,19251
TOUCHWOOD,20210325,126.5,128.45,120.8,123.8,1483
TPLPLASTEH,20210325,159.35,159.35,141.95,143.55,7335
TREEHOUSE,20210325,7.4,7.4,6.85,7.1,49724
TREJHARA,20210325,31.55,31.55,29.25,29.55,26909
TRENT,20210325,789.1,805.1,745.8,757.95,1361204
TRF,20210325,88,91,83.25,83.9,27624
TRIDENT,20210325,14.2,14.2,13.45,13.8,11194596
TRIGYN,20210325,66.8,66.8,63.05,64.65,131280
TRIL,20210325,17.7,17.7,16.5,16.8,210085
TRITURBINE,20210325,100,102.45,99.55,101.2,145240
TRIVENI,20210325,87,89.9,83.65,84.85,676048
TTKHLTCARE,20210325,510.5,512.1,457.9,464.3,30356
TTKPRESTIG,20210325,7183.75,7338.75,7100.15,7176.15,4300
TTL,20210325,48,49.15,47.1,48.2,11549
TTML,20210325,13.55,13.9,13,13.25,2202593
TV18BRDCST,20210325,30.2,30.5,29.5,30,8420900
TVSELECT,20210325,130.4,132,125,126.35,27145
TVSMOTOR,20210325,569.7,569.7,541.15,558.25,1982891
TVSSRICHAK,20210325,1788.35,1788.4,1706,1722.2,9935
TVTODAY,20210325,267.7,269.5,262.8,267.55,77001
TVVISION,20210325,2.2,2.2,2.2,2.2,54125
TWL,20210325,47.55,47.55,44.45,44.65,532206
UBL,20210325,1260,1261.5,1210,1217,449038
UCALFUEL,20210325,139.25,141.65,136.1,139.05,122019
UCOBANK,20210325,12.05,12.1,10.8,10.9,34044691
UFLEX,20210325,384.5,384.7,370.5,376.45,112443
UFO,20210325,76.65,76.65,72,73.1,104233
UGARSUGAR,20210325,16.7,17.9,16.35,16.75,412053
UJAAS,20210325,2.7,2.7,2.6,2.6,691313
UJJIVAN,20210325,218,219.35,211.05,214.9,707347
UJJIVANSFB,20210325,31.5,31.85,30.75,31,2662325
ULTRACEMCO,20210325,6857.3,6913.9,6636,6666.5,547365
UMANGDAIRY,20210325,59.5,60,57,57.9,14427
UMESLTD,20210325,3.6,3.6,3.6,3.6,4353
UNICHEMLAB,20210325,310.05,318.9,294,313.85,49198
UNIDT,20210325,258.9,258.95,249,250.65,2116
UNIENTER,20210325,84,85.95,83,83.4,24113
UNIONBANK,20210325,35.1,36.15,33.4,34.65,12629346
UNITEDTEA,20210325,310,310,300.25,300.8,792
UNIVASTU,20210325,34.35,35,34.1,34.3,17259
UNIVCABLES,20210325,142,142,137,138.8,62079
UNIVPHOTO,20210325,173,173,165.95,169.6,2841
UPL,20210325,613,618.25,591.5,595.65,10648953
URJA,20210325,6.5,6.6,6.4,6.45,2018952
USHAMART,20210325,33,33,31.3,31.65,889636
UTIAMC,20210325,563,568,551.1,560.15,254593
UTIBANKETF,20210325,33.34,33.59,32.36,33.12,23099
UTINEXT50,20210325,38,43.14,35.75,38.15,229429
UTINIFTETF,20210325,1517.49,1535.1,1492,1498.89,2353
UTISENSETF,20210325,516,516,504.26,505.45,3393
UTISXN50,20210325,40.71,40.71,38.05,39.5,4513
UTTAMSTL,20210325,7.2,7.35,7,7.35,167878
UTTAMSUGAR,20210325,90.8,94.45,89.05,90.85,70585
V2RETAIL,20210325,132.5,132.5,123.1,124.35,35491
VADILALIND,20210325,920,920,883,892.6,18410
VAIBHAVGBL,20210325,4120,4120,3791.6,3876.3,56453
VAISHALI,20210325,37,37,34.8,34.9,14764
VAKRANGEE,20210325,51.3,51.5,50.35,50.6,2187169
VALIANTORG,20210325,1240,1288,1200,1209.95,24629
VARDHACRLC,20210325,37.55,37.55,36.2,36.35,31077
VARDMNPOLY,20210325,19,19.4,17.75,18.25,130924
VARROC,20210325,378,389.85,365.1,368.15,155423
VASCONEQ,20210325,18.85,19,17.35,17.65,668757
VASWANI,20210325,9.65,10.35,9.55,9.75,19541
VBL,20210325,991.9,1015,987.85,998.65,476282
VEDL,20210325,224.1,224.25,220.35,222.5,30276235
VENKEYS,20210325,1556.05,1569,1530,1538.15,36478
VENUSREM,20210325,309.45,309.5,283.1,297.75,159812
VERTOZ,20210325,261.95,261.95,240.1,242.9,96653
VESUVIUS,20210325,922,939,905.1,933.3,14352
VETO,20210325,127,127.7,118,118.55,62808
VGUARD,20210325,238,238,228.6,233.15,617147
VHL,20210325,1840.05,1840.05,1737.25,1767.45,752
VICEROY,20210325,2.2,2.3,2.15,2.2,29551
VIDHIING,20210325,189,198,178.65,191.85,296906
VIJIFIN,20210325,0.65,0.65,0.6,0.6,51809
VIKASECO,20210325,2.3,2.3,2.15,2.15,1174176
VIKASMCORP,20210325,3.1,3.15,2.95,3,6071404
VIKASPROP,20210325,2.25,2.3,2.15,2.15,3056888
VIKASWSP,20210325,6.15,6.15,5.7,5.7,234257
VIMTALABS,20210325,160.5,161.95,147.7,155.45,56215
VINATIORGA,20210325,1406.15,1413.35,1380.8,1401.1,34896
VINDHYATEL,20210325,819.7,820,795,802.05,12285
VINYLINDIA,20210325,117.8,118.1,115.1,116.2,57135
VIPCLOTHNG,20210325,14,14,13.3,13.55,39823
VIPIND,20210325,365.4,366.75,352.25,357.3,292795
VIPULLTD,20210325,31.7,32.7,31.6,31.85,20380
VISAKAIND,20210325,478,478.25,464.05,472.9,30196
VISASTEEL,20210325,7.15,7.25,6.65,6.65,29497
VISHAL,20210325,66.15,66.15,66.15,66.15,1647
VISHNU,20210325,273.4,279.9,263.25,265.7,33339
VISHWARAJ,20210325,130,149.95,125,127.5,129993
VIVIDHA,20210325,0.75,0.85,0.75,0.75,507920
VIVIMEDLAB,20210325,17.3,17.3,16.05,16.35,390819
VLSFINANCE,20210325,82.2,82.6,80.1,80.3,31398
VMART,20210325,2740.3,2743.7,2610.65,2693.65,14031
VOLTAMP,20210325,1025.25,1034,989.55,997.2,18661
VOLTAS,20210325,992,992,953.65,958.6,2392229
VRLLOG,20210325,236.9,240.8,225.2,235.65,219190
VSSL,20210325,139,143.5,134.2,137.15,44342
VSTIND,20210325,3370,3409.7,3325.05,3363.2,2867
VSTTILLERS,20210325,1743.65,1743.65,1647.85,1705.2,28980
VTL,20210325,1214.2,1229.7,1175.65,1195,30348
WABAG,20210325,240.5,242.45,228.35,235.4,528045
WABCOINDIA,20210325,5624.95,6249,5500,5643.2,883279
WALCHANNAG,20210325,63.4,64.1,60.15,60.85,437951
WANBURY,20210325,88.35,88.35,87,88.35,142164
WATERBASE,20210325,104.5,104.5,100.4,100.9,72641
WEALTH,20210325,133.65,133.7,125.7,126.55,251
WEBELSOLAR,20210325,43.55,44.1,41.25,41.7,163438
WEIZMANIND,20210325,46,46,43.45,44.1,6003
WELCORP,20210325,131.7,135,128.8,130.25,991590
WELENT,20210325,120,122,116.5,119,286701
WELINV,20210325,391.5,408.3,390,404.35,3810
WELSPUNIND,20210325,80.4,80.4,76.1,77,963226
WENDT,20210325,3109.35,3228,3085,3143.65,429
WESTLIFE,20210325,461.5,464.1,438.5,451.5,576399
WHEELS,20210325,489.45,497.6,461,467.1,102977
WHIRLPOOL,20210325,2255.5,2263.5,2146,2156.15,168409
WILLAMAGOR,20210325,18.05,18.4,17.3,17.6,7950
WINDMACHIN,20210325,28.1,29.65,28.1,28.55,100319
WIPL,20210325,56.5,56.7,54,56.45,56338
WIPRO,20210325,410.7,411.7,397.75,399.65,12737129
WOCKPHARMA,20210325,423.5,425.5,407.4,408.95,442753
WONDERLA,20210325,198,200.8,192.5,195.35,85304
WORTH,20210325,50.15,51.85,49.1,49.95,19986
WSI,20210325,5.45,5.8,5.45,5.8,3729
WSTCSTPAPR,20210325,240.7,244.9,234.1,240.4,180318
XCHANGING,20210325,67.45,67.95,61.4,63.15,187016
XELPMOC,20210325,272.05,272.2,258.4,263.25,43832
XPROINDIA,20210325,63.15,63.15,57.65,63.15,27486
YAARII,20210325,142.1,145.75,137.75,138.2,248391
YESBANK,20210325,14.65,14.7,14.1,14.2,110609689
ZEEL,20210325,206,206.5,194.3,196.1,14877598
ZEELEARN,20210325,10.45,10.6,10.05,10.15,644585
ZEEMEDIA,20210325,6.25,6.3,5.95,6.05,1779654
ZENITHEXPO,20210325,65,65,64,64.35,353
ZENITHSTL,20210325,0.65,0.7,0.65,0.65,10643
ZENSARTECH,20210325,288,290.7,275,276.5,318384
ZENTEC,20210325,81.55,81.95,77.1,78.1,205118
ZODIACLOTH,20210325,100.3,100.35,95.35,97.1,76481
ZODJRDMKJ,20210325,28.2,28.2,24.5,25.6,10587
ZOTA,20210325,145.85,146.7,142.2,144.2,22337
ZUARI,20210325,91.4,91.4,85.25,86,98712
ZUARIGLOB,20210325,78.15,78.35,75.2,75.55,37103
ZYDUSWELL,20210325,1990,1995,1932.85,1959.7,35373
NSENIFTY,20210325,14570.90,14575.60,14264.40,14324.90,606820996,0
NIFTYJUNIOR,20210325,34388.80,34419.35,33453.90,33554.20,381812591,0
NIFTYMIDCAPLIQ15,20210325,5639.80,5649.85,5448.75,5498.25,107355252,0
NSE100,20210325,14713.35,14717.60,14393.50,14450.55,988633587,0
NIFTY200,20210325,7617.90,7619.55,7443.70,7476.25,2389797923,0
NSE500,20210325,12218.80,12221.55,11939.00,11993.30,2802712837,0
NSEMIDCAP150,20210325,8851.60,8858.35,8586.90,8669.85,1418704974,0
MIDCAP50,20210325,6715.95,6720.15,6475.55,6550.95,1225099126,0
NSEMIDCAP,20210325,23414.80,23432.30,22632.85,22858.55,1401164336,0
NSESMLCAP100,20210325,8086.50,8094.15,7827.60,7891.35,-,0
NIFTYLARGEMIDCAP250,20210325,-,-,-,7698.42,2407338561,0
NIFTYAUTO,20210325,9916.60,9924.35,9605.05,9651.35,167022338,0
BANKNIFTY,20210325,33420.75,33550.15,32415.25,33006.45,486186269,0
NIFTYFINSERVICE,20210325,15677.90,15708.30,15287.65,15474.75,170177058,0
NIFTYFMGC,20210325,34024.25,34044.40,33071.70,33213.15,59071629,0
NSEIT,20210325,25739.80,25766.00,25131.40,25237.10,36110700,0
NIFTYMEDIA,20210325,1589.20,1591.90,1530.35,1543.65,37139212,0
NIFTYMETAL,20210325,3729.35,3751.55,3614.40,3718.30,225891521,0
NIFTYPHARMA,20210325,11929.45,11986.35,11717.35,11816.80,22012395,0
NIFTYPVTBANK,20210325,17907.25,17987.50,17389.45,17699.15,183327921,0
NIFTYPSUBANK,20210325,2158.20,2160.95,2037.70,2097.70,430734061,0
NIFTYREALTY,20210325,332.00,332.80,319.80,323.15,25773954,0
NIFTYCOMMODITIES,20210325,4429.60,4433.85,4309.00,4337.10,337077847,0
NIFTYCONSUMPTION,20210325,5886.75,5889.50,5720.85,5737.55,113745753,0
NIFTYCPSE,20210325,1783.80,1792.05,1731.15,1734.60,142310341,0
NIFTYENERGY,20210325,18719.60,18724.35,18094.20,18133.35,226736566,0
NIFTY100ESG,20210325,-,-,-,2829.37,616617724,0
NIFTY100ENHESG,20210325,-,-,-,2852.07,568806660,0
NIFTYINFRA,20210325,4084.20,4086.85,3983.50,3994.00,341912795,0
NIFTYMNC,20210325,15997.10,16004.65,15627.35,15655.70,642893163,0
NIFTYPSE,20210325,3106.00,3113.90,3017.35,3025.95,389461726,0
NIFTYSMEEMERGE,20210325,-,-,-,1775.90,1027832,0
NIFTYSERVSECTOR,20210325,20469.20,20476.80,20040.00,20176.35,332121240,0
NIFTYSHARIAH25,20210325,-,-,-,5262.03,140256180,0
NIFTY50SHARIAH,20210325,-,-,-,3431.41,124376729,0
NIFTY500SHARIAH,20210325,-,-,-,4162.47,398860038,0
NIFTYABGROUP,20210325,-,-,-,4586.20,615958762,0
NIFTYMAHINDRA,20210325,-,-,-,12835.90,19900004,0
NIFTYTATA,20210325,-,-,-,10009.17,242921328,0
NIFTYTATA25CAP,20210325,-,-,-,7247.25,223571570,0
NIFTYABGROUP,20210325,-,-,-,4586.20,615958762,0
NIFTYLIQ15,20210325,3640.60,3642.55,3530.85,3557.65,264805087,0
NIFTY500VALUE50,20210325,-,-,-,4543.42,991643959,0
NIFTYQUALLOWVOL30,20210325,-,-,-,10143.71,135055669,0
NIFTYALPHAQUALLOWVOL30,20210325,-,-,-,11711.26,136935692,0
NIFTYALPHAQUALVALLOWVOL30,20210325,-,-,-,8855.72,150137024,0
NIFTY50EQUALWEIGHT,20210325,15781.20,15788.20,15415.20,15487.80,606820996,0
NIFTY100EQUALWEIGHT,20210325,16786.75,16792.60,16370.85,16437.25,988633587,0
NIFTY100LOWVOL30,20210325,11152.55,11156.70,10900.05,10928.50,209303169,0
NSEDEFTY,20210325,-,-,-,6834.58,-,0
NIFTY50DIVPOINT,20210325,116.43,116.43,116.43,116.43,-,0
NIFTYDIVOPPS50,20210325,3013.35,3015.60,2941.75,2950.90,574704398,0
NIFTYALPHA50,20210325,22621.80,22632.80,21804.80,22007.80,657575831,0
NIFTY50ARBITRAGE,20210325,-,-,-,1942.85,-,0
NIFTY50FUTINDEX,20210325,-,-,-,4726.85,-,0
NIFTY50FUTTRINDEX,20210325,-,-,-,14948.87,-,0
NIFTYHIGHBETA50,20210325,-,-,-,1709.56,1450617429,0
NIFTYLOWVOL50,20210325,-,-,-,13287.66,211780979,0
NIFTY50VALUE20,20210325,7310.60,7319.85,7161.40,7189.50,244337188,0
NIFTYGROWSECT15,20210325,6951.75,6953.45,6791.70,6845.10,121052012,0
NIFTY50TR2XLEV,20210325,8645.70,8645.70,8283.95,8354.15,-,0
NIFTY50PR2XLEV,20210325,6477.75,6477.75,6206.70,6259.35,-,0
NIFTY50TR1XINV,20210325,260.65,266.15,260.65,265.10,-,0
NIFTY50PR1XINV,20210325,301.00,307.30,301.00,306.10,-,0
NIFTY-GS-COMPSITE,20210325,2270.68,2272.05,2268.39,2270.44,-,0
NIFTY-GS-4-8YR,20210325,2379.84,2381.38,2376.53,2379.11,-,0
NIFTY-GS-8-13YR,20210325,2222.67,2224.12,2221.22,2223.37,-,0
NIFTY-GS-10YR,20210325,2018.80,2019.95,2015.30,2017.34,-,0
NIFTY-GS-10YR-CLN,20210325,947.82,948.37,946.15,947.13,-,0
NIFTY-GS-11-15YR,20210325,2385.18,2385.77,2381.85,2385.25,-,0
NIFTY-GS-15YRPLUS,20210325,2647.30,2648.31,2647.18,2640.77,-,0
VIX,20210325,22.46,23.31,21.12,22.70,0,0
