20MICRONS,20210519,55.85,57,53.35,54.6,723160
21STCENMGM,20210519,14.4,14.4,13.9,14.4,10861
3IINFOTECH,20210519,8.95,9.15,8.8,8.8,69560776
3MINDIA,20210519,26275,26400,25650.3,25884.1,3076
3PLAND,20210519,14.4,14.5,14.05,14.25,18731
5PAISA,20210519,359.85,373,355.05,367.1,33510
63MOONS,20210519,87.95,88.2,86,86.3,31079
A2ZINFRA,20210519,4.45,4.65,4.4,4.45,986419
AAKASH,20210519,156.25,157.2,154.35,155.65,59596
AARON,20210519,101,106.55,101,106.55,86723
AARTIDRUGS,20210519,762,770,760.4,763.4,498333
AARTIIND,20210519,1770,1770,1640.25,1665.8,3136796
AARTISURF,20210519,1495,1514,1468.8,1487.6,10391
AARVEEDEN,20210519,22.8,23.95,22.3,23.1,9676
AARVI,20210519,51.2,52,51,51.95,15297
AAVAS,20210519,2257.5,2326.6,2257.5,2290.3,36953
ABAN,20210519,34.95,35.45,34.2,34.7,103927
ABB,20210519,1448,1481.8,1441,1450.2,161989
ABBOTINDIA,20210519,16099,16126.8,15895,16024.1,17224
ABCAPITAL,20210519,125.9,130.85,125.55,128.25,5724702
ABFRL,20210519,191.5,192.8,183.45,185.05,2164502
ABMINTLTD,20210519,61.45,63,59.25,62.2,10946
ABSLBANETF,20210519,346,346,325.3,334.63,271
ABSLNN50ET,20210519,383,383,373,373,39
ACC,20210519,1939.45,1982,1917,1927.25,963994
ACCELYA,20210519,900,906.25,865,875.7,40329
ACCURACY,20210519,62,62,60.4,61.3,41906
ACE,20210519,153.95,162,153.55,157.15,693257
ACRYSIL,20210519,344,375,343.25,364.9,299821
ADANIENT,20210519,1350,1351.55,1283.9,1294.7,9925284
ADANIGREEN,20210519,1244,1258.65,1156,1243.65,2581312
ADANIPORTS,20210519,784,791.9,769.3,772.4,15666729
ADANIPOWER,20210519,103.7,106.95,101.3,102.4,39269687
ADANITRANS,20210519,1269.95,1323.35,1260,1323.35,2406352
ADFFOODS,20210519,936,1094.7,936,994.25,159066
ADHUNIKIND,20210519,28.65,29,27.75,28.2,55261
ADL,20210519,30.2,31.95,30.2,31.8,1217
ADORWELD,20210519,408.9,416.15,395,402.9,41485
ADROITINFO,20210519,9.25,9.65,8.85,9.4,6530
ADSL,20210519,57.3,58.9,56.15,56.7,154231
ADVANIHOTR,20210519,56.3,58,54.7,57.1,13267
ADVENZYMES,20210519,474.95,503.7,471.65,484.55,1476063
AEGISCHEM,20210519,346,352.4,332.05,332.75,2118700
AFFLE,20210519,5200.85,5227.95,5122,5128.9,58103
AGARIND,20210519,204.5,215.25,204.5,213.95,38109
AGCNET,20210519,1328.4,1355,1310,1317.3,5178
AGRITECH,20210519,42.8,44.95,42.55,43.8,12176
AGROPHOS,20210519,12.75,13.35,12.75,12.75,128181
AHLADA,20210519,104.95,108,99.5,101.3,8996
AHLEAST,20210519,146.65,158.35,146.6,154.6,5131
AHLUCONT,20210519,286,294,286,292,13564
AHLWEST,20210519,210,210,196,200,4372
AIAENG,20210519,1943,1965,1931.55,1943.55,36990
AIRAN,20210519,22.8,23.5,22,22.3,218576
AJANTPHARM,20210519,1909,1975,1909,1957.95,130840
AJMERA,20210519,123,126.25,122.35,122.95,60956
AJOONI,20210519,52.55,53.75,52.55,53.75,296988
AKASH,20210519,222,222,210.1,213.85,5197
AKG,20210519,28,28,26.55,27.05,5366
AKSHARCHEM,20210519,288.15,292.9,283.45,285.75,29687
AKSHOPTFBR,20210519,7.2,7.55,7.2,7.35,665709
AKZOINDIA,20210519,2225,2242.8,2194.05,2202.6,13354
ALANKIT,20210519,16.15,16.2,15.85,16.1,109301
ALBERTDAVD,20210519,439,449.85,438.1,445.9,15247
ALEMBICLTD,20210519,121.95,132.9,121.5,130.25,3586457
ALICON,20210519,524.95,533.2,516.15,529.65,8154
ALKALI,20210519,56.9,61.35,55.5,58.95,205635
ALKEM,20210519,2950,2999.95,2941,2973.45,145167
ALKYLAMINE,20210519,3585,3631.7,3560.45,3587.8,100173
ALLCARGO,20210519,137,142,134.15,135.15,2269873
ALLSEC,20210519,357,374.9,355,368.35,68186
ALMONDZ,20210519,36.9,36.9,35.15,35.15,33130
ALOKINDS,20210519,21.1,21.5,20.65,21.25,22453995
ALPA,20210519,59.6,59.6,59.6,59.6,46817
ALPHAGEO,20210519,247,247,239,239.95,17559
ALPSINDUS,20210519,1.85,1.9,1.8,1.9,67139
AMARAJABAT,20210519,785,801.25,783.75,796.15,1348941
AMBER,20210519,3000,3037.95,2980,2989.5,33914
AMBICAAGAR,20210519,31,31,31,31,11209
AMBIKCO,20210519,1121.3,1144.95,1113.05,1116.9,10504
AMBUJACEM,20210519,315.5,324.9,315,317.65,10886866
AMDIND,20210519,19.4,19.7,19.2,19.55,5742
AMJLAND,20210519,25.85,26,24.65,25.9,13375
AMRUTANJAN,20210519,701,760,694,747.7,160575
ANANTRAJ,20210519,50.8,52.75,50.3,52.75,1199021
ANDHRACEMT,20210519,6.3,6.55,6.2,6.45,672315
ANDHRAPAP,20210519,230,232.4,226.6,231.05,25681
ANDHRSUGAR,20210519,423,439,419.4,429.95,315773
ANGELBRKG,20210519,649.8,685.05,646.65,685.05,813209
ANIKINDS,20210519,13,13,12.4,12.5,74514
ANKITMETAL,20210519,1.45,1.45,1.35,1.35,284073
ANSALAPI,20210519,6.15,6.4,5.95,6.35,272846
ANSALHSG,20210519,5.75,6.05,5.55,5.85,61685
ANUP,20210519,652,655,636.25,644.5,51081
ANURAS,20210519,780,798.95,766,771.5,522542
APARINDS,20210519,516.6,533.9,516.6,524.05,81529
APCL,20210519,234.4,248.35,234.4,243.95,110942
APCOTEXIND,20210519,340,369.95,340,359,352803
APEX,20210519,250.5,256.9,250.1,253.5,107270
APLAPOLLO,20210519,1250,1300,1242.35,1288.4,185266
APLLTD,20210519,942.8,969.7,940.25,962,557879
APOLLO,20210519,106.65,109,106.15,107.95,148889
APOLLOHOSP,20210519,3180.2,3236.1,3161.7,3229.7,711069
APOLLOPIPE,20210519,1045,1070,1039.35,1061.25,18687
APOLLOTYRE,20210519,214.5,218.5,213.4,215.95,5742580
APOLSINHOT,20210519,622.35,689.9,622.35,670.7,5562
APTECHT,20210519,213.4,221.1,213.3,216.85,404442
ARCHIDPLY,20210519,33.75,35.5,33.7,34.7,18773
ARCHIES,20210519,12.15,12.7,12,12.15,95008
ARENTERP,20210519,11.7,12.4,11.45,12.15,5332
ARIES,20210519,112,113,108.3,111.65,163279
ARIHANT,20210519,20,20.35,19.05,19.9,17474
ARIHANTSUP,20210519,71.85,71.85,68.15,70,7951
ARMANFIN,20210519,534,540,527.5,532.8,5060
AROGRANITE,20210519,51.7,52.5,49.6,49.9,47654
ARROWGREEN,20210519,109.7,111.35,107,111.35,27759
ARSHIYA,20210519,29.2,30,28.5,29.4,40767
ARSSINFRA,20210519,25.05,25.9,25.05,25.8,23088
ARTEMISMED,20210519,273.9,274.9,262.2,265.95,38454
ARVEE,20210519,167.65,167.65,167.65,167.65,1296
ARVIND,20210519,74,77.45,73.2,75.35,1220157
ARVINDFASN,20210519,142.85,144.4,141.25,141.7,122524
ARVSMART,20210519,92.95,95,92.85,93.15,115625
ASAHIINDIA,20210519,302,304,296.2,297,49826
ASAHISONG,20210519,381.95,381.95,357,361.4,13350
ASAL,20210519,38.5,38.9,37.5,37.65,5918
ASALCBR,20210519,442.7,449.4,433,436.35,24681
ASHAPURMIN,20210519,159.6,163,151.45,155.65,202191
ASHIANA,20210519,113.7,116.45,111.55,115,53218
ASHIMASYN,20210519,19.9,19.9,19.2,19.2,86853
ASHOKA,20210519,85.1,88.4,84.65,87.9,1922616
ASHOKLEY,20210519,123.3,125.35,120.3,124.8,35836557
ASIANHOTNR,20210519,67.05,69.4,64.3,66.5,10840
ASIANPAINT,20210519,2805.15,2849,2798.65,2815.85,1219067
ASIANTILES,20210519,168.95,179,165.1,173.25,758751
ASPINWALL,20210519,190.3,193.55,183.95,192.2,3932
ASTEC,20210519,1266,1284.6,1254.8,1270.7,26999
ASTERDM,20210519,154.5,156.5,152.9,153.45,310551
ASTRAL,20210519,1850,1980,1775.55,1815.85,1471269
ASTRAMICRO,20210519,122.2,124.5,119.55,119.9,342966
ASTRAZEN,20210519,3804.5,3810,3780,3786.45,14112
ASTRON,20210519,40.95,42.8,40.4,42.15,206517
ATFL,20210519,976.95,981.25,965.3,970.45,13532
ATGL,20210519,1326.9,1355,1307.4,1326.15,2900348
ATLANTA,20210519,8.85,8.95,8.85,8.9,55596
ATUL,20210519,8400,8574,8384.75,8512.4,18179
ATULAUTO,20210519,186.65,193.8,184.9,189.35,272693
AUBANK,20210519,985,997.85,971,983.45,1362004
AURIONPRO,20210519,156.65,159,151.5,152.75,114581
AUROPHARMA,20210519,1000.15,1029.9,1000.15,1017.1,2428475
AUSOMENT,20210519,65.65,70,65.55,68.9,12840
AUTOAXLES,20210519,1145,1181,1127,1166.85,56236
AUTOIND,20210519,35.4,35.45,34.35,35.05,10223
AVADHSUGAR,20210519,318,333,315.95,320.15,256770
AVANTIFEED,20210519,545.8,548.3,537.1,545.05,422161
AVTNPL,20210519,54.95,55.95,54.05,55,132979
AWHCL,20210519,303,309,303,304.35,105994
AXISBANK,20210519,704,723.7,702.2,716.8,20244016
AXISBNKETF,20210519,335.95,337.35,334.64,335.65,588
AXISBPSETF,20210519,10.11,10.12,10.09,10.11,10485
AXISCADES,20210519,63,64.7,60.1,62.3,130456
AXISGOLD,20210519,42.3,42.54,41.9,41.94,264668
AXISNIFTY,20210519,156.19,156.99,155.68,156.08,2653
AXISTECETF,20210519,261.99,261.99,254.95,259,827
AYMSYNTEX,20210519,61.4,62.8,57.4,61.9,98410
BAFNAPH,20210519,137.95,140,133.3,137.35,7378
BAGFILMS,20210519,2.7,2.8,2.6,2.7,133578
BAJAJ-AUTO,20210519,4075,4112,4047.8,4095.95,788882
BAJAJCON,20210519,279.95,282,277,277.35,324990
BAJAJELEC,20210519,1156.35,1165,1139,1147.1,66127
BAJAJFINSV,20210519,11390,11434,11170.05,11215.15,227567
BAJAJHIND,20210519,12.3,12.8,11.95,12.05,20212996
BAJAJHLDNG,20210519,3598.95,3677,3572.05,3647.65,63361
BAJFINANCE,20210519,5674.95,5722.9,5595,5631.2,2250906
BALAJITELE,20210519,56.7,56.85,55.6,55.85,214377
BALAMINES,20210519,2639,2739.9,2630,2713.7,258008
BALAXI,20210519,605,608.35,585,602.9,4470
BALKRISHNA,20210519,23.45,23.45,22,22.1,28979
BALKRISIND,20210519,2090,2209,2090,2148.9,1788730
BALMLAWRIE,20210519,137.25,140.9,137,137.95,535014
BALPHARMA,20210519,91.7,96.6,88.1,96.6,57243
BALRAMCHIN,20210519,312.5,329.9,311.4,323.25,3372272
BANARBEADS,20210519,51.9,52.5,46.3,50.3,13288
BANARISUG,20210519,1863,1870.4,1820.35,1828.4,5182
BANCOINDIA,20210519,150,152.75,148.9,149.55,81942
BANDHANBNK,20210519,291.5,291.85,286.65,289.55,4219342
BANG,20210519,33.05,33.55,31,31.6,55941
BANKA,20210519,86,86,81.3,82.25,16900
BANKBARODA,20210519,76.6,78.25,76.15,76.7,54818016
BANKBEES,20210519,340.8,340.8,337.19,338.14,760856
BANKINDIA,20210519,74.5,82.75,73.75,77.5,39436913
BANSWRAS,20210519,127,127,118.25,124.9,16280
BARBEQUE,20210519,614,614,587,595.45,212506
BASF,20210519,2513.7,2513.7,2446,2452.8,27431
BASML,20210519,71.5,73.5,69.8,70.9,126580
BATAINDIA,20210519,1454,1493,1451,1474.85,1340980
BAYERCROP,20210519,5300,5393,5284.95,5336.9,20875
BBL,20210519,1266,1294.45,1259.9,1274.25,9094
BBTC,20210519,1196,1231.7,1191.65,1201.55,109600
BCG,20210519,8.4,8.45,8.1,8.2,3047935
BCLIND,20210519,148.2,150.65,142.05,142.8,68307
BCP,20210519,3.5,3.6,3.45,3.55,191048
BDL,20210519,344.85,354.2,344.2,347.85,131049
BEARDSELL,20210519,12.2,13.45,12.2,12.95,18926
BECTORFOOD,20210519,410.9,414.5,400.9,403.55,372801
BEDMUTHA,20210519,23.05,23.8,22.85,23.15,30403
BEL,20210519,154.3,157.9,153.05,155.15,27984638
BEML,20210519,1309.6,1323.8,1290.1,1306.9,350765
BEPL,20210519,159,163.5,159,160.25,761625
BERGEPAINT,20210519,785,798,782,790.3,1900457
BESTAGRO,20210519,217.95,242.25,202.35,242.25,885687
BFINVEST,20210519,340.8,347.7,332.8,336.25,189257
BFUTILITIE,20210519,322.5,328,312.45,314.1,736851
BGRENERGY,20210519,57.4,59.8,55.85,57.55,614852
BHAGERIA,20210519,190,195.75,188.3,190.45,83703
BHAGYANGR,20210519,55.6,56.8,55.45,56.65,64529
BHAGYAPROP,20210519,29,29.45,28.25,29,48157
BHANDARI,20210519,2.55,2.6,2.5,2.5,220371
BHARATFORG,20210519,679.8,687.4,672.8,679.35,2096140
BHARATGEAR,20210519,89.4,104.95,87.5,102,1031638
BHARATRAS,20210519,12850,12934.35,12651,12681.85,2206
BHARATWIRE,20210519,61.7,62.4,58.6,59,64623
BHARTIARTL,20210519,537.9,540.55,526.2,528.2,19223054
BHEL,20210519,70.65,74.35,70.2,73.75,105322060
BIGBLOC,20210519,82,88.5,82,86.95,2622
BIL,20210519,203,208.75,201.05,206.25,3183
BINDALAGRO,20210519,17.6,20.3,17.55,19.9,1074285
BIOCON,20210519,383,387.5,382.8,386.65,2120283
BIOFILCHEM,20210519,70.6,72.9,70,71.05,39667
BIRLACABLE,20210519,77,80.7,74.75,78.95,1128254
BIRLACORPN,20210519,1202.1,1373.95,1187.5,1318.2,1949024
BIRLAMONEY,20210519,44.7,45.25,44.2,44.3,140096
BIRLATYRE,20210519,31.8,31.8,29.3,29.6,3113882
BKMINDST,20210519,0.95,1,0.95,1,31499
BLBLIMITED,20210519,7.15,7.15,6.65,6.95,35773
BLISSGVS,20210519,109.4,112,109,110,461183
BLKASHYAP,20210519,17.9,18.35,17.1,17.5,349899
BLS,20210519,97.4,105.9,96.4,102.65,441339
BLUEDART,20210519,5777,5973.85,5768.6,5844.75,104022
BLUESTARCO,20210519,814.1,824,806,809.45,86886
BODALCHEM,20210519,100.95,103.35,100.15,101.2,781817
BOMDYEING,20210519,75.1,78.15,75.1,76.95,4090958
BOROLTD,20210519,223,237,223,234.8,727763
BORORENEW,20210519,276,297.9,274.5,294.35,2739261
BOSCHLTD,20210519,14437,14835,14357.05,14780.55,63153
BPCL,20210519,450,454.3,442.25,446.45,8107607
BPL,20210519,37.9,38.1,36.05,36.5,232706
BRFL,20210519,6.9,6.95,6.8,6.85,245982
BRIGADE,20210519,262.1,280,254,259.75,2505444
BRITANNIA,20210519,3535,3555,3516.05,3534.4,688416
BRNL,20210519,30.45,30.5,28.9,29.2,67301
BROOKS,20210519,89,91.05,88.5,89.35,63486
BSE,20210519,756,766,746.3,757.6,533934
BSELINFRA,20210519,1,1.1,1,1.05,134962
BSHSL,20210519,177.8,177.8,176.05,177.8,6764
BSL,20210519,48.8,48.95,46.05,47.2,32456
BSLGOLDETF,20210519,4449.9,4449.95,4404,4427.9,883
BSLNIFTY,20210519,162.6,166.3,162.6,165.2,467
BSOFT,20210519,269.15,277,268.45,269.5,1905245
BURGERKING,20210519,143.25,147.3,138.85,140.1,5527568
BURNPUR,20210519,3.05,3.05,2.95,3.05,150768
BUTTERFLY,20210519,638.15,654.75,638,648.85,53552
BVCL,20210519,21.4,21.4,20,21.3,30606
BYKE,20210519,20.9,21.25,20.55,20.95,63170
CADILAHC,20210519,607,619.6,606.1,614.95,4512828
CALSOFT,20210519,9.3,9.4,8.8,9,18568
CAMLINFINE,20210519,172.35,173.9,166.55,167.3,365386
CAMS,20210519,2320,2322.4,2280.15,2315.6,89114
CANBK,20210519,148,152.25,146,146.4,38781856
CANFINHOME,20210519,524.25,534.4,520,521.85,332627
CANTABIL,20210519,372.1,372.85,367.5,369.4,91989
CAPACITE,20210519,194,206.25,193.4,202.2,303233
CAPLIPOINT,20210519,624,624,575.55,588.85,544867
CAPTRUST,20210519,93,93,86.6,88.55,13884
CARBORUNIV,20210519,616,627,595.25,598.45,367003
CAREERP,20210519,135,135.5,131.65,132.75,20620
CARERATING,20210519,538.65,547.25,536,540.85,193974
CASTEXTECH,20210519,0.85,0.85,0.8,0.85,558968
CASTROLIND,20210519,129.1,130.45,127.7,128.35,944945
CCCL,20210519,0.3,0.4,0.3,0.3,62614
CCHHL,20210519,5.5,5.55,5.05,5.4,164985
CCL,20210519,301.5,323,301,314.85,1433169
CDSL,20210519,870,898,870,879.45,874735
CEATLTD,20210519,1288.95,1313,1281.1,1298.15,280201
CEBBCO,20210519,20.6,21.15,19.5,21.15,400987
CELEBRITY,20210519,5.55,5.7,5.35,5.7,65691
CENTENKA,20210519,297,314,293.4,304.2,480376
CENTEXT,20210519,6.85,6.95,6.45,6.6,577100
CENTRALBK,20210519,17.8,19.4,17.5,18.6,33215604
CENTRUM,20210519,37.1,40.7,37,39.15,6043654
CENTUM,20210519,397,439.9,391,428.05,52189
CENTURYPLY,20210519,365.4,395.9,363.3,391.35,722850
CENTURYTEX,20210519,492,500.85,489.8,492.4,418705
CERA,20210519,3950,3980,3900.05,3920.35,3140
CEREBRAINT,20210519,50.05,50.15,48.35,48.8,201408
CESC,20210519,691,705,682.05,695.7,557443
CGCL,20210519,468.9,468.9,459,460.4,122958
CGPOWER,20210519,88.25,89.7,86,87.3,2310729
CHALET,20210519,152.1,158.4,151,157.2,584698
CHAMBLFERT,20210519,279,289.5,276.75,284.55,1361726
CHEMBOND,20210519,203.8,207.7,197.3,200.95,87920
CHEMCON,20210519,434.8,445,433.7,437.6,105249
CHEMFAB,20210519,162.75,166,158.15,163.65,22853
CHENNPETRO,20210519,117,124.7,117,122.9,3261938
CHOLAFIN,20210519,545.75,554.35,541.4,544.05,3598992
CHOLAHLDNG,20210519,572.6,580,566,571.6,142484
CIGNITITEC,20210519,396,414.9,394.7,410.8,168185
CINELINE,20210519,36,36,35.25,35.75,18009
CINEVISTA,20210519,14.35,14.35,14.25,14.35,49631
CIPLA,20210519,887.85,905.95,881,903.95,7242643
CLEDUCATE,20210519,83.2,86.05,83.2,84.9,12577
CLNINDIA,20210519,510,530.9,508.05,522.1,280394
CLSEL,20210519,134,134.3,129.85,130.2,159549
CMICABLES,20210519,46.85,47.9,46,46.45,65469
COALINDIA,20210519,146.45,152.5,145.1,151.85,23999878
COCHINSHIP,20210519,387.5,389.85,380,380.5,440493
COFFEEDAY,20210519,26.65,28.95,26.05,26.35,2897770
COFORGE,20210519,3399,3457.6,3251.55,3277.75,3480261
COLPAL,20210519,1579.7,1625,1577,1605.9,935763
COMPINFO,20210519,21.9,23,21.65,22.15,1578991
COMPUSOFT,20210519,9.2,9.5,9.15,9.3,35374
CONCOR,20210519,612,613.95,595,599.75,2018225
CONFIPET,20210519,63.5,64.8,62.25,62.85,1046606
CONSOFINVT,20210519,59.65,60.95,59.45,59.45,4234
CONTROLPR,20210519,313,324.05,312,316.8,16676
CORALFINAC,20210519,26.25,29.45,26.2,28.9,536667
CORDSCABLE,20210519,45,46.5,44.4,46.2,120072
COROMANDEL,20210519,774.9,777.9,765.5,775.3,169336
COSMOFILMS,20210519,771.25,786,753.1,762.85,92065
COUNCODOS,20210519,2.15,2.15,2,2.05,152310
CPSEETF,20210519,25.5,25.55,24.5,25.46,3670118
CRAFTSMAN,20210519,1510.5,1521.95,1480.35,1491.85,58784
CREATIVE,20210519,90.75,90.75,85,85.45,53816
CREATIVEYE,20210519,2.95,2.95,2.95,2.95,1642
CREDITACC,20210519,609.9,624,605.05,609,71585
CREST,20210519,89,89.9,85.15,86.55,6235
CRISIL,20210519,1933.5,1944,1921.95,1930.85,9440
CROMPTON,20210519,378.3,385.2,378.25,383.1,1325722
CSBBANK,20210519,284,325,279.7,320,5115600
CTE,20210519,30.95,31.1,28.8,29.75,35175
CUB,20210519,170.95,173,169.4,169.95,1559947
CUBEXTUB,20210519,30.95,30.95,29.7,29.9,5346
CUMMINSIND,20210519,841.9,858,833.9,836.2,1047739
CUPID,20210519,230.5,232.15,225,226,49915
CYBERMEDIA,20210519,10.75,10.8,9.8,10.3,14778
CYBERTECH,20210519,137.85,146,137.65,139.5,219127
CYIENT,20210519,812.95,819.9,776.25,794,235043
DAAWAT,20210519,85.7,86.45,84.55,85.6,2413262
DABUR,20210519,530,539.15,528.05,538.05,2402429
DALALSTCOM,20210519,0.8,0.8,0.75,0.8,61726
DALBHARAT,20210519,1840,1853.05,1771,1794.85,189566
DALMIASUG,20210519,324.95,355,323.95,349.85,937212
DAMODARIND,20210519,30.5,31.35,30,30.9,22304
DANGEE,20210519,152,153.45,145.6,151.8,2493
DATAMATICS,20210519,129,132.9,129,129.95,164148
DBCORP,20210519,91.3,92.8,90,91.15,433510
DBL,20210519,545,554.75,540.1,542.65,307014
DBREALTY,20210519,19.7,20.3,19.55,19.8,136298
DBSTOCKBRO,20210519,9.05,9.55,9.05,9.4,4004
DCAL,20210519,186.5,194.5,186,190.95,3062079
DCBBANK,20210519,99.75,103.25,98.15,101.7,3559124
DCM,20210519,29.65,30.15,28.55,28.9,47875
DCMFINSERV,20210519,1.9,1.9,1.85,1.85,13414
DCMNVL,20210519,114.75,114.75,114.75,114.75,22708
DCMSHRIRAM,20210519,672.5,694,669,680.35,285925
DCW,20210519,37.05,40.75,37.05,40.05,15965385
DECCANCE,20210519,473.8,485,471.25,482.8,110759
DEEPAKFERT,20210519,284.3,293.4,282.45,288.25,412730
DEEPAKNTR,20210519,1800,1824,1765.2,1775.4,916464
DEEPENR,20210519,37.7,43,36.6,40,579886
DEEPINDS,20210519,61.9,62.45,57.8,61.7,57222
DELTACORP,20210519,161.35,165,160.5,161.85,3432403
DELTAMAGNT,20210519,30.95,30.95,29.25,29.4,8475
DEN,20210519,44.15,44.25,43.5,43.7,1662365
DENORA,20210519,299.6,311,290.65,300.5,41406
DFMFOODS,20210519,341,349,335.2,337.3,140893
DGCONTENT,20210519,7.6,7.65,7.3,7.45,22791
DHAMPURSUG,20210519,333.8,360.8,332.15,351.8,2423147
DHANBANK,20210519,14.5,14.65,14.3,14.35,563408
DHANI,20210519,180.75,180.75,174,175.55,484710
DHANUKA,20210519,911,911,880.25,891.55,122120
DHARSUGAR,20210519,11.35,11.35,11.35,11.35,12953
DHFL,20210519,15,15.8,14.95,15.8,1458394
DHUNINV,20210519,379.95,379.95,361,361.55,2491
DIAMONDYD,20210519,570,570,558.65,561.35,7642
DICIND,20210519,397.7,398.4,391.2,395.05,2845
DIGISPICE,20210519,43.35,43.35,42.8,43.35,285433
DISHTV,20210519,12.8,13,12.45,12.55,6837218
DIVISLAB,20210519,4035,4059,4002,4039.65,545721
DIXON,20210519,3943,3970,3890.65,3920.2,174422
DLF,20210519,262.1,267.8,261.1,265.05,6331207
DLINKINDIA,20210519,106.8,110.9,106.5,108.6,324205
DMART,20210519,3069,3090.95,3010.1,3027.9,683428
DNAMEDIA,20210519,1.6,1.6,1.6,1.6,3732
DOLAT,20210519,74.35,77,72.5,73.55,685952
DOLLAR,20210519,248,265.5,247.4,255.3,383748
DONEAR,20210519,36.25,37.9,35,36.4,250441
DPABHUSHAN,20210519,126.7,129.85,120.1,122.55,17509
DPSCLTD,20210519,12.2,12.3,12.05,12.15,33546
DPWIRES,20210519,148,153,143.3,144.9,16932
DRCSYSTEMS,20210519,300.15,300.15,274,300.15,18638
DREDGECORP,20210519,391.8,406.25,388.5,393.6,166729
DRREDDY,20210519,5235,5264,5206.05,5237.8,918921
DSSL,20210519,111.9,113.5,110.15,110.65,31255
DTIL,20210519,311.05,319,308.75,316.35,8302
DUCON,20210519,7.1,7.3,6.8,6.9,79081
DVL,20210519,142.95,146.5,140.5,141.2,57444
DWARKESH,20210519,54.2,57.2,54,54.9,7838004
DYNAMATECH,20210519,1017.1,1080,1017.05,1034.85,9202
DYNPRO,20210519,510,519,494.2,496.55,25539
EASEMYTRIP,20210519,237,252.7,229.05,232.65,9676055
EASTSILK,20210519,2.85,3.1,2.85,2.85,55795
EBANK,20210519,3715,3715,3550,3575,12
EBBETF0423,20210519,1128.34,1128.5,1127.1,1128.13,2416
EBBETF0425,20210519,1045,1045.5,1044.2,1044.8,686
EBBETF0430,20210519,1155.94,1156.99,1155.16,1156.08,7808
EBBETF0431,20210519,1038.1,1038.1,1036.05,1036.65,7374
EBIXFOREX,20210519,678.5,694,645,683.8,30427
ECLERX,20210519,1195,1220,1170,1180.05,11489
EDELWEISS,20210519,61.4,61.7,60.4,60.95,1290361
EICHERMOT,20210519,2550,2615,2540.35,2564.7,1086010
EIDPARRY,20210519,416.95,435,415.5,427.25,601848
EIHAHOTELS,20210519,248.95,267,247.15,263.7,132449
EIHOTEL,20210519,97,100.2,96.1,98.75,1232849
EIMCOELECO,20210519,352.05,356.85,347.25,353,2779
EKC,20210519,107.5,111.4,107.25,111.4,1060429
ELECON,20210519,91,91.35,86.8,88.15,415620
ELECTCAST,20210519,32.2,34,32.2,32.95,1545658
ELECTHERM,20210519,124.85,128.5,120.65,121.25,18639
ELGIEQUIP,20210519,216.2,217.5,212,213.8,88260
ELGIRUBCO,20210519,35.45,38.5,34.15,37.85,144669
EMAMILTD,20210519,520,520,506.7,508.25,149915
EMAMIPAP,20210519,120.1,125.75,120.1,121.7,17707
EMAMIREAL,20210519,46.4,46.5,45.7,45.85,40332
EMKAY,20210519,72.85,74.5,71.85,72.4,77269
EMMBI,20210519,98.9,101,97,98.35,109800
ENDURANCE,20210519,1346.3,1367,1333,1357.7,97435
ENERGYDEV,20210519,10.2,10.25,9.75,10.15,95981
ENGINERSIN,20210519,80.85,84.7,80.55,83,12226776
ENIL,20210519,149.4,153.95,147.25,152.2,85982
EPL,20210519,243.3,249.75,242.7,248.1,341839
EQ30,20210519,416.13,433.89,416.13,430,100
EQUITAS,20210519,87.2,90.2,87,88.95,1130248
EQUITASBNK,20210519,55.65,55.9,55.3,55.4,239765
ERIS,20210519,721.5,730.8,713.1,720.4,365532
EROSMEDIA,20210519,23.95,24.75,22.95,23.35,801853
ESABINDIA,20210519,1787.15,1838.95,1787.15,1805.05,10785
ESCORTS,20210519,1180,1189,1168.2,1176.2,1511759
ESSARSHPNG,20210519,9.4,9.6,8.7,9.05,145781
ESTER,20210519,147,147.5,136.95,143.15,699473
EUROTEXIND,20210519,7.25,7.4,7.25,7.4,6229
EVEREADY,20210519,286.65,289.75,281.65,283,134774
EVERESTIND,20210519,361.4,372,353.9,359.55,194672
EXCEL,20210519,2.8,2.8,2.6,2.6,99048
EXCELINDUS,20210519,1163.7,1184.9,1157,1167.1,32449
EXIDEIND,20210519,186.85,189.35,186.15,187.25,4062013
EXPLEOSOL,20210519,700,715,689.95,708.6,31403
FACT,20210519,127.8,130.7,125,125.6,439419
FAIRCHEMOR,20210519,829,841.05,820,827.4,11876
FCL,20210519,81.9,82.95,79.25,79.75,322548
FCONSUMER,20210519,6.8,6.8,6.65,6.65,2969515
FCSSOFT,20210519,0.95,0.95,0.95,0.95,1629382
FDC,20210519,335,342.4,335,338.2,145586
FEDERALBNK,20210519,84.3,85.4,83.3,84.4,26551292
FEL,20210519,9.05,9.1,8.95,9,429522
FELDVR,20210519,12,12.2,11.7,11.8,23002
FIEMIND,20210519,593,593.5,580.1,583.65,14696
FILATEX,20210519,104.9,106.8,102.05,103.1,423299
FINCABLES,20210519,384.25,394.85,378.8,381.45,489142
FINEORG,20210519,3227,3424,3202.6,3371.35,117221
FINPIPE,20210519,152.5,155.5,152.5,154.75,474248
FLEXITUFF,20210519,26.3,27.45,26.3,27,11975
FLFL,20210519,52.75,52.8,52.35,52.5,63552
FLUOROCHEM,20210519,811.1,836.65,811.1,817.9,53677
FMGOETZE,20210519,290,292.55,288.1,290.3,393123
FMNL,20210519,14.7,14.7,14.25,14.4,15320
FORCEMOT,20210519,1219,1289.95,1203,1259.75,211579
FORTIS,20210519,223.9,223.9,220,221.6,2264108
FOSECOIND,20210519,1373.6,1380,1346.6,1374.85,4057
FRETAIL,20210519,45.05,45.55,45,45.05,1807834
FSC,20210519,74.55,74.85,71.6,72.55,49429
FSL,20210519,130.75,138.5,129,137.4,10180340
G5,20210519,48.25,48.34,48.25,48.28,6833
GABRIEL,20210519,111.7,120.9,111.1,118.4,3830985
GAEL,20210519,178,184,177.05,179.6,1214250
GAIL,20210519,152.8,154.55,151.3,152.8,8993381
GAL,20210519,3.6,3.6,3.3,3.3,532101
GALAXYSURF,20210519,3150,3172,3121,3133.95,20711
GALLANTT,20210519,62.9,64.8,61.8,62.5,61167
GALLISPAT,20210519,52.75,53.45,49.8,50.1,103025
GAMMNINFRA,20210519,1.25,1.3,1.1,1.15,23977139
GANDHITUBE,20210519,307.6,307.65,303,305.5,3949
GANECOS,20210519,597.1,597.1,578.85,587.3,18376
GANESHHOUC,20210519,65,65.4,63.6,64.15,24688
GANGESSECU,20210519,75.75,75.8,70.65,72.6,1850
GARFIBRES,20210519,2810,2848,2771,2809.15,18054
GATI,20210519,127.4,129.5,118.4,119.75,4511268
GAYAHWS,20210519,0.75,0.75,0.7,0.7,655127
GAYAPROJ,20210519,29.65,30,29.4,29.7,287603
GBGLOBAL,20210519,9.45,9.45,9.45,9.45,7044
GDL,20210519,275.35,288,275,277.1,385498
GEECEE,20210519,106.8,109.4,104.6,106.3,10614
GEEKAYWIRE,20210519,94.25,94.25,88.1,90.8,9002
GENCON,20210519,45.8,45.95,43.1,45.15,5026
GENESYS,20210519,102.05,103.65,100.05,100.8,5491
GENUSPAPER,20210519,8.25,8.85,8.2,8.4,760232
GENUSPOWER,20210519,53.15,53.4,52.5,53.05,122791
GEOJITFSL,20210519,67.9,71.45,67.1,70.65,1424262
GEPIL,20210519,260,261.15,257.8,259.15,81015
GESHIP,20210519,395,408.4,395,402.45,338104
GET&D,20210519,126.9,130.95,122.75,124.75,272718
GFLLIMITED,20210519,71.05,72.9,71.05,71.85,48426
GHCL,20210519,263.5,263.95,257,259.75,140964
GICHSGFIN,20210519,124.35,125.65,122,123.55,162147
GICRE,20210519,197.25,204.2,195.55,197.25,2133872
GILLANDERS,20210519,41.3,42,40.4,41.65,8717
GILLETTE,20210519,5518.95,5576.35,5508.3,5536.3,7112
GINNIFILA,20210519,27.6,32.65,27.5,31.7,2236093
GIPCL,20210519,86,86.9,84,84.6,1396325
GISOLUTION,20210519,2.4,2.5,2.4,2.5,2034
GKWLIMITED,20210519,536.05,545,524,528.35,831
GLAND,20210519,3050,3514.85,3013.1,3341.45,1570144
GLAXO,20210519,1507.05,1509.9,1470,1494.1,98748
GLENMARK,20210519,609.5,623.7,608,614.5,2148078
GLFL,20210519,2.1,2.1,2.1,2.1,200
GLOBAL,20210519,50,50,50,50,19754
GLOBALVECT,20210519,43.3,44.45,42.3,43.9,10067
GLOBE,20210519,45.05,48.95,44.65,45.25,2658
GLOBUSSPR,20210519,317.8,322,312.3,319.3,107682
GMBREW,20210519,404,413.25,404,411.95,28364
GMDCLTD,20210519,75.85,77.35,74.7,75.8,2289736
GMMPFAUDLR,20210519,4908,4995,4800,4828.05,134071
GMRINFRA,20210519,26.2,27.1,26.05,26.8,18776181
GNA,20210519,381.9,387.5,376.65,379.35,53655
GNFC,20210519,390,397.9,386,387.15,827231
GOACARBON,20210519,341.65,341.65,331.7,337.75,214950
GOCLCORP,20210519,200.05,204.25,199.7,200.55,9341
GODFRYPHLP,20210519,910,928,909,913.7,69116
GODHA,20210519,39.5,39.5,39.5,39.5,13
GODREJAGRO,20210519,548,559.35,541.6,546.1,281669
GODREJCP,20210519,820,830.95,811,821.65,2239046
GODREJIND,20210519,537.55,577,537.1,561.4,1650728
GODREJPROP,20210519,1253,1314.65,1253,1281.05,1748872
GOKEX,20210519,120.2,138.75,119.55,133.45,3900561
GOKUL,20210519,29.8,29.9,26.5,27,777778
GOKULAGRO,20210519,28.4,29.45,27.25,28.7,475405
GOLDBEES,20210519,42.17,42.18,41.9,41.94,2767354
GOLDENTOBC,20210519,46.35,47.8,45.65,46.7,10479
GOLDIAM,20210519,413,415.55,400.1,402.65,88577
GOLDSHARE,20210519,43.3,43.3,42.8,42.9,97999
GOLDTECH,20210519,10.4,10.45,10,10.1,32349
GOODLUCK,20210519,101.2,102.35,98.25,99.7,145750
GOODYEAR,20210519,913.9,919,910,911.75,15507
GPIL,20210519,966,989.2,932.05,939.95,140594
GPPL,20210519,102.8,105.7,102.3,103.6,1680388
GPTINFRA,20210519,42.05,42.85,39.55,40.6,92903
GRANULES,20210519,326,331.4,323.1,328.5,2939872
GRAPHITE,20210519,741,753.6,733.5,740.15,747795
GRASIM,20210519,1391,1421.9,1380.4,1389.7,908858
GRAVITA,20210519,115,116.6,113.2,114.7,467876
GREAVESCOT,20210519,134.15,138,133,135.45,2163398
GREENLAM,20210519,1106.2,1160.25,1090,1097.75,4662
GREENPANEL,20210519,249,256.3,235,256.25,1612649
GREENPLY,20210519,208.9,215.85,208.2,212.6,1021549
GREENPOWER,20210519,2.6,2.6,2.4,2.4,9566393
GRINDWELL,20210519,1231,1274.9,1215,1228.6,186551
GROBTEA,20210519,824.5,842.5,818.55,838,1662
GRPLTD,20210519,1135,1135,1055.1,1068.85,5181
GRSE,20210519,180,185.95,178.25,180.65,557358
GSCLCEMENT,20210519,39.9,40.45,39,39.95,880576
GSFC,20210519,119,119.5,116.75,117.9,2260306
GSPL,20210519,279,279,269.5,271.4,413018
GSS,20210519,73,74.65,68.1,69.9,177968
GTL,20210519,7,7.15,7,7,115805
GTLINFRA,20210519,0.8,0.8,0.75,0.75,11026409
GTNTEX,20210519,5.8,5.8,5.8,5.8,10
GTPL,20210519,138.9,144.85,138.05,142.8,145788
GUFICBIO,20210519,187,195.9,176.1,189.85,2445735
GUJALKALI,20210519,435,447.8,422.05,425.45,1238660
GUJAPOLLO,20210519,239.85,244,238.05,241.65,68720
GUJGASLTD,20210519,532.5,535,519.5,520.6,712128
GUJRAFFIA,20210519,60,61.95,56.5,61.95,5905
GULFOILLUB,20210519,702.05,709.85,695.55,702.65,28405
GULFPETRO,20210519,45.9,46.4,45.05,45.45,70969
GULPOLY,20210519,175.9,179.15,166.2,168.8,201838
HAL,20210519,1002,1021.95,1002,1014.75,218458
HAPPSTMNDS,20210519,751,772.65,738.15,759.35,4215400
HARRMALAYA,20210519,165.8,173.95,165.8,169.9,283626
HATHWAY,20210519,23.25,23.8,23.05,23.2,5020904
HATSUN,20210519,880,900,839.95,851.75,196897
HAVELLS,20210519,1072.8,1082.7,1058,1074.1,1982427
HAVISHA,20210519,0.85,0.85,0.8,0.85,34359
HBANKETF,20210519,344,344,334.3,335.08,1728
HBLPOWER,20210519,40,40.15,38.9,39.1,744461
HBSL,20210519,18.15,19,17.7,18.75,11436
HCC,20210519,8.85,9,8.6,8.7,5947585
HCG,20210519,191,192.4,189,189.75,61564
HCL-INSYS,20210519,9.45,9.6,9.15,9.4,641801
HCLTECH,20210519,928,941,925.15,931.4,4178834
HDFC,20210519,2498,2517,2453.75,2459.85,2031903
HDFCAMC,20210519,2821,2869,2819.95,2848.5,133667
HDFCBANK,20210519,1470.2,1478.85,1452.55,1458.2,5065458
HDFCLIFE,20210519,668,671.6,665,666.15,2252486
HDFCMFGETF,20210519,43.25,43.25,43,43.02,386505
HDFCNIFETF,20210519,166,166,159.5,160.43,13875
HDFCSENETF,20210519,523.55,539.25,523.55,533.36,1902
HEG,20210519,2226.9,2245,2172,2184.75,182929
HEIDELBERG,20210519,240,247,239.05,245.05,397807
HEMIPROP,20210519,132.9,133.8,131.65,131.85,298428
HERANBA,20210519,740,767,736.65,750.65,361769
HERCULES,20210519,120.95,124.3,119.7,122.8,77374
HERITGFOOD,20210519,363,390,339.1,345.15,1352982
HEROMOTOCO,20210519,2915,2943.95,2894,2915,717841
HESTERBIO,20210519,2694,2760,2673.95,2737.8,58266
HEXATRADEX,20210519,116,120.95,111.6,119.4,28258
HFCL,20210519,41.25,43,40.9,41.8,30779744
HGINFRA,20210519,341.8,349.25,338,339.75,139334
HGS,20210519,1693,1765,1660.55,1732.75,68021
HIKAL,20210519,343.5,360,342,354.45,689665
HIL,20210519,4173,4550,4151,4521.4,70328
HILTON,20210519,11.5,11.5,11.2,11.3,2580
HIMATSEIDE,20210519,173.5,176.9,170,173.45,233125
HINDALCO,20210519,400,406.45,394.2,403.3,16113667
HINDCOMPOS,20210519,286.85,290,277.1,278.6,21865
HINDCOPPER,20210519,180.2,184.65,171.5,174.75,6352550
HINDMOTORS,20210519,8.3,8.5,8,8.3,474619
HINDNATGLS,20210519,35.9,36,35.05,35.45,31429
HINDOILEXP,20210519,115.45,115.45,112.1,112.45,543913
HINDPETRO,20210519,265,273.65,261.3,272.75,7490396
HINDUNILVR,20210519,2360,2380,2344,2359.75,1323590
HINDZINC,20210519,351,362.1,342.25,347.65,11543534
HIRECT,20210519,147,147,141,141.65,51518
HISARMETAL,20210519,118.4,118.4,116.1,116.65,19562
HITECH,20210519,390,399,386.2,390.9,51934
HITECHCORP,20210519,170.9,171.7,166.05,169.55,12278
HITECHGEAR,20210519,189.9,209.95,184,197.3,128494
HLEGLAS,20210519,2965.05,3186.3,2965.05,3134.55,26926
HLVLTD,20210519,6.8,6.9,6.55,6.6,542996
HMVL,20210519,69.85,70.75,67.1,68.2,47292
HNDFDS,20210519,2180.05,2244.15,2155.25,2201.6,15273
HNGSNGBEES,20210519,362.1,367.3,359.2,365.33,1915
HOMEFIRST,20210519,510.1,514.4,500.55,507.85,71359
HONAUT,20210519,42522.45,43000,42350,42499.35,12153
HONDAPOWER,20210519,1052.95,1052.95,1022.9,1034.85,6230
HOVS,20210519,50,51.5,49.95,51.5,11820
HPL,20210519,49.7,50.35,48.6,49.3,150815
HSCL,20210519,50.3,50.8,49.1,49.25,5384173
HSIL,20210519,204.5,208.6,202.05,203.5,424409
HTMEDIA,20210519,22.2,22.2,21.5,21.8,157067
HUBTOWN,20210519,15.85,16,15.65,15.85,11742
HUDCO,20210519,46.65,47.15,45.95,46.15,2191381
HUHTAMAKI,20210519,266.9,266.9,260.25,261.85,92730
IBMFNIFTY,20210519,154.5,154.5,148.02,150.77,1496
IBREALEST,20210519,83.4,86.5,82.9,84.5,5818374
IBULHSGFIN,20210519,192.65,194.8,190.55,193.25,9321102
ICEMAKE,20210519,69.75,72.45,68,71.15,34889
ICICI500,20210519,212.94,212.94,209,210.6,1208
ICICIALPLV,20210519,150.48,155.7,149.27,149.79,1928
ICICIB22,20210519,38.43,38.49,37.86,38.24,514415
ICICIBANK,20210519,627.1,634,623.35,625.45,13911576
ICICIBANKN,20210519,387.3,387.3,333.52,334.22,13603
ICICIBANKP,20210519,173.47,177.82,173.47,175.98,4290
ICICIGI,20210519,1493.9,1511.85,1478.2,1504.95,332439
ICICIGOLD,20210519,43.43,43.43,42.9,42.96,229587
ICICILIQ,20210519,999.95,1000,999.95,999.99,12156
ICICILOVOL,20210519,120.75,123.97,120.75,123.02,28550
ICICIM150,20210519,95,96.5,95,95.84,6848
ICICIMCAP,20210519,87.7,87.7,85.5,87,11166
ICICINF100,20210519,165.5,174.48,163.1,164.28,8597
ICICINIFTY,20210519,184.6,184.6,159,159.7,51982
ICICINV20,20210519,80,85.48,77,80.74,42547
ICICINXT50,20210519,37.49,37.69,36.72,37.41,20072
ICICIPRULI,20210519,546,551.55,538.6,544.3,2703510
ICICISENSX,20210519,539,541,536,538.94,1530
ICICITECH,20210519,258.15,263.91,258.15,261.67,10146
ICIL,20210519,152.45,157.15,151.75,154.05,802814
ICRA,20210519,3250,3287,3218.15,3242.15,2406
IDBI,20210519,37.85,40.35,37.6,38.8,41201133
IDBIGOLD,20210519,4425,4425,4410,4410,75
IDEA,20210519,8.5,8.7,8.4,8.45,87317836
IDFC,20210519,54,54.5,53.35,53.5,2600300
IDFCFIRSTB,20210519,56.05,56.2,55.4,55.55,18399737
IDFNIFTYET,20210519,160.35,160.35,154.05,156.46,1212
IEX,20210519,377.9,383.95,376.25,381.8,1304529
IFBAGRO,20210519,464.85,466,449.95,454.85,16134
IFBIND,20210519,983,1018,983,998.1,126011
IFCI,20210519,11.25,11.3,11.05,11.1,1750627
IFGLEXPOR,20210519,378,384.9,358.05,361.05,72211
IGARASHI,20210519,464.95,479,461.05,465.5,64521
IGL,20210519,514,523,511.1,515.05,1556296
IGPL,20210519,502,532,502,522.85,209452
IIFL,20210519,267.35,269.95,262,263,81894
IIFLSEC,20210519,62.2,63.6,60,62.5,876557
IIFLWAM,20210519,1110,1171.7,1091.8,1106.9,124861
IITL,20210519,60.95,66,60.1,62.85,14863
IMAGICAA,20210519,6.4,6.6,6.4,6.6,144753
IMFA,20210519,440,440.5,421.1,423.15,49336
IMPAL,20210519,695.15,695.65,667.25,674.05,2812
IMPEXFERRO,20210519,0.95,0.95,0.95,0.95,1000
INDBANK,20210519,15.9,16.25,15.5,15.9,253590
INDHOTEL,20210519,121.4,130,120.75,129,8286085
INDIACEM,20210519,178,182.85,177.3,178.35,3105447
INDIAGLYCO,20210519,494,520,493.5,498.05,344320
INDIAMART,20210519,7700,7844,7307,7366.35,356808
INDIANB,20210519,124.4,128,124,127.05,4685683
INDIANCARD,20210519,155.9,176,153.8,166.9,56414
INDIANHUME,20210519,175,178.95,174.75,176.85,114721
INDIGO,20210519,1724.9,1725,1679.05,1689.6,527228
INDIGOPNTS,20210519,2368.7,2474.8,2351,2463.2,145537
INDLMETER,20210519,15.25,16.5,15.25,15.9,10099
INDNIPPON,20210519,384.9,384.9,372.1,375,18633
INDOCO,20210519,349,351.45,341.05,342.85,118613
INDORAMA,20210519,54.5,62.95,51.35,59.65,1864984
INDOSTAR,20210519,308.9,308.9,301.1,302.95,30042
INDOTECH,20210519,99.5,111,99.5,105,196072
INDOTHAI,20210519,53.1,53.85,53.05,53.75,1173
INDOWIND,20210519,4.35,4.5,4.2,4.35,100589
INDRAMEDCO,20210519,83.75,93.65,82.55,91.15,7254166
INDSWFTLAB,20210519,81.05,83.3,79.5,82.4,351920
INDTERRAIN,20210519,30.95,32.25,30.8,32.25,362207
INDUSINDBK,20210519,965,978.6,961.2,967,4787294
INDUSTOWER,20210519,243.25,245,242,243.65,1650878
INEOSSTYRO,20210519,1290,1324,1281.4,1305.25,140101
INFIBEAM,20210519,42,42.55,40.9,41.15,1389740
INFOBEAN,20210519,206.4,209.75,202.75,208.8,31343
INFOMEDIA,20210519,4,4,3.75,3.85,25459
INFRABEES,20210519,445.75,445.75,424,434.74,4515
INFY,20210519,1342,1357.45,1333.25,1337,4435878
INGERRAND,20210519,781,830,766.65,807.4,122129
INOXLEISUR,20210519,292,297.9,290.8,293.7,267662
INOXWIND,20210519,77.3,78.1,75.4,76.35,82775
INSECTICID,20210519,538.85,540,535,539.65,60027
INSPIRISYS,20210519,43.65,45.45,42.75,45.35,34348
INTELLECT,20210519,724,760.95,721,743.2,681399
INTENTECH,20210519,55.4,64.8,55.3,58.55,1619173
INVENTURE,20210519,32.5,33.9,31.2,32.55,796300
IOB,20210519,16.25,18.35,16.15,17.15,54725558
IOC,20210519,104.5,108.95,104.1,107.2,74174684
IOLCP,20210519,622.55,639.8,620.75,626.85,634402
IPCALAB,20210519,2180,2219,2163.4,2178.8,157978
IRB,20210519,107,113.3,106.95,110.15,2638966
IRCON,20210519,99.25,99.55,97,97.35,4041762
IRCTC,20210519,1844,1884.95,1840,1858.1,2098770
IRFC,20210519,23.1,23.55,23.05,23.1,19146895
IRISDOREME,20210519,117.4,119,115,116.9,4857
ISEC,20210519,524,561.9,524,551.95,3880317
ISFT,20210519,86,87.1,83,83.25,34830
ISGEC,20210519,542.2,575.8,540.6,558.4,167274
ISMTLTD,20210519,19.6,19.6,18.2,18.9,1525963
ITC,20210519,210.05,211.4,207.55,207.75,24405319
ITDC,20210519,369.95,382.5,363,372.9,95559
ITDCEM,20210519,79.8,80.6,79.05,79.3,288803
ITI,20210519,117.8,121.35,117.5,119.55,468998
IVC,20210519,6.5,6.7,6.25,6.45,636689
IVP,20210519,128.75,128.75,119.2,120.95,1685
IVZINGOLD,20210519,4380,4380,4321,4369.3,250
IZMO,20210519,75.95,79.35,74.75,79.35,50797
J&KBANK,20210519,27.65,28.65,27.35,27.75,3407466
JAGRAN,20210519,55,55.15,54,54.4,284808
JAGSNPHARM,20210519,95.95,99.9,95,97.35,203359
JAIBALAJI,20210519,51.65,51.65,48.5,48.75,45254
JAICORPLTD,20210519,94,97.7,93.8,94.95,2150311
JAMNAAUTO,20210519,69.45,73.3,68.75,72.2,2775452
JASH,20210519,407.85,411.4,397.95,400.2,14970
JAYAGROGN,20210519,186.5,191.7,182.8,183.9,77648
JAYBARMARU,20210519,315.45,320,312,316.6,44761
JAYNECOIND,20210519,19,19,17.75,18.2,487349
JAYSREETEA,20210519,98.75,102.9,98.1,100.3,507113
JBCHEPHARM,20210519,1380,1384.85,1365.55,1373.25,44176
JBFIND,20210519,19.2,19.2,19.2,19.2,73840
JBMA,20210519,446,446.95,429.7,433.95,66185
JCHAC,20210519,2240.1,2259.2,2214,2223.8,19737
JHS,20210519,21.65,21.7,21.15,21.3,206402
JIKIND,20210519,0.65,0.7,0.65,0.65,59288
JINDALPHOT,20210519,53.8,53.9,51.5,53.25,3002
JINDALPOLY,20210519,810,828.8,807.3,820.2,114802
JINDALSAW,20210519,87.7,88.5,87,87.4,1764948
JINDALSTEL,20210519,433.95,440.45,420.3,421.85,12763170
JINDRILL,20210519,113.5,119.4,111.4,113.95,491292
JINDWORLD,20210519,54.5,54.65,52.5,52.95,177009
JISLDVREQS,20210519,13.9,13.9,13.25,13.6,71694
JISLJALEQS,20210519,20.95,21.95,20.5,21.95,9382374
JITFINFRA,20210519,11.3,11.95,11.25,11.85,11397
JIYAECO,20210519,5.15,5.2,4.9,5.1,26065
JKCEMENT,20210519,2849.95,2915,2820.55,2846.2,69240
JKIL,20210519,180.2,184.4,179.65,183.65,58403
JKLAKSHMI,20210519,429.95,451,429.95,444.7,1434578
JKPAPER,20210519,148.05,150.2,146.5,147.3,463614
JKTYRE,20210519,123.55,125.75,122,123.75,2028905
JMA,20210519,45.05,50.5,43.3,46.7,253533
JMCPROJECT,20210519,99.45,99.45,96.05,98.15,195477
JMFINANCIL,20210519,80.2,80.6,79.5,80.05,902447
JMTAUTOLTD,20210519,2.75,2.75,2.65,2.7,230694
JOCIL,20210519,175.25,178.5,172.55,173.4,6568
JPASSOCIAT,20210519,8,8.15,7.8,7.85,5534249
JPINFRATEC,20210519,1.7,1.75,1.65,1.75,2056991
JPPOWER,20210519,3.7,3.75,3.6,3.6,23696506
JSL,20210519,93.9,95.2,93.55,94.4,1401895
JSLHISAR,20210519,184.5,191.65,182.2,184.95,1932229
JSWENERGY,20210519,116.55,119.45,115.9,117.8,4025817
JSWHL,20210519,4447.95,4575,4447.95,4470.2,2157
JSWISPL,20210519,60,60,56.3,56.35,2875283
JSWSTEEL,20210519,713.05,720.35,704.1,705.85,6562006
JTEKTINDIA,20210519,86.5,87.4,85.7,86.05,169024
JUBLFOOD,20210519,2966.95,3054,2945.85,3014.6,892936
JUBLINDS,20210519,303.7,308.8,298,301,38579
JUBLINGREA,20210519,425.75,433.55,417.05,419.35,611215
JUBLPHARMA,20210519,838.2,842,828.45,833.2,141319
JUMPNET,20210519,6,6,6,6,1350288
JUNIORBEES,20210519,387,389,378.93,387.1,54900
JUSTDIAL,20210519,735,745,727.7,732.8,850902
JYOTHYLAB,20210519,148.45,150.85,144,144.45,3551900
KABRAEXTRU,20210519,195.4,198.8,190.4,191.55,146628
KAJARIACER,20210519,907,919.85,906,917.95,192195
KAKATCEM,20210519,253,272.25,251,258.95,84937
KALPATPOWR,20210519,393.55,394.75,384.3,389.65,235735
KALYANIFRG,20210519,200,202.05,193.7,202.05,1747
KALYANKJIL,20210519,61.25,61.6,60.85,61.2,1122948
KAMATHOTEL,20210519,35,36,34.25,34.65,230958
KAMDHENU,20210519,151.4,155,150.05,153.45,73245
KANANIIND,20210519,4.2,4.25,4.1,4.1,11288
KANORICHEM,20210519,130.25,130.25,126.6,127.95,46822
KANPRPLA,20210519,188,194.8,184.8,187.65,120001
KANSAINER,20210519,559,563.55,558,561.95,70481
KAPSTON,20210519,89.95,90.75,87.3,87.3,2295
KARDA,20210519,171.4,174.5,170.5,174.5,270820
KARMAENG,20210519,14.85,15.3,14.4,14.7,6576
KARURVYSYA,20210519,57.7,58.9,57.25,57.7,1239164
KAUSHALYA,20210519,1.4,1.4,1.4,1.4,1000
KAYA,20210519,277,284,272.3,280,26585
KCP,20210519,110.6,114,110.4,111,195168
KCPSUGIND,20210519,22.7,23.7,22.35,22.45,1005932
KDDL,20210519,309.95,309.95,296.1,297.4,4073
KEC,20210519,402.45,407.45,399.05,405.15,444306
KECL,20210519,20.3,20.6,19.75,20.05,406616
KEERTI,20210519,23.8,23.8,22.45,22.75,983614
KEI,20210519,592.95,638.8,580,607.15,3352539
KELLTONTEC,20210519,63.45,63.7,62.5,62.85,198439
KENNAMET,20210519,1139.85,1214.8,1124.35,1193.85,51625
KERNEX,20210519,49,49.4,47.2,49.4,5595
KESORAMIND,20210519,77.6,78.9,75.2,76.3,725970
KEYFINSERV,20210519,55.05,57.95,55.05,57.2,2312
KHADIM,20210519,157,168.4,156.5,161.45,281137
KHAICHEM,20210519,34.25,35.4,33.5,34.85,617678
KHANDSE,20210519,13.55,15,13.55,14.6,220
KICL,20210519,1704.95,1705.9,1667.75,1686.95,1016
KILITCH,20210519,166.9,168,156.6,157.6,103419
KINGFA,20210519,958,1037.65,930.3,1037.65,70893
KIOCL,20210519,197.7,204.35,190.9,204.35,202844
KIRIINDUS,20210519,453,460.55,450.5,451.2,60276
KIRLFER,20210519,252,256.4,247,248.35,154145
KIRLOSBROS,20210519,286,286.55,276.45,280.95,52229
KIRLOSENG,20210519,210.95,213.7,207.45,209.45,147814
KIRLOSIND,20210519,1523.45,1523.45,1447,1470.95,3516
KITEX,20210519,101,107,101,106.15,324532
KKCL,20210519,914,921,890,905.2,4910
KMSUGAR,20210519,19.05,20.7,19.05,19.9,933844
KNRCON,20210519,217,217.75,209.15,216.35,462124
KOKUYOCMLN,20210519,55.65,59.15,55.65,58.25,311446
KOLTEPATIL,20210519,230.6,232.1,228,228.55,91712
KOPRAN,20210519,184.5,194.45,183.3,192.5,777579
KOTAKBANK,20210519,1747.95,1750.35,1727.45,1730.55,2372042
KOTAKBKETF,20210519,339.71,341.82,338.24,339.2,116561
KOTAKGOLD,20210519,424.35,424.4,421.4,422.3,21609
KOTAKIT,20210519,26.64,26.64,25.43,26.25,3529
KOTAKNIFTY,20210519,152.52,157.85,152.52,156.95,113733
KOTAKNV20,20210519,82.9,83.98,81.4,82.1,43018
KOTAKPSUBK,20210519,221,222.85,219,220.75,18136
KOTARISUG,20210519,42.5,44.2,41.1,42.65,1041253
KOTHARIPET,20210519,46,47.2,42.5,43.3,519828
KOTHARIPRO,20210519,90,90.9,85.05,86.05,115280
KPITTECH,20210519,237,242.85,237,240,949834
KPRMILL,20210519,1505,1525,1475.05,1482.8,21609
KRBL,20210519,226.4,233.8,224.1,231.7,758544
KREBSBIO,20210519,117.05,119.9,115.25,115.7,23743
KRIDHANINF,20210519,4.2,4.2,4.05,4.05,65790
KRISHANA,20210519,87,87,81.65,83.25,4503
KSB,20210519,918,930.6,911.3,915.25,52025
KSCL,20210519,762,770.6,753.3,761.3,192487
KSL,20210519,394,418.9,393,414.4,741880
KTKBANK,20210519,66.6,67.5,66.6,67.1,831592
KUANTUM,20210519,65.7,66.2,65,65.55,42163
L&TFH,20210519,88.8,90.75,88.5,90.3,10429402
LALPATHLAB,20210519,2798,2855,2780.1,2810.55,467401
LAMBODHARA,20210519,62.75,64.8,61.3,62.7,25340
LAOPALA,20210519,228.7,238,225.8,231.8,432893
LASA,20210519,75.95,79.75,75.95,77.65,292640
LAURUSLABS,20210519,479.4,492.4,478.25,486.1,1876829
LAXMIMACH,20210519,6690,6739.95,6550.1,6582.35,2539
LCCINFOTEC,20210519,1.6,1.6,1.55,1.6,1498163
LEMONTREE,20210519,40.25,42.5,39.5,40.85,5370426
LFIC,20210519,79,79.6,78.7,78.9,188
LGBBROSLTD,20210519,309.95,310,303.8,306.9,29561
LGBFORGE,20210519,5.1,5.1,4.7,4.7,715475
LIBAS,20210519,46.4,46.75,45.65,46.3,44780
LIBERTSHOE,20210519,135.4,142.95,134.85,138.3,532172
LICHSGFIN,20210519,450,456.7,447.65,448.25,2950318
LICNETFGSC,20210519,22.29,22.29,21.86,21.92,2939
LICNETFN50,20210519,179,189.32,179,189.32,552
LICNETFSEN,20210519,546.9,556.9,541.9,552.69,233
LICNFNHGP,20210519,158.1,168,157,162.48,765
LIKHITHA,20210519,395.85,398.05,382.15,385.9,65762
LINCOLN,20210519,314,323,314,314.95,122627
LINCPEN,20210519,154.85,156.05,151.15,155.8,1985
LINDEINDIA,20210519,1700,1718.95,1685,1702.8,32271
LIQUIDBEES,20210519,1000.87,1000.87,999.99,999.99,1357122
LIQUIDETF,20210519,1000.04,1000.04,999.99,1000,13168
LODHA,20210519,623.5,642,623.5,634.3,338421
LOKESHMACH,20210519,44.5,45,43.7,44.25,9377
LOTUSEYE,20210519,53.4,53.4,49.1,49.65,51732
LOVABLE,20210519,94,104.9,92.8,99.2,1035038
LPDC,20210519,2.1,2.2,2.05,2.15,31192
LSIL,20210519,1.85,1.85,1.85,1.85,2865204
LT,20210519,1414,1435,1400,1403.45,3215258
LTI,20210519,3670,3760.9,3651.05,3747.7,718564
LTTS,20210519,2645,2669.7,2630.95,2638.25,155644
LUMAXIND,20210519,1591.15,1610,1586,1593.8,1841
LUMAXTECH,20210519,137.5,141.3,137.25,138.25,83191
LUPIN,20210519,1189.9,1219.35,1185.5,1206.85,2944046
LUXIND,20210519,2072.2,2119.9,2050.4,2088.55,50099
LXCHEM,20210519,221.5,225.8,218.55,219.2,1894146
LYKALABS,20210519,53.7,54.85,53.4,54.85,249362
LYPSAGEMS,20210519,4.1,4.1,4.05,4.05,23437
M&M,20210519,794,794,778,784.8,4360320
M&MFIN,20210519,156,156.5,153.4,154.2,5925632
M100,20210519,26.98,26.98,26.33,26.47,49352
M50,20210519,146.2,148.35,146.05,147.07,2058
MAANALU,20210519,196.3,201,188.45,190.9,61246
MACPOWER,20210519,89.15,89.5,88,88.35,26137
MADHAV,20210519,51.3,53.7,51.3,52.5,29299
MADHUCON,20210519,5.55,5.55,5.15,5.4,39244
MADRASFERT,20210519,29.85,29.85,29.05,29.2,160981
MAESGETF,20210519,26.4,26.4,25.57,25.62,7780
MAFANG,20210519,50.6,50.6,46.1,46.18,807266
MAGADSUGAR,20210519,180.1,192.75,178.15,189.9,182525
MAGMA,20210519,134.4,140.4,132.8,137.4,2760395
MAGNUM,20210519,4.75,4.95,4.75,4.85,93719
MAHABANK,20210519,25.05,25.95,24.8,25.1,19751570
MAHAPEXLTD,20210519,91.5,91.5,84.5,89,5721
MAHASTEEL,20210519,92.7,92.7,89,89.1,31842
MAHEPC,20210519,141.05,144.2,141,143.2,79047
MAHESHWARI,20210519,112.95,114.85,110.2,113.5,52289
MAHINDCIE,20210519,182.6,183.5,180,181.7,96913
MAHLIFE,20210519,538.8,550,535,547.65,46143
MAHLOG,20210519,555.7,562,527.1,531.6,204908
MAHSCOOTER,20210519,3559.9,3589.9,3530,3566.3,4204
MAHSEAMLES,20210519,297.4,299.65,291.5,292.4,59880
MAITHANALL,20210519,771,779,753.3,757.6,89800
MAJESCO,20210519,80.25,80.25,76.25,77.1,1887012
MALUPAPER,20210519,26.9,29.75,26.6,28.5,116311
MAN50ETF,20210519,157.9,157.9,151.03,153.83,853
MANAKALUCO,20210519,15.65,17.25,15.25,17.25,277051
MANAKCOAT,20210519,15.65,16.5,15.2,16.25,141271
MANAKSIA,20210519,63.8,66.75,62.7,64,114778
MANAKSTEEL,20210519,26.1,26.45,25.05,25.75,54928
MANALIPETC,20210519,80.6,84.75,80,82.3,1817664
MANAPPURAM,20210519,161,161.1,156.8,158,2743775
MANGALAM,20210519,145.8,157.8,145.75,151.8,623206
MANGCHEFER,20210519,94.4,94.4,91.55,92.3,1934630
MANGLMCEM,20210519,322.7,325,316,318.15,83869
MANGTIMBER,20210519,11.2,11.6,11.05,11.6,32875
MANINDS,20210519,101.9,101.9,98.5,100.05,235657
MANINFRA,20210519,40.9,42.9,40.8,41.8,1677732
MANUGRAPH,20210519,12.75,13.45,12.3,12.85,76202
MANXT50,20210519,376.32,376.32,365.68,366.4,6639
MARALOVER,20210519,38.85,39.5,37.6,38.6,22103
MARATHON,20210519,52.6,52.6,50.5,50.85,39029
MARICO,20210519,472.55,475.55,466,473.55,3179272
MARINE,20210519,84.9,86.35,82.1,84.25,370560
MARKSANS,20210519,75,76.6,74,74.3,3737268
MARUTI,20210519,6799,6854.95,6760,6775.9,432774
MASFIN,20210519,863.3,895,855.1,877.1,33548
MASKINVEST,20210519,27.3,27.3,27.25,27.25,288
MASTEK,20210519,1850,1864.95,1830,1836.65,92770
MATRIMONY,20210519,853.4,915,853.4,887.1,37209
MAWANASUG,20210519,50.75,53.1,50.1,50.85,177523
MAXHEALTH,20210519,222.7,229.4,222,225.95,2664671
MAXIND,20210519,67.9,69.5,67.9,68.7,187157
MAXVIL,20210519,61.8,64.8,61.8,64.3,304716
MAYURUNIQ,20210519,432,442.75,432,436.85,46007
MAZDA,20210519,465.05,511.3,463.25,490.8,42083
MAZDOCK,20210519,206.5,220.9,206,217.3,1592553
MBAPL,20210519,82.95,82.95,80.2,80.85,887
MBECL,20210519,7.4,7.45,7.15,7.45,19263
MBLINFRA,20210519,18.8,19,18.4,18.7,33899
MCDHOLDING,20210519,40.75,41.5,39.7,39.85,19119
MCDOWELL-N,20210519,575.9,579.3,568.35,572.4,1450790
MCL,20210519,87.95,87.95,83.45,85.5,29310
MCLEODRUSS,20210519,25.5,26.5,25.35,25.95,814980
MCX,20210519,1611,1633.3,1608,1615.25,250498
MEGASOFT,20210519,11.7,11.95,11.5,11.7,98446
MENONBE,20210519,58.65,60,57.7,58.1,64322
MEP,20210519,18.35,18.4,17.5,17.95,197647
MERCATOR,20210519,1.25,1.25,1.2,1.25,1634465
METROPOLIS,20210519,2373.05,2373.05,2303,2318.5,71715
MFSL,20210519,889.9,889.9,873,884.85,485493
MGEL,20210519,47.05,48,47.05,47.05,91684
MGL,20210519,1132.95,1138.3,1114.9,1121.25,242705
MHRIL,20210519,214.95,218.4,213.8,216.9,192587
MIC,20210519,1.15,1.2,1.15,1.15,43064
MIDHANI,20210519,201.3,202,197.35,198.05,376182
MINDACORP,20210519,114.65,118,111,112.65,4370884
MINDAIND,20210519,582,602,572,576.4,1474167
MINDTECK,20210519,52.25,56.45,52.25,55.8,91283
MINDTREE,20210519,2095,2119.25,2076.65,2084.75,836190
MIRCELECTR,20210519,17.65,17.65,16.75,17,3207453
MIRZAINT,20210519,48.4,52.7,48.35,51,1658871
MITTAL,20210519,9.9,10.1,9.85,10.05,32279
MMFL,20210519,481.95,490,475.1,479.95,5511
MMP,20210519,97.05,98.9,95.75,96.95,16360
MMTC,20210519,54.85,55.75,53.05,53.85,5536349
MODIRUBBER,20210519,76.75,77,74.05,76.9,4627
MODISNME,20210519,56.9,57.5,55.5,55.85,31155
MOHITIND,20210519,7.4,7.85,7.35,7.7,25151
MOHOTAIND,20210519,7.5,7.7,7.15,7.15,49658
MOIL,20210519,178.4,181.1,174.05,175.15,1235188
MOLDTECH,20210519,44,45.8,44,45.65,26361
MOLDTKPAC,20210519,480,484.85,471,477.05,37419
MONTECARLO,20210519,264.85,264.85,255,255.9,71305
MORARJEE,20210519,17.4,17.4,17.1,17.4,33847
MOREPENLAB,20210519,56.25,58.8,54.7,58.8,8576993
MOTHERSUMI,20210519,241.8,244.75,238,242.65,9040629
MOTILALOFS,20210519,743.8,758.8,740.35,746.85,251845
MOTOGENFIN,20210519,20.4,21.5,20.4,21.05,3418
MPHASIS,20210519,1767,1799.8,1754.25,1767.9,357231
MPSLTD,20210519,610.5,628.4,610.5,619.7,5416
MRF,20210519,79272,80000,78340.05,79683.2,19150
MRO-TEK,20210519,24,25,23.3,23.4,2414
MRPL,20210519,52.5,52.7,51.3,51.9,8760856
MSPL,20210519,11.15,11.15,10.8,10.9,387123
MSTCLTD,20210519,264.1,278.45,264,275.5,741889
MTARTECH,20210519,923.85,944.7,918,938,103786
MTEDUCARE,20210519,7.6,7.6,7.3,7.3,104557
MTNL,20210519,17.6,17.9,17.05,17.15,1134776
MUKANDLTD,20210519,121.05,125.65,121.05,125.65,104672
MUKTAARTS,20210519,34.35,36.45,32.1,34.95,176478
MUNJALAU,20210519,57.7,59.75,57.5,58.55,388333
MUNJALSHOW,20210519,139.9,146.25,139,143,200474
MURUDCERA,20210519,21.85,22.95,21.15,21.85,143706
MUTHOOTCAP,20210519,374,398.9,374,391.25,116353
MUTHOOTFIN,20210519,1257.2,1274.8,1256,1264.45,624657
N100,20210519,961.9,961.9,948.56,951.29,240246
NACLIND,20210519,49.5,52.45,48.4,51.35,328338
NAGAFERT,20210519,9.7,9.7,8.8,9.7,4633452
NAGREEKCAP,20210519,6.8,6.8,6.8,6.8,197
NAGREEKEXP,20210519,21.05,21.05,19.65,20.55,8112
NAHARCAP,20210519,125,131.3,122.4,127.3,50180
NAHARINDUS,20210519,59.95,61.4,57.7,61.15,106345
NAHARPOLY,20210519,144.4,164.4,143.25,155.65,1023711
NAHARSPING,20210519,134,139,132.7,139,183097
NAM-INDIA,20210519,349.3,357.5,348.15,351.75,768149
NATCOPHARM,20210519,930.15,937.8,918,923.55,586319
NATHBIOGEN,20210519,419.7,422.95,405,408.2,35379
NATIONALUM,20210519,76,76,73.45,73.8,28425770
NAUKRI,20210519,4455,4526.8,4383,4399.7,565568
NAVINFLUOR,20210519,3181.95,3289,3156,3190.3,377015
NAVKARCORP,20210519,39.15,44.4,39.05,42.95,13291158
NAVNETEDUL,20210519,73.5,73.6,72.7,72.8,148942
NAZARA,20210519,1673.5,1698.8,1665,1668.5,80416
NBCC,20210519,49.15,50.8,48.8,50.1,14120615
NBIFIN,20210519,2040,2040,1985,2004.65,66
NBVENTURES,20210519,96.6,96.85,93.25,93.8,544032
NCC,20210519,80.4,82.85,80.05,81.3,4783889
NCLIND,20210519,194.4,205.55,193,202.1,1259607
NCPSESDL24,20210519,104.55,104.55,104.37,104.37,155
NDGL,20210519,861,921.7,861,915.1,64
NDL,20210519,48.95,49.35,46.95,47.65,45051
NDRAUTO,20210519,195.95,207.2,192.4,203.25,20198
NDTV,20210519,68.9,71.05,68,71.05,100261
NECCLTD,20210519,10.65,10.7,10.3,10.65,74297
NECLIFE,20210519,28.5,30.9,28.3,30.35,3119081
NELCAST,20210519,73.75,78.35,72.9,76.85,585561
NELCO,20210519,203.75,220,203.75,217.4,458913
NEOGEN,20210519,890.6,899.95,888,891.95,14748
NESCO,20210519,517,534,505.85,521.75,97901
NESTLEIND,20210519,17187,17465,17187,17449.35,88437
NETF,20210519,183.72,183.72,180.69,183.38,612
NETFCONSUM,20210519,64.4,65.02,64.4,64.94,12950
NETFDIVOPP,20210519,37.75,38,36.52,37.94,3880
NETFGILT5Y,20210519,48.27,48.27,48.23,48.23,453
NETFIT,20210519,26.4,26.47,26.07,26.23,236448
NETFLTGILT,20210519,22.5,22.51,22.38,22.49,21112
NETFMID150,20210519,99.1,99.1,95.56,95.77,58777
NETFNIF100,20210519,159.95,160,155,157.01,7783
NETFNV20,20210519,83,83.2,81.2,83.04,5693
NETFSDL26,20210519,102.98,102.98,102.91,102.91,79
NETWORK18,20210519,39.25,42.15,39.2,41.45,4304549
NEULANDLAB,20210519,2150,2222.9,2148.95,2222.9,187687
NEWGEN,20210519,336.1,357.95,336.1,344.95,488815
NEXTMEDIA,20210519,4.5,4.5,4.2,4.3,5038
NFL,20210519,67.25,68.2,65.5,65.65,2465477
NH,20210519,429.8,443,427.55,439.25,182088
NHPC,20210519,25.6,26.4,25.4,25.55,5900235
NIACL,20210519,152.9,168.5,152.8,165.1,7816312
NIBL,20210519,22,22,20.2,20.25,8256
NIFTYBEES,20210519,161.37,162.9,160,160.67,1259712
NIFTYEES,20210519,19399,19400,19399,19400,3
NIITLTD,20210519,185,190.6,182.5,183.4,813659
NILAINFRA,20210519,4.95,5.1,4.85,5,221064
NILASPACES,20210519,1.55,1.55,1.45,1.45,268014
NILKAMAL,20210519,2155,2186.95,2125,2135.3,6877
NIPPOBATRY,20210519,794.25,794.25,763.95,774.4,2816
NIRAJ,20210519,40.65,40.7,39.75,40.4,3247
NITCO,20210519,21.25,22.35,21,21.7,117140
NITINSPIN,20210519,118.6,122.9,115.8,119.65,708866
NITIRAJ,20210519,45.55,45.55,45.55,45.55,11423
NKIND,20210519,25.6,25.6,25.6,25.6,10
NLCINDIA,20210519,61.4,65.5,60.9,62.1,11079772
NMDC,20210519,184.9,192,183.2,184.35,23234082
NOCIL,20210519,210,219,209.1,212.7,2445653
NOIDATOLL,20210519,6.05,6.25,5.8,6.05,139721
NORBTEAEXP,20210519,5.95,6,5.95,6,3347
NOVARTIND,20210519,636,641.1,628,629.75,9983
NPBET,20210519,171.95,176,171.95,173.42,884
NRAIL,20210519,236.7,244.6,234.5,240.7,25509
NRBBEARING,20210519,111.2,117.8,111.2,113.75,1116062
NSIL,20210519,1643.15,1649.9,1620,1646,255
NTL,20210519,0.85,0.85,0.85,0.85,2050
NTPC,20210519,113.15,113.15,110.95,111.95,12610425
NUCLEUS,20210519,591.5,611.7,584.5,589.15,102957
NURECA,20210519,1660,1669,1611.4,1623.3,52952
NXTDIGITAL,20210519,538,569,526.85,530.35,5955
OAL,20210519,782.5,820.65,780.05,801.9,21749
OBEROIRLTY,20210519,548,594.4,547.3,586.85,1215809
OCCL,20210519,946.9,959.95,936.15,949,6873
OFSS,20210519,3505,3570,3505,3541.7,52782
OIL,20210519,135,136.4,133.25,134.55,944211
OLECTRA,20210519,180,182.65,178,179.25,102243
OMAXAUTO,20210519,45,51.2,44.55,46.85,1765507
OMAXE,20210519,81.1,83.1,80.25,80.75,90366
OMINFRAL,20210519,22.05,23.25,22.05,23,99750
ONELIFECAP,20210519,7,7.15,7,7.15,4518
ONEPOINT,20210519,14.8,15.65,14.65,15,4637
ONGC,20210519,114.5,115.8,113.4,114.9,25295575
ONMOBILE,20210519,105.95,109.85,105,105.75,937235
ONWARDTEC,20210519,120.5,123,118,119.65,54687
OPTIEMUS,20210519,136.3,138.95,132.5,133.5,31853
OPTOCIRCUI,20210519,4.45,4.5,4.2,4.5,301649
ORBTEXP,20210519,70.5,70.5,66.85,68.8,37136
ORCHPHARMA,20210519,1499,1515,1470.05,1488.4,2302
ORICONENT,20210519,22.8,24.15,22.8,24.15,180691
ORIENTABRA,20210519,23.7,26.1,23.4,25.2,587252
ORIENTALTL,20210519,8.55,8.85,8.5,8.6,85740
ORIENTBELL,20210519,266,280.55,265.6,275.65,65898
ORIENTCEM,20210519,126.5,129,125.8,126.8,1867576
ORIENTELEC,20210519,284.4,289,283.6,285.05,203792
ORIENTHOT,20210519,27.35,29.55,26.85,28.95,790485
ORIENTLTD,20210519,80.65,82.65,79.65,79.65,834
ORIENTPPR,20210519,26.8,27.3,25.95,26.1,1135227
ORIENTREF,20210519,337.1,337.4,321.2,324.5,367312
ORISSAMINE,20210519,2528,2580.8,2514.1,2530.25,8060
ORTINLAB,20210519,29.85,30.3,28.6,29.35,46961
OSWALAGRO,20210519,9.45,9.45,9.1,9.4,231200
PAGEIND,20210519,28900,30362.9,28900,30065.9,70419
PAISALO,20210519,612,612,598.75,601.75,15836
PALASHSECU,20210519,58,58,56.6,57.8,20249
PALREDTEC,20210519,141.5,143.95,138.5,140.65,3836
PANACEABIO,20210519,370,385,355.05,373.55,980578
PANACHE,20210519,56.05,58.5,56,57.3,26034
PANAMAPET,20210519,192.75,196.5,191.4,195.25,80188
PARACABLES,20210519,10.25,10.4,10,10.1,302887
PARAGMILK,20210519,144.25,147.85,143.1,144.15,405679
PARSVNATH,20210519,8.7,9.05,8.6,8.7,216502
PATELENG,20210519,15.5,15.8,14.65,14.85,2083344
PATINTLOG,20210519,26.1,29.35,26.05,29.35,1369386
PATSPINLTD,20210519,5.8,6,5.7,6,18132
PCJEWELLER,20210519,24.8,24.8,24.3,24.35,520860
PDMJEPAPER,20210519,23.45,23.7,23.25,23.45,170415
PDSMFL,20210519,791,824.65,770,780.5,7801
PEARLPOLY,20210519,15.1,15.5,14.9,15,28412
PEL,20210519,1692.45,1712,1671,1687,936225
PENIND,20210519,20.7,21.3,20.55,20.65,695279
PENINLAND,20210519,7.1,7.15,6.8,6.85,61317
PERSISTENT,20210519,2333,2442.25,2330.8,2408.45,176395
PETRONET,20210519,243.15,244.35,239.75,243.3,2027829
PFC,20210519,116.3,118.2,115.7,116.45,3214701
PFIZER,20210519,5274.9,5299.05,5242.4,5256.7,41753
PFOCUS,20210519,62.85,62.85,60.1,61.4,11089
PFS,20210519,19.25,19.45,19.05,19.1,729071
PGEL,20210519,308.1,329.85,307.95,323.15,155635
PGHH,20210519,13398,13489.95,13361.1,13416.7,4098
PGHL,20210519,5899,5899,5810,5837.5,7419
PGIL,20210519,199.95,199.95,190.2,197.9,4875
PHILIPCARB,20210519,229.4,235.9,223.6,225.85,3638631
PHOENIXLTD,20210519,720,732.95,716.5,724.2,170111
PIDILITIND,20210519,1893,1947.25,1885,1920.95,1351787
PIIND,20210519,2600,2610,2543.75,2571.3,1626166
PILANIINVS,20210519,1689.85,1690,1685,1689.75,3192
PILITA,20210519,13.15,13.35,12.45,12.6,153558
PIONDIST,20210519,112.4,113.25,111.7,112.95,3530
PIONEEREMB,20210519,56.4,59.5,55.1,55.8,961464
PITTIENG,20210519,68.95,71.75,68.15,69,202297
PKTEA,20210519,228.75,228.75,218,221.75,184
PLASTIBLEN,20210519,274.9,276,256.35,259,102540
PNB,20210519,36.3,36.85,35.75,36.2,154514444
PNBGILTS,20210519,60.5,62.7,60.35,61.75,1558413
PNBHOUSING,20210519,391.9,398.3,390.1,394.6,213475
PNC,20210519,40,40.85,38.7,40.3,25783
PNCINFRA,20210519,238.75,242,230,240.2,542448
PODDARHOUS,20210519,147.55,148.95,141.75,144,24192
PODDARMENT,20210519,241.95,244.8,237.25,240.5,17186
POKARNA,20210519,271.9,278.55,258.4,273.9,223135
POLYCAB,20210519,1673,1673,1635.25,1642.9,243335
POLYMED,20210519,1019.75,1030,1010,1015.55,85067
POLYPLEX,20210519,1102,1158,1101,1138.4,89092
PONNIERODE,20210519,197.4,204.6,195.1,197.9,44275
POWERGRID,20210519,234.2,238,231.4,233.75,15795589
POWERINDIA,20210519,1738.85,1738.85,1691.4,1699.6,27028
POWERMECH,20210519,600,600,582.85,586.3,15145
PPAP,20210519,201,202.65,198.5,200.1,12679
PPL,20210519,134.7,137.85,133.05,134.25,178611
PRADIP,20210519,0.9,0.95,0.9,0.95,13558
PRAENG,20210519,9.5,10.15,9.15,9.3,314152
PRAJIND,20210519,366.95,398.25,365,387.6,9319241
PRAKASH,20210519,92.35,93.6,89.25,90.2,1082107
PRAKASHSTL,20210519,1,1.1,1,1,1090536
PRAXIS,20210519,37,38.35,36.9,37.3,7826
PRECAM,20210519,45.95,55,45.9,54.7,3615754
PRECOT,20210519,156.7,156.7,156.7,156.7,15654
PRECWIRE,20210519,205,210.85,203.7,204.6,28662
PREMEXPLN,20210519,149.95,149.95,145.35,146.45,5721
PREMIER,20210519,3.15,3.15,3.15,3.15,11586
PREMIERPOL,20210519,49.3,56.8,48.7,53.7,914049
PRESSMN,20210519,25.9,26,25.4,25.5,51467
PRESTIGE,20210519,269,272.8,268.85,269.9,366914
PRICOLLTD,20210519,86.35,88.2,83.4,83.8,1719092
PRIMESECU,20210519,40.75,42.05,40.45,41.4,68943
PRINCEPIPE,20210519,635,702,633.8,696.25,2736787
PRIVISCL,20210519,1072,1087.85,1067.35,1077.9,21615
PROZONINTU,20210519,19.65,19.9,19.15,19.35,128996
PRSMJOHNSN,20210519,144,149.25,139.35,140.05,3253441
PSB,20210519,20.7,20.9,19.4,19.7,3691984
PSPPROJECT,20210519,411,411,399.05,399.9,52494
PSUBNKBEES,20210519,24.5,24.87,24.1,24.6,566341
PTC,20210519,97.6,98.2,94.85,95.1,1936002
PTL,20210519,42.5,42.5,41.3,41.75,105737
PUNJABCHEM,20210519,1164,1170,1133.6,1138.75,5694
PURVA,20210519,79.85,83,78.1,80.25,332402
PVR,20210519,1200,1212,1181.3,1201.45,729584
QGOLDHALF,20210519,2096,2096,2083,2084.85,511
QNIFTY,20210519,1558.95,1569,1523.6,1559,39
QUESS,20210519,634.05,640.2,618.05,620.25,75505
QUICKHEAL,20210519,215,226.8,214.2,222.6,1327775
RADAAN,20210519,1.1,1.1,1.05,1.05,95948
RADICO,20210519,561.6,570.5,551.3,558.75,258482
RADIOCITY,20210519,24.1,25,24.1,24.55,1426733
RAILTEL,20210519,129,135,128.3,133.2,4611751
RAIN,20210519,177.35,178.4,172.4,174.25,3725989
RAJESHEXPO,20210519,515.95,519.75,512.1,513.35,204259
RAJMET,20210519,97,98,96.75,97.8,6425
RAJRATAN,20210519,1039.95,1040.15,1013.05,1019.9,15022
RAJSREESUG,20210519,23.5,24.25,22.6,22.85,48849
RAJTV,20210519,34.9,34.95,34.35,34.6,5103
RALLIS,20210519,317.15,317.15,311.6,313.55,501976
RAMANEWS,20210519,16.2,16.45,15.75,16,77659
RAMASTEEL,20210519,77.15,78,73.6,74.6,19325
RAMCOCEM,20210519,969,989.7,955,977.95,559337
RAMCOIND,20210519,280.9,302.9,279.9,293.9,794981
RAMCOSYS,20210519,565,577,547.7,561.1,134569
RAMKY,20210519,74.9,76.5,74.25,74.85,52076
RANASUG,20210519,16.4,16.9,15.9,16.1,2164972
RANEENGINE,20210519,306.8,334,299,304.3,100771
RANEHOLDIN,20210519,598,598,581.35,584.65,18334
RATNAMANI,20210519,1940,1950,1901.2,1932.1,18019
RAYMOND,20210519,356.6,365.9,356.55,359.5,975435
RBL,20210519,900,908,887.65,897.8,13780
RBLBANK,20210519,199,201.9,196.05,199.95,10748972
RCF,20210519,82.3,83.6,80.1,80.8,4095660
RCOM,20210519,1.7,1.75,1.7,1.75,5872193
RECLTD,20210519,142.1,144.65,141,141.8,3147333
REDINGTON,20210519,187.3,189.45,183.2,185.25,196206
REFEX,20210519,135,135.8,132,132.9,122601
RELAXO,20210519,917,1035,915.2,1011.95,2137537
RELCAPITAL,20210519,11.4,11.6,11.25,11.45,2099781
RELIANCE,20210519,1980,2016.45,1972,1997.05,7530294
RELIGARE,20210519,94.7,97.1,91.45,92.8,983033
RELINFRA,20210519,52.2,54.1,51.45,51.85,7653077
REMSONSIND,20210519,165.9,166.5,156.55,159.9,8690
RENUKA,20210519,16.45,17,15.4,15.65,38754231
REPCOHOME,20210519,341.05,344.95,338.55,340.1,51835
REPL,20210519,200,201,198.15,199.95,3530
REPRO,20210519,357.45,366.05,350.6,356.75,2974
RESPONIND,20210519,157.4,168,156.5,164.6,75304
REVATHI,20210519,570.45,585.95,570.45,578.05,1308
RGL,20210519,480.25,492.85,479.9,488.05,40758
RHFL,20210519,2.7,2.7,2.6,2.6,659221
RICOAUTO,20210519,40.2,42.2,40,41.55,1136492
RIIL,20210519,397.1,413.8,397.1,401.45,422399
RITES,20210519,248.8,249.8,246.05,248.85,237258
RKDL,20210519,9,10.25,8.75,9.9,154549
RKEC,20210519,63.25,63.25,61.1,61.5,8802
RKFORGE,20210519,635,642,623.4,634.35,168480
RMCL,20210519,2.25,2.25,2.1,2.2,46314
RML,20210519,380.9,391,376.6,381.7,55608
ROHITFERRO,20210519,2.45,2.5,2.45,2.5,3080
ROHLTD,20210519,67,69.65,66.2,68.05,126982
ROLLT,20210519,3.2,3.2,2.95,2.95,106866
ROLTA,20210519,4.95,5.05,4.9,4.95,568648
ROML,20210519,91,96,90.5,96,12071
ROSSARI,20210519,1196,1204,1158,1163.45,202822
ROSSELLIND,20210519,121,124.05,119.6,121.7,110850
ROUTE,20210519,1500,1580,1497.5,1513.05,654056
RPGLIFE,20210519,439.9,442.8,432.55,433.9,20562
RPOWER,20210519,7,7.2,6.85,7,100621785
RPPINFRA,20210519,61.5,74.2,61.5,68.95,871672
RPSGVENT,20210519,391.85,404.65,391.2,395.65,84078
RSSOFTWARE,20210519,29,29.45,28.1,28.55,48439
RSWM,20210519,241.5,246.25,233,237.85,90613
RSYSTEMS,20210519,132,147,131.55,140.35,361530
RTNINDIA,20210519,16.3,16.3,16.3,16.3,220199
RTNPOWER,20210519,3.1,3.15,3.05,3.05,5595556
RUBYMILLS,20210519,197.1,204.45,193.1,199.25,29705
RUCHI,20210519,818.1,850,810,844.75,135717
RUCHINFRA,20210519,7.55,7.55,7.35,7.55,288285
RUCHIRA,20210519,63.95,68,63.95,66.2,168365
RUPA,20210519,311,345,308.15,315.3,950725
RUSHIL,20210519,249,254.5,247.95,254.5,163645
RVHL,20210519,16.95,17.5,16.85,17,49005
RVNL,20210519,29.25,30.1,29.25,29.6,4263034
S&SPOWER,20210519,20.65,20.7,19.5,19.55,2219
SABEVENTS,20210519,1.6,1.6,1.6,1.6,3979
SABTN,20210519,1.75,1.75,1.7,1.7,480
SADBHAV,20210519,65.6,67,65.3,66.25,396653
SADBHIN,20210519,21.3,22,21.15,21.3,442221
SAFARI,20210519,585.95,595,567,578.95,52002
SAGARDEEP,20210519,49.5,49.95,47.3,48.95,47305
SAGCEM,20210519,820,910,812,888.6,218908
SAIL,20210519,130.6,132.5,127.6,128.6,38298939
SAKAR,20210519,143.2,145.45,138.1,141.4,21850
SAKHTISUG,20210519,13.6,13.9,13.05,13.25,1501720
SAKSOFT,20210519,498.65,499.4,491.35,497.05,21290
SAKUMA,20210519,6.1,6.2,6,6,402193
SALASAR,20210519,537,537,522.1,528.9,55515
SALONA,20210519,110.85,115,110.85,114.1,4109
SALSTEEL,20210519,4.8,4.8,4.5,4.6,56884
SALZERELEC,20210519,130.1,134,129.1,130.35,76730
SAMBHAAV,20210519,2.75,2.75,2.65,2.65,72175
SANCO,20210519,8.7,8.7,8.4,8.5,24100
SANDESH,20210519,760,760,740,750.4,1909
SANDHAR,20210519,212,215,210,214.55,33927
SANGAMIND,20210519,99.55,104.5,97.8,104.5,81955
SANGHIIND,20210519,49.5,50.45,48.5,48.7,1996131
SANGHVIMOV,20210519,164,174.4,163.1,166.7,277155
SANGINITA,20210519,22.65,24,22.65,23.3,17771
SANOFI,20210519,7806.2,7829.95,7749.7,7789.4,13428
SARDAEN,20210519,531.9,542,518.75,521.5,134149
SAREGAMA,20210519,2384,2444.8,2306.75,2335.45,51505
SARLAPOLY,20210519,34.45,37.45,34.3,36.75,1822640
SASKEN,20210519,950,968.75,935.9,944.55,17958
SASTASUNDR,20210519,193.8,200.7,192.45,200.7,78784
SATIA,20210519,83.8,84.95,82.5,82.95,53877
SATIN,20210519,84.3,85.35,84.1,84.85,109722
SBICARD,20210519,995.3,1018,993,1011.85,2265642
SBIETFIT,20210519,262,265.73,260.51,261.95,2096
SBIETFPB,20210519,180.5,182.4,177.15,179,614
SBIETFQLTY,20210519,129.9,130,129.45,129.87,2376
SBILIFE,20210519,968.45,979.9,963,978.05,1101773
SBIN,20210519,382,389.5,381.2,384.4,48189573
SCAPDVR,20210519,2.25,2.35,2.2,2.35,76539
SCHAEFFLER,20210519,5000.5,5129.9,5000.5,5086,8088
SCHAND,20210519,92.3,97.3,92.15,95.85,160257
SCHNEIDER,20210519,106.5,109.7,106,106.9,1072663
SCI,20210519,112,113,110.15,110.75,2680689
SDBL,20210519,39.2,45.3,39.2,44.15,3175347
SEAMECLTD,20210519,406.9,406.9,393,394.1,9514
SECURKLOUD,20210519,82.5,84.7,82,82.25,17524
SELAN,20210519,143.7,145.5,138.2,140.2,129072
SEPOWER,20210519,5.55,5.65,5.2,5.65,36199
SEQUENT,20210519,275.25,280.6,274.1,274.85,452714
SESHAPAPER,20210519,155,157,154.95,156.5,16279
SETCO,20210519,17.9,18.4,17.7,18.4,106977
SETF10GILT,20210519,205.3,206.49,205.3,206.49,3
SETFGOLD,20210519,4307.85,4316.5,4295.05,4300.8,12732
SETFNIF50,20210519,152.33,152.84,151.79,152.04,180990
SETFNIFBK,20210519,336,338,334.7,335.26,26888
SETFNN50,20210519,381.99,383.95,376,380.94,5362
SETUINFRA,20210519,0.9,0.9,0.9,0.9,421320
SEYAIND,20210519,55.2,56.25,54.95,55.9,17027
SFHL-RE,20210519,13.3,14.25,13.25,13.7,221314
SFL,20210519,2029.9,2030,2010.3,2024.7,11332
SGL,20210519,9.75,11.35,9.4,10.9,511706
SHAKTIPUMP,20210519,582,651.9,572.6,620.7,1034240
SHALBY,20210519,158,159.5,151.4,153.85,526652
SHALPAINTS,20210519,93,104.8,92.5,101.5,2853333
SHANKARA,20210519,384.8,392.6,381.3,385,53858
SHANTIGEAR,20210519,143.4,154.4,143.4,149.85,152230
SHARDACROP,20210519,346.65,352.4,342.55,346.05,180769
SHARDAMOTR,20210519,373.95,404.4,373.2,388.4,82296
SHAREINDIA,20210519,440,483,435.05,471.35,103516
SHARIABEES,20210519,369.25,378,362.38,371.43,263
SHEMAROO,20210519,103,104.8,96.6,98.9,264310
SHIL,20210519,341.8,341.8,316.15,325.1,324756
SHILPAMED,20210519,547,555.35,522.15,543.9,2633472
SHIVAMAUTO,20210519,20.75,21.2,20.5,21.15,269065
SHIVAMILLS,20210519,61.7,61.95,57.5,60.25,68485
SHIVATEX,20210519,187.95,192.45,178.55,182.25,16631
SHK,20210519,148,150,146.5,147.55,171200
SHOPERSTOP,20210519,204.7,214.2,204,209.35,313492
SHRADHA,20210519,49.05,49.05,44.55,46.65,2890
SHREDIGCEM,20210519,78,78.85,75.5,76.05,675864
SHREECEM,20210519,27321.1,28244.45,27321.1,27532.7,61909
SHREEPUSHK,20210519,168.25,175.8,168.25,173.3,54163
SHREERAMA,20210519,12.8,13.25,12.7,13,110965
SHRENIK,20210519,2.15,2.2,2.15,2.2,1869017
SHREYANIND,20210519,92.15,94,91.25,93.35,27387
SHREYAS,20210519,110.45,116.7,110.25,110.95,164677
SHRIPISTON,20210519,770,780.9,751.2,778.95,239
SHRIRAMCIT,20210519,1660,1778.85,1648.9,1726.25,199145
SHRIRAMEPC,20210519,5.55,5.85,5.2,5.65,2253893
SHYAMCENT,20210519,8.45,9,8.3,8.9,416568
SICAGEN,20210519,20.2,20.2,19.65,19.75,19884
SICAL,20210519,11.95,12.7,11.6,12.7,1270450
SIEMENS,20210519,2035,2055,2017.35,2031.35,216302
SIGIND,20210519,37.9,38.55,37.1,37.8,47326
SIL,20210519,17.05,17.7,16.3,17.1,50650
SILGO,20210519,44.65,44.8,42.6,44.4,15006
SILINV,20210519,234,237.75,228.25,234.3,2953
SILLYMONKS,20210519,20,20.45,20,20.4,203
SIMBHALS,20210519,14.8,14.8,14.8,14.8,13034
SIMPLEXINF,20210519,31,31.55,30.05,31.15,121501
SINTERCOM,20210519,80.5,80.5,76.85,78.75,1722
SINTEX,20210519,3.75,3.8,3.7,3.7,1072400
SIRCA,20210519,347.9,347.9,335,338.25,15089
SIS,20210519,397.8,404.8,394.1,396.7,990524
SITINET,20210519,1.15,1.15,1.05,1.15,20612301
SIYSIL,20210519,221.05,225.3,219.05,224.5,267829
SJVN,20210519,26.7,27.2,26.7,26.8,1798706
SKFINDIA,20210519,2350,2417,2344.9,2365.3,150269
SKIL,20210519,2.75,2.75,2.6,2.65,29867
SKIPPER,20210519,57.9,59.8,57.2,58.8,123979
SKMEGGPROD,20210519,66.9,67.8,64,64.3,253010
SMARTLINK,20210519,93.6,93.6,90.05,92.25,14865
SMCGLOBAL,20210519,73.95,75.35,72,72.25,603155
SMLISUZU,20210519,455,462.45,435.15,447.3,196922
SMSLIFE,20210519,610.3,628.7,609,611.9,2542
SMSPHARMA,20210519,152.2,155.15,149.95,150.85,101999
SNOWMAN,20210519,53.7,55.4,53.25,53.45,6959738
SOBHA,20210519,451.4,458.8,445.6,454.95,292618
SOLARA,20210519,1750,1859.95,1749.95,1810.95,272880
SOLARINDS,20210519,1245,1265,1226.05,1258.6,16149
SOMANYCERA,20210519,439,440.65,432.2,434.55,20890
SOMATEX,20210519,6.2,6.45,5.95,6.4,30329
SOMICONVEY,20210519,51.8,52.5,51.25,52.5,9101
SONATSOFTW,20210519,580.85,595,579,591.25,117216
SORILINFRA,20210519,133,136.9,127.4,128.25,74073
SOTL,20210519,1060,1133.35,1057.95,1102.2,415440
SOUTHBANK,20210519,10.65,11,10.5,10.85,22349649
SOUTHWEST,20210519,36.65,39,36.15,38,157276
SPAL,20210519,199,204,198.4,201.3,53710
SPANDANA,20210519,594,594,565.55,569.85,57986
SPARC,20210519,222.4,229.7,220.1,226.35,1756550
SPECIALITY,20210519,42.9,45,42.6,43.75,168785
SPENCERS,20210519,72.15,74.1,71.1,73.6,450046
SPIC,20210519,43.25,47.5,42.8,46.45,6344230
SPICEJET,20210519,75.7,78.45,74.3,75,9981242
SPLIL,20210519,39,41.75,39,40.8,48071
SPMLINFRA,20210519,12.7,12.8,11.65,11.75,216719
SPTL,20210519,4,4.1,3.8,4,2824809
SREEL,20210519,145.8,151.35,144.1,146.3,13299
SREINFRA,20210519,7,7.1,6.9,6.95,690443
SRF,20210519,6444,6482.65,6400.05,6413.95,68745
SRHHYPOLTD,20210519,316,316,301.85,303.7,25678
SRIPIPES,20210519,193.45,199.05,191.6,194.65,83965
SRPL,20210519,29.1,31,29.1,30.7,138
SRTRANSFIN,20210519,1438,1459.8,1405,1411.35,1380208
SSWL,20210519,745,779,742.35,776.4,73948
STAR,20210519,801.95,827.6,798,800.45,660418
STARCEMENT,20210519,106,109,105,106.35,761568
STARPAPER,20210519,124.05,126,123,123.65,62108
STCINDIA,20210519,90.6,91.2,87.5,88.6,54903
STEELCITY,20210519,39.8,40.15,39,39.3,11548
STEELXIND,20210519,65.65,67.55,64.55,66.05,171975
STEL,20210519,84.4,84.4,81.25,83.05,34079
STERTOOLS,20210519,188.7,188.7,187,188.05,12603
STLTECH,20210519,240.9,244.7,234.3,236.5,512440
STOVEKRAFT,20210519,519,612.75,511.75,581.35,2129826
SUBCAPCITY,20210519,18.7,18.7,18.55,18.7,1752
SUBEXLTD,20210519,59,61.2,58.1,59.4,10062490
SUBROS,20210519,316.95,319.8,309,315.55,29943
SUDARSCHEM,20210519,667.85,673.8,658,660.75,105117
SUMEETINDS,20210519,5.1,5.1,4.7,4.85,71166
SUMICHEM,20210519,316.8,318,313.7,315.3,293647
SUMIT,20210519,10.9,12.75,10.5,12.75,651634
SUMMITSEC,20210519,570.05,574,565.8,573.05,1698
SUNCLAYLTD,20210519,3075,3119.15,3069.95,3081.6,24739
SUNDARAM,20210519,1.45,1.45,1.4,1.4,2029750
SUNDARMFIN,20210519,2415.3,2443.3,2414.05,2421.75,3146
SUNDARMHLD,20210519,68,69.95,67.55,69.1,219328
SUNDRMBRAK,20210519,345.25,359,345.25,354.4,2243
SUNDRMFAST,20210519,751,772,745,748.75,75095
SUNFLAG,20210519,83.2,85.35,82.55,83.15,1008496
SUNPHARMA,20210519,694.3,706.75,690.8,703.4,7745431
SUNTECK,20210519,255.1,262.1,255.1,259.35,528388
SUNTV,20210519,522.9,535,520.05,532.7,1824560
SUPERHOUSE,20210519,125.3,131.85,124.7,127.6,66162
SUPERSPIN,20210519,5.95,6.25,5.9,6,80627
SUPPETRO,20210519,672,702.6,668.4,696.45,314778
SUPRAJIT,20210519,262.2,269.85,261.15,265.15,169137
SUPREMEENG,20210519,28,28,25.8,26.3,9108
SUPREMEIND,20210519,2289,2339.95,2230.05,2241.9,163785
SURANASOL,20210519,9.8,9.8,9.45,9.7,42327
SURANAT&P,20210519,4.45,4.55,4.3,4.5,93303
SURYALAXMI,20210519,47.9,47.9,44,47.85,260842
SURYAROSNI,20210519,433,465.65,432.2,454.35,377721
SURYODAY,20210519,240,241.8,238.1,238.85,49810
SUTLEJTEX,20210519,47.45,49.15,46.9,47.85,279246
SUULD,20210519,315,316.75,313.5,315.4,25661
SUVEN,20210519,94.5,99.5,94,98.15,645666
SUVENPHAR,20210519,538,538.2,517.8,524.45,277604
SUVIDHAA,20210519,20.6,21.05,19.75,20.95,367344
SUZLON,20210519,5.55,5.7,5.5,5.6,11412731
SWANENERGY,20210519,134.7,139,132.1,134.25,210432
SWARAJENG,20210519,1574.95,1586.8,1547,1553.7,8025
SWELECTES,20210519,214.6,218.35,213.65,216.8,13386
SWSOLAR,20210519,249,255,247.7,251.2,1341983
SYMPHONY,20210519,1084,1084,1065.65,1074.05,66978
SYNGENE,20210519,585.8,593.9,582.5,585.3,211079
TAINWALCHM,20210519,76.45,76.5,73.65,73.95,11104
TAJGVK,20210519,125.2,131.35,123.35,130.05,794787
TAKE,20210519,61.1,71.7,60.95,68.45,33364636
TALBROAUTO,20210519,207.8,214.35,204.5,212.85,68900
TANLA,20210519,899,900,882,891,164066
TARAPUR,20210519,4.8,4.8,4.8,4.8,1824
TARC,20210519,26.65,28.8,26.6,27.65,637081
TARMAT,20210519,49.55,53,49.1,51,10845
TASTYBITE,20210519,15774.65,15800,15515,15649.75,990
TATACHEM,20210519,714.9,723.9,709.7,712.4,2638010
TATACOFFEE,20210519,163,180,163,177.8,23373637
TATACOMM,20210519,1066.05,1094.5,1055,1058.25,621040
TATACONSUM,20210519,652,661,650.7,653.2,3202046
TATAELXSI,20210519,3665,3732,3618.25,3654.2,168037
TATAINVEST,20210519,1078,1078,1065.3,1067.2,18485
TATAMETALI,20210519,1104,1132.9,1082.2,1102.6,244130
TATAMOTORS,20210519,313,322.95,312.1,314.45,119407026
TATAMTRDVR,20210519,145,151.9,144.55,149.3,11455453
TATAPOWER,20210519,105.05,107,103.9,104.25,31394002
TATASTEEL,20210519,1173,1189.55,1158,1164.25,17435026
TATASTLBSL,20210519,103,103.8,100.15,100.85,7683163
TATASTLLP,20210519,990,993.55,950,961.3,88283
TBZ,20210519,71.95,72.3,69.55,70.3,164981
TCI,20210519,301,310,292,295.45,108720
TCIDEVELOP,20210519,311.15,322.9,304.95,311.3,973
TCIEXP,20210519,1090,1110,1052.25,1083.6,305125
TCIFINANCE,20210519,5.45,5.7,5.45,5.7,2674
TCNSBRANDS,20210519,525,557.65,518,526.45,394897
TCPLPACK,20210519,465.95,498.1,464,469.8,6964
TCS,20210519,3084,3118,3067.1,3082,1986041
TDPOWERSYS,20210519,231.9,234,218,220.4,105937
TEAMLEASE,20210519,3325,3415.45,3261.25,3282.7,8987
TECHIN,20210519,4.9,4.9,4.9,4.9,1444
TECHM,20210519,969,986.3,962.6,977.65,2152740
TECHNOE,20210519,314,320,309.95,317.85,29413
TEJASNET,20210519,178.7,183.3,177.65,179.65,239549
TEMBO,20210519,138.5,142.95,138.5,142.4,248791
TERASOFT,20210519,42,45.2,41.2,44.65,161370
TEXINFRA,20210519,70.9,72.15,70.2,70.55,194845
TEXMOPIPES,20210519,30.7,36.5,30.4,36.3,2838866
TEXRAIL,20210519,28.6,29,28,28.2,607939
TFCILTD,20210519,65.4,65.4,63.1,63.75,356734
TFL,20210519,2.9,2.9,2.9,2.9,1280
TGBHOTELS,20210519,5.8,6,5.6,5.75,30302
THANGAMAYL,20210519,655,655.95,627,635.25,10274
THEINVEST,20210519,96,104.7,94.1,101.4,35011
THEMISMED,20210519,483.8,498.75,475.55,493.15,35759
THERMAX,20210519,1438,1450.9,1405.55,1420.4,19596
THOMASCOOK,20210519,52.6,52.6,52.6,52.6,336267
THYROCARE,20210519,1027,1040.85,1023.65,1027.65,91992
TI,20210519,41.5,43.75,40.65,43.45,1365068
TIDEWATER,20210519,5097,5278.4,5093.15,5176,9503
TIIL,20210519,430,430,393.45,403.7,74039
TIINDIA,20210519,1180,1207.3,1172,1199.6,45822
TIJARIA,20210519,7.05,7.1,6.65,6.85,32195
TIL,20210519,213.5,217.75,209.05,210.35,15078
TIMESGTY,20210519,45.15,47.4,43.85,46.5,17602
TIMETECHNO,20210519,81.8,83.5,80.35,80.8,585755
TIMKEN,20210519,1288,1295,1277.1,1281.55,13927
TINPLATE,20210519,215.05,218.45,212.95,214.45,950818
TIPSINDLTD,20210519,933.45,933.45,933.45,933.45,632
TIRUMALCHM,20210519,117.5,125.4,113.45,121.85,6379219
TITAN,20210519,1522.25,1553.9,1516.8,1521.15,1504440
TMRVL,20210519,12.25,12.25,11.75,12.1,85755
TNPETRO,20210519,93.45,96.5,90.1,92.3,2984230
TNPL,20210519,139.5,140,138.05,139.45,88610
TNTELE,20210519,5.4,5.55,5.05,5.2,50949
TOKYOPLAST,20210519,77.85,81.7,75.4,76.8,63407
TORNTPHARM,20210519,2686,2892,2671.5,2754.4,2389450
TORNTPOWER,20210519,439.75,444.25,430,435.4,1121662
TOTAL,20210519,44.25,44.5,42.75,43.95,9382
TOUCHWOOD,20210519,76.8,78.25,74.25,78.25,8328
TPLPLASTEH,20210519,228,243,228,238.6,36065
TREEHOUSE,20210519,8.25,8.25,7.9,8,7440
TREJHARA,20210519,36.9,39.8,36.45,39.3,58825
TRENT,20210519,835,855,812.05,819.45,1855576
TRF,20210519,98.95,99.95,98,98.8,14883
TRIDENT,20210519,17.2,17.55,16.45,16.8,34828076
TRIGYN,20210519,88.5,88.5,83.6,84,161100
TRIL,20210519,22.8,23.5,22.75,23,340842
TRITURBINE,20210519,97.95,101.7,97.4,100.6,291253
TRIVENI,20210519,150,157.7,147.15,149.15,1988150
TTKHLTCARE,20210519,576,595,576,583.3,11407
TTKPRESTIG,20210519,7125,7125,7049.95,7087.8,6306
TTL,20210519,52.4,55.5,52.35,53.1,54333
TTML,20210519,12.85,12.9,12.6,12.7,2155414
TV18BRDCST,20210519,36.45,40.7,36.05,40.2,33030583
TVSELECT,20210519,144.6,148.4,141.1,144.4,147308
TVSMOTOR,20210519,638,650,633.2,637.7,2664926
TVSSRICHAK,20210519,1886.6,1943.45,1886,1918.55,21935
TVTODAY,20210519,289,290,286.25,288.4,38721
TVVISION,20210519,2.65,2.65,2.65,2.65,100
TWL,20210519,48.7,49.7,48.2,48.3,287812
UBL,20210519,1255,1288,1250,1283.2,441921
UCALFUEL,20210519,158,165,157,159.9,133130
UCOBANK,20210519,12.65,12.9,12.45,12.6,9283811
UFLEX,20210519,429.9,437.5,426,429.65,161606
UFO,20210519,75.85,77.8,74.5,75.7,141185
UGARSUGAR,20210519,33,33.45,32.2,32.4,644193
UJAAS,20210519,2.65,2.7,2.65,2.65,2719325
UJJIVAN,20210519,207,211.9,206.7,209.3,1041525
UJJIVANSFB,20210519,30,30,28.7,29.6,7871487
ULTRACEMCO,20210519,6630,6755,6520.05,6561.2,475946
UMANGDAIRY,20210519,76,78.5,75.15,76.9,394985
UMESLTD,20210519,3.1,3.1,3,3.1,20480
UNICHEMLAB,20210519,331.05,336.7,327,332.2,36084
UNIDT,20210519,290.95,297.3,288,289.15,3204
UNIENTER,20210519,100,103.55,99,100,22264
UNIONBANK,20210519,36.95,37.3,36.55,36.65,9419693
UNITEDTEA,20210519,326.25,329.5,321,325.6,865
UNIVASTU,20210519,41.3,42.9,41,42.55,43631
UNIVCABLES,20210519,160.8,179.3,159,175.95,1439166
UNIVPHOTO,20210519,188.75,194,186.25,188.6,6719
UPL,20210519,773,805.3,765.55,782.15,17761845
URJA,20210519,6.75,6.9,6.7,6.75,2001964
USHAMART,20210519,55.4,57.9,54.5,55.6,8192423
UTIAMC,20210519,769.7,775.7,752.1,767.2,195193
UTIBANKETF,20210519,33.28,34.05,33.28,33.75,6903
UTINEXT50,20210519,37.97,38.48,36.67,38.13,26068
UTINIFTETF,20210519,1576,1581.7,1551.64,1572.67,1877
UTISENSETF,20210519,522,525,517,518.69,486
UTISXN50,20210519,49.5,49.5,40.02,42.5,11448
UTTAMSTL,20210519,8.6,8.7,8.25,8.55,442640
UTTAMSUGAR,20210519,154.05,162.4,152.1,154.6,463832
V2RETAIL,20210519,111,111.5,107,107.7,43819
VADILALIND,20210519,994,1001.3,980.05,991.85,18438
VAIBHAVGBL,20210519,864.25,874.05,846,855.4,142226
VAISHALI,20210519,37.15,38.2,37.15,37.75,40179
VAKRANGEE,20210519,51.95,51.95,50.3,50.55,1657110
VALIANTORG,20210519,1765,1765,1715,1723.45,28753
VARDHACRLC,20210519,43,43.35,41.1,41.9,103718
VARDMNPOLY,20210519,19.2,19.2,18.25,18.5,27976
VARROC,20210519,393.25,396,385.7,388.2,296333
VASCONEQ,20210519,16.75,17.2,16.3,16.6,856213
VASWANI,20210519,13.55,13.95,13.45,13.5,52058
VBL,20210519,981,1009,981,1003.75,293765
VEDL,20210519,285.75,287.5,280.7,282.7,12079521
VENKEYS,20210519,2360,2444,2360,2372.9,206666
VENUSREM,20210519,308.8,314,302.5,307.75,24685
VERTOZ,20210519,241.85,247,239.35,240.5,240885
VESUVIUS,20210519,1035,1039.5,1015.45,1022.1,3067
VETO,20210519,131.7,131.7,126.5,126.9,26113
VGUARD,20210519,226.95,236.5,224.3,233.8,1869495
VHL,20210519,2039.1,2050,2002.65,2008.15,823
VICEROY,20210519,2.8,2.8,2.7,2.75,52012
VIDHIING,20210519,206.8,210.15,204.45,205.25,75171
VIJIFIN,20210519,0.95,0.95,0.95,0.95,108016
VIKASECO,20210519,2.2,2.3,2.2,2.25,6976121
VIKASLIFE,20210519,3.25,3.45,3.15,3.45,9472739
VIKASPROP,20210519,2.25,2.3,2.1,2.2,3483780
VIKASWSP,20210519,5.75,5.9,5.75,5.8,243485
VIMTALABS,20210519,231.35,233.6,217,223.1,171973
VINATIORGA,20210519,1814.85,1859,1791.55,1812.6,234052
VINDHYATEL,20210519,980.7,1109,961.75,1087.4,523266
VINYLINDIA,20210519,147.65,151.05,147.05,147.5,82478
VIPCLOTHNG,20210519,14.7,14.7,14.1,14.15,186546
VIPIND,20210519,341.5,367.5,341,358.7,2788372
VIPULLTD,20210519,27,29.25,27,29.25,18496
VISAKAIND,20210519,649,666,643.85,660.35,157942
VISASTEEL,20210519,9.2,10,9.2,9.2,134597
VISHAL,20210519,44.4,45.05,43.25,45.05,116038
VISHNU,20210519,363.95,363.95,343,352.35,91563
VISHWARAJ,20210519,138.95,141.2,131.9,133.45,315917
VIVIDHA,20210519,0.75,0.8,0.7,0.8,2455729
VIVIMEDLAB,20210519,28.5,29.5,28.4,28.55,845391
VLSFINANCE,20210519,99.05,117.2,97.2,117.2,1152344
VMART,20210519,2611,2720.25,2611,2654.1,30437
VOLTAMP,20210519,1189.95,1195,1174,1180.95,14098
VOLTAS,20210519,1009,1033.9,1008.45,1020,3546439
VRLLOG,20210519,255,255,242.65,246.05,539102
VSSL,20210519,205.05,205.6,201,202.6,91272
VSTIND,20210519,3219.35,3249.95,3204.55,3225.75,3702
VSTTILLERS,20210519,1859.95,1868.45,1811.05,1817.75,14024
VTL,20210519,1320.1,1346.7,1291,1296.85,20390
WABAG,20210519,275.7,280,264.75,267.15,558371
WABCOINDIA,20210519,7057.2,7098.75,6801.2,6885.05,11003
WALCHANNAG,20210519,71.25,74.45,70.1,71.2,684267
WANBURY,20210519,107.35,111,106.05,106.9,38447
WATERBASE,20210519,121,123.6,118.65,119.8,272594
WEALTH,20210519,119,119,118,118.05,2610
WEBELSOLAR,20210519,44,45,43.65,44.6,174727
WEIZMANIND,20210519,55.5,55.5,53,54.5,19636
WELCORP,20210519,142,146,142,143.3,1070033
WELENT,20210519,111,113.9,110.65,111.75,144510
WELINV,20210519,385,409.95,385,393,3211
WELSPUNIND,20210519,97.45,98,95.6,95.8,2109331
WENDT,20210519,3371.65,3405,3320,3333.05,1853
WESTLIFE,20210519,462.9,471.75,458.75,464.9,212238
WHEELS,20210519,490,491,476.4,483.2,14127
WHIRLPOOL,20210519,2091.15,2113.5,2084.55,2097.2,51302
WILLAMAGOR,20210519,17.3,17.5,17.1,17.2,5989
WINDMACHIN,20210519,35,35.4,32.25,32.65,242092
WIPL,20210519,60,60,59.95,59.95,73
WIPRO,20210519,508.3,517.8,505.15,511.65,7490396
WOCKPHARMA,20210519,629.4,691.25,625.15,678,8211285
WONDERLA,20210519,195.5,196.85,192.05,193.3,23789
WORTH,20210519,64,64,61.5,63,12922
WSI,20210519,5.55,5.55,5.2,5.2,2326
WSTCSTPAPR,20210519,198.5,201.5,196.9,197.7,153278
XCHANGING,20210519,69.5,70.3,67.9,68.55,120469
XELPMOC,20210519,301.6,303,295.8,298.05,20195
XPROINDIA,20210519,123,127,116.35,120.95,21026
YAARII,20210519,104.3,104.3,97.7,101.05,1309201
YESBANK,20210519,13.35,13.4,13.2,13.3,87038860
ZEEL,20210519,191.8,195.75,190.75,192.65,17744630
ZEELEARN,20210519,11.4,11.55,11.3,11.4,568273
ZEEMEDIA,20210519,9.65,9.8,9.45,9.8,1976552
ZENITHEXPO,20210519,66.8,80.55,66.8,80.55,20344
ZENSARTECH,20210519,289,289,280.95,282.15,113392
ZENTEC,20210519,72.15,72.4,71.8,72.1,116357
ZODIACLOTH,20210519,96.6,101.7,95.4,98.55,113853
ZODJRDMKJ,20210519,28.15,28.15,27.15,28.05,1085
ZOTA,20210519,151.05,153.65,150.2,151.3,9076
ZUARI,20210519,98.1,99.9,97.45,97.8,223440
ZUARIGLOB,20210519,93.1,94.85,93.05,93.25,85439
ZYDUSWELL,20210519,2126.9,2128.8,2091.3,2111.75,32117
NSENIFTY,20210519,15058.60,15133.40,15008.85,15030.15,563293717,0
NIFTYJUNIOR,20210519,36815.60,37041.85,36717.60,36967.30,386843035,0
NIFTYMIDCAPLIQ15,20210519,6045.20,6103.60,6035.25,6071.10,140178339,0
NSE100,20210519,15288.00,15366.20,15250.20,15272.55,950136752,0
NIFTY200,20210519,7952.15,7992.10,7932.80,7944.25,1680870963,0
NSE500,20210519,12816.55,12882.50,12791.15,12809.00,2394147136,0
NSEMIDCAP150,20210519,9496.85,9547.40,9480.20,9495.00,802693329,0
MIDCAP50,20210519,7042.50,7094.90,7027.00,7046.60,660466468,0
NSEMIDCAP,20210519,25255.30,25376.05,25178.45,25232.80,730734211,0
NSESMLCAP100,20210519,9020.55,9064.80,9013.20,9052.35,-,0
NIFTYLARGEMIDCAP250,20210519,-,-,-,8282.61,1752830081,0
NIFTYAUTO,20210519,10231.85,10303.00,10179.45,10249.10,183713092,0
BANKNIFTY,20210519,33717.10,33959.30,33608.25,33685.20,310365750,0
NIFTYFINSERVICE,20210519,16067.85,16168.90,15954.60,15981.45,119644664,0
NIFTYFMGC,20210519,34704.20,34844.55,34635.15,34729.70,41697743,0
NSEIT,20210519,25949.55,26262.70,25869.65,25982.80,25688917,0
NIFTYMEDIA,20210519,1626.00,1660.95,1619.60,1655.20,65495825,0
NIFTYMETAL,20210519,5279.45,5318.90,5218.65,5245.95,202889383,0
NIFTYPHARMA,20210519,13859.60,14039.10,13839.20,14001.35,30992965,0
NIFTYPVTBANK,20210519,17877.55,17982.40,17809.25,17847.85,193338589,0
NIFTYPSUBANK,20210519,2242.60,2285.60,2236.60,2254.00,473922171,0
NIFTYREALTY,20210519,308.25,314.65,308.25,313.80,19276165,0
NIFTYCOMMODITIES,20210519,5043.25,5078.45,5019.75,5040.95,332147426,0
NIFTYCONSUMPTION,20210519,6063.90,6081.90,6048.10,6056.55,101053395,0
NIFTYCPSE,20210519,1994.50,2008.55,1986.55,2003.20,163204219,0
NIFTYENERGY,20210519,19248.50,19353.15,19164.50,19308.10,193973265,0
NIFTY100ESG,20210519,-,-,-,3018.85,612071535,0
NIFTY100ENHESG,20210519,-,-,-,3033.61,563580250,0
NIFTYINFRA,20210519,4196.10,4218.35,4182.55,4191.05,300099388,0
NIFTYMNC,20210519,16621.85,16717.10,16608.05,16659.75,156352476,0
NIFTYPSE,20210519,3490.80,3509.40,3469.00,3500.70,417274957,0
NIFTYSMEEMERGE,20210519,-,-,-,2173.31,787300,0
NIFTYSERVSECTOR,20210519,20949.85,21061.90,20822.30,20850.65,227205927,0
NIFTYSHARIAH25,20210519,-,-,-,5756.77,110081147,0
NIFTY50SHARIAH,20210519,-,-,-,3594.55,98170771,0
NIFTY500SHARIAH,20210519,-,-,-,4494.65,498691085,0
NIFTYABGROUP,20210519,-,-,-,4787.05,112845607,0
NIFTYMAHINDRA,20210519,-,-,-,12613.21,13066315,0
NIFTYTATA,20210519,-,-,-,10605.44,232102163,0
NIFTYTATA25CAP,20210519,-,-,-,8210.79,191254691,0
NIFTYABGROUP,20210519,-,-,-,4787.05,112845607,0
NIFTYLIQ15,20210519,3824.90,3853.85,3816.25,3823.65,202199041,0
NIFTY500VALUE50,20210519,-,-,-,5295.06,943287879,0
NIFTYQUALLOWVOL30,20210519,-,-,-,10884.43,102368367,0
NIFTYALPHAQUALLOWVOL30,20210519,-,-,-,12594.63,108193928,0
NIFTYALPHAQUALVALLOWVOL30,20210519,-,-,-,9558.50,119704166,0
NIFTY50EQUALWEIGHT,20210519,17043.90,17150.40,17016.80,17059.65,563293717,0
NIFTY100EQUALWEIGHT,20210519,18048.65,18163.05,18031.85,18105.00,950136752,0
NIFTY100LOWVOL30,20210519,11693.20,11765.15,11686.90,11752.20,211918144,0
NSEDEFTY,20210519,-,-,-,7116.99,-,0
NIFTY50DIVPOINT,20210519,6.67,6.67,6.67,6.67,-,0
NIFTYDIVOPPS50,20210519,3171.55,3187.75,3163.45,3168.25,328033993,0
NIFTYALPHA50,20210519,25617.00,25766.50,25462.20,25588.35,399360484,0
NIFTY50ARBITRAGE,20210519,-,-,-,1957.07,-,0
NIFTY50FUTINDEX,20210519,-,-,-,4914.80,-,0
NIFTY50FUTTRINDEX,20210519,-,-,-,15628.85,-,0
NIFTYHIGHBETA50,20210519,-,-,-,1884.31,836704162,0
NIFTYLOWVOL50,20210519,-,-,-,14421.74,232463531,0
NIFTY50VALUE20,20210519,7644.55,7695.30,7630.25,7640.90,182275347,0
NIFTYGROWSECT15,20210519,7370.70,7389.75,7359.20,7383.10,51549513,0
NIFTY50TR2XLEV,20210519,9149.10,9239.95,9089.40,9114.45,-,0
NIFTY50PR2XLEV,20210519,6848.80,6916.80,6804.10,6822.85,-,0
NIFTY50TR1XINV,20210519,252.05,252.90,250.85,252.55,-,0
NIFTY50PR1XINV,20210519,291.20,292.15,289.80,291.75,-,0
NIFTY-GS-COMPSITE,20210519,2311.53,2312.21,2310.90,2311.15,-,0
NIFTY-GS-4-8YR,20210519,2419.42,2420.00,2418.96,2419.13,-,0
NIFTY-GS-8-13YR,20210519,2265.50,2266.25,2265.28,2265.72,-,0
NIFTY-GS-10YR,20210519,2060.49,2061.99,2059.56,2060.33,-,0
NIFTY-GS-10YR-CLN,20210519,959.28,959.99,958.83,959.20,-,0
NIFTY-GS-11-15YR,20210519,2429.00,2429.61,2427.87,2428.29,-,0
NIFTY-GS-15YRPLUS,20210519,2644.69,2648.20,2644.27,2650.13,-,0
VIX,20210519,19.24,19.57,17.23,19.32,0,0
